# swapstamp frames 1500 skip 300 peer 519
# f t_ms gap_us swap_us crend_us cswap_us clr_us nclr vcs_r ivcs_r vcs_s ivcs_s minf majf cpu0 cpu1 pticks pcpu pstate ctr
0 0 27825 1440 27851 1438 11043 1 0 0 0 0 0 0 1 1 0 0 R 0
1 29 27714 579 27716 556 6728 1 0 0 0 0 0 0 1 1 1 0 R 0
2 49 19977 756 20002 741 4275 1 0 0 0 0 0 0 1 1 2 0 R 0
3 70 20278 1096 20385 992 4153 1 0 0 0 0 0 0 1 1 1 0 R 0
4 97 25937 1097 25955 1076 3744 1 0 0 0 0 0 0 1 1 1 0 R 0
5 125 26861 779 26880 856 6045 1 0 0 0 0 0 0 1 1 1 0 R 0
6 151 25144 609 25059 588 7381 1 0 0 0 0 0 0 1 1 1 0 R 0
7 172 20164 1117 20290 993 3797 1 0 0 0 0 0 0 1 1 1 0 R 0
8 200 26451 779 26476 773 4193 1 0 0 0 0 0 0 1 1 1 0 R 0
9 227 26674 1099 26688 1070 6650 1 0 0 0 0 0 0 1 1 1 0 R 0
10 256 27885 605 25084 579 8314 1 0 1 0 0 0 0 1 1 1 0 R 0
11 278 21813 592 21834 563 3637 1 0 0 0 0 0 0 1 1 1 0 R 0
12 304 25486 1085 25518 1059 5138 1 0 0 0 0 0 0 1 1 2 0 R 0
13 335 29742 1022 29771 1009 6643 1 0 0 0 0 0 0 1 1 1 0 R 0
14 359 22832 596 22840 572 6068 1 0 0 0 0 0 0 1 1 1 0 R 0
15 383 23100 736 23125 713 8282 1 0 0 0 0 0 0 1 1 1 0 R 0
16 412 28036 606 28064 573 5973 1 0 0 0 0 0 0 1 1 1 0 R 0
17 438 26239 576 26260 549 6133 1 0 0 0 0 0 0 1 1 1 0 R 0
18 459 19863 637 19894 615 4267 1 0 0 0 0 0 0 1 1 1 0 R 0
19 481 21072 884 21101 851 3789 1 0 0 0 0 0 0 1 1 2 0 R 0
20 507 25038 616 25073 585 4451 1 0 0 0 0 0 0 1 1 1 0 R 0
21 532 25340 1068 25372 1077 5323 1 0 0 0 0 0 0 1 1 1 0 R 0
22 555 21720 614 21711 583 5364 1 0 0 0 0 0 0 1 1 1 0 R 0
23 575 19565 648 19595 615 3784 1 0 0 0 0 0 0 1 1 1 0 R 0
24 603 26676 910 26709 882 5662 1 0 0 0 0 0 0 1 1 1 0 R 0
25 631 27279 1011 27400 1022 5245 1 0 0 0 0 0 0 1 1 1 0 R 0
26 658 26521 582 26410 563 7253 1 0 0 0 0 0 0 1 1 1 0 R 0
27 677 18112 1917 18157 1396 4054 1 0 0 0 1 0 0 1 1 1 0 R 0
28 704 25147 1028 25165 1101 6028 1 0 0 0 0 0 0 1 1 1 0 R 0
29 733 27647 1244 27816 980 4389 1 0 0 0 0 0 0 1 1 2 0 R 0
30 763 28338 609 28356 587 13440 1 0 0 0 0 0 0 1 1 2 0 R 0
31 782 19160 620 19192 589 4357 1 0 0 0 0 0 0 1 1 1 0 R 0
32 811 28553 1186 28706 1041 5419 1 0 0 0 0 0 0 1 1 1 0 R 0
33 839 26265 609 26285 581 5700 1 0 0 0 0 0 0 1 1 1 0 R 0
34 862 22140 601 22170 574 3696 1 0 0 0 0 0 0 1 1 1 0 R 0
35 882 19629 656 19656 628 4693 1 0 0 0 0 0 0 1 1 1 0 R 0
36 907 24389 7093 24508 2241 5593 1 0 0 0 1 0 0 1 1 1 0 R 0
37 945 30488 1010 29657 988 8233 1 0 1 0 0 0 0 1 1 1 0 R 0
38 968 22574 594 22589 571 4651 1 0 0 0 0 0 0 1 1 2 0 R 0
39 987 18417 1084 18446 1061 3740 1 0 0 0 0 0 0 1 1 1 0 R 0
40 1016 27667 1239 27694 1223 4555 1 0 0 0 0 0 0 1 1 1 0 R 0
41 1045 27865 1075 27882 1042 4309 1 0 0 0 0 0 0 1 1 1 0 R 0
42 1068 22173 594 22200 570 4831 1 0 0 0 0 0 0 1 1 1 0 R 0
43 1088 19329 583 19350 562 3787 1 0 0 0 0 0 0 1 1 1 0 R 0
44 1114 25604 1012 25632 984 4912 1 0 0 0 0 0 0 1 1 1 0 R 0
45 1147 31464 1559 31493 1649 11128 1 0 0 0 0 0 0 1 1 1 0 R 0
46 1171 22143 612 22053 585 4855 1 0 0 0 0 0 0 1 1 1 0 R 0
47 1190 18532 597 18558 575 3675 1 0 0 0 0 0 0 1 1 1 0 R 0
48 1215 24292 900 24310 875 5085 1 0 0 0 0 0 0 1 1 2 0 R 0
49 1244 28700 621 28736 590 7126 1 0 0 0 0 0 0 1 1 1 0 R 0
50 1265 20726 623 20759 590 4731 1 0 0 0 0 0 0 1 1 1 0 R 0
51 1286 19713 598 19739 569 3785 1 0 0 0 0 0 0 1 1 1 0 R 0
52 1311 24222 808 24255 787 3725 1 0 0 0 0 0 0 1 1 1 0 R 0
53 1332 20371 963 20438 891 4334 1 0 0 0 0 0 0 1 1 1 0 R 0
54 1353 20697 607 20721 585 4239 1 0 0 0 0 0 0 1 1 2 0 R 0
55 1375 20906 610 20936 578 4230 1 0 0 0 0 0 0 1 1 1 0 R 0
56 1396 20099 578 20123 554 3592 1 0 0 0 0 0 0 1 1 1 0 R 0
57 1421 24828 671 24862 632 5794 1 0 0 0 0 0 0 1 1 1 0 R 0
58 1442 19835 596 19868 573 4380 1 0 0 0 0 0 0 1 1 1 0 R 0
59 1462 19625 589 19642 564 4268 1 0 0 0 0 0 0 1 1 2 0 R 0
60 1487 24602 978 24631 958 11254 1 0 0 0 0 0 0 1 1 1 0 R 0
61 1509 20992 600 21016 571 4070 1 0 0 0 0 0 0 1 1 1 0 R 0
62 1537 27446 1669 27472 1648 6582 1 0 0 0 0 0 0 1 1 1 0 R 0
63 1565 26291 615 26318 582 6959 1 0 0 0 0 0 0 1 1 1 0 R 0
64 1586 20712 615 20741 587 4015 1 0 0 0 0 0 0 1 1 1 0 R 0
65 1608 21192 796 21256 738 3676 1 0 0 0 0 0 0 1 1 2 0 R 0
66 1634 25261 607 25281 583 4278 1 0 0 0 0 0 0 1 1 1 0 R 0
67 1663 28126 1035 28155 1017 5917 1 0 0 0 0 0 0 1 1 1 0 R 0
68 1685 21385 611 21400 586 4166 1 0 0 0 0 0 0 1 1 1 0 R 0
69 1706 20038 3946 20068 3282 3670 1 0 0 0 1 1 0 1 1 1 0 R 0
70 1735 25412 608 25320 580 3774 1 0 0 0 0 0 0 1 1 1 0 R 0
71 1763 27477 1119 27609 990 5461 1 0 0 0 0 0 0 1 1 1 0 R 0
72 1786 21707 597 21733 569 3833 1 0 0 0 0 0 0 1 1 1 0 R 0
73 1806 18945 654 18975 622 3684 1 0 0 0 0 0 0 1 1 1 0 R 0
74 1832 25242 622 25273 588 5527 1 0 0 0 0 0 0 1 1 1 0 R 0
75 1864 31306 837 31342 907 11097 1 0 0 0 0 0 0 1 1 2 0 R 0
76 1891 26675 605 26599 586 5587 1 0 0 0 0 0 0 1 1 1 0 R 0
77 1911 18989 1498 19012 1596 3781 1 0 0 0 0 0 0 1 1 1 0 R 0
78 1939 26961 710 26959 592 4470 1 0 0 0 0 0 0 1 1 1 0 R 0
79 1968 28248 936 28282 904 5163 1 0 0 0 0 0 0 1 1 1 0 R 0
80 1990 20990 597 21007 572 4234 1 0 0 0 0 0 0 1 1 1 0 R 0
81 2010 18826 637 18860 599 3756 1 0 0 0 0 0 0 1 1 1 0 R 0
82 2036 25399 1003 25518 891 5047 1 0 0 0 0 0 0 1 1 2 0 R 0
83 2064 27859 1123 27981 1008 4478 1 0 0 0 0 0 0 1 1 2 0 R 0
84 2090 24471 592 24481 567 6234 1 0 0 0 0 0 0 1 1 1 0 R 0
85 2109 18551 839 18600 799 3766 1 0 0 0 0 0 0 1 1 1 0 R 0
86 2134 23965 845 23987 817 3847 1 0 0 0 0 0 0 1 1 1 0 R 0
87 2164 28744 879 28772 853 6362 1 0 0 0 0 0 0 1 1 1 0 R 0
88 2187 22871 1522 22949 1456 6129 1 0 0 0 0 1 0 1 1 1 0 R 0
89 2207 17909 889 17928 873 3772 1 0 0 0 0 0 0 1 1 1 0 R 0
90 2236 28149 1022 28160 1002 10332 1 0 0 0 0 0 0 1 1 1 0 R 0
91 2265 28259 1021 28284 1102 6433 1 0 0 0 0 0 0 1 1 1 0 R 0
92 2290 23844 1025 23760 1002 6342 1 0 0 0 0 0 0 1 1 1 0 R 0
93 2311 19917 608 19942 579 3790 1 0 0 0 0 0 0 1 1 1 0 R 0
94 2333 21041 2646 21165 2549 4011 1 0 0 0 0 1 0 1 1 2 0 R 0
95 2362 26652 992 26651 969 6135 1 0 0 0 0 0 0 1 1 1 0 R 0
96 2389 26615 592 26637 565 7267 1 0 0 0 0 0 0 1 1 1 0 R 0
97 2409 19076 603 19102 583 4451 1 0 0 0 0 0 0 1 1 1 0 R 0
98 2433 23627 767 23647 747 3770 1 0 0 0 0 0 0 1 1 1 0 R 0
99 2460 26175 990 26196 966 6970 1 0 0 0 0 0 0 1 1 1 0 R 0
100 2489 27822 604 27845 579 7145 1 0 0 0 0 0 0 1 1 1 0 R 0
101 2510 20784 658 20816 624 4189 1 0 0 0 0 0 0 1 1 2 0 R 0
102 2532 20957 607 20991 579 4008 1 0 0 0 0 0 0 1 1 1 0 R 0
103 2558 25667 982 25684 967 6027 1 0 0 0 0 0 0 1 1 1 0 R 0
104 2589 29400 605 29420 580 8001 1 0 0 0 0 0 0 1 1 1 0 R 0
105 2612 23050 612 23080 580 9141 1 0 0 0 0 0 0 1 1 1 0 R 0
106 2635 21666 609 21694 588 4333 1 0 0 0 0 0 0 1 1 1 0 R 0
107 2660 24329 859 24351 841 5848 1 0 0 0 0 0 0 1 1 1 0 R 0
108 2692 31092 609 30642 581 7421 1 0 1 0 0 0 0 1 1 1 0 R 0
109 2712 19680 608 19705 583 4411 1 0 0 0 0 0 0 1 1 1 0 R 0
110 2735 22261 732 22286 701 4320 1 0 0 0 0 0 0 1 1 2 0 R 0
111 2761 25566 622 25605 590 4890 1 0 0 0 0 0 0 1 1 1 0 R 0
112 2791 29785 1176 29809 1175 7458 1 0 0 0 0 0 0 1 1 1 0 R 0
113 2812 19388 615 19397 584 4342 1 0 0 0 0 0 0 1 1 1 0 R 0
114 2832 19496 593 19524 562 4337 1 0 0 0 0 0 0 1 1 1 0 R 0
115 2860 27533 938 27573 906 4308 1 0 0 0 0 0 0 1 1 1 0 R 0
116 2890 28345 994 28365 977 5814 1 0 0 0 0 0 0 1 1 1 0 R 0
117 2911 20093 616 20114 587 4855 1 0 0 0 0 0 0 1 1 1 0 R 0
118 2931 20159 595 20181 569 4043 1 0 0 0 0 0 0 1 1 2 0 R 0
119 2957 24918 1456 24943 1540 5980 1 0 0 0 0 0 0 1 1 1 0 R 0
120 2991 32751 1170 32763 1050 12398 1 0 0 0 0 0 0 1 1 1 0 R 0
121 3016 23425 819 23455 1117 7398 1 0 0 0 0 0 0 1 1 1 0 R 0
122 3037 20753 1789 20449 1881 4203 1 0 0 0 0 0 0 1 1 1 0 R 0
123 3064 25093 844 25006 922 3903 1 0 0 0 0 0 0 1 1 1 0 R 0
124 3094 28644 1112 28657 1001 5394 1 0 0 0 0 0 0 1 1 1 0 R 0
125 3118 22968 607 22998 564 6737 1 0 0 0 0 0 0 1 1 1 0 R 0
126 3138 19914 582 19941 556 3718 1 0 0 0 0 0 0 1 1 1 0 R 0
127 3165 26095 764 26131 732 4798 1 0 0 0 0 0 0 1 1 2 0 R 0
128 3194 28134 788 28165 758 4517 1 0 0 0 0 0 0 1 1 1 0 R 0
129 3217 22606 950 22631 930 5728 1 0 0 0 0 0 0 1 1 2 0 R 0
130 3237 19130 1015 19164 979 3687 1 0 0 0 0 0 0 1 1 1 0 R 0
131 3263 24518 849 24539 979 4627 1 0 0 0 0 0 0 1 1 1 0 R 0
132 3292 28350 1222 28310 1114 5751 1 0 0 0 0 0 0 1 1 1 0 R 0
133 3315 22053 676 22084 636 6605 1 0 0 0 0 0 0 1 1 1 0 R 0
134 3336 19883 620 19917 587 3805 1 0 0 0 0 0 0 1 1 1 0 R 0
135 3363 26370 1010 26497 987 8549 1 0 0 0 0 0 0 1 1 2 0 R 0
136 3389 25411 1239 25341 1313 4471 1 0 0 0 0 0 0 1 1 1 0 R 0
137 3413 22685 621 22614 590 5869 1 0 0 0 0 0 0 1 1 1 0 R 0
138 3434 20314 604 20337 578 4816 1 0 0 0 0 0 0 1 1 1 0 R 0
139 3455 19901 615 19934 583 4167 1 0 0 0 0 0 0 1 1 1 0 R 0
140 3482 26801 1755 26929 1649 5397 1 0 0 0 0 0 0 1 1 1 0 R 0
141 3511 27297 864 27303 847 7029 1 0 0 0 0 0 0 1 1 1 0 R 0
142 3534 21742 612 21755 588 7306 1 0 0 0 0 0 0 1 1 1 0 R 0
143 3555 21030 629 21063 598 4168 1 0 0 0 0 0 0 1 1 2 0 R 0
144 3581 25417 1141 25588 981 4992 1 0 0 0 0 0 0 1 1 1 0 R 0
145 3610 27484 1026 27499 1026 6967 1 0 0 0 0 0 0 1 1 1 0 R 0
146 3632 20457 763 20492 710 4221 1 0 0 0 0 0 0 1 1 1 0 R 0
147 3651 18767 610 18787 585 4206 1 0 0 0 0 0 0 1 1 1 0 R 0
148 3677 25619 1673 25647 1760 4360 1 0 0 0 0 0 0 1 1 1 0 R 0
149 3707 27926 2676 27929 2053 5545 1 0 0 0 1 0 0 1 1 1 0 R 0
150 3734 24536 637 24546 611 10878 1 0 0 0 0 0 0 1 1 1 0 R 0
151 3754 19334 1573 19364 1558 4169 1 0 0 0 0 0 0 1 1 1 0 R 0
152 3781 25269 799 25286 776 3787 1 0 0 0 0 0 0 1 1 2 0 R 0
153 3809 27508 1109 27638 980 5613 1 0 0 0 0 0 0 1 1 1 0 R 0
154 3831 20962 602 20980 578 5685 1 0 0 0 0 0 0 1 1 1 0 R 0
155 3852 20131 590 20159 563 4227 1 0 0 0 0 0 0 1 1 1 0 R 0
156 3879 26263 1163 26286 1150 5605 1 0 0 0 0 0 0 1 1 1 0 R 0
157 3906 26167 1034 26186 1112 4790 1 0 0 0 0 0 0 1 1 1 0 R 0
158 3931 23223 601 23143 577 7175 1 0 0 0 0 0 0 1 1 1 0 R 0
159 3949 18377 719 18401 697 3950 1 0 0 0 0 0 0 1 1 1 0 R 0
160 3973 23092 1198 23204 1202 3752 1 0 0 0 0 0 0 1 1 1 0 R 0
161 4009 34565 1180 34599 1036 7394 1 0 0 0 0 0 0 1 1 2 0 R 0
162 4033 23073 796 23098 759 5935 1 0 0 0 0 0 0 1 1 1 0 R 0
163 4055 20413 595 20444 573 4105 1 0 0 0 0 0 0 1 1 2 0 R 0
164 4080 24688 875 24709 849 4191 1 0 0 0 0 0 0 1 1 0 0 R 0
165 4112 31665 1341 31800 1225 11799 1 0 0 0 0 0 0 1 1 1 0 R 0
166 4140 25917 594 25922 574 7006 1 0 0 0 0 0 0 1 1 1 0 R 0
167 4159 18988 586 19007 564 4039 1 0 0 0 0 0 0 1 1 1 0 R 0
168 4185 25537 1192 25558 1195 5429 1 0 0 0 0 0 0 1 1 2 0 R 0
169 4214 27277 1206 27284 1202 5242 1 0 0 0 0 0 0 1 1 1 0 R 0
170 4242 27209 610 27210 584 6302 1 0 0 0 0 0 0 1 1 1 0 R 0
171 4262 19290 588 19316 556 4164 1 0 0 0 0 0 0 1 1 1 0 R 0
172 4290 27556 1116 27674 1012 6115 1 0 0 0 0 0 0 1 1 1 0 R 0
173 4312 20699 613 20720 582 4439 1 0 0 0 0 0 0 1 1 1 0 R 0
174 4332 19502 601 19526 578 4291 1 0 0 0 0 0 0 1 1 1 0 R 0
175 4354 21211 612 21236 585 5966 1 0 0 0 0 0 0 1 1 1 0 R 0
176 4376 21369 614 21402 581 4196 1 0 0 0 0 0 0 1 1 2 0 R 0
177 4401 24216 1298 24246 1298 4265 1 0 0 0 0 0 0 1 1 1 0 R 0
178 4429 26957 1006 26951 990 6889 1 0 0 0 0 0 0 1 1 1 0 R 0
179 4450 19901 619 19919 594 4300 1 0 0 0 0 0 0 1 1 1 0 R 0
180 4476 25092 610 25125 577 7761 1 0 0 0 0 0 0 1 1 1 0 R 0
181 4501 25180 672 25211 640 5008 1 0 0 0 0 1 0 1 1 1 0 R 0
182 4530 28246 1003 28271 986 6607 1 0 0 0 0 0 0 1 1 1 0 R 0
183 4552 20224 654 20246 628 4398 1 0 0 0 0 0 0 1 1 2 0 R 0
184 4572 19608 611 19633 583 4189 1 0 0 0 0 0 0 1 1 1 0 R 0
185 4601 28070 1036 28113 1011 4876 1 0 0 0 0 0 0 1 1 1 0 R 0
186 4627 25715 1662 25729 1656 5223 1 0 0 0 0 0 0 1 1 1 0 R 0
187 4651 21723 613 21729 586 5233 1 0 0 0 0 0 0 1 1 1 0 R 0
188 4671 20009 607 20036 579 3724 1 0 0 0 0 0 0 1 1 1 0 R 0
189 4692 20364 605 20389 581 4891 1 0 0 0 0 0 0 1 1 1 0 R 0
190 4713 20369 609 20392 587 4207 1 0 0 0 0 0 0 1 1 1 0 R 0
191 4734 20093 613 20118 589 4647 1 0 0 0 0 0 0 1 1 2 0 R 0
192 4756 21180 587 20484 565 4238 1 0 1 0 0 0 0 1 1 1 0 R 0
193 4776 19389 615 19418 587 3793 1 0 0 0 0 0 0 1 1 1 0 R 0
194 4797 20335 1025 20359 1004 4320 1 0 0 0 0 0 0 1 1 1 0 R 0
195 4820 22516 619 22539 588 8965 1 0 0 0 0 0 0 1 1 1 0 R 0
196 4842 21461 1266 21487 1251 4394 1 0 0 0 0 1 0 1 1 2 0 R 0
197 4863 19836 608 19849 581 4763 1 0 0 0 0 1 0 1 1 1 0 R 0
198 4886 21889 615 21920 589 4338 1 0 0 0 0 0 0 1 1 1 0 R 0
199 4911 24832 620 24861 591 4682 1 0 0 0 0 0 0 1 1 2 0 R 0
200 4941 29010 994 29032 977 6469 1 0 0 0 0 0 0 1 1 1 0 R 0
201 4962 20347 581 20368 568 4551 1 0 0 0 0 0 0 1 1 1 0 R 0
202 4982 19158 586 19167 564 4311 1 0 0 0 0 0 0 1 1 1 0 R 0
203 5009 26816 1122 26930 1009 4425 1 0 0 0 0 0 0 1 1 1 0 R 0
204 5039 28412 576 28433 551 4644 1 0 0 0 0 0 0 1 1 1 0 R 0
205 5063 23720 754 23772 705 6261 1 0 0 0 0 0 0 1 1 1 0 R 0
206 5084 19676 590 19697 569 4774 1 0 0 0 0 0 0 1 1 1 0 R 0
207 5111 26473 1006 26499 983 4778 1 0 0 0 0 0 0 1 1 1 0 R 0
208 5141 29176 978 29200 962 5379 1 0 0 0 0 0 0 1 1 2 0 R 0
209 5166 24104 754 24125 732 7493 1 0 0 0 0 0 0 1 1 1 0 R 0
210 5192 25427 718 25447 696 7592 1 0 0 0 0 0 0 1 1 1 0 R 0
211 5218 25260 584 25278 558 4836 1 0 0 0 0 0 0 1 1 1 0 R 0
212 5241 22594 744 22619 719 5909 1 0 0 0 0 0 0 1 1 1 0 R 0
213 5264 21507 823 21619 727 4371 1 0 0 0 0 0 0 1 1 1 0 R 0
214 5284 19920 607 19925 581 4672 1 0 0 0 0 0 0 1 1 2 0 R 0
215 5314 28576 1026 28611 1001 5129 1 0 0 0 0 0 0 1 1 1 0 R 0
216 5336 21212 605 21236 573 4729 1 0 0 0 0 0 0 1 1 1 0 R 0
217 5356 19336 610 19367 581 4021 1 0 0 0 0 0 0 1 1 1 0 R 0
218 5381 24641 610 24667 583 5695 1 0 0 0 0 0 0 1 1 2 0 R 0
219 5403 21715 908 21745 877 4240 1 0 0 0 0 0 0 1 1 1 0 R 0
220 5431 26594 1004 26719 980 7309 1 0 0 0 0 0 0 1 1 1 0 R 0
221 5459 27519 835 27444 803 5970 1 0 0 0 0 0 0 1 1 1 0 R 0
222 5479 19139 602 19168 581 4164 1 0 0 0 0 0 0 1 1 1 0 R 0
223 5502 21899 795 21926 759 4391 1 0 0 0 0 0 0 1 1 1 0 R 0
224 5526 23689 986 23727 954 5935 1 0 0 0 0 0 0 1 1 2 0 R 0
225 5562 34221 1476 34341 1377 13307 1 0 0 0 0 0 0 1 1 1 0 R 0
226 5585 22032 617 22038 595 5954 1 0 0 0 0 0 0 1 1 1 0 R 0
227 5606 20389 612 20419 578 3780 1 0 0 0 0 0 0 1 1 1 0 R 0
228 5635 28474 1102 28592 992 7748 1 0 0 0 0 0 0 1 1 1 0 R 0
229 5663 27152 683 27180 648 6594 1 0 0 0 0 0 0 1 1 1 0 R 0
230 5685 20500 597 20525 571 4891 1 0 0 0 0 0 0 1 1 1 0 R 0
231 5706 20401 612 20436 581 4168 1 0 0 0 0 0 0 1 1 1 0 R 0
232 5736 29505 1110 29282 1000 6814 1 0 1 0 0 0 0 1 1 2 0 R 0
233 5765 28102 1019 28220 1005 6612 1 0 0 0 0 0 0 1 1 1 0 R 0
234 5789 22791 668 22721 632 5663 1 0 0 0 0 0 0 1 1 0 0 R 0
235 5810 20350 613 20375 589 3760 1 0 0 0 0 0 0 1 1 1 0 R 0
236 5836 25490 1230 25514 1213 7425 1 0 0 0 0 0 0 1 1 2 0 R 0
237 5866 28926 766 28948 739 9103 1 0 0 0 0 0 0 1 1 1 0 R 0
238 5886 19704 771 19737 734 3923 1 0 0 0 0 0 0 1 1 1 0 R 0
239 5909 21431 682 21453 670 3786 1 0 0 0 0 0 0 1 1 1 0 R 0
240 5939 29564 984 29577 959 11800 1 0 0 0 0 0 0 1 1 1 0 R 0
241 5968 28527 576 28555 550 7366 1 0 0 0 0 0 0 1 1 2 0 R 0
242 5988 19386 632 19407 612 3918 1 0 0 0 0 0 0 1 1 1 0 R 0
243 6011 21797 694 21823 669 4166 1 0 0 0 0 0 0 1 1 0 0 R 0
244 6039 27438 1035 26967 1004 4833 1 0 1 0 0 0 0 1 1 1 0 R 0
245 6069 28524 1212 28568 1182 7749 1 0 0 0 0 0 0 1 1 1 0 R 0
246 6093 23088 662 23109 633 7356 1 0 0 0 0 0 0 1 1 1 0 R 0
247 6114 20270 685 20302 651 4219 1 0 0 0 0 0 0 1 1 1 0 R 0
248 6141 26307 827 26339 799 5134 1 0 0 0 0 0 0 1 1 1 0 R 0
249 6169 27781 1217 27807 1208 7380 1 0 0 0 0 0 0 1 1 1 0 R 0
250 6191 20574 610 20583 581 3980 1 0 0 0 0 0 0 1 1 2 0 R 0
251 6212 19956 1576 19985 1550 3742 1 0 0 0 0 0 0 1 1 2 0 R 0
252 6241 28165 604 28187 580 3946 1 0 0 0 0 0 0 1 1 1 0 R 0
253 6271 28784 1311 28904 1210 6608 1 0 0 0 0 0 0 1 1 1 0 R 0
254 6296 23877 615 23889 579 6367 1 0 0 0 0 0 0 1 1 1 0 R 0
255 6321 24413 762 24469 706 8113 1 0 0 0 0 0 0 1 1 1 0 R 0
256 6347 24957 1771 24990 1746 6427 1 0 0 0 0 0 0 1 1 1 0 R 0
257 6377 28225 1580 28248 1656 6415 1 0 0 0 0 0 0 1 1 1 0 R 0
258 6401 22772 601 22690 576 8255 1 0 0 0 0 0 0 1 1 1 0 R 0
259 6422 20171 610 20202 574 3669 1 0 0 0 0 0 0 1 1 1 0 R 0
260 6451 28364 1634 28494 1512 5092 1 0 0 0 0 0 0 1 1 1 0 R 0
261 6473 20209 593 20235 561 4367 1 0 0 0 0 0 0 1 1 2 0 R 0
262 6495 21463 751 21523 698 4177 1 0 0 0 0 0 0 1 1 1 0 R 0
263 6517 21009 751 21051 709 4744 1 0 0 0 0 0 0 1 1 2 0 R 0
264 6542 24625 1416 24771 1270 4563 1 0 0 0 0 0 0 1 1 2 0 R 0
265 6572 29063 980 29086 958 5448 1 0 0 0 0 0 0 1 1 2 0 R 0
266 6599 25388 591 25405 571 7499 1 0 0 0 0 0 0 1 1 1 0 R 0
267 6618 19041 576 19060 548 3711 1 0 0 0 0 0 0 1 1 1 0 R 0
268 6644 24785 1112 24912 993 5567 1 0 0 0 0 0 0 1 1 1 0 R 0
269 6675 30154 1013 29292 1000 4674 1 0 1 0 0 0 0 1 1 2 0 R 0
270 6702 25745 644 25657 622 11479 1 0 0 0 0 0 0 1 1 1 0 R 0
271 6722 19157 585 19184 557 4141 1 0 0 0 0 0 0 1 1 1 0 R 0
272 6750 27484 1226 27716 1004 5949 1 0 0 0 0 0 0 1 1 1 0 R 0
273 6775 24109 970 24146 932 5357 1 0 0 0 0 0 0 1 1 1 0 R 0
274 6798 21946 575 21956 556 6101 1 0 0 0 0 1 0 1 1 1 0 R 0
275 6818 19425 579 19445 558 4104 1 0 0 0 0 0 0 1 1 1 0 R 0
276 6842 23330 1026 23360 1008 3718 1 0 0 0 0 0 0 1 1 1 0 R 0
277 6871 28150 1090 28260 981 7525 1 0 0 0 0 0 0 1 1 1 0 R 0
278 6896 24157 633 24181 597 7170 1 0 0 0 0 0 0 1 1 1 0 R 0
279 6917 19996 899 20024 881 4000 1 0 0 0 0 0 0 1 1 2 0 R 0
280 6939 21278 607 21295 581 4091 1 0 0 0 0 0 0 1 1 1 0 R 0
281 6961 21626 888 21673 852 3759 1 0 0 0 0 0 0 1 1 1 0 R 0
282 6991 28600 696 28713 576 4970 1 0 0 0 0 0 0 1 1 1 0 R 0
283 7011 19448 596 19474 566 4020 1 0 0 0 0 0 0 1 1 1 0 R 0
284 7031 19156 1614 19185 1612 4042 1 0 0 0 0 0 0 1 1 1 0 R 0
285 7062 29361 616 29365 587 11260 1 0 0 0 0 0 0 1 1 2 0 R 0
286 7093 30615 1151 30642 1233 7267 1 0 0 0 0 0 0 1 1 1 0 R 0
287 7116 22305 742 22366 573 7688 1 0 0 0 0 0 0 1 1 0 0 R 0
288 7139 21566 640 21593 610 3613 1 0 0 0 0 0 0 1 1 1 0 R 0
289 7162 23118 972 23156 938 3759 1 0 0 0 0 0 0 1 1 1 0 R 0
290 7194 30175 1079 30204 1058 6986 1 0 0 0 0 0 0 1 1 1 0 R 0
291 7214 19682 620 19705 588 4565 1 0 0 0 0 0 0 1 1 2 0 R 0
292 7234 19462 601 19489 576 4082 1 0 0 0 0 0 0 1 1 1 0 R 0
293 7264 29093 795 29235 660 4126 1 0 0 0 0 0 0 1 1 1 0 R 0
294 7291 26190 782 26301 668 5917 1 0 0 0 0 0 0 1 1 1 0 R 0
295 7312 20306 617 20331 590 4625 1 0 0 0 0 0 0 1 1 1 0 R 0
296 7333 19943 710 19967 688 4327 1 0 0 0 0 0 0 1 1 1 0 R 0
297 7357 23358 1626 23479 1516 4789 1 0 0 0 0 0 0 1 1 1 0 R 0
298 7385 27041 2732 27049 2753 6644 1 0 0 0 0 1 0 1 1 2 0 R 0
299 7411 22821 667 22808 632 8019 1 0 0 0 0 0 0 1 1 1 0 R 0
300 7434 22668 600 22697 570 8109 1 0 0 0 0 0 0 1 1 1 0 R 0
301 7458 23382 991 23410 972 4171 1 0 0 0 0 0 0 1 1 1 0 R 0
302 7484 24935 613 24963 580 5239 1 0 0 0 0 0 0 1 1 1 0 R 0
303 7510 25363 614 25394 582 6532 1 0 0 0 0 0 0 1 1 1 0 R 0
304 7531 20290 598 20318 568 4401 1 0 0 0 0 0 0 1 1 2 0 R 0
305 7553 21505 992 21546 951 4166 1 0 0 0 0 0 0 1 1 1 0 R 0
306 7582 27279 995 27306 974 7211 1 0 0 0 0 0 0 1 1 1 0 R 0
307 7612 29099 955 29129 930 7217 1 0 0 0 0 0 0 1 1 1 0 R 0
308 7634 21168 611 21186 584 5227 1 0 0 0 0 0 0 1 1 1 0 R 0
309 7655 20590 607 20622 580 4163 1 0 0 0 0 0 0 1 1 1 0 R 0
310 7681 25484 985 25513 953 5131 1 0 0 0 0 0 0 1 1 1 0 R 0
311 7711 29240 580 28768 549 6308 1 0 1 0 0 0 0 1 1 1 0 R 0
312 7732 20316 656 20347 635 4817 1 0 0 0 0 0 0 1 1 1 0 R 0
313 7754 20767 606 20789 582 4156 1 0 0 0 0 0 0 1 1 1 0 R 0
314 7780 26005 1171 26028 1172 5621 1 0 0 0 0 0 0 1 1 2 0 R 0
315 7812 30730 615 30729 592 13560 1 0 0 0 0 0 0 1 1 1 0 R 0
316 7834 21004 602 21029 577 4496 1 0 0 0 0 0 0 1 1 1 0 R 0
317 7855 20959 620 20991 587 4150 1 0 0 0 0 0 0 1 1 1 0 R 0
318 7882 25812 1488 25856 1754 4603 1 0 0 0 0 0 0 1 1 1 0 R 0
319 7912 28847 789 28563 769 6976 1 0 0 0 0 0 0 1 1 1 0 R 0
320 7932 19546 599 19564 570 4581 1 0 0 0 0 0 0 1 1 1 0 R 0
321 7953 19519 1668 19552 1763 4169 1 0 0 0 0 0 0 1 1 2 0 R 0
322 7981 26800 698 26798 575 4178 1 0 0 0 0 0 0 1 1 1 0 R 0
323 8005 23391 1168 23514 1049 4380 1 0 0 0 0 0 0 1 1 1 0 R 0
324 8030 23647 672 23692 624 6872 1 0 0 0 0 0 0 1 1 1 0 R 0
325 8049 18910 706 18940 679 3978 1 0 0 0 0 1 0 1 1 1 0 R 0
326 8076 26181 1778 26211 1863 4694 1 0 0 0 0 0 0 1 1 2 0 R 0
327 8113 35180 1288 35123 1230 5724 1 0 0 0 0 0 0 1 1 3 0 R 0
328 8143 28402 745 28453 693 7392 1 0 0 0 0 0 0 1 1 2 0 R 0
329 8167 23048 1490 23098 1556 4200 1 0 0 0 0 0 0 1 1 3 0 R 0
330 8200 31932 780 31933 665 13089 1 0 0 0 0 0 0 1 1 2 0 R 0
331 8224 23413 783 23445 749 6155 1 0 0 0 0 0 0 1 1 1 0 R 0
332 8247 21361 626 21395 595 4661 1 0 0 0 0 0 0 1 1 0 0 R 0
333 8269 21557 605 21585 575 3959 1 0 0 0 0 0 0 1 1 2 0 R 0
334 8294 24906 1173 25023 1197 6928 1 0 0 0 0 0 0 1 1 1 0 R 0
335 8324 28907 1017 28796 996 6929 1 0 0 0 0 0 0 1 1 1 0 R 0
336 8346 20553 614 20577 583 3827 1 0 0 0 0 0 0 1 1 2 0 R 0
337 8368 21828 635 21857 601 3992 1 0 0 0 0 0 0 1 1 1 0 R 0
338 8395 26372 1105 26503 984 5111 1 0 0 0 0 0 0 1 1 1 0 R 0
339 8425 28165 659 28194 621 5703 1 0 0 0 0 0 0 1 1 1 0 R 0
340 8446 20207 613 20242 582 4725 1 0 0 0 0 0 0 1 1 1 0 R 0
341 8467 20520 1474 20550 1458 3799 1 0 0 0 0 0 0 1 1 1 0 R 0
342 8494 25778 604 25794 576 3799 1 0 0 0 0 0 0 1 1 2 0 R 0
343 8523 28665 1321 28785 1218 6963 1 0 0 0 0 0 0 1 1 1 0 R 0
344 8549 24480 596 24490 567 6705 1 0 0 0 0 0 0 1 1 1 0 R 0
345 8573 23049 639 23103 585 8179 1 0 0 0 0 0 0 1 1 1 0 R 0
346 8599 25338 690 25397 639 5520 1 0 0 0 0 0 0 1 1 1 0 R 0
347 8627 27402 1483 27516 1468 8257 1 0 0 0 0 0 0 1 1 1 0 R 0
348 8651 23130 600 23051 579 7501 1 0 0 0 0 0 0 1 1 1 0 R 0
349 8673 21201 701 21234 668 4180 1 0 0 0 0 0 0 1 1 1 0 R 0
350 8701 27466 979 27022 965 6361 1 0 1 0 0 0 0 1 1 1 0 R 0
351 8724 21971 623 21994 592 6484 1 0 0 0 0 0 0 1 1 1 0 R 0
352 8747 22002 1026 22031 1000 4111 1 0 0 0 0 0 0 1 1 1 0 R 0
353 8766 18325 729 18350 702 4179 1 0 0 0 0 0 0 1 1 1 0 R 0
354 8792 25368 1006 25484 888 4752 1 0 0 0 0 0 0 1 1 1 0 R 0
355 8820 27116 876 27235 757 5918 1 0 0 0 0 0 0 1 1 1 0 R 0
356 8843 22016 620 22052 946 6493 1 0 0 0 0 0 0 1 1 2 0 R 0
357 8863 18829 603 18497 571 4460 1 0 0 0 0 0 0 1 1 1 0 R 0
358 8885 21984 971 22018 942 4226 1 0 0 0 0 0 0 1 1 2 0 R 0
359 8913 27113 972 27142 943 6543 1 0 0 0 0 0 0 1 1 0 0 R 0
360 8946 31429 1205 31539 1099 13583 1 0 0 0 0 0 0 1 1 1 0 R 0
361 8968 20939 586 20955 560 4001 1 0 0 0 0 0 0 1 1 1 0 R 0
362 8991 22077 850 22109 820 3771 1 0 0 0 0 0 0 1 1 1 0 R 0
363 9018 26915 981 26938 962 7355 1 0 0 0 0 0 0 1 1 1 0 R 0
364 9044 24486 775 24666 595 7510 1 0 0 0 0 0 0 1 1 1 0 R 0
365 9064 19190 613 19221 584 4723 1 0 0 0 0 0 0 1 1 1 0 R 0
366 9086 21724 612 21750 587 4399 1 0 0 0 0 0 0 1 1 2 0 R 0
367 9112 25508 1001 25533 973 5135 1 0 0 0 0 1 0 1 1 1 0 R 0
368 9141 28039 809 28166 687 7411 1 0 0 0 0 0 0 1 1 1 0 R 0
369 9163 20597 598 20620 569 4481 1 0 0 0 0 0 0 1 1 1 0 R 0
370 9184 20992 1018 21114 898 4311 1 0 0 0 0 0 0 1 1 1 0 R 0
371 9210 25050 600 25077 572 4250 1 0 0 0 0 0 0 1 1 1 0 R 0
372 9235 24309 1030 24338 1008 6167 1 0 0 0 0 0 0 1 1 1 0 R 0
373 9261 24572 611 24598 578 4754 1 0 0 0 0 0 0 1 1 1 0 R 0
374 9282 20703 651 20732 630 4722 1 0 0 0 0 0 0 1 1 3 0 R 0
375 9312 29508 710 29535 681 8786 1 0 0 0 0 0 0 1 1 1 0 R 0
376 9341 27661 1003 27776 882 5473 1 0 0 0 0 0 0 1 1 1 0 R 0
377 9362 20586 593 20613 565 4726 1 0 0 0 0 0 0 1 1 1 0 R 0
378 9382 18997 590 19025 561 4343 1 0 0 0 0 0 0 1 1 1 0 R 0
379 9406 23094 683 23125 654 5728 1 0 0 0 0 0 0 1 1 0 0 R 0
380 9431 24773 789 24802 772 4840 1 0 0 0 0 0 0 1 1 1 0 R 0
381 9456 23751 670 23771 636 7007 1 0 0 0 0 0 0 1 1 1 0 R 0
382 9476 19876 589 19910 557 3832 1 0 0 0 0 0 0 1 1 2 0 R 0
383 9497 20299 1050 20339 1017 3779 1 0 0 0 0 0 0 1 1 2 0 R 0
384 9524 25761 1010 25788 979 4936 1 0 0 0 0 0 0 1 1 1 0 R 0
385 9552 27477 589 27503 564 6629 1 0 0 0 0 0 0 1 1 1 0 R 0
386 9573 20410 608 20438 580 4492 1 0 0 0 0 0 0 1 1 1 0 R 0
387 9595 20600 799 20720 678 4208 1 0 0 0 0 0 0 1 1 1 0 R 0
388 9621 26071 604 26102 572 4575 1 0 0 0 0 0 0 1 1 1 0 R 0
389 9651 28871 1416 29017 1294 6782 1 0 0 0 0 0 0 1 1 1 0 R 0
390 9679 26284 604 26286 577 13095 1 0 0 0 0 0 0 1 1 2 0 R 0
391 9701 21311 612 21341 585 4352 1 0 0 0 0 0 0 1 1 1 0 R 0
392 9728 26813 994 26067 974 6146 1 0 1 0 0 0 0 1 1 1 0 R 0
393 9756 27417 620 27446 587 7539 1 0 0 0 0 0 0 1 1 1 0 R 0
394 9777 20027 1015 20063 984 3971 1 0 0 0 0 0 0 1 1 1 0 R 0
395 9797 18892 1550 18947 1501 3839 1 0 0 0 0 0 0 1 1 1 0 R 0
396 9825 26177 611 26197 580 4078 1 0 0 0 0 0 0 1 1 1 0 R 0
397 9851 25574 1112 25686 1015 6590 1 0 0 0 0 0 0 1 1 1 0 R 0
398 9877 24810 928 24824 923 6878 1 0 0 0 0 0 0 1 1 1 0 R 0
399 9896 18292 601 18300 566 3961 1 0 0 0 0 0 0 1 1 1 0 R 0
400 9923 26725 1235 26872 1096 4488 1 0 0 0 0 0 0 1 1 1 0 R 0
401 9952 27080 2436 27104 2567 4726 1 0 0 0 0 1 0 1 1 1 0 R 0
402 9976 21895 646 21766 616 5534 1 0 0 0 0 0 0 1 1 1 0 R 0
403 9996 19743 810 19787 768 3809 1 0 0 0 0 0 0 1 1 2 0 R 0
404 10023 26120 816 26141 790 5675 1 0 0 0 0 0 0 1 1 0 0 R 0
405 10055 31116 908 31144 882 11822 1 0 0 0 0 0 0 1 1 1 0 R 0
406 10079 22833 583 22855 558 4946 1 0 0 0 0 0 0 1 1 2 0 R 0
407 10098 18418 605 18440 588 3954 1 0 0 0 0 0 0 1 1 1 0 R 0
408 10124 25034 1022 25059 1005 5025 1 0 0 0 0 0 0 1 1 1 0 R 0
409 10153 28158 1191 28197 1158 5465 1 0 0 0 0 0 0 1 1 1 0 R 0
410 10177 22796 975 22815 948 7122 1 0 0 0 0 0 0 1 1 1 0 R 0
411 10196 18002 603 18024 572 3968 1 0 0 0 0 0 0 1 1 1 0 R 0
412 10220 23297 594 23325 569 3768 1 0 0 0 0 0 0 1 1 2 0 R 0
413 10246 25349 1115 25470 1000 5629 1 0 0 0 0 0 0 1 1 1 0 R 0
414 10272 25646 775 25668 749 6530 1 0 0 0 0 0 0 1 1 1 0 R 0
415 10293 19618 601 19647 570 4686 1 0 0 0 0 0 0 1 1 1 0 R 0
416 10315 21163 676 21202 636 4211 1 0 0 0 0 0 0 1 1 1 0 R 0
417 10341 25413 696 25542 707 5299 1 0 0 0 0 0 0 1 1 1 0 R 0
418 10370 28998 598 28890 568 7446 1 0 0 0 0 0 0 1 1 2 0 R 0
419 10391 19628 668 19672 629 3973 1 0 0 0 0 0 0 1 1 1 0 R 0
420 10415 23913 620 23943 587 8438 1 0 0 0 0 0 0 1 1 1 0 R 0
421 10437 21232 1659 21260 1647 4384 1 0 0 0 0 0 0 1 1 1 0 R 0
422 10460 21821 593 21831 563 4164 1 0 0 0 0 0 0 1 1 2 0 R 0
423 10484 23241 607 23272 583 4672 1 0 0 0 0 0 0 1 1 1 0 R 0
424 10505 19808 616 19839 583 4288 1 0 0 0 0 0 0 1 1 1 0 R 0
425 10527 21549 1818 21583 1931 4154 1 0 0 0 0 0 0 1 1 1 0 R 0
426 10554 25461 936 25342 912 6835 1 0 0 0 0 0 0 1 1 2 0 R 0
427 10580 24533 856 24555 840 6017 1 0 0 0 0 0 0 1 1 1 0 R 0
428 10601 20185 596 20200 569 4716 1 0 0 0 0 0 0 1 1 1 0 R 0
429 10622 20423 619 20458 590 3754 1 0 0 0 0 0 0 1 1 1 0 R 0
430 10648 25635 950 25652 930 5278 1 0 0 0 0 0 0 1 1 1 0 R 0
431 10677 28145 3191 28177 2625 6517 1 0 0 0 1 0 0 1 1 1 0 R 0
432 10704 23809 616 23820 585 6027 1 0 0 0 0 0 0 1 1 2 0 R 0
433 10725 20194 626 20230 589 4336 1 0 0 0 0 0 0 1 1 1 0 R 0
434 10752 26400 1366 26522 1262 6744 1 0 0 0 0 0 0 1 1 1 0 R 0
435 10783 30230 615 30244 587 14137 1 0 0 0 0 0 0 1 1 1 0 R 0
436 10804 20169 654 20197 625 4977 1 0 0 0 0 0 0 1 1 1 0 R 0
437 10825 20089 619 20126 580 4191 1 0 0 0 0 0 0 1 1 1 0 R 0
438 10852 25894 873 25925 841 5085 1 0 0 0 0 0 0 1 1 1 0 R 0
439 10882 29534 1900 29771 1687 7030 1 0 0 0 0 0 0 1 1 2 0 R 0
440 10907 22790 614 22802 587 7570 1 0 0 0 0 0 0 1 1 1 0 R 0
441 10929 21332 584 21353 558 3799 1 0 0 0 0 0 0 1 1 1 0 R 0
442 10954 25318 879 25350 851 5431 1 0 0 0 0 0 0 1 1 1 0 R 0
443 10985 30090 1102 30205 984 6258 1 0 0 0 0 0 0 1 1 0 0 R 0
444 11010 23652 607 23681 580 5274 1 0 0 0 0 0 0 1 1 1 0 R 0
445 11031 20657 621 20688 593 3786 1 0 0 0 0 0 0 1 1 2 0 R 0
446 11059 26631 963 26647 944 6101 1 0 0 0 0 0 0 1 1 1 0 R 0
447 11079 19058 634 19079 610 4172 1 0 0 0 0 0 0 1 1 1 0 R 0
448 11102 22476 609 22505 595 4024 1 0 0 0 0 0 0 1 1 1 0 R 0
449 11121 19002 606 19018 571 4405 1 0 0 0 0 0 0 1 1 1 0 R 0
450 11153 30511 1010 30637 1013 10906 1 0 0 0 0 0 0 1 1 1 0 R 0
451 11181 27314 1025 27237 1091 4795 1 0 0 0 0 0 0 1 1 2 0 R 0
452 11207 25379 1079 25308 1047 7502 1 0 0 0 0 0 0 1 1 1 0 R 0
453 11227 18634 960 18654 931 4191 1 0 0 0 0 1 0 1 1 1 0 R 0
454 11257 28546 1591 28578 1567 4620 1 0 0 0 0 0 0 1 1 1 0 R 0
455 11285 27080 758 27102 833 4660 1 0 0 0 0 0 0 1 1 1 0 R 0
456 11309 22875 597 22795 570 4668 1 0 0 0 0 0 0 1 1 1 0 R 0
457 11329 19399 580 19424 556 3761 1 0 0 0 0 0 0 1 1 3 0 R 0
458 11355 25772 1049 25802 1022 5736 1 0 0 0 0 0 0 1 1 1 0 R 0
459 11384 27945 975 27968 952 4149 1 0 0 0 0 0 0 1 1 1 0 R 0
460 11409 23628 646 23649 621 6014 1 0 0 0 0 0 0 1 1 1 0 R 0
461 11429 19768 614 19797 583 3773 1 0 0 0 0 1 0 1 1 1 0 R 0
462 11455 24979 899 25101 778 5117 1 0 0 0 0 0 0 1 1 1 0 R 0
463 11486 30167 989 30291 871 5180 1 0 0 0 0 0 0 1 1 1 0 R 0
464 11510 22928 601 22953 573 5859 1 0 0 0 0 0 0 1 1 1 0 R 0
465 11532 21566 620 21594 596 8327 1 0 0 0 0 0 0 1 1 1 0 R 0
466 11559 26573 1207 26590 1193 5667 1 0 0 0 0 0 0 1 1 1 0 R 0
467 11587 26610 1368 26634 1342 4656 1 0 0 0 0 0 0 1 1 1 0 R 0
468 11615 26618 616 26646 589 6031 1 0 0 0 0 0 0 1 1 2 0 R 0
469 11635 19564 630 19587 604 3797 1 0 0 0 0 0 0 1 1 0 0 R 0
470 11660 24036 1000 24153 993 5493 1 0 0 0 0 0 0 1 1 1 0 R 0
471 11690 28868 1015 28781 999 5825 1 0 0 0 0 0 0 1 1 2 0 R 0
472 11714 23050 612 22837 582 5465 1 0 1 0 0 0 0 1 1 1 0 R 0
473 11733 18475 733 18506 707 4247 1 0 0 0 0 0 0 1 1 1 0 R 0
474 11757 23630 1205 23663 1178 4245 1 0 0 0 0 0 0 1 1 2 0 R 0
475 11784 26002 1110 26115 990 7491 1 0 0 0 0 0 0 1 1 1 0 R 0
476 11810 24915 601 24945 569 6027 1 0 0 0 0 0 0 1 1 1 0 R 0
477 11830 18611 604 18639 576 4361 1 0 0 0 0 0 0 1 1 1 0 R 0
478 11852 21490 609 21520 581 3947 1 0 0 0 0 0 0 1 1 1 0 R 0
479 11877 24824 1887 24948 1786 6103 1 0 0 0 0 0 0 1 1 1 0 R 0
480 11910 30962 607 30966 578 12821 1 0 0 0 0 0 0 1 1 1 0 R 0
481 11930 19370 612 19401 579 4357 1 0 0 0 0 0 0 1 1 1 0 R 0
482 11952 21825 600 21854 574 4375 1 0 0 0 0 0 0 1 1 1 0 R 0
483 11978 25019 1274 25062 1245 5511 1 0 0 0 0 0 0 1 1 1 0 R 0
484 12009 29598 1123 29697 1012 7566 1 0 0 0 0 0 0 1 1 1 0 R 0
485 12033 23370 624 23392 605 7439 1 0 0 0 0 0 0 1 1 1 0 R 0
486 12055 20484 620 20513 589 4237 1 0 0 0 0 0 0 1 1 1 0 R 0
487 12080 25200 1057 25230 1034 5748 1 0 0 0 0 0 0 1 1 2 0 R 0
488 12112 30828 1418 30938 1304 6356 1 0 0 0 0 0 0 1 1 1 0 R 0
489 12134 20416 601 20436 576 4057 1 0 0 0 0 0 0 1 1 1 0 R 0
490 12157 21848 617 21881 579 4245 1 0 0 0 0 0 0 1 1 2 0 R 0
491 12182 24860 661 24898 633 4650 1 0 0 0 0 0 0 1 1 1 0 R 0
492 12211 28709 1246 28728 1244 7004 1 0 0 0 0 0 0 1 1 1 0 R 0
493 12232 19777 672 19785 642 4437 1 0 0 0 0 0 0 1 1 1 0 R 0
494 12253 19749 590 19771 567 4260 1 0 0 0 0 0 0 1 1 1 0 R 0
495 12283 29953 684 29981 652 10287 1 0 0 0 0 0 0 1 1 1 0 R 0
496 12314 29784 1004 29907 990 6209 1 0 0 0 0 0 0 1 1 1 0 R 0
497 12335 20482 655 20402 629 4304 1 0 0 0 0 0 0 1 1 1 0 R 0
498 12355 19284 602 19317 568 3785 1 0 0 0 0 0 0 1 1 1 0 R 0
499 12385 28903 610 28934 585 3953 1 0 0 0 0 0 0 1 1 2 0 R 0
500 12413 27559 1028 27583 1010 6082 1 0 0 0 0 0 0 1 1 1 0 R 0
501 12434 20499 604 20513 578 4605 1 0 0 0 0 0 0 1 1 1 0 R 0
502 12457 21814 1099 21890 1030 4147 1 0 0 0 0 0 0 1 1 1 0 S 0
503 12492 33563 2013 33588 2005 6380 1 0 0 0 0 1 0 1 1 1 0 R 0
504 12524 30288 1041 30391 928 7527 1 0 0 0 0 0 0 1 1 2 0 R 0
505 12545 19848 615 19865 582 4633 1 0 0 0 0 0 0 1 1 1 0 R 0
506 12566 20904 787 20946 754 4240 1 0 0 0 0 0 0 1 1 1 0 R 0
507 12592 24885 659 24914 621 5062 1 0 0 0 0 0 0 1 1 1 0 R 0
508 12622 29154 1185 29184 1172 6794 1 0 0 0 0 0 0 1 1 2 0 R 0
509 12642 19160 651 19177 624 4524 1 0 0 0 0 0 0 1 1 1 0 R 0
510 12670 26898 572 26644 548 7667 1 0 1 0 0 0 0 1 1 1 0 R 0
511 12695 25216 1176 25256 1137 5323 1 0 0 0 0 0 0 1 1 1 0 R 0
512 12726 29081 1129 29215 1003 6636 1 0 0 0 0 0 0 1 1 1 0 R 0
513 12750 23655 599 23677 573 6354 1 0 0 0 0 0 0 1 1 1 0 R 0
514 12772 21135 608 21164 579 3778 1 0 0 0 0 0 0 1 1 1 0 R 0
515 12796 23470 609 23504 575 5307 1 0 0 0 0 0 0 1 1 1 0 R 0
516 12825 28263 903 28293 871 6393 1 0 0 0 0 0 0 1 1 1 0 R 0
517 12846 19803 618 19838 588 4509 1 0 0 0 0 0 0 1 1 1 0 R 0
518 12867 20593 1033 20617 2012 3906 1 0 0 0 0 0 0 1 1 2 0 R 0
519 12894 25820 997 24849 979 4161 1 0 0 0 0 0 0 1 1 1 0 R 0
520 12921 26506 791 26519 762 5123 1 0 0 0 0 0 0 1 1 1 0 R 0
521 12945 22433 611 22462 580 5861 1 0 0 0 0 0 0 1 1 1 0 R 0
522 12964 18972 595 19003 562 4287 1 0 0 0 0 0 0 1 1 1 0 R 0
523 12989 24552 914 24577 899 4940 1 0 0 0 0 0 0 1 1 1 0 R 0
524 13019 29060 971 29078 958 6104 1 0 0 0 0 0 0 1 1 2 0 R 0
525 13050 29378 765 29391 746 13493 1 0 0 0 0 0 0 1 1 1 0 R 0
526 13071 20149 616 20172 582 3800 1 0 0 0 0 0 0 1 1 1 0 R 0
527 13096 24573 1119 24702 999 5260 1 0 0 0 0 0 0 1 1 1 0 R 0
528 13126 28899 950 28926 922 4779 1 0 0 0 0 0 0 1 1 1 0 R 0
529 13152 25322 617 25349 586 6732 1 0 0 0 0 0 0 1 1 1 0 R 0
530 13173 19792 592 19820 562 4221 1 0 0 0 0 0 0 1 1 1 0 R 0
531 13199 25894 1422 26178 1258 5994 1 0 0 0 0 0 0 1 1 1 0 R 0
532 13224 24054 626 23974 592 4714 1 0 0 0 0 0 0 1 1 1 0 R 0
533 13246 20547 1108 20577 1076 4292 1 0 0 0 0 0 0 1 1 2 0 R 0
534 13268 21066 580 21095 553 4623 1 0 0 0 0 0 0 1 1 1 0 R 0
535 13290 21726 612 21749 587 3759 1 0 0 0 0 0 0 1 1 1 0 R 0
536 13320 28928 1055 28949 1039 6405 1 0 0 0 0 0 0 1 1 1 0 R 0
537 13343 22648 626 22676 590 7284 1 0 0 0 0 0 0 1 1 1 0 R 0
538 13365 20589 608 20618 580 4799 1 0 0 0 0 0 0 1 1 1 0 R 0
539 13386 20982 626 21015 591 4119 1 0 0 0 0 0 0 1 1 1 0 R 0
540 13415 28182 824 28221 791 11189 1 0 0 0 0 0 0 1 1 2 0 R 0
541 13440 24658 783 24683 754 3861 1 0 0 0 0 0 0 1 1 1 0 R 0
542 13461 20136 602 20164 574 3828 1 0 0 0 0 0 0 1 1 1 0 R 0
543 13481 18971 592 19002 561 4410 1 0 0 0 0 0 0 1 1 2 0 R 0
544 13510 28523 960 28549 932 4425 1 0 0 0 0 0 0 1 1 1 0 R 0
545 13538 27272 990 27294 977 5791 1 0 0 0 0 0 0 1 1 1 0 R 0
546 13561 21590 689 21610 670 4387 1 0 0 0 0 0 0 1 1 1 0 R 0
547 13580 18396 607 18416 576 3930 1 0 0 0 0 0 0 1 1 1 0 R 0
548 13606 25888 1725 26013 1715 6612 1 0 0 0 0 0 0 1 1 1 0 R 0
549 13636 27703 993 27710 980 4461 1 0 0 0 0 0 0 1 1 1 0 R 0
550 13660 22779 583 22699 559 6683 1 0 0 0 0 0 0 1 1 1 0 R 0
551 13679 18708 691 18753 646 3787 1 0 0 0 0 0 0 1 1 1 0 R 0
552 13703 23142 1284 23265 1185 3942 1 0 0 0 0 0 0 1 1 1 0 R 0
553 13732 28234 1740 27549 1726 8909 1 0 1 0 0 0 0 1 1 1 0 R 0
554 13757 23007 1007 23024 977 6503 1 0 0 0 0 1 0 1 1 1 0 R 0
555 13781 22877 665 22902 636 9642 1 0 0 0 0 0 0 1 1 2 0 R 0
556 13805 23196 926 23319 807 3755 1 0 0 0 0 0 0 1 1 1 0 R 0
557 13833 26983 1268 27003 1250 6623 1 0 0 0 0 0 0 1 1 1 0 R 0
558 13859 25374 591 25393 564 6461 1 0 0 0 0 0 0 1 1 1 0 R 0
559 13879 19461 590 19490 562 3811 1 0 0 0 0 0 0 1 1 1 0 R 0
560 13901 21360 782 21387 756 3887 1 0 0 0 0 0 0 1 1 1 0 R 0
561 13928 25931 1197 25948 1186 6371 1 0 0 0 0 0 0 1 1 2 0 R 0
562 13956 27184 1716 27298 1705 7439 1 0 0 0 0 0 0 1 1 1 0 R 0
563 13980 22134 657 22058 624 4234 1 0 0 0 0 0 0 1 1 2 0 R 0
564 14002 21208 990 21234 968 4008 1 0 0 0 0 0 0 1 1 1 0 R 0
565 14027 23638 1523 23664 1510 7212 1 0 0 0 0 0 0 1 1 1 0 R 0
566 14056 27966 999 28183 773 7373 1 0 0 0 0 0 0 1 1 1 0 R 0
567 14080 22357 610 22379 581 6823 1 0 0 0 0 0 0 1 1 0 0 R 0
568 14102 21802 643 21830 611 3911 1 0 0 0 0 0 0 1 1 1 0 R 0
569 14126 23737 644 23781 608 5173 1 0 0 0 0 0 0 1 1 2 0 R 0
570 14153 26008 603 26033 575 13072 1 0 0 0 0 0 0 1 1 1 0 R 0
571 14175 21008 609 21043 574 4188 1 0 0 0 0 0 0 1 1 1 0 R 0
572 14196 20505 609 20538 576 4432 1 0 0 0 0 0 0 1 1 1 0 R 0
573 14222 25282 1315 25310 1310 5718 1 0 0 0 0 0 0 1 1 1 0 R 0
574 14251 27509 1113 27609 999 4896 1 0 0 0 0 0 0 1 1 1 0 R 0
575 14274 22578 667 22602 634 6425 1 0 0 0 0 0 0 1 1 1 0 R 0
576 14294 19020 597 19053 563 4223 1 0 0 0 0 0 0 1 1 1 0 R 0
577 14319 24394 939 24426 1030 4297 1 0 0 0 0 0 0 1 1 1 0 R 0
578 14348 28369 857 28267 965 6790 1 0 0 0 0 0 0 1 1 1 0 R 0
579 14372 22970 612 22877 578 7127 1 0 0 0 0 0 0 1 1 1 0 R 0
580 14393 19908 596 19941 565 4259 1 0 0 0 0 0 0 1 1 2 0 R 0
581 14415 21736 630 21770 782 4075 1 0 0 0 0 1 0 1 1 1 0 R 0
582 14444 28368 1257 28212 1355 5575 1 0 0 0 0 0 0 1 1 1 0 R 0
583 14472 26335 617 26240 585 7254 1 0 0 0 0 0 0 1 1 1 0 R 0
584 14492 19881 769 19938 710 4584 1 0 0 0 0 0 0 1 1 1 0 R 0
585 14516 23523 923 23557 895 8306 1 0 0 0 0 0 0 1 1 2 0 R 0
586 14542 24704 1288 24725 1266 5713 1 0 0 0 0 0 0 1 1 1 0 R 0
587 14570 26707 615 26735 580 7593 1 0 0 0 0 0 0 1 1 1 0 R 0
588 14591 20107 601 20136 573 4033 1 0 0 0 0 0 0 1 1 1 0 R 0
589 14613 21332 605 21368 569 3769 1 0 0 0 0 0 0 1 1 1 0 R 0
590 14638 25251 688 25301 641 4814 1 0 0 0 0 0 0 1 1 1 0 R 0
591 14665 26053 1089 26081 1181 5810 1 0 0 0 0 0 0 1 1 1 0 R 0
592 14691 24958 593 24867 563 6673 1 0 0 0 0 0 0 1 1 1 0 R 0
593 14711 19174 1561 19201 1641 3800 1 0 0 0 0 0 0 1 1 1 0 R 0
594 14740 27129 603 27050 574 4519 1 0 0 0 0 0 0 1 1 2 0 R 0
595 14769 28905 1131 27943 1020 5243 1 0 1 0 0 0 0 1 1 1 0 R 0
596 14791 20828 612 20844 585 4087 1 0 0 0 0 0 0 1 1 1 0 R 0
597 14810 18534 604 18560 573 3775 1 0 0 0 0 0 0 1 1 1 0 R 0
598 14837 26092 1833 26218 1727 6454 1 0 0 0 0 0 0 1 1 1 0 R 0
599 14864 25325 1039 25338 1112 4661 1 0 0 0 0 0 0 1 1 1 0 R 0
600 14892 26634 614 26561 587 12505 1 0 0 0 0 0 0 1 1 2 0 R 0
601 14912 19932 606 19956 578 4153 1 0 0 0 0 0 0 1 1 1 0 R 0
602 14939 26067 1232 26092 1221 5950 1 0 0 0 0 0 0 1 1 1 0 R 0
603 14967 26558 1681 26672 1571 4353 1 0 0 0 0 0 0 1 1 1 0 R 0
604 14990 21926 642 21933 621 6948 1 0 0 0 0 0 0 1 1 1 0 R 0
605 15010 18852 591 18880 562 3786 1 0 0 0 0 0 0 1 1 1 0 R 0
606 15035 24516 2139 24634 2037 3690 1 0 0 0 0 1 0 1 1 2 0 R 0
607 15064 26460 1007 26475 981 5895 1 0 0 0 0 0 0 1 1 1 0 R 0
608 15089 24566 599 24585 577 5949 1 0 0 0 0 0 0 1 1 2 0 R 0
609 15110 20501 667 20545 621 3785 1 0 0 0 0 0 0 1 1 1 0 R 0
610 15132 20606 716 20660 659 3686 1 0 0 0 0 0 0 1 1 1 0 R 0
611 15157 24687 1775 24719 1763 7253 1 0 0 0 0 0 0 1 1 1 0 R 0
612 15186 26868 615 26882 585 5584 1 0 0 0 0 0 0 1 1 1 0 R 0
613 15206 19928 616 19963 582 3759 1 0 0 0 0 0 0 1 1 1 0 R 0
614 15228 21393 589 21415 563 3792 1 0 0 0 0 0 0 1 1 1 0 R 0
615 15257 27960 1514 27993 1492 13039 1 0 0 0 0 0 0 1 1 1 0 R 0
616 15286 27520 606 27537 583 8050 1 0 0 0 0 0 0 1 1 1 0 R 0
617 15306 19111 591 19137 559 3999 1 0 0 0 0 0 0 1 1 1 0 R 0
618 15325 19141 1844 19214 1783 3722 1 0 0 0 0 0 0 1 1 1 0 R 0
619 15354 26968 622 26995 587 3920 1 0 0 0 0 0 0 1 1 1 0 R 0
620 15384 28855 988 28880 967 5822 1 0 0 0 0 0 0 1 1 1 0 R 0
621 15405 20725 616 20755 580 3857 1 0 0 0 0 0 0 1 1 2 0 R 0
622 15425 18824 601 18859 569 3794 1 0 0 0 0 0 0 1 1 1 0 R 0
623 15450 25156 612 25187 581 5806 1 0 0 0 0 0 0 1 1 1 0 R 0
624 15471 20184 596 20215 566 3947 1 0 0 0 0 0 0 1 1 1 0 R 0
625 15491 18966 765 19011 722 3763 1 0 0 0 0 0 0 1 1 1 0 R 0
626 15513 21849 608 21880 572 5448 1 0 0 0 0 0 0 1 1 1 0 R 0
627 15536 21666 617 21699 593 4278 1 0 0 0 0 0 0 1 1 2 0 R 0
628 15561 25134 600 25163 570 4323 1 0 0 0 0 0 0 1 1 1 0 R 0
629 15591 28509 842 28628 722 7641 1 0 0 0 0 0 0 1 1 1 0 R 0
630 15614 22612 616 22639 599 9403 1 0 0 0 0 0 0 1 1 1 0 R 0
631 15635 20714 1178 20833 1050 4253 1 0 0 0 0 0 0 1 1 1 0 R 0
632 15663 26129 602 26156 573 3782 1 0 0 0 0 0 0 1 1 1 0 R 0
633 15690 27221 1002 27346 874 6671 1 0 0 0 0 0 0 1 1 1 0 R 0
634 15718 26758 596 26123 571 7511 1 0 1 0 0 0 0 1 1 1 0 R 0
635 15740 21220 662 21258 628 3762 1 0 0 0 0 0 0 1 1 1 0 R 0
636 15766 24893 658 24922 630 4934 1 0 0 0 0 0 0 1 1 1 0 R 0
637 15794 27448 997 27469 983 6237 1 0 0 0 0 0 0 1 1 2 0 R 0
638 15820 24848 613 24862 586 6374 1 0 0 0 0 0 0 1 1 1 0 R 0
639 15841 20617 932 20668 885 3739 1 0 0 0 0 0 0 1 1 1 0 R 0
640 15869 26900 666 26934 1028 5199 1 0 0 0 0 0 0 1 1 1 0 R 0
641 15891 21432 608 21068 574 4214 1 0 0 0 0 0 0 1 1 1 0 R 0
642 15914 22534 605 22569 574 4188 1 0 0 0 0 0 0 1 1 1 0 R 0
643 15934 19527 612 19554 583 4645 1 0 0 0 0 0 0 1 1 1 0 R 0
644 15959 24570 1002 24591 985 4962 1 0 0 0 0 0 0 1 1 2 0 R 0
645 15991 31225 1062 31253 1032 12093 1 0 0 0 0 0 0 1 1 1 0 R 0
646 16015 22935 601 22965 573 7005 1 0 0 0 0 0 0 1 1 1 0 R 0
647 16035 19459 602 19486 571 3763 1 0 0 0 0 1 0 1 1 1 0 R 0
648 16061 24750 1054 24801 1020 3779 1 0 0 0 0 0 0 1 1 1 0 R 0
649 16090 27923 882 27933 981 6630 1 0 0 0 0 0 0 1 1 1 0 R 0
650 16116 24975 620 24885 585 7134 1 0 0 0 0 0 0 1 1 1 0 R 0
651 16135 18735 596 18770 565 3763 1 0 0 0 0 0 0 1 1 1 0 R 0
652 16160 24073 989 24100 961 4341 1 0 0 0 0 0 0 1 1 1 0 R 0
653 16189 28761 1103 28895 973 7854 1 0 0 0 0 0 0 1 1 2 0 R 0
654 16214 23622 623 23649 594 7253 1 0 0 0 0 0 0 1 1 1 0 R 0
655 16235 19792 590 19819 562 4395 1 0 0 0 0 0 0 1 1 1 0 R 0
656 16257 21555 624 21592 1120 3772 1 0 0 0 0 0 0 1 1 1 0 R 0
657 16284 26408 1193 25904 1187 6128 1 0 0 0 0 0 0 1 1 1 0 R 0
658 16312 27491 846 27525 787 5391 1 0 0 0 0 0 0 1 1 1 0 R 0
659 16333 19794 772 19826 748 4758 1 0 0 0 0 0 0 1 1 2 0 R 0
660 16360 25713 709 25754 659 8647 1 0 0 0 0 0 0 1 1 1 0 R 0
661 16387 26830 1584 26954 1479 6193 1 0 0 0 0 0 0 1 1 1 0 R 0
662 16419 30091 922 30182 816 7123 1 0 0 0 0 0 0 1 1 1 0 R 0
663 16441 21711 619 21744 588 4364 1 0 0 0 0 0 0 1 1 1 0 R 0
664 16462 20074 1432 20104 1409 4170 1 0 0 0 0 0 0 1 1 1 0 R 0
665 16489 25828 1171 25951 1050 7629 1 0 0 0 0 0 0 1 1 1 0 R 0
666 16517 26508 920 26525 894 8073 1 0 0 0 0 0 0 1 1 2 0 R 0
667 16537 19350 1280 19828 813 4417 1 0 0 0 0 0 0 1 1 1 0 R 0
668 16560 21136 593 21147 572 3793 1 0 0 0 0 0 0 1 1 1 0 R 0
669 16585 24834 704 24884 664 4945 1 0 0 0 0 0 0 1 1 1 0 R 0
670 16616 30167 961 30182 942 6318 1 0 0 0 0 0 0 1 1 1 0 R 0
671 16636 18873 610 18895 581 3959 1 0 0 0 0 0 0 1 1 1 0 R 0
672 16657 20388 1667 21471 589 3724 1 0 0 0 0 0 0 1 1 2 0 R 0
673 16685 26484 792 25822 681 3817 1 0 1 0 0 0 0 1 1 1 0 R 0
674 16715 28973 1484 29035 1424 5421 1 0 0 0 0 0 0 1 1 1 0 R 0
675 16740 23576 604 23598 578 9704 1 0 0 0 0 0 0 1 1 1 0 R 0
676 16761 20581 1181 20644 1125 3758 1 0 0 0 0 0 0 1 1 1 0 R 0
677 16789 26811 590 26830 564 4517 1 0 0 0 0 0 0 1 1 1 0 R 0
678 16817 27364 1519 27391 1604 5280 1 0 0 0 0 0 0 1 1 2 0 R 0
679 16842 23053 828 23184 591 7502 1 0 0 0 0 0 0 1 1 1 0 R 0
680 16863 20718 984 20744 961 4059 1 0 0 0 0 0 0 1 1 1 0 R 0
681 16891 27063 611 27085 580 4396 1 0 0 0 0 0 0 1 1 1 0 R 0
682 16921 28855 882 28880 860 6979 1 0 0 0 0 0 0 1 1 1 0 R 0
683 16942 20182 607 20210 572 4187 1 0 0 0 0 0 0 1 1 1 0 R 0
684 16962 19328 652 19387 604 4255 1 0 0 0 0 0 0 1 1 1 0 R 0
685 16989 27041 711 27075 669 6199 1 0 0 0 0 0 0 1 1 1 0 R 0
686 17020 29477 1021 29507 992 4012 1 0 0 0 0 0 0 1 1 2 0 R 0
687 17044 23772 604 23800 576 6995 1 0 0 0 0 0 0 1 1 1 0 R 0
688 17065 20084 613 20114 584 4314 1 0 0 0 0 0 0 1 1 1 0 R 0
689 17093 27291 1022 27324 1092 4115 1 0 0 0 0 0 0 1 1 1 0 R 0
690 17125 31501 1059 31521 955 12298 1 0 0 0 0 0 0 1 1 1 0 R 0
691 17147 20022 615 20034 582 4016 1 0 0 0 0 0 0 1 1 1 0 R 0
692 17167 19755 896 19781 877 4366 1 0 0 0 0 0 0 1 1 1 0 R 0
693 17190 21765 649 21787 628 4175 1 0 0 0 0 0 0 1 1 2 0 R 0
694 17215 24783 1111 24896 994 5443 1 0 0 0 0 0 0 1 1 1 0 R 0
695 17239 23386 657 23432 621 6298 1 0 0 0 0 0 0 1 1 1 0 R 0
696 17260 20138 602 20150 577 4201 1 0 0 0 0 0 0 1 1 1 0 R 0
697 17282 20933 990 21055 981 3692 1 0 0 0 0 0 0 1 1 2 0 R 0
698 17310 26889 990 26893 875 7138 1 0 0 0 0 0 0 1 1 1 0 R 0
699 17341 29841 785 29874 756 6186 1 0 0 0 0 0 0 1 1 1 0 R 0
700 17362 21166 990 21194 961 5047 1 0 0 0 0 0 0 1 1 1 0 R 0
701 17386 22541 844 22571 817 4477 1 0 0 0 0 0 0 1 1 1 0 R 0
702 17412 25548 910 25572 873 5036 1 0 0 0 0 0 0 1 1 1 0 R 0
703 17440 27124 1423 27156 1411 5772 1 0 0 0 0 0 0 1 1 1 0 R 0
704 17463 21219 683 21234 654 4719 1 0 0 0 0 0 0 1 1 2 0 R 0
705 17489 24913 851 24937 828 8335 1 0 0 0 0 0 0 1 1 1 0 R 0
706 17515 25775 1164 25904 1037 6132 1 0 0 0 0 0 0 1 1 1 0 R 0
707 17539 22355 591 22382 561 6216 1 0 0 0 0 0 0 1 1 0 0 R 0
708 17563 23188 1267 23224 1244 5482 1 0 0 0 0 1 0 1 1 1 0 R 0
709 17585 20853 610 20871 580 4395 1 0 0 0 0 0 0 1 1 2 0 R 0
710 17612 26538 991 26570 965 5208 1 0 0 0 0 0 0 1 1 1 0 R 0
711 17641 28335 606 28359 579 6457 1 0 0 0 0 0 0 1 1 1 0 R 0
712 17662 19798 630 19826 600 4312 1 0 0 0 0 0 0 1 1 1 0 R 0
713 17682 19891 1005 20018 1333 4514 1 0 0 0 0 0 0 1 1 1 0 R 0
714 17707 23997 2429 23577 1978 4089 1 0 0 0 1 0 0 1 1 1 0 R 0
715 17736 26877 1769 26893 1865 5724 1 0 0 0 0 0 0 1 1 2 0 R 0
716 17762 24237 694 24167 654 7459 1 0 0 0 0 0 0 1 1 1 0 R 0
717 17782 18787 590 18796 564 4299 1 0 0 0 0 0 0 1 1 1 0 R 0
718 17811 28329 881 28354 854 4626 1 0 0 0 0 0 0 1 1 1 0 R 0
719 17839 27110 1019 27234 898 6214 1 0 0 0 0 0 0 1 1 1 0 R 0
720 17864 23880 604 23906 576 10449 1 0 0 0 0 0 0 1 1 1 0 R 0
721 17883 19014 604 19041 575 4329 1 0 0 0 0 0 0 1 1 1 0 R 0
722 17912 28310 1065 28336 1042 6161 1 0 0 0 0 0 0 1 1 1 0 R 0
723 17941 27558 1147 27588 1125 5243 1 0 0 0 0 0 0 1 1 1 0 R 0
724 17966 24387 774 24413 745 7337 1 0 0 0 0 0 0 1 1 2 0 R 0
725 17988 20634 1497 20648 1476 3688 1 0 0 0 0 0 0 1 1 1 0 R 0
726 18016 26380 1245 26412 1243 3917 1 0 0 0 0 0 0 1 1 1 0 R 0
727 18045 27660 1056 27662 1025 5690 1 0 0 0 0 0 0 1 1 1 0 R 0
728 18071 24846 605 24869 579 7096 1 0 0 0 0 0 0 1 1 1 0 R 0
729 18090 19156 1638 19186 1632 3789 1 0 0 0 0 0 0 1 1 1 0 R 0
730 18119 27027 833 27049 787 4308 1 0 0 0 0 0 0 1 1 1 0 R 0
731 18140 19866 602 19897 571 4949 1 0 0 0 0 0 0 1 1 1 0 R 0
732 18162 22044 942 22072 918 4157 1 0 0 0 0 0 0 1 1 2 0 R 0
733 18183 19895 967 19964 913 4881 1 0 0 0 0 0 0 1 1 1 0 R 0
734 18213 28994 1307 29034 1250 4305 1 0 0 0 0 0 0 1 1 2 0 R 0
735 18257 42382 1739 42445 1688 13311 1 0 0 0 0 0 0 1 1 5 0 R 0
736 18280 21842 608 21856 581 7963 1 0 0 0 0 0 0 1 1 1 0 R 0
737 18302 21240 591 21268 564 3975 1 0 0 0 0 0 0 1 1 1 0 R 0
738 18330 27292 1112 27418 990 6389 1 0 0 0 0 0 0 1 1 1 0 R 0
739 18359 27674 587 27695 564 7097 1 0 0 0 0 0 0 1 1 2 0 R 0
740 18380 20561 602 20581 577 3935 1 0 0 0 0 1 0 1 1 1 0 R 0
741 18402 20977 596 21007 569 4047 1 0 0 0 0 0 0 1 1 1 0 R 0
742 18430 27414 1005 27442 982 5356 1 0 0 0 0 0 0 1 1 1 0 R 0
743 18454 23276 853 23307 818 5848 1 0 0 0 0 0 0 1 1 2 0 R 0
744 18480 24992 644 25017 615 5456 1 0 0 0 0 0 0 1 1 1 0 R 0
745 18499 18615 601 18647 570 3999 1 0 0 0 0 0 0 1 1 1 0 R 0
746 18529 29083 660 29124 622 4477 1 0 0 0 0 0 0 1 1 1 0 R 0
747 18556 26432 962 26466 926 5788 1 0 0 0 0 0 0 1 1 1 0 R 0
748 18581 23904 894 23934 876 6162 1 0 0 0 0 0 0 1 1 1 0 R 0
749 18601 19879 602 19896 571 3748 1 0 0 0 0 0 0 1 1 1 0 R 0
750 18633 30810 764 30839 741 10642 1 0 0 0 0 0 0 1 1 1 0 R 0
751 18659 25519 603 25543 579 6981 1 0 0 0 0 0 0 1 1 1 0 R 0
752 18683 23423 989 23109 825 3707 1 0 1 0 0 0 0 1 1 1 0 R 0
753 18703 18892 748 18943 702 4370 1 0 0 0 0 0 0 1 1 3 0 R 0
754 18731 27030 985 27149 977 4884 1 0 0 0 0 0 0 1 1 1 0 R 0
755 18761 29053 912 28966 889 5313 1 0 0 0 0 0 0 1 1 1 0 R 0
756 18786 24153 849 24175 826 5954 1 0 0 0 0 0 0 1 1 1 0 R 0
757 18806 19092 625 19124 589 3812 1 0 0 0 0 0 0 1 1 1 0 R 0
758 18835 28531 891 28557 867 3808 1 0 0 0 0 0 0 1 1 1 0 R 0
759 18862 26225 1615 26348 1504 4917 1 0 0 0 0 0 0 1 1 1 0 R 0
760 18886 21959 649 21976 619 5423 1 0 0 0 0 0 0 1 1 2 0 R 0
761 18905 18570 598 18600 571 3766 1 0 0 0 0 0 0 1 1 1 0 R 0
762 18932 26867 607 26892 579 5705 1 0 0 0 0 0 0 1 1 0 0 R 0
763 18961 27929 969 27958 944 4833 1 0 0 0 0 0 0 1 1 1 0 R 0
764 18989 26873 598 26894 571 8031 1 0 0 0 0 0 0 1 1 1 0 R 0
765 19011 21772 589 21803 558 8247 1 0 0 0 0 0 0 1 1 1 0 R 0
766 19038 26199 981 26221 968 4525 1 0 0 0 0 0 0 1 1 3 0 R 0
767 19065 26051 1164 26167 1059 4808 1 0 0 0 0 0 0 1 1 1 0 R 0
768 19088 22236 666 22244 639 5599 1 0 0 0 0 0 0 1 1 1 0 R 0
769 19107 18009 1090 18065 1040 3691 1 0 0 0 0 0 0 1 1 1 0 R 0
770 19132 24141 1754 24166 1735 3744 1 0 0 0 0 0 0 1 1 1 0 R 0
771 19161 26490 1005 26506 989 7004 1 0 0 0 0 0 0 1 1 1 0 R 0
772 19185 23592 650 23608 624 7469 1 0 0 0 0 0 0 1 1 1 0 R 0
773 19205 19146 592 19174 564 3773 1 0 0 0 0 0 0 1 1 1 0 R 0
774 19226 20754 818 20788 889 4130 1 0 0 0 0 0 0 1 1 2 0 R 0
775 19254 27223 995 27147 971 6130 1 0 0 0 0 0 0 1 1 0 0 R 0
776 19285 29266 1039 29371 935 5894 1 0 0 0 0 0 0 1 1 1 0 R 0
777 19307 21210 932 21232 910 4711 1 0 0 0 0 0 0 1 1 1 0 R 0
778 19329 21325 908 21345 880 4070 1 0 0 0 0 0 0 1 1 1 0 R 0
779 19356 25943 1012 25978 988 6934 1 0 0 0 0 0 0 1 1 1 0 R 0
780 19390 33322 1191 33341 1174 13407 1 0 0 0 0 0 0 1 1 1 0 R 0
781 19412 20173 643 20195 615 4895 1 0 0 0 0 0 0 1 1 1 0 R 0
782 19433 20386 999 20411 982 4356 1 0 0 0 0 0 0 1 1 2 0 R 0
783 19459 24947 1145 25045 1039 6333 1 0 0 0 0 0 0 1 1 1 0 R 0
784 19479 19199 583 19222 553 3730 1 0 0 0 0 0 0 1 1 1 0 R 0
785 19502 21962 623 21999 588 4017 1 0 0 0 0 0 0 1 1 1 0 R 0
786 19522 19714 597 19745 565 4179 1 0 0 0 0 0 0 1 1 1 0 R 0
787 19550 27180 1233 27211 1215 5255 1 0 0 0 0 0 0 1 1 1 0 R 0
788 19579 27834 952 27949 826 4607 1 0 0 0 0 0 0 1 1 1 0 R 0
789 19601 21304 605 21328 579 6499 1 0 0 0 0 0 0 1 1 2 0 R 0
790 19621 19218 580 19243 555 3731 1 0 0 0 0 0 0 1 1 1 0 R 0
791 19645 23625 1072 23664 1149 5332 1 0 0 0 0 0 0 1 1 1 0 R 0
792 19675 28686 1036 28599 1010 5226 1 0 0 0 0 0 0 1 1 1 0 R 0
793 19703 26795 1163 27212 749 6648 1 0 0 0 0 0 0 1 1 1 0 R 0
794 19725 20964 602 20677 580 5710 1 0 1 0 0 0 0 1 1 2 0 R 0
795 19754 28603 792 28626 772 9475 1 0 0 0 0 0 0 1 1 1 0 R 0
796 19783 28310 1229 28327 1209 5036 1 0 0 0 0 0 0 1 1 1 0 R 0
797 19805 20849 615 20876 584 5609 1 0 0 0 0 0 0 1 1 1 0 R 0
798 19825 19484 588 19515 557 3841 1 0 0 0 0 0 0 1 1 1 0 R 0
799 19851 24823 1052 24853 1024 4589 1 0 0 0 0 0 0 1 1 1 0 R 0
800 19879 27442 987 27467 966 6008 1 0 0 0 0 0 0 1 1 2 0 R 0
801 19903 22562 1008 22588 982 7626 1 0 0 0 0 0 0 1 1 1 0 R 0
802 19923 18920 591 18943 564 4272 1 0 0 0 0 0 0 1 1 1 0 R 0
803 19945 22149 914 22178 878 4047 1 0 0 0 0 0 0 1 1 1 0 R 0
804 19973 26702 1002 26735 972 6700 1 0 0 0 0 0 0 1 1 1 0 R 0
805 20001 27518 1018 27549 1011 7312 1 0 0 0 0 0 0 1 1 1 0 R 0
806 20023 20817 608 20827 577 6165 1 0 0 0 0 0 0 1 1 1 0 R 0
807 20044 20191 623 20223 594 4145 1 0 0 0 0 0 0 1 1 1 0 R 0
808 20073 27979 1261 28016 1238 6847 1 0 0 0 0 0 0 1 1 1 0 R 0
809 20100 26398 592 26404 571 7440 1 0 0 0 0 0 0 1 1 1 0 R 0
810 20123 22257 1297 22286 1290 8937 1 0 0 0 0 1 0 1 1 1 0 R 0
811 20146 21021 742 21036 702 4276 1 0 0 0 0 0 0 1 1 1 0 R 0
812 20172 26136 979 26257 1182 5832 1 0 0 0 0 0 0 1 1 2 0 R 0
813 20202 28562 1112 28359 1007 6842 1 0 0 0 0 0 0 1 1 1 0 R 0
814 20226 23449 745 23490 705 5848 1 0 0 0 0 0 0 1 1 1 0 R 0
815 20248 21094 589 21107 561 3735 1 0 0 0 0 0 0 1 1 1 0 R 0
816 20273 23583 950 23635 902 5635 1 0 0 0 0 0 0 1 1 1 0 R 0
817 20298 25022 853 25041 840 6207 1 0 0 0 0 0 0 1 1 1 0 R 0
818 20320 20875 605 20890 583 4285 1 0 0 0 0 0 0 1 1 1 0 R 0
819 20340 19548 588 19574 560 3801 1 0 0 0 0 0 0 1 1 1 0 R 0
820 20366 24870 1271 24905 1258 5687 1 0 0 0 0 0 0 1 1 2 0 R 0
821 20394 26974 1028 26988 1011 4016 1 0 0 0 0 0 0 1 1 0 0 R 0
822 20418 22925 717 22941 687 7076 1 0 0 0 0 0 0 1 1 1 0 R 0
823 20438 19687 623 19706 601 4096 1 0 0 0 0 0 0 1 1 2 0 R 0
824 20461 22111 950 22139 1030 3749 1 0 0 0 0 0 0 1 1 1 0 R 0
825 20492 30371 1067 30293 1041 12357 1 0 0 0 0 0 0 1 1 1 0 R 0
826 20516 22911 743 22940 715 7346 1 0 0 0 0 0 0 1 1 1 0 R 0
827 20536 18725 613 18756 579 3767 1 0 0 0 0 0 0 1 1 1 0 R 0
828 20557 20789 1307 21334 765 3866 1 0 0 0 0 0 0 1 1 1 0 R 0
829 20586 26893 992 26916 973 5935 1 0 0 0 0 0 0 1 1 2 0 R 0
830 20614 27146 618 27172 582 5844 1 0 0 0 0 0 0 1 1 1 0 R 0
831 20634 20054 606 20083 582 4697 1 0 0 0 0 0 0 1 1 1 0 R 0
832 20656 21004 669 21036 636 4211 1 0 0 0 0 0 0 1 1 1 0 R 0
833 20681 24674 619 24705 590 4846 1 0 0 0 0 1 0 1 1 1 0 R 0
834 20712 30074 931 30349 669 6264 1 0 0 0 0 0 0 1 1 1 0 R 0
835 20732 18943 616 18960 588 4577 1 0 0 0 0 0 0 1 1 1 0 R 0
836 20755 22831 840 22606 819 4260 1 0 1 0 0 0 0 1 1 1 0 R 0
837 20782 26229 1246 26255 1236 3658 1 0 0 0 0 0 0 1 1 1 0 R 0
838 20812 28128 1005 28131 982 6666 1 0 0 0 0 0 0 1 1 1 0 R 0
839 20833 19765 616 19791 590 4313 1 0 0 0 0 0 0 1 1 1 0 R 0
840 20858 24807 946 24820 944 8029 1 0 0 0 0 0 0 1 1 2 0 R 0
841 20884 25276 605 25293 577 3685 1 0 0 0 0 0 0 1 1 1 0 R 0
842 20913 27868 935 27893 913 5823 1 0 0 0 0 0 0 1 1 1 0 R 0
843 20935 21214 616 21235 588 4317 1 0 0 0 0 0 0 1 1 1 0 R 0
844 20955 19740 582 19763 555 4318 1 0 0 0 0 0 0 1 1 1 0 R 0
845 20983 27110 1289 27144 1272 5130 1 0 0 0 0 0 0 1 1 1 0 R 0
846 21006 22229 1942 22259 1923 4824 1 0 0 0 0 0 0 1 1 1 0 R 0
847 21034 26089 839 26091 813 7390 1 0 0 0 0 0 0 1 1 1 0 R 0
848 21055 19834 614 19865 582 4481 1 0 0 0 0 0 0 1 1 1 0 R 0
849 21081 25044 604 25071 577 5285 1 0 0 0 0 0 0 1 1 1 0 R 0
850 21112 30465 1540 30538 1479 6580 1 0 0 0 0 0 0 1 1 2 0 S 0
851 21139 25541 654 25575 610 5247 1 0 0 0 0 0 0 1 1 1 0 R 0
852 21165 25600 1001 25625 974 8027 1 0 0 0 0 0 0 1 1 2 0 R 0
853 21192 25946 648 25972 622 4006 1 0 0 0 0 0 0 1 1 1 0 R 0
854 21221 28527 1318 28642 1232 6390 1 0 0 0 0 0 0 1 1 1 0 R 0
855 21247 24774 1035 25220 558 11972 1 0 0 0 0 0 0 1 1 1 0 R 0
856 21272 23256 1336 23291 1311 3777 1 0 0 0 0 0 0 1 1 1 0 R 0
857 21297 24105 1314 24132 1288 6295 1 0 0 0 0 0 0 1 1 1 0 R 0
858 21327 28282 1341 28400 1223 5127 1 0 0 0 0 0 0 1 1 1 0 R 0
859 21349 21369 800 21388 779 4196 1 0 0 0 0 0 0 1 1 3 0 R 0
860 21372 22014 608 22038 577 3791 1 0 0 0 0 0 0 1 1 1 0 R 0
861 21399 26558 819 26606 773 5163 1 0 0 0 0 0 0 1 1 1 0 R 0
862 21423 23191 1103 23306 992 4710 1 0 0 0 0 0 0 1 1 1 0 R 0
863 21444 19830 604 19852 576 5068 1 0 0 0 0 0 0 1 1 1 0 R 0
864 21465 19566 601 19596 569 4479 1 0 0 0 0 0 0 1 1 0 0 R 0
865 21490 25180 1020 25213 1003 5217 1 0 0 0 0 0 0 1 1 2 0 R 0
866 21521 29257 891 29273 861 6383 1 0 0 0 0 0 0 1 1 1 0 R 0
867 21543 21920 621 21950 595 6547 1 0 0 0 0 0 0 1 1 1 0 R 0
868 21564 19830 662 19858 634 4460 1 0 0 0 0 0 0 1 1 1 0 R 0
869 21588 23785 995 23807 977 4428 1 0 0 0 0 0 0 1 1 1 0 R 0
870 21622 32247 725 32267 794 12029 1 0 0 0 0 0 0 1 1 2 0 R 0
871 21649 26785 597 26720 571 7368 1 0 0 0 0 0 0 1 1 0 0 R 0
872 21670 20043 639 20062 621 4438 1 0 0 0 0 0 0 1 1 2 0 R 0
873 21695 25058 856 25082 834 5209 1 0 0 0 0 0 0 1 1 1 0 R 0
874 21725 28720 1160 27592 1044 4881 1 0 1 0 0 0 0 1 1 1 0 R 0
875 21751 25182 621 25195 593 6828 1 0 0 0 0 0 0 1 1 1 0 R 0
876 21771 19349 589 19377 559 4164 1 0 0 0 0 0 0 1 1 1 0 R 0
877 21794 21719 1198 21845 1083 5376 1 0 0 0 0 0 0 1 1 1 0 R 0
878 21823 28664 1037 28685 1018 5950 1 0 0 0 0 0 0 1 1 1 0 R 0
879 21853 28260 971 28279 962 7971 1 0 0 0 0 0 0 1 1 1 0 R 0
880 21873 19725 616 19734 588 4467 1 0 0 0 0 0 0 1 1 1 0 R 0
881 21899 25097 1336 25119 1319 5050 1 0 0 0 0 0 0 1 1 2 0 R 0
882 21926 25751 2116 26037 1843 5607 1 0 0 0 0 0 0 1 1 1 0 R 0
883 21952 23399 646 23410 618 7689 1 0 0 0 0 0 0 1 1 2 0 R 0
884 21972 19662 669 19701 622 4180 1 0 0 0 0 0 0 1 1 1 0 R 0
885 21997 23955 2090 23988 2180 9573 1 0 0 0 0 0 0 1 1 1 0 R 0
886 22036 37390 1758 37333 1714 8221 1 0 0 0 0 0 0 1 1 4 0 R 0
887 22059 21090 651 21098 623 5577 1 0 0 0 0 0 0 1 1 0 0 R 0
888 22079 18927 585 18956 557 3798 1 0 0 0 0 0 0 1 1 1 0 R 0
889 22104 24801 1004 24833 979 5101 1 0 0 0 0 0 0 1 1 2 0 R 0
890 22133 28076 1248 28098 1233 5753 1 0 0 0 0 0 0 1 1 1 0 R 0
891 22161 26793 946 26811 935 6903 1 0 0 0 0 0 0 1 1 1 0 R 0
892 22182 20346 612 20356 582 4659 1 0 0 0 0 0 0 1 1 1 0 R 0
893 22207 24267 1480 24296 1472 5846 1 0 0 0 0 0 0 1 1 1 0 R 0
894 22236 27594 1552 27606 1645 4730 1 0 0 0 0 0 0 1 1 1 0 R 0
895 22261 22896 597 22800 569 5679 1 0 0 0 0 0 0 1 1 2 0 R 0
896 22281 20052 610 20081 580 3995 1 0 0 0 0 0 0 1 1 1 0 R 0
897 22307 25101 1607 25135 1689 4399 1 0 0 0 0 0 0 1 1 1 0 R 0
898 22337 28431 1662 28348 1642 6098 1 0 0 0 0 0 0 1 1 1 0 R 0
899 22365 26485 837 26504 813 7333 1 0 0 0 0 0 0 1 1 1 0 R 0
900 22391 24558 1623 24577 1615 8676 1 0 0 0 0 0 0 1 1 2 0 R 0
901 22421 28236 610 28255 572 5234 1 0 0 0 0 0 0 1 1 1 0 R 0
902 22450 28588 1193 28799 992 5483 1 0 0 0 0 0 0 1 1 1 0 R 0
903 22471 20227 617 20250 583 4180 1 0 0 0 0 0 0 1 1 2 0 R 0
904 22491 19109 591 19139 563 3704 1 0 0 0 0 0 0 1 1 1 0 R 0
905 22516 24846 2159 24876 2154 6130 1 0 0 0 0 0 0 1 1 1 0 R 0
906 22546 27650 1589 27655 1582 4005 1 0 0 0 0 0 0 1 1 1 0 R 0
907 22571 23217 620 23225 588 7657 1 0 0 0 0 0 0 1 1 1 0 R 0
908 22592 20703 605 20732 571 3695 1 0 0 0 0 0 0 1 1 1 0 R 0
909 22618 25177 753 25292 638 6185 1 0 0 0 0 0 0 1 1 1 0 R 0
910 22647 28234 1694 28272 1780 4561 1 0 0 0 0 0 0 1 1 1 0 R 0
911 22671 22160 637 22067 612 6881 1 0 0 0 0 0 0 1 1 2 0 R 0
912 22691 19204 586 19232 558 3709 1 0 0 0 0 0 0 1 1 1 0 R 0
913 22714 22447 2237 22499 2312 3744 1 0 0 0 0 1 0 1 1 1 0 R 0
914 22744 28432 1075 28335 1049 6318 1 0 0 0 0 0 0 1 1 1 0 R 0
915 22774 28480 610 27518 580 15033 1 0 1 0 0 0 0 1 1 1 0 R 0
916 22794 19627 608 19656 578 4192 1 0 0 0 0 0 0 1 1 2 0 R 0
917 22819 24261 994 24293 969 4145 1 0 0 0 0 0 0 1 1 1 0 R 0
918 22846 26250 1011 26277 983 6426 1 0 0 0 0 0 0 1 1 0 0 R 0
919 22871 23213 862 23264 809 6162 1 0 0 0 0 0 0 1 1 2 0 R 0
920 22891 19642 596 19668 575 3742 1 0 0 0 0 0 0 1 1 1 0 R 0
921 22912 20240 1053 20263 1038 3805 1 0 0 0 0 0 0 1 1 1 0 R 0
922 22939 26140 805 26148 798 6477 1 0 0 0 0 0 0 1 1 1 0 R 0
923 22968 28001 584 28007 562 7662 1 0 0 0 0 0 0 1 1 1 0 R 0
924 22989 19997 581 20023 551 3789 1 0 0 0 0 0 0 1 1 2 0 R 0
925 23011 21433 610 21467 582 3666 1 0 0 0 0 0 0 1 1 1 0 R 0
926 23037 25432 623 25464 596 5386 1 0 0 0 0 1 0 1 1 1 0 R 0
927 23065 27695 1039 27810 916 5326 1 0 0 0 0 0 0 1 1 1 0 R 0
928 23087 21029 982 21062 954 3973 1 0 0 0 0 0 0 1 1 1 0 R 0
929 23107 19240 1924 19267 1922 4114 1 0 0 0 0 0 0 1 1 1 0 R 0
930 23138 29276 598 29277 570 10415 1 0 0 0 0 0 0 1 1 1 0 R 0
931 23168 29107 957 29128 945 6992 1 0 0 0 0 0 0 1 1 1 0 R 0
932 23190 20730 602 20747 576 3817 1 0 0 0 0 0 0 1 1 2 0 R 0
933 23209 18488 612 18518 579 3671 1 0 0 0 0 0 0 1 1 1 0 R 0
934 23238 28654 855 28772 741 4580 1 0 0 0 0 0 0 1 1 1 0 R 0
935 23266 26587 1324 26623 1304 4627 1 0 0 0 0 0 0 1 1 1 0 R 0
936 23292 25399 617 25410 592 6872 1 0 0 0 0 0 0 1 1 1 0 R 0
937 23313 19746 1659 19775 1637 4156 1 0 0 0 0 0 0 1 1 1 0 R 0
938 23341 26896 604 26919 577 3885 1 0 0 0 0 0 0 1 1 1 0 R 0
939 23371 29359 1002 29480 876 5847 1 0 0 0 0 0 0 1 1 1 0 R 0
940 23393 20836 608 20867 579 4142 1 0 0 0 0 0 0 1 1 2 0 R 0
941 23412 18494 588 18524 557 4199 1 0 0 0 0 0 0 1 1 1 0 R 0
942 23441 28301 1153 28328 1138 6037 1 0 0 0 0 0 0 1 1 1 0 R 0
943 23471 28586 1024 28605 1004 5149 1 0 0 0 0 0 0 1 1 1 0 R 0
944 23496 24152 899 24171 870 7178 1 0 0 0 0 0 0 1 1 1 0 R 0
945 23522 25225 617 25257 582 7421 1 0 0 0 0 0 0 1 1 2 0 R 0
946 23546 22796 623 22834 585 4743 1 0 0 0 0 0 0 1 1 1 0 R 0
947 23575 28361 1251 28504 1224 6300 1 0 0 0 0 0 0 1 1 1 0 R 0
948 23597 21363 1005 21281 976 4169 1 0 0 0 0 0 0 1 1 1 0 R 0
949 23616 18019 888 18050 867 3964 1 0 0 0 0 0 0 1 1 1 0 R 0
950 23644 26625 1115 26731 1003 5264 1 0 0 0 0 0 0 1 1 1 0 R 0
951 23672 27697 996 27723 968 4415 1 0 0 0 0 0 0 1 1 2 0 R 0
952 23697 23130 601 23160 569 7730 1 0 0 0 0 0 0 1 1 1 0 R 0
953 23717 19781 1082 19805 1068 3989 1 0 0 0 1 0 0 1 1 1 0 R 0
954 23745 27126 1003 26849 976 5744 1 0 0 0 0 0 0 1 1 1 0 R 0
955 23775 28687 1029 28716 992 4039 1 0 0 0 0 0 0 1 1 1 0 R 0
956 23799 23363 604 23389 580 5526 1 0 0 0 0 0 0 1 1 1 0 R 0
957 23819 18978 587 19005 563 3773 1 0 0 0 0 0 0 1 1 1 0 R 0
958 23846 26119 1110 26240 1002 3766 1 0 0 0 0 0 0 1 1 2 0 R 0
959 23875 28186 1093 28204 1075 4744 1 0 0 0 0 0 0 1 1 1 0 R 0
960 23902 25941 603 25953 578 12910 1 0 0 0 0 0 0 1 1 1 0 R 0
961 23923 20077 607 20107 577 4301 1 0 0 0 0 0 0 1 1 2 0 R 0
962 23949 25403 986 25514 975 5725 1 0 0 0 0 0 0 1 1 1 0 R 0
963 23976 26672 1664 26703 1554 4709 1 0 0 0 0 0 0 1 1 0 0 R 0
964 24001 23161 610 23164 584 7182 1 0 0 0 0 0 0 1 1 2 0 R 0
965 24020 18389 647 18420 618 3804 1 0 0 0 0 0 0 1 1 1 0 R 0
966 24044 23433 1195 23546 1095 4128 1 0 0 0 0 0 0 1 1 1 0 R 0
967 24073 27768 1028 27788 1007 6993 1 0 0 0 0 0 0 1 1 1 0 R 0
968 24103 29323 793 29337 767 8061 1 0 0 0 0 0 0 1 1 1 0 R 0
969 24124 19553 662 19588 629 4137 1 0 0 0 0 0 0 1 1 2 0 R 0
970 24147 22457 1330 22486 1315 4120 1 0 0 0 0 0 0 1 1 1 0 R 0
971 24175 26916 1192 26931 1172 7043 1 0 0 0 0 0 0 1 1 1 0 R 0
972 24205 28896 858 28934 830 6318 1 0 0 0 0 0 0 1 1 1 0 R 0
973 24226 19546 638 19556 610 3799 1 0 0 0 0 0 0 1 1 1 0 R 0
974 24249 22524 1571 22551 1560 3801 1 0 0 0 0 0 0 1 1 1 0 R 0
975 24280 29747 620 29759 593 12274 1 0 0 0 0 0 0 1 1 1 0 R 0
976 24300 18949 705 18973 686 4007 1 0 0 0 0 0 0 1 1 1 0 R 0
977 24322 21316 601 21337 577 5970 1 0 0 0 0 0 0 1 1 1 0 R 0
978 24344 21281 612 21312 580 4286 1 0 0 0 0 0 0 1 1 1 0 R 0
979 24371 26342 1117 26460 998 6285 1 0 0 0 0 0 0 1 1 1 0 R 0
980 24400 28451 599 28479 575 7132 1 0 0 0 0 0 0 1 1 1 0 R 0
981 24420 19592 598 19615 567 3990 1 0 0 0 0 0 0 1 1 2 0 R 0
982 24442 21064 1308 21094 1286 3714 1 0 0 0 0 0 0 1 1 1 0 R 0
983 24469 25715 601 25739 569 4487 1 0 0 0 0 0 0 1 1 1 0 R 0
984 24498 28755 1197 28780 1179 5735 1 0 0 0 0 0 0 1 1 1 0 R 0
985 24520 20355 615 20384 581 3816 1 0 0 0 0 0 0 1 1 1 0 R 0
986 24540 19499 601 19525 574 3715 1 0 0 0 0 0 0 1 1 1 0 R 0
987 24569 28688 875 28806 758 4840 1 0 0 0 0 0 0 1 1 2 0 R 0
988 24604 33776 670 33207 650 5226 1 1 0 0 0 8 0 1 1 1 0 R 0
989 24625 20735 615 20763 585 4371 1 0 0 0 0 1 0 1 1 1 0 R 0
990 24651 25366 610 25394 583 8152 1 0 0 0 0 0 0 1 1 1 0 R 0
991 24676 23875 1016 23911 982 5578 1 0 0 0 0 0 0 1 1 2 0 R 0
992 24707 30187 929 29310 906 8594 1 0 1 0 0 0 0 1 1 0 0 R 0
993 24728 19914 584 19931 561 4314 1 0 0 0 0 0 0 1 1 2 0 R 0
994 24749 20515 1302 20544 1290 4012 1 0 0 0 0 0 0 1 1 1 0 R 0
995 24775 24962 604 24985 572 3912 1 0 0 0 0 0 0 1 1 1 0 R 0
996 24804 28379 1108 28495 995 6445 1 0 0 0 0 0 0 1 1 1 0 R 0
997 24827 21212 616 21237 581 3811 1 0 0 0 0 0 0 1 1 2 0 R 0
998 24847 19921 896 19948 874 3782 1 0 0 0 0 0 0 1 1 1 0 R 0
999 24874 26342 909 26464 787 4731 1 0 0 0 0 0 0 1 1 1 0 R 0
1000 24904 28766 755 28794 723 4361 1 0 0 0 0 0 0 1 1 1 0 R 0
1001 24926 21205 714 21261 661 4978 1 0 0 0 0 0 0 1 1 1 0 R 0
1002 24946 19163 647 19195 614 3830 1 0 0 0 0 0 0 1 1 1 0 R 0
1003 24973 26121 992 26151 969 5393 1 0 0 0 0 0 0 1 1 1 0 R 0
1004 25001 27122 1105 27231 1004 5250 1 0 0 0 0 0 0 1 1 1 0 R 0
1005 25027 25034 1041 25053 1019 13394 1 0 0 0 0 0 0 1 1 1 0 R 0
1006 25048 20354 617 20368 591 3998 1 0 0 0 0 0 0 1 1 1 0 R 0
1007 25074 24812 1021 24845 994 4739 1 0 0 0 0 0 0 1 1 2 0 R 0
1008 25103 28731 1049 28752 1030 6193 1 0 0 0 0 0 0 1 1 1 0 R 0
1009 25128 23482 571 23494 555 5745 1 0 0 0 0 0 0 1 1 1 0 R 0
1010 25147 18328 1001 18355 984 3998 1 0 0 0 0 0 0 1 1 1 0 R 0
1011 25171 22983 1204 23001 1183 3977 1 0 0 0 0 0 0 1 1 1 0 R 0
1012 25199 26575 1007 26716 969 5810 1 0 0 0 0 0 0 1 1 1 0 R 0
1013 25224 24019 625 23941 591 7010 1 0 0 0 0 0 0 1 1 1 0 R 0
1014 25244 19468 607 19499 578 4742 1 0 0 0 0 0 0 1 1 1 0 R 0
1015 25265 20694 1721 20746 1684 4232 1 0 0 0 0 1 0 1 1 2 0 R 0
1016 25292 25473 1105 25579 990 5714 1 0 0 0 0 0 0 1 1 1 0 R 0
1017 25322 28098 610 28122 577 6827 1 0 0 0 0 0 0 1 1 1 0 R 0
1018 25342 20085 986 20117 954 4308 1 0 0 0 0 0 0 1 1 2 0 R 0
1019 25364 20548 1013 20586 981 4290 1 0 0 0 0 1 0 1 1 1 0 R 0
1020 25394 29200 993 29243 1048 10677 1 0 0 0 0 0 0 1 1 1 0 R 0
1021 25421 26314 835 26241 902 4287 1 0 0 0 0 0 0 1 1 1 0 R 0
1022 25442 20257 597 20185 573 4314 1 0 0 0 0 0 0 1 1 1 0 R 0
1023 25462 19439 1881 19471 1880 4198 1 0 0 0 0 0 0 1 1 1 0 R 0
1024 25491 26433 947 26435 921 4740 1 0 0 0 0 0 0 1 1 1 0 R 0
1025 25519 27463 1108 27575 997 5774 1 0 0 0 0 0 0 1 1 2 0 R 0
1026 25542 21905 613 21932 582 5536 1 0 0 0 0 0 0 1 1 1 0 R 0
1027 25562 18968 604 19001 568 4183 1 0 0 0 0 0 0 1 1 1 0 R 0
1028 25589 26496 1195 26793 907 6150 1 0 0 0 0 0 0 1 1 1 0 R 0
1029 25619 29084 1015 29107 990 4255 1 0 0 0 0 0 0 1 1 1 0 R 0
1030 25641 21293 594 21316 565 5491 1 0 0 0 0 0 0 1 1 1 0 R 0
1031 25661 19093 602 19126 568 4299 1 0 0 0 0 0 0 1 1 1 0 R 0
1032 25687 24944 695 24975 666 4291 1 0 0 0 0 0 0 1 1 2 0 R 0
1033 25715 27368 907 26903 870 5574 1 0 1 0 0 0 0 1 1 0 0 R 0
1034 25740 24301 1143 24345 1100 6417 1 0 0 0 0 0 0 1 1 2 0 R 0
1035 25762 21283 604 21312 571 8442 1 0 0 0 0 0 0 1 1 1 0 R 0
1036 25787 23665 673 23713 636 4466 1 0 0 0 0 0 0 1 1 1 0 R 0
1037 25814 26852 1017 26871 997 6456 1 0 0 0 0 0 0 1 1 1 0 R 0
1038 25840 24451 849 24490 804 6462 1 0 0 0 0 0 0 1 1 1 0 R 0
1039 25859 18647 599 18673 572 4158 1 0 0 0 0 0 0 1 1 1 0 R 0
1040 25881 21213 612 21242 587 3794 1 0 0 0 0 0 0 1 1 1 0 R 0
1041 25906 24366 1012 24493 991 5404 1 0 0 0 0 0 0 1 1 1 0 R 0
1042 25933 25822 1454 25740 1445 5064 1 0 0 0 0 0 0 1 1 1 0 R 0
1043 25957 23110 950 23118 932 6643 1 0 0 0 0 0 0 1 1 1 0 R 0
1044 25980 21860 604 21881 580 3791 1 0 0 0 0 0 0 1 1 1 0 R 0
1045 26006 24975 681 25010 645 4653 1 0 0 0 0 0 0 1 1 1 0 R 0
1046 26033 26760 1349 26878 1239 6423 1 0 0 0 0 0 0 1 1 2 0 R 0
1047 26055 20361 609 20381 577 4332 1 0 0 0 0 0 0 1 1 1 0 R 0
1048 26075 19595 860 19647 808 4226 1 0 0 0 0 0 0 1 1 1 0 R 0
1049 26100 23978 754 24011 733 4633 1 0 0 0 0 0 0 1 1 1 0 R 0
1050 26131 29931 1107 30041 993 11104 1 0 0 0 0 0 0 1 1 1 0 R 0
1051 26154 22532 635 22560 600 6634 1 0 0 0 0 0 0 1 1 1 0 R 0
1052 26175 20312 594 20338 565 4026 1 0 0 0 0 0 0 1 1 2 0 R 0
1053 26201 25463 1101 25584 985 5901 1 0 0 0 0 0 0 1 1 1 0 R 0
1054 26231 28383 1192 28406 1176 5373 1 0 0 0 0 0 0 1 1 1 0 R 0
1055 26254 22489 619 22508 587 6755 1 0 0 0 0 0 0 1 1 1 0 R 0
1056 26275 19915 650 19948 621 3763 1 0 0 0 0 0 0 1 1 1 0 R 0
1057 26299 22995 1354 23123 1262 4206 1 0 0 0 0 0 0 1 1 1 0 R 0
1058 26326 26353 1940 26341 2024 7363 1 0 0 0 0 0 0 1 1 1 0 R 0
1059 26351 23053 617 22971 589 7643 1 0 0 0 0 0 0 1 1 1 0 R 0
1060 26373 20644 603 20669 570 4463 1 0 0 0 0 0 0 1 1 1 0 R 0
1061 26394 21046 626 21087 591 4345 1 0 0 0 0 0 0 1 1 1 0 R 0
1062 26421 26438 986 26470 957 6072 1 0 0 0 0 0 0 1 1 2 0 R 0
1063 26450 28171 612 28199 582 7649 1 0 0 0 0 0 0 1 1 1 0 R 0
1064 26471 19859 600 19890 565 3810 1 0 0 0 0 0 0 1 1 1 0 R 0
1065 26494 22991 623 23028 591 7774 1 0 0 0 0 0 0 1 1 1 0 R 0
1066 26522 26635 952 26680 922 6048 1 0 0 0 0 0 0 1 1 1 0 R 0
1067 26546 23688 964 23705 930 6102 1 0 0 0 0 0 0 1 1 1 0 R 0
1068 26571 24025 597 24057 564 7086 1 0 0 0 0 0 0 1 1 1 0 R 0
1069 26594 21637 704 21670 673 4255 1 0 0 0 0 0 0 1 1 2 0 R 0
1070 26620 25796 610 25821 585 5040 1 0 0 0 0 0 0 1 1 1 0 R 0
1071 26647 26433 1746 26556 1638 6267 1 0 0 0 0 0 0 1 1 1 0 R 0
1072 26670 21280 593 21289 569 3799 1 0 0 0 0 0 0 1 1 1 0 R 0
1073 26690 19725 602 19447 570 3728 1 0 1 0 0 0 0 1 1 1 0 R 0
1074 26720 28525 999 28557 970 4628 1 0 0 0 0 0 0 1 1 1 0 R 0
1075 26749 27923 997 27949 975 4682 1 0 0 0 0 0 0 1 1 1 0 R 0
1076 26771 21665 610 21687 586 4292 1 0 0 0 0 0 0 1 1 2 0 R 0
1077 26792 20508 610 20531 581 3767 1 0 0 0 0 0 0 1 1 1 0 R 0
1078 26819 26459 1145 26585 1023 5031 1 0 0 0 0 0 0 1 1 1 0 R 0
1079 26845 24646 981 24766 963 3849 1 0 0 0 0 0 0 1 1 1 0 R 0
1080 26872 25948 1026 25874 1000 11669 1 0 0 0 0 0 0 1 1 1 0 R 0
1081 26892 18770 595 18800 560 4209 1 0 0 0 0 0 0 1 1 1 0 R 0
1082 26918 25756 965 25779 945 5629 1 0 0 0 0 0 0 1 1 1 0 R 0
1083 26946 27157 976 27192 962 4849 1 0 0 0 0 0 0 1 1 2 0 R 0
1084 26975 27326 613 27334 587 5425 1 0 0 0 0 0 0 1 1 1 0 R 0
1085 26995 19431 605 19459 571 4560 1 0 0 0 0 0 0 1 1 1 0 R 0
1086 27021 26040 1050 26074 1027 5972 1 0 0 0 0 0 0 1 1 2 0 R 0
1087 27050 27167 852 27191 822 5582 1 0 0 0 0 0 0 1 1 1 0 R 0
1088 27071 20655 926 20682 908 4639 1 0 0 0 0 0 0 1 1 1 0 R 0
1089 27092 19732 659 19754 626 4231 1 0 0 0 0 0 0 1 1 1 0 R 0
1090 27114 21496 684 21525 797 4217 1 0 0 0 0 0 0 1 1 1 0 R 0
1091 27141 26720 1007 26696 992 6564 1 0 0 0 0 0 0 1 1 1 0 R 0
1092 27168 25938 824 25864 804 7692 1 0 0 0 0 0 0 1 1 1 0 R 0
1093 27188 19395 591 19414 565 4052 1 0 0 0 0 1 0 1 1 1 0 R 0
1094 27211 22143 602 22170 574 3766 1 0 0 0 0 0 0 1 1 1 0 R 0
1095 27241 28709 771 28737 752 11055 1 0 0 0 0 0 0 1 1 1 0 R 0
1096 27270 28696 983 28811 1432 6039 1 0 0 0 0 0 0 1 1 2 0 R 0
1097 27294 22719 610 22177 577 5905 1 0 0 0 0 0 0 1 1 1 0 R 0
1098 27315 20237 615 20269 587 4339 1 0 0 0 0 0 0 1 1 1 0 R 0
1099 27340 25118 703 25145 671 5818 1 0 0 0 0 0 0 1 1 1 0 R 0
1100 27367 26367 950 26758 565 6256 1 0 0 0 0 0 0 1 1 1 0 R 0
1101 27389 20736 605 20757 577 4200 1 0 0 0 0 0 0 1 1 1 0 R 0
1102 27409 19003 1544 19033 1625 3773 1 0 0 0 0 0 0 1 1 1 0 R 0
1103 27433 22545 830 22478 805 4046 1 0 0 0 0 0 0 1 1 1 0 R 0
1104 27454 20749 607 20767 575 4481 1 0 0 0 0 0 0 1 1 2 0 R 0
1105 27474 18581 595 18606 571 4249 1 0 0 0 0 0 0 1 1 1 0 R 0
1106 27497 22488 606 22516 578 6100 1 0 0 0 0 0 0 1 1 1 0 R 0
1107 27519 21676 590 21702 565 4369 1 0 0 0 0 0 0 1 1 2 0 R 0
1108 27544 24248 764 24281 731 5402 1 0 0 0 0 0 0 1 1 1 0 R 0
1109 27572 27341 1001 27370 973 6086 1 0 0 0 0 0 0 1 1 0 0 R 0
1110 27597 23755 617 23789 580 9077 1 0 0 0 0 0 0 1 1 2 0 R 0
1111 27619 21775 602 21805 573 4001 1 0 0 0 0 0 0 1 1 1 0 R 0
1112 27646 26511 664 26548 628 4520 1 0 0 0 0 1 0 1 1 1 0 R 0
1113 27672 25026 1002 25057 978 6453 1 0 0 0 0 0 0 1 1 1 0 R 0
1114 27694 21061 613 21085 583 4192 1 0 0 0 0 0 0 1 1 1 0 R 0
1115 27715 20779 610 20376 575 4200 1 0 1 0 0 0 0 1 1 1 0 R 0
1116 27743 27006 999 27037 974 3840 1 0 0 0 0 0 0 1 1 1 0 R 0
1117 27769 25639 644 25676 600 5382 1 0 0 0 0 0 0 1 1 1 0 R 0
1118 27796 25432 1240 25467 1220 6232 1 0 0 0 0 1 0 1 1 1 0 R 0
1119 27816 19563 778 19577 758 4654 1 0 0 0 0 0 0 1 1 1 0 R 0
1120 27845 27680 1002 27702 977 4341 1 0 0 0 0 0 0 1 1 2 0 R 0
1121 27874 28342 1028 28367 1107 5403 1 0 0 0 0 0 0 1 1 1 0 R 0
1122 27900 24304 804 24220 800 6573 1 0 0 0 0 0 0 1 1 1 0 R 0
1123 27920 19364 636 19373 606 3988 1 0 0 0 0 0 0 1 1 1 0 R 0
1124 27946 25627 613 25663 579 4189 1 0 0 0 0 0 0 1 1 1 0 R 0
1125 27974 27923 675 27961 637 11405 1 0 0 0 0 0 0 1 1 1 0 R 0
1126 27999 23880 595 23908 572 4041 1 0 0 0 0 0 0 1 1 2 0 R 0
1127 28018 18845 586 18863 564 4048 1 0 0 0 0 0 0 1 1 1 0 R 0
1128 28045 25791 792 25818 764 4651 1 0 0 0 0 0 0 1 1 1 0 R 0
1129 28074 28533 1099 28655 975 4731 1 0 0 0 0 0 0 1 1 1 0 R 0
1130 28099 23285 588 23312 565 6741 1 0 0 0 0 0 0 1 1 1 0 R 0
1131 28118 19286 668 19330 619 3783 1 0 0 0 0 0 0 1 1 2 0 R 0
1132 28143 23644 1040 23679 1028 3735 1 0 0 0 0 0 0 1 1 1 0 R 0
1133 28170 26148 1004 26249 994 7459 1 0 0 0 0 0 0 1 1 1 0 R 0
1134 28200 28998 1056 29169 790 7280 1 0 0 0 0 0 0 1 1 1 0 R 0
1135 28220 19060 605 19079 568 4106 1 0 0 0 0 0 0 1 1 1 0 R 0
1136 28245 24235 1036 24273 1116 4217 1 0 0 0 0 0 0 1 1 1 0 R 0
1137 28271 25390 995 25306 968 6727 1 0 0 0 0 0 0 1 1 1 0 R 0
1138 28296 23917 619 23952 582 6623 1 0 0 0 0 0 0 1 1 1 0 R 0
1139 28316 19447 1298 19513 1259 4329 1 0 0 0 0 0 0 1 1 2 0 R 0
1140 28342 24647 1858 24744 1744 7540 1 0 0 0 0 0 0 1 1 1 0 R 0
1141 28368 24001 858 24011 852 6809 1 0 0 0 0 0 0 1 1 1 0 R 0
1142 28395 25553 1049 25659 926 7321 1 0 0 0 0 0 0 1 1 1 0 R 0
1143 28419 23212 594 23236 572 5767 1 0 0 0 0 0 0 1 1 1 0 R 0
1144 28441 21779 610 21807 583 3740 1 0 0 0 0 0 0 1 1 1 0 R 0
1145 28467 24776 2179 24812 2153 5936 1 0 0 0 0 0 0 1 1 2 0 R 0
1146 28496 27307 994 27328 964 6599 1 0 0 0 0 0 0 1 1 1 0 R 0
1147 28520 22764 611 22792 579 7200 1 0 0 0 0 0 0 1 1 1 0 R 0
1148 28542 21507 616 21539 590 4108 1 0 0 0 0 0 0 1 1 1 0 R 0
1149 28566 23515 837 23547 812 5563 1 0 0 0 0 0 0 1 1 1 0 R 0
1150 28594 26636 612 26654 584 6471 1 0 0 0 0 0 0 1 1 1 0 R 0
1151 28616 21874 634 21911 599 4314 1 0 0 0 0 0 0 1 1 1 0 R 0
1152 28636 19553 1145 19596 1105 4021 1 0 0 0 0 0 0 1 1 2 0 R 0
1153 28663 25699 1170 25815 1054 4325 1 0 0 0 0 0 0 1 1 1 0 R 0
1154 28694 30220 1012 28711 986 5039 1 0 1 0 0 0 0 1 1 1 0 R 0
1155 28720 24381 613 24307 586 10458 1 0 0 0 0 0 0 1 1 1 0 R 0
1156 28739 18959 576 18983 548 3750 1 0 0 0 0 0 0 1 1 1 0 R 0
1157 28767 26632 2012 26684 1984 4375 1 0 0 0 0 0 0 1 1 1 0 R 0
1158 28795 25921 1104 26023 979 5069 1 0 0 0 0 0 0 1 1 1 0 R 0
1159 28821 25104 882 25133 856 6733 1 0 0 0 0 0 0 1 1 1 0 R 0
1160 28842 19916 593 19947 565 3785 1 0 0 0 0 0 0 1 1 2 0 R 0
1161 28866 23737 1516 23765 2119 5483 1 0 0 0 0 0 0 1 1 0 0 R 0
1162 28896 28589 998 27992 965 4153 1 0 0 0 0 0 0 1 1 2 0 R 0
1163 28919 21837 586 21856 564 5575 1 0 0 0 0 0 0 1 1 1 0 R 0
1164 28939 19172 603 19193 582 3714 1 0 0 0 0 0 0 1 1 1 0 R 0
1165 28963 23672 1050 23698 1027 4802 1 0 0 0 0 0 0 1 1 1 0 R 0
1166 28990 26230 714 26255 687 6408 1 0 0 0 0 0 0 1 1 1 0 R 0
1167 29018 27342 859 27362 849 6420 1 0 0 0 0 0 0 1 1 1 0 R 0
1168 29041 21657 601 21674 573 4154 1 0 0 0 0 0 0 1 1 2 0 R 0
1169 29064 22569 1157 22604 1146 3818 1 0 0 0 0 0 0 1 1 1 0 R 0
1170 29096 31018 916 31126 788 11954 1 0 0 0 0 0 0 1 1 1 0 R 0
1171 29120 23231 606 23261 574 5318 1 0 0 0 0 0 0 1 1 1 0 R 0
1172 29141 19752 589 19780 563 4181 1 0 0 0 0 0 0 1 1 0 0 R 0
1173 29162 21343 724 21470 600 3749 1 0 0 0 0 0 0 1 1 2 0 R 0
1174 29191 27282 643 27308 616 6290 1 0 0 0 0 0 0 1 1 1 0 R 0
1175 29216 25235 945 25270 917 6428 1 0 0 0 0 0 0 1 1 1 0 R 0
1176 29237 19331 605 19354 574 4106 1 0 0 0 0 0 0 1 1 2 0 R 0
1177 29259 21738 610 21769 582 4134 1 0 0 0 0 0 0 1 1 1 0 R 0
1178 29284 24351 904 24395 859 5726 1 0 0 0 0 0 0 1 1 1 0 R 0
1179 29314 29218 747 29376 593 5701 1 0 0 0 0 0 0 1 1 1 0 R 0
1180 29335 20250 606 20272 581 4533 1 0 0 0 0 0 0 1 1 1 0 R 0
1181 29354 18619 1381 18651 1349 3728 1 0 0 0 0 0 0 1 1 1 0 R 0
1182 29383 27276 752 27307 725 3867 1 0 0 0 0 0 0 1 1 1 0 R 0
1183 29411 27705 1048 27728 1027 5953 1 0 0 0 0 0 0 1 1 2 0 R 0
1184 29434 21523 608 21537 583 5101 1 0 0 0 0 0 0 1 1 1 0 R 0
1185 29457 22151 2164 22183 2144 7838 1 0 0 0 0 0 0 1 1 1 0 R 0
1186 29485 26130 713 26147 687 3823 1 0 0 0 0 0 0 1 1 1 0 R 0
1187 29513 26763 1070 26793 1143 4736 1 0 0 0 0 0 0 1 1 1 0 R 0
1188 29538 24780 581 24702 554 5477 1 0 0 0 0 0 0 1 1 1 0 R 0
1189 29557 18281 975 18311 946 3756 1 0 0 0 0 0 0 1 1 1 0 R 0
1190 29586 27900 848 27932 816 4512 1 0 0 0 0 0 0 1 1 2 0 R 0
1191 29614 26880 1115 27177 821 4124 1 0 0 0 0 0 0 1 1 1 0 R 0
1192 29637 22152 966 22178 946 4434 1 0 0 0 0 0 0 1 1 1 0 R 0
1193 29657 18434 596 18456 565 3796 1 0 0 0 0 0 0 1 1 1 0 R 0
1194 29682 24819 1124 24935 1023 5263 1 0 0 0 0 0 0 1 1 1 0 R 0
1195 29712 28456 961 27806 949 6257 1 0 1 0 0 0 0 1 1 1 0 R 0
1196 29735 22947 598 22959 575 7184 1 0 0 0 0 0 0 1 1 1 0 R 0
1197 29755 19025 604 19055 570 3749 1 0 0 0 0 0 0 1 1 1 0 R 0
1198 29778 22750 1013 22780 983 3817 1 0 0 0 0 0 0 1 1 1 0 R 0
1199 29806 26744 1110 26871 995 7445 1 0 0 0 0 0 0 1 1 1 0 R 0
1200 29833 25798 793 25826 761 11083 1 0 0 0 0 0 0 1 1 2 0 R 0
1201 29854 19838 619 19863 592 4535 1 0 0 0 0 0 0 1 1 1 0 R 0
1202 29875 20501 619 20534 589 4191 1 0 0 0 0 0 0 1 1 1 0 R 0
1203 29911 35775 981 35804 956 7106 1 0 0 0 0 0 0 1 1 1 0 R 0
1204 29935 22921 624 22947 593 5186 1 0 0 0 0 0 0 1 1 1 0 R 0
1205 29956 20146 608 20172 575 3566 1 0 0 0 0 1 0 1 1 1 0 R 0
1206 29979 22639 981 22760 958 3770 1 0 0 0 0 0 0 1 1 1 0 R 0
1207 30006 26234 1694 26169 1704 7435 1 0 0 0 0 0 0 1 1 2 0 R 0
1208 30035 26813 615 26801 587 5369 1 0 0 0 0 0 0 1 1 1 0 R 0
1209 30055 19100 630 19155 574 4149 1 0 0 0 0 0 0 1 1 1 0 R 0
1210 30076 21232 617 21267 586 4221 1 0 0 0 0 0 0 1 1 2 0 R 0
1211 30102 25393 803 25423 880 5213 1 0 0 0 0 0 0 1 1 0 0 R 0
1212 30133 29469 1035 29385 1018 6887 1 0 0 0 0 0 0 1 1 1 0 R 0
1213 30154 20451 625 20472 593 4368 1 0 0 0 0 0 0 1 1 2 0 R 0
1214 30174 18876 1698 18905 1684 4193 1 0 0 0 0 0 0 1 1 1 0 R 0
1215 30205 29404 1018 29447 974 11616 1 0 0 0 0 0 0 1 1 1 0 R 0
1216 30235 29487 1152 29500 1141 6092 1 0 0 0 0 0 0 1 1 1 0 R 0
1217 30259 22492 593 22504 570 6717 1 0 0 0 0 0 0 1 1 1 0 R 0
1218 30281 21312 609 21340 582 3796 1 0 0 0 0 0 0 1 1 1 0 R 0
1219 30307 25151 625 25179 596 5177 1 0 0 0 0 0 0 1 1 2 0 R 0
1220 30336 28424 2929 28542 2938 7643 1 0 0 0 0 1 0 1 1 1 0 R 0
1221 30361 22633 611 22532 584 7458 1 0 0 0 0 1 0 1 1 1 0 R 0
1222 30382 20520 953 20551 936 4318 1 0 0 0 0 0 0 1 1 1 0 R 0
1223 30410 26502 615 26520 582 5604 1 0 0 0 0 0 0 1 1 1 0 R 0
1224 30435 24802 608 24836 576 6438 1 0 0 0 0 0 0 1 1 1 0 R 0
1225 30457 20875 613 20909 576 3763 1 0 0 0 0 0 0 1 1 1 0 R 0
1226 30477 19814 917 19845 892 4083 1 0 0 0 0 0 0 1 1 2 0 R 0
1227 30502 24351 1526 24375 1510 5523 1 0 0 0 0 0 0 1 1 1 0 R 0
1228 30531 26866 928 26877 902 5216 1 0 0 0 0 0 0 1 1 1 0 R 0
1229 30553 21574 654 21605 629 6233 1 0 0 0 0 0 0 1 1 1 0 R 0
1230 30577 23037 956 23064 932 8629 1 0 0 0 0 0 0 1 1 1 0 R 0
1231 30600 21867 991 21888 971 4959 1 0 0 0 0 0 0 1 1 1 0 R 0
1232 30627 26230 1548 26261 1626 5433 1 0 0 0 0 0 0 1 1 1 0 R 0
1233 30652 23333 1024 23255 1006 4968 1 0 0 0 0 0 0 1 1 1 0 R 0
1234 30673 19751 606 19764 577 4573 1 0 0 0 0 0 0 1 1 1 0 R 0
1235 30694 20466 612 20497 578 4175 1 0 0 0 0 0 0 1 1 1 0 R 0
1236 30720 25778 1170 25800 1162 6584 1 0 0 0 0 0 0 1 1 1 0 R 0
1237 30747 25873 1956 25995 1533 6557 1 0 1 0 0 0 0 1 1 1 0 R 0
1238 30769 19877 598 19884 569 3961 1 0 0 0 0 0 0 1 1 1 0 R 0
1239 30790 20555 875 20590 853 3767 1 0 0 0 0 0 0 1 1 2 0 R 0
1240 30816 24457 713 24481 682 3778 1 0 0 0 0 0 0 1 1 1 0 R 0
1241 30843 27130 939 27159 910 4624 1 0 0 0 0 0 0 1 1 1 0 R 0
1242 30866 21556 612 21589 579 5411 1 0 0 0 0 0 0 1 1 1 0 R 0
1243 30886 19071 639 19096 616 3732 1 0 0 0 0 0 0 1 1 1 0 R 0
1244 30911 24590 1022 24612 1008 5282 1 0 0 0 0 0 0 1 1 1 0 R 0
1245 30942 29951 836 29969 815 10049 1 0 0 0 0 0 0 1 1 2 0 R 0
1246 30964 21791 611 21820 575 6900 1 0 0 0 0 0 0 1 1 1 0 R 0
1247 30983 18296 762 18338 725 4035 1 0 0 0 0 0 0 1 1 1 0 R 0
1248 31007 23263 1436 23719 981 4283 1 0 0 0 0 0 0 1 1 1 0 R 0
1249 31032 23229 957 23259 926 7126 1 0 0 0 0 0 0 1 1 1 0 R 0
1250 31057 24120 1003 24150 974 6565 1 0 0 0 0 0 0 1 1 1 0 R 0
1251 31077 18594 1135 18692 1040 3695 1 0 0 0 0 0 0 1 1 1 0 R 0
1252 31098 20267 907 20283 889 4010 1 0 0 0 0 0 0 1 1 1 0 R 0
1253 31123 24257 1076 24284 1081 4246 1 0 0 0 0 0 0 1 1 2 0 R 0
1254 31148 23430 1058 23425 1029 5340 1 0 0 0 0 0 0 1 1 1 0 R 0
1255 31174 25091 655 25141 607 4222 1 0 0 0 0 0 0 1 1 2 0 R 0
1256 31194 19321 743 19365 697 4055 1 0 0 0 0 0 0 1 1 0 0 R 0
1257 31221 25982 953 26008 948 5578 1 0 0 0 0 0 0 1 1 1 0 R 0
1258 31246 24658 785 24670 750 4729 1 0 0 0 0 0 0 1 1 2 0 R 0
1259 31270 23105 611 23132 584 6321 1 0 0 0 0 0 0 1 1 1 0 R 0
1260 31294 23442 601 23466 576 8837 1 0 0 0 0 0 0 1 1 1 0 R 0
1261 31316 21134 1260 21163 1235 5079 1 0 0 0 0 0 0 1 1 1 0 R 0
1262 31341 23416 908 23546 776 4784 1 0 0 0 0 0 0 1 1 1 0 R 0
1263 31366 24116 615 24151 583 7690 1 0 0 0 0 0 0 1 1 1 0 R 0
1264 31387 20509 608 20535 573 4404 1 0 0 0 0 0 0 1 1 1 0 R 0
1265 31409 21750 814 21794 777 3743 1 0 0 0 0 0 0 1 1 1 0 R 0
1266 31431 20758 598 20786 567 3941 1 0 0 0 0 0 0 1 1 1 0 R 0
1267 31457 26051 1375 26082 1356 5713 1 0 0 0 0 0 0 1 1 2 0 R 0
1268 31480 21324 603 21339 579 4607 1 0 0 0 0 0 0 1 1 1 0 R 0
1269 31499 18664 600 18695 567 4015 1 0 0 0 0 0 0 1 1 1 0 R 0
1270 31524 23806 620 23834 590 4784 1 0 0 0 0 0 0 1 1 1 0 R 0
1271 31548 23725 1020 23750 996 5211 1 0 0 0 0 0 0 1 1 1 0 R 0
1272 31574 24500 609 24532 580 6206 1 0 0 0 0 0 0 1 1 1 0 R 0
1273 31593 19184 621 19213 589 4526 1 0 0 0 0 0 0 1 1 1 0 R 0
1274 31614 20507 611 20543 578 4195 1 0 0 0 0 0 0 1 1 2 0 R 0
1275 31644 28708 1068 28735 1142 11285 1 0 0 0 0 0 0 1 1 2 0 R 0
1276 31670 25244 641 25196 584 5434 1 0 0 0 0 0 0 1 1 1 0 R 0
1277 31691 20112 610 20144 576 4103 1 0 0 0 0 0 0 1 1 1 0 R 0
1278 31712 20831 625 20871 592 3818 1 0 0 0 0 0 0 1 1 1 0 R 0
1279 31738 25518 594 25144 571 5392 1 0 1 0 0 0 0 1 1 1 0 R 0
1280 31764 25024 876 25058 849 4714 1 0 0 0 0 0 0 1 1 1 0 R 0
1281 31787 21759 623 21808 574 5017 1 0 0 0 0 0 0 1 1 2 0 R 0
1282 31807 19279 597 19306 566 3817 1 0 0 0 0 0 0 1 1 1 0 R 0
1283 31831 23769 687 23886 566 5155 1 0 0 0 0 0 0 1 1 1 0 R 0
1284 31859 26942 997 26974 977 5179 1 0 0 0 0 0 0 1 1 0 0 R 0
1285 31881 21756 616 21785 581 5224 1 0 0 0 0 0 0 1 1 1 0 R 0
1286 31903 20647 629 20673 606 4663 1 0 0 0 0 0 0 1 1 1 0 R 0
1287 31923 19594 622 19622 592 4216 1 0 0 0 0 0 0 1 1 1 0 R 0
1288 31949 25451 588 25475 564 6631 1 0 0 0 0 0 0 1 1 2 0 R 0
1289 31970 20605 796 20632 765 4995 1 0 0 0 0 0 0 1 1 1 0 R 0
1290 31993 22486 606 22518 578 8137 1 0 0 0 0 0 0 1 1 1 0 R 0
1291 32013 19467 622 19499 593 4160 1 0 0 0 0 0 0 1 1 1 0 R 0
1292 32036 21933 613 21960 584 5704 1 0 0 0 0 0 0 1 1 1 0 R 0
1293 32060 23374 594 23405 564 4482 1 0 0 0 0 0 0 1 1 2 0 R 0
1294 32082 21268 613 21303 580 7156 1 0 0 0 0 0 0 1 1 1 0 R 0
1295 32102 19943 618 19976 585 4315 1 0 0 0 0 0 0 1 1 1 0 R 0
1296 32124 21109 607 21141 579 4082 1 0 0 0 0 0 0 1 1 1 0 R 0
1297 32147 22134 1309 22169 1274 4525 1 0 0 0 0 0 0 1 1 1 0 R 0
1298 32171 22732 603 22760 572 5784 1 0 0 0 0 1 0 1 1 1 0 R 0
1299 32194 22052 610 22084 579 4382 1 0 0 0 0 0 0 1 1 1 0 R 0
1300 32214 19325 599 19354 571 4324 1 0 0 0 0 0 0 1 1 1 0 R 0
1301 32236 21721 1027 21751 995 4217 1 0 0 0 0 0 0 1 1 2 0 R 0
1302 32265 28198 1005 28230 984 6369 1 0 0 0 0 0 0 1 1 1 0 R 0
1303 32291 24522 619 24546 589 6832 1 0 0 0 0 0 0 1 1 1 0 R 0
1304 32312 20347 606 20373 572 4145 1 0 0 0 0 0 0 1 1 1 0 R 0
1305 32337 24436 1768 24583 1645 7738 1 0 0 0 0 0 0 1 1 1 0 R 0
1306 32364 25333 1678 25373 1629 5412 1 0 0 0 0 0 0 1 1 2 0 R 0
1307 32387 21701 1058 21721 1034 4550 1 0 0 0 0 0 0 1 1 1 0 R 0
1308 32412 23863 643 23890 613 4791 1 0 0 0 0 0 0 1 1 1 0 R 0
1309 32435 22174 625 22202 592 4431 1 0 0 0 0 0 0 1 1 2 0 R 0
1310 32463 27448 1086 27570 974 5293 1 0 0 0 0 0 0 1 1 1 0 R 0
1311 32489 24843 635 24858 606 5966 1 0 0 0 0 0 0 1 1 1 0 R 0
1312 32509 19551 599 19583 568 3986 1 0 0 0 0 0 0 1 1 1 0 R 0
1313 32529 18994 1684 19031 1768 3773 1 0 0 0 0 0 0 1 1 1 0 R 0
1314 32557 26515 1269 26428 1262 4052 1 0 0 0 0 0 0 1 1 1 0 R 0
1315 32585 26583 996 26590 971 5356 1 0 0 0 0 0 0 1 1 1 0 R 0
1316 32608 22709 593 22729 571 4672 1 0 0 0 0 0 0 1 1 1 0 R 0
1317 32627 18323 941 18366 900 3766 1 0 0 0 0 0 0 1 1 1 0 R 0
1318 32655 26410 1172 26431 1163 5948 1 0 0 0 0 0 0 1 1 1 0 R 0
1319 32685 29199 1009 29306 889 4565 1 0 0 0 0 0 0 1 1 2 0 R 0
1320 32711 25012 659 25038 629 12113 1 0 0 0 0 0 0 1 1 1 0 R 0
1321 32731 19562 607 19594 579 4336 1 0 0 0 0 0 0 1 1 1 0 R 0
1322 32761 29301 1068 28640 947 5199 1 0 1 0 0 0 0 1 1 1 0 R 0
1323 32790 27508 1046 27535 1026 5657 1 0 0 0 0 0 0 1 1 1 0 R 0
1324 32818 27255 726 27285 702 8093 1 0 0 0 0 0 0 1 1 3 0 R 0
1325 32840 20988 681 21092 573 3777 1 0 0 0 0 0 0 1 1 1 0 R 0
1326 32866 25499 613 25527 580 4388 1 0 0 0 0 0 0 1 1 1 0 R 0
1327 32895 28028 991 28056 967 5984 1 0 0 0 0 0 0 1 1 1 0 R 0
1328 32917 21348 899 21370 878 4554 1 0 0 0 0 0 0 1 1 2 0 R 0
1329 32936 18418 594 18441 564 3811 1 0 0 0 0 0 0 1 1 1 0 R 0
1330 32965 27738 990 27770 963 4630 1 0 0 0 0 0 0 1 1 1 0 R 0
1331 32994 28054 914 28082 879 4270 1 0 0 0 0 0 0 1 1 1 0 R 0
1332 33020 25762 593 25790 578 7521 1 0 0 0 0 0 0 1 1 1 0 R 0
1333 33040 19315 599 19332 567 3758 1 0 0 0 0 0 0 1 1 1 0 R 0
1334 33069 27864 851 27983 734 4383 1 0 0 0 0 0 0 1 1 1 0 R 0
1335 33101 31687 1197 31715 1189 12462 1 0 0 0 0 0 0 1 1 1 0 R 0
1336 33125 22902 608 22913 580 7234 1 0 0 0 0 0 0 1 1 1 0 R 0
1337 33147 21163 1222 21201 1188 3772 1 0 0 0 0 0 0 1 1 2 0 R 0
1338 33174 25911 640 25941 602 4110 1 0 0 0 0 0 0 1 1 1 0 R 0
1339 33195 20210 590 20241 560 4110 1 0 0 0 0 0 0 1 1 1 0 R 0
1340 33219 23593 595 23620 571 3999 1 0 0 0 0 0 0 1 1 1 0 R 0
1341 33239 19518 598 19545 572 4016 1 0 0 0 0 0 0 1 1 1 0 R 0
1342 33265 24906 1032 24935 1006 3766 1 0 0 0 0 0 0 1 1 1 0 R 0
1343 33293 27067 694 27092 663 5509 1 0 0 0 0 0 0 1 1 1 0 R 0
1344 33318 24618 581 24639 556 6494 1 0 0 0 0 0 0 1 1 1 0 R 0
1345 33337 18255 979 18288 954 3751 1 0 0 0 0 0 0 1 1 1 0 R 0
1346 33361 22612 998 22664 1061 3757 1 0 0 0 0 0 0 1 1 2 0 R 0
1347 33392 30152 1005 30155 880 6530 1 0 0 0 0 0 0 1 1 1 0 R 0
1348 33422 28688 611 28722 578 7487 1 0 0 0 0 0 0 1 1 1 0 R 0
1349 33442 19777 1062 19805 1051 4182 1 0 0 0 0 1 0 1 1 1 0 R 0
1350 33471 28435 1225 28477 1183 10416 1 0 0 0 0 0 0 1 1 1 0 R 0
1351 33502 28877 1005 28892 973 5349 1 0 0 0 0 0 0 1 1 1 0 R 0
1352 33528 25339 825 25358 811 6419 1 0 0 0 0 0 0 1 1 2 0 R 0
1353 33547 18558 977 18588 962 4641 1 0 0 0 0 0 0 1 1 1 0 R 0
1354 33573 24525 1170 24537 1145 4899 1 0 0 0 0 0 0 1 1 1 0 R 0
1355 33602 28281 972 28389 984 5806 1 0 0 0 0 0 0 1 1 1 0 R 0
1356 33631 27851 612 27756 584 6659 1 0 0 0 0 0 0 1 1 1 0 R 0
1357 33652 19813 633 19837 608 4396 1 0 0 0 0 0 0 1 1 1 0 R 0
1358 33677 24531 1542 24564 1520 5937 1 0 0 0 0 0 0 1 1 1 0 R 0
1359 33705 26720 603 26748 568 4851 1 0 0 0 0 0 0 1 1 2 0 R 0
1360 33734 28264 647 27874 622 9864 1 0 1 0 0 0 0 1 1 1 0 R 0
1361 33755 20077 622 20112 587 4461 1 0 0 0 0 0 0 1 1 1 0 R 0
1362 33776 20882 1245 20917 1218 5944 1 0 0 0 0 0 0 1 1 1 0 R 0
1363 33805 27767 715 27886 589 7379 1 0 0 0 0 0 0 1 1 1 0 R 0
1364 33832 25833 627 25859 603 6643 1 0 0 0 0 0 0 1 1 1 0 R 0
1365 33855 22949 619 22982 587 9615 1 0 0 0 0 0 0 1 1 1 0 R 0
1366 33881 24833 1050 24857 1132 5187 1 0 0 0 0 0 0 1 1 1 0 R 0
1367 33910 28228 792 28148 770 6230 1 0 0 0 0 0 0 1 1 1 0 R 0
1368 33934 23608 603 23625 579 6298 1 0 0 0 0 0 0 1 1 2 0 R 0
1369 33954 18722 709 18767 663 4232 1 0 0 0 0 0 0 1 1 1 0 R 0
1370 33976 22085 1542 22218 1444 4194 1 0 0 0 0 0 0 1 1 1 0 R 0
1371 34005 27112 760 27111 730 7876 1 0 0 0 0 0 0 1 1 1 0 R 0
1372 34035 29565 781 29588 761 6159 1 0 0 0 0 0 0 1 1 1 0 R 0
1373 34056 20034 613 20060 583 3809 1 0 0 0 0 0 0 1 1 1 0 R 0
1374 34081 24504 1025 24534 997 3801 1 0 0 0 0 0 0 1 1 1 0 R 0
1375 34109 26434 977 26454 956 6835 1 0 0 0 0 0 0 1 1 2 0 R 0
1376 34133 22925 618 22962 584 5406 1 0 0 0 0 0 0 1 1 1 0 R 0
1377 34153 19369 599 19394 571 4493 1 0 0 0 0 0 0 1 1 1 0 R 0
1378 34175 21325 611 21356 577 4181 1 0 0 0 0 0 0 1 1 1 0 R 0
1379 34200 25069 999 25098 971 6937 1 0 0 0 0 0 0 1 1 1 0 R 0
1380 34236 34739 997 34766 972 11890 1 0 0 0 0 0 0 1 1 1 0 R 0
1381 34258 20970 588 20991 564 4616 1 0 0 0 0 0 0 1 1 1 0 R 0
1382 34280 21516 988 21545 962 3789 1 0 0 0 0 0 0 1 1 1 0 R 0
1383 34306 24456 959 24488 928 6858 1 0 0 0 0 0 0 1 1 1 0 R 0
1384 34333 26435 861 26460 848 6467 1 0 0 0 0 0 0 1 1 1 0 R 0
1385 34354 20406 605 20424 576 4401 1 0 0 0 0 0 0 1 1 1 0 R 0
1386 34376 21109 615 21138 583 4192 1 0 0 0 0 0 0 1 1 2 0 R 0
1387 34403 26823 1144 26852 1120 5174 1 0 0 0 0 0 0 1 1 1 0 R 0
1388 34435 30672 596 30686 576 6238 1 0 0 0 0 0 0 1 1 1 0 R 0
1389 34455 19604 679 19629 646 4000 1 0 0 0 0 0 0 1 1 1 0 R 0
1390 34478 22273 685 22290 660 3787 1 0 0 0 0 0 0 1 1 1 0 R 0
1391 34504 24916 602 24947 568 4434 1 0 0 0 0 1 0 1 1 2 0 R 0
1392 34532 27090 689 27118 820 6011 1 0 0 0 0 0 0 1 1 1 0 R 0
1393 34556 23320 596 23187 566 6613 1 0 0 0 0 0 0 1 1 1 0 R 0
1394 34575 19098 596 19127 562 3678 1 0 0 0 0 0 0 1 1 1 0 R 0
1395 34606 30322 624 30356 594 11043 1 0 0 0 0 0 0 1 1 1 0 R 0
1396 34635 28069 990 28083 975 6305 1 0 0 0 0 0 0 1 1 1 0 R 0
1397 34660 23781 613 23800 588 6974 1 0 0 0 0 0 0 1 1 1 0 R 0
1398 34682 21227 979 21247 955 3799 1 0 0 0 0 0 0 1 1 1 0 R 0
1399 34707 24511 1434 24631 1315 4161 1 0 0 0 0 0 0 1 1 2 0 R 0
1400 34731 22583 658 22607 624 5413 1 0 0 0 0 0 0 1 1 1 0 R 0
1401 34754 22545 870 22023 845 4145 1 0 1 0 0 0 0 1 1 1 0 R 0
1402 34775 19681 609 19704 576 4452 1 0 0 0 0 0 0 1 1 1 0 R 0
1403 34800 24961 851 24984 829 4168 1 0 0 0 0 0 0 1 1 1 0 R 0
1404 34827 25389 1951 25445 1905 6920 1 0 0 0 0 0 0 1 1 1 0 R 0
1405 34852 23342 661 23365 619 8341 1 0 0 0 0 0 0 1 1 1 0 R 0
1406 34872 19397 574 19419 544 4224 1 0 0 0 0 0 0 1 1 1 0 R 0
1407 34893 20191 626 20224 595 4167 1 0 0 0 0 0 0 1 1 1 0 R 0
1408 34920 27057 1279 27165 1186 5939 1 0 0 0 0 0 0 1 1 2 0 R 0
1409 34950 27956 1120 27956 1224 6562 1 0 0 0 0 0 0 1 1 1 0 R 0
1410 34975 24557 621 24461 589 10644 1 0 0 0 0 0 0 1 1 1 0 R 0
1411 34997 21078 1490 21109 1464 3613 1 0 0 0 0 0 0 1 1 1 0 R 0
1412 35025 26376 1301 26410 1256 7934 1 0 0 0 0 0 0 1 1 1 0 R 0
1413 35053 26858 1447 26884 1427 5730 1 0 0 0 0 0 0 1 1 2 0 R 0
1414 35076 21434 633 21455 596 5957 1 0 0 0 0 0 0 1 1 1 0 R 0
1415 35097 19987 695 20043 649 3801 1 0 0 0 0 0 0 1 1 0 0 R 0
1416 35123 25640 1012 25656 986 5686 1 0 0 0 0 0 0 1 1 2 0 R 0
1417 35145 21130 614 21157 574 7085 1 0 0 0 0 0 0 1 1 1 0 R 0
1418 35168 22540 594 22569 568 3891 1 0 0 0 0 0 0 1 1 1 0 R 0
1419 35188 19657 797 19687 767 3751 1 0 0 0 0 0 0 1 1 2 0 R 0
1420 35215 25270 1185 25407 1053 5652 1 0 0 0 0 0 0 1 1 1 0 R 0
1421 35242 26435 1427 26542 1312 4278 1 0 0 0 0 0 0 1 1 1 0 R 0
1422 35271 27268 592 27286 565 7854 1 0 0 0 0 0 0 1 1 1 0 R 0
1423 35290 18842 613 18869 583 4020 1 0 0 0 0 0 0 1 1 1 0 R 0
1424 35314 23497 1129 23639 986 6051 1 0 0 0 0 0 0 1 1 0 0 R 0
1425 35349 33432 903 33453 878 12802 1 0 0 0 0 0 0 1 1 1 0 R 0
1426 35375 24778 617 24810 585 7306 1 0 0 0 0 0 0 1 1 1 0 R 0
1427 35394 19192 598 19219 566 4148 1 0 0 0 0 0 0 1 1 2 0 R 0
1428 35424 29264 608 29284 582 4877 1 0 0 0 0 0 0 1 1 2 0 R 0
1429 35446 21237 607 21270 581 6035 1 0 0 0 0 0 0 1 1 1 0 R 0
1430 35469 22006 838 22037 797 3924 1 0 0 0 0 0 0 1 1 1 0 R 0
1431 35490 20137 606 20164 576 4334 1 0 0 0 0 0 0 1 1 1 0 R 0
1432 35513 22732 1050 22762 1022 3787 1 0 0 0 0 0 0 1 1 1 0 R 0
1433 35538 23703 1101 23733 1069 4083 1 0 0 0 0 0 0 1 1 1 0 R 0
1434 35565 25837 677 25863 643 6860 1 0 0 0 0 0 0 1 1 1 0 R 0
1435 35585 19505 599 19533 568 4211 1 0 0 0 0 0 0 1 1 2 0 R 0
1436 35607 21431 1132 21461 1104 4275 1 0 0 0 0 0 0 1 1 1 0 R 0
1437 35633 24682 1085 24705 1065 5522 1 0 0 0 0 0 0 1 1 1 0 R 0
1438 35661 27299 774 27311 750 6464 1 0 0 0 0 0 0 1 1 1 0 R 0
1439 35682 19856 613 19880 582 4603 1 0 0 0 0 0 0 1 1 1 0 R 0
1440 35706 23744 1018 23871 1001 8187 1 0 0 0 1 0 0 1 1 1 0 R 0
1441 35733 26136 868 25469 837 4155 1 0 0 0 0 0 0 1 1 2 0 R 0
1442 35761 26834 820 26855 794 5803 1 0 0 0 0 0 0 1 1 1 0 R 0
1443 35786 23707 933 23752 887 6882 1 0 0 0 0 0 0 1 1 1 0 R 0
1444 35807 20605 1354 20632 1341 3822 1 0 0 0 0 0 0 1 1 1 0 R 0
1445 35833 24638 1394 24643 1379 3775 1 0 0 0 0 0 0 1 1 1 0 R 0
1446 35862 27682 694 27790 567 5811 1 0 0 0 0 0 0 1 1 1 0 R 0
1447 35883 20108 764 20140 742 5207 1 0 0 0 0 0 0 1 1 1 0 R 0
1448 35904 20472 603 20487 573 4154 1 0 0 0 0 0 0 1 1 1 0 R 0
1449 35929 23995 591 24020 564 6025 1 0 0 0 0 0 0 1 1 1 0 R 0
1450 35955 25803 896 25832 868 5655 1 0 0 0 0 0 0 1 1 2 0 R 0
1451 35980 23425 611 23449 585 5973 1 0 0 0 0 0 0 1 1 1 0 R 0
1452 36000 20072 646 20095 617 3986 1 0 0 0 0 0 0 1 1 1 0 R 0
1453 36022 20641 982 20762 861 3818 1 0 0 0 0 0 0 1 1 2 0 R 0
1454 36051 28073 1044 28092 1027 6317 1 0 0 0 0 0 0 1 1 1 0 R 0
1455 36080 27964 602 27986 568 13172 1 0 0 0 0 0 0 1 1 1 0 R 0
1456 36100 20165 597 20187 573 4589 1 0 0 0 0 0 0 1 1 1 0 R 0
1457 36121 20124 616 20155 587 3804 1 0 0 0 0 0 0 1 1 1 0 R 0
1458 36148 26795 985 26912 968 6095 1 0 0 0 0 0 0 1 1 1 0 R 0
1459 36178 28646 968 28642 875 7099 1 0 0 0 0 0 0 1 1 0 0 R 0
1460 36202 22517 597 22525 573 7044 1 0 0 0 0 0 0 1 1 2 0 R 0
1461 36223 20452 613 20483 578 4349 1 0 0 0 0 0 0 1 1 1 0 R 0
1462 36249 25565 773 25591 749 4997 1 0 0 0 0 0 0 1 1 1 0 R 0
1463 36277 27511 1179 27534 1166 6049 1 0 0 0 0 0 0 1 1 1 0 R 0
1464 36299 20410 590 20416 566 4141 1 0 0 0 0 0 0 1 1 1 0 R 0
1465 36322 22320 715 22444 587 4194 1 0 0 0 0 0 0 1 1 1 0 R 0
1466 36348 25796 580 25820 555 4864 1 0 0 0 0 0 0 1 1 1 0 R 0
1467 36376 27343 1157 27460 1062 5320 1 0 0 0 0 0 0 1 1 2 0 R 0
1468 36399 21381 586 21376 560 3909 1 0 0 0 0 0 0 1 1 1 0 R 0
1469 36418 18825 587 18848 563 3744 1 0 0 0 0 0 0 1 1 1 0 R 0
1470 36449 30770 639 30807 595 11583 1 0 0 0 0 0 0 1 1 1 0 R 0
1471 36477 27194 1494 27231 1472 5400 1 0 0 0 0 0 0 1 1 2 0 R 0
1472 36500 21279 759 21292 735 4432 1 0 0 0 0 0 0 1 1 1 0 R 0
1473 36521 19780 598 19799 567 4157 1 0 0 0 0 0 0 1 1 1 0 R 0
1474 36549 28365 1162 28394 1267 6026 1 0 0 0 0 0 0 1 1 1 0 R 0
1475 36578 27290 986 27179 965 4562 1 0 0 0 0 0 0 1 1 1 0 R 0
1476 36602 22935 613 22954 589 5373 1 0 0 0 0 0 0 1 1 2 0 R 0
1477 36621 18494 600 18520 566 4146 1 0 0 0 0 1 0 1 1 1 0 R 0
1478 36649 27438 1090 27554 1280 6083 1 0 0 0 0 0 0 1 1 1 0 R 0
1479 36677 27186 1603 26908 1600 4069 1 0 0 0 0 0 0 1 1 1 0 R 0
1480 36702 22686 655 22682 632 7741 1 0 0 0 0 0 0 1 1 1 0 R 0
1481 36721 18790 590 18816 555 4180 1 0 0 0 0 0 0 1 1 1 0 R 0
1482 36745 23608 1026 23640 1000 3768 1 0 0 0 0 0 0 1 1 2 0 R 0
1483 36775 28944 1012 28972 988 6301 1 0 0 0 0 0 0 1 1 1 0 R 0
1484 36800 24121 584 24130 560 6488 1 0 0 0 0 0 0 1 1 1 0 R 0
1485 36823 22517 620 22546 591 8939 1 0 0 0 0 0 0 1 1 1 0 R 0
1486 36849 24748 1006 24867 991 4174 1 0 0 0 0 0 0 1 1 1 0 R 0
1487 36876 25822 1121 25746 1095 6222 1 0 0 0 0 0 0 1 1 1 0 R 0
1488 36900 23702 589 23713 569 6659 1 0 0 0 0 0 0 1 1 1 0 R 0
1489 36920 18811 591 18834 564 3793 1 0 0 0 0 0 0 1 1 1 0 R 0
1490 36942 21330 759 21358 730 3799 1 0 0 0 0 0 0 1 1 1 0 R 0
1491 36965 22056 630 22091 593 4981 1 0 0 0 0 0 0 1 1 1 0 R 0
1492 36994 28840 927 28952 815 4902 1 0 0 0 0 0 0 1 1 2 0 R 0
1493 37015 19693 603 19713 576 4524 1 0 0 0 0 0 0 1 1 1 0 R 0
1494 37034 19215 1488 19238 1561 4114 1 0 0 0 0 0 0 1 1 1 0 R 0
1495 37062 25551 818 25478 786 4221 1 0 0 0 0 0 0 1 1 1 0 R 0
1496 37090 27288 664 27313 638 5260 1 0 0 0 0 0 0 1 1 1 0 R 0
1497 37114 23791 620 23820 589 6096 1 0 0 0 0 0 0 1 1 1 0 R 0
1498 37135 20230 599 20249 579 4286 1 0 0 0 0 0 0 1 1 2 0 R 0
1499 37161 25042 979 25151 965 6074 1 0 0 0 0 0 0 1 1 1 0 R 0
