# swapstamp frames 1500 skip 300 peer 466
# f t_ms gap_us swap_us crend_us cswap_us clr_us nclr vcs_r ivcs_r vcs_s ivcs_s minf majf cpu0 cpu1 pticks pcpu pstate ctr
0 0 22179 616 22202 585 7699 1 0 0 0 0 0 0 0 0 0 1 R 0
1 20 19643 682 19675 650 4025 1 0 0 0 0 0 0 0 0 1 1 R 0
2 42 21657 586 20608 553 3532 1 0 4 0 0 0 0 0 0 1 1 R 0
3 61 18085 703 18136 666 3104 1 0 0 0 0 0 0 0 0 2 1 R 0
4 81 19090 1024 19152 961 3061 1 0 0 0 0 0 0 0 0 2 1 R 0
5 101 19769 603 19789 573 4285 1 0 0 0 0 0 0 0 0 1 1 R 0
6 126 23945 612 22053 580 5450 1 0 5 0 0 0 0 0 0 1 1 R 0
7 147 20015 801 19153 708 4461 1 0 1 0 0 0 0 0 0 2 1 R 0
8 165 18035 864 18061 844 3148 1 0 0 0 0 0 0 0 0 1 1 R 0
9 189 23001 598 21826 573 3961 1 0 4 0 0 0 0 0 0 1 1 R 0
10 210 19790 664 19814 646 3945 1 0 0 0 0 0 0 0 0 1 1 R 0
11 230 19553 598 19574 566 3544 1 0 0 0 0 0 0 0 0 1 1 R 0
12 252 21653 580 20238 546 3215 1 0 4 0 0 0 0 0 0 3 1 R 0
13 271 18112 686 18170 648 3659 1 0 0 0 0 0 0 0 0 1 1 R 0
14 292 20398 596 20411 571 4688 1 0 0 0 0 0 0 0 0 2 1 R 0
15 316 23257 587 23287 554 7962 1 0 0 0 0 0 0 0 0 1 1 R 0
16 340 23639 586 21189 554 5170 1 0 5 0 0 0 0 0 0 1 1 R 0
17 359 18536 686 18575 655 3345 1 0 0 0 0 0 0 0 0 2 1 R 0
18 378 18692 717 18720 685 3072 1 0 0 0 0 0 0 0 0 2 1 R 0
19 402 22407 613 20935 580 3779 1 0 4 0 0 0 0 0 0 1 1 R 0
20 421 19229 736 19259 711 4591 1 0 0 0 0 0 0 0 0 1 1 R 0
21 441 18451 730 18505 676 3181 1 0 0 0 0 0 0 0 0 2 1 R 0
22 464 22325 595 21237 570 3601 1 0 4 0 0 0 0 0 0 1 1 R 0
23 482 18000 741 18088 657 3583 1 0 0 0 0 0 0 0 0 2 1 R 0
24 503 20410 747 20471 682 4739 1 0 0 0 0 0 0 0 0 1 1 R 0
25 524 19477 740 19519 704 4185 1 0 0 0 0 0 0 0 0 1 1 R 0
26 550 25249 591 21973 564 7102 1 0 5 0 0 0 0 0 0 2 1 R 0
27 571 21182 727 21210 700 4478 1 0 0 0 0 0 0 0 0 2 1 R 0
28 591 18835 826 18926 743 3141 1 0 0 0 0 0 0 0 0 1 1 R 0
29 614 21849 602 20475 573 3795 1 0 4 0 0 0 0 0 0 1 1 R 0
30 636 22130 676 22190 618 7422 1 0 0 0 0 0 0 0 0 1 1 R 0
31 657 19725 769 19768 723 3799 1 0 0 0 0 0 0 0 0 2 1 R 0
32 679 21544 877 20512 836 3177 1 0 4 0 0 0 0 0 0 1 1 R 0
33 699 19443 623 19466 596 3860 1 0 0 0 0 0 0 0 0 2 1 R 0
34 720 19642 593 19664 571 4183 1 0 0 0 0 0 0 0 0 1 1 R 0
35 743 22532 597 20630 571 3316 1 0 5 0 0 0 0 0 0 1 1 R 0
36 763 19776 638 19802 611 3474 1 0 0 0 0 0 0 0 0 2 1 R 0
37 782 18366 759 18423 708 3543 1 0 0 0 0 0 0 0 0 1 1 R 0
38 803 19928 625 19960 590 4686 1 0 0 0 0 0 0 0 0 1 1 R 0
39 825 21717 689 20838 610 6180 1 0 4 0 0 0 0 0 0 2 1 R 0
40 846 20098 594 20127 569 3929 1 0 0 0 0 0 0 0 0 1 1 R 0
41 866 18981 677 19046 616 3318 1 0 0 0 0 0 0 0 0 1 1 R 0
42 887 20766 1324 19505 1281 3312 1 0 4 0 0 0 0 0 0 2 1 R 0
43 907 18887 1031 18891 1021 3754 1 0 0 0 0 0 0 0 0 1 1 R 0
44 927 19155 1178 19222 1109 3905 1 0 0 0 0 0 0 0 0 1 1 R 0
45 954 25555 600 23401 574 8960 1 0 5 0 0 0 0 0 0 1 1 R 0
46 973 18482 736 18522 695 3810 1 0 0 0 0 0 0 0 0 2 1 R 0
47 992 17987 719 18034 686 3540 1 0 0 0 0 0 0 0 0 2 1 R 0
48 1015 22309 612 21809 588 6715 1 0 1 0 0 0 0 0 0 1 1 R 0
49 1037 20904 612 19793 584 6425 1 0 4 0 0 0 0 0 0 1 1 R 0
50 1055 18293 726 18360 663 3104 1 0 0 0 0 0 0 0 0 2 1 R 0
51 1075 19059 717 19114 665 3323 1 0 0 0 0 0 0 0 0 2 1 R 0
52 1096 20449 880 19497 813 3151 1 0 4 0 0 0 0 0 0 2 1 R 0
53 1117 19804 907 19833 888 3235 1 0 0 0 0 0 0 0 0 1 1 R 0
54 1137 18595 623 18615 595 4123 1 0 0 0 0 0 0 0 0 1 1 R 0
55 1161 23451 790 21459 786 3181 1 0 5 0 0 0 0 0 0 2 1 R 0
56 1180 18560 727 18590 693 3390 1 0 0 0 0 0 0 0 0 1 1 R 0
57 1199 18430 720 18459 680 3159 1 0 0 0 0 0 0 0 0 2 1 R 0
58 1221 20778 605 20800 576 4357 1 0 0 0 0 0 0 0 0 1 1 R 0
59 1243 21738 607 20360 576 3785 1 0 4 0 0 1 0 0 0 1 1 R 0
60 1264 20884 699 20915 666 6297 1 0 0 0 0 0 0 0 0 2 1 R 0
61 1283 18174 710 18227 670 3817 1 0 0 0 0 0 0 0 0 2 1 R 0
62 1307 23090 980 21795 965 3692 1 0 4 0 0 0 0 0 0 2 1 R 0
63 1327 18681 609 18702 581 3800 1 0 0 0 0 0 0 0 0 0 1 R 0
64 1349 21823 607 20304 591 3944 1 0 1 0 0 0 0 0 0 2 1 R 0
65 1367 16986 2988 17025 2296 3044 1 0 0 0 2 0 0 0 0 2 1 R 0
66 1391 21188 1160 20362 1103 3420 1 0 2 0 0 0 0 0 0 1 1 R 0
67 1411 19067 602 19095 578 3082 1 0 0 0 0 0 0 0 0 1 1 R 0
68 1431 19528 604 19552 581 3961 1 0 0 0 0 0 0 0 0 1 1 R 0
69 1453 21410 599 20196 572 3829 1 0 4 0 0 0 0 0 0 2 1 R 0
70 1473 18829 863 18883 810 3506 1 0 0 0 0 0 0 0 0 1 1 R 0
71 1493 18941 997 19001 937 3767 1 0 0 0 0 0 0 0 0 2 1 R 0
72 1515 21578 634 20194 607 3663 1 0 4 0 0 0 0 0 0 1 1 R 0
73 1536 19720 615 19749 585 4412 1 0 0 0 0 0 0 0 0 1 1 R 0
74 1557 20758 606 19661 574 5266 1 0 1 0 0 0 0 0 0 2 1 R 0
75 1582 24442 858 23504 764 6137 1 0 4 0 0 0 0 0 0 2 1 R 0
76 1601 18041 688 18058 653 3669 1 0 0 0 0 0 0 0 0 2 1 R 0
77 1621 19368 1034 19412 1029 3730 1 0 0 0 0 0 0 0 0 2 1 R 0
78 1642 19847 607 19841 575 4480 1 0 0 0 0 0 0 0 0 1 1 R 0
79 1675 32919 607 22609 578 3239 1 0 8 0 0 0 0 0 0 1 1 R 0
80 1695 19120 989 19169 949 3103 1 0 0 0 0 0 0 0 0 2 1 R 0
81 1716 19554 669 19575 639 3759 1 0 0 0 0 0 0 0 0 1 1 R 0
82 1739 22530 592 21197 565 4299 1 0 4 0 0 0 0 0 0 1 1 R 0
83 1761 21294 596 20238 567 5314 1 0 1 0 0 0 0 0 0 2 1 R 0
84 1780 18537 678 18592 627 3176 1 0 0 0 0 0 0 0 0 1 1 R 0
85 1802 21151 718 20122 684 3119 1 0 4 0 0 0 0 0 0 1 1 R 0
86 1823 20549 597 20569 571 3928 1 0 0 0 0 0 0 0 0 2 1 R 0
87 1843 18985 606 19017 575 4221 1 0 0 0 0 0 0 0 0 1 1 R 0
88 1866 23218 608 21707 578 4029 1 0 4 0 0 1 0 0 0 1 1 R 0
89 1885 18508 716 18552 670 3359 1 0 0 0 0 0 0 0 0 2 1 R 0
90 1909 23228 613 23248 584 6089 1 0 0 0 0 0 0 0 0 2 1 R 0
91 1932 21622 583 20855 563 3875 1 0 4 0 0 0 0 0 0 1 1 R 0
92 1956 24258 599 22691 569 4488 1 0 1 0 0 0 0 0 0 1 1 R 0
93 1976 19046 1345 19089 1315 3273 1 0 0 0 0 1 0 0 0 1 1 R 0
94 1997 19086 600 19106 567 3963 1 0 0 0 0 0 0 0 0 1 1 R 0
95 2020 22344 633 20690 608 5201 1 0 4 0 0 0 0 0 0 2 1 R 0
96 2040 19542 594 19572 570 3280 1 0 0 0 0 0 0 0 0 2 1 R 0
97 2060 19788 605 19820 571 3812 1 0 0 0 0 0 0 0 0 1 1 R 0
98 2082 21352 607 20313 580 3384 1 0 4 0 0 0 0 0 0 1 1 R 0
99 2100 17612 727 17691 664 3157 1 0 0 0 0 0 0 0 0 2 1 R 0
100 2122 21184 830 20412 799 3592 1 0 1 0 0 0 0 0 0 1 1 R 0
101 2144 21257 677 20285 640 3689 1 0 4 0 0 0 0 0 0 2 1 R 0
102 2166 20633 606 19495 576 3899 1 0 1 0 0 0 0 0 0 1 1 R 0
103 2184 17770 734 17834 677 3292 1 0 0 0 0 0 0 0 0 1 1 R 0
104 2203 18491 717 18545 674 4198 1 0 0 0 0 0 0 0 0 2 1 R 0
105 2228 24495 682 23577 646 8303 1 0 4 0 0 0 0 0 0 2 1 R 0
106 2249 19889 613 19917 587 3871 1 0 0 0 0 0 0 0 0 1 1 R 0
107 2269 19176 581 19200 554 4029 1 0 0 0 0 0 0 0 0 1 1 R 0
108 2292 22485 676 21699 566 3360 1 0 4 0 0 0 0 0 0 2 1 R 0
109 2312 19164 601 19191 566 4246 1 0 0 0 0 0 0 0 0 1 1 R 0
110 2332 19924 644 19956 612 4319 1 0 0 0 0 0 0 0 0 2 1 R 0
111 2355 22112 730 19093 579 4320 1 0 4 0 0 0 0 0 0 1 1 R 0
112 2375 19569 641 19592 607 4281 1 0 0 0 0 0 0 0 0 1 1 R 0
113 2393 17388 738 17446 709 3155 1 0 0 0 0 0 0 0 0 2 1 R 0
114 2412 18496 767 18554 695 3997 1 0 0 0 0 0 0 0 0 2 1 R 0
115 2436 22729 613 21552 587 7143 1 0 4 0 0 0 0 0 0 1 1 R 0
116 2456 19537 590 19564 568 3781 1 0 0 0 0 0 0 0 0 1 1 R 0
117 2476 19596 610 19623 578 3784 1 0 0 0 0 0 0 0 0 2 1 R 0
118 2497 20237 1485 19230 1465 3230 1 0 4 0 0 0 0 0 0 1 1 R 0
119 2516 17018 872 17029 838 3167 1 0 0 0 0 0 0 0 0 2 1 R 0
120 2540 23858 605 23877 581 7132 1 0 0 0 0 0 0 0 0 1 1 R 0
121 2564 23182 600 21328 571 3790 1 0 5 0 0 0 0 0 0 2 1 R 0
122 2584 19348 592 19375 566 3753 1 0 0 0 0 0 0 0 0 1 1 R 0
123 2603 18639 892 18707 827 3798 1 0 0 0 0 0 0 0 0 2 1 R 0
124 2623 18607 723 18673 669 3543 1 0 0 0 0 0 0 0 0 1 1 R 0
125 2646 22759 646 21767 620 6678 1 0 4 0 0 0 0 0 0 2 1 R 0
126 2666 19225 610 19253 581 3943 1 0 0 0 0 0 0 0 0 1 1 R 0
127 2687 19921 597 19951 561 3634 1 0 0 0 0 0 0 0 0 1 1 R 0
128 2710 22708 593 21582 567 3154 1 0 4 0 0 0 0 0 0 2 1 R 0
129 2728 16923 1575 17701 806 3055 1 0 0 0 0 0 0 0 0 1 1 R 0
130 2750 20452 2002 20471 921 4323 1 0 0 0 1 0 0 0 0 2 1 R 0
131 2773 21634 610 20681 584 4046 1 0 4 0 0 0 0 0 0 1 1 R 0
132 2795 21358 609 21388 579 4537 1 0 0 0 0 0 0 0 0 1 1 R 0
133 2816 20267 607 20293 579 3829 1 0 0 0 0 0 0 0 0 2 1 R 0
134 2836 19667 702 19717 659 4127 1 0 0 0 0 0 0 0 0 1 1 R 0
135 2861 24360 606 22753 581 8770 1 0 4 0 0 0 0 0 0 1 1 R 0
136 2882 20121 694 20170 635 4409 1 0 0 0 0 0 0 0 0 1 1 R 0
137 2901 18095 722 18145 679 3931 1 0 0 0 0 0 0 0 0 2 1 R 0
138 2924 22209 668 21196 621 3357 1 0 4 0 0 0 0 0 0 1 1 R 0
139 2942 17321 751 17369 692 3411 1 0 0 0 0 0 0 0 0 2 1 R 0
140 2965 21959 694 20956 613 4539 1 0 1 0 0 0 0 0 0 1 1 R 0
141 2987 21804 955 20304 926 4219 1 0 4 0 0 0 0 0 0 2 1 R 0
142 3006 17758 829 17785 799 3105 1 0 0 0 0 0 0 0 0 1 1 R 0
143 3026 19483 766 19565 683 3467 1 0 0 0 0 0 0 0 0 2 1 R 0
144 3046 19147 763 19219 707 3631 1 0 0 0 0 0 0 0 0 1 1 R 0
145 3069 22108 587 21056 563 6250 1 0 4 0 0 0 0 0 0 1 1 R 0
146 3089 19640 638 19673 607 4138 1 0 0 0 0 0 0 0 0 2 1 R 0
147 3107 17335 1468 17377 1442 3242 1 0 0 0 0 0 0 0 0 1 1 R 0
148 3131 22021 823 20968 794 3101 1 0 4 0 0 0 0 0 0 2 1 R 0
149 3149 18063 709 18104 668 3202 1 0 0 0 0 0 0 0 0 2 1 R 0
150 3176 25675 636 23753 606 12238 1 0 2 0 0 0 0 0 0 2 1 R 0
151 3199 22207 722 21195 678 3442 1 0 4 0 0 0 0 0 0 1 1 R 0
152 3219 19218 904 19266 840 3064 1 0 0 0 0 0 0 0 0 1 1 R 0
153 3237 17148 723 17191 689 3233 1 0 0 0 0 0 0 0 0 2 1 R 0
154 3261 23639 581 22899 556 3888 1 0 4 0 0 0 0 0 0 1 1 R 0
155 3281 19583 714 19636 665 3788 1 0 0 0 0 0 0 0 0 1 1 R 0
156 3301 19398 596 19422 565 3463 1 0 0 0 0 0 0 0 0 2 1 R 0
157 3321 19051 933 19149 848 3297 1 0 0 0 0 0 0 0 0 2 1 R 0
158 3344 21627 834 20742 792 3191 1 0 4 0 0 0 0 0 0 1 1 R 0
159 3365 21087 601 19322 566 4347 1 0 1 0 0 0 0 0 0 2 1 R 0
160 3385 19402 660 19436 632 4104 1 0 0 0 0 0 0 0 0 1 1 R 0
161 3409 22801 599 21204 571 3773 1 0 4 0 0 0 0 0 0 1 1 R 0
162 3427 17953 1643 18009 1610 3643 1 0 0 0 0 0 0 0 0 1 1 R 0
163 3447 17486 707 17509 686 3137 1 0 0 0 0 0 0 0 0 2 1 R 0
164 3471 23358 573 22603 547 4382 1 0 4 0 0 0 0 0 0 1 1 R 0
165 3494 22419 611 22449 581 8407 1 0 0 0 0 0 0 0 0 2 1 R 0
166 3512 17931 761 17980 734 3490 1 0 0 0 0 0 0 0 0 1 1 R 0
167 3532 19502 727 19530 699 4532 1 0 0 0 0 0 0 0 0 2 1 R 0
168 3554 20910 729 20009 683 3860 1 0 4 0 0 0 0 0 0 1 1 R 0
169 3576 21410 605 19809 579 3850 1 0 1 0 0 0 0 0 0 2 1 R 0
170 3597 19821 652 19843 628 4011 1 0 0 0 0 0 0 0 0 2 1 R 0
171 3619 21783 585 20756 564 3072 1 0 4 0 0 0 0 0 0 1 1 R 0
172 3637 17022 814 17060 777 3272 1 0 0 0 0 0 0 0 0 1 1 R 0
173 3656 18676 839 18772 756 3608 1 0 0 0 0 0 0 0 0 2 1 R 0
174 3677 19796 603 19814 577 3883 1 0 0 0 0 0 0 0 0 1 1 R 0
175 3701 23149 643 21269 619 4180 1 0 4 0 0 0 0 0 0 2 1 R 0
176 3720 18334 709 18383 660 3310 1 0 0 0 0 0 0 0 0 1 1 R 0
177 3740 19332 692 19391 648 3179 1 0 0 0 0 0 0 0 0 2 1 R 0
178 3764 23211 657 20717 629 3051 1 0 5 0 0 0 0 0 0 1 1 R 0
179 3783 19273 641 19316 597 4073 1 0 0 0 0 0 0 0 0 2 1 R 0
180 3809 24964 575 24996 544 9222 1 0 0 0 0 0 0 0 0 1 1 R 0
181 3833 23346 601 22247 564 3151 1 0 4 0 0 1 0 0 0 2 1 R 0
182 3852 18098 729 18153 689 3888 1 0 0 0 0 0 0 0 0 1 1 R 0
183 3873 20613 653 20636 638 4780 1 0 0 0 0 0 0 0 0 2 1 R 0
184 3895 21138 615 19999 586 4402 1 0 4 0 0 0 0 0 0 1 1 R 0
185 3916 20218 586 20248 550 3740 1 0 0 0 0 0 0 0 0 2 1 R 0
186 3935 18265 699 18340 629 3090 1 0 0 0 0 0 0 0 0 1 1 R 0
187 3954 18415 761 18464 722 3163 1 0 0 0 0 1 0 0 0 2 1 R 0
188 3977 22958 1464 20671 1365 7305 1 0 5 0 0 0 0 0 0 1 1 R 0
189 3998 18771 916 19123 549 3757 1 0 0 0 0 0 0 0 0 1 1 R 0
190 4017 18569 1340 18631 1291 3450 1 0 0 0 0 0 0 0 0 2 1 R 0
191 4040 21729 727 20698 698 3300 1 0 4 0 0 0 0 0 0 1 1 R 0
192 4059 18460 719 18496 702 3184 1 0 0 0 0 0 0 0 0 3 1 R 0
193 4079 19381 898 19459 807 3611 1 0 0 0 0 0 0 0 0 1 1 R 0
194 4102 21606 653 20951 569 3966 1 0 4 0 0 0 0 0 0 1 1 R 0
195 4127 24375 1693 23725 1687 7589 1 0 1 0 0 1 0 0 0 2 1 R 0
196 4147 18419 1144 18481 1071 3377 1 0 0 0 0 0 0 0 0 1 1 R 0
197 4171 22953 683 20916 647 3765 1 0 5 0 0 0 0 0 0 1 1 R 0
198 4191 19610 601 19624 577 3403 1 0 0 0 0 0 0 0 0 1 1 R 0
199 4211 19401 597 19428 650 4304 1 0 0 0 0 0 0 0 0 1 1 R 0
200 4231 18632 775 18596 738 3070 1 0 0 0 0 0 0 0 0 2 1 R 0
201 4253 22005 666 20861 619 3206 1 0 4 0 0 0 0 0 0 2 1 R 0
202 4273 18958 698 18996 685 3531 1 0 0 0 0 0 0 0 0 1 1 R 0
203 4294 19918 611 19922 582 4306 1 0 0 0 0 0 0 0 0 2 1 R 0
204 4317 22307 608 20856 581 4371 1 0 4 0 0 0 0 0 0 1 1 R 0
205 4335 17637 735 17679 702 3354 1 0 0 0 0 0 0 0 0 1 1 R 0
206 4354 18618 723 18654 1023 3152 1 0 0 0 0 0 0 0 0 2 1 R 0
207 4376 21346 816 20117 774 3590 1 0 1 0 0 0 0 0 0 2 1 R 0
208 4399 22014 671 19971 647 5910 1 0 4 0 0 0 0 0 0 1 1 R 0
209 4420 19962 588 19990 564 4061 1 0 0 0 0 0 0 0 0 1 1 R 0
210 4442 21577 884 21662 805 6430 1 0 0 0 0 0 0 0 0 2 1 R 0
211 4465 22193 605 21331 578 3744 1 0 4 0 0 0 0 0 0 2 1 R 0
212 4485 19114 616 19138 589 4470 1 0 0 0 0 0 0 0 0 1 1 R 0
213 4505 19535 778 19563 757 4355 1 0 0 0 0 0 0 0 0 1 1 R 0
214 4527 21359 884 20031 868 4345 1 0 4 0 0 0 0 0 0 1 1 R 0
215 4546 17655 718 17701 667 3192 1 0 0 0 0 0 0 0 0 2 1 R 0
216 4567 20513 705 18989 664 3157 1 0 1 0 0 0 0 0 0 1 1 R 0
217 4589 21803 1109 21269 811 3585 1 0 3 0 1 0 0 0 0 2 1 R 0
218 4610 19331 644 19337 612 3982 1 0 0 0 0 0 0 0 0 1 1 R 0
219 4630 19866 597 19898 571 3476 1 0 0 0 0 0 0 0 0 1 1 R 0
220 4650 18763 799 18815 817 3155 1 0 0 0 0 0 0 0 0 1 1 R 0
221 4673 22469 611 21513 588 3254 1 0 4 0 0 0 0 0 0 2 1 R 0
222 4693 19676 595 19703 567 4425 1 0 0 0 0 0 0 0 0 2 1 R 0
223 4713 19532 652 19560 622 4257 1 0 0 0 0 0 0 0 0 1 1 R 0
224 4735 21073 608 19834 572 3784 1 0 4 0 0 0 0 0 0 1 1 R 0
225 4759 23036 587 23066 564 6748 1 0 0 0 0 0 0 0 0 1 1 R 0
226 4779 19917 682 18761 665 3096 1 0 1 0 0 0 0 0 0 3 1 R 0
227 4803 22800 602 22067 556 3786 1 0 4 0 0 0 0 0 0 1 1 R 0
228 4823 19806 610 19829 580 4498 1 0 0 0 0 0 0 0 0 1 1 R 0
229 4845 20927 627 20959 601 4875 1 0 0 0 0 0 0 0 0 2 1 R 0
230 4864 18557 830 18647 745 3897 1 0 0 0 0 0 0 0 0 2 1 R 0
231 4885 20503 774 19457 710 5903 1 0 4 0 0 0 0 0 0 2 1 R 0
232 4906 20496 596 20515 569 3848 1 0 0 0 0 0 0 0 0 1 1 R 0
233 4926 19236 650 19268 615 3852 1 0 0 0 0 0 0 0 0 0 1 R 0
234 4950 22712 590 21309 564 3274 1 0 4 0 0 0 0 0 0 2 1 R 0
235 4970 19861 891 18682 851 3329 1 0 1 0 0 0 0 0 0 1 1 R 0
236 4990 18953 791 19010 744 3087 1 0 0 0 0 0 0 0 0 2 1 R 0
237 5012 21778 598 21053 567 3798 1 0 4 0 0 0 0 0 0 1 1 R 0
238 5033 19931 617 19964 582 4415 1 0 0 0 0 0 0 0 0 1 1 R 0
239 5051 17723 701 17787 657 3738 1 0 0 0 0 0 0 0 0 2 1 R 0
240 5074 22334 731 22379 691 7455 1 0 0 0 0 0 0 0 0 2 1 R 0
241 5096 20993 862 20043 829 5228 1 0 4 0 0 0 0 0 0 1 1 R 0
242 5116 19407 603 19432 578 3988 1 0 0 0 0 0 0 0 0 2 1 R 0
243 5137 19858 634 19883 599 3947 1 0 0 0 0 0 0 0 0 1 1 R 0
244 5161 23787 573 22166 549 3119 1 0 5 0 0 0 0 0 0 2 1 R 0
245 5182 19695 735 18341 680 3140 1 0 1 0 0 0 0 0 0 2 1 R 0
246 5202 19560 606 19588 579 3936 1 0 0 0 0 0 0 0 0 1 1 R 0
247 5225 22195 595 21451 573 4391 1 0 4 0 0 0 0 0 0 1 1 R 0
248 5244 19120 633 19142 609 3926 1 0 0 0 0 0 0 0 0 1 1 R 0
249 5264 18974 721 19037 655 3546 1 0 0 0 0 0 0 0 0 2 1 R 0
250 5283 17978 709 18043 647 3521 1 0 0 0 0 0 0 0 0 2 1 R 0
251 5306 22607 648 21635 612 6992 1 0 4 0 0 0 0 0 0 1 1 R 0
252 5326 19488 603 19511 578 3975 1 0 0 0 0 0 0 0 0 1 1 R 0
253 5346 19035 710 19069 683 3378 1 0 0 0 0 0 0 0 0 2 1 R 0
254 5367 20713 1096 19216 1000 3062 1 0 4 0 0 0 0 0 0 1 1 R 0
255 5391 22753 586 21758 555 6158 1 0 1 0 0 0 0 0 0 2 1 R 0
256 5412 19927 631 19956 604 3954 1 0 0 0 0 0 0 0 0 1 1 R 0
257 5435 22984 600 21707 569 4936 1 0 5 0 0 0 0 0 0 1 1 R 0
258 5455 19596 611 19628 580 4572 1 0 0 0 0 0 0 0 0 1 1 R 0
259 5475 18777 746 18842 685 3455 1 0 0 0 0 0 0 0 0 2 1 R 0
260 5492 16747 710 16805 647 3272 1 0 0 0 0 0 0 0 0 1 1 R 0
261 5517 24448 1017 22850 998 9063 1 0 4 0 0 0 0 0 0 2 1 R 0
262 5539 20326 599 20344 571 4171 1 0 0 0 0 0 0 0 0 2 1 R 0
263 5559 19288 645 19328 605 3717 1 0 0 0 0 0 0 0 0 1 1 R 0
264 5583 23413 654 21128 636 3585 1 0 4 0 0 0 0 0 0 2 1 R 0
265 5601 18072 881 18125 830 3798 1 0 0 0 0 0 0 0 0 1 1 R 0
266 5622 19304 815 19491 616 3843 1 0 0 0 0 0 0 0 0 2 1 R 0
267 5644 21572 647 20843 623 4188 1 0 4 0 0 0 0 0 0 1 1 R 0
268 5663 18285 701 18349 647 3718 1 0 0 0 0 0 0 0 0 1 1 R 0
269 5683 19264 699 19324 638 4039 1 0 0 0 0 0 0 0 0 2 1 R 0
270 5705 20941 977 21001 933 6523 1 0 0 0 0 0 0 0 0 2 1 R 0
271 5728 22031 944 20780 925 4857 1 0 4 0 0 0 0 0 0 1 1 R 0
272 5747 18682 1015 18704 998 3907 1 0 0 0 0 0 0 0 0 1 1 R 0
273 5768 19395 1107 19923 570 3701 1 0 0 0 0 0 0 0 0 1 1 R 0
274 5792 23427 597 21398 567 3153 1 0 5 0 0 1 0 0 0 2 1 R 0
275 5812 19040 828 19132 738 3596 1 0 0 0 0 0 0 0 0 1 1 R 0
276 5832 19309 727 19353 682 4346 1 0 0 0 0 0 0 0 0 1 1 R 0
277 5856 23056 592 21868 560 4352 1 0 4 0 0 0 0 0 0 1 1 R 0
278 5875 18270 822 18359 736 3005 1 0 0 0 0 0 0 0 0 2 1 R 0
279 5894 19047 1114 19095 1061 4689 1 0 0 0 0 0 0 0 0 2 1 R 0
280 5915 19312 711 19361 673 4730 1 0 0 0 0 0 0 0 0 2 1 R 0
281 5939 22978 737 21907 711 6266 1 0 4 0 0 0 0 0 0 1 1 R 0
282 5959 19743 585 19764 562 3943 1 0 0 0 0 0 0 0 0 2 1 R 0
283 5980 20660 653 19192 616 3226 1 0 1 0 0 0 0 0 0 1 1 R 0
284 6003 21872 605 20716 574 3069 1 0 4 0 0 0 0 0 0 1 1 R 0
285 6026 22867 606 22898 574 7764 1 0 0 0 0 0 0 0 0 2 1 R 0
286 6047 20320 1233 19767 1159 3942 1 0 1 0 0 0 0 0 0 2 1 R 0
287 6071 22164 601 21091 563 3807 1 0 4 0 0 0 0 0 0 1 1 R 0
288 6090 19121 679 19162 644 3412 1 0 0 0 0 0 0 0 0 1 1 R 0
289 6110 18746 693 18787 655 3169 1 0 0 0 0 0 0 0 0 2 1 R 0
290 6134 23344 607 21809 579 3301 1 0 5 0 0 0 0 0 0 1 1 R 0
291 6154 19593 615 19624 586 4364 1 0 0 0 0 0 0 0 0 1 1 R 0
292 6175 20756 558 19628 534 3932 1 0 1 0 0 0 0 0 0 2 1 R 0
293 6195 19318 706 19363 676 3435 1 0 0 0 0 0 0 0 0 2 1 R 0
294 6217 21133 1293 20010 1251 4782 1 0 4 0 0 0 0 0 0 1 1 R 0
295 6237 18475 1274 18587 1161 3509 1 0 0 0 0 0 0 0 0 2 1 R 0
296 6257 19022 995 19035 978 3912 1 0 0 0 0 0 0 0 0 1 1 R 0
297 6281 23160 1235 22039 1212 4312 1 0 4 0 0 1 0 0 0 1 1 R 0
298 6301 18438 729 18489 677 3193 1 0 0 0 0 0 0 0 0 2 1 R 0
299 6322 20716 587 20734 558 4710 1 0 0 0 0 0 0 0 0 1 1 R 0
300 6349 26173 619 24088 596 9219 1 0 5 0 0 0 0 0 0 1 1 R 0
301 6369 19543 593 19565 564 3906 1 0 0 0 0 0 0 0 0 1 1 R 0
302 6390 20588 778 19600 692 4673 1 0 1 0 0 0 0 0 0 2 1 R 0
303 6412 20729 643 19429 627 3109 1 0 4 0 0 0 0 0 0 1 1 R 0
304 6433 20277 596 20295 574 4101 1 0 0 0 0 0 0 0 0 2 1 R 0
305 6453 18994 607 19023 574 4327 1 0 0 0 0 0 0 0 0 1 1 R 0
306 6473 20138 595 20166 564 4178 1 0 0 0 0 0 0 0 0 1 1 R 0
307 6494 20589 596 19621 564 5351 1 0 4 0 0 0 0 0 0 2 1 R 0
308 6513 17994 720 18048 668 3550 1 0 0 0 0 0 0 0 0 1 1 R 0
309 6534 19987 584 20022 553 4158 1 0 0 0 0 0 0 0 0 1 1 R 0
310 6556 21509 615 20461 584 4527 1 0 4 0 0 0 0 0 0 1 1 R 0
311 6577 20913 1039 20090 1026 3340 1 0 1 0 0 0 0 0 0 2 1 R 0
312 6597 18861 1488 18906 1442 3071 1 0 0 0 0 0 0 0 0 2 1 R 0
313 6616 17324 758 17383 704 3183 1 0 0 0 0 0 0 0 0 1 1 R 0
314 6641 23814 650 22215 623 3899 1 0 4 0 0 0 0 0 0 2 1 R 0
315 6664 22327 614 22360 574 8513 1 0 0 0 0 1 0 0 0 1 1 R 0
316 6684 20019 592 20055 567 4451 1 0 0 0 0 0 0 0 0 1 1 R 0
317 6706 21114 608 20166 581 5989 1 0 4 0 0 0 0 0 0 2 1 R 0
318 6725 18190 848 18280 781 3233 1 0 0 0 0 0 0 0 0 1 1 R 0
319 6746 20065 664 20078 630 3808 1 0 0 0 0 0 0 0 0 2 1 R 0
320 6769 22561 601 21332 575 3903 1 0 4 0 0 0 0 0 0 1 1 R 0
321 6792 22310 610 21327 579 4494 1 0 1 0 0 0 0 0 0 1 1 R 0
322 6813 20771 599 20803 565 4273 1 0 0 0 0 0 0 0 0 2 1 R 0
323 6835 21588 725 20289 695 3785 1 0 4 0 0 0 0 0 0 2 1 R 0
324 6856 20047 615 20075 587 4059 1 0 0 0 0 0 0 0 0 1 1 R 0
325 6877 20543 1032 20569 1011 3869 1 0 0 0 0 0 0 0 0 1 1 R 0
326 6896 17903 974 18001 875 3341 1 0 0 0 0 0 0 0 0 2 1 R 0
327 6920 23006 584 20879 560 4522 1 0 4 0 0 0 0 0 0 2 1 R 0
328 6942 20900 590 20933 558 3162 1 0 0 0 0 0 0 0 0 1 1 R 0
329 6962 19451 606 19485 574 4278 1 0 0 0 0 0 0 0 0 1 1 R 0
330 6988 25848 697 23376 672 10124 1 0 5 0 0 0 0 0 0 1 1 R 0
331 7007 18273 917 18289 891 3345 1 0 0 0 0 0 0 0 0 2 1 R 0
332 7025 16945 1131 17037 1034 3259 1 0 0 0 0 0 0 0 0 1 1 R 0
333 7051 24350 598 22612 564 4401 1 0 4 0 0 0 0 0 0 2 1 R 0
334 7071 19814 1078 19888 1003 4100 1 0 0 0 0 0 0 0 0 1 1 R 0
335 7091 19437 592 19468 563 4108 1 0 0 0 0 0 0 0 0 1 1 R 0
336 7114 22409 602 20920 573 3107 1 0 4 0 0 0 0 0 0 3 1 R 0
337 7133 17798 750 17871 676 3538 1 0 0 0 0 0 0 0 0 1 1 R 0
338 7153 19139 739 19184 705 4234 1 0 0 0 0 0 0 0 0 2 1 R 0
339 7175 21948 595 21496 561 5404 1 0 1 0 0 0 0 0 0 1 1 R 0
340 7199 22839 583 20354 549 3237 1 0 4 0 0 0 0 0 0 1 1 R 0
341 7219 19436 584 19480 544 3698 1 0 0 0 0 0 0 0 0 1 1 R 0
342 7237 17029 793 17073 765 3279 1 0 0 0 0 0 0 0 0 2 1 R 0
343 7261 23651 602 22338 568 4371 1 0 4 0 0 0 0 0 0 1 1 R 0
344 7281 19455 595 19487 565 3934 1 0 0 0 0 0 0 0 0 1 1 R 0
345 7304 22078 602 22109 570 6993 1 0 0 0 0 0 0 0 0 3 1 R 0
346 7325 20624 815 19030 770 3737 1 0 4 0 0 0 0 0 0 0 1 R 0
347 7344 18172 724 18216 675 3171 1 0 0 0 0 0 0 0 0 2 1 R 0
348 7364 19841 600 19871 571 4381 1 0 0 0 0 0 0 0 0 1 1 R 0
349 7386 20960 600 19899 572 4254 1 0 1 0 0 0 0 0 0 1 1 R 0
350 7407 20502 1509 19676 1478 5128 1 0 4 0 0 0 0 0 0 2 1 R 0
351 7426 17499 763 17545 732 3131 1 0 0 0 0 0 0 0 0 1 1 R 0
352 7446 19211 795 19249 748 3093 1 0 0 0 0 0 0 0 0 2 1 R 0
353 7470 22811 589 21189 558 3857 1 0 4 0 0 0 0 0 0 1 1 R 0
354 7490 20044 594 20072 563 3972 1 0 0 0 0 0 0 0 0 2 1 R 0
355 7509 18211 641 18255 604 3239 1 0 0 0 0 0 0 0 0 1 1 R 0
356 7532 22476 967 20989 938 3737 1 0 4 0 0 0 0 0 0 3 1 R 0
357 7552 18289 740 18334 700 3604 1 0 0 0 0 0 0 0 0 1 1 R 0
358 7573 20481 602 20501 573 4533 1 0 0 0 0 0 0 0 0 1 1 R 0
359 7594 20927 588 19660 552 4251 1 0 1 0 0 0 0 0 0 1 1 R 0
360 7619 24179 607 23358 563 8815 1 0 4 0 0 0 0 0 0 2 1 R 0
361 7637 17693 1691 17762 1642 3279 1 0 0 0 0 0 0 0 0 2 1 R 0
362 7659 19543 564 19538 541 3171 1 0 0 0 0 0 0 0 0 1 1 R 0
363 7681 21543 611 19729 577 3784 1 0 5 0 0 0 0 0 0 1 1 R 0
364 7701 19946 569 19974 533 3658 1 0 0 0 0 0 0 0 0 2 1 R 0
365 7720 18495 728 18559 679 3264 1 0 0 0 0 0 0 0 0 1 1 R 0
366 7743 21666 780 20658 749 3073 1 0 4 0 0 0 0 0 0 2 1 R 0
367 7763 19942 599 19968 568 4167 1 0 0 0 0 1 0 0 0 1 1 R 0
368 7785 20820 568 19906 544 4314 1 0 1 0 0 0 0 0 0 1 1 R 0
369 7805 19350 730 19384 704 4471 1 0 0 0 0 0 0 0 0 1 1 R 0
370 7827 21348 608 20319 579 5842 1 0 4 0 0 0 0 0 0 1 1 R 0
371 7847 19049 618 19083 585 3810 1 0 0 0 0 0 0 0 0 1 1 R 0
372 7866 19275 724 19348 667 3175 1 0 0 0 0 0 0 0 0 2 1 R 0
373 7890 22958 1030 21439 945 3991 1 0 4 0 0 0 0 0 0 2 1 R 0
374 7911 19487 595 19517 570 3837 1 0 0 0 0 0 0 0 0 1 1 R 0
375 7934 22460 612 22488 579 6971 1 0 0 0 0 0 0 0 0 1 1 R 0
376 7955 20609 1101 19263 1055 3721 1 0 4 0 0 0 0 0 0 2 1 R 0
377 7975 18525 732 18557 698 3175 1 0 0 0 0 0 0 0 0 1 1 R 0
378 7997 21802 943 20522 905 4379 1 0 1 0 0 0 0 0 0 2 1 R 0
379 8017 18627 747 18674 694 3413 1 0 0 0 0 0 0 0 0 1 1 R 0
380 8040 22477 588 20548 561 5140 1 0 4 0 0 0 0 0 0 2 1 R 0
381 8059 18330 688 18373 656 3165 1 0 0 0 0 0 0 0 0 1 1 R 0
382 8080 20451 599 20471 572 3897 1 0 0 0 0 0 0 0 0 1 1 R 0
383 8102 21237 669 19710 631 3776 1 0 4 0 0 0 0 0 0 1 1 R 0
384 8123 20846 597 20407 570 3311 1 0 1 0 0 0 0 0 0 2 1 R 0
385 8142 17843 690 17880 652 3620 1 0 0 0 0 0 0 0 0 1 1 R 0
386 8164 21369 754 19930 710 3534 1 0 4 0 0 0 0 0 0 2 1 R 0
387 8184 19603 902 19678 813 3921 1 0 0 0 0 0 0 0 0 1 1 R 0
388 8206 21080 580 19436 554 3989 1 0 1 0 0 0 0 0 0 1 1 R 0
389 8225 18041 700 18082 665 3204 1 0 0 0 0 0 0 0 0 2 1 R 0
390 8251 25081 587 23892 564 7876 1 0 4 0 0 0 0 0 0 2 1 R 0
391 8270 19183 669 19224 632 3374 1 0 0 0 0 0 0 0 0 1 1 R 0
392 8290 19532 646 19569 610 3988 1 0 0 0 0 0 0 0 0 1 1 R 0
393 8313 22257 610 21150 576 3769 1 0 4 0 0 0 0 0 0 1 1 R 0
394 8332 18110 731 18162 679 3546 1 0 0 0 0 0 0 0 0 2 1 R 0
395 8352 18869 746 18928 706 4095 1 0 0 0 0 0 0 0 0 2 1 R 0
396 8373 20897 740 19647 677 3598 1 0 4 0 0 0 0 0 0 2 1 R 0
397 8396 21444 603 19693 575 4373 1 0 1 0 0 0 0 0 0 1 1 R 0
398 8416 19581 725 19608 698 3956 1 0 0 0 0 0 0 0 0 2 1 R 0
399 8434 17840 781 17957 680 3250 1 0 0 0 0 0 0 0 0 1 1 R 0
400 8456 20661 1543 19831 1530 5671 1 0 4 0 0 1 0 0 0 2 1 R 0
401 8476 18792 704 18795 667 3169 1 0 0 0 0 0 0 0 0 1 1 R 0
402 8498 20798 963 21203 563 3915 1 0 0 0 0 0 0 0 0 2 1 R 0
403 8520 21833 597 20256 557 3781 1 0 4 0 0 0 0 0 0 0 1 R 0
404 8541 19756 791 19841 718 3075 1 0 0 0 0 0 0 0 0 2 1 R 0
405 8564 22098 661 22127 629 8011 1 0 0 0 0 0 0 0 0 1 1 R 0
406 8586 22125 613 20590 581 4363 1 0 4 0 0 0 0 0 0 2 1 R 0
407 8608 21276 1022 20246 975 3807 1 0 1 0 0 0 0 0 0 1 1 R 0
408 8628 19110 581 19130 552 3876 1 0 0 0 0 0 0 0 0 1 1 R 0
409 8647 18044 3198 18120 2536 3117 1 0 0 0 3 0 0 0 0 2 1 R 0
410 8670 19936 775 19362 698 3313 1 0 1 0 0 0 0 0 0 2 1 R 0
411 8690 18781 754 18832 713 3142 1 0 0 0 0 0 0 0 0 1 1 R 0
412 8711 20185 603 20204 574 3936 1 0 0 0 0 0 0 0 0 2 1 R 0
413 8733 21897 654 21016 612 3763 1 0 4 0 0 0 0 0 0 1 1 R 0
414 8753 18896 839 18984 749 4181 1 0 0 0 0 0 0 0 0 2 1 R 0
415 8772 18393 766 18458 713 3524 1 0 0 0 0 0 0 0 0 1 1 R 0
416 8796 23628 621 20984 591 4809 1 0 4 0 0 0 0 0 0 2 1 R 0
417 8816 19334 608 19364 575 3812 1 0 0 0 0 0 0 0 0 1 1 R 0
418 8838 21140 649 21173 623 4092 1 0 0 0 0 0 0 0 0 1 1 R 0
419 8863 23897 1123 23155 1116 4316 1 0 4 0 0 0 0 0 0 1 1 R 0
420 8887 23533 1087 23553 1170 8908 1 0 0 0 0 0 0 0 0 1 1 R 0
421 8907 18871 983 18787 960 3783 1 0 0 0 0 0 0 0 0 2 1 R 0
422 8930 22076 569 21184 546 3927 1 0 4 0 0 0 0 0 0 1 1 R 0
423 8950 19180 779 19236 742 3145 1 0 0 0 0 0 0 0 0 1 1 R 0
424 8969 18459 716 18495 666 3289 1 0 0 0 0 0 0 0 0 2 1 R 0
425 8989 19392 703 19440 654 3104 1 0 0 0 0 0 0 0 0 1 1 R 0
426 9013 22990 599 20538 563 5500 1 0 5 0 0 0 0 0 0 1 1 R 0
427 9033 19287 597 19320 566 3845 1 0 0 0 0 0 0 0 0 1 1 R 0
428 9052 18480 727 18547 661 3625 1 0 0 0 0 0 0 0 0 2 1 R 0
429 9074 21714 642 20396 606 3687 1 0 4 0 0 0 0 0 0 2 1 R 0
430 9093 17971 769 18017 725 3494 1 0 0 0 0 0 0 0 0 1 1 R 0
431 9115 20941 609 20965 578 5142 1 0 0 0 0 0 0 0 0 2 1 R 0
432 9135 19233 595 19263 571 3896 1 0 0 0 0 0 0 0 0 1 1 R 0
433 9156 21134 961 20071 905 5628 1 0 4 0 0 0 0 0 0 2 1 R 0
434 9177 19296 715 18158 685 3386 1 0 1 0 0 0 0 0 0 1 1 R 0
435 9202 24689 592 23638 556 6455 1 0 1 0 0 0 0 0 0 2 1 R 0
436 9224 21548 609 20405 578 4735 1 0 4 0 0 0 0 0 0 1 1 R 0
437 9245 19760 591 19791 561 4228 1 0 0 0 0 0 0 0 0 2 1 R 0
438 9264 18710 1018 18753 982 4015 1 0 0 0 0 0 0 0 0 1 1 R 0
439 9286 21112 759 20121 725 3775 1 0 4 0 0 0 0 0 0 2 1 R 0
440 9307 19826 591 19844 563 3878 1 0 0 0 0 0 0 0 0 1 1 R 0
441 9327 19914 1216 19986 1157 3755 1 0 0 0 0 0 0 0 0 1 1 R 0
442 9367 38665 1399 21996 1396 6172 1 0 11 0 0 0 0 0 0 1 1 R 1
443 9405 36541 875 18513 847 23788 1 2 2 0 1 1 0 0 0 2 0 R 0
444 9424 18287 794 15435 749 2123 1 0 4 0 0 0 0 0 0 0 1 R 0
445 9447 21770 753 21815 725 6632 1 0 0 0 0 0 0 0 0 3 1 R 0
446 9466 18288 718 18307 687 3136 1 0 0 0 0 0 0 0 0 2 1 R 0
447 9485 18405 716 18463 653 3313 1 0 0 0 0 0 0 0 0 1 1 R 0
448 9509 23222 583 21313 560 8074 1 0 4 0 0 0 0 0 0 2 1 R 0
449 9529 19966 589 19992 559 3827 1 0 0 0 0 0 0 0 0 0 1 R 0
450 9552 22330 592 22368 552 7695 1 0 0 0 0 0 0 0 0 2 1 R 0
451 9575 22455 593 21570 556 4245 1 0 4 0 0 0 0 0 0 2 1 R 0
452 9597 21049 570 19835 549 3296 1 0 1 0 0 0 0 0 0 1 1 R 0
453 9617 19528 960 19560 957 3793 1 0 0 0 0 0 0 0 0 1 1 R 0
454 9640 22080 714 20310 678 4197 1 0 4 0 0 0 0 0 0 1 1 R 0
455 9659 17809 769 17877 699 3108 1 0 0 0 0 0 0 0 0 2 1 R 0
456 9678 19164 805 19206 758 3759 1 0 0 0 0 0 0 0 0 2 1 R 0
457 9697 17377 796 17431 757 3100 1 0 0 0 0 0 0 0 0 1 1 R 0
458 9721 23639 761 21587 740 4578 1 0 4 0 0 0 0 0 0 2 1 R 0
459 9741 19105 751 19136 722 3791 1 0 0 0 0 0 0 0 0 1 1 R 0
460 9760 18203 690 18247 638 3052 1 0 0 0 0 0 0 0 0 2 1 R 0
461 9783 22504 601 21636 568 3475 1 0 4 0 0 1 0 0 0 1 1 R 0
462 9805 20786 994 19377 961 3611 1 0 1 0 0 0 0 0 0 2 1 R 0
463 9825 19256 582 19267 553 4157 1 0 0 0 0 0 0 0 0 1 1 R 0
464 9849 24038 578 22098 549 4400 1 0 4 0 0 0 0 0 0 1 1 R 0
465 9872 22041 650 22073 614 6597 1 0 0 0 0 0 0 0 0 2 1 R 0
466 9891 17939 731 17984 695 3077 1 0 0 0 0 0 0 0 0 1 1 R 0
467 9913 21997 569 20979 550 3313 1 0 4 0 0 0 0 0 0 2 1 R 0
468 9933 19498 606 19526 572 4356 1 0 0 0 0 0 0 0 0 1 1 R 0
469 9953 19416 583 19447 546 4305 1 0 0 0 0 0 0 0 0 1 1 R 0
470 9973 19029 820 19099 774 3407 1 0 0 0 0 0 0 0 0 2 1 R 0
471 9994 19724 719 18748 689 5284 1 0 4 0 0 0 0 0 0 2 1 R 0
472 10015 20626 593 19715 569 5119 1 0 1 0 0 0 0 0 0 1 1 R 0
473 10035 19135 612 19165 580 4224 1 0 0 0 0 0 0 0 0 1 1 R 0
474 10059 23950 598 21802 553 4303 1 0 4 0 0 0 0 0 0 2 1 R 0
475 10079 19019 850 19080 818 3134 1 0 0 0 0 0 0 0 0 1 1 R 0
476 10097 16973 921 17047 1360 3121 1 0 0 0 0 0 0 0 0 1 1 R 0
477 10121 23282 757 21839 736 5242 1 0 4 0 0 0 0 0 0 2 1 R 0
478 10141 19672 592 19690 565 4002 1 0 0 0 0 0 0 0 0 1 1 R 0
479 10161 19154 589 19186 563 3189 1 0 0 0 0 0 0 0 0 1 1 R 0
480 10184 22382 727 22410 696 6648 1 0 0 0 0 0 0 0 0 2 1 R 0
481 10208 23520 574 20679 550 5497 1 0 6 0 0 0 0 0 0 1 1 R 0
482 10229 19832 585 19859 561 3878 1 0 0 0 0 0 0 0 0 2 1 R 0
483 10249 19254 585 19276 556 3759 1 0 0 0 0 0 0 0 0 1 1 R 0
484 10272 22560 716 21443 691 3913 1 0 4 0 0 0 0 0 0 2 1 R 0
485 10291 18507 766 18553 741 3467 1 0 0 0 0 0 0 0 0 1 1 R 0
486 10310 18261 706 18294 671 3054 1 0 0 0 0 0 0 0 0 2 1 R 0
487 10334 22963 806 22161 755 4277 1 0 4 0 0 0 0 0 0 1 1 R 0
488 10354 19627 607 19660 577 4459 1 0 0 0 0 0 0 0 0 1 1 R 0
489 10373 18346 708 18410 653 3733 1 0 0 0 0 0 0 0 0 1 1 R 0
490 10393 18861 716 18900 677 3981 1 0 0 0 0 0 0 0 0 2 1 R 0
491 10415 22040 906 20091 867 6371 1 0 5 0 0 0 0 0 0 2 1 R 0
492 10436 19437 608 19457 578 4113 1 0 0 0 0 0 0 0 0 1 1 R 0
493 10456 19985 637 20013 608 3850 1 0 0 0 0 0 0 0 0 1 1 R 0
494 10477 20449 1577 19375 1517 3157 1 0 4 0 0 0 0 0 0 2 1 R 0
495 10501 21966 882 22008 824 6081 1 0 0 0 0 0 0 0 0 2 1 R 0
496 10520 18013 681 18070 630 3258 1 0 0 0 0 0 0 0 0 1 1 R 0
497 10543 22128 729 21396 705 3539 1 0 4 0 0 0 0 0 0 1 1 R 0
498 10563 19523 604 19547 577 4335 1 0 0 0 0 0 0 0 0 2 1 R 0
499 10581 17873 718 17938 668 3560 1 0 0 0 0 0 0 0 0 1 1 R 0
500 10601 18722 2393 18761 1183 3269 1 0 0 0 1 0 0 0 0 2 1 R 0
501 10625 21396 741 20353 672 5143 1 0 4 0 0 0 0 0 0 1 1 R 0
502 10644 19092 1212 19119 1193 4346 1 0 0 0 0 1 0 0 0 2 1 R 0
503 10665 19504 635 19528 603 4277 1 0 0 0 0 0 0 0 0 1 1 R 0
504 10687 20995 796 19672 713 3604 1 0 4 0 0 0 0 0 0 1 1 R 0
505 10706 18001 699 18031 653 3260 1 0 0 0 0 0 0 0 0 2 1 R 0
506 10726 19689 771 19754 706 3116 1 0 0 0 0 0 0 0 0 2 1 R 0
507 10747 19889 599 19925 563 3791 1 0 0 0 0 0 0 0 0 1 1 R 0
508 10771 23795 771 22099 931 5658 1 0 4 0 0 0 0 0 0 2 1 R 0
509 10791 19199 717 19056 666 3159 1 0 0 0 0 0 0 0 0 2 1 R 0
510 10815 23443 802 22504 754 6568 1 0 1 0 0 0 0 0 0 2 1 R 0
511 10837 21393 1565 20260 1523 4782 1 0 4 0 0 0 0 0 0 1 1 R 0
512 10858 19322 566 19327 543 3939 1 0 0 0 0 0 0 0 0 2 1 R 0
513 10879 20191 582 20216 567 3275 1 0 0 0 0 0 0 0 0 1 1 R 0
514 10902 22153 593 20978 559 3196 1 0 4 0 0 0 0 0 0 1 1 R 0
515 10920 17967 794 18032 747 3340 1 0 0 0 0 0 0 0 0 2 1 R 0
516 10942 20506 596 20520 574 4650 1 0 0 0 0 0 0 0 0 1 1 R 0
517 10964 22212 596 21193 557 4260 1 0 4 0 0 0 0 0 0 1 1 R 0
518 10985 19638 592 19673 556 4328 1 0 0 0 0 0 0 0 0 2 1 R 0
519 11007 21505 621 19699 597 3973 1 0 1 0 0 0 0 0 0 2 1 R 0
520 11026 18323 699 18370 677 3368 1 0 0 0 0 0 0 0 0 1 1 R 0
521 11049 22565 624 21522 595 5987 1 0 4 0 0 0 0 0 0 2 1 R 0
522 11069 19351 596 19382 566 4177 1 0 0 0 0 0 0 0 0 1 1 R 0
523 11091 21266 603 20848 569 3727 1 0 1 0 0 0 0 0 0 1 1 R 0
524 11113 21557 602 20498 570 3544 1 0 4 0 0 0 0 0 0 1 1 R 0
525 11135 21686 862 21738 817 6708 1 0 0 0 0 0 0 0 0 2 1 R 0
526 11156 19572 603 19602 572 3715 1 0 0 0 0 0 0 0 0 1 1 R 0
527 11180 23454 606 21543 573 4800 1 0 5 0 0 0 0 0 0 2 1 R 0
528 11199 18443 729 18503 687 3107 1 0 0 0 0 0 0 0 0 1 1 R 0
529 11220 20745 1304 19798 1349 3361 1 0 1 0 0 0 0 0 0 2 1 R 0
530 11243 21449 711 20457 689 3259 1 0 4 0 0 0 0 0 0 1 1 R 0
531 11264 19920 602 19940 571 4283 1 0 0 0 0 0 0 0 0 1 1 R 0
532 11284 19506 603 19537 580 4295 1 0 0 0 0 0 0 0 0 2 1 R 0
533 11302 17616 732 17712 645 3588 1 0 0 0 0 0 0 0 0 1 1 R 0
534 11324 21366 843 20377 758 5720 1 0 4 0 0 0 0 0 0 2 1 R 0
535 11342 17488 716 17538 660 3569 1 0 0 0 0 0 0 0 0 2 1 R 0
536 11364 21281 596 21317 562 5636 1 0 0 0 0 0 0 0 0 1 1 R 0
537 11386 21516 625 20354 593 4265 1 0 4 0 0 0 0 0 0 1 1 R 0
538 11406 18781 3290 18812 1103 3066 1 0 0 0 1 0 0 0 0 2 1 R 0
539 11427 17679 762 17704 1370 3077 1 0 0 0 0 0 0 0 0 2 1 R 0
540 11453 25178 703 23423 686 6011 1 0 4 0 0 0 0 0 0 1 1 R 0
541 11473 19585 639 19603 612 4203 1 0 0 0 0 0 0 0 0 2 1 R 0
542 11494 20399 598 20427 567 3929 1 0 0 0 0 0 0 0 0 1 1 R 0
543 11514 18852 1091 18959 993 3707 1 0 0 0 0 0 0 0 0 1 1 R 0
544 11535 20365 732 19361 711 5598 1 0 4 0 0 0 0 0 0 2 1 R 0
545 11555 19266 727 19275 702 3945 1 0 0 0 0 0 0 0 0 1 1 R 0
546 11576 20035 702 20060 681 4497 1 0 0 0 0 0 0 0 0 2 1 R 0
547 11598 21871 616 20355 580 3596 1 0 4 0 0 0 0 0 0 1 1 R 0
548 11621 21961 611 21039 583 3139 1 0 1 0 0 0 0 0 0 2 1 R 0
549 11640 18235 718 18289 691 3074 1 0 0 0 0 0 0 0 0 1 1 R 0
550 11663 22893 584 21989 562 4043 1 0 4 0 0 0 0 0 0 2 1 R 0
551 11684 19573 613 19598 582 4271 1 0 0 0 0 0 0 0 0 1 1 R 0
552 11703 18629 760 18714 683 4006 1 0 0 0 0 0 0 0 0 1 1 R 0
553 11723 19577 614 19597 591 4121 1 0 0 0 0 0 0 0 0 2 1 R 0
554 11745 20881 738 19797 714 5033 1 0 4 0 0 1 0 0 0 1 1 R 0
555 11769 23473 587 23481 556 8099 1 0 0 0 0 0 0 0 0 2 1 R 0
556 11789 19959 586 19987 559 4133 1 0 0 0 0 0 0 0 0 1 1 R 0
557 11813 22818 577 20627 549 3047 1 0 5 0 0 0 0 0 0 1 1 R 0
558 11832 18230 742 18316 677 3693 1 0 0 0 0 0 0 0 0 2 1 R 0
559 11852 20038 969 20071 928 4563 1 0 0 0 0 0 0 0 0 1 1 R 0
560 11876 22227 599 21282 573 4647 1 0 4 0 0 0 0 0 0 1 1 R 0
561 11896 20243 589 20266 560 3814 1 0 0 0 0 0 0 0 0 2 1 R 0
562 11915 18046 709 18099 663 3069 1 0 0 0 0 0 0 0 0 2 1 R 0
563 11935 19194 724 19236 692 3276 1 0 0 0 0 0 0 0 0 1 1 R 0
564 11957 21684 958 20623 948 3915 1 0 4 0 0 0 0 0 0 2 1 R 0
565 11979 20210 578 20221 551 3833 1 0 0 0 0 0 0 0 0 1 1 R 0
566 11998 19264 621 19304 580 3893 1 0 0 0 0 0 0 0 0 1 1 R 0
567 12022 23330 589 21430 558 3097 1 0 5 0 0 0 0 0 0 2 1 R 0
568 12041 17990 700 18031 676 3544 1 0 0 0 0 0 0 0 0 2 1 R 0
569 12062 20010 889 20097 795 3636 1 0 0 0 0 0 0 0 0 1 1 R 0
570 12087 24921 1263 23912 1253 8927 1 0 4 0 0 1 0 0 0 2 1 R 0
571 12109 20340 570 20343 536 3541 1 0 0 0 0 0 0 0 0 1 1 R 0
572 12130 20110 833 19605 800 3055 1 0 1 0 0 0 0 0 0 1 1 R 0
573 12149 18632 3193 18666 1672 3075 1 0 1 0 3 0 0 0 0 2 1 R 0
574 12173 20741 591 20691 565 4732 1 0 0 0 0 0 0 0 0 1 1 R 0
575 12193 19455 714 19490 678 4257 1 0 0 0 0 0 0 0 0 1 1 R 0
576 12215 21167 576 20272 557 4322 1 0 1 0 0 0 0 0 0 2 1 R 0
577 12236 20618 667 19706 635 6017 1 0 4 0 0 0 0 0 0 1 1 R 0
578 12255 17663 1137 17716 1104 3142 1 0 0 0 0 0 0 0 0 2 1 R 0
579 12276 20098 651 20102 628 3783 1 0 0 0 0 0 0 0 0 1 1 R 0
580 12299 22182 593 20788 568 3931 1 0 4 0 0 0 0 0 0 1 1 R 0
581 12317 17726 1266 17788 1230 3368 1 0 0 0 0 0 0 0 0 2 1 R 0
582 12337 18728 2101 18794 2059 4078 1 0 0 0 0 0 0 0 0 2 1 R 0
583 12356 17431 724 17432 688 3147 1 0 0 0 0 0 0 0 0 2 1 R 0
584 12381 23337 630 21975 609 4207 1 0 4 0 0 0 0 0 0 1 1 R 0
585 12403 21852 609 21877 576 8334 1 0 0 0 0 0 0 0 0 1 1 R 0
586 12424 20702 708 19668 663 3483 1 0 1 0 0 0 0 0 0 2 1 R 0
587 12445 19882 743 18956 692 5293 1 0 4 0 0 0 0 0 0 1 1 R 0
588 12464 18284 718 18316 684 3115 1 0 0 0 0 0 0 0 0 1 1 R 0
589 12486 21148 603 21167 567 5356 1 0 0 0 0 0 0 0 0 3 1 R 0
590 12509 22600 598 21259 567 3938 1 0 4 0 0 0 0 0 0 1 1 R 0
591 12530 20027 722 19802 660 3141 1 0 1 0 0 0 0 0 0 1 1 R 0
592 12549 18629 823 18714 751 3170 1 0 0 0 0 0 0 0 0 2 1 R 0
593 12567 17547 3401 17587 2190 3286 1 0 0 0 4 0 0 0 0 1 1 R 0
594 12592 20885 592 20621 562 4573 1 0 0 0 0 0 0 0 0 1 1 R 0
595 12612 19798 636 19853 591 4433 1 0 0 0 0 0 0 0 0 1 1 R 0
596 12632 19518 786 18528 741 3494 1 0 1 0 0 0 0 0 0 2 1 R 0
597 12654 20607 731 19652 695 5287 1 0 4 0 0 0 0 0 0 2 1 R 0
598 12674 19902 600 19919 573 3534 1 0 0 0 0 0 0 0 0 1 1 R 0
599 12694 19024 602 19057 568 4266 1 0 0 0 0 0 0 0 0 1 1 R 0
600 12720 25814 648 24637 607 8003 1 0 4 0 0 0 0 0 0 2 1 R 0
601 12740 18710 683 18768 642 3076 1 0 0 0 0 0 0 0 0 1 1 R 0
602 12759 18526 702 18565 652 3079 1 0 0 0 0 0 0 0 0 2 1 R 0
603 12782 22555 667 21567 638 3772 1 0 4 0 0 0 0 0 0 2 1 R 0
604 12802 19647 599 19676 567 4507 1 0 0 0 0 0 0 0 0 1 1 R 0
605 12824 20707 1208 19377 1187 3874 1 0 1 0 0 1 0 0 0 1 1 R 0
606 12844 18729 1181 18773 1136 3568 1 0 0 0 0 0 0 0 0 2 1 R 0
607 12865 20122 751 19195 697 5260 1 0 4 0 0 0 0 0 0 2 1 R 0
608 12886 19844 606 19864 574 4079 1 0 0 0 0 0 0 0 0 1 1 R 0
609 12906 19437 623 19465 602 3785 1 0 0 0 0 0 0 0 0 1 1 R 0
610 12929 22545 648 20951 585 3321 1 0 4 0 0 0 0 0 0 1 1 R 0
611 12947 17997 1596 18058 1543 3087 1 0 0 0 0 0 0 0 0 1 1 R 0
612 12967 17695 701 17745 644 3106 1 0 0 0 0 0 0 0 0 3 1 R 0
613 12990 22828 1446 22439 866 4728 1 0 2 0 2 0 0 0 0 0 1 R 0
614 13011 19613 626 19625 574 4539 1 0 0 0 0 0 0 0 0 1 1 R 0
615 13036 23709 601 22218 570 8749 1 0 1 0 0 0 0 0 0 3 1 R 0
616 13055 18700 995 18751 965 3546 1 0 0 0 0 0 0 0 0 1 1 R 0
617 13077 20891 1389 19882 1295 3315 1 0 4 0 0 0 0 0 0 2 1 R 0
618 13096 18191 721 18260 644 3089 1 0 0 0 0 0 0 0 0 1 1 R 0
619 13118 20407 1053 20442 1032 3812 1 0 0 0 0 0 0 0 0 1 1 R 0
620 13140 21591 595 20583 567 3773 1 0 4 0 0 0 0 0 0 1 1 R 0
621 13161 20094 872 19468 816 3246 1 0 1 0 0 0 0 0 0 3 1 R 0
622 13180 18608 702 18662 670 3093 1 0 0 0 0 0 0 0 0 1 1 R 0
623 13204 22798 706 22062 664 3762 1 0 4 0 0 0 0 0 0 1 1 R 0
624 13226 21088 688 20022 632 4442 1 0 1 0 0 0 0 0 0 1 1 R 0
625 13244 18012 764 18067 721 3195 1 0 0 0 0 0 0 0 0 2 1 R 0
626 13264 18781 735 18830 689 3869 1 0 0 0 0 0 0 0 0 2 1 R 0
627 13285 20091 711 19059 671 5592 1 0 4 0 0 0 0 0 0 1 1 R 0
628 13305 19973 594 20000 569 3630 1 0 0 0 0 0 0 0 0 1 1 R 0
629 13326 19581 639 19613 610 3753 1 0 0 0 0 0 0 0 0 1 1 R 0
630 13351 24659 586 23699 554 6128 1 0 4 0 0 0 0 0 0 2 1 R 0
631 13370 18265 689 18308 650 3221 1 0 0 0 0 0 0 0 0 1 1 R 0
632 13389 18934 661 18962 646 3232 1 0 0 0 0 0 0 0 0 3 1 R 0
633 13412 22294 599 21434 572 4270 1 0 4 0 0 0 0 0 0 1 1 R 0
634 13434 21217 813 20137 744 4516 1 0 1 0 0 0 0 0 0 1 1 R 0
635 13455 19914 747 19949 721 4344 1 0 0 0 0 0 0 0 0 1 1 R 0
636 13474 18105 716 18156 669 3499 1 0 0 0 0 0 0 0 0 2 1 R 0
637 13496 21882 612 20690 584 6438 1 0 4 0 0 0 0 0 0 1 1 R 0
638 13516 19153 610 19184 581 3875 1 0 0 0 0 0 0 0 0 0 1 R 0
639 13537 20040 2271 20067 1797 3946 1 0 0 0 1 0 0 0 0 2 1 R 0
640 13562 22540 596 21429 562 3121 1 0 4 0 0 0 0 0 0 2 1 R 0
641 13580 17918 834 18025 736 3139 1 0 0 0 0 0 0 0 0 1 1 R 0
642 13602 21566 596 21586 569 5880 1 0 0 0 0 0 0 0 0 2 1 R 0
643 13626 22755 601 20548 567 4293 1 0 5 0 0 0 0 0 0 1 1 R 0
644 13645 18996 689 19045 644 3921 1 0 0 0 0 0 0 0 0 2 1 R 0
645 13669 23276 588 23302 554 6826 1 0 0 0 0 0 0 0 0 1 1 R 0
646 13687 17346 3781 17405 2613 3351 1 0 0 0 4 0 0 0 0 1 1 R 0
647 13711 20195 599 19509 573 3158 1 0 0 0 0 1 0 0 0 3 1 R 0
648 13732 19831 597 19858 562 3979 1 0 0 0 0 0 0 0 0 1 1 R 0
649 13751 18969 802 19092 695 3546 1 0 0 0 0 0 0 0 0 1 1 R 0
650 13774 21740 593 20810 558 4557 1 0 4 0 0 0 0 0 0 2 1 R 0
651 13792 17850 720 17903 687 3909 1 0 0 0 0 0 0 0 0 1 1 R 0
652 13814 20602 649 20619 616 4749 1 0 0 0 0 0 0 0 0 1 1 R 0
653 13837 23088 1236 20718 1210 4319 1 0 5 0 0 0 0 0 0 2 1 R 0
654 13860 21628 622 21658 572 4042 1 0 0 0 0 0 0 0 0 1 1 R 0
655 13879 17928 960 17993 906 3131 1 0 0 0 0 0 0 0 0 2 1 R 0
656 13903 23597 711 22235 690 4215 1 0 4 0 0 0 0 0 0 1 1 R 0
657 13924 19529 613 19556 580 4272 1 0 0 0 0 0 0 0 0 2 1 R 0
658 13944 19784 768 19873 678 4341 1 0 0 0 0 0 0 0 0 1 1 R 0
659 13963 18072 727 18144 670 3652 1 0 0 0 0 0 0 0 0 1 1 R 0
660 13987 23515 937 22348 915 8732 1 0 4 0 0 0 0 0 0 3 1 R 0
661 14005 17489 724 17526 703 3189 1 0 0 0 0 0 0 0 0 1 1 R 0
662 14029 22403 572 21104 547 4207 1 0 1 0 0 0 0 0 0 1 1 R 0
663 14052 22657 596 21210 564 3842 1 0 4 0 0 0 0 0 0 2 1 R 0
664 14071 18846 773 18948 674 3329 1 0 0 0 0 0 0 0 0 1 1 R 0
665 14090 18064 714 18114 657 3062 1 0 0 0 0 0 0 0 0 2 1 R 0
666 14113 22336 583 21164 536 3301 1 0 4 0 0 0 0 0 0 1 1 R 0
667 14134 20525 614 20062 583 5258 1 0 1 0 0 0 0 0 0 2 1 R 0
668 14154 19465 585 19495 547 4100 1 0 0 0 0 0 0 0 0 1 1 R 0
669 14175 19817 622 19868 578 3501 1 0 0 0 0 0 0 0 0 2 1 R 0
670 14195 19903 723 19011 651 5435 1 0 4 0 0 0 0 0 0 2 1 R 0
671 14216 20425 596 20457 568 3844 1 0 0 0 0 0 0 0 0 1 1 R 0
672 14237 20251 1060 19192 1038 4176 1 0 1 0 0 0 0 0 0 1 1 R 0
673 14261 22661 608 21528 575 3467 1 0 4 0 0 0 0 0 0 1 1 R 0
674 14280 18772 717 18828 659 3045 1 0 0 0 0 0 0 0 0 2 1 R 0
675 14304 22471 848 22498 818 6516 1 0 0 0 0 0 0 0 0 2 1 R 0
676 14326 21718 608 20730 579 4364 1 0 4 0 0 0 0 0 0 1 1 R 0
677 14346 19717 609 19745 578 3786 1 0 0 0 0 0 0 0 0 1 1 R 0
678 14366 18498 711 18554 677 3404 1 0 0 0 0 0 0 0 0 2 1 R 0
679 14386 20065 825 20121 756 3776 1 0 0 0 0 0 0 0 0 1 1 R 0
680 14409 22224 582 20426 559 4926 1 0 4 0 0 0 0 0 0 2 1 R 0
681 14431 21128 591 19564 556 3774 1 0 1 0 0 0 0 0 0 1 1 R 0
682 14451 19375 599 19410 565 3917 1 0 0 0 0 0 0 0 0 1 1 R 0
683 14473 21430 710 20453 641 3253 1 0 4 0 0 0 0 0 0 2 1 R 0
684 14491 17446 813 17501 752 3569 1 0 0 0 0 0 0 0 0 2 1 R 0
685 14512 20211 726 20272 672 4793 1 0 0 0 0 0 0 0 0 0 1 R 0
686 14536 22651 612 21478 581 4454 1 0 4 0 0 0 0 0 0 2 1 R 0
687 14556 19678 587 19703 558 3922 1 0 0 0 0 0 0 0 0 1 1 R 0
688 14575 18034 730 18096 674 3103 1 0 0 0 0 0 0 0 0 2 1 R 0
689 14594 18315 799 18385 730 4074 1 0 0 0 0 0 0 0 0 2 1 R 0
690 14619 24865 621 23922 567 9260 1 0 4 0 0 0 0 0 0 1 1 R 0
691 14640 20536 587 19233 562 3951 1 0 1 0 0 0 0 0 0 2 1 R 0
692 14661 19806 578 19830 553 3823 1 0 0 0 0 0 0 0 0 1 1 R 0
693 14683 21411 851 20395 790 3145 1 0 4 0 0 0 0 0 0 2 1 R 0
694 14701 16992 826 17054 773 3571 1 0 0 0 0 0 0 0 0 2 1 R 0
695 14723 21212 637 21230 612 4949 1 0 0 0 0 0 0 0 0 1 1 R 0
696 14745 21555 595 20536 567 4357 1 0 4 0 0 0 0 0 0 1 1 R 0
697 14767 21246 603 21278 563 4200 1 0 0 0 0 0 0 0 0 2 1 R 0
698 14787 19484 605 19524 571 4131 1 0 0 0 0 0 0 0 0 1 1 R 0
699 14810 22250 1051 21589 797 3743 1 0 4 0 0 0 0 0 0 2 1 R 0
700 14831 20669 568 19734 546 3889 1 0 1 0 0 0 0 0 0 1 1 R 0
701 14851 19390 593 19422 559 3757 1 0 0 0 0 0 0 0 0 1 1 R 0
702 14871 19357 777 19401 750 3320 1 0 0 0 0 0 0 0 0 1 1 R 0
703 14894 21883 584 20920 550 3271 1 0 4 0 0 0 0 0 0 2 1 R 0
704 14912 17861 801 17925 743 3731 1 0 0 0 0 0 0 0 0 1 1 R 0
705 14937 23727 998 23756 983 8770 1 0 0 0 0 0 0 0 0 2 1 R 0
706 14960 22478 602 20983 573 3902 1 0 4 0 0 0 0 0 0 1 1 R 0
707 14980 19010 1432 19070 1373 3503 1 0 0 0 0 1 0 0 0 2 1 R 0
708 15001 19122 675 19164 625 3746 1 0 0 0 0 0 0 0 0 1 1 R 0
709 15023 21539 793 20287 743 3370 1 0 4 0 0 0 0 0 0 2 1 R 0
710 15044 20581 635 19560 603 3625 1 0 1 0 0 0 0 0 0 1 1 R 0
711 15065 19810 597 19849 564 4333 1 0 0 0 0 0 0 0 0 1 1 R 0
712 15084 19134 695 19219 626 3637 1 0 0 0 0 0 0 0 0 2 1 R 0
713 15106 20603 718 19525 631 6030 1 0 4 0 0 0 0 0 0 1 1 R 0
714 15127 20727 1580 20792 1539 5397 1 0 0 0 0 0 0 0 0 3 1 R 0
715 15147 18782 975 18778 954 3500 1 0 0 0 0 0 0 0 0 1 1 R 0
716 15173 24179 612 22075 582 3994 1 0 4 0 0 0 0 0 0 1 1 R 0
717 15191 17702 770 17801 680 3676 1 0 0 0 0 0 0 0 0 1 1 R 0
718 15213 21662 609 21684 579 5908 1 0 0 0 0 0 0 0 0 2 1 R 0
719 15237 22689 604 21032 573 4263 1 0 4 0 0 0 0 0 0 1 1 R 0
720 15261 24196 644 23275 615 9646 1 0 1 0 0 0 0 0 0 1 1 R 0
721 15282 20184 590 20216 560 3993 1 0 0 0 0 0 0 0 0 2 1 R 0
722 15304 21329 568 20297 535 3557 1 0 4 0 0 0 0 0 0 1 1 R 0
723 15323 18142 722 18187 690 3670 1 0 0 0 0 0 0 0 0 2 1 R 0
724 15344 20410 606 20437 574 4617 1 0 0 0 0 0 0 0 0 1 1 R 0
725 15364 18925 601 18956 567 4276 1 0 0 0 0 0 0 0 0 1 1 R 0
726 15386 21335 607 20329 583 6378 1 0 4 0 0 0 0 0 0 1 1 R 0
727 15404 18316 1024 18367 974 3303 1 0 0 0 0 0 0 0 0 2 1 R 0
728 15423 17638 1309 17695 1251 3116 1 0 0 0 0 0 0 0 0 2 1 R 0
729 15449 24524 585 21851 551 4843 1 0 5 0 0 0 0 0 0 1 1 R 0
730 15470 20040 583 20072 548 4159 1 0 0 0 0 0 0 0 0 1 1 R 0
731 15490 19662 581 19698 553 3880 1 0 0 0 0 0 0 0 0 2 1 R 0
732 15512 21856 649 20867 624 3016 1 0 4 0 0 0 0 0 0 1 1 R 0
733 15531 18148 727 18191 684 3587 1 0 0 0 0 0 0 0 0 2 1 R 0
734 15552 20065 594 20090 564 4639 1 0 0 0 0 0 0 0 0 1 1 R 0
735 15575 22511 611 22546 580 8805 1 0 0 0 0 0 0 0 0 1 1 R 0
736 15597 21089 589 19893 560 5639 1 0 4 0 0 0 0 0 0 3 1 R 0
737 15615 18192 742 18269 686 3302 1 0 0 0 0 0 0 0 0 1 1 R 0
738 15636 19950 769 18747 719 3337 1 0 1 0 0 0 0 0 0 1 1 R 0
739 15660 22986 601 21349 568 3797 1 0 4 0 0 0 0 0 0 2 1 R 0
740 15681 20213 595 20239 567 3990 1 0 0 0 0 1 0 0 0 0 1 R 0
741 15699 17977 710 18033 657 3097 1 0 0 0 0 0 0 0 0 3 1 R 0
742 15722 22320 591 21324 561 4060 1 0 4 0 0 0 0 0 0 1 1 R 0
743 15741 18439 712 18486 672 3616 1 0 0 0 0 0 0 0 0 2 1 R 0
744 15762 20092 600 20119 568 4408 1 0 0 0 0 0 0 0 0 1 1 R 0
745 15783 20015 596 20045 570 4304 1 0 0 0 0 0 0 0 0 1 1 R 0
746 15807 23306 635 21959 602 8375 1 0 4 0 0 0 0 0 0 1 1 R 0
747 15824 16922 577 16963 539 3157 1 0 0 0 0 0 0 0 0 1 1 R 0
748 15847 22492 1980 21510 1901 7283 1 0 1 0 0 0 0 0 0 3 1 R 0
749 15873 23637 602 22418 577 5458 1 0 4 0 0 0 0 0 0 2 1 R 0
750 15896 22264 595 22291 564 7352 1 0 0 0 0 0 0 0 0 1 1 R 0
751 15915 18873 732 18917 709 3107 1 0 0 0 0 0 0 0 0 2 1 R 0
752 15939 22703 849 21596 764 3130 1 0 4 0 0 0 0 0 0 2 1 R 0
753 15959 19025 579 19040 555 3146 1 0 0 0 0 0 0 0 0 1 1 R 0
754 15978 19271 634 19305 600 3900 1 0 0 0 0 0 0 0 0 1 1 R 0
755 15997 18392 3008 18489 2091 3450 1 0 1 0 3 0 0 0 0 2 1 R 0
756 16021 20196 584 20201 558 3238 1 0 0 0 0 0 0 0 0 1 1 R 0
757 16041 20175 723 18642 653 3082 1 0 1 0 0 0 0 0 0 1 1 R 0
758 16062 20082 593 20111 564 4386 1 0 0 0 0 0 0 0 0 2 1 R 0
759 16084 21358 603 20189 571 5125 1 0 4 0 0 0 0 0 0 1 1 R 0
760 16105 20234 720 20264 688 4717 1 0 0 0 0 0 0 0 0 1 1 R 0
761 16126 20666 609 19753 582 3594 1 0 1 0 0 0 0 0 0 2 1 R 0
762 16150 23337 758 22209 695 3171 1 0 4 0 0 0 0 0 0 1 1 R 0
763 16170 19281 594 19303 567 4064 1 0 0 0 0 0 0 0 0 1 1 R 0
764 16191 19957 605 19990 578 3944 1 0 0 0 0 0 0 0 0 1 1 R 0
765 16215 23658 604 22304 569 6668 1 0 4 0 0 0 0 0 0 3 1 R 0
766 16234 18072 725 18117 699 3215 1 0 0 0 0 0 0 0 0 2 1 R 0
767 16254 19857 1013 18012 992 5430 1 0 1 0 0 0 0 0 0 1 1 R 0
768 16275 19859 672 19864 642 3613 1 0 0 0 0 0 0 0 0 2 1 R 0
769 16297 21278 1016 20061 996 5824 1 0 4 0 0 0 0 0 0 1 1 R 0
770 16316 17441 723 17500 666 3169 1 0 0 0 0 0 0 0 0 1 1 R 0
771 16335 18791 824 18852 765 3670 1 0 0 0 0 0 0 0 0 2 1 R 0
772 16361 24558 594 21953 564 3070 1 0 5 0 0 0 0 0 0 2 1 R 0
773 16381 20038 596 20067 564 3766 1 0 0 0 0 0 0 0 0 1 1 R 0
774 16401 19385 590 19412 557 3979 1 0 0 0 0 0 0 0 0 1 1 R 0
775 16424 21980 584 20636 560 3300 1 0 4 0 0 0 0 0 0 2 1 R 0
776 16445 20224 607 19191 574 4383 1 0 1 0 0 0 0 0 0 1 1 R 0
777 16465 19852 597 19883 569 4435 1 0 0 0 0 0 0 0 0 1 1 R 0
778 16485 19112 619 19142 579 4342 1 0 0 0 0 0 0 0 0 1 1 R 0
779 16507 21451 656 20491 626 6317 1 0 4 0 0 0 0 0 0 1 1 R 0
780 16529 21881 616 21908 588 6050 1 0 0 0 0 0 0 0 0 1 1 R 0
781 16547 16680 811 16749 745 3118 1 0 0 0 0 0 0 0 0 3 1 R 0
782 16571 23181 694 21839 660 3353 1 0 4 0 0 0 0 0 0 0 1 R 0
783 16591 19162 594 19186 566 3767 1 0 0 0 0 0 0 0 0 1 1 R 0
784 16611 19701 709 19746 659 3424 1 0 0 0 0 0 0 0 0 3 1 R 0
785 16633 21546 731 20356 711 3148 1 0 4 0 0 0 0 0 0 1 1 R 0
786 16654 19702 758 18747 730 3555 1 0 1 0 0 0 0 0 0 2 1 R 0
787 16674 20131 657 20154 634 4340 1 0 0 0 0 0 0 0 0 1 1 R 0
788 16694 19295 591 19311 563 4385 1 0 0 0 0 0 0 0 0 1 1 R 0
789 16716 21120 605 20291 574 5757 1 0 4 0 0 0 0 0 0 2 1 R 0
790 16735 18468 900 18514 866 3236 1 0 0 0 0 0 0 0 0 1 1 R 0
791 16754 18208 733 18262 671 3087 1 0 0 0 0 0 0 0 0 1 1 R 0
792 16777 22386 1021 21331 998 4719 1 0 4 0 0 0 0 0 0 1 1 R 0
793 16797 18645 922 18667 897 3820 1 0 0 0 0 0 0 0 0 2 1 R 0
794 16819 21331 608 21374 575 3415 1 0 0 0 0 0 0 0 0 1 1 R 0
795 16846 26075 594 23161 562 6988 1 0 4 0 0 0 0 0 0 2 1 R 0
796 16865 17956 727 18031 670 3033 1 0 0 0 0 0 0 0 0 1 1 R 0
797 16886 20569 772 20643 690 4940 1 0 0 0 0 0 0 0 0 2 1 R 0
798 16907 20411 1850 20434 1366 3911 1 0 0 0 1 0 0 0 0 1 1 R 0
799 16931 21657 607 20597 570 3563 1 0 3 0 0 0 0 0 0 3 1 R 0
800 16949 17976 685 18024 648 3078 1 0 0 0 0 0 0 0 0 1 1 R 0
801 16968 17774 1421 18466 723 3587 1 0 0 0 0 0 0 0 0 2 1 R 0
802 16992 23053 613 21785 578 3696 1 0 4 0 0 0 0 0 0 1 1 R 0
803 17012 19745 678 19778 650 4282 1 0 0 0 0 0 0 0 0 1 1 R 0
804 17031 18058 787 18110 735 3623 1 0 0 0 0 0 0 0 0 2 1 R 0
805 17055 22738 817 20314 803 4013 1 0 5 0 0 0 0 0 0 1 1 R 0
806 17075 19032 597 19048 559 4372 1 0 0 0 0 0 0 0 0 1 1 R 0
807 17095 19705 616 19744 584 4145 1 0 0 0 0 0 0 0 0 1 1 R 0
808 17115 19533 599 19566 567 4486 1 0 0 0 0 0 0 0 0 1 1 R 0
809 17136 20321 2084 19508 1972 5405 1 0 4 0 0 1 0 0 0 2 1 R 0
810 17161 23504 647 22876 628 5950 1 0 1 0 0 0 0 0 0 2 1 R 0
811 17182 19886 601 19908 574 3145 1 0 0 0 0 0 0 0 0 1 1 R 0
812 17204 21628 602 20615 570 4726 1 0 4 0 0 0 0 0 0 1 1 R 0
813 17225 19911 603 19939 572 3890 1 0 0 0 0 0 0 0 0 2 1 R 0
814 17244 18269 2261 18341 1140 3732 1 0 1 0 0 0 0 0 0 1 1 R 0
815 17267 20886 1535 19863 1463 3142 1 0 4 0 0 0 0 0 0 2 1 R 0
816 17287 19092 1027 19109 1008 4145 1 0 0 0 0 0 0 0 0 2 1 R 0
817 17308 19942 574 19956 549 3777 1 0 0 0 0 0 0 0 0 1 1 R 0
818 17328 18574 1968 18674 1461 3247 1 0 1 0 1 0 0 0 0 1 1 R 0
819 17351 21001 968 19901 922 3115 1 0 2 0 0 0 0 0 0 1 1 R 0
820 17370 18214 701 18269 652 3283 1 0 0 0 0 0 0 0 0 2 1 R 0
821 17391 20139 603 20166 567 3956 1 0 0 0 0 0 0 0 0 1 1 R 0
822 17414 22408 618 21158 587 3939 1 0 4 0 0 0 0 0 0 2 1 R 0
823 17434 19468 639 19501 609 4189 1 0 0 0 0 0 0 0 0 1 1 R 0
824 17455 20483 854 19335 834 3616 1 0 1 0 0 0 0 0 0 1 1 R 0
825 17480 24363 674 23083 619 6718 1 0 4 0 0 0 0 0 0 2 1 R 0
826 17500 18984 593 19007 565 3093 1 0 0 0 0 0 0 0 0 1 1 R 0
827 17520 19486 592 19520 563 4010 1 0 0 0 0 0 0 0 0 2 1 R 0
828 17542 21583 568 20274 644 3623 1 0 4 0 0 0 0 0 0 1 1 R 0
829 17561 19014 799 18969 761 3771 1 0 0 0 0 0 0 0 0 2 1 R 0
830 17581 18414 679 18443 651 3129 1 0 0 0 0 0 0 0 0 1 1 R 0
831 17602 20508 585 20527 551 5133 1 0 0 0 0 0 0 0 0 1 1 R 0
832 17625 22285 747 21023 701 5489 1 0 4 0 0 0 0 0 0 2 1 R 0
833 17644 18874 739 18962 660 3503 1 0 0 0 0 1 0 0 0 1 1 R 0
834 17666 21045 712 19243 645 3168 1 0 1 0 0 0 0 0 0 3 1 R 0
835 17687 20314 1649 19324 1620 3283 1 0 4 0 0 0 0 0 0 1 1 R 0
836 17709 19869 583 19879 556 3439 1 0 0 0 0 0 0 0 0 2 1 R 0
837 17729 19250 584 19276 556 3801 1 0 0 0 0 0 0 0 0 1 1 R 0
838 17746 17277 723 17330 680 3127 1 0 0 0 0 0 0 0 0 1 1 R 0
839 17771 24320 724 22211 704 3584 1 0 4 0 0 0 0 0 0 3 1 R 0
840 17794 21390 846 21486 750 6473 1 0 0 0 0 0 0 0 0 1 1 R 0
841 17814 19796 606 19824 572 4271 1 0 0 0 0 0 0 0 0 2 1 R 0
842 17836 21455 606 20296 581 6816 1 0 4 0 0 0 0 0 0 1 1 R 0
843 17858 20719 1518 20548 726 3272 1 0 1 0 0 0 0 0 0 2 1 R 0
844 17878 18988 562 19004 541 3893 1 0 0 0 0 0 0 0 0 1 1 R 0
845 17901 22614 690 20676 645 3811 1 0 5 0 0 0 0 0 0 1 1 R 0
846 17921 19188 622 19218 597 4647 1 0 0 0 0 0 0 0 0 1 1 R 0
847 17941 19438 593 19459 563 3495 1 0 0 0 0 0 0 0 0 1 1 R 0
848 17963 21452 631 20142 601 3031 1 0 4 0 0 0 0 0 0 1 1 R 0
849 17982 17769 729 17830 671 3528 1 0 0 0 0 0 0 0 0 2 1 R 0
850 18000 17769 832 17861 737 3488 1 0 0 0 0 0 0 0 0 2 1 R 0
851 18022 21325 651 21363 610 5925 1 0 0 0 0 0 0 0 0 1 1 R 0
852 18045 21552 594 20654 556 4508 1 0 4 0 0 0 0 0 0 1 1 R 0
853 18065 19709 959 18881 866 4751 1 0 1 0 0 0 0 0 0 2 1 R 0
854 18083 17512 1021 17585 975 3616 1 0 0 0 0 0 0 0 0 2 1 R 0
855 18110 26136 598 24839 567 8435 1 0 4 0 0 0 0 0 0 1 1 R 0
856 18132 21024 608 20504 569 3949 1 0 1 0 0 0 0 0 0 1 1 R 0
857 18153 19940 584 19979 549 4433 1 0 0 0 0 0 0 0 0 2 1 R 0
858 18175 21672 599 20572 571 3952 1 0 4 0 0 0 0 0 0 1 1 R 0
859 18193 18004 804 18079 741 3576 1 0 0 0 0 0 0 0 0 2 1 R 0
860 18214 19419 724 19453 691 4247 1 0 0 0 0 0 0 0 0 2 1 R 0
861 18234 19729 606 19749 574 4265 1 0 0 0 0 0 0 0 0 1 1 R 0
862 18258 23516 657 21207 625 6497 1 0 5 0 0 0 0 0 0 1 1 R 0
863 18277 18514 1500 18560 1455 3638 1 0 0 0 0 0 0 0 0 2 1 R 0
864 18297 17773 736 17831 693 3201 1 0 0 0 0 0 0 0 0 1 1 R 0
865 18320 22852 602 21286 566 4101 1 0 4 0 0 0 0 0 0 2 1 R 0
866 18341 19912 587 19943 557 3895 1 0 0 0 0 0 0 0 0 1 1 R 0
867 18360 18777 721 18818 685 3241 1 0 0 0 0 0 0 0 0 1 1 R 0
868 18384 22903 599 21506 570 3532 1 0 4 0 0 0 0 0 0 2 1 R 0
869 18402 17882 706 17925 673 3578 1 0 0 0 0 0 0 0 0 2 1 R 0
870 18426 23155 612 23173 580 8054 1 0 0 0 0 0 0 0 0 1 1 R 0
871 18446 19446 632 19480 603 3762 1 0 0 0 0 0 0 0 0 1 1 R 0
872 18470 22789 620 20652 593 5702 1 0 4 0 0 0 0 0 0 2 1 R 0
873 18488 18194 853 18392 674 3226 1 0 0 0 0 0 0 0 0 1 1 R 0
874 18510 20762 573 20777 548 3371 1 0 0 0 0 0 0 0 0 2 1 R 0
875 18532 21049 603 19625 574 3790 1 0 4 0 0 0 0 0 0 1 1 R 0
876 18553 20262 695 20284 670 4441 1 0 0 0 0 0 0 0 0 1 1 R 0
877 18573 19440 627 19466 600 3662 1 0 0 0 0 0 0 0 0 2 1 R 0
878 18595 21742 844 20281 798 3548 1 0 4 0 0 0 0 0 0 2 1 R 0
879 18614 18572 741 18626 697 3326 1 0 0 0 0 0 0 0 0 1 1 R 0
880 18635 20058 605 20084 576 4333 1 0 0 0 0 0 0 0 0 1 1 R 0
881 18657 21004 588 19904 568 3952 1 0 1 0 0 0 0 0 0 1 1 R 0
882 18680 22494 644 21109 617 3140 1 0 4 0 0 0 0 0 0 2 1 R 0
883 18699 18021 835 18076 781 3135 1 0 0 0 0 0 0 0 0 1 1 R 0
884 18719 19970 624 20002 592 3723 1 0 0 0 0 0 0 0 0 1 1 R 0
885 18744 23463 735 22138 706 11208 1 0 4 0 0 0 0 0 0 2 1 R 0
886 18764 19584 590 19609 553 4138 1 0 0 0 0 0 0 0 0 1 1 R 0
887 18784 19088 799 19188 709 3671 1 0 0 0 0 0 0 0 0 2 1 R 0
888 18806 21649 901 20508 825 3732 1 0 4 0 0 0 0 0 0 2 1 R 0
889 18826 19273 604 19303 573 3817 1 0 0 0 0 0 0 0 0 1 1 R 0
890 18847 19991 820 20071 1157 3921 1 0 0 0 0 0 0 0 0 1 1 R 0
891 18874 26365 740 23673 695 5723 1 0 6 0 0 0 0 0 0 1 1 R 0
892 18894 18842 1055 18894 1002 3790 1 0 0 0 0 0 0 0 0 2 1 R 0
893 18913 18608 830 18655 795 3723 1 0 0 0 0 0 0 0 0 2 1 R 0
894 18935 21310 706 20681 669 5812 1 0 1 0 0 0 0 0 0 1 1 R 0
895 18957 21291 972 20061 948 4075 1 0 4 0 0 0 0 0 0 1 1 R 0
896 18976 18046 756 18125 682 3129 1 0 0 0 0 0 0 0 0 2 1 R 0
897 18996 18529 691 18562 644 3088 1 0 0 0 0 0 0 0 0 1 1 R 0
898 19019 22929 769 21894 710 3091 1 0 4 0 0 0 0 0 0 2 1 R 0
899 19040 19904 582 19930 553 3528 1 0 0 0 0 0 0 0 0 2 1 R 0
900 19064 23350 700 22165 661 8461 1 0 1 0 0 0 0 0 0 1 1 R 0
901 19085 20171 727 18774 680 3427 1 0 4 0 0 0 0 0 0 1 1 R 0
902 19103 17949 678 17988 644 3682 1 0 0 0 0 0 0 0 0 2 1 R 0
903 19124 20384 858 20463 780 4360 1 0 0 0 0 0 0 0 0 2 1 R 0
904 19144 18869 607 18898 573 4419 1 0 0 0 0 0 0 0 0 1 1 R 0
905 19169 23869 641 22262 610 6739 1 0 5 0 0 0 0 0 0 1 1 R 0
906 19187 17609 1439 17691 1392 3270 1 0 0 0 0 0 0 0 0 2 1 R 0
907 19207 18174 717 18183 700 3232 1 0 0 0 0 0 0 0 0 2 1 R 0
908 19231 23370 595 21924 569 3629 1 0 4 0 0 0 0 0 0 1 1 R 0
909 19251 19320 593 19349 562 3807 1 0 0 0 0 0 0 0 0 1 1 R 0
910 19272 20563 750 19353 730 5770 1 0 1 0 0 0 0 0 0 2 1 R 0
911 19294 21952 611 20694 578 3072 1 0 4 0 0 0 0 0 0 1 1 R 0
912 19313 17845 1410 17896 1386 3572 1 0 0 0 0 1 0 0 0 2 1 R 0
913 19333 18626 729 18675 675 3783 1 0 0 0 0 0 0 0 0 2 1 R 0
914 19355 20970 774 20982 758 5190 1 0 0 0 0 0 0 0 0 1 1 R 0
915 19380 24293 603 23428 569 10158 1 0 4 0 0 0 0 0 0 1 1 R 0
916 19399 19191 829 19235 803 3125 1 0 0 0 0 0 0 0 0 1 1 R 0
917 19419 18304 682 18348 631 3297 1 0 0 0 0 0 0 0 0 2 1 R 0
918 19442 22737 598 21319 564 4189 1 0 4 0 0 0 0 0 0 1 1 R 0
919 19463 20791 632 19045 599 4341 1 0 1 0 0 0 0 0 0 1 1 R 0
920 19483 19232 752 19282 703 4438 1 0 0 0 0 0 0 0 0 2 1 R 0
921 19506 21519 710 20561 657 3986 1 0 4 0 0 0 0 0 0 1 1 R 0
922 19525 18423 766 18504 702 3063 1 0 0 0 0 0 0 0 0 1 1 R 0
923 19544 18427 736 18473 680 3578 1 0 0 0 0 0 0 0 0 2 1 R 0
924 19565 20519 599 20550 570 4384 1 0 0 0 0 0 0 0 0 2 1 R 0
925 19587 21177 605 20145 574 5381 1 0 4 0 0 0 0 0 0 1 1 R 0
926 19607 19743 1323 19816 1272 3639 1 0 0 0 0 1 0 0 0 2 1 R 0
927 19626 17282 824 17360 729 3200 1 0 0 0 0 0 0 0 0 2 1 R 0
928 19650 23747 635 22468 608 3859 1 0 4 0 0 0 0 0 0 1 1 R 0
929 19673 21752 588 20727 559 4031 1 0 1 0 0 0 0 0 0 2 1 R 0
930 19695 21313 595 21345 565 6541 1 0 0 0 0 0 0 0 0 2 1 R 0
931 19717 21725 981 20076 960 4109 1 0 4 0 0 0 0 0 0 0 1 R 0
932 19737 19158 1179 19197 1139 4177 1 0 0 0 0 0 0 0 0 1 1 R 0
933 19757 18842 968 18858 950 3768 1 0 0 0 0 0 0 0 0 1 1 R 0
934 19778 19320 1232 19388 1169 3910 1 0 0 0 1 0 0 0 0 2 1 R 0
935 19800 21237 586 19378 555 3110 1 0 3 0 0 0 0 0 0 2 1 R 0
936 19819 18333 684 18389 632 3336 1 0 0 0 0 0 0 0 0 1 1 R 0
937 19839 19534 757 19575 728 3566 1 0 0 0 0 0 0 0 0 2 1 R 0
938 19863 23621 589 21345 561 3963 1 0 5 0 0 0 0 0 0 1 1 R 0
939 19884 19514 855 19593 782 4408 1 0 0 0 0 0 0 0 0 1 1 R 0
940 19902 17554 708 17608 659 3614 1 0 0 0 0 0 0 0 0 2 1 R 0
941 19924 21151 711 19917 680 4256 1 0 4 0 0 0 0 0 0 2 1 R 0
942 19944 19337 799 19417 704 3628 1 0 0 0 0 0 0 0 0 1 1 R 0
943 19964 19762 602 19792 569 4315 1 0 0 0 0 0 0 0 0 1 1 R 0
944 19985 19470 608 19504 575 4377 1 0 0 0 0 0 0 0 0 1 1 R 0
945 20010 24695 589 23886 558 8796 1 0 4 0 0 0 0 0 0 2 1 R 0
946 20028 17933 723 17975 695 3043 1 0 0 0 0 0 0 0 0 2 1 R 0
947 20047 17656 815 17708 758 3646 1 0 0 0 0 0 0 0 0 2 1 R 0
948 20072 24670 581 22120 554 4324 1 0 5 0 0 0 0 0 0 1 1 R 0
949 20092 19401 674 19457 625 3790 1 0 0 0 0 0 0 0 0 1 1 R 0
950 20112 18849 735 18901 680 3576 1 0 0 0 0 0 0 0 0 2 1 R 0
951 20135 22513 609 20555 580 3749 1 0 5 0 0 0 0 0 0 1 1 R 0
952 20154 18232 841 18317 757 3591 1 0 0 0 0 0 0 0 0 2 1 R 0
953 20175 20576 616 20605 583 4625 1 0 0 0 0 0 0 0 0 1 1 R 0
954 20195 19109 633 19148 593 3925 1 0 0 0 0 0 0 0 0 2 1 R 0
955 20216 20159 757 19367 732 5332 1 0 4 0 0 0 0 0 0 2 1 R 0
956 20236 19263 591 19283 561 4147 1 0 0 0 0 0 0 0 0 1 1 R 0
957 20256 19238 596 19267 573 3774 1 0 0 0 0 0 0 0 0 1 1 R 0
958 20280 24089 827 21690 741 5518 1 0 6 0 0 0 0 0 0 1 1 R 0
959 20303 22187 619 22228 583 3673 1 0 0 0 0 0 0 0 0 2 1 R 0
960 20327 22735 642 22766 609 7084 1 0 0 0 0 0 0 0 0 1 1 R 0
961 20350 22246 794 21273 713 3175 1 0 4 0 0 0 0 0 0 1 1 R 0
962 20370 19725 597 19750 564 4126 1 0 0 0 0 0 0 0 0 2 1 R 0
963 20390 19374 600 19409 569 3795 1 0 0 0 0 0 0 0 0 1 1 R 0
964 20413 21964 744 20368 729 3053 1 0 4 0 0 0 0 0 0 2 1 R 0
965 20431 17609 819 17673 750 3546 1 0 0 0 0 0 0 0 0 2 1 R 0
966 20451 19415 703 19446 679 4733 1 0 0 0 0 0 0 0 0 2 1 R 0
967 20474 21783 595 20113 566 4195 1 0 1 0 0 0 0 0 0 1 1 R 0
968 20495 21070 602 20120 568 6523 1 0 4 0 0 0 0 0 0 1 1 R 0
969 20514 17810 777 17912 680 3283 1 0 0 0 0 0 0 0 0 2 1 R 0
970 20533 18827 889 18993 743 4223 1 0 0 0 0 0 0 0 0 1 1 R 0
971 20555 20225 1182 18851 1182 3955 1 0 4 0 0 0 0 0 0 2 1 R 0
972 20576 20058 591 20033 556 3915 1 0 0 0 0 0 0 0 0 1 1 R 0
973 20596 19667 614 19701 582 3798 1 0 0 0 0 0 0 0 0 1 1 R 0
974 20615 18453 771 18527 706 3129 1 0 0 0 0 0 0 0 0 1 1 R 0
975 20641 25253 651 23551 616 8003 1 0 4 0 0 0 0 0 0 2 1 R 0
976 20661 19595 692 19642 648 3043 1 0 0 0 0 0 0 0 0 1 1 R 0
977 20682 20227 599 19168 573 5666 1 0 1 0 0 0 0 0 0 1 1 R 0
978 20705 22479 596 21451 567 4656 1 0 4 0 0 0 0 0 0 3 1 R 0
979 20724 18020 715 18065 673 3117 1 0 0 0 0 0 0 0 0 1 1 R 0
980 20743 18673 800 18738 727 3543 1 0 0 0 0 0 0 0 0 1 1 R 0
981 20765 21080 738 19773 700 3553 1 0 4 0 0 0 0 0 0 2 1 R 0
982 20786 19853 610 19869 582 4155 1 0 0 0 0 0 0 0 0 1 1 R 0
983 20807 20895 1288 20992 1201 3832 1 0 0 0 0 0 0 0 0 1 1 R 0
984 20827 18386 3751 18434 2725 3162 1 0 0 0 2 0 0 0 0 2 1 R 0
985 20851 20224 1021 19490 968 3393 1 0 2 0 0 0 0 0 0 2 1 R 0
986 20873 21025 634 20043 616 4460 1 0 1 0 0 0 0 0 0 1 1 R 0
987 20894 20066 617 20091 586 4277 1 0 0 0 0 0 0 0 0 1 1 R 0
988 20915 21023 621 19914 591 6102 1 0 4 0 0 0 0 0 0 2 1 R 0
989 20934 18273 785 18319 761 3148 1 0 0 0 0 0 0 0 0 2 1 R 0
990 20957 21649 716 21674 680 6451 1 0 0 0 0 0 0 0 0 2 1 R 0
991 20980 22862 598 21562 561 3817 1 0 4 0 0 0 0 0 0 1 1 R 0
992 21000 19372 600 19403 568 3981 1 0 0 0 0 0 0 0 0 1 1 R 0
993 21020 19480 584 19510 554 3966 1 0 0 0 0 0 0 0 0 1 1 R 0
994 21043 21907 712 20427 696 3396 1 0 4 0 0 0 0 0 0 2 1 R 0
995 21062 18479 710 18516 675 3709 1 0 0 0 0 0 0 0 0 1 1 R 0
996 21084 21015 604 20024 579 4880 1 0 1 0 0 0 0 0 0 2 1 R 0
997 21104 19685 599 19711 568 4449 1 0 0 0 0 0 0 0 0 1 1 R 0
998 21126 20925 595 19834 566 5782 1 0 4 0 0 0 0 0 0 2 1 R 0
999 21146 20101 595 20134 565 3434 1 0 0 0 0 0 0 0 0 1 1 R 0
1000 21167 19883 5454 19645 2902 3124 1 0 1 0 1 0 0 0 0 2 1 R 0
1001 21204 31405 699 26561 639 10432 1 0 6 0 0 0 0 0 0 2 1 R 0
1002 21225 20369 731 20451 645 4377 1 0 0 0 0 0 0 0 0 1 1 R 0
1003 21244 18138 894 18221 822 3880 1 0 0 0 0 0 0 0 0 2 1 R 0
1004 21264 19994 715 19018 679 5441 1 0 4 0 0 0 0 0 0 2 1 R 0
1005 21290 24633 572 23641 546 11161 1 0 1 0 0 0 0 0 0 1 1 R 0
1006 21310 19476 600 19505 571 3875 1 0 0 0 0 0 0 0 0 1 1 R 0
1007 21332 21785 593 20783 562 3334 1 0 4 0 0 0 0 0 0 1 1 R 0
1008 21351 18057 710 18113 658 3688 1 0 0 0 0 0 0 0 0 2 1 R 0
1009 21370 18802 818 18859 760 3776 1 0 0 0 0 0 0 0 0 2 1 R 0
1010 21395 23910 606 22075 577 5029 1 0 5 0 0 0 0 0 0 1 1 R 0
1011 21415 19677 647 19708 606 4279 1 0 0 0 0 0 0 0 0 1 1 R 0
1012 21435 18722 729 18789 674 3245 1 0 0 0 0 0 0 0 0 1 1 R 0
1013 21453 17896 711 17955 658 3207 1 0 0 0 0 0 0 0 0 2 1 R 0
1014 21477 23397 1715 20748 1705 6250 1 0 5 0 0 1 0 0 0 2 1 R 0
1015 21499 19795 626 19806 598 3782 1 0 0 0 0 0 0 0 0 1 1 R 0
1016 21519 19674 583 19698 564 4207 1 0 0 0 0 0 0 0 0 1 1 R 0
1017 21541 21340 601 20261 570 3532 1 0 4 0 0 0 0 0 0 2 1 R 0
1018 21560 18431 708 18483 665 3099 1 0 0 0 0 0 0 0 0 2 1 R 0
1019 21581 20102 786 20182 701 3067 1 0 0 0 0 1 0 0 0 1 1 R 0
1020 21607 24762 605 24009 577 8768 1 0 4 0 0 0 0 0 0 1 1 R 0
1021 21626 19234 589 19265 555 3509 1 0 0 0 0 0 0 0 0 1 1 R 0
1022 21645 17835 743 17886 698 3046 1 0 0 0 0 0 0 0 0 1 1 R 0
1023 21664 18258 720 18305 682 3160 1 0 0 0 0 0 0 0 0 2 1 R 0
1024 21687 22306 1491 20469 1465 7409 1 0 5 0 0 0 0 0 0 2 1 R 0
1025 21708 19859 571 19862 546 3816 1 0 0 0 0 0 0 0 0 1 1 R 0
1026 21728 19469 635 19520 584 3918 1 0 0 0 0 0 0 0 0 1 1 R 0
1027 21750 21113 759 20167 710 3118 1 0 4 0 0 0 0 0 0 2 1 R 0
1028 21769 17981 695 18036 640 3345 1 0 0 0 0 0 0 0 0 2 1 R 0
1029 21790 20072 601 20099 568 3557 1 0 0 0 0 0 0 0 0 1 1 R 0
1030 21812 21459 594 20754 560 3882 1 0 4 0 0 0 0 0 0 2 1 R 0
1031 21833 21122 732 21158 700 4077 1 0 0 0 0 0 0 0 0 1 1 R 0
1032 21854 19515 588 19542 565 4005 1 0 0 0 0 0 0 0 0 1 1 R 0
1033 21873 18377 1994 18647 810 3753 1 0 1 0 0 0 0 0 0 2 1 R 0
1034 21897 22161 604 21146 577 6367 1 0 4 0 0 0 0 0 0 1 1 R 0
1035 21921 24099 810 24128 786 9373 1 0 0 0 0 0 0 0 0 2 1 R 0
1036 21942 19465 602 19492 569 4325 1 0 0 0 0 0 0 0 0 1 1 R 0
1037 21964 21919 596 20789 559 3349 1 0 4 0 0 0 0 0 0 1 1 R 0
1038 21983 18163 723 18228 667 3758 1 0 0 0 0 0 0 0 0 2 1 R 0
1039 22004 20172 613 20202 582 4908 1 0 0 0 0 0 0 0 0 1 1 R 0
1040 22027 22214 605 20870 576 4392 1 0 4 0 0 0 0 0 0 2 1 R 0
1041 22045 18058 719 18104 679 3183 1 0 0 0 0 0 0 0 0 1 1 R 0
1042 22065 19154 774 19208 722 3819 1 0 0 0 0 0 0 0 0 2 1 R 0
1043 22086 19637 725 18664 666 3149 1 0 1 0 0 0 0 0 0 2 1 R 0
1044 22110 23386 599 22243 567 4267 1 0 4 0 0 0 0 0 0 1 1 R 0
1045 22131 20568 608 20068 581 3823 1 0 1 0 0 0 0 0 0 1 1 R 0
1046 22150 18533 674 18597 617 3180 1 0 0 0 0 0 0 0 0 2 1 R 0
1047 22173 22423 590 21547 560 3816 1 0 4 0 0 0 0 0 0 1 1 R 0
1048 22192 18314 742 18362 710 3524 1 0 0 0 0 0 0 0 0 2 1 R 0
1049 22213 20201 605 20218 576 4352 1 0 0 0 0 0 0 0 0 1 1 R 0
1050 22238 24767 721 23336 705 8786 1 0 4 0 0 0 0 0 0 1 1 R 0
1051 22257 17593 756 17642 704 3168 1 0 0 0 0 0 0 0 0 2 1 R 0
1052 22279 21788 744 20439 708 3423 1 0 1 0 0 0 0 0 0 2 1 R 0
1053 22297 17223 4234 17252 2995 3152 1 0 0 0 4 0 0 0 0 1 1 R 0
1054 22321 19119 615 19123 582 4150 1 0 0 0 0 0 0 0 0 1 1 R 0
1055 22341 19896 591 19928 566 3761 1 0 0 0 0 0 0 0 0 1 1 R 0
1056 22360 18267 741 18348 651 3132 1 0 0 0 0 0 0 0 0 2 1 R 0
1057 22384 23028 595 21962 564 3126 1 0 4 0 0 0 0 0 0 2 1 R 0
1058 22402 17844 786 17884 751 3807 1 0 0 0 0 0 0 0 0 1 1 R 0
1059 22424 21004 610 21031 577 4903 1 0 0 0 0 0 0 0 0 1 1 R 0
1060 22446 21900 607 20581 570 4441 1 0 4 0 0 0 0 0 0 2 1 R 0
1061 22465 18191 716 18242 673 3072 1 0 0 0 0 0 0 0 0 1 1 R 0
1062 22487 21042 994 18922 1006 4121 1 0 1 0 0 0 0 0 0 2 1 R 0
1063 22507 19416 2245 19407 1653 3801 1 0 0 0 4 0 0 0 0 1 1 R 0
1064 22529 19623 595 19268 563 3417 1 0 0 0 0 0 0 0 0 1 1 R 0
1065 22552 22287 597 22326 562 7322 1 0 0 0 0 0 0 0 0 2 1 R 0
1066 22572 18889 1059 18963 1011 3663 1 0 0 0 0 0 0 0 0 1 1 R 0
1067 22594 21452 887 20554 802 3726 1 0 4 0 0 0 0 0 0 2 1 R 0
1068 22614 19384 609 19400 582 4431 1 0 0 0 0 0 0 0 0 1 1 R 0
1069 22645 30182 514 24817 490 4276 1 0 2 0 0 0 0 0 0 2 1 S 2
1070 22672 25801 763 18734 725 7402 1 0 6 0 0 0 0 0 0 1 1 R 1
1071 22706 33192 595 20164 567 20216 1 2 0 0 0 0 0 0 0 2 1 R 0
1072 22727 21084 987 19876 962 3874 1 0 4 0 0 0 0 0 0 1 1 R 0
1073 22747 19005 985 19030 960 3775 1 0 0 0 0 0 0 0 0 1 1 R 0
1074 22765 17301 705 17328 689 3227 1 0 0 0 0 0 0 0 0 2 1 R 0
1075 22785 18901 733 18938 682 3933 1 0 0 0 0 0 0 0 0 2 1 R 0
1076 22808 21766 1503 21103 719 4655 1 0 4 0 0 0 0 0 0 1 1 R 0
1077 22829 19733 602 19772 554 3788 1 0 0 0 0 0 0 0 0 2 1 R 0
1078 22849 19530 633 19561 603 3941 1 0 0 0 0 0 0 0 0 1 1 R 0
1079 22874 24067 594 23190 560 3639 1 0 4 0 0 0 0 0 0 1 1 R 0
1080 22897 22327 750 21375 697 7817 1 0 1 0 0 0 0 0 0 2 1 R 0
1081 22917 19435 611 19460 577 3527 1 0 0 0 0 0 0 0 0 2 1 R 0
1082 22940 22234 598 20695 564 4176 1 0 4 0 0 0 0 0 0 1 1 R 0
1083 22960 19832 607 19867 571 3316 1 0 0 0 0 0 0 0 0 2 1 R 0
1084 22980 18880 777 18934 745 3134 1 0 0 0 0 0 0 0 0 1 1 R 0
1085 22998 17260 3639 18129 1655 3135 1 0 2 0 2 0 0 0 0 1 1 R 0
1086 23021 20232 795 20244 777 3899 1 0 0 0 0 0 0 0 0 2 1 R 0
1087 23041 19166 595 19189 563 4224 1 0 0 0 0 0 0 0 0 1 1 R 0
1088 23061 19417 604 19450 571 3367 1 0 0 0 0 0 0 0 0 1 1 R 0
1089 23086 23612 708 21402 680 3167 1 0 5 0 0 0 0 0 0 1 1 R 0
1090 23104 17822 707 17893 634 3062 1 0 0 0 0 0 0 0 0 2 1 R 0
1091 23125 20561 656 20599 627 4722 1 0 0 0 0 0 0 0 0 1 1 R 0
1092 23149 22947 629 21281 585 3933 1 0 4 0 0 0 0 0 0 2 1 R 0
1093 23171 20931 669 20654 619 3812 1 0 1 0 0 0 0 0 0 1 1 R 0
1094 23190 19220 705 19270 675 3470 1 0 0 0 0 0 0 0 0 2 1 R 0
1095 23215 23893 605 22432 579 6363 1 0 4 0 0 0 0 0 0 2 1 R 0
1096 23235 19738 592 19766 564 4479 1 0 0 0 0 0 0 0 0 1 1 R 0
1097 23256 19756 595 19784 569 3931 1 0 0 0 0 0 0 0 0 1 1 R 0
1098 23275 18159 686 18221 629 3143 1 0 0 0 0 0 0 0 0 2 1 R 0
1099 23297 22133 1092 19966 1079 7006 1 0 5 0 0 0 0 0 0 1 1 R 0
1100 23316 17655 882 17709 826 3147 1 0 0 0 0 0 0 0 0 2 1 R 0
1101 23337 20244 1111 20266 1093 4358 1 0 0 0 0 0 0 0 0 1 1 R 0
1102 23361 22415 600 21334 565 3940 1 0 4 0 0 0 0 0 0 1 1 R 0
1103 23380 18677 705 18716 671 3262 1 0 0 0 0 0 0 0 0 2 1 R 0
1104 23400 18820 669 18857 649 3128 1 0 0 0 0 0 0 0 0 2 1 R 0
1105 23420 19897 2662 19506 1534 3527 1 0 2 0 2 0 0 0 0 1 1 R 0
1106 23444 20878 608 20875 584 4387 1 0 0 0 0 0 0 0 0 1 1 R 0
1107 23464 19405 613 19433 571 4157 1 0 0 0 0 0 0 0 0 1 1 R 0
1108 23483 18851 2293 18905 1095 3546 1 0 1 0 0 0 0 0 0 1 1 R 0
1109 23510 24137 683 22210 657 8460 1 0 4 0 0 0 0 0 0 2 1 R 0
1110 23533 22249 878 22305 817 6819 1 0 0 0 0 0 0 0 0 2 1 R 0
1111 23553 19192 604 19220 569 4399 1 0 0 0 0 0 0 0 0 1 1 R 0
1112 23576 22851 611 21906 572 5565 1 0 4 0 0 1 0 0 0 1 1 R 0
1113 23595 18548 772 18614 708 3136 1 0 0 0 0 0 0 0 0 2 1 R 0
1114 23614 18132 894 18206 832 3093 1 0 0 0 0 0 0 0 0 2 1 R 0
1115 23639 23756 581 22347 554 4769 1 0 4 0 0 0 0 0 0 1 1 R 0
1116 23659 19261 1703 19286 1685 3871 1 0 0 0 0 1 0 0 0 1 1 R 0
1117 23680 20208 619 20244 697 3891 1 0 0 0 0 0 0 0 0 2 1 R 0
1118 23704 22494 595 20304 569 4488 1 0 5 0 0 0 0 0 0 1 1 R 0
1119 23724 20055 676 20085 643 4235 1 0 0 0 0 0 0 0 0 2 1 R 0
1120 23743 18480 741 18552 674 3485 1 0 0 0 0 0 0 0 0 1 1 R 0
1121 23764 19938 697 19973 673 4194 1 0 0 0 0 0 0 0 0 1 1 R 0
1122 23787 22524 1064 21514 1053 7347 1 0 4 0 0 0 0 0 0 2 1 R 0
1123 23807 18198 690 18237 647 3478 1 0 0 0 0 0 0 0 0 2 1 R 0
1124 23826 19130 836 19162 798 3410 1 0 0 0 0 0 0 0 0 1 1 R 0
1125 23852 25249 610 23561 574 9640 1 0 4 0 0 0 0 0 0 2 1 R 0
1126 23873 19948 849 19978 825 4527 1 0 0 0 0 0 0 0 0 1 1 R 0
1127 23894 19632 749 18732 692 3934 1 0 1 0 0 0 0 0 0 2 1 R 0
1128 23915 21051 751 20039 691 3485 1 0 4 0 0 0 0 0 0 1 1 R 0
1129 23934 18027 814 18074 747 3169 1 0 0 0 0 0 0 0 0 2 1 R 0
1130 23954 19509 596 19540 567 4302 1 0 0 0 0 0 0 0 0 1 1 R 0
1131 23975 19918 610 19955 572 4215 1 0 0 0 0 0 0 0 0 2 1 R 0
1132 23996 20048 735 19252 695 5419 1 0 4 0 0 0 0 0 0 1 1 R 0
1133 24014 18118 763 18135 734 3130 1 0 0 0 0 0 0 0 0 2 1 R 0
1134 24035 19682 719 19726 684 3973 1 0 0 0 0 0 0 0 0 2 1 R 0
1135 24058 22583 584 21330 559 3838 1 0 4 0 0 0 0 0 0 1 1 R 0
1136 24079 19901 585 19931 552 3946 1 0 0 0 0 0 0 0 0 1 1 R 0
1137 24099 20125 757 18788 726 3118 1 0 1 0 0 0 0 0 0 2 1 R 0
1138 24119 18797 2440 18831 1418 3289 1 0 2 0 0 0 0 0 0 1 1 R 0
1139 24142 20883 597 20093 570 3753 1 0 2 0 0 0 0 0 0 2 1 R 0
1140 24165 22094 599 22123 568 8573 1 0 0 0 0 0 0 0 0 1 1 R 0
1141 24185 19320 642 19389 574 4288 1 0 0 0 0 0 0 0 0 1 1 R 0
1142 24206 20901 840 19990 784 5405 1 0 4 0 0 0 0 0 0 2 1 R 0
1143 24225 17822 728 17851 690 3059 1 0 0 0 0 0 0 0 0 2 1 R 0
1144 24245 19339 850 19396 893 3128 1 0 0 0 0 0 0 0 0 1 1 R 0
1145 24269 22749 735 21092 699 3789 1 0 4 0 0 0 0 0 0 1 1 R 0
1146 24292 22054 677 20927 632 3863 1 0 1 0 0 0 0 0 0 2 1 R 0
1147 24312 19926 677 19973 642 3120 1 0 0 0 0 0 0 0 0 2 1 R 0
1148 24335 22014 686 20464 652 3147 1 0 4 0 0 0 0 0 0 2 1 R 0
1149 24355 19085 610 19109 778 4399 1 0 0 0 0 0 0 0 0 2 1 R 0
1150 24375 20008 626 19843 603 4575 1 0 0 0 0 0 0 0 0 1 1 R 0
1151 24395 18918 748 18981 682 3631 1 0 0 0 0 0 0 0 0 1 1 R 0
1152 24417 21924 1144 21095 1123 4892 1 0 4 0 0 0 0 0 0 2 1 R 0
1153 24436 17194 719 17239 664 3286 1 0 0 0 0 0 0 0 0 2 1 R 0
1154 24457 20438 603 20464 574 3886 1 0 0 0 0 0 0 0 0 1 1 R 0
1155 24482 24582 609 23167 576 7656 1 0 4 0 0 0 0 0 0 1 1 R 0
1156 24504 21115 583 20134 553 4322 1 0 1 0 0 0 0 0 0 2 1 R 0
1157 24524 19435 786 19531 694 4011 1 0 0 0 0 0 0 0 0 2 1 R 0
1158 24545 20450 826 19463 727 3530 1 0 4 0 0 0 0 0 0 2 1 R 0
1159 24566 20146 590 20174 556 3783 1 0 0 0 0 0 0 0 0 1 1 R 0
1160 24586 19693 598 19725 565 4131 1 0 0 0 0 0 0 0 0 1 1 R 0
1161 24607 20459 1231 20489 1216 4103 1 0 0 0 2 0 0 0 0 0 1 R 0
1162 24630 21551 669 19923 626 3116 1 0 2 0 0 0 0 0 0 3 1 R 0
1163 24649 18409 683 18444 649 3091 1 0 0 0 0 0 0 0 0 1 1 R 0
1164 24670 20478 599 20501 569 4279 1 0 0 0 0 0 0 0 0 2 1 R 0
1165 24695 23641 578 21371 551 3772 1 0 5 0 0 0 0 0 0 1 1 R 0
1166 24713 18041 796 18087 759 3678 1 0 0 0 0 0 0 0 0 1 1 R 0
1167 24733 18794 689 18831 648 4444 1 0 0 0 0 0 0 0 0 2 1 R 0
1168 24756 22735 606 21334 580 4571 1 0 4 0 0 0 0 0 0 2 1 R 0
1169 24776 19440 721 19479 680 3727 1 0 0 0 0 0 0 0 0 1 1 R 0
1170 24802 24840 602 24875 569 7451 1 0 0 0 0 0 0 0 0 1 1 R 0
1171 24825 22784 601 20670 576 3727 1 0 4 0 0 0 0 0 0 2 1 R 0
1172 24844 18065 702 18101 660 3175 1 0 0 0 0 0 0 0 0 1 1 R 0
1173 24865 20538 598 20572 569 5138 1 0 0 0 0 0 0 0 0 2 1 R 0
1174 24885 19109 605 19143 569 4375 1 0 0 0 0 0 0 0 0 1 1 R 0
1175 24909 23409 562 21439 548 7394 1 0 4 0 0 0 0 0 0 2 1 R 0
1176 24930 20863 624 20561 603 3207 1 0 1 0 0 0 0 0 0 1 1 R 0
1177 24950 18807 709 18865 658 3481 1 0 0 0 0 0 0 0 0 2 1 R 0
1178 24973 22024 612 20916 585 4169 1 0 4 0 0 0 0 0 0 1 1 R 0
1179 24993 19853 844 19883 808 4251 1 0 0 0 0 0 0 0 0 1 1 R 0
1180 25013 19108 751 19142 730 4290 1 0 0 0 0 0 0 0 0 1 1 R 0
1181 25036 22519 608 21262 579 4054 1 0 4 0 0 0 0 0 0 2 1 R 0
1182 25054 17616 729 17677 664 3101 1 0 0 0 0 0 0 0 0 2 1 R 0
1183 25075 19969 745 20020 715 3912 1 0 0 0 0 0 0 0 0 1 1 R 0
1184 25100 23744 819 21637 617 3967 1 0 5 0 0 0 0 0 0 1 1 R 0
1185 25123 22619 627 22642 603 6719 1 0 0 0 0 0 0 0 0 2 1 R 0
1186 25142 18047 682 18079 654 3621 1 0 0 0 0 0 0 0 0 2 1 R 0
1187 25163 20646 899 19949 863 4449 1 0 1 0 0 0 0 0 0 1 1 R 0
1188 25186 21770 595 20694 573 6556 1 0 4 0 0 0 0 0 0 1 1 R 0
1189 25206 19636 691 19660 661 3901 1 0 0 0 0 0 0 0 0 2 1 R 0
1190 25225 17905 718 17956 676 3148 1 0 0 0 0 0 0 0 0 1 1 R 0
1191 25247 21907 1012 20753 991 4532 1 0 4 0 0 0 0 0 0 2 1 R 0
1192 25268 20167 574 20179 547 3915 1 0 0 0 0 0 0 0 0 1 1 R 0
1193 25288 18594 998 19046 666 4008 1 0 0 0 0 0 0 0 0 1 1 R 0
1194 25312 23159 658 21133 638 5497 1 0 5 0 0 0 0 0 0 2 1 R 0
1195 25333 20984 600 20655 571 4916 1 0 1 0 0 0 0 0 0 1 1 R 0
1196 25353 18975 589 19003 567 4072 1 0 0 0 0 0 0 0 0 1 1 R 0
1197 25373 19728 1035 19828 937 3752 1 0 0 0 0 0 0 0 0 2 1 R 0
1198 25395 20751 604 19708 578 6261 1 0 4 0 0 0 0 0 0 1 1 R 0
1199 25416 20529 586 20554 556 4006 1 0 0 0 0 0 0 0 0 1 1 R 0
1200 25440 23338 587 23372 561 6292 1 0 0 0 0 0 0 0 0 2 1 R 0
1201 25463 22620 834 21775 767 3142 1 0 4 0 0 0 0 0 0 2 1 R 0
1202 25484 20027 986 20098 921 4393 1 0 0 0 0 0 0 0 0 1 1 R 0
1203 25506 21259 571 19483 546 4383 1 0 1 0 0 0 0 0 0 1 1 R 0
1204 25531 24276 628 21995 595 3634 1 0 4 0 0 0 0 0 0 2 1 R 0
1205 25551 18803 710 18861 655 3116 1 0 0 0 0 1 0 0 0 1 1 R 0
1206 25571 19231 724 19281 691 3452 1 0 0 0 0 0 0 0 0 2 1 R 0
1207 25594 22387 580 21335 560 3538 1 0 4 0 0 0 0 0 0 1 1 R 0
1208 25614 19425 608 19448 580 4432 1 0 0 0 0 0 0 0 0 2 1 R 0
1209 25632 17933 806 18013 740 3700 1 0 0 0 0 0 0 0 0 1 1 R 0
1210 25652 18986 726 19043 657 4400 1 0 0 0 0 0 0 0 0 2 1 R 0
1211 25674 21134 593 20237 567 5406 1 0 4 0 0 0 0 0 0 1 1 R 0
1212 25694 19688 609 19722 576 4528 1 0 0 0 0 0 0 0 0 2 1 R 0
1213 25715 20592 601 19167 567 5684 1 0 1 0 0 0 0 0 0 1 1 R 0
1214 25737 21295 1687 20164 1662 3099 1 0 4 0 0 0 0 0 0 1 1 R 0
1215 25761 21526 858 21603 765 6022 1 0 0 0 0 0 0 0 0 2 1 R 0
1216 25781 19778 595 19803 570 3223 1 0 0 0 0 0 0 0 0 2 1 R 0
1217 25803 21474 587 20761 557 3796 1 0 4 0 0 0 0 0 0 1 1 R 0
1218 25825 21313 604 21346 573 4313 1 0 0 0 0 0 0 0 0 1 1 R 0
1219 25844 18173 1528 18221 1499 3121 1 0 0 0 0 1 0 0 0 1 1 R 0
1220 25864 18964 900 19048 805 3184 1 0 0 0 0 0 0 0 0 2 1 R 0
1221 25889 23591 581 22432 554 7550 1 0 4 0 0 0 0 0 0 2 1 R 0
1222 25911 20995 592 19549 559 3897 1 0 1 0 0 0 0 0 0 1 1 R 0
1223 25931 20061 577 20090 547 3443 1 0 0 0 0 0 0 0 0 1 1 R 0
1224 25953 21665 596 20541 573 3137 1 0 4 0 0 0 0 0 0 2 1 R 0
1225 25972 18212 702 18237 676 3571 1 0 0 0 0 0 0 0 0 2 1 R 0
1226 25993 19846 600 19868 567 4472 1 0 0 0 0 0 0 0 0 1 1 R 0
1227 26015 21914 592 20976 560 4295 1 0 4 0 0 0 0 0 0 1 1 R 0
1228 26036 19920 598 19945 568 4096 1 0 0 0 0 0 0 0 0 2 1 R 0
1229 26055 18233 1187 18331 1118 3073 1 0 0 0 0 0 0 0 0 0 1 R 0
1230 26078 22596 2341 22601 1175 6353 1 0 2 0 2 0 0 0 0 2 1 R 0
1231 26101 20723 562 19744 540 3765 1 0 1 0 0 0 0 0 0 1 1 R 0
1232 26123 21349 605 21090 578 4605 1 0 1 0 0 0 0 0 0 2 1 R 0
1233 26142 17862 725 17915 682 3570 1 0 0 0 0 0 0 0 0 1 1 R 0
1234 26164 21797 608 20677 556 5986 1 0 4 0 0 0 0 0 0 2 1 R 0
1235 26183 17505 724 17560 688 3630 1 0 0 0 0 0 0 0 0 1 1 R 0
1236 26206 22535 593 22549 565 4718 1 0 0 0 0 0 0 0 0 2 1 R 0
1237 26231 25049 600 20963 561 7964 1 0 5 0 0 0 0 0 0 1 1 R 0
1238 26251 18524 718 18593 656 3428 1 0 0 0 0 0 0 0 0 1 1 R 0
1239 26271 19801 672 19901 564 3296 1 0 0 0 0 0 0 0 0 2 1 R 0
1240 26295 23108 598 21508 570 3137 1 0 4 0 0 0 0 0 0 2 1 R 0
1241 26316 20332 599 19354 567 5595 1 0 1 0 0 0 0 0 0 1 1 R 0
1242 26336 19307 630 19363 565 3992 1 0 0 0 0 0 0 0 0 1 1 R 0
1243 26357 20583 2552 19484 1798 3061 1 0 1 0 3 0 0 0 0 1 1 R 0
1244 26378 18990 945 18707 912 3266 1 0 1 0 0 0 0 0 0 2 1 R 0
1245 26402 22447 610 22477 572 7527 1 0 0 0 0 0 0 0 0 2 1 R 0
1246 26423 20521 604 20352 576 4551 1 0 1 0 0 0 0 0 0 1 1 R 0
1247 26447 23163 593 22237 568 5981 1 0 4 0 0 0 0 0 0 1 1 R 0
1248 26466 18947 729 19015 673 3512 1 0 0 0 0 0 0 0 0 2 1 R 0
1249 26485 18218 931 18270 880 3289 1 0 0 0 0 0 0 0 0 1 1 R 0
1250 26511 24639 603 22059 573 3169 1 0 5 0 0 0 0 0 0 2 1 R 0
1251 26531 19614 596 19643 564 3789 1 0 0 0 0 0 0 0 0 1 1 R 0
1252 26551 19576 686 19609 659 3546 1 0 0 0 0 0 0 0 0 1 1 R 0
1253 26574 22054 602 21144 573 3884 1 0 4 0 0 0 0 0 0 1 1 R 0
1254 26592 17746 817 17817 762 3669 1 0 0 0 0 0 0 0 0 2 1 R 0
1255 26613 20070 614 20084 581 4617 1 0 0 0 0 0 0 0 0 1 1 R 0
1256 26633 19470 867 19504 837 4352 1 0 0 0 0 0 0 0 0 1 1 R 0
1257 26656 22010 646 20749 624 6748 1 0 4 0 0 0 0 0 0 2 1 R 0
1258 26675 18306 727 18343 693 3233 1 0 0 0 0 0 0 0 0 1 1 R 0
1259 26694 17990 690 18026 639 3164 1 0 0 0 0 0 0 0 0 2 1 R 0
1260 26721 27015 807 24993 779 12549 1 0 5 0 0 0 0 0 0 1 1 R 0
1261 26742 19611 589 19636 555 4253 1 0 0 0 0 0 0 0 0 2 1 R 0
1262 26762 19391 806 19448 754 3226 1 0 0 0 0 0 0 0 0 1 1 R 0
1263 26784 21526 644 20166 556 3570 1 0 4 0 0 0 0 0 0 2 1 R 0
1264 26804 18636 931 18702 873 3569 1 0 0 0 0 0 0 0 0 1 1 R 0
1265 26824 19862 603 19884 571 4220 1 0 0 0 0 0 0 0 0 2 1 R 0
1266 26844 19259 600 19291 567 4357 1 0 0 0 0 0 0 0 0 1 1 R 0
1267 26870 24908 647 22763 624 6148 1 0 5 0 0 0 0 0 0 1 1 R 0
1268 26890 20138 587 20162 556 3923 1 0 0 0 0 0 0 0 0 1 1 R 0
1269 26912 20729 590 19444 556 3866 1 0 1 0 0 0 0 0 0 2 1 R 0
1270 26935 22524 611 21348 581 6484 1 0 4 0 0 0 0 0 0 1 1 R 0
1271 26956 20436 704 20472 668 3783 1 0 0 0 0 0 0 0 0 1 1 R 0
1272 26975 18489 739 18544 684 3091 1 0 0 0 0 0 0 0 0 2 1 R 0
1273 26999 23030 586 21956 568 3271 1 0 4 0 0 0 0 0 0 2 1 R 0
1274 27018 18916 651 18952 613 3062 1 0 0 0 0 0 0 0 0 1 1 R 0
1275 27041 22107 707 22135 675 8279 1 0 0 0 0 0 0 0 0 1 1 R 0
1276 27064 22026 606 20744 581 3913 1 0 4 0 0 0 0 0 0 2 1 R 0
1277 27084 18998 924 19094 835 3968 1 0 0 0 0 0 0 0 0 1 1 R 0
1278 27102 18055 723 18086 696 3690 1 0 0 0 0 0 0 0 0 2 1 R 0
1279 27125 21969 607 20587 572 4260 1 0 1 0 0 0 0 0 0 1 1 R 0
1280 27148 22347 592 21249 579 6862 1 0 4 0 0 0 0 0 0 1 1 R 0
1281 27167 18652 1495 18228 1449 3099 1 0 1 0 0 0 0 0 0 2 1 R 0
1282 27187 18239 1385 18253 1350 3504 1 0 0 0 0 0 0 0 0 1 1 R 0
1283 27211 22393 687 21598 571 3253 1 0 4 0 0 0 0 0 0 3 1 R 0
1284 27231 19500 624 19540 587 3858 1 0 0 0 0 0 0 0 0 1 1 R 0
1285 27251 19580 591 19609 564 3746 1 0 0 0 0 0 0 0 0 1 1 R 0
1286 27273 21103 705 19825 603 3303 1 0 4 0 0 0 0 0 0 1 1 R 0
1287 27291 17688 730 17736 685 3547 1 0 0 0 0 0 0 0 0 2 1 R 0
1288 27312 20168 699 18646 641 3669 1 0 1 0 0 0 0 0 0 2 1 R 0
1289 27333 20497 603 20530 572 4131 1 0 0 0 0 0 0 0 0 1 1 R 0
1290 27359 24741 706 23596 670 12569 1 0 4 0 0 0 0 0 0 1 1 R 0
1291 27377 17011 775 17060 725 3056 1 0 0 0 0 0 0 0 0 1 1 R 0
1292 27395 18061 744 18110 693 3159 1 0 0 0 0 0 0 0 0 2 1 R 0
1293 27420 23550 587 22221 559 4174 1 0 4 0 0 0 0 0 0 2 1 R 0
1294 27439 19027 634 19054 613 4146 1 0 0 0 0 0 0 0 0 1 1 R 0
1295 27460 19995 666 20029 622 3904 1 0 0 0 0 0 0 0 0 1 1 R 0
1296 27479 18791 2863 18848 1759 3176 1 0 1 0 3 0 0 0 0 2 1 R 0
1297 27501 18501 702 18491 657 3089 1 0 0 0 0 0 0 0 0 1 1 R 0
1298 27523 21946 773 21068 692 3305 1 0 1 0 0 1 0 0 0 2 1 R 0
1299 27543 19161 603 19188 573 4247 1 0 0 0 0 0 0 0 0 1 1 R 0
1300 27566 22076 598 20757 562 6800 1 0 4 0 0 0 0 0 0 1 1 R 0
1301 27585 17957 729 18009 695 3431 1 0 0 0 0 0 0 0 0 2 1 R 0
1302 27604 18352 809 18408 747 3801 1 0 0 0 0 0 0 0 0 1 1 R 0
1303 27627 22248 786 21054 740 3434 1 0 4 0 0 0 0 0 0 3 1 R 0
1304 27647 19218 600 19224 569 3908 1 0 0 0 0 0 0 0 0 1 1 R 0
1305 27671 23234 600 23265 568 7073 1 0 0 0 0 0 0 0 0 2 1 R 0
1306 27693 21758 717 20426 694 3107 1 0 4 0 0 0 0 0 0 1 1 R 0
1307 27715 21203 598 20073 570 4249 1 0 1 0 0 0 0 0 0 2 1 R 0
1308 27734 18603 746 18656 706 4100 1 0 0 0 0 0 0 0 0 0 1 R 0
1309 27754 19645 603 19661 576 4362 1 0 0 0 0 0 0 0 0 1 1 R 0
1310 27779 24415 712 23319 680 6349 1 0 4 0 0 0 0 0 0 2 1 R 0
1311 27799 18844 692 18902 639 3604 1 0 0 0 0 0 0 0 0 2 1 R 0
1312 27817 17326 2050 17405 1997 3218 1 0 0 0 0 0 0 0 0 2 1 R 0
1313 27843 24133 599 22869 566 5559 1 0 4 0 0 0 0 0 0 2 1 R 0
1314 27863 19364 599 19394 567 4378 1 0 0 0 0 0 0 0 0 1 1 R 0
1315 27888 24731 733 24269 685 3856 1 0 1 0 0 0 0 0 0 1 1 R 0
1316 27915 25439 561 23373 531 6054 1 0 5 0 0 0 0 0 0 2 1 R 0
1317 27938 22842 697 22863 694 7845 1 0 0 0 0 0 0 0 0 1 1 R 0
1318 27961 22373 658 22389 631 8731 1 0 0 0 0 0 0 0 0 1 1 R 0
1319 27986 24160 740 22914 690 9646 1 0 4 0 0 0 0 0 0 2 1 R 0
1320 28009 22141 672 22170 650 6397 1 0 0 0 0 0 0 0 0 1 1 R 0
1321 28031 21485 961 21531 914 6191 1 0 0 0 0 0 0 0 0 2 1 R 0
1322 28056 24286 605 23294 578 11223 1 0 4 0 0 0 0 0 0 1 1 R 0
1323 28080 23252 591 23285 555 6983 1 0 0 0 0 0 0 0 0 2 1 R 0
1324 28100 19417 587 19449 559 3510 1 0 0 0 0 0 0 0 0 1 1 R 0
1325 28125 24149 598 21435 570 3505 1 0 6 0 0 0 0 0 0 1 1 R 0
1326 28144 18199 827 18264 768 3439 1 0 0 0 0 0 0 0 0 2 1 R 0
1327 28165 20755 629 20796 576 4698 1 0 0 0 0 0 0 0 0 1 1 R 0
1328 28187 21112 1011 19374 994 4350 1 0 4 0 0 0 0 0 0 2 1 R 0
1329 28206 18521 733 18548 705 3190 1 0 0 0 0 0 0 0 0 2 1 R 0
1330 28226 18893 772 18928 748 3206 1 0 0 0 0 0 0 0 0 1 1 R 0
1331 28246 19376 587 19372 560 3582 1 0 0 0 0 0 0 0 0 1 1 R 0
1332 28269 22491 595 21391 576 6596 1 0 4 0 0 0 0 0 0 1 1 R 0
1333 28290 19585 654 19617 614 4017 1 0 0 0 0 0 0 0 0 1 1 R 0
1334 28309 19214 653 19256 612 3234 1 0 0 0 0 0 0 0 0 2 1 R 0
1335 28333 22666 607 20627 575 4482 1 0 5 0 0 0 0 0 0 2 1 R 0
1336 28353 19320 632 19362 595 4395 1 0 0 0 0 0 0 0 0 1 1 R 0
1337 28373 19948 837 19970 807 4384 1 0 0 0 0 0 0 0 0 1 1 R 0
1338 28399 25077 588 23596 561 7181 1 0 4 0 0 0 0 0 0 1 1 R 0
1339 28417 17375 1519 17450 1468 3166 1 0 0 0 0 0 0 0 0 2 1 R 0
1340 28437 17948 744 17995 680 3244 1 0 0 0 0 0 0 0 0 1 1 R 0
1341 28459 21759 1526 21780 880 3821 1 0 1 0 3 0 0 0 0 2 1 R 0
1342 28481 20567 594 20266 561 3961 1 0 0 0 0 0 0 0 0 1 1 R 0
1343 28501 19228 701 19275 674 3076 1 0 0 0 0 0 0 0 0 2 1 R 0
1344 28523 21093 783 20034 743 3336 1 0 1 0 0 0 0 0 0 2 1 R 0
1345 28543 19748 809 18909 743 5288 1 0 4 0 0 0 0 0 0 1 1 R 0
1346 28564 20070 605 20099 579 4290 1 0 0 0 0 0 0 0 0 2 1 R 0
1347 28584 19548 656 19577 624 4281 1 0 0 0 0 0 0 0 0 1 1 R 0
1348 28607 21778 743 20600 710 3771 1 0 4 0 0 0 0 0 0 1 1 R 0
1349 28627 19603 1336 19649 1292 3400 1 0 0 0 0 0 0 0 0 2 1 R 0
1350 28646 17489 927 17526 889 3187 1 0 0 0 0 0 0 0 0 2 1 R 0
1351 28667 20421 2354 20449 1447 3798 1 0 0 0 4 0 0 0 0 0 1 R 0
1352 28690 20352 631 20089 599 3896 1 0 0 0 0 0 0 0 0 2 1 R 0
1353 28713 22255 589 22291 558 6366 1 0 0 0 0 0 0 0 0 2 1 R 0
1354 28733 19264 747 18340 719 4763 1 0 1 0 0 0 0 0 0 2 1 R 0
1355 28754 20825 730 19927 668 5330 1 0 4 0 0 0 0 0 0 1 1 R 0
1356 28775 20392 607 20411 575 4474 1 0 0 0 0 0 0 0 0 1 1 R 0
1357 28795 19202 656 19236 621 3519 1 0 0 0 0 0 0 0 0 1 1 R 0
1358 28817 21488 1096 20108 1060 4127 1 0 4 0 0 0 0 0 0 2 1 R 0
1359 28836 17526 738 17562 675 3450 1 0 0 0 0 0 0 0 0 1 1 R 0
1360 28857 20324 1017 20350 1003 3990 1 0 0 0 0 0 0 0 0 1 1 R 0
1361 28877 18956 2607 18986 1843 3818 1 0 0 0 3 0 0 0 0 1 1 R 0
1362 28900 20499 591 20227 559 3335 1 0 1 0 0 0 0 0 0 2 1 R 0
1363 28922 21456 685 19535 643 3376 1 0 1 0 0 0 0 0 0 2 1 R 0
1364 28942 18695 716 18750 670 3623 1 0 0 0 0 0 0 0 0 1 1 R 0
1365 28965 22417 602 21374 572 4459 1 0 4 0 0 0 0 0 0 1 1 R 0
1366 28985 19442 606 19470 574 4327 1 0 0 0 0 0 0 0 0 1 1 R 0
1367 29005 19677 759 19704 741 4366 1 0 0 0 0 0 0 0 0 2 1 R 0
1368 29030 24233 600 22687 567 6858 1 0 4 0 0 0 0 0 0 1 1 R 0
1369 29050 18924 708 18997 644 3131 1 0 0 0 0 0 0 0 0 2 1 R 0
1370 29070 19679 658 19707 627 3342 1 0 0 0 0 0 0 0 0 1 1 R 0
1371 29093 22360 739 21426 729 3763 1 0 4 0 0 0 0 0 0 2 1 R 0
1372 29113 19520 588 19532 559 4028 1 0 0 0 0 0 0 0 0 1 1 R 0
1373 29134 20650 582 19743 555 5047 1 0 1 0 0 0 0 0 0 2 1 R 0
1374 29154 18835 830 18887 779 3947 1 0 0 0 0 0 0 0 0 2 1 R 0
1375 29177 22264 929 20908 912 7000 1 0 4 0 0 0 0 0 0 0 1 R 0
1376 29197 18785 607 18803 581 3922 1 0 0 0 0 0 0 0 0 1 1 R 0
1377 29216 18334 852 18445 749 3137 1 0 0 0 0 0 0 0 0 2 1 R 0
1378 29239 22628 604 21260 576 3582 1 0 4 0 0 0 0 0 0 2 1 R 0
1379 29258 17779 1431 17859 1374 3225 1 0 0 0 0 0 0 0 0 1 1 R 0
1380 29279 20043 589 20042 564 3860 1 0 0 0 0 0 0 0 0 1 1 R 0
1381 29299 19655 1578 19912 1035 3769 1 0 1 0 3 0 0 0 0 1 1 R 0
1382 29322 21507 584 20223 555 3955 1 0 1 0 0 0 0 0 0 1 1 R 0
1383 29345 22402 585 22436 558 6454 1 0 0 0 0 0 0 0 0 2 1 R 0
1384 29365 19313 597 19341 571 3137 1 0 0 0 0 0 0 0 0 2 1 R 0
1385 29387 21068 599 19904 571 6626 1 0 4 0 0 0 0 0 0 1 1 R 0
1386 29407 19662 926 19688 902 3969 1 0 0 0 0 0 0 0 0 2 1 R 0
1387 29426 18289 874 18361 798 3188 1 0 0 0 0 0 0 0 0 1 1 R 0
1388 29450 22516 591 21419 566 3085 1 0 4 0 0 0 0 0 0 2 1 R 0
1389 29470 19716 591 19739 565 3599 1 0 0 0 0 0 0 0 0 1 1 R 0
1390 29490 19285 598 19312 574 3936 1 0 0 0 0 0 0 0 0 1 1 R 0
1391 29513 22790 837 21393 820 3813 1 0 4 0 0 1 0 0 0 1 1 R 0
1392 29535 20433 625 19367 600 3737 1 0 1 0 0 0 0 0 0 2 1 R 0
1393 29553 18059 752 18158 660 3679 1 0 0 0 0 0 0 0 0 2 1 R 0
1394 29574 20106 586 20126 556 4062 1 0 0 0 0 0 0 0 0 1 1 R 0
1395 29596 21153 605 20133 577 6464 1 0 4 0 0 0 0 0 0 1 1 R 0
1396 29616 19542 597 19570 562 3445 1 0 0 0 0 0 0 0 0 1 1 R 0
1397 29636 19379 889 19433 835 3474 1 0 0 0 0 0 0 0 0 2 1 R 0
1398 29662 25352 600 24103 569 7491 1 0 4 0 0 0 0 0 0 1 1 R 0
1399 29683 19876 603 19909 571 4310 1 0 0 0 0 0 0 0 0 2 1 R 0
1400 29703 20010 660 20056 609 4485 1 0 0 0 0 0 0 0 0 1 1 R 0
1401 29727 22582 649 20069 621 4269 1 0 4 0 0 0 0 0 0 1 1 R 0
1402 29747 19488 816 19587 735 3739 1 0 0 0 0 0 0 0 0 2 1 R 0
1403 29766 18095 738 18122 712 3112 1 0 0 0 0 0 0 0 0 2 1 R 0
1404 29786 20036 615 20048 581 4051 1 0 0 0 0 0 0 0 0 0 1 R 0
1405 29810 22575 945 21076 921 5530 1 0 4 0 0 0 0 0 0 2 1 R 0
1406 29832 21623 598 21646 569 4456 1 0 0 0 0 0 0 0 0 1 1 R 0
1407 29851 18035 835 18131 744 3828 1 0 0 0 0 0 0 0 0 1 1 R 0
1408 29874 22338 593 21253 568 6606 1 0 4 0 0 0 0 0 0 2 1 R 0
1409 29894 19777 603 19807 570 4397 1 0 0 0 0 0 0 0 0 2 1 R 0
1410 29914 19062 645 19094 616 4323 1 0 0 0 0 0 0 0 0 1 1 R 0
1411 29938 22913 1284 20879 722 3536 1 0 5 0 0 0 0 0 0 2 1 R 0
1412 29956 17498 705 17539 679 3236 1 0 0 0 0 0 0 0 0 1 1 R 0
1413 29982 25130 584 23634 557 7130 1 0 1 0 0 0 0 0 0 1 1 R 0
1414 30005 22073 792 21162 777 4480 1 0 4 0 0 0 0 0 0 2 1 R 0
1415 30026 19928 609 19943 577 3736 1 0 0 0 0 0 0 0 0 2 1 R 0
1416 30044 18159 881 18224 818 3080 1 0 0 0 0 0 0 0 0 1 1 R 0
1417 30064 18361 717 18424 666 3520 1 0 0 0 0 0 0 0 0 1 1 R 0
1418 30086 21646 602 20472 579 6477 1 0 4 0 0 0 0 0 0 1 1 R 0
1419 30106 19757 608 19782 576 3788 1 0 0 0 0 0 0 0 0 1 1 R 0
1420 30130 22647 976 20370 944 3499 1 0 2 0 0 0 0 0 0 2 1 R 0
1421 30152 21819 599 20785 563 3841 1 0 4 0 0 0 0 0 0 1 1 R 0
1422 30173 19777 1082 19857 1024 3682 1 0 0 0 0 0 0 0 0 2 1 R 0
1423 30193 19393 593 19405 561 4377 1 0 0 0 0 0 0 0 0 1 1 R 0
1424 30216 22046 612 20825 581 4444 1 0 4 0 0 0 0 0 0 1 1 R 0
1425 30236 19308 745 19331 711 3921 1 0 0 0 0 0 0 0 0 2 1 R 0
1426 30255 18341 984 18426 930 3477 1 0 0 0 0 0 0 0 0 1 1 R 0
1427 30275 18654 717 18690 664 3071 1 0 0 0 0 0 0 0 0 1 1 R 0
1428 30300 24424 588 23481 561 8397 1 0 4 0 0 0 0 0 0 2 1 R 0
1429 30319 19169 589 19196 563 4017 1 0 0 0 0 0 0 0 0 1 1 R 0
1430 30341 21247 592 20306 568 5223 1 0 1 0 0 0 0 0 0 1 1 R 0
1431 30364 22132 698 20665 664 3807 1 0 5 0 0 0 0 0 0 2 1 R 0
1432 30383 17961 717 18006 666 3580 1 0 0 0 0 0 0 0 0 1 1 R 0
1433 30404 20230 593 20261 569 4610 1 0 0 0 0 0 0 0 0 2 1 R 0
1434 30426 22142 603 21259 573 4391 1 0 4 0 0 0 0 0 0 1 1 R 0
1435 30444 17577 715 17620 666 3229 1 0 0 0 0 0 0 0 0 2 1 R 0
1436 30465 19289 729 19341 696 4550 1 0 0 0 0 0 0 0 0 1 1 R 0
1437 30485 19999 591 20014 561 4242 1 0 0 0 0 0 0 0 0 1 1 R 0
1438 30507 21030 658 19923 632 4718 1 0 4 0 0 0 0 0 0 2 1 R 0
1439 30529 21604 631 19913 611 3836 1 0 1 0 0 0 0 0 0 1 1 R 0
1440 30547 17749 1437 17791 1422 3290 1 0 0 0 0 0 0 0 0 2 1 R 0
1441 30571 22214 581 21337 550 3360 1 0 4 0 0 0 0 0 0 1 1 R 0
1442 30590 18088 662 18128 642 3242 1 0 0 0 0 0 0 0 0 2 1 R 0
1443 30613 22978 650 22994 619 7694 1 0 0 0 0 0 0 0 0 1 1 R 0
1444 30635 21133 604 19862 570 4343 1 0 4 0 0 0 0 0 0 1 1 R 0
1445 30654 17765 767 17870 672 3329 1 0 0 0 0 0 0 0 0 2 1 R 0
1446 30674 19992 605 20013 574 4341 1 0 0 0 0 0 0 0 0 1 1 R 0
1447 30695 19533 597 19564 563 3997 1 0 0 0 0 0 0 0 0 2 1 R 0
1448 30716 20812 608 19829 580 6652 1 0 4 0 0 0 0 0 0 1 1 R 0
1449 30738 21028 1215 19533 1229 4030 1 0 1 0 0 0 0 0 0 1 1 R 0
1450 30756 17398 700 17400 670 3153 1 0 0 0 0 0 0 0 0 2 1 R 0
1451 30780 23221 919 21996 868 3568 1 0 4 0 0 0 0 0 0 2 1 R 0
1452 30800 19191 595 19222 565 3045 1 0 0 0 0 0 0 0 0 1 1 R 0
1453 30820 19388 592 19416 565 4025 1 0 0 0 0 0 0 0 0 1 1 R 0
1454 30843 21912 708 21176 687 3960 1 0 4 0 0 0 0 0 0 1 1 R 0
1455 30863 19945 853 19965 823 3925 1 0 0 0 0 0 0 0 0 1 1 R 0
1456 30882 18203 732 18256 675 3558 1 0 0 0 0 0 0 0 0 2 1 R 0
1457 30902 18707 806 18772 755 3717 1 0 0 0 0 0 0 0 0 2 1 R 0
1458 30928 25391 562 24258 549 11431 1 0 4 0 0 0 0 0 0 1 1 R 0
1459 30949 20767 721 19442 690 3589 1 0 1 0 0 0 0 0 0 1 1 R 0
1460 30970 19598 590 19612 563 3391 1 0 0 0 0 0 0 0 0 3 1 R 0
1461 30992 21756 599 20881 564 3154 1 0 4 0 0 0 0 0 0 1 1 R 0
1462 31012 19706 603 19738 572 4331 1 0 0 0 0 0 0 0 0 1 1 R 0
1463 31033 19769 675 19812 633 4406 1 0 0 0 0 0 0 0 0 1 1 R 0
1464 31055 21200 609 19789 580 4377 1 0 4 0 0 0 0 0 0 1 1 R 0
1465 31075 19555 1033 19633 951 3784 1 0 0 0 0 0 0 0 0 2 1 R 0
1466 31094 17848 753 17893 709 3097 1 0 0 0 0 0 0 0 0 2 1 R 0
1467 31113 18967 726 19017 687 4305 1 0 0 0 0 0 0 0 0 2 1 R 0
1468 31138 23441 1288 21203 1277 6573 1 0 5 0 0 0 0 0 0 1 1 R 0
1469 31157 18567 1459 18571 1182 3693 1 0 0 0 1 0 0 0 0 1 1 R 0
1470 31179 20243 594 20246 565 3545 1 0 0 0 0 0 0 0 0 1 1 R 0
1471 31201 21037 668 19978 639 3114 1 0 4 0 0 0 0 0 0 2 1 R 0
1472 31221 19730 601 19756 569 4103 1 0 0 0 0 0 0 0 0 1 1 R 0
1473 31251 28939 585 25948 549 8161 1 0 1 0 0 0 0 0 0 1 1 R 0
1474 31276 25102 556 21496 524 7487 1 0 7 0 0 0 0 0 0 2 1 R 0
1475 31298 20654 1353 21369 655 5688 1 0 0 0 0 0 0 0 0 2 1 R 0
1476 31320 21318 667 21338 625 5664 1 0 0 0 0 0 0 0 0 1 1 R 0
1477 31344 22613 640 20000 613 3817 1 0 5 0 0 0 0 0 0 1 1 R 0
1478 31364 19747 606 19779 572 4334 1 0 0 0 0 0 0 0 0 2 1 R 0
1479 31384 19167 593 19195 565 4089 1 0 0 0 0 0 0 0 0 1 1 R 0
1480 31407 22617 697 21183 965 3676 1 0 4 0 0 0 0 0 0 2 1 R 0
1481 31427 19219 606 18937 577 3641 1 0 0 0 0 0 0 0 0 2 1 R 0
1482 31447 19992 1016 20021 999 3923 1 0 0 0 0 0 0 0 0 1 1 R 0
1483 31466 17467 712 17503 665 3234 1 0 0 0 0 0 0 0 0 1 1 R 0
1484 31489 22796 584 21271 563 4079 1 0 4 0 0 0 0 0 0 2 1 R 0
1485 31509 18612 732 18689 662 3198 1 0 0 0 0 0 0 0 0 1 1 R 0
1486 31529 19817 589 19839 566 3873 1 0 0 0 0 0 0 0 0 1 1 R 0
1487 31553 23382 735 20983 696 5243 1 0 5 0 0 0 0 0 0 1 1 R 0
1488 31576 22086 621 22119 585 6748 1 0 0 0 0 0 0 0 0 2 1 R 0
1489 31594 17474 717 17544 656 3138 1 0 0 0 0 0 0 0 0 2 1 R 0
1490 31616 21406 600 20018 573 3634 1 0 4 0 0 0 0 0 0 1 1 R 0
1491 31637 19777 603 19805 573 4009 1 0 0 0 0 0 0 0 0 2 1 R 0
1492 31657 19642 605 19669 577 4048 1 0 0 0 0 0 0 0 0 1 1 R 0
1493 31677 19512 1476 19606 1404 3397 1 0 0 0 1 0 0 0 0 2 1 R 0
1494 31699 21113 778 19481 703 3146 1 0 3 0 0 0 0 0 0 1 1 R 0
1495 31720 19417 588 19441 565 3143 1 0 0 0 0 0 0 0 0 1 1 R 0
1496 31741 20703 595 19599 565 4103 1 0 1 0 0 0 0 0 0 2 1 R 0
1497 31765 23281 671 22245 594 3768 1 0 4 0 0 0 0 0 0 1 1 R 0
1498 31784 18498 786 18535 752 3637 1 0 0 0 0 0 0 0 0 2 1 R 0
1499 31803 18205 1273 18253 1234 4247 1 0 0 0 0 0 0 0 0 1 1 R 0
