# swapstamp frames 1500 skip 300 peer 515
# f t_ms gap_us swap_us crend_us cswap_us clr_us nclr vcs_r ivcs_r vcs_s ivcs_s minf majf cpu0 cpu1 pticks pcpu pstate ctr
0 0 26314 568 25568 549 9893 1 0 4 0 0 0 0 0 0 0 1 R 0
1 20 19678 682 19726 628 3888 1 0 0 0 0 0 0 0 0 1 1 R 0
2 40 19412 616 19440 587 3626 1 0 0 0 0 0 0 0 0 1 1 R 0
3 59 18282 1093 18356 1031 3392 1 0 0 0 0 0 0 0 0 2 1 R 0
4 83 23530 568 21233 547 3075 1 0 5 0 0 0 0 0 0 2 1 R 0
5 104 19618 594 19647 563 4511 1 0 0 0 0 0 0 0 0 1 1 R 0
6 124 19562 581 19588 559 3813 1 0 0 0 0 0 0 0 0 1 1 R 0
7 147 23084 617 21522 591 4124 1 0 4 0 0 0 0 0 0 2 1 R 0
8 166 17610 1342 17647 1318 3156 1 0 0 0 0 0 0 0 0 1 1 R 0
9 184 17243 1652 17267 2861 3153 1 0 0 0 0 0 0 0 0 2 1 R 0
10 210 23855 648 21859 633 3719 1 0 4 0 0 0 0 0 0 1 1 R 0
11 232 21874 600 21400 574 4975 1 0 1 0 0 0 0 0 0 2 1 R 0
12 251 18188 715 18242 662 3740 1 0 0 0 0 0 0 0 0 1 1 R 0
13 270 18235 702 18294 642 3506 1 0 0 0 0 0 0 0 0 2 1 R 0
14 294 23350 836 21413 789 5721 1 0 5 0 0 0 0 0 0 2 1 R 0
15 318 22675 799 22745 728 7779 1 0 0 0 0 0 0 0 0 1 1 R 0
16 338 19795 570 19814 546 3779 1 0 0 0 0 0 0 0 0 1 1 R 0
17 362 22903 598 21808 568 4340 1 0 4 0 0 0 0 0 0 2 1 R 0
18 381 18348 691 18389 667 3696 1 0 0 0 0 0 0 0 0 1 1 R 0
19 399 18060 716 18108 658 3821 1 0 0 0 0 0 0 0 0 2 1 R 0
20 424 23904 606 22865 575 5217 1 0 4 0 0 0 0 0 0 1 1 R 0
21 443 18917 590 18942 566 3731 1 0 0 0 0 0 0 0 0 1 1 R 0
22 464 20012 764 20084 697 3284 1 0 0 0 0 0 0 0 0 3 1 R 0
23 482 17458 680 17507 636 3021 1 0 0 0 0 0 0 0 0 1 1 R 0
24 507 24234 567 21703 548 3928 1 0 5 0 0 0 0 0 0 2 1 R 0
25 527 19174 582 19193 562 4038 1 0 0 0 0 0 0 0 0 1 1 R 0
26 549 21062 582 21087 559 3631 1 0 0 0 0 0 0 0 0 1 1 R 0
27 572 22927 587 21821 558 3782 1 0 4 0 0 0 0 0 0 2 1 R 0
28 592 19686 591 19712 567 4520 1 0 0 0 0 0 0 0 0 1 1 R 0
29 612 18918 669 18955 628 4190 1 0 0 0 0 0 0 0 0 1 1 R 0
30 637 24957 641 23864 615 8002 1 0 4 0 0 0 0 0 0 1 1 R 0
31 656 17681 1563 17743 1506 3681 1 0 0 0 0 0 0 0 0 2 1 R 0
32 675 17484 702 17517 669 3336 1 0 0 0 0 0 0 0 0 1 1 R 0
33 696 20240 3819 19150 2509 3141 1 0 2 0 3 0 0 0 0 2 1 R 0
34 720 20139 594 20153 566 3730 1 0 0 0 0 0 0 0 0 1 1 R 0
35 740 19239 589 19262 569 4315 1 0 0 0 0 0 0 0 0 1 1 R 0
36 762 21370 584 21393 560 4638 1 0 0 0 0 0 0 0 0 2 1 R 0
37 782 20350 766 19532 711 4807 1 0 4 0 0 0 0 0 0 2 1 R 0
38 802 18774 764 18830 709 3536 1 0 0 0 0 0 0 0 0 2 1 R 0
39 823 19870 599 19893 574 4429 1 0 0 0 0 0 0 0 0 1 1 R 0
40 845 21764 610 20627 585 4368 1 0 4 0 0 0 0 0 0 0 1 R 0
41 863 17538 803 17594 763 3101 1 0 0 0 0 0 0 0 0 2 1 R 0
42 883 18975 705 19021 647 3139 1 0 0 0 0 0 0 0 0 1 1 R 0
43 903 19591 811 18657 748 3127 1 0 1 0 0 0 0 0 0 2 1 R 0
44 926 22407 571 21017 551 4190 1 0 4 0 0 0 0 0 0 1 1 R 0
45 950 22814 624 22844 598 8466 1 0 0 0 0 0 0 0 0 2 1 R 0
46 969 18635 704 18671 673 3107 1 0 0 0 0 0 0 0 0 1 1 R 0
47 992 22497 662 21598 570 3034 1 0 4 0 0 0 0 0 0 2 1 R 0
48 1012 19227 937 19268 908 3486 1 0 0 0 0 0 0 0 0 1 1 R 0
49 1032 19087 589 19101 563 4266 1 0 0 0 0 0 0 0 0 2 1 R 0
50 1055 21683 577 20566 557 4418 1 0 4 0 0 0 0 0 0 1 1 R 0
51 1074 19184 800 19210 773 3259 1 0 0 0 0 0 0 0 0 2 1 R 0
52 1095 20258 1258 19347 1236 3242 1 0 1 0 0 0 0 0 0 1 1 R 0
53 1114 17909 790 17933 744 3164 1 0 0 0 0 0 0 0 0 1 1 R 0
54 1138 22312 623 21287 600 4334 1 0 4 0 0 0 0 0 0 2 1 R 0
55 1158 19934 581 19962 553 3775 1 0 0 0 0 0 0 0 0 1 1 R 0
56 1178 19528 858 19566 829 3254 1 0 0 0 0 0 0 0 0 1 1 R 0
57 1200 20849 835 19850 754 3036 1 0 4 0 0 0 0 0 0 2 1 R 0
58 1220 19531 630 19549 611 3101 1 0 0 0 0 0 0 0 0 1 1 R 0
59 1240 19252 639 19270 612 4470 1 0 0 0 0 0 0 0 0 1 1 R 0
60 1267 26097 596 24491 576 7742 1 0 4 0 0 0 0 0 0 2 1 R 0
61 1285 17936 1640 17974 1627 3443 1 0 0 0 0 1 0 0 0 2 1 R 0
62 1307 20284 892 19255 825 3170 1 0 1 0 0 0 0 0 0 1 1 R 0
63 1331 22682 583 21911 558 4051 1 0 4 0 0 0 0 0 0 1 1 R 0
64 1351 19831 655 19871 622 4273 1 0 0 0 0 0 0 0 0 2 1 R 0
65 1371 19078 601 19100 577 4265 1 0 0 0 0 0 0 0 0 1 1 R 0
66 1390 18647 730 18707 672 3847 1 0 0 0 0 0 0 0 0 1 1 R 0
67 1413 21797 597 20712 573 5542 1 0 4 0 0 0 0 0 0 2 1 R 0
68 1433 19296 596 19320 572 4253 1 0 0 0 0 0 0 0 0 1 1 R 0
69 1453 19188 1062 19216 1037 4281 1 0 0 0 0 0 0 0 0 2 1 R 0
70 1475 21663 1024 20307 1026 4049 1 0 4 0 0 0 0 0 0 1 1 R 0
71 1497 20554 737 19453 668 3075 1 0 1 0 0 0 0 0 0 1 1 R 0
72 1516 17943 1377 18002 1326 3081 1 0 0 0 0 0 0 0 0 3 1 R 0
73 1535 18148 735 18207 675 3292 1 0 0 0 1 0 0 0 0 1 1 R 0
74 1559 22812 633 21046 609 5234 1 0 3 0 0 0 0 0 0 1 1 R 0
75 1583 24079 602 24106 575 8613 1 0 0 0 0 0 0 0 0 2 1 R 0
76 1602 17541 748 17629 670 3798 1 0 0 0 0 0 0 0 0 1 1 R 0
77 1624 21974 870 20416 833 7623 1 0 4 0 0 0 0 0 0 2 1 R 0
78 1645 19833 588 19849 562 3917 1 0 0 0 0 0 0 0 0 1 1 R 0
79 1665 19325 663 19352 635 3797 1 0 0 0 0 0 0 0 0 1 1 R 0
80 1688 22326 687 20717 638 3081 1 0 4 0 0 0 0 0 0 2 1 R 0
81 1708 19659 697 18697 670 4707 1 0 1 0 0 0 0 0 0 1 1 R 0
82 1729 20290 935 20355 871 3219 1 0 0 0 0 0 0 0 0 2 1 R 0
83 1751 21286 569 20543 546 3823 1 0 4 0 0 0 0 0 0 1 1 R 0
84 1772 20067 584 20093 560 4320 1 0 0 0 0 0 0 0 0 2 1 R 0
85 1791 18207 715 18269 661 3592 1 0 0 0 0 0 0 0 0 1 1 R 0
86 1810 18431 827 18482 782 3740 1 0 0 0 0 0 0 0 0 2 1 R 0
87 1832 21032 930 20003 860 4877 1 0 4 0 0 0 0 0 0 2 1 R 0
88 1852 19620 586 19629 558 4218 1 0 0 0 0 1 0 0 0 1 1 R 0
89 1872 19049 764 19101 712 4296 1 0 0 0 0 0 0 0 0 1 1 R 0
90 1901 27974 674 24922 623 6739 1 0 5 0 0 0 0 0 0 2 1 R 0
91 1920 18991 621 19017 602 3812 1 0 0 0 0 0 0 0 0 2 1 R 0
92 1940 19402 589 19419 565 3979 1 0 0 0 0 0 0 0 0 1 1 R 0
93 1963 21830 1217 21033 1201 4578 1 0 4 0 0 1 0 0 0 2 1 R 0
94 1984 19976 601 19990 578 3576 1 0 0 0 0 0 0 0 0 1 1 R 0
95 2003 18271 825 18361 752 3375 1 0 0 0 0 0 0 0 0 2 1 R 0
96 2023 19301 731 19339 674 3174 1 0 0 0 0 0 0 0 0 1 1 R 0
97 2046 21891 1031 20434 1012 5693 1 0 4 0 0 0 0 0 0 2 1 R 0
98 2068 21717 671 21726 640 3742 1 0 0 0 0 0 0 0 0 2 1 R 0
99 2090 21010 803 21065 765 3780 1 0 0 0 0 0 0 0 0 2 1 R 0
100 2113 22280 597 20382 570 6514 1 0 5 0 0 0 0 0 0 2 1 R 0
101 2131 17668 730 17729 672 3595 1 0 0 0 0 0 0 0 0 1 1 R 0
102 2152 20281 599 20308 576 4834 1 0 0 0 0 0 0 0 0 1 1 R 0
103 2175 22125 604 20497 580 4273 1 0 4 0 0 0 0 0 0 1 1 R 0
104 2194 18007 1174 18060 1136 3287 1 0 0 0 0 0 0 0 0 2 1 R 0
105 2219 23860 571 23131 552 5959 1 0 1 0 0 0 0 0 0 2 1 R 0
106 2241 21517 786 20301 774 3206 1 0 4 0 0 0 0 0 0 1 1 R 0
107 2261 19156 745 19172 725 4507 1 0 0 0 0 0 0 0 0 1 1 R 0
108 2281 19663 695 19688 664 4189 1 0 0 0 0 0 0 0 0 2 1 R 0
109 2302 20067 590 17885 565 3708 1 0 1 0 0 0 0 0 0 1 1 R 0
110 2323 20051 702 19084 653 5479 1 0 4 0 0 0 0 0 0 1 1 R 0
111 2341 18060 713 18103 672 3667 1 0 0 0 0 0 0 0 0 2 1 R 0
112 2362 19937 640 19955 619 4336 1 0 0 0 0 0 0 0 0 1 1 R 0
113 2385 22151 687 21093 649 4366 1 0 4 0 0 0 0 0 0 1 1 R 0
114 2404 18645 691 18692 647 3251 1 0 0 0 0 0 0 0 0 2 1 R 0
115 2423 18094 785 18157 737 3067 1 0 0 0 0 0 0 0 0 1 1 R 0
116 2443 18865 719 18878 686 4491 1 0 0 0 0 0 0 0 0 2 1 R 0
117 2465 21903 977 20552 965 4707 1 0 4 0 0 0 0 0 0 1 1 R 0
118 2486 19234 1120 19244 1101 3817 1 0 0 0 0 0 0 0 0 1 1 R 0
119 2506 19149 1618 18218 1573 3091 1 0 1 0 0 0 0 0 0 2 1 R 0
120 2532 24301 605 23432 573 6241 1 0 4 0 0 0 0 0 0 2 1 R 0
121 2551 18906 875 19006 784 3493 1 0 0 0 0 0 0 0 0 1 1 R 0
122 2572 19833 648 19846 618 4255 1 0 0 0 0 0 0 0 0 2 1 R 0
123 2595 22682 596 21091 998 4523 1 0 4 0 0 0 0 0 0 1 1 R 0
124 2615 18733 710 18350 677 3475 1 0 0 0 0 0 0 0 0 2 1 R 0
125 2633 18103 630 18124 607 3719 1 0 0 0 0 0 0 0 0 1 1 R 0
126 2660 25952 588 25047 565 6268 1 0 4 0 0 0 0 0 0 2 1 R 0
127 2680 19305 621 19336 589 4393 1 0 0 0 0 0 0 0 0 1 1 R 0
128 2702 21729 698 20142 671 3281 1 0 1 0 0 0 0 0 0 1 1 R 0
129 2729 25836 2737 22589 1501 3531 1 0 7 0 1 0 0 0 0 2 1 R 0
130 2750 18481 705 18513 663 3540 1 0 0 0 0 0 0 0 0 2 1 R 0
131 2770 19410 591 19434 567 3660 1 0 0 0 0 0 0 0 0 1 1 R 0
132 2791 20363 852 20446 771 4202 1 0 0 0 0 0 0 0 0 2 1 R 0
133 2814 22140 604 20518 576 7494 1 0 4 0 0 0 0 0 0 1 1 R 0
134 2833 17963 716 18014 667 3133 1 0 0 0 0 0 0 0 0 1 1 R 0
135 2855 21944 1501 22003 1511 7320 1 0 0 0 0 0 0 0 0 2 1 R 0
136 2879 22399 593 21017 567 3937 1 0 4 0 0 0 0 0 0 1 1 R 0
137 2899 19278 1703 19299 889 3841 1 0 1 0 0 0 0 0 0 2 1 R 0
138 2922 21228 585 21240 558 3053 1 0 0 0 0 0 0 0 0 1 1 R 0
139 2945 22496 636 21275 619 4490 1 0 4 0 0 0 0 0 0 2 1 R 0
140 2965 19378 608 19392 584 3731 1 0 0 0 0 0 0 0 0 1 1 R 0
141 2985 19328 589 19348 568 3917 1 0 0 0 0 0 0 0 0 1 1 R 0
142 3005 19077 585 19100 559 3455 1 0 0 0 0 0 0 0 0 1 1 R 0
143 3029 23478 578 21446 548 4363 1 0 5 0 0 0 0 0 0 1 1 R 0
144 3048 18705 715 18767 661 3201 1 0 0 0 0 0 0 0 0 2 1 R 0
145 3068 19735 599 19757 574 3817 1 0 0 0 0 0 0 0 0 1 1 R 0
146 3090 21289 606 19633 572 3720 1 0 4 0 0 0 0 0 0 1 1 R 0
147 3113 22150 592 21122 560 4159 1 0 1 0 0 0 0 0 0 2 1 R 0
148 3132 18051 731 18121 679 3517 1 0 0 0 0 0 0 0 0 2 1 R 0
149 3154 21536 738 20107 696 4004 1 0 4 0 0 0 0 0 0 2 1 R 0
150 3178 22923 694 22935 670 6282 1 0 0 0 0 0 0 0 0 1 1 R 0
151 3197 18952 786 18983 760 3828 1 0 0 0 0 0 0 0 0 1 1 R 0
152 3219 20721 1232 20328 720 3780 1 0 2 0 2 0 0 0 0 1 1 R 0
153 3239 18487 684 18510 651 3020 1 0 0 0 0 0 0 0 0 2 1 R 0
154 3260 20809 838 20177 750 3320 1 0 1 0 0 0 0 0 0 2 1 R 0
155 3280 19048 772 19120 706 3697 1 0 0 0 0 0 0 0 0 1 1 R 0
156 3305 23837 578 21916 553 4425 1 0 5 0 0 0 0 0 0 1 1 R 0
157 3323 18048 726 18097 678 3009 1 0 0 0 0 0 0 0 0 2 1 R 0
158 3344 20006 626 20033 603 3541 1 0 0 0 0 0 0 0 0 2 1 R 0
159 3366 21137 1049 20013 1022 3814 1 0 4 0 0 0 0 0 0 1 1 R 0
160 3387 19838 562 19854 545 3385 1 0 0 0 0 0 0 0 0 1 1 R 0
161 3406 18531 1001 18553 983 3788 1 0 0 0 0 0 0 0 0 1 1 R 0
162 3425 17920 726 17982 653 3274 1 0 0 0 0 0 0 0 0 1 1 R 0
163 3448 22197 748 20642 674 3458 1 0 4 0 0 0 0 0 0 2 1 R 0
164 3467 18452 669 18494 631 3025 1 0 0 0 0 0 0 0 0 1 1 R 0
165 3490 22473 596 22494 572 7163 1 0 0 0 0 0 0 0 0 2 1 R 0
166 3515 24834 1049 22557 1039 4691 1 0 5 0 0 0 0 0 0 1 1 R 0
167 3534 17670 698 17692 663 3269 1 0 0 0 0 0 0 0 0 1 1 R 0
168 3553 18644 931 18721 872 3201 1 0 0 0 0 0 0 0 0 2 1 R 0
169 3578 23278 902 22298 885 4510 1 0 4 0 0 0 0 0 0 2 1 R 0
170 3598 19477 620 19475 596 3728 1 0 0 0 0 0 0 0 0 1 1 R 0
171 3618 19150 582 19170 567 3849 1 0 0 0 0 0 0 0 0 1 1 R 0
172 3641 22297 736 21135 707 3175 1 0 4 0 0 0 0 0 0 2 1 R 0
173 3661 19361 798 19379 783 4569 1 0 0 0 0 0 0 0 0 1 1 R 0
174 3681 19817 596 19833 570 4274 1 0 0 0 0 0 0 0 0 2 1 R 0
175 3701 18939 589 18962 563 4452 1 0 0 0 0 0 0 0 0 1 1 R 0
176 3724 22480 605 20551 580 5815 1 0 5 0 0 0 0 0 0 1 1 R 0
177 3743 18578 738 18634 685 3611 1 0 0 0 0 0 0 0 0 1 1 R 0
178 3762 18535 763 18566 737 3136 1 0 0 0 0 0 0 0 0 2 1 R 0
179 3785 21771 647 20703 610 3960 1 0 4 0 0 0 0 0 0 2 1 R 0
180 3809 22960 677 23027 603 9294 1 0 0 0 0 0 0 0 0 0 1 R 0
181 3829 20028 610 20055 591 4085 1 0 0 0 0 1 0 0 0 1 1 R 0
182 3851 21512 573 20462 551 3434 1 0 4 0 0 0 0 0 0 3 1 R 0
183 3870 18092 757 18148 716 3568 1 0 0 0 0 0 0 0 0 0 1 R 0
184 3891 20718 582 20727 557 4732 1 0 0 0 0 0 0 0 0 3 1 R 0
185 3913 20551 636 19462 601 4563 1 0 1 0 0 0 0 0 0 1 1 R 0
186 3935 21451 592 20301 566 6036 1 0 4 0 0 0 0 0 0 0 1 R 0
187 3953 17547 707 17601 662 3128 1 0 0 0 0 0 0 0 0 2 1 R 0
188 3972 18639 833 18681 784 3145 1 0 0 0 0 0 0 0 0 2 1 R 0
189 3997 24254 587 22726 560 6157 1 0 5 0 0 1 0 0 0 1 1 R 0
190 4018 20265 589 20292 563 3814 1 0 0 0 0 0 0 0 0 2 1 R 0
191 4037 18585 967 18617 945 3570 1 0 0 0 0 0 0 0 0 1 1 R 0
192 4058 19863 2221 19253 1389 3135 1 0 1 0 3 0 0 0 0 2 1 R 0
193 4079 18628 681 18646 639 3103 1 0 0 0 0 0 0 0 0 1 1 R 0
194 4103 23556 587 23589 560 3139 1 0 0 0 0 0 0 0 0 1 1 R 0
195 4129 25540 1551 23304 1531 11711 1 0 5 0 0 1 0 0 0 1 1 R 0
196 4152 21563 647 21574 624 6946 1 0 0 0 0 0 0 0 0 3 1 R 0
197 4174 20516 804 20565 753 6559 1 0 0 0 0 0 0 0 0 1 1 R 0
198 4200 25961 729 25263 710 7592 1 0 4 0 0 0 0 0 0 2 1 R 0
199 4225 23641 608 22689 583 8766 1 0 1 0 0 0 0 0 0 1 1 R 0
200 4248 22604 644 22663 593 6146 1 0 0 0 0 0 0 0 0 1 1 R 0
201 4272 23246 563 22344 546 6543 1 0 4 0 0 0 0 0 0 2 1 R 0
202 4295 22857 899 22882 885 6872 1 0 0 0 0 0 0 0 0 2 1 R 0
203 4316 19563 1002 18514 982 3826 1 0 1 0 0 0 0 0 0 1 1 R 0
204 4339 21756 633 20997 610 3609 1 0 4 0 0 0 0 0 0 1 1 R 0
205 4358 19183 739 19244 667 3479 1 0 0 0 0 0 0 0 0 1 1 R 0
206 4378 18590 1457 18681 1398 3318 1 0 0 0 0 0 0 0 0 2 1 R 0
207 4399 19444 585 19435 563 3658 1 0 0 0 0 0 0 0 0 1 1 R 0
208 4421 21763 623 20571 595 3775 1 0 4 0 0 0 0 0 0 1 1 R 0
209 4441 19232 592 19253 569 3765 1 0 0 0 0 0 0 0 0 2 1 R 0
210 4462 20149 621 20184 590 4169 1 0 0 0 0 0 0 0 0 1 1 R 0
211 4483 20783 633 19229 556 3609 1 0 4 0 0 0 0 0 0 2 1 R 0
212 4503 19545 587 19567 568 4158 1 0 0 0 0 0 0 0 0 1 1 R 0
213 4524 20096 582 19107 554 5592 1 0 1 0 0 0 0 0 0 1 1 R 0
214 4544 20083 873 20139 823 3795 1 0 0 0 0 0 0 0 0 2 1 R 0
215 4567 22140 576 21082 554 4589 1 0 4 0 0 0 0 0 0 1 1 R 0
216 4586 17478 1529 17529 1505 3170 1 0 0 0 0 0 0 0 0 2 1 R 0
217 4609 22107 709 22122 671 6655 1 0 0 0 0 0 0 0 0 1 1 R 0
218 4632 21957 606 20616 578 3750 1 0 4 0 0 0 0 0 0 1 1 R 0
219 4651 18485 939 18525 901 4027 1 0 0 0 0 0 0 0 0 2 1 R 0
220 4670 17677 687 17715 663 3562 1 0 0 0 0 0 0 0 0 2 1 R 0
221 4693 22666 574 21106 549 4234 1 0 4 0 0 0 0 0 0 2 1 R 0
222 4714 20960 585 19773 559 4120 1 0 1 0 0 0 0 0 0 1 1 R 0
223 4735 19579 652 19607 625 3836 1 0 0 0 0 0 0 0 0 1 1 R 0
224 4753 17968 716 18025 660 3365 1 0 0 0 0 0 0 0 0 1 1 R 0
225 4775 20641 733 19804 688 5165 1 0 4 0 0 0 0 0 0 2 1 R 0
226 4794 18267 709 18313 647 3144 1 0 0 0 0 0 0 0 0 2 1 R 0
227 4813 18963 709 19005 682 3077 1 0 0 0 0 0 0 0 0 2 1 R 0
228 4837 23069 586 21778 564 3811 1 0 4 0 0 0 0 0 0 1 1 R 0
229 4855 17468 730 17517 678 3479 1 0 0 0 0 0 0 0 0 1 1 R 0
230 4874 18067 725 18118 683 3321 1 0 0 0 0 0 0 0 0 1 1 R 0
231 4893 18474 869 18509 836 3911 1 0 0 0 0 0 0 0 0 2 1 R 0
232 4921 26889 595 24136 569 7586 1 0 5 0 0 0 0 0 0 2 1 R 0
233 4941 19434 821 19457 801 4258 1 0 0 0 0 0 0 0 0 1 1 R 0
234 4962 20001 792 20061 741 4936 1 0 0 0 0 0 0 0 0 2 1 R 0
235 4984 21824 655 20574 632 5644 1 0 4 0 0 0 0 0 0 1 1 R 0
236 5004 19308 591 19327 570 3765 1 0 0 0 0 0 0 0 0 1 1 R 0
237 5024 18899 586 18920 560 3514 1 0 0 0 0 0 0 0 0 1 1 R 0
238 5047 22600 630 21201 602 3994 1 0 4 0 0 0 0 0 0 1 1 R 0
239 5065 17449 750 17494 718 3175 1 0 0 0 0 0 0 0 0 2 1 R 0
240 5084 18452 652 18474 629 3148 1 0 0 0 0 0 0 0 0 2 1 R 0
241 5104 19415 811 19468 759 3444 1 0 0 0 0 0 0 0 0 1 1 R 0
242 5129 24100 584 21725 561 7559 1 0 5 0 0 0 0 0 0 1 1 R 0
243 5149 19137 587 19163 563 3899 1 0 0 0 0 0 0 0 0 1 1 R 0
244 5169 19858 566 19879 543 3243 1 0 0 0 0 0 0 0 0 2 1 R 0
245 5192 21632 602 20606 574 3241 1 0 4 0 0 0 0 0 0 1 1 R 0
246 5211 19024 1251 19122 1161 3681 1 0 0 0 0 0 0 0 0 2 1 R 0
247 5234 21344 607 21368 577 8439 1 0 0 0 0 0 0 0 0 1 1 R 0
248 5259 24846 566 22625 541 3766 1 0 4 0 0 0 0 0 0 1 1 R 0
249 5280 19771 803 19842 742 3680 1 0 0 0 0 0 0 0 0 2 1 R 0
250 5299 18455 699 18480 667 3080 1 0 0 0 0 0 0 0 0 2 1 R 0
251 5320 20685 823 19443 788 3058 1 0 1 0 0 0 0 0 0 2 1 R 0
252 5342 21397 598 20117 573 6125 1 0 4 0 0 0 0 0 0 1 1 R 0
253 5362 19355 602 19384 577 3707 1 0 0 0 0 0 0 0 0 1 1 R 0
254 5382 19144 875 19233 803 4050 1 0 0 0 0 0 0 0 0 1 1 R 0
255 5403 20028 687 18542 644 3506 1 0 4 0 0 0 0 0 0 2 1 R 0
256 5423 19422 593 19443 571 4211 1 0 0 0 0 0 0 0 0 1 1 R 0
257 5443 18893 599 18920 572 4543 1 0 0 0 0 0 0 0 0 1 1 R 0
258 5463 19695 662 19728 638 3854 1 0 0 0 0 0 0 0 0 1 1 R 0
259 5484 20119 614 18966 588 5702 1 0 4 0 0 0 0 0 0 2 1 R 0
260 5502 17906 683 17965 633 3106 1 0 0 0 0 0 0 0 0 2 1 R 0
261 5523 20416 770 19496 745 4170 1 0 1 0 0 0 0 0 0 2 1 R 0
262 5550 25658 668 24635 644 8001 1 0 4 0 0 0 0 0 0 1 1 R 0
263 5571 20999 584 21020 558 4559 1 0 0 0 0 0 0 0 0 1 1 R 0
264 5591 19342 722 19421 640 3839 1 0 0 0 0 0 0 0 0 2 1 R 0
265 5614 21533 909 20077 803 3867 1 0 4 0 0 0 0 0 0 1 1 R 0
266 5634 19433 644 19451 622 3804 1 0 0 0 0 0 0 0 0 2 1 R 0
267 5654 19616 598 19640 579 3816 1 0 0 0 0 0 0 0 0 1 1 R 0
268 5674 19282 675 19319 636 3770 1 0 0 0 0 0 0 0 0 1 1 R 0
269 5695 20641 1412 19494 1375 4686 1 0 4 0 0 0 0 0 0 2 1 R 0
270 5714 17579 696 17613 649 3102 1 0 0 0 0 0 0 0 0 2 1 R 0
271 5736 20460 1633 18214 1591 3085 1 0 1 0 0 0 0 0 0 1 1 R 0
272 5759 22078 605 20495 575 3721 1 0 4 0 0 0 0 0 0 1 1 R 0
273 5779 18600 687 18632 655 3276 1 0 0 0 0 0 0 0 0 1 1 R 0
274 5798 19029 661 19073 636 3072 1 0 0 0 0 1 0 0 0 2 1 R 0
275 5820 21335 935 20001 916 3159 1 0 4 0 0 0 0 0 0 2 1 R 0
276 5841 20172 587 20187 560 3599 1 0 0 0 0 0 0 0 0 2 1 R 0
277 5864 22298 605 22329 579 8888 1 0 0 0 0 0 0 0 0 1 1 R 0
278 5884 19243 664 19278 631 3113 1 0 0 0 0 0 0 0 0 2 1 R 0
279 5907 22312 585 20734 564 5311 1 0 4 0 0 0 0 0 0 1 1 R 0
280 5929 21316 688 19860 653 4007 1 0 1 0 0 0 0 0 0 1 1 R 0
281 5949 19409 588 19437 565 3814 1 0 0 0 0 0 0 0 0 1 1 R 0
282 5972 22262 730 21051 701 3778 1 0 4 0 0 0 0 0 0 1 1 R 0
283 5992 19008 919 19091 838 3693 1 0 0 0 0 0 0 0 0 2 1 R 0
284 6011 18106 1058 18158 1039 3807 1 0 0 0 0 0 0 0 0 1 1 R 0
285 6033 21637 593 20489 574 3641 1 0 4 0 0 0 0 0 0 2 1 R 0
286 6053 19100 598 19120 572 4203 1 0 0 0 0 0 0 0 0 1 1 R 0
287 6073 19382 647 19431 601 4294 1 0 0 0 0 0 0 0 0 1 1 R 0
288 6093 19303 597 19326 569 3833 1 0 0 0 0 0 0 0 0 1 1 R 0
289 6113 19919 809 18990 769 5134 1 0 4 0 0 0 0 0 0 2 1 R 0
290 6135 20969 590 20010 894 4507 1 0 1 0 0 0 0 0 0 2 1 R 0
291 6155 18798 612 18501 586 3817 1 0 0 0 0 0 0 0 0 1 1 R 0
292 6181 25526 598 24083 572 7391 1 0 4 0 0 0 0 0 0 2 1 R 0
293 6201 19685 683 19745 618 4128 1 0 0 0 0 0 0 0 0 1 1 R 0
294 6222 19816 900 19104 826 3830 1 0 1 0 0 0 0 0 0 2 1 R 0
295 6244 21206 760 20046 693 3673 1 0 4 0 0 0 0 0 0 2 1 R 0
296 6264 20005 595 20021 565 3805 1 0 0 0 0 0 0 0 0 1 1 R 0
297 6284 18721 812 18768 796 3446 1 0 0 0 0 0 0 0 0 2 1 R 0
298 6303 18828 1619 18862 1565 3525 1 0 0 0 0 1 0 0 0 0 1 R 0
299 6329 23794 617 20879 594 3503 1 0 5 0 0 0 0 0 0 2 1 R 0
300 6349 19875 577 19896 553 3859 1 0 0 0 0 0 0 0 0 1 1 R 0
301 6369 19435 584 19464 562 3813 1 0 0 0 0 0 0 0 0 1 1 R 0
302 6392 22206 604 21034 578 3738 1 0 4 0 0 0 0 0 0 1 1 R 0
303 6410 17741 757 17818 683 3445 1 0 0 0 0 0 0 0 0 2 1 R 0
304 6431 19330 818 19391 752 4012 1 0 0 0 0 0 0 0 0 2 1 R 0
305 6453 21561 607 20241 579 4303 1 0 4 0 0 0 0 0 0 1 1 R 0
306 6475 20996 612 20517 586 4233 1 0 1 0 0 0 0 0 0 2 1 R 0
307 6500 24407 715 24474 638 7661 1 0 0 0 0 0 0 0 0 1 1 R 0
308 6522 21653 1963 20427 880 3093 1 0 4 0 1 0 0 0 0 2 1 R 0
309 6542 18410 950 18457 873 3724 1 0 0 0 0 0 0 0 0 2 1 R 0
310 6563 19618 591 19634 566 4166 1 0 0 0 0 0 0 0 0 1 1 R 0
311 6583 19339 587 19369 555 4377 1 0 0 0 0 0 0 0 0 1 1 R 0
312 6604 20979 591 19935 565 5525 1 0 4 0 0 0 0 0 0 2 1 R 0
313 6623 17542 773 17614 712 3121 1 0 0 0 0 0 0 0 0 1 1 R 0
314 6643 20209 713 20237 690 4798 1 0 0 0 0 0 0 0 0 2 1 R 0
315 6666 21423 978 20336 950 3912 1 0 4 0 0 0 0 0 0 1 1 R 0
316 6687 20467 577 20483 548 3777 1 0 0 0 0 0 0 0 0 1 1 R 0
317 6705 16902 609 16945 575 3006 1 0 0 0 0 1 0 0 0 1 1 R 0
318 6748 42661 594 23144 570 31113 1 2 5 0 0 0 0 0 0 3 1 R 0
319 6767 18729 615 18757 586 3789 1 0 0 0 0 0 0 0 0 1 1 R 0
320 6787 19714 573 19744 543 3768 1 0 0 0 0 0 0 0 0 1 1 R 0
321 6811 22908 837 20678 812 4524 1 0 4 0 0 0 0 0 0 2 1 R 0
322 6833 21040 686 21093 635 6448 1 0 0 0 0 0 0 0 0 2 1 R 0
323 6853 19722 564 19740 534 3561 1 0 0 0 0 0 0 0 0 1 1 R 0
324 6875 21348 605 20233 578 4248 1 0 4 0 0 0 0 0 0 1 1 R 0
325 6896 19761 1057 19785 1037 3802 1 0 0 0 0 0 0 0 0 1 1 R 0
326 6915 18356 720 18421 655 3412 1 0 0 0 0 0 0 0 0 2 1 R 0
327 6935 19433 717 18184 671 3082 1 0 1 0 1 0 0 0 0 1 1 R 0
328 6960 23806 577 21997 554 3917 1 0 2 0 0 0 0 0 0 2 1 R 0
329 6980 19632 680 19672 657 4286 1 0 0 0 0 0 0 0 0 1 1 R 0
330 7000 19016 566 19024 540 3321 1 0 0 0 0 0 0 0 0 2 1 R 0
331 7022 21531 648 20553 596 3752 1 0 4 0 0 0 0 0 0 1 1 R 0
332 7042 19773 792 19814 761 3891 1 0 0 0 0 0 0 0 0 2 1 R 0
333 7060 17583 689 17622 651 3418 1 0 0 0 0 0 0 0 0 2 1 R 0
334 7084 23264 823 21718 808 4611 1 0 4 0 0 0 0 0 0 1 1 R 0
335 7104 18895 845 18950 783 3698 1 0 0 0 0 0 0 0 0 0 1 R 0
336 7125 19562 664 19607 621 3477 1 0 0 0 0 0 0 0 0 2 1 R 0
337 7151 26006 619 24137 602 8298 1 0 5 0 0 0 0 0 0 2 1 R 0
338 7171 19198 820 19224 786 3645 1 0 0 0 0 0 0 0 0 1 1 R 0
339 7191 19412 586 19433 561 4341 1 0 0 0 0 0 0 0 0 1 1 R 0
340 7211 19380 804 19404 789 4324 1 0 0 0 0 0 0 0 0 1 1 R 0
341 7231 19413 719 18561 668 5107 1 0 4 0 0 0 0 0 0 2 1 R 0
342 7251 18581 660 18618 633 3844 1 0 0 0 0 0 0 0 0 2 1 R 0
343 7272 20410 744 20033 695 5029 1 0 1 0 0 0 0 0 0 2 1 R 0
344 7294 21755 756 20599 730 4405 1 0 4 0 0 0 0 0 0 1 1 R 0
345 7314 18769 600 18791 571 3676 1 0 0 0 0 0 0 0 0 1 1 R 0
346 7335 21024 938 19507 930 3105 1 0 1 0 0 0 0 0 0 2 1 R 0
347 7354 17512 726 17549 671 3133 1 0 0 0 0 0 0 0 0 1 1 R 0
348 7378 23190 690 22195 672 4260 1 0 4 0 0 0 0 0 0 2 1 R 0
349 7398 19177 587 19194 567 3907 1 0 0 0 0 0 0 0 0 1 1 R 0
350 7417 18934 665 18987 640 3362 1 0 0 0 0 0 0 0 0 1 1 R 0
351 7439 21128 598 19990 566 3329 1 0 4 0 0 0 0 0 0 2 1 R 0
352 7461 21374 974 21438 913 6572 1 0 0 0 0 0 0 0 0 1 1 R 0
353 7481 18934 592 18960 564 3699 1 0 0 0 0 0 0 0 0 2 1 R 0
354 7504 22575 613 21693 582 4223 1 0 4 0 0 0 0 0 0 1 1 R 0
355 7523 18151 722 18194 683 3083 1 0 0 0 0 0 0 0 0 1 1 R 0
356 7543 19462 712 18399 672 3879 1 0 1 0 0 0 0 0 0 2 1 R 0
357 7562 18667 717 18719 673 3043 1 0 0 0 0 0 0 0 0 1 1 R 0
358 7585 21789 660 20797 632 6200 1 0 4 0 0 0 0 0 0 2 1 R 0
359 7605 19419 584 19445 559 3811 1 0 0 0 0 0 0 0 0 1 1 R 0
360 7624 18553 730 18599 684 3138 1 0 0 0 0 0 0 0 0 1 1 R 0
361 7648 22799 613 21166 588 3331 1 0 4 0 0 0 0 0 0 2 1 R 0
362 7668 19491 575 19512 547 3727 1 0 0 0 0 0 0 0 0 1 1 R 0
363 7687 19117 575 19142 556 3533 1 0 0 0 0 0 0 0 0 1 1 R 0
364 7710 21748 650 21008 637 3761 1 0 4 0 0 0 0 0 0 1 1 R 0
365 7729 18466 815 18498 788 3080 1 0 0 0 0 0 0 0 0 1 1 R 0
366 7750 20498 852 19502 796 3837 1 0 1 0 0 0 0 0 0 3 1 R 0
367 7774 22539 840 22585 785 6597 1 0 0 0 0 1 0 0 0 2 1 R 0
368 7797 22396 622 21015 596 3827 1 0 4 0 0 0 0 0 0 1 1 R 0
369 7816 18316 1023 18346 1003 3657 1 0 0 0 0 0 0 0 0 1 1 R 0
370 7837 20273 795 20317 746 3230 1 0 0 0 0 0 0 0 0 2 1 R 0
371 7859 20993 683 20193 644 3630 1 0 4 0 0 0 0 0 0 1 1 R 0
372 7882 22362 717 22384 679 6972 1 0 0 0 0 0 0 0 0 1 1 R 0
373 7902 19139 638 19161 609 4289 1 0 0 0 0 0 0 0 0 1 1 R 0
374 7924 21628 670 20385 623 3828 1 0 4 0 0 0 0 0 0 3 1 R 0
375 7944 19558 1202 18490 1139 3398 1 0 1 0 0 0 0 0 0 1 1 R 0
376 7964 18494 719 18554 658 3167 1 0 0 0 0 0 0 0 0 1 1 R 0
377 7985 19960 604 19993 575 3938 1 0 0 0 0 0 0 0 0 1 1 R 0
378 8008 23133 882 21975 830 4490 1 0 4 0 0 0 0 0 0 2 1 R 0
379 8028 19142 532 19167 522 4077 1 0 0 0 0 0 0 0 0 1 1 R 0
380 8048 18647 775 18679 739 3196 1 0 0 0 0 0 0 0 0 1 1 R 0
381 8070 21326 838 20245 758 3030 1 0 4 0 0 0 0 0 0 3 1 R 0
382 8093 22512 604 22539 573 8250 1 0 0 0 0 0 0 0 0 0 1 R 0
383 8113 19419 645 19446 616 4339 1 0 0 0 0 0 0 0 0 1 1 R 0
384 8137 23334 566 21081 543 3944 1 0 5 0 0 0 0 0 0 2 1 R 0
385 8155 17202 680 17242 662 2999 1 0 0 0 0 0 0 0 0 1 1 R 0
386 8175 19168 689 19188 652 3835 1 0 0 0 0 0 0 0 0 2 1 R 0
387 8194 18928 1000 18994 962 3156 1 0 0 0 0 0 0 0 0 2 1 R 0
388 8219 24207 588 22551 562 4751 1 0 5 0 0 0 0 0 0 1 1 R 0
389 8239 18977 779 19071 712 3068 1 0 0 0 0 0 0 0 0 1 1 R 0
390 8258 18601 700 18624 661 3303 1 0 0 0 0 0 0 0 0 3 1 R 0
391 8281 21720 755 20804 673 3293 1 0 4 0 0 0 0 0 0 1 1 R 0
392 8301 19821 584 19845 558 3824 1 0 0 0 0 0 0 0 0 2 1 R 0
393 8321 19040 633 19065 605 4259 1 0 0 0 0 0 0 0 0 1 1 R 0
394 8345 23548 601 20844 571 3527 1 0 5 0 0 0 0 0 0 1 1 R 0
395 8365 19070 598 19098 568 3828 1 0 0 0 0 0 0 0 0 1 1 R 0
396 8385 19758 966 19787 952 3698 1 0 0 0 0 0 0 0 0 1 1 R 0
397 8411 24797 679 24035 664 7474 1 0 4 0 0 0 0 0 0 1 1 R 0
398 8431 19794 613 19812 583 4218 1 0 0 0 0 0 0 0 0 1 1 R 0
399 8451 19022 845 19097 773 3759 1 0 0 0 0 0 0 0 0 2 1 R 0
400 8470 18425 1569 18474 1537 3691 1 0 0 0 0 1 0 0 0 2 1 R 0
401 8493 20895 611 19902 577 5695 1 0 4 0 0 0 0 0 0 1 1 R 0
402 8513 19948 584 19979 555 4125 1 0 0 0 0 0 0 0 0 1 1 R 0
403 8533 19159 698 19218 653 4172 1 0 0 0 0 0 0 0 0 1 1 R 0
404 8557 23165 566 20594 539 3729 1 0 5 0 0 0 0 0 0 2 1 R 0
405 8574 16793 725 16855 673 3269 1 0 0 0 0 0 0 0 0 2 1 R 0
406 8597 21474 605 21489 581 3510 1 0 0 0 0 0 0 0 0 1 1 R 0
407 8618 20339 1528 19911 1014 3824 1 0 1 0 2 0 0 0 0 1 1 R 0
408 8640 20789 593 20518 564 3149 1 0 1 0 0 0 0 0 0 2 1 R 0
409 8659 18526 735 18561 709 3635 1 0 0 0 0 0 0 0 0 1 1 R 0
410 8678 18728 732 18786 675 3116 1 0 0 0 0 0 0 0 0 2 1 R 0
411 8701 21415 900 20338 841 3014 1 0 4 0 0 0 0 0 0 2 1 R 0
412 8724 22792 603 22815 570 8588 1 0 0 0 0 0 0 0 0 1 1 R 0
413 8746 20737 983 19291 966 3969 1 0 1 0 0 0 0 0 0 2 1 R 0
414 8768 21850 775 20967 706 3225 1 0 4 0 0 0 0 0 0 1 1 R 0
415 8788 19161 800 19223 749 3087 1 0 0 0 0 0 0 0 0 2 1 R 0
416 8809 19887 824 19934 776 3043 1 0 0 0 0 0 0 0 0 1 1 R 0
417 8832 21622 663 20655 639 4325 1 0 4 0 0 0 0 0 0 1 1 R 0
418 8851 19184 942 19246 879 3757 1 0 0 0 0 0 0 0 0 2 1 R 0
419 8871 18845 587 18868 562 3496 1 0 0 0 0 0 0 0 0 1 1 R 0
420 8891 19725 601 19755 571 4370 1 0 0 0 0 0 0 0 0 1 1 R 0
421 8913 20565 606 19553 579 5312 1 0 4 0 0 0 0 0 0 1 1 R 0
422 8933 19935 586 19964 560 4254 1 0 0 0 0 0 0 0 0 2 1 R 0
423 8955 20843 594 19784 570 5854 1 0 1 0 0 0 0 0 0 1 1 R 0
424 8979 23512 707 22394 679 3182 1 0 4 0 0 0 0 0 0 2 1 R 0
425 8998 18401 770 18451 723 3055 1 0 0 0 0 0 0 0 0 2 1 R 0
426 9018 19842 578 19866 552 3752 1 0 0 0 0 0 0 0 0 1 1 R 0
427 9043 23606 613 22887 580 8733 1 0 4 0 0 0 0 0 0 1 1 R 0
428 9063 19867 578 19893 546 3759 1 0 0 0 0 0 0 0 0 1 1 R 0
429 9081 17570 762 17614 728 3491 1 0 0 0 0 0 0 0 0 2 1 R 0
430 9103 20843 632 20927 544 4636 1 0 0 0 0 0 0 0 0 2 1 R 0
431 9124 20955 676 19798 643 6480 1 0 4 0 0 0 0 0 0 1 1 R 0
432 9146 21134 698 20039 666 3967 1 0 1 0 0 0 0 0 0 1 1 R 0
433 9165 18171 1457 18294 1361 3103 1 0 0 0 0 0 0 0 0 2 1 R 0
434 9189 22006 579 21002 552 3185 1 0 4 0 0 0 0 0 0 1 1 R 0
435 9208 19035 579 19061 553 3058 1 0 0 0 0 0 0 0 0 1 1 R 0
436 9228 19709 562 19733 541 3993 1 0 0 0 0 0 0 0 0 2 1 R 0
437 9251 21717 724 20455 708 3873 1 0 4 0 0 0 0 0 0 1 1 R 0
438 9273 21587 682 21144 653 4777 1 0 1 0 0 0 0 0 0 2 1 R 0
439 9302 28118 523 20054 494 3852 1 0 4 0 1 0 0 0 0 0 1 S 2
440 9339 36389 757 20699 743 21060 1 1 2 0 0 0 0 0 0 1 1 R 0
441 9360 20516 573 19355 548 4642 1 0 1 0 0 0 0 0 0 2 1 R 0
442 9382 21286 668 21324 633 6492 1 0 0 0 0 0 0 0 0 2 1 R 0
443 9403 20468 724 19670 694 5206 1 0 4 0 0 1 0 0 0 1 1 R 0
444 9424 20243 729 20307 664 3204 1 0 0 0 0 0 0 0 0 2 1 R 0
445 9444 19142 596 19160 567 4027 1 0 0 0 0 0 0 0 0 1 1 R 0
446 9467 22688 581 21099 554 3743 1 0 4 0 0 0 0 0 0 2 1 R 0
447 9485 17057 695 17112 637 3015 1 0 0 0 0 0 0 0 0 1 1 R 0
448 9504 18962 674 19006 648 3714 1 0 0 0 0 0 0 0 0 2 1 R 0
449 9526 20442 1224 20457 1215 4161 1 0 0 0 2 0 0 0 0 1 1 R 0
450 9550 23607 580 20415 551 3887 1 0 3 0 0 0 0 0 0 1 1 R 0
451 9571 20208 586 19811 562 5192 1 0 1 0 0 0 0 0 0 2 1 R 0
452 9591 19318 703 18940 653 4256 1 0 1 0 0 0 0 0 0 1 1 R 0
453 9613 21272 811 20474 726 5136 1 0 4 0 0 0 0 0 0 2 1 R 0
454 9633 19556 636 19577 609 4342 1 0 0 0 0 0 0 0 0 1 1 R 0
455 9654 19485 606 19510 582 4294 1 0 0 0 0 0 0 0 0 1 1 R 0
456 9675 21155 938 19666 921 3217 1 0 4 0 0 0 0 0 0 2 1 R 0
457 9698 21572 734 21597 718 6145 1 0 0 0 0 0 0 0 0 1 1 R 0
458 9718 19615 571 19621 549 3128 1 0 0 0 0 0 0 0 0 2 1 R 0
459 9740 21386 574 20616 559 3782 1 0 4 0 0 0 0 0 0 1 1 R 0
460 9762 21010 574 19810 552 5746 1 0 1 0 0 0 0 0 0 2 1 R 0
461 9781 18945 653 19042 563 3920 1 0 0 0 0 1 0 0 0 1 1 R 0
462 9800 17766 687 17813 639 3531 1 0 0 0 0 0 0 0 0 1 1 R 0
463 9821 20605 798 19730 737 5893 1 0 4 0 0 0 0 0 0 2 1 R 0
464 9842 20188 587 20213 556 4519 1 0 0 0 0 0 0 0 0 1 1 R 0
465 9862 19295 627 19336 607 4384 1 0 0 0 0 0 0 0 0 1 1 R 0
466 9884 21516 606 20138 574 3732 1 0 4 0 0 0 0 0 0 2 1 R 0
467 9902 17666 796 17711 761 3257 1 0 0 0 0 0 0 0 0 1 1 R 0
468 9924 20453 586 20468 555 4079 1 0 0 0 0 0 0 0 0 2 1 R 0
469 9943 18748 597 18782 567 4420 1 0 0 0 0 0 0 0 0 1 1 R 0
470 9968 24396 600 22304 580 5236 1 0 5 0 0 0 0 0 0 2 1 R 0
471 9987 18674 948 18699 920 3361 1 0 0 0 0 0 0 0 0 1 1 R 0
472 10010 21784 611 21806 583 6498 1 0 0 0 0 0 0 0 0 2 1 R 0
473 10033 22196 585 20989 554 4835 1 0 4 0 0 0 0 0 0 1 1 R 0
474 10052 19108 591 19139 562 4331 1 0 0 0 0 0 0 0 0 1 1 R 0
475 10073 19577 799 19612 761 3888 1 0 0 0 0 0 0 0 0 2 1 R 0
476 10095 21738 602 20201 573 4041 1 0 4 0 0 0 0 0 0 2 1 R 0
477 10113 17502 747 17541 716 3229 1 0 0 0 0 0 0 0 0 0 1 R 0
478 10133 18813 680 18865 632 3105 1 0 0 0 0 0 0 0 0 2 1 R 0
479 10154 20916 590 19784 561 4874 1 0 1 0 0 0 0 0 0 1 1 R 0
480 10178 23225 571 21659 550 5273 1 0 4 0 0 0 0 0 0 2 1 R 0
481 10197 18622 669 18668 633 3100 1 0 0 0 0 0 0 0 0 1 1 R 0
482 10216 17550 2538 17579 1982 3053 1 0 0 0 1 0 0 0 0 2 1 R 0
483 10241 23309 603 21841 570 3688 1 0 4 0 0 0 0 0 0 2 1 R 0
484 10262 20142 590 20169 564 4529 1 0 0 0 0 0 0 0 0 1 1 R 0
485 10282 18936 591 18962 567 4241 1 0 0 0 0 0 0 0 0 2 1 R 0
486 10304 21368 871 19952 825 3561 1 0 4 0 0 0 0 0 0 1 1 R 0
487 10327 22754 604 22768 586 6230 1 0 0 0 0 0 0 0 0 2 1 R 0
488 10347 19093 1832 19154 880 3237 1 0 0 0 1 0 0 0 0 1 1 R 0
489 10370 21464 579 20678 552 3832 1 0 4 0 0 0 0 0 0 2 1 R 0
490 10392 21526 573 21156 550 4458 1 0 1 0 0 0 0 0 0 2 1 R 0
491 10412 18909 724 18655 700 4316 1 0 1 0 0 0 0 0 0 2 1 R 0
492 10431 18672 749 18693 737 3862 1 0 0 0 0 0 0 0 0 1 1 R 0
493 10454 22305 606 21145 576 7244 1 0 4 0 0 0 0 0 0 2 1 R 0
494 10474 19386 584 19414 556 3745 1 0 0 0 0 0 0 0 0 0 1 R 0
495 10495 20527 956 20028 939 4214 1 0 1 0 0 0 0 0 0 2 1 R 0
496 10518 21733 773 20722 715 3134 1 0 4 0 0 0 0 0 0 1 1 R 0
497 10538 19070 704 19119 658 3067 1 0 0 0 0 0 0 0 0 2 1 R 0
498 10562 23706 695 22186 648 3725 1 0 1 0 0 0 0 0 0 1 1 R 0
499 10586 22741 1084 20989 1055 3927 1 0 4 0 0 0 0 0 0 4 1 R 0
500 10607 20273 670 20322 606 3324 1 0 0 0 0 0 0 0 0 2 1 R 0
501 10624 16520 784 16597 718 3239 1 0 0 0 0 0 0 0 0 2 1 R 0
502 10651 25699 1335 24851 1327 6041 1 0 4 0 0 1 0 0 0 2 1 R 0
503 10672 19474 604 19490 577 4280 1 0 0 0 0 0 0 0 0 1 1 R 0
504 10692 19274 559 19296 535 4428 1 0 0 0 0 0 0 0 0 1 1 R 0
505 10709 17356 773 17410 726 3815 1 0 0 0 0 0 0 0 0 2 1 R 0
506 10732 21844 710 20893 679 6024 1 0 4 0 0 0 0 0 0 1 1 R 0
507 10753 20544 566 19540 537 4282 1 0 1 0 0 0 0 0 0 2 1 R 0
508 10774 20045 578 20077 545 4330 1 0 0 0 0 0 0 0 0 1 1 R 0
509 10797 22099 658 20661 621 3992 1 0 4 0 0 0 0 0 0 1 1 R 0
510 10815 17896 1549 17954 1529 3082 1 0 0 0 0 0 0 0 0 2 1 R 0
511 10834 17190 723 17195 699 2996 1 0 0 0 0 0 0 0 0 1 1 R 0
512 10855 20503 598 20509 572 4004 1 0 0 0 0 0 0 0 0 2 1 R 0
513 10879 23168 668 21538 632 5377 1 0 4 0 0 0 0 0 0 1 1 R 0
514 10898 18867 880 18935 816 3427 1 0 0 0 0 0 0 0 0 1 1 R 0
515 10917 17929 791 18020 711 3001 1 0 0 0 0 0 0 0 0 2 1 R 0
516 10940 21886 596 20831 568 3527 1 0 4 0 0 0 0 0 0 1 1 R 0
517 10964 23621 579 22265 553 8214 1 0 1 0 0 0 0 0 0 1 1 R 0
518 10984 19493 598 19524 566 3736 1 0 0 0 0 0 0 0 0 1 1 R 0
519 11006 20949 1065 19422 1046 3011 1 0 4 0 0 0 0 0 0 2 1 R 0
520 11024 17457 711 17499 669 3422 1 0 0 0 0 0 0 0 0 1 1 R 0
521 11044 18932 1232 18995 1188 3111 1 0 0 0 0 0 0 0 0 2 1 R 0
522 11065 20165 1102 20165 1089 3759 1 0 0 0 2 0 0 0 0 1 1 R 0
523 11088 21587 657 20093 615 3828 1 0 2 0 0 0 0 0 0 2 1 R 0
524 11107 18709 657 18743 627 3124 1 0 0 0 0 0 0 0 0 1 1 R 0
525 11125 17079 700 17111 664 3272 1 0 0 0 0 0 0 0 0 1 1 R 0
526 11149 23546 762 22711 696 3638 1 0 4 0 0 0 0 0 0 2 1 R 0
527 11171 20509 624 19430 588 5574 1 0 1 0 0 0 0 0 0 1 1 R 0
528 11191 19578 653 19605 623 4229 1 0 0 0 0 0 0 0 0 1 1 R 0
529 11214 22039 725 20490 703 3724 1 0 4 0 0 0 0 0 0 3 1 R 0
530 11233 18383 738 18438 680 3055 1 0 0 0 0 0 0 0 0 1 1 R 0
531 11252 18403 751 18450 715 3600 1 0 0 0 0 0 0 0 0 1 1 R 0
532 11279 26149 803 24935 800 10203 1 0 5 0 0 0 0 0 0 1 1 R 0
533 11299 19762 574 19762 547 3575 1 0 0 0 0 0 0 0 0 2 1 R 0
534 11319 18874 685 18917 662 3325 1 0 0 0 0 0 0 0 0 2 1 R 0
535 11338 18300 702 18319 669 3173 1 0 0 0 0 0 0 0 0 1 1 R 0
536 11362 23776 604 20545 576 3182 1 0 5 0 0 0 0 0 0 1 1 R 0
537 11382 19128 578 19156 554 4236 1 0 0 0 0 0 0 0 0 3 1 R 0
538 11402 19403 637 19431 608 4168 1 0 0 0 0 0 0 0 0 1 1 R 0
539 11424 21827 619 20637 586 3912 1 0 4 0 0 0 0 0 0 1 1 R 0
540 11443 17657 718 17696 678 3233 1 0 0 0 0 0 0 0 0 2 1 R 0
541 11463 19862 639 19885 614 3641 1 0 0 0 0 0 0 0 0 1 1 R 0
542 11483 19424 601 19449 572 4200 1 0 0 0 0 0 0 0 0 1 1 R 0
543 11506 21677 1723 20495 1382 5679 1 0 4 0 1 0 0 0 0 2 1 R 0
544 11528 20520 849 20213 833 3988 1 0 1 0 0 0 0 0 0 1 1 R 0
545 11547 18293 618 18309 606 3025 1 0 0 0 0 0 0 0 0 1 1 R 0
546 11571 23801 597 21225 567 3908 1 0 5 0 0 0 0 0 0 2 1 R 0
547 11594 22489 755 22519 727 8632 1 0 0 0 0 0 0 0 0 1 1 R 0
548 11614 19015 774 19063 732 3596 1 0 0 0 0 0 0 0 0 1 1 R 0
549 11637 22194 582 21089 557 3076 1 0 4 0 0 0 0 0 0 1 1 R 0
550 11655 17130 682 17167 652 3137 1 0 0 0 0 0 0 0 0 2 1 R 0
551 11676 20123 965 20146 944 4366 1 0 0 0 0 0 0 0 0 1 1 R 0
552 11697 20009 2117 20024 1313 3800 1 0 1 0 3 0 0 0 0 1 1 R 0
553 11719 19742 575 19726 543 3713 1 0 0 0 0 0 0 0 0 2 1 R 0
554 11738 18864 684 18928 620 3192 1 0 0 0 0 1 0 0 0 1 1 R 0
555 11757 18352 2820 18388 1233 3029 1 0 0 0 1 0 0 0 0 3 1 R 0
556 11782 22112 610 20545 582 3757 1 0 4 0 0 0 0 0 0 1 1 R 0
557 11801 18905 598 18929 567 4271 1 0 0 0 0 0 0 0 0 1 1 R 0
558 11823 21077 826 21135 767 3834 1 0 0 0 0 0 0 0 0 1 1 R 0
559 11854 30186 813 22419 767 4045 1 0 9 0 0 0 0 0 0 3 1 R 0
560 11877 22228 581 22236 558 5272 1 0 0 0 0 0 0 0 0 1 1 R 0
561 11897 19426 749 19450 735 3858 1 0 0 0 0 0 0 0 0 1 1 R 0
562 11924 26234 593 25077 569 9630 1 0 4 0 0 0 0 0 0 1 1 R 0
563 11947 21958 576 21977 550 4835 1 0 0 0 0 0 0 0 0 1 1 R 0
564 11970 22537 578 21415 548 3720 1 0 1 0 0 0 0 0 0 2 1 R 0
565 11992 21820 612 20673 579 4499 1 0 4 0 0 0 0 0 0 1 1 R 0
566 12012 19546 601 19572 571 4396 1 0 0 0 0 0 0 0 0 1 1 R 0
567 12033 19550 642 19578 613 3997 1 0 0 0 0 0 0 0 0 1 1 R 0
568 12055 22281 1076 20870 1049 3281 1 0 4 0 0 0 0 0 0 2 1 R 0
569 12075 18831 906 18851 890 3246 1 0 0 0 0 0 0 0 0 1 1 R 0
570 12095 18989 586 19008 853 4003 1 0 0 0 0 0 0 0 0 1 1 R 0
571 12118 22308 805 21289 551 3866 1 0 4 0 0 1 0 0 0 2 1 R 0
572 12139 19753 650 19848 557 3388 1 0 0 0 0 0 0 0 0 1 1 R 0
573 12157 17880 681 17921 651 3042 1 0 0 0 0 0 0 0 0 2 1 R 0
574 12179 21282 575 20124 552 5008 1 0 1 0 0 0 0 0 0 1 1 R 0
575 12201 21655 594 20210 563 3774 1 0 4 0 0 0 0 0 0 1 1 R 0
576 12223 20786 592 20048 564 3887 1 0 1 0 0 0 0 0 0 1 1 R 0
577 12246 22160 1125 22180 1111 7147 1 0 0 0 0 0 0 0 0 2 1 R 0
578 12268 21545 785 20642 757 3155 1 0 4 0 0 0 0 0 0 2 1 R 0
579 12289 19876 581 19886 558 3798 1 0 0 0 0 0 0 0 0 1 1 R 0
580 12309 19474 573 19502 550 3985 1 0 0 0 0 0 0 0 0 1 1 R 0
581 12332 22485 701 20689 680 3877 1 0 4 0 0 0 0 0 0 2 1 R 0
582 12351 18028 771 18069 727 3535 1 0 0 0 0 0 0 0 0 2 1 R 0
583 12372 20076 728 19193 680 4207 1 0 1 0 0 0 0 0 0 2 1 R 0
584 12393 20330 588 20345 558 4442 1 0 0 0 0 0 0 0 0 1 1 R 0
585 12415 21542 592 20628 570 6406 1 0 4 0 0 0 0 0 0 1 1 R 0
586 12434 18229 765 18270 732 3364 1 0 0 0 0 0 0 0 0 1 1 R 0
587 12452 17424 694 17455 652 3130 1 0 0 0 0 0 0 0 0 2 1 R 0
588 12475 22436 691 21436 652 4665 1 0 4 0 0 0 0 0 0 2 1 R 0
589 12494 18420 1176 18466 1134 3048 1 0 0 0 0 0 0 0 0 1 1 R 0
590 12515 19710 646 19729 615 3765 1 0 0 0 0 0 0 0 0 1 1 R 0
591 12539 23419 577 22203 556 3800 1 0 5 0 0 0 0 0 0 2 1 R 0
592 12565 25212 691 24035 673 8265 1 0 2 0 0 0 0 0 0 1 1 R 0
593 12584 18011 864 18074 805 2990 1 0 0 0 0 0 0 0 0 1 1 R 0
594 12604 19977 584 19997 557 3735 1 0 0 0 0 0 0 0 0 2 1 R 0
595 12626 21523 588 20573 561 6071 1 0 4 0 0 0 0 0 0 1 1 R 0
596 12645 18141 662 18173 637 3076 1 0 0 0 0 0 0 0 0 1 1 R 0
597 12664 17978 765 18022 727 3129 1 0 0 0 0 0 0 0 0 2 1 R 0
598 12688 23359 628 22142 589 3688 1 0 4 0 0 0 0 0 0 2 1 R 0
599 12707 18814 576 18834 552 3788 1 0 0 0 0 0 0 0 0 1 1 R 0
600 12728 19747 728 19777 699 3945 1 0 0 0 0 0 0 0 0 1 1 R 0
601 12746 17373 1492 17417 1468 3092 1 0 0 0 2 0 0 0 0 2 1 R 0
602 12770 23124 638 20295 594 3109 1 0 3 0 0 0 0 0 0 1 1 R 0
603 12789 18419 772 18493 705 3034 1 0 0 0 0 0 0 0 0 2 1 R 0
604 12810 19543 582 19560 557 4347 1 0 0 0 0 0 0 0 0 1 1 R 0
605 12833 22689 1337 21587 1316 4556 1 0 4 0 0 1 0 0 0 1 1 R 0
606 12853 18988 797 19042 744 3368 1 0 0 0 0 0 0 0 0 2 1 R 0
607 12875 20661 724 20701 687 6201 1 0 0 0 0 0 0 0 0 1 1 R 0
608 12898 22648 765 21400 740 3249 1 0 4 0 0 0 0 0 0 2 1 R 0
609 12918 18767 573 18781 548 3834 1 0 0 0 0 0 0 0 0 1 1 R 0
610 12938 19631 1134 19662 1104 3623 1 0 0 0 0 0 0 0 0 1 1 R 0
611 12959 19971 540 18807 513 3534 1 0 4 0 0 0 0 0 0 1 1 R 0
612 13009 49760 664 25471 650 32444 1 3 0 0 0 6 0 0 0 2 1 R 0
613 13032 21705 580 20782 557 3949 1 0 4 0 0 2 0 0 0 1 1 R 0
614 13051 18325 700 18366 653 3846 1 0 0 0 0 11 0 0 0 2 1 R 0
615 13069 18056 697 18112 656 3555 1 0 0 0 0 0 0 0 0 2 1 R 0
616 13089 19351 678 19381 645 4586 1 0 0 0 0 0 0 0 0 1 1 R 0
617 13112 21630 716 20373 695 6685 1 0 4 0 0 0 0 0 0 2 1 R 0
618 13132 19636 585 19649 557 4280 1 0 0 0 0 0 0 0 0 1 1 R 0
619 13151 18023 793 18071 747 3858 1 0 0 0 0 0 0 0 0 1 1 R 0
620 13174 22861 654 20172 581 3533 1 0 5 0 0 0 0 0 0 2 1 R 0
621 13193 17949 867 17986 840 3167 1 0 0 0 0 0 0 0 0 2 1 R 0
622 13218 24105 632 24121 608 7838 1 0 0 0 0 0 0 0 0 0 1 R 0
623 13240 21337 640 20613 608 3837 1 0 4 0 0 0 0 0 0 2 1 R 0
624 13261 20037 583 19654 556 3335 1 0 1 0 0 0 0 0 0 2 1 R 0
625 13279 18135 688 18164 662 3477 1 0 0 0 0 0 0 0 0 2 1 R 0
626 13299 19051 683 19112 632 3173 1 0 0 0 0 0 0 0 0 0 1 R 0
627 13322 21785 611 20776 581 3245 1 0 4 0 0 0 0 0 0 3 1 R 0
628 13342 19625 597 19651 567 4429 1 0 0 0 0 0 0 0 0 1 1 R 0
629 13361 18263 1117 18303 1093 3737 1 0 0 0 0 0 0 0 0 1 1 R 0
630 13384 22601 591 20332 563 3752 1 0 5 0 0 0 0 0 0 2 1 R 0
631 13403 18416 742 18471 689 3145 1 0 0 0 0 0 0 0 0 1 1 R 0
632 13424 19412 575 19433 554 3772 1 0 0 0 0 0 0 0 0 1 1 R 0
633 13443 19137 599 19162 567 4583 1 0 0 0 0 0 0 0 0 1 1 R 0
634 13465 21143 622 20175 588 5563 1 0 4 0 0 0 0 0 0 2 1 R 0
635 13483 17134 828 17171 792 3077 1 0 0 0 0 0 0 0 0 1 1 R 0
636 13502 18517 784 18569 737 4249 1 0 0 0 0 0 0 0 0 2 1 R 0
637 13529 25991 595 24692 570 8014 1 0 4 0 0 0 0 0 0 2 1 R 0
638 13550 20644 581 20672 556 3815 1 0 0 0 0 0 0 0 0 1 1 R 0
639 13572 21513 727 20117 703 3102 1 0 2 0 0 0 0 0 0 1 1 R 0
640 13595 21725 1087 19921 1032 4489 1 0 5 0 0 0 0 0 0 2 1 R 0
641 13615 19486 961 19515 946 3889 1 0 0 0 0 0 0 0 0 1 1 R 0
642 13635 18983 587 18996 559 3789 1 0 0 0 0 0 0 0 0 1 1 R 0
643 13654 18519 789 18612 707 3228 1 0 0 0 0 0 0 0 0 2 1 R 0
644 13677 21724 597 20770 588 5144 1 0 4 0 0 0 0 0 0 1 1 R 0
645 13694 16923 936 16950 892 3043 1 0 0 0 0 0 0 0 0 2 1 R 0
646 13715 19548 577 19574 551 3385 1 0 0 0 0 0 0 0 0 1 1 R 0
647 13738 22612 582 21078 553 3818 1 0 4 0 0 1 0 0 0 1 1 R 0
648 13758 19241 623 19275 594 3313 1 0 0 0 0 0 0 0 0 1 1 R 0
649 13779 20621 615 19346 582 3812 1 0 1 0 0 0 0 0 0 2 1 R 0
650 13801 20864 747 19678 682 3150 1 0 4 0 0 0 0 0 0 2 1 R 0
651 13820 18726 773 18811 691 3514 1 0 0 0 0 0 0 0 0 2 1 R 0
652 13843 22046 858 22069 847 8509 1 0 0 0 0 0 0 0 0 1 1 R 0
653 13864 20162 577 20172 549 4297 1 0 0 0 0 0 0 0 0 1 1 R 0
654 13885 20111 852 19330 784 5047 1 0 4 0 0 0 0 0 0 2 1 R 0
655 13903 17826 717 17872 680 3055 1 0 0 0 0 0 0 0 0 1 1 R 0
656 13925 20806 599 20825 574 4064 1 0 0 0 0 0 0 0 0 1 1 R 0
657 13948 22455 606 21270 576 3984 1 0 4 0 0 0 0 0 0 1 1 R 0
658 13968 19412 578 19440 555 3803 1 0 0 0 0 0 0 0 0 2 1 R 0
659 13988 19851 717 18925 660 4525 1 0 1 0 0 0 0 0 0 1 1 R 0
660 14010 21293 846 19927 797 3123 1 0 4 0 0 0 0 0 0 3 1 R 0
661 14031 20027 586 20045 551 4372 1 0 0 0 0 0 0 0 0 1 1 R 0
662 14051 19104 594 19141 560 4274 1 0 0 0 0 0 0 0 0 1 1 R 0
663 14071 19999 589 20028 561 4315 1 0 0 0 0 0 0 0 0 1 1 R 0
664 14093 21063 601 20138 574 4173 1 0 4 0 0 0 0 0 0 2 1 R 0
665 14111 17568 818 17605 801 3527 1 0 0 0 0 0 0 0 0 1 1 R 0
666 14133 20673 596 20678 569 4814 1 0 0 0 0 0 0 0 0 2 1 R 0
667 14158 24580 597 23459 572 8283 1 0 4 0 0 0 0 0 0 1 1 R 0
668 14179 20564 611 19424 590 3230 1 0 1 0 0 0 0 0 0 1 1 R 0
669 14198 17917 664 17947 641 3097 1 0 0 0 0 0 0 0 0 1 1 R 0
670 14221 22999 664 21344 718 3077 1 0 4 0 0 0 0 0 0 2 1 R 0
671 14241 19091 584 18960 550 3751 1 0 0 0 0 0 0 0 0 1 1 R 0
672 14261 19559 730 19591 715 4341 1 0 0 0 0 0 0 0 0 1 1 R 0
673 14280 18494 688 18517 661 3771 1 0 0 0 0 0 0 0 0 2 1 R 0
674 14302 21039 714 19982 679 4373 1 0 4 0 0 0 0 0 0 1 1 R 0
675 14321 18053 731 18106 680 3581 1 0 0 0 0 0 0 0 0 2 1 R 0
676 14341 19792 638 19810 608 4651 1 0 0 0 0 0 0 0 0 1 1 R 0
677 14364 22034 667 20832 629 4401 1 0 4 0 0 0 0 0 0 1 1 R 0
678 14384 19686 822 18762 729 3101 1 0 1 0 0 0 0 0 0 2 1 R 0
679 14403 17535 695 17586 648 3075 1 0 0 0 0 0 0 0 0 2 1 R 0
680 14422 18943 723 18996 665 4480 1 0 0 0 0 0 0 0 0 2 1 R 0
681 14444 21275 717 20175 698 6256 1 0 4 0 0 0 0 0 0 1 1 R 0
682 14468 22492 578 22511 550 7955 1 0 0 0 0 0 0 0 0 1 1 R 0
683 14487 19043 823 19118 832 3087 1 0 0 0 0 0 0 0 0 2 1 R 0
684 14510 21782 666 20780 633 3226 1 0 4 0 0 0 0 0 0 1 1 R 0
685 14529 18789 923 18853 868 3050 1 0 0 0 0 0 0 0 0 1 1 R 0
686 14551 21091 664 21130 617 3733 1 0 0 0 0 0 0 0 0 2 1 R 0
687 14574 21811 3148 20719 1371 4393 1 0 3 0 2 0 0 0 0 2 1 R 0
688 14596 18691 2303 18702 1453 3553 1 0 0 0 1 0 0 0 0 1 1 R 0
689 14617 19206 743 19247 706 3378 1 0 0 0 0 0 0 0 0 1 1 R 0
690 14639 21489 738 20711 719 3404 1 0 4 0 0 0 0 0 0 2 1 R 0
691 14659 19179 592 19197 567 4434 1 0 0 0 0 0 0 0 0 2 1 R 0
692 14680 19667 614 19711 570 3313 1 0 0 0 0 0 0 0 0 1 1 R 0
693 14699 18824 863 18866 832 3655 1 0 0 0 0 0 0 0 0 1 1 R 0
694 14721 21217 783 20198 708 3129 1 0 4 0 0 0 0 0 0 2 1 R 0
695 14740 18365 657 18391 634 3538 1 0 0 0 0 0 0 0 0 1 1 R 0
696 14761 19630 581 19648 555 4522 1 0 0 0 0 0 0 0 0 2 1 R 0
697 14789 27604 696 24383 661 7355 1 0 4 0 0 0 0 0 0 1 1 R 0
698 14808 18089 872 18182 784 3275 1 0 0 0 0 0 0 0 0 1 1 R 0
699 14826 17174 1411 17213 1402 3324 1 0 0 0 0 0 0 0 0 2 1 R 0
700 14850 23496 593 22026 563 4006 1 0 4 0 0 0 0 0 0 1 1 R 0
701 14871 19769 591 19798 559 4367 1 0 0 0 0 0 0 0 0 1 1 R 0
702 14892 20858 582 20892 555 4166 1 0 0 0 0 0 0 0 0 2 1 R 0
703 14913 19965 788 19694 733 4824 1 0 1 0 0 0 0 0 0 2 1 R 0
704 14934 20739 752 19740 698 5712 1 0 4 0 0 0 0 0 0 1 1 R 0
705 14954 18639 1009 18689 959 3130 1 0 0 0 0 0 0 0 0 2 1 R 0
706 14974 19675 580 19689 550 3800 1 0 0 0 0 0 0 0 0 1 1 R 0
707 14998 23004 1528 20589 1489 4694 1 0 5 0 0 1 0 0 0 2 1 R 0
708 15018 18404 690 18437 648 3150 1 0 0 0 0 0 0 0 0 1 1 R 0
709 15037 18380 639 18412 621 3229 1 0 0 0 0 0 0 0 0 2 1 R 0
710 15060 21953 576 21195 548 3759 1 0 4 0 0 0 0 0 0 1 1 R 0
711 15080 19528 593 19553 565 4305 1 0 0 0 0 0 0 0 0 1 1 R 0
712 15102 21554 585 21583 559 6522 1 0 0 0 0 0 0 0 0 2 1 R 0
713 15120 17638 704 17690 657 3731 1 0 0 0 0 0 0 0 0 2 1 R 0
714 15142 21666 590 20799 563 4339 1 0 4 0 0 0 0 0 0 1 1 R 0
715 15163 19571 582 19595 559 4223 1 0 0 0 0 0 0 0 0 1 1 R 0
716 15184 20835 630 19721 558 4462 1 0 1 0 0 0 0 0 0 1 1 R 0
717 15205 20555 995 19161 913 3158 1 0 4 0 0 0 0 0 0 2 1 R 0
718 15223 17152 765 17180 724 3095 1 0 0 0 0 0 0 0 0 1 1 R 0
719 15243 18472 687 18503 657 3412 1 0 0 0 0 0 0 0 0 2 1 R 0
720 15265 21304 606 20967 571 3783 1 0 1 0 0 0 0 0 0 1 1 R 0
721 15287 21834 580 20282 560 4294 1 0 4 0 0 0 0 0 0 1 1 R 0
722 15306 18029 1349 18115 1302 3235 1 0 0 0 0 0 0 0 0 2 1 R 0
723 15324 16696 678 16698 655 3253 1 0 0 0 0 0 0 0 0 1 1 R 0
724 15347 23083 711 22119 632 3516 1 0 4 0 0 0 0 0 0 2 1 R 0
725 15368 19981 574 19997 551 3274 1 0 0 0 0 0 0 0 0 2 1 R 0
726 15389 20611 616 19280 586 3803 1 0 1 0 0 0 0 0 0 1 1 R 0
727 15415 24757 659 23095 621 6836 1 0 5 0 0 0 0 0 0 1 1 R 0
728 15433 17546 722 17598 666 3032 1 0 0 0 0 0 0 0 0 2 1 R 0
729 15452 18433 699 18480 661 4159 1 0 0 0 0 0 0 0 0 2 1 R 0
730 15474 20749 595 20764 564 5167 1 0 0 0 0 0 0 0 0 1 1 R 0
731 15495 21068 656 19981 623 6588 1 0 4 0 0 0 0 0 0 1 1 R 0
732 15517 20957 714 20584 686 3128 1 0 1 0 0 0 0 0 0 1 1 R 0
733 15538 20578 581 19672 553 3845 1 0 1 0 0 0 0 0 0 2 1 R 0
734 15560 21083 608 19579 580 3872 1 0 4 0 0 0 0 0 0 1 1 R 0
735 15580 19217 593 19238 563 3090 1 0 0 0 0 0 0 0 0 1 1 R 0
736 15601 21087 590 19729 562 4274 1 0 1 0 0 0 0 0 0 1 1 R 0
737 15624 22264 600 20646 575 4235 1 0 4 0 0 0 0 0 0 3 1 R 0
738 15643 17885 706 17929 672 3294 1 0 0 0 0 0 0 0 0 1 1 R 0
739 15664 20247 590 20262 558 3869 1 0 0 0 0 0 0 0 0 2 1 R 0
740 15684 19346 587 19372 561 3770 1 0 0 0 0 1 0 0 0 1 1 R 0
741 15706 21508 1128 20699 1116 6237 1 0 4 0 0 0 0 0 0 0 1 R 0
742 15729 21874 605 21882 581 6545 1 0 0 0 0 0 0 0 0 3 1 R 0
743 15747 17566 744 17603 705 3012 1 0 0 0 0 0 0 0 0 1 1 R 0
744 15770 22974 601 21701 572 4719 1 0 4 0 0 0 0 0 0 2 1 R 0
745 15792 20849 600 19727 568 4391 1 0 1 0 0 0 0 0 0 1 1 R 0
746 15811 18754 987 18815 936 4339 1 0 0 0 0 0 0 0 0 1 1 R 0
747 15833 20536 721 19004 682 3497 1 0 4 0 0 0 0 0 0 2 1 R 0
748 15851 17589 712 17614 677 3596 1 0 0 0 0 0 0 0 0 2 1 R 0
749 15872 19921 591 19937 565 4872 1 0 0 0 0 0 0 0 0 1 1 R 0
750 15892 19750 609 19775 579 4378 1 0 0 0 0 0 0 0 0 0 1 R 0
751 15914 21029 613 20147 586 6348 1 0 4 0 0 0 0 0 0 2 1 R 0
752 15932 17810 836 17876 774 3237 1 0 0 0 0 0 0 0 0 2 1 R 0
753 15952 18509 723 18561 668 4242 1 0 0 0 0 0 0 0 0 2 1 R 0
754 15974 22251 604 20977 577 4813 1 0 4 0 0 0 0 0 0 1 1 R 0
755 15997 22222 578 20787 553 4142 1 0 1 0 0 0 0 0 0 1 1 R 0
756 16017 19046 717 19092 670 3718 1 0 0 0 0 0 0 0 0 2 1 R 0
757 16042 23948 634 22930 599 5960 1 0 4 0 0 0 0 0 0 1 1 R 0
758 16060 17251 700 17295 664 3756 1 0 0 0 0 0 0 0 0 2 1 R 0
759 16081 20919 587 20944 557 4857 1 0 0 0 0 0 0 0 0 1 1 R 0
760 16101 19147 600 19173 572 4268 1 0 0 0 0 0 0 0 0 1 1 R 0
761 16122 20754 592 19754 567 5556 1 0 4 0 0 0 0 0 0 1 1 R 0
762 16140 17462 678 17496 649 3739 1 0 0 0 0 0 0 0 0 2 1 R 0
763 16160 18563 689 18594 656 4508 1 0 0 0 0 0 0 0 0 2 1 R 0
764 16183 23022 612 21891 579 5070 1 0 4 0 0 0 0 0 0 1 1 R 0
765 16204 20134 597 18744 563 3825 1 0 1 0 0 0 0 0 0 1 1 R 0
766 16224 19659 795 19144 727 3308 1 0 1 0 0 0 0 0 0 2 1 R 0
767 16242 17422 685 17466 651 3220 1 0 0 0 0 0 0 0 0 2 1 R 0
768 16265 21926 1313 21142 1253 6280 1 0 4 0 0 0 0 0 0 1 1 R 0
769 16284 17732 837 17783 780 3141 1 0 0 0 0 0 0 0 0 2 1 R 0
770 16304 19015 578 19039 548 3820 1 0 0 0 0 0 0 0 0 1 1 R 0
771 16325 20918 1361 19384 1325 3772 1 0 4 0 0 0 0 0 0 2 1 R 0
772 16349 22112 567 22125 538 6037 1 0 0 0 0 0 0 0 0 1 1 R 0
773 16368 18242 847 18312 794 3178 1 0 0 0 0 0 0 0 0 2 1 R 0
774 16392 23031 588 21451 543 3751 1 0 4 0 0 0 0 0 0 1 1 R 0
775 16411 19085 711 19111 696 4437 1 0 0 0 0 0 0 0 0 1 1 R 0
776 16430 18265 753 18314 693 3515 1 0 0 0 0 0 0 0 0 1 1 R 0
777 16449 18352 716 18409 675 3653 1 0 0 0 0 0 0 0 0 2 1 R 0
778 16472 21921 816 21046 769 3080 1 0 4 0 0 0 0 0 0 2 1 R 0
779 16492 18716 587 18718 562 3624 1 0 0 0 0 0 0 0 0 1 1 R 0
780 16512 19578 587 19601 561 4394 1 0 0 0 0 0 0 0 0 1 1 R 0
781 16533 20790 753 19397 717 3981 1 0 4 0 0 0 0 0 0 2 1 R 0
782 16552 17823 713 17862 675 3517 1 0 0 0 0 0 0 0 0 1 1 R 0
783 16571 18262 718 18303 669 4154 1 0 0 0 0 0 0 0 0 2 1 R 0
784 16593 21576 633 20488 618 5177 1 0 1 0 0 0 0 0 0 1 1 R 0
785 16616 22013 1093 21151 1028 6581 1 0 4 0 0 0 0 0 0 1 1 R 0
786 16634 17531 742 17583 686 3061 1 0 0 0 0 0 0 0 0 2 1 R 0
787 16658 23006 644 23061 576 8663 1 0 0 0 0 0 0 0 0 1 1 R 0
788 16681 22020 596 20926 562 3249 1 0 4 0 0 0 0 0 0 2 1 R 0
789 16700 18984 599 19017 567 4283 1 0 0 0 0 0 0 0 0 1 1 R 0
790 16721 19720 584 19749 555 4276 1 0 0 0 0 0 0 0 0 1 1 R 0
791 16742 21187 585 20163 570 3663 1 0 4 0 0 0 0 0 0 2 1 R 0
792 16761 17681 848 17732 795 3681 1 0 0 0 0 0 0 0 0 1 1 R 0
793 16781 19406 705 19446 650 4354 1 0 0 0 0 0 0 0 0 2 1 R 0
794 16803 21105 708 20070 663 4355 1 0 1 0 0 0 0 0 0 1 1 R 0
795 16824 20667 609 19571 582 6226 1 0 4 0 0 0 0 0 0 1 1 R 0
796 16843 17906 686 17964 633 3364 1 0 0 0 0 0 0 0 0 1 1 R 0
797 16860 17252 780 17302 729 3538 1 0 0 0 0 0 0 0 0 2 1 R 0
798 16886 24578 950 23103 936 6122 1 0 4 0 0 0 0 0 0 2 1 R 0
799 16905 18394 627 18426 590 3822 1 0 0 0 0 0 0 0 0 1 1 R 0
800 16925 19211 635 19229 606 3997 1 0 0 0 0 0 0 0 0 2 1 R 0
801 16944 18399 1221 18454 1185 3488 1 0 0 0 0 0 0 0 0 0 1 R 0
802 16970 24764 573 23331 546 6679 1 0 4 0 0 0 0 0 0 2 1 R 0
803 16990 19041 1874 19096 954 3055 1 0 0 0 1 0 0 0 0 1 1 R 0
804 17011 19397 761 19413 752 4486 1 0 0 0 0 0 0 0 0 1 1 R 0
805 17033 21816 645 20811 612 5630 1 0 4 0 0 0 0 0 0 3 1 R 0
806 17053 18496 728 18564 660 3462 1 0 0 0 0 0 0 0 0 0 1 R 0
807 17072 18800 717 18845 668 3292 1 0 0 0 0 0 0 0 0 2 1 R 0
808 17096 22952 1014 21274 993 4249 1 0 4 0 0 0 0 0 0 2 1 R 0
809 17115 18385 1907 18416 1879 3793 1 0 0 0 0 1 0 0 0 1 1 R 0
810 17136 18463 1055 18539 975 3432 1 0 0 0 0 0 0 0 0 1 1 R 0
811 17155 17942 760 18020 679 3299 1 0 0 0 0 0 0 0 0 2 1 R 0
812 17178 22993 583 22096 561 3453 1 0 4 0 0 0 0 0 0 2 1 R 0
813 17200 20632 638 19378 598 3840 1 0 1 0 0 0 0 0 0 1 1 R 0
814 17220 19509 578 19528 554 3777 1 0 0 0 0 0 0 0 0 1 1 R 0
815 17242 21549 610 20406 582 3344 1 0 4 0 0 0 0 0 0 1 1 R 0
816 17263 20536 597 20000 566 4056 1 0 1 0 0 0 0 0 0 2 1 R 0
817 17284 20684 771 20722 745 6493 1 0 0 0 0 0 0 0 0 1 1 R 0
818 17307 22254 583 20655 550 3783 1 0 4 0 0 0 0 0 0 2 1 R 0
819 17328 19998 690 20022 664 4098 1 0 0 0 0 0 0 0 0 1 1 R 0
820 17348 18997 676 19084 592 3787 1 0 0 0 0 0 0 0 0 1 1 R 0
821 17365 17164 3760 17214 3049 3147 1 0 0 0 4 0 0 0 0 2 1 R 0
822 17388 19290 726 18565 683 3165 1 0 0 0 0 0 0 0 0 1 1 R 0
823 17410 20593 610 19561 585 5818 1 0 1 0 0 0 0 0 0 1 1 R 0
824 17436 25229 1093 22606 1077 4321 1 0 3 0 2 0 0 0 0 1 1 R 0
825 17458 21353 621 19934 594 3076 1 0 2 0 0 0 0 0 0 3 1 R 0
826 17477 18813 1207 18850 1181 3834 1 0 0 0 0 0 0 0 0 1 1 R 0
827 17497 18791 921 18889 819 3488 1 0 0 0 0 0 0 0 0 1 1 R 0
828 17520 21293 589 19827 563 3801 1 0 4 0 0 0 0 0 0 2 1 R 0
829 17540 19664 1372 19684 1374 3831 1 0 0 0 0 0 0 0 0 1 1 R 0
830 17562 20698 630 20398 600 4602 1 0 1 0 0 0 0 0 0 1 1 R 0
831 17585 22185 727 20387 672 4478 1 0 5 0 0 0 0 0 0 2 1 R 0
832 17608 22879 584 21926 562 7445 1 0 1 0 0 0 0 0 0 2 1 R 0
833 17629 19684 576 19703 557 4034 1 0 0 0 0 1 0 0 0 1 1 R 0
834 17651 21200 717 20477 700 3445 1 0 4 0 0 0 0 0 0 1 1 R 0
835 17670 19178 914 19286 811 4050 1 0 0 0 0 0 0 0 0 1 1 R 0
836 17689 17975 761 18035 703 3548 1 0 0 0 0 0 0 0 0 2 1 R 0
837 17709 19109 598 19111 583 3502 1 0 0 0 0 0 0 0 0 1 1 R 0
838 17732 22224 597 20849 572 4029 1 0 4 0 0 0 0 0 0 2 1 R 0
839 17752 18989 588 19012 556 3679 1 0 0 0 0 0 0 0 0 1 1 R 0
840 17771 19077 781 19137 731 4262 1 0 0 0 0 0 0 0 0 2 1 R 0
841 17793 20993 661 19550 641 3493 1 0 4 0 0 0 0 0 0 1 1 R 0
842 17815 21456 601 20343 577 3800 1 0 1 0 0 0 0 0 0 2 1 R 0
843 17834 18646 600 18670 572 3865 1 0 0 0 0 0 0 0 0 1 1 R 0
844 17855 19636 574 19661 549 3228 1 0 0 0 0 0 0 0 0 1 1 R 0
845 17877 21374 686 19935 660 3561 1 0 4 0 0 0 0 0 0 2 1 R 0
846 17894 17140 977 17181 938 3165 1 0 0 0 0 0 0 0 0 1 1 R 0
847 17919 23745 583 23762 556 7528 1 0 0 0 0 0 0 0 0 2 1 R 0
848 17941 21719 618 20507 587 3773 1 0 4 0 0 0 0 0 0 1 1 R 0
849 17961 19151 711 19174 694 4456 1 0 0 0 0 0 0 0 0 1 1 R 0
850 17980 17845 846 17895 788 3554 1 0 0 0 0 0 0 0 0 2 1 R 0
851 18004 23095 581 20200 554 3213 1 0 5 0 0 0 0 0 0 2 1 R 0
852 18023 19208 592 19238 560 3837 1 0 0 0 0 0 0 0 0 1 1 R 0
853 18043 19223 602 19252 577 4502 1 0 0 0 0 0 0 0 0 1 1 R 0
854 18063 19167 810 19204 779 4395 1 0 0 0 0 0 0 0 0 1 1 R 0
855 18084 19706 696 18766 666 5175 1 0 4 0 0 0 0 0 0 2 1 R 0
856 18102 18010 681 18031 653 3153 1 0 0 0 0 0 0 0 0 2 1 R 0
857 18124 20939 575 20957 547 5489 1 0 0 0 0 0 0 0 0 1 1 R 0
858 18147 22364 640 21084 613 3968 1 0 4 0 0 0 0 0 0 1 1 R 0
859 18167 19898 644 19921 621 3847 1 0 0 0 0 0 0 0 0 2 1 R 0
860 18185 17132 1245 17212 1185 3096 1 0 0 0 0 0 0 0 0 1 1 R 0
861 18207 20603 1457 19551 875 3632 1 0 2 0 2 0 0 0 0 2 1 R 0
862 18233 24979 611 23268 589 7722 1 0 2 0 0 0 0 0 0 1 1 R 0
863 18253 19314 630 19334 603 4313 1 0 0 0 0 0 0 0 0 1 1 R 0
864 18272 17672 758 17767 669 3642 1 0 0 0 0 0 0 0 0 2 1 R 0
865 18293 20696 599 19606 575 5550 1 0 4 0 0 0 0 0 0 1 1 R 0
866 18312 18141 712 18207 662 3494 1 0 0 0 0 0 0 0 0 2 1 R 0
867 18332 19107 827 19131 799 4407 1 0 0 0 0 0 0 0 0 2 1 R 0
868 18355 22084 619 21011 594 4271 1 0 4 0 0 0 0 0 0 1 1 R 0
869 18373 17808 795 17859 753 3260 1 0 0 0 0 0 0 0 0 2 1 R 0
870 18392 18478 679 18493 669 3265 1 0 0 0 0 0 0 0 0 0 1 R 0
871 18414 21342 653 20322 625 5617 1 0 1 0 0 0 0 0 0 2 1 R 0
872 18437 21803 568 20441 547 4703 1 0 4 0 0 0 0 0 0 2 1 R 0
873 18457 19423 570 19446 544 3926 1 0 0 0 0 0 0 0 0 1 1 R 0
874 18475 18092 1359 18137 1360 3602 1 0 0 0 0 0 0 0 0 1 1 R 0
875 18498 21480 608 20435 584 3042 1 0 4 0 0 0 0 0 0 2 1 R 0
876 18517 18515 666 18540 648 3131 1 0 0 0 0 0 0 0 0 1 1 R 0
877 18541 23080 659 23100 641 8521 1 0 0 0 0 0 0 0 0 1 1 R 0
878 18564 21976 610 20858 575 4367 1 0 4 0 0 0 0 0 0 2 1 R 0
879 18583 18252 744 18318 686 3142 1 0 0 0 0 0 0 0 0 1 1 R 0
880 18604 20137 660 19033 622 3809 1 0 1 0 0 0 0 0 0 2 1 R 0
881 18623 18766 677 18804 640 3099 1 0 0 0 0 0 0 0 0 2 1 R 0
882 18645 21800 1059 20584 1061 4647 1 0 4 0 0 0 0 0 0 1 1 R 0
883 18666 19082 995 19085 976 3817 1 0 0 0 0 0 0 0 0 1 1 R 0
884 18684 17766 802 17801 769 3242 1 0 0 0 0 0 0 0 0 1 1 R 0
885 18708 22399 679 21526 645 3159 1 0 4 0 0 0 0 0 0 2 1 R 0
886 18727 18971 681 18981 658 3431 1 0 0 0 0 0 0 0 0 2 1 R 0
887 18747 19385 574 19396 549 3516 1 0 0 0 0 0 0 0 0 1 1 R 0
888 18769 21380 567 20539 539 3795 1 0 4 0 0 0 0 0 0 1 1 R 0
889 18790 19939 661 19993 605 3614 1 0 0 0 0 0 0 0 0 1 1 R 0
890 18813 22278 577 20447 558 3241 1 0 2 0 0 0 0 0 0 2 1 R 0
891 18832 18946 789 19000 760 3517 1 0 0 0 0 0 0 0 0 2 1 R 0
892 18856 22882 985 22380 558 12099 1 0 4 0 0 0 0 0 0 1 1 R 0
893 18877 19702 602 19731 568 3825 1 0 0 0 0 0 0 0 0 1 1 R 0
894 18895 18134 1312 18177 1278 3272 1 0 0 0 0 0 0 0 0 1 1 R 0
895 18919 22000 575 20973 542 3214 1 0 4 0 0 0 0 0 0 2 1 R 0
896 18938 19221 576 19251 546 3581 1 0 0 0 0 0 0 0 0 1 1 R 0
897 18959 19774 580 19799 557 3884 1 0 0 0 0 0 0 0 0 2 1 R 0
898 18981 21944 551 20859 530 3895 1 0 4 0 0 0 0 0 0 1 1 R 0
899 19002 20189 587 20216 559 4140 1 0 0 0 0 0 0 0 0 2 1 R 0
900 19022 19508 809 18425 777 3715 1 0 1 0 0 0 0 0 0 1 1 R 0
901 19043 19727 576 19743 549 4426 1 0 0 0 0 0 0 0 0 2 1 R 0
902 19064 20859 606 19732 583 6377 1 0 4 0 0 0 0 0 0 1 1 R 0
903 19085 19940 585 19962 555 3534 1 0 0 0 0 0 0 0 0 1 1 R 0
904 19103 18245 820 18312 748 3426 1 0 0 0 0 0 0 0 0 2 1 R 0
905 19127 22442 654 20738 622 3364 1 0 4 0 0 0 0 0 0 1 1 R 0
906 19147 19284 568 19293 550 3761 1 0 0 0 0 0 0 0 0 1 1 R 0
907 19170 22880 574 22904 551 8382 1 0 0 0 0 0 0 0 0 1 1 R 0
908 19193 22335 585 21255 562 4248 1 0 4 0 0 0 0 0 0 2 1 R 0
909 19213 19856 857 18908 820 3712 1 0 1 0 0 0 0 0 0 1 1 R 0
910 19232 18125 711 18169 679 3357 1 0 0 0 0 0 0 0 0 2 1 R 0
911 19254 20742 589 20756 558 5051 1 0 0 0 0 0 0 0 0 1 1 R 0
912 19276 21233 1602 19930 1596 4247 1 0 4 0 0 1 0 0 0 1 1 R 0
913 19297 19191 908 19227 857 3195 1 0 0 0 0 0 0 0 0 2 1 R 0
914 19315 17832 1267 17873 1233 3227 1 0 0 0 0 0 0 0 0 2 1 R 0
915 19340 23479 574 22154 547 3394 1 0 5 0 0 0 0 0 0 2 1 R 0
916 19360 19178 582 19204 553 4399 1 0 0 0 0 0 0 0 0 1 1 R 0
917 19380 19597 589 19625 566 4429 1 0 0 0 0 0 0 0 0 1 1 R 0
918 19402 21332 568 20115 539 3172 1 0 4 0 0 0 0 0 0 1 1 R 0
919 19422 19244 868 17734 826 5103 1 0 1 0 0 0 0 0 0 2 1 R 0
920 19441 18220 690 18257 654 3806 1 0 0 0 0 0 0 0 0 1 1 R 0
921 19461 19767 726 19791 705 4578 1 0 0 0 0 0 0 0 0 1 1 R 0
922 19487 25322 854 24175 835 12863 1 0 4 0 0 0 0 0 0 1 1 R 0
923 19507 18505 713 18545 686 3163 1 0 0 0 0 0 0 0 0 3 1 R 0
924 19525 17672 660 17680 635 3307 1 0 0 0 0 0 0 0 0 1 1 R 0
925 19548 22661 599 21481 572 3223 1 0 4 0 0 0 0 0 0 1 1 R 0
926 19569 19922 577 19947 549 3792 1 0 0 0 0 1 0 0 0 2 1 R 0
927 19590 20153 1143 20178 1147 3801 1 0 0 0 0 0 0 0 0 1 1 R 0
928 19614 23478 580 20386 556 4391 1 0 5 0 0 0 0 0 0 1 1 R 0
929 19634 18829 725 18186 672 3362 1 0 1 0 0 0 0 0 0 2 1 R 0
930 19655 20227 585 20249 562 3362 1 0 0 0 0 0 0 0 0 2 1 R 0
931 19674 19019 603 19042 575 3861 1 0 0 0 0 0 0 0 0 1 1 R 0
932 19696 21063 1043 20303 702 5622 1 0 4 0 0 0 0 0 0 1 1 R 0
933 19715 17804 727 17847 682 3398 1 0 0 0 0 0 0 0 0 1 1 R 0
934 19734 18466 692 18495 666 3134 1 0 0 0 0 0 0 0 0 2 1 R 0
935 19757 22236 585 20734 559 3147 1 0 4 0 0 0 0 0 0 2 1 R 0
936 19777 19988 576 20012 553 4056 1 0 0 0 0 0 0 0 0 1 1 R 0
937 19800 22125 718 22158 690 7432 1 0 0 0 0 0 0 0 0 1 1 R 0
938 19824 23278 586 21197 564 4086 1 0 5 0 0 0 0 0 0 2 1 R 0
939 19842 17245 696 17287 645 3253 1 0 0 0 0 0 0 0 0 1 1 R 0
940 19864 21318 596 21345 569 5452 1 0 0 0 0 0 0 0 0 2 1 R 0
941 19883 18780 595 18805 567 3815 1 0 0 0 0 0 0 0 0 1 1 R 0
942 19906 21604 1066 20605 1051 6084 1 0 4 0 0 0 0 0 0 1 1 R 0
943 19924 17464 783 17496 739 3586 1 0 0 0 0 0 0 0 0 2 1 R 0
944 19943 18140 711 18184 676 3299 1 0 0 0 0 0 0 0 0 1 1 R 0
945 19967 23474 588 21877 566 4043 1 0 4 0 0 0 0 0 0 2 1 R 0
946 19987 19169 557 19191 536 3833 1 0 0 0 0 0 0 0 0 1 1 R 0
947 20007 19721 637 19744 602 3772 1 0 0 0 0 0 0 0 0 1 1 R 0
948 20031 23144 723 21131 706 3399 1 0 5 0 0 0 0 0 0 2 1 R 0
949 20050 17838 720 17901 657 3584 1 0 0 0 0 0 0 0 0 1 1 R 0
950 20070 20009 588 20022 567 4345 1 0 0 0 0 0 0 0 0 2 1 R 0
951 20090 19380 809 19443 737 4338 1 0 0 0 0 0 0 0 0 1 1 R 0
952 20115 23791 626 22622 579 9267 1 0 4 0 0 0 0 0 0 1 1 R 0
953 20133 17553 716 17592 670 3251 1 0 0 0 0 0 0 0 0 2 1 R 0
954 20152 18716 700 18778 654 3252 1 0 0 0 0 0 0 0 0 1 1 R 0
955 20175 21845 607 20411 575 4231 1 0 4 0 0 0 0 0 0 2 1 R 0
956 20195 19389 660 19433 616 4003 1 0 0 0 0 0 0 0 0 1 1 R 0
957 20216 20198 1570 19516 685 3819 1 0 2 0 0 0 0 0 0 1 1 R 0
958 20235 17719 3653 17776 2573 3070 1 0 0 0 3 0 0 0 0 2 1 R 0
959 20257 18692 684 18382 664 3099 1 0 1 0 0 0 0 0 0 2 1 R 0
960 20277 19168 784 19188 757 3334 1 0 0 0 0 0 0 0 0 1 1 R 0
961 20298 20053 597 20072 573 3854 1 0 0 0 0 0 0 0 0 1 1 R 0
962 20321 21731 577 20783 548 3786 1 0 4 0 0 0 0 0 0 1 1 R 0
963 20339 17797 666 17840 631 3663 1 0 0 0 0 0 0 0 0 2 1 R 0
964 20358 18725 676 18757 653 3419 1 0 0 0 0 0 0 0 0 1 1 R 0
965 20381 21707 648 20829 624 4116 1 0 4 0 0 0 0 0 0 2 1 R 0
966 20401 19576 599 19600 566 4440 1 0 0 0 0 0 0 0 0 1 1 R 0
967 20427 25579 636 24055 607 8720 1 0 1 0 0 0 0 0 0 1 1 R 0
968 20444 16781 921 16838 894 3047 1 0 0 0 0 0 0 0 0 2 1 R 0
969 20469 23274 720 21797 686 3358 1 0 4 0 0 0 0 0 0 1 1 R 0
970 20489 19130 577 19156 548 3578 1 0 0 0 0 0 0 0 0 2 1 R 0
971 20509 19729 608 19755 577 3939 1 0 0 0 0 0 0 0 0 1 1 R 0
972 20531 21184 586 20170 555 3481 1 0 4 0 0 0 0 0 0 1 1 R 0
973 20549 17835 653 17872 620 3541 1 0 0 0 0 0 0 0 0 2 1 R 0
974 20569 19172 685 19208 651 3196 1 0 0 0 0 0 0 0 0 2 1 R 0
975 20591 21516 697 20749 679 3410 1 0 4 0 0 0 0 0 0 1 1 R 0
976 20612 20041 593 20056 567 4536 1 0 0 0 0 0 0 0 0 2 1 R 0
977 20634 21894 608 19594 579 3307 1 0 2 0 0 0 0 0 0 1 1 R 0
978 20656 20609 2814 19941 1853 4065 1 0 1 0 4 0 0 0 0 1 1 R 0
979 20678 19629 682 19498 661 3899 1 0 0 0 0 0 0 0 0 1 1 R 0
980 20698 19014 575 19036 547 3811 1 0 0 0 0 0 0 0 0 1 1 R 0
981 20718 19715 571 19743 547 3881 1 0 0 0 0 0 0 0 0 2 1 R 0
982 20742 23866 605 22720 578 7808 1 0 4 0 0 0 0 0 0 1 1 R 0
983 20761 17690 1153 17738 1125 3687 1 0 0 0 0 0 0 0 0 2 1 R 0
984 20782 20353 579 20352 555 4662 1 0 0 0 0 0 0 0 0 1 1 R 0
985 20804 20881 670 19527 642 4304 1 0 4 0 0 0 0 0 0 2 1 R 0
986 20825 20326 588 18977 563 3397 1 0 1 0 0 0 0 0 0 1 1 R 0
987 20844 19038 1202 19135 1148 3885 1 0 0 0 0 0 0 0 0 2 1 R 0
988 20863 17601 678 17594 644 3110 1 0 0 0 0 0 0 0 0 1 1 R 0
989 20886 21781 1008 20897 996 5677 1 0 4 0 0 0 0 0 0 2 1 R 0
990 20905 18588 594 18602 564 3838 1 0 0 0 0 0 0 0 0 1 1 R 0
991 20924 18427 619 18482 561 3420 1 0 0 0 0 0 0 0 0 0 1 R 0
992 20947 22315 664 21218 618 3625 1 0 4 0 0 0 0 0 0 2 1 R 0
993 20965 16953 704 16991 673 3074 1 0 0 0 0 0 0 0 0 2 1 R 0
994 20986 20426 1010 20876 554 3437 1 0 0 0 0 0 0 0 0 1 1 R 0
995 21005 18236 591 18258 567 3900 1 0 0 0 0 0 0 0 0 2 1 R 0
996 21030 23841 580 20831 543 3810 1 0 5 0 0 0 0 0 0 1 1 R 0
997 21052 21679 585 21716 557 7088 1 0 0 0 0 0 0 0 0 1 1 R 0
998 21071 18201 704 18247 681 3721 1 0 0 0 0 0 0 0 0 2 1 R 0
999 21093 21919 609 20752 582 6999 1 0 4 0 0 0 0 0 0 1 1 R 0
1000 21114 19946 911 19969 894 4232 1 0 0 0 0 0 0 0 0 1 1 R 0
1001 21133 18736 788 18811 706 3718 1 0 0 0 0 0 0 0 0 2 1 R 0
1002 21156 21573 1069 20253 1055 3468 1 0 4 0 0 0 0 0 0 2 1 R 0
1003 21174 17025 777 17142 653 3216 1 0 0 0 0 0 0 0 0 1 1 R 0
1004 21196 21637 583 21174 567 5060 1 0 1 0 0 0 0 0 0 1 1 R 0
1005 21215 18571 1533 18603 1800 3813 1 0 0 0 1 0 0 0 0 1 1 R 0
1006 21239 22510 655 19354 623 4236 1 0 4 0 0 0 0 0 0 2 1 R 0
1007 21259 19177 665 18466 632 3360 1 0 1 0 0 0 0 0 0 2 1 R 0
1008 21279 19168 705 19213 662 3210 1 0 0 0 0 0 0 0 0 1 1 R 0
1009 21303 22727 585 21645 557 3848 1 0 4 0 0 0 0 0 0 1 1 R 0
1010 21323 19523 603 19550 573 4268 1 0 0 0 0 0 0 0 0 1 1 R 0
1011 21342 18441 736 18521 663 4231 1 0 0 0 0 0 0 0 0 2 1 R 0
1012 21366 24032 618 22701 587 6713 1 0 4 0 0 0 0 0 0 2 1 R 0
1013 21384 16778 688 16824 636 3062 1 0 0 0 0 0 0 0 0 1 1 R 0
1014 21404 18994 1509 19053 1493 3488 1 0 0 0 0 1 0 0 0 2 1 R 0
1015 21428 22416 2103 20641 1160 4046 1 0 2 0 3 0 0 0 0 1 1 R 0
1016 21449 19165 798 19199 730 3135 1 0 0 0 0 0 0 0 0 1 1 R 0
1017 21468 18132 890 18205 817 3064 1 0 0 0 0 0 0 0 0 3 1 R 0
1018 21487 18354 679 18413 633 3060 1 0 0 0 0 0 0 0 0 1 1 R 0
1019 21510 22414 597 21104 569 3016 1 0 4 0 0 1 0 0 0 2 1 R 0
1020 21530 19518 829 19541 812 4241 1 0 0 0 0 0 0 0 0 1 1 R 0
1021 21552 21340 622 21055 594 5331 1 0 1 0 0 0 0 0 0 1 1 R 0
1022 21575 22110 595 20742 571 4384 1 0 5 0 0 0 0 0 0 2 1 R 0
1023 21595 19501 664 19522 636 4034 1 0 0 0 0 0 0 0 0 0 1 R 0
1024 21615 18863 591 18889 563 3402 1 0 0 0 0 0 0 0 0 2 1 R 0
1025 21638 23018 575 21319 547 3842 1 0 5 0 0 0 0 0 0 1 1 R 0
1026 21658 19329 958 19381 931 3162 1 0 0 0 0 0 0 0 0 2 1 R 0
1027 21682 22367 656 22385 617 6581 1 0 0 0 0 0 0 0 0 2 1 R 0
1028 21701 19127 578 19149 553 3636 1 0 0 0 0 0 0 0 0 1 1 R 0
1029 21723 20918 602 19876 578 6350 1 0 4 0 0 0 0 0 0 1 1 R 0
1030 21743 19698 704 19739 653 4326 1 0 0 0 0 0 0 0 0 2 1 R 0
1031 21763 19052 751 19125 684 3782 1 0 0 0 0 0 0 0 0 1 1 R 0
1032 21786 22687 668 21359 627 4336 1 0 4 0 0 0 0 0 0 1 1 R 0
1033 21804 16752 791 16788 768 3057 1 0 0 0 0 0 0 0 0 2 1 R 0
1034 21827 22613 560 21781 539 4342 1 0 1 0 0 0 0 0 0 1 1 R 0
1035 21848 20274 1174 19877 853 3373 1 0 1 0 3 0 0 0 0 2 1 R 0
1036 21870 20802 664 20523 623 3588 1 0 0 0 0 0 0 0 0 1 1 R 0
1037 21888 17708 716 17760 671 3118 1 0 0 0 0 0 0 0 0 2 1 R 0
1038 21910 20472 585 20492 560 4030 1 0 0 0 0 0 0 0 0 1 1 R 0
1039 21932 21682 613 20464 580 4499 1 0 4 0 0 0 0 0 0 1 1 R 0
1040 21952 19391 592 19415 566 3835 1 0 0 0 0 0 0 0 0 1 1 R 0
1041 21971 18409 715 18453 676 3961 1 0 0 0 0 0 0 0 0 2 1 R 0
1042 21996 24094 964 22555 948 6577 1 0 4 0 0 0 0 0 0 2 1 R 0
1043 22016 19017 1005 19028 987 3808 1 0 0 0 0 0 0 0 0 1 1 R 0
1044 22037 20612 651 18636 637 3774 1 0 1 0 0 0 0 0 0 1 1 R 0
1045 22057 19427 1682 19454 1217 3846 1 0 1 0 3 0 0 0 0 2 1 R 0
1046 22080 20683 793 20241 765 3606 1 0 0 0 0 0 0 0 0 2 1 R 0
1047 22099 18133 808 18179 784 3026 1 0 0 0 0 0 0 0 0 2 1 R 0
1048 22119 19771 578 19766 556 3927 1 0 0 0 0 0 0 0 0 1 1 R 0
1049 22145 25441 2050 21874 618 3876 1 0 6 0 0 0 0 0 0 1 1 S 0
1050 22184 37199 1014 29499 986 7379 1 0 4 0 0 0 0 1 1 2 0 R 0
1051 22215 29097 609 29128 576 8644 1 0 0 0 0 0 0 1 1 0 0 R 0
1052 22237 22144 574 21085 551 3826 1 0 1 0 0 0 0 1 1 2 0 R 0
1053 22262 24138 646 24159 626 5366 1 0 0 0 0 0 0 1 1 1 0 R 0
1054 22291 28580 1004 28598 983 6437 1 0 0 0 0 0 0 1 1 1 0 R 0
1055 22318 25744 589 25763 584 7292 1 0 0 0 0 0 0 1 1 1 0 R 0
1056 22338 19020 644 19029 616 3993 1 0 0 0 0 0 0 1 1 1 0 R 0
1057 22366 27442 1418 27466 1502 10609 1 0 0 0 0 0 0 1 1 1 0 R 0
1058 22389 21813 588 21728 561 6917 1 0 0 0 0 0 0 1 1 1 0 R 0
1059 22409 19628 633 19648 606 3818 1 0 0 0 0 0 0 1 1 1 0 R 0
1060 22431 21470 605 21500 580 6030 1 0 0 0 0 0 0 1 1 1 0 R 0
1061 22452 20405 610 20430 578 4231 1 0 0 0 0 0 0 1 1 1 0 R 0
1062 22481 27776 1008 27805 985 6743 1 0 0 0 0 0 0 1 1 1 0 R 0
1063 22510 28692 994 28799 986 7328 1 0 0 0 0 0 0 1 1 1 0 R 0
1064 22533 21957 594 21878 569 6007 1 0 0 0 0 0 0 1 1 3 0 R 0
1065 22555 21064 624 21094 590 4237 1 0 0 0 0 0 0 1 1 0 0 R 0
1066 22583 27162 1056 27189 1132 5670 1 0 0 0 0 0 0 1 1 2 0 R 0
1067 22613 28935 1012 28855 996 6403 1 0 0 0 0 0 0 1 1 1 0 R 0
1068 22637 23389 588 23399 571 5225 1 0 0 0 0 0 0 1 1 1 0 R 0
1069 22659 21621 857 21640 832 3816 1 0 0 0 0 0 0 1 1 1 0 R 0
1070 22685 24746 711 24784 673 6990 1 0 0 0 0 0 0 1 1 0 0 R 0
1071 22704 18424 840 18479 789 3613 1 0 0 0 0 0 0 1 1 1 0 R 0
1072 22730 25279 895 25294 881 7563 1 0 0 0 0 0 0 1 1 2 0 R 0
1073 22750 18912 581 18926 557 4230 1 0 0 0 0 0 0 1 1 1 0 R 0
1074 22774 23391 616 23410 594 6230 1 0 0 0 0 0 0 1 1 1 0 R 0
1075 22803 27943 1330 28060 1228 5869 1 0 0 0 0 0 0 1 1 1 0 R 0
1076 22831 27200 783 27259 712 6496 1 0 0 0 0 0 0 1 1 1 0 R 0
1077 22853 21014 782 21060 740 4242 1 0 0 0 0 0 0 1 1 2 0 R 0
1078 22878 24102 601 24111 576 4728 1 0 0 0 0 0 0 1 1 1 0 R 0
1079 22907 28976 1202 28998 1184 7142 1 0 0 0 0 0 0 1 1 2 0 R 0
1080 22930 21714 620 21733 596 6461 1 0 0 0 0 0 0 1 1 1 0 R 0
1081 22950 19038 586 19060 566 4175 1 0 0 0 0 0 0 1 1 1 0 R 0
1082 22974 23744 1017 23769 988 4164 1 0 0 0 0 0 0 1 1 1 0 R 0
1083 23004 28725 1067 28752 1142 4699 1 0 0 0 0 0 0 1 1 1 0 R 0
1084 23032 27370 821 27287 808 6267 1 0 0 0 0 0 0 1 1 1 0 R 0
1085 23054 20692 600 20703 575 4835 1 0 0 0 0 0 0 1 1 1 0 R 0
1086 23079 24556 897 24575 873 4924 1 0 0 0 0 0 0 1 1 2 0 R 0
1087 23113 32877 1003 32905 980 12831 1 0 0 0 0 0 0 1 1 1 0 R 0
1088 23139 25271 846 25288 824 6925 1 0 0 0 0 0 0 1 1 1 0 R 0
1089 23159 19459 589 19482 570 3781 1 0 0 0 0 0 0 1 1 1 0 R 0
1090 23187 26670 1192 26136 1180 5929 1 0 1 0 0 0 0 1 1 1 0 R 0
1091 23208 20384 632 20400 613 6312 1 0 0 0 0 0 0 1 1 1 0 R 0
1092 23228 18675 778 18705 741 3814 1 0 0 0 0 0 0 1 1 2 0 R 0
1093 23250 22116 591 22139 570 5934 1 0 0 0 0 0 0 1 1 1 0 R 0
1094 23272 20807 605 20834 575 4228 1 0 0 0 0 0 0 1 1 1 0 R 0
1095 23299 26626 1002 26740 987 5075 1 0 0 0 0 0 0 1 1 1 0 R 0
1096 23328 28228 625 28156 596 7124 1 0 0 0 0 0 0 1 1 1 0 R 0
1097 23348 19442 651 19460 626 4014 1 0 0 0 0 0 0 1 1 1 0 R 0
1098 23371 21556 704 21585 679 3781 1 0 0 0 0 0 0 1 1 2 0 R 0
1099 23397 25596 963 25612 955 4741 1 0 0 0 0 0 0 1 1 1 0 R 0
1100 23426 27779 1597 27879 1497 7323 1 0 0 0 0 0 0 1 1 1 0 R 0
1101 23451 23785 660 23799 627 6925 1 0 0 0 0 0 0 1 1 1 0 R 0
1102 23475 23645 946 23677 921 7600 1 0 0 0 0 0 0 1 1 1 0 R 0
1103 23502 25238 1151 25346 1041 5587 1 0 0 0 0 0 0 1 1 1 0 R 0
1104 23532 29324 586 29341 562 7679 1 0 0 0 0 0 0 1 1 1 0 R 0
1105 23552 19348 646 19375 621 4743 1 0 0 0 0 0 0 1 1 1 0 R 0
1106 23573 20131 840 20155 811 4096 1 0 0 0 0 0 0 1 1 1 0 R 0
1107 23598 24739 1255 24774 1227 4576 1 0 0 0 0 0 0 1 1 2 0 R 0
1108 23630 30385 1011 30403 992 7917 1 0 0 0 0 0 0 1 1 1 0 R 0
1109 23652 20787 582 20799 561 4510 1 0 0 0 0 0 0 1 1 1 0 R 0
1110 23672 19695 610 19720 583 4551 1 0 0 0 0 0 0 1 1 1 0 R 0
1111 23697 24173 610 24189 589 5085 1 0 0 0 0 0 0 1 1 1 0 R 0
1112 23726 28247 1192 28278 1181 7308 1 0 0 0 0 1 0 1 1 1 0 R 0
1113 23749 22397 690 22424 662 5611 1 0 0 0 0 0 0 1 1 2 0 R 0
1114 23769 18657 629 18662 610 3829 1 0 0 0 0 0 0 1 1 1 0 R 0
1115 23791 22245 1000 22357 883 3690 1 0 0 0 0 0 0 1 1 1 0 R 0
1116 23821 28666 1115 28792 983 4710 1 0 0 0 0 0 0 1 1 2 0 R 0
1117 23848 26072 1597 26093 1588 14256 1 0 0 0 0 1 0 1 1 1 0 R 0
1118 23870 19613 580 19623 553 3778 1 0 0 0 0 0 0 1 1 1 0 R 0
1119 23892 22388 1285 22507 1185 3762 1 0 0 0 0 0 0 1 1 1 0 R 0
1120 23922 28165 1012 28276 990 4862 1 0 0 0 0 0 0 1 1 0 0 R 0
1121 23952 29324 857 29312 763 7619 1 0 0 0 0 0 0 1 1 1 0 R 0
1122 23973 19471 592 19490 565 4155 1 0 0 0 0 0 0 1 1 1 0 R 0
1123 23997 24228 988 24252 963 4188 1 0 0 0 0 0 0 1 1 3 0 R 0
1124 24027 28520 978 28538 968 4107 1 0 0 0 0 0 0 1 1 1 0 R 0
1125 24052 23653 635 23671 610 7855 1 0 0 0 0 0 0 1 1 1 0 R 0
1126 24072 19398 590 19419 565 4141 1 0 0 0 0 0 0 1 1 1 0 R 0
1127 24093 20780 788 20808 764 4607 1 0 0 0 0 0 0 1 1 1 0 R 0
1128 24122 28153 1092 28272 971 6409 1 0 0 0 0 0 0 1 1 1 0 R 0
1129 24149 25889 602 25907 577 7345 1 0 0 0 0 0 0 1 1 1 0 R 0
1130 24170 20781 591 20808 564 3802 1 0 0 0 0 0 0 1 1 1 0 R 0
1131 24191 20604 590 20626 564 4258 1 0 0 0 0 0 0 1 1 1 0 R 0
1132 24224 31814 1008 30985 1010 12953 1 0 1 0 0 0 0 1 1 2 0 R 0
1133 24255 29812 950 29715 923 5633 1 0 0 0 0 0 0 1 1 1 0 R 0
1134 24277 21724 587 21743 568 4594 1 0 0 0 0 0 0 1 1 1 0 R 0
1135 24298 20197 999 20231 968 3808 1 0 0 0 0 0 0 1 1 1 0 R 0
1136 24331 31799 1163 31836 1123 5593 1 0 0 0 0 0 0 1 1 3 0 R 0
1137 24361 29071 658 29092 631 7395 1 0 0 0 0 0 0 1 1 1 0 R 0
1138 24383 20943 642 20969 614 4532 1 0 0 0 0 0 0 1 1 1 0 R 0
1139 24407 23493 1083 23605 972 4185 1 0 0 0 0 0 0 1 1 1 0 R 0
1140 24433 25456 655 25485 623 4127 1 0 0 0 0 0 0 1 1 1 0 R 0
1141 24453 18903 737 18957 692 4380 1 0 0 0 0 0 0 1 1 2 0 R 0
1142 24476 21960 971 21976 948 5428 1 0 0 0 0 0 0 1 1 1 0 R 0
1143 24498 21183 591 21201 564 3927 1 0 0 0 0 0 0 1 1 1 0 R 0
1144 24524 25233 1186 25360 1062 5235 1 0 0 0 0 0 0 1 1 1 0 R 0
1145 24554 29331 1269 29447 1171 6477 1 0 0 0 0 0 0 1 1 2 0 R 0
1146 24575 19625 603 19631 577 4368 1 0 0 0 0 0 0 1 1 1 0 R 0
1147 24601 24780 612 24806 581 7271 1 0 0 0 0 0 0 1 1 1 0 R 0
1148 24625 24082 1505 24113 1480 5012 1 0 0 0 0 0 0 1 1 1 0 R 0
1149 24655 28332 1534 28367 1506 7487 1 0 0 0 0 0 0 1 1 2 0 R 0
1150 24676 19156 907 19164 910 3719 1 0 0 0 0 0 0 1 1 1 0 R 0
1151 24695 18456 611 18454 591 3864 1 0 0 0 0 0 0 1 1 0 0 R 0
1152 24720 24666 596 24680 570 5592 1 0 0 0 0 0 0 1 1 2 0 R 0
1153 24751 29580 1092 29697 978 6702 1 0 0 0 0 0 0 1 1 1 0 R 0
1154 24777 25224 584 25244 566 7006 1 0 0 0 0 0 0 1 1 0 0 R 0
1155 24797 19980 967 19996 949 3844 1 0 0 0 0 0 0 1 1 3 0 R 0
1156 24822 23777 705 23817 658 5433 1 0 0 0 0 0 0 1 1 1 0 R 0
1157 24851 28224 1109 28337 1000 7114 1 0 0 0 0 0 0 1 1 1 0 R 0
1158 24874 22226 654 22249 625 6304 1 0 0 0 0 0 0 1 1 1 0 R 0
1159 24894 19083 607 19110 574 3841 1 0 0 0 0 0 0 1 1 1 0 R 0
1160 24919 24046 1017 24074 996 3877 1 0 0 0 0 0 0 1 1 1 0 R 0
1161 24948 27897 1031 27915 1011 4545 1 0 0 0 0 0 0 1 1 1 0 R 0
1162 24974 25411 594 25434 564 13016 1 0 0 0 0 0 0 1 1 1 0 R 0
1163 24994 19280 675 19319 637 4180 1 0 0 0 0 0 0 1 1 1 0 R 0
1164 25015 20683 1657 20707 1640 3912 1 0 0 0 0 0 0 1 1 2 0 R 0
1165 25043 26334 1424 26431 1320 6854 1 0 0 0 0 0 0 1 1 0 0 R 0
1166 25071 26626 607 26651 575 6015 1 0 0 0 0 0 0 1 1 1 0 R 0
1167 25092 19593 604 19618 576 4715 1 0 0 0 0 0 0 1 1 2 0 R 0
1168 25113 20824 609 20852 588 4655 1 0 0 0 0 0 0 1 1 1 0 R 0
1169 25139 25648 1014 25665 990 5336 1 0 0 0 0 0 0 1 1 1 0 R 0
1170 25169 28670 1266 28715 1323 5877 1 0 0 0 0 0 0 1 1 1 0 R 0
1171 25193 22403 612 21664 589 8888 1 0 1 0 0 0 0 1 1 1 0 R 0
1172 25216 22243 963 22267 938 4403 1 0 0 0 0 0 0 1 1 1 0 R 0
1173 25239 22178 1009 22310 878 4532 1 0 0 0 0 0 0 1 1 1 0 R 0
1174 25269 29491 977 29599 857 6827 1 0 0 0 0 0 0 1 1 1 0 R 0
1175 25291 20685 573 20707 551 4181 1 0 0 0 0 0 0 1 1 1 0 R 0
1176 25310 18507 630 18533 604 4187 1 0 0 0 0 0 0 1 1 1 0 R 0
1177 25340 29036 998 29057 978 11066 1 0 0 0 0 0 0 1 1 1 0 R 0
1178 25369 28302 1006 28323 987 6310 1 0 0 0 0 0 0 1 1 3 0 R 0
1179 25391 20759 612 20778 586 4976 1 0 0 0 0 0 0 1 1 1 0 R 0
1180 25410 18620 577 18645 550 4134 1 0 0 0 0 0 0 1 1 1 0 R 0
1181 25435 24550 1279 24576 1276 5653 1 0 0 0 0 0 0 1 1 1 0 R 0
1182 25465 28575 1526 28578 1519 5774 1 0 0 0 0 0 0 1 1 1 0 R 0
1183 25492 25263 794 25267 768 7785 1 0 0 0 0 0 0 1 1 1 0 R 0
1184 25512 19596 599 19619 575 4592 1 0 0 0 0 0 0 1 1 1 0 R 0
1185 25538 25640 619 25661 591 5830 1 0 0 0 0 0 0 1 1 1 0 R 0
1186 25565 26019 1695 26051 1683 6696 1 0 0 0 0 0 0 1 1 1 0 R 0
1187 25589 22041 1006 22045 996 7448 1 0 0 0 0 0 0 1 1 1 0 R 0
1188 25610 19806 595 19821 575 4172 1 0 0 0 0 0 0 1 1 1 0 R 0
1189 25631 21284 974 21298 958 3846 1 0 0 0 0 0 0 1 1 1 0 R 0
1190 25662 29259 1103 29295 1065 6952 1 0 0 0 0 0 0 1 1 1 0 R 0
1191 25688 25042 600 25067 565 7147 1 0 0 0 0 0 0 1 1 1 0 R 0
1192 25711 23106 633 23128 612 8404 1 0 0 0 0 0 0 1 1 1 0 R 0
1193 25734 22070 999 22095 977 4187 1 0 0 0 0 0 0 1 1 1 0 R 0
1194 25763 27972 997 27993 967 4932 1 0 0 0 0 0 0 1 1 2 0 R 0
1195 25790 26178 590 26199 564 5378 1 0 0 0 0 0 0 1 1 1 0 R 0
1196 25810 19008 591 19036 563 4695 1 0 0 0 0 0 0 1 1 1 0 R 0
1197 25831 20725 612 20753 584 4211 1 0 0 0 0 0 0 1 1 1 0 R 0
1198 25860 27780 1035 27803 1013 5957 1 0 0 0 0 0 0 1 1 1 0 R 0
1199 25888 27640 604 27658 583 7210 1 0 0 0 0 0 0 1 1 1 0 R 0
1200 25909 19843 665 19894 609 4005 1 0 0 0 0 0 0 1 1 1 0 R 0
1201 25930 20453 1016 20483 998 3834 1 0 0 0 0 0 0 1 1 3 0 R 0
1202 25955 23902 1009 23921 984 4372 1 0 0 0 0 0 0 1 1 1 0 R 0
1203 25985 29099 1729 29120 1835 6375 1 0 0 0 0 0 0 1 1 0 0 R 0
1204 26007 20586 586 20475 559 3737 1 0 0 0 0 0 0 1 1 2 0 R 0
1205 26027 18952 567 18979 542 3828 1 0 0 0 0 1 0 1 1 1 0 R 0
1206 26051 23990 829 24032 797 5475 1 0 0 0 0 0 0 1 1 1 0 R 0
1207 26084 31728 1005 31838 993 14263 1 0 0 0 0 0 0 1 1 1 0 R 0
1208 26109 24512 592 24426 572 6445 1 0 0 0 0 0 0 1 1 1 0 R 0
1209 26130 20158 592 20181 565 4235 1 0 0 0 0 0 0 1 1 2 0 R 0
1210 26154 23503 604 23524 579 4824 1 0 0 0 0 0 0 1 1 1 0 R 0
1211 26183 28555 1186 28680 1063 6638 1 0 0 0 0 0 0 1 1 1 0 R 0
1212 26207 22718 647 22752 613 5738 1 0 0 0 0 0 0 1 1 0 0 R 0
1213 26228 20119 639 19234 614 3788 1 0 1 0 0 0 0 1 1 1 0 R 0
1214 26254 24812 1048 24837 1021 3808 1 0 0 0 0 0 0 1 1 1 0 R 0
1215 26281 26747 1007 26775 980 4826 1 0 0 0 0 0 0 1 1 2 0 R 0
1216 26310 27313 834 27414 736 7028 1 0 0 0 0 0 0 1 1 1 0 R 0
1217 26331 20073 599 20089 574 4505 1 0 0 0 0 0 0 1 1 1 0 R 0
1218 26355 23561 1710 23678 1596 5315 1 0 0 0 0 0 0 1 1 1 0 R 0
1219 26383 26520 2012 26540 2012 5347 1 0 0 0 0 1 0 1 1 1 0 R 0
1220 26409 24139 604 24138 581 6722 1 0 0 0 0 0 0 1 1 1 0 R 0
1221 26429 19598 597 19617 567 3817 1 0 0 0 0 0 0 1 1 1 0 R 0
1222 26457 27332 1204 27475 1075 8961 1 0 0 0 0 0 0 1 1 3 0 R 0
1223 26487 28508 1010 28518 995 4769 1 0 0 0 0 0 0 1 1 1 0 R 0
1224 26515 27209 1265 27353 1141 6162 1 0 0 0 0 0 0 1 1 1 0 R 0
1225 26535 19017 920 19014 901 4038 1 0 0 0 0 0 0 1 1 1 0 R 0
1226 26562 25938 604 25956 575 4883 1 0 0 0 0 0 0 1 1 1 0 R 0
1227 26592 28789 1169 29075 991 6580 1 0 0 0 0 0 0 1 1 1 0 R 0
1228 26616 22676 967 22595 944 7643 1 0 0 0 0 0 0 1 1 1 0 R 0
1229 26635 18155 584 18174 556 3758 1 0 0 0 0 0 0 1 1 1 0 R 0
1230 26659 23666 935 23692 917 3830 1 0 0 0 0 0 0 1 1 2 0 R 0
1231 26687 27483 578 27494 556 4895 1 0 0 0 0 0 0 1 1 0 0 R 0
1232 26717 28780 776 28793 764 7334 1 0 0 0 0 0 0 1 1 1 0 R 0
1233 26738 20223 583 20241 558 3776 1 0 0 0 0 0 0 1 1 1 0 R 0
1234 26762 23293 892 23340 848 3781 1 0 0 0 0 0 0 1 1 1 0 R 0
1235 26790 27801 1005 27827 981 4813 1 0 0 0 0 0 0 1 1 1 0 R 0
1236 26821 29332 862 29427 764 7377 1 0 0 0 0 0 0 1 1 2 0 R 0
1237 26843 21392 654 21415 635 8657 1 0 0 0 0 0 0 1 1 1 0 R 0
1238 26870 26255 614 26273 583 5174 1 0 0 0 0 0 0 1 1 1 0 R 0
1239 26894 23828 665 23861 636 6794 1 0 0 0 0 0 0 1 1 2 0 R 0
1240 26914 19019 593 19041 571 4173 1 0 0 0 0 0 0 1 1 1 0 R 0
1241 26936 21021 1040 21046 1028 5973 1 0 0 0 0 0 0 1 1 1 0 R 0
1242 26967 30693 726 23993 692 3785 1 0 1 0 0 0 0 1 1 1 0 R 0
1243 26999 30820 1514 30994 1348 4155 1 0 0 0 0 0 0 1 1 1 0 R 0
1244 27028 27176 577 27186 556 7215 1 0 0 0 0 0 0 1 1 1 0 R 0
1245 27048 19468 1064 19492 1048 4063 1 0 0 0 0 0 0 1 1 1 0 R 0
1246 27070 21183 1010 21196 996 4433 1 0 0 0 0 0 0 1 1 2 0 R 0
1247 27097 26615 1090 26716 991 5048 1 0 0 0 0 0 0 1 1 1 0 R 0
1248 27123 23984 590 23998 560 7168 1 0 0 0 0 0 0 1 1 1 0 R 0
1249 27142 19098 606 19126 579 4620 1 0 0 0 0 0 0 1 1 1 0 R 0
1250 27163 20245 618 20274 590 4190 1 0 0 0 0 0 0 1 1 1 0 R 0
1251 27193 29624 1117 29241 1004 6424 1 0 1 0 0 0 0 1 1 1 0 R 0
1252 27229 34096 1084 34146 1028 12894 1 0 0 0 0 0 0 1 1 1 0 R 0
1253 27250 19961 598 19982 570 3846 1 0 0 0 0 0 0 1 1 1 0 R 0
1254 27275 24376 1009 24408 977 3731 1 0 0 0 0 0 0 1 1 2 0 R 0
1255 27303 27882 1139 28007 1017 4438 1 0 0 0 0 0 0 1 1 2 0 R 0
1256 27329 24387 596 24405 576 6447 1 0 0 0 0 0 0 1 1 1 0 R 0
1257 27349 19133 641 19151 614 3868 1 0 0 0 0 0 0 1 1 1 0 R 0
1258 27370 20285 673 20318 637 3736 1 0 0 0 0 0 0 1 1 1 0 R 0
1259 27399 28552 1110 28688 984 7368 1 0 0 0 0 0 0 1 1 1 0 R 0
1260 27430 29786 947 29808 915 7951 1 0 0 0 0 0 0 1 1 1 0 R 0
1261 27452 20967 609 20994 581 5289 1 0 0 0 0 0 0 1 1 1 0 R 0
1262 27474 22221 1008 22342 997 4127 1 0 0 0 0 0 0 1 1 1 0 R 0
1263 27503 27559 1030 27476 1004 4140 1 0 0 0 0 0 0 1 1 1 0 R 0
1264 27530 25526 827 25551 810 6616 1 0 0 0 0 0 0 1 1 1 0 R 0
1265 27550 19096 593 19112 565 4613 1 0 0 0 0 0 0 1 1 1 0 R 0
1266 27571 20790 841 20838 790 3682 1 0 0 0 0 0 0 1 1 1 0 R 0
1267 27604 32267 1167 32389 1044 12817 1 0 0 0 0 0 0 1 1 2 0 R 0
1268 27632 26559 609 26589 578 5973 1 0 0 0 0 0 0 1 1 2 0 R 0
1269 27652 19564 607 19591 580 4530 1 0 0 0 0 0 0 1 1 1 0 R 0
1270 27674 21235 607 21265 584 4370 1 0 0 0 0 0 0 1 1 1 0 R 0
1271 27700 25385 1021 25403 997 5604 1 0 0 0 0 0 0 1 1 1 0 R 0
1272 27729 27812 968 27830 948 7344 1 0 0 0 0 0 0 1 1 1 0 R 0
1273 27753 23164 632 23188 602 6779 1 0 0 0 0 0 0 1 1 1 0 R 0
1274 27775 21672 625 21706 591 4187 1 0 0 0 0 0 0 1 1 1 0 R 0
1275 27801 25559 983 25586 961 4722 1 0 0 0 0 0 0 1 1 1 0 R 0
1276 27831 28551 995 28571 976 5942 1 0 0 0 0 0 0 1 1 1 0 R 0
1277 27854 22529 599 22541 579 7344 1 0 0 0 0 0 0 1 1 1 0 R 0
1278 27876 20986 1520 21728 771 4171 1 0 0 0 0 0 0 1 1 1 0 R 0
1279 27901 24037 989 24066 962 4160 1 0 0 0 0 0 0 1 1 1 0 R 0
1280 27923 20798 598 20821 573 5438 1 0 0 0 0 0 0 1 1 2 0 R 0
1281 27944 20009 1219 20039 1214 4174 1 0 0 0 0 0 0 1 1 1 0 R 0
1282 27969 23735 612 23736 584 9966 1 0 0 0 0 0 0 1 1 1 0 R 0
1283 27995 25527 930 25657 802 6120 1 0 0 0 0 0 0 1 1 1 0 R 0
1284 28024 28495 1214 28515 1205 5728 1 0 0 0 0 0 0 1 1 1 0 R 0
1285 28052 26858 620 26864 597 6523 1 0 0 0 0 0 0 1 1 1 0 R 0
1286 28073 19822 597 19842 568 4480 1 0 0 0 0 0 0 1 1 1 0 R 0
1287 28099 25080 638 25105 613 5603 1 0 0 0 0 0 0 1 1 3 0 R 0
1288 28125 26202 1605 26322 1496 6154 1 0 0 0 0 0 0 1 1 1 0 R 0
1289 28147 20473 632 20479 615 3857 1 0 0 0 0 0 0 1 1 1 0 R 0
1290 28168 20155 594 20173 570 3719 1 0 0 0 0 0 0 1 1 1 0 R 0
1291 28189 20630 992 20654 974 3836 1 0 0 0 0 0 0 1 1 1 0 R 0
1292 28220 29610 1030 29049 1002 7193 1 0 1 0 0 0 0 1 1 1 0 R 0
1293 28247 26166 586 26191 562 6315 1 0 0 0 0 0 0 1 1 1 0 R 0
1294 28267 19513 576 19531 559 4022 1 0 0 0 0 0 0 1 1 1 0 R 0
1295 28289 20782 826 20821 781 3800 1 0 0 0 0 0 0 1 1 1 0 R 0
1296 28315 25723 2081 25840 1974 6176 1 0 0 0 0 0 0 1 1 1 0 R 0
1297 28348 30847 596 30858 573 13222 1 0 0 0 0 0 0 1 1 2 0 R 0
1298 28369 20368 636 20392 613 4039 1 0 0 0 0 1 0 1 1 1 0 R 0
1299 28391 20796 745 20864 674 3839 1 0 0 0 0 0 0 1 1 1 0 R 0
1300 28418 26479 1142 26750 988 6279 1 0 0 0 0 0 0 1 1 1 0 R 0
1301 28448 28845 589 28746 567 7462 1 0 0 0 0 0 0 1 1 1 0 R 0
1302 28468 19514 591 19534 567 3962 1 0 0 0 0 0 0 1 1 1 0 R 0
1303 28487 18689 2129 18714 2110 3838 1 0 0 0 0 0 0 1 1 1 0 R 0
1304 28514 24485 971 24597 955 3727 1 0 0 0 0 0 0 1 1 1 0 R 0
1305 28543 28059 1008 27982 985 6430 1 0 0 0 0 0 0 1 1 1 0 R 0
1306 28565 21302 599 21322 576 4647 1 0 0 0 0 0 0 1 1 2 0 R 0
1307 28585 19525 612 19550 882 3768 1 0 0 0 0 0 0 1 1 1 0 R 0
1308 28611 24648 606 24372 577 5426 1 0 0 0 0 0 0 1 1 1 0 R 0
1309 28639 27928 1184 27956 1316 6622 1 0 0 0 0 0 0 1 1 1 0 R 0
1310 28663 22385 610 22255 581 6284 1 0 0 0 0 0 0 1 1 1 0 R 0
1311 28683 19815 601 19838 576 4565 1 0 0 0 0 0 0 1 1 1 0 R 0
1312 28711 27090 935 27120 905 9670 1 0 0 0 0 0 0 1 1 1 0 R 0
1313 28739 26854 1157 26962 1157 4931 1 0 0 0 0 0 0 1 1 2 0 R 0
1314 28764 24188 961 24105 935 6442 1 0 0 0 0 0 0 1 1 1 0 R 0
1315 28783 18610 588 18634 561 3778 1 0 0 0 0 0 0 1 1 1 0 R 0
1316 28807 22888 744 22909 721 3987 1 0 0 0 0 0 0 1 1 1 0 R 0
1317 28834 26244 1104 26364 984 5561 1 0 0 0 0 0 0 1 1 1 0 R 0
1318 28859 23743 600 23762 580 6418 1 0 0 0 0 0 0 1 1 1 0 R 0
1319 28880 20352 598 20372 573 4017 1 0 0 0 0 0 0 1 1 1 0 R 0
1320 28901 20312 605 20341 575 3750 1 0 0 0 0 0 0 1 1 2 0 R 0
1321 28923 21933 915 21960 882 4225 1 0 0 0 0 0 0 1 1 1 0 R 0
1322 28953 29238 999 29266 978 5420 1 0 0 0 0 0 0 1 1 1 0 R 0
1323 28979 24214 869 24229 850 6671 1 0 0 0 0 0 0 1 1 1 0 R 0
1324 28999 19195 651 19215 1707 3804 1 0 0 0 0 0 0 1 1 1 0 R 0
1325 29024 24416 790 23456 808 4414 1 0 0 0 0 0 0 1 1 1 0 R 0
1326 29054 29840 1144 29819 1029 6159 1 0 0 0 0 0 0 1 1 2 0 R 0
1327 29083 27208 603 27227 578 13429 1 0 0 0 0 0 0 1 1 1 0 R 0
1328 29105 21338 1063 21459 939 4126 1 0 0 0 0 0 0 1 1 1 0 R 0
1329 29131 25255 987 25281 959 4169 1 0 0 0 0 0 0 1 1 1 0 R 0
1330 29158 26295 583 26320 556 5289 1 0 0 0 0 0 0 1 1 1 0 R 0
1331 29180 21194 595 21224 564 3788 1 0 0 0 0 0 0 1 1 1 0 R 0
1332 29200 19070 590 19097 565 4372 1 0 0 0 0 0 0 1 1 1 0 R 0
1333 29225 25056 946 25108 895 5774 1 0 0 0 0 0 0 1 1 1 0 R 0
1334 29255 28316 1114 28428 1003 5880 1 0 0 0 0 0 0 1 1 1 0 R 0
1335 29283 27809 604 26376 583 8139 1 0 1 0 0 0 0 1 1 1 0 R 0
1336 29304 19982 600 20008 570 3816 1 0 0 0 0 0 0 1 1 1 0 R 0
1337 29328 23747 624 23771 598 4630 1 0 0 0 0 0 0 1 1 2 0 R 0
1338 29358 28589 970 28699 859 7394 1 0 0 0 0 0 0 1 1 2 0 R 0
1339 29384 25310 724 25358 692 6945 1 0 0 0 0 0 0 1 1 1 0 R 0
1340 29404 19574 580 19577 559 4421 1 0 0 0 0 0 0 1 1 1 0 R 0
1341 29431 26619 601 26639 576 6446 1 0 0 0 0 0 0 1 1 1 0 R 0
1342 29458 26123 582 26150 558 11223 1 0 0 0 0 0 0 1 1 0 0 R 0
1343 29479 20684 803 20712 776 3830 1 0 0 0 0 0 0 1 1 1 0 R 0
1344 29502 21996 586 22013 559 5221 1 0 0 0 0 0 0 1 1 2 0 R 0
1345 29525 22112 1537 22294 1381 4202 1 0 0 0 0 0 0 1 1 1 0 R 0
1346 29555 28284 1026 28291 997 4700 1 0 0 0 0 0 0 1 1 1 0 R 0
1347 29585 28990 957 29015 932 5696 1 0 0 0 0 0 0 1 1 2 0 R 0
1348 29605 19564 599 19589 882 3769 1 0 0 0 0 0 0 1 1 1 0 R 0
1349 29629 23423 1018 23133 997 3879 1 0 0 0 0 0 0 1 1 1 0 R 0
1350 29657 27078 1473 27098 1473 5028 1 0 0 0 0 0 0 1 1 1 0 R 0
1351 29683 23847 594 23847 575 7092 1 0 0 0 0 0 0 1 1 1 0 R 0
1352 29704 20288 593 20300 572 4529 1 0 0 0 0 0 0 1 1 1 0 R 0
1353 29724 19925 608 19953 575 3922 1 0 0 0 0 0 0 1 1 1 0 R 0
1354 29752 27765 998 27794 972 4848 1 0 0 0 0 0 0 1 1 1 0 R 0
1355 29781 27043 608 27073 581 6664 1 0 0 0 0 0 0 1 1 2 0 R 0
1356 29801 19929 589 19950 564 4431 1 0 0 0 0 0 0 1 1 1 0 R 0
1357 29825 23700 987 23732 965 8215 1 0 0 0 0 0 0 1 1 1 0 R 0
1358 29853 26729 1037 26743 1124 6013 1 0 0 0 0 0 0 1 1 1 0 R 0
1359 29882 27891 608 27802 580 6443 1 0 0 0 0 0 0 1 1 1 0 R 0
1360 29902 19854 604 19880 574 4344 1 0 0 0 0 0 0 1 1 1 0 R 0
1361 29923 19840 1114 19961 998 4105 1 0 0 0 0 0 0 1 1 1 0 R 0
1362 29950 26004 944 26022 933 5088 1 0 0 0 0 0 0 1 1 1 0 R 0
1363 29980 28783 997 28797 973 7730 1 0 0 0 0 0 0 1 1 1 0 R 0
1364 30003 21974 609 21995 584 6398 1 0 0 0 0 0 0 1 1 2 0 R 0
1365 30023 19416 600 19442 570 4224 1 0 0 0 0 0 0 1 1 2 0 R 0
1366 30049 25436 983 25470 1057 4014 1 0 0 0 0 0 0 1 1 1 0 R 0
1367 30078 28649 601 28575 573 7295 1 0 0 0 0 0 0 1 1 1 0 R 0
1368 30100 20589 699 20638 642 5800 1 0 0 0 0 0 0 1 1 1 0 R 0
1369 30120 19572 635 19596 609 3797 1 0 0 0 0 0 0 1 1 1 0 R 0
1370 30145 24658 1305 24684 1284 5330 1 0 0 0 0 0 0 1 1 1 0 R 0
1371 30172 25381 655 25403 622 5352 1 0 0 0 0 0 0 1 1 0 0 R 0
1372 30200 27136 584 27161 560 13987 1 0 0 0 0 0 0 1 1 2 0 R 0
1373 30221 20327 580 20045 556 3829 1 0 1 0 0 0 0 1 1 2 0 R 0
1374 30244 22781 977 22810 952 4252 1 0 0 0 0 0 0 1 1 1 0 R 0
1375 30271 25600 981 25622 960 3934 1 0 0 0 0 0 0 1 1 1 0 R 0
1376 30296 24164 1023 24185 997 6430 1 0 0 0 0 0 0 1 1 1 0 R 0
1377 30316 19048 933 19067 918 4166 1 0 0 0 0 0 0 1 1 1 0 R 0
1378 30339 21876 605 21892 576 3784 1 0 0 0 0 0 0 1 1 1 0 R 0
1379 30363 24078 1008 24107 1082 5177 1 0 0 0 0 0 0 1 1 1 0 R 0
1380 30393 28753 592 28676 569 6435 1 0 0 0 0 0 0 1 1 1 0 R 0
1381 30413 19313 607 19334 581 4287 1 0 0 0 0 0 0 1 1 2 0 R 0
1382 30433 19172 1419 19197 1401 4270 1 0 0 0 0 0 0 1 1 1 0 R 0
1383 30459 25358 1278 25467 1169 4556 1 0 0 0 0 0 0 1 1 1 0 R 0
1384 30489 28636 895 28647 869 6850 1 0 0 0 0 0 0 1 1 1 0 R 0
1385 30512 21272 654 21304 624 4968 1 0 0 0 0 0 0 1 1 1 0 R 0
1386 30532 19613 588 19640 556 4239 1 0 0 0 0 0 0 1 1 1 0 R 0
1387 30560 27938 1106 28059 992 8664 1 0 0 0 0 0 0 1 1 2 0 R 0
1388 30589 27777 1036 27797 1014 7256 1 0 0 0 0 0 0 1 1 1 0 R 0
1389 30612 21664 599 21680 577 6454 1 0 0 0 0 0 0 1 1 1 0 R 0
1390 30631 18691 579 18713 553 4148 1 0 0 0 0 0 0 1 1 1 0 R 0
1391 30657 25229 983 25246 974 4991 1 0 0 0 0 1 0 1 1 1 0 R 0
1392 30687 28917 980 29018 869 5189 1 0 0 0 0 0 0 1 1 1 0 R 0
1393 30710 22521 614 22549 585 7321 1 0 0 0 0 0 0 1 1 1 0 R 0
1394 30730 19332 964 19352 943 4292 1 0 0 0 0 0 0 1 1 2 0 R 0
1395 30753 22131 662 22158 634 4642 1 0 0 0 0 0 0 1 1 1 0 R 0
1396 30779 24593 792 24615 769 4020 1 0 0 0 0 0 0 1 1 1 0 R 0
1397 30807 27025 1028 27037 1014 6933 1 0 0 0 0 0 0 1 1 1 0 R 0
1398 30830 22768 604 22792 576 4989 1 0 0 0 0 0 0 1 1 2 0 R 0
1399 30852 20926 983 20954 961 4280 1 0 0 0 0 0 0 1 1 0 0 R 0
1400 30881 28400 1136 28529 1002 7731 1 0 0 0 0 0 0 1 1 1 0 R 0
1401 30914 31224 1701 31299 1638 6384 1 0 0 0 0 0 0 1 1 1 0 S 0
1402 30942 26805 713 26837 677 9227 1 0 0 0 0 0 0 1 1 2 0 R 0
1403 30967 24009 589 24017 564 6501 1 0 0 0 0 0 0 1 1 2 0 R 0
1404 30994 26942 1145 26970 1127 5820 1 0 0 0 0 0 0 1 1 1 0 R 0
1405 31019 23316 881 23328 854 3924 1 0 0 0 0 0 0 1 1 1 0 R 0
1406 31040 20615 600 20646 576 3734 1 0 0 0 0 0 0 1 1 1 0 R 0
1407 31064 23265 920 23288 891 4162 1 0 0 0 0 0 0 1 1 1 0 R 0
1408 31093 27892 999 27920 970 4304 1 0 0 0 0 0 0 1 1 1 0 R 0
1409 31118 24335 582 24356 560 6176 1 0 0 0 0 0 0 1 1 1 0 R 0
1410 31138 18863 585 18887 559 3778 1 0 0 0 0 0 0 1 1 1 0 R 0
1411 31159 20673 885 20699 859 3812 1 0 0 0 0 0 0 1 1 2 0 R 0
1412 31188 27840 1295 27861 1279 6116 1 0 0 0 0 0 0 1 1 1 0 R 0
1413 31215 25642 616 25660 586 7389 1 0 0 0 0 0 0 1 1 1 0 R 0
1414 31235 19718 724 19774 666 4474 1 0 0 0 0 0 0 1 1 1 0 R 0
1415 31257 21708 649 21398 633 3724 1 0 1 0 0 0 0 1 1 1 0 R 0
1416 31285 26471 998 26580 990 4946 1 0 0 0 0 0 0 1 1 1 0 R 0
1417 31318 32296 586 32208 562 13138 1 0 0 0 0 0 0 1 1 1 0 R 0
1418 31338 19045 581 19066 558 4137 1 0 0 0 0 0 0 1 1 2 0 R 0
1419 31359 21254 601 21282 572 3846 1 0 0 0 0 0 0 1 1 1 0 R 0
1420 31385 24778 983 24902 859 5127 1 0 0 0 0 0 0 1 1 1 0 R 0
1421 31414 28439 1145 28467 1227 7467 1 0 0 0 0 0 0 1 1 1 0 R 0
1422 31438 23115 593 23030 565 6545 1 0 0 0 0 0 0 1 1 1 0 R 0
1423 31460 21000 888 21118 769 3872 1 0 0 0 0 0 0 1 1 1 0 R 0
1424 31485 24113 1687 24233 1580 4552 1 0 0 0 0 0 0 1 1 1 0 R 0
1425 31515 27994 996 28006 969 8244 1 0 0 0 0 0 0 1 1 1 0 R 0
1426 31540 24432 598 24456 575 6010 1 0 0 0 0 0 0 1 1 1 0 R 0
1427 31562 21615 1072 21641 1038 4188 1 0 0 0 0 0 0 1 1 1 0 R 0
1428 31590 26941 1056 26975 1024 5041 1 0 0 0 0 0 0 1 1 1 0 R 0
1429 31612 20552 592 20578 563 4614 1 0 0 0 0 0 0 1 1 2 0 R 0
1430 31634 21022 807 21049 778 4269 1 0 0 0 0 0 0 1 1 1 0 R 0
1431 31654 19769 599 19794 576 4447 1 0 0 0 0 0 0 1 1 1 0 R 0
1432 31682 27655 601 27676 582 9512 1 0 0 0 0 0 0 1 1 1 0 R 0
1433 31711 28043 1301 28153 1204 6158 1 0 0 0 0 0 0 1 1 1 0 R 0
1434 31735 23013 1127 23021 1117 7142 1 0 0 0 0 0 0 1 1 1 0 R 0
1435 31755 18051 588 18059 561 3843 1 0 0 0 0 0 0 1 1 1 0 R 0
1436 31778 22681 1267 22793 1176 4185 1 0 0 0 0 0 0 1 1 2 0 R 0
1437 31807 28082 974 28079 957 4971 1 0 0 0 0 0 0 1 1 1 0 R 0
1438 31837 29245 871 29339 788 6968 1 0 0 0 0 0 0 1 1 1 0 R 0
1439 31858 20042 594 20046 573 3874 1 0 0 0 0 0 0 1 1 1 0 R 0
1440 31883 24519 1004 24546 978 3787 1 0 0 0 0 0 0 1 1 1 0 R 0
1441 31913 28973 997 28999 964 4756 1 0 0 0 0 0 0 1 1 2 0 R 0
1442 31943 28608 594 28637 569 6635 1 0 0 0 0 0 0 1 1 1 0 R 0
1443 31963 19005 591 19024 566 4499 1 0 0 0 0 0 0 1 1 1 0 R 0
1444 31988 24891 980 25007 861 4109 1 0 0 0 0 0 0 1 1 1 0 R 0
1445 32011 22043 622 22074 590 5714 1 0 0 0 0 0 0 1 1 1 0 R 0
1446 32032 20081 604 20109 584 4470 1 0 0 0 0 0 0 1 1 2 0 R 0
1447 32057 24356 580 24367 561 12530 1 0 0 0 0 0 0 1 1 1 0 R 0
1448 32078 20585 632 20622 604 3803 1 0 0 0 0 0 0 1 1 1 0 R 0
1449 32107 28513 994 28516 981 6360 1 0 0 0 0 0 0 1 1 1 0 R 0
1450 32138 29492 1515 29599 1440 7136 1 0 0 0 0 0 0 1 1 1 0 R 0
1451 32160 21159 605 21150 577 5749 1 0 0 0 0 0 0 1 1 1 0 R 0
1452 32182 20877 703 20923 660 4174 1 0 0 0 0 0 0 1 1 1 0 R 0
1453 32210 27367 1018 27381 1004 7052 1 0 0 0 0 0 0 1 1 1 0 R 0
1454 32242 31150 946 30456 924 8621 1 0 1 0 0 0 0 1 1 1 0 R 0
1455 32264 20935 651 20954 630 5438 1 0 0 0 0 0 0 1 1 2 0 R 0
1456 32285 20414 594 20433 569 4104 1 0 0 0 0 0 0 1 1 1 0 R 0
1457 32313 27072 984 27094 961 5333 1 0 0 0 0 0 0 1 1 1 0 R 0
1458 32333 18932 598 18955 570 4185 1 0 0 0 0 0 0 1 1 1 0 R 0
1459 32354 21173 609 21202 578 4381 1 0 0 0 0 0 0 1 1 1 0 R 0
1460 32374 19506 630 19531 607 4197 1 0 0 0 0 0 0 1 1 1 0 R 0
1461 32400 25136 641 25183 591 5454 1 0 0 0 0 0 0 1 1 1 0 R 0
1462 32434 33171 1005 33290 991 14389 1 0 0 0 0 0 0 1 1 2 0 R 0
1463 32457 21643 568 21553 551 4648 1 0 0 0 0 0 0 1 1 1 0 R 0
1464 32476 18366 907 18391 881 3765 1 0 0 0 0 0 0 1 1 1 0 R 0
1465 32502 25864 599 25884 575 5599 1 0 0 0 0 0 0 1 1 1 0 R 0
1466 32531 28066 1144 28180 1033 6688 1 0 0 0 0 0 0 1 1 1 0 R 0
1467 32554 22228 615 22251 587 7313 1 0 0 0 0 0 0 1 1 1 0 R 0
1468 32574 19219 587 19246 561 3850 1 0 0 0 0 0 0 1 1 1 0 R 0
1469 32598 23258 987 23276 965 3850 1 0 0 0 0 0 0 1 1 1 0 R 0
1470 32627 27902 969 27925 949 4882 1 0 0 0 0 0 0 1 1 1 0 R 0
1471 32653 24827 599 24849 570 7897 1 0 0 0 0 0 0 1 1 1 0 R 0
1472 32673 19731 591 19758 564 4951 1 0 0 0 0 0 0 1 1 1 0 R 0
1473 32695 20949 654 20974 634 4239 1 0 0 0 0 0 0 1 1 1 0 R 0
1474 32723 28158 1106 28265 998 5120 1 0 0 0 0 0 0 1 1 1 0 R 0
1475 32750 25175 622 25195 599 6491 1 0 0 0 0 0 0 1 1 1 0 R 0
1476 32770 19559 580 19572 557 4518 1 0 0 0 0 0 0 1 1 2 0 R 0
1477 32808 37096 1420 29864 1310 13460 1 0 4 0 0 0 0 1 1 2 0 R 0
1478 32837 28481 1521 28495 1512 6268 1 0 0 0 0 0 0 1 1 0 0 R 0
1479 32861 21936 610 21954 577 6418 1 0 0 0 0 0 0 1 1 1 0 R 0
1480 32881 19436 587 19468 554 4088 1 0 0 0 0 0 0 1 1 2 0 R 0
1481 32904 22140 1019 22196 967 4181 1 0 0 0 0 0 0 1 1 1 0 R 0
1482 32933 27978 1189 27999 1183 5066 1 0 0 0 0 0 0 1 1 1 0 R 0
1483 32962 28597 1089 28686 976 6486 1 0 0 0 0 0 0 1 1 1 0 R 0
1484 32983 19775 588 19800 566 4710 1 0 0 0 0 0 0 1 1 1 0 R 0
1485 33007 22808 1262 22919 1167 4465 1 0 0 0 0 0 0 1 1 1 0 R 0
1486 33036 27593 1516 27598 1501 4527 1 0 0 0 0 0 0 1 1 1 0 R 0
1487 33066 28461 1229 28479 1332 7395 1 0 0 0 0 0 0 1 1 2 0 R 0
1488 33086 19439 593 19333 561 4118 1 0 0 0 0 0 0 1 1 1 0 R 0
1489 33110 22783 1160 22812 1158 3850 1 0 0 0 0 0 0 1 1 1 0 R 0
1490 33134 23612 598 23612 572 5237 1 0 0 0 0 0 0 1 1 1 0 R 0
1491 33154 18738 594 18766 568 3889 1 0 0 0 0 0 0 1 1 1 0 R 0
1492 33179 24955 593 24978 573 9122 1 0 0 0 0 0 0 1 1 1 0 R 0
1493 33202 21896 702 21921 672 3749 1 0 0 0 0 0 0 1 1 2 0 R 0
1494 33227 24144 950 24156 941 4744 1 0 0 0 0 0 0 1 1 1 0 R 0
1495 33255 26929 1106 27038 993 7673 1 0 0 0 0 0 0 1 1 1 0 R 0
1496 33280 24280 644 22910 625 4142 1 0 1 0 0 0 0 1 1 1 0 R 0
1497 33301 20737 993 20760 968 4635 1 0 0 0 0 0 0 1 1 1 0 R 0
1498 33326 23314 1658 23340 1641 4268 1 0 0 0 0 0 0 1 1 1 0 R 0
1499 33358 30273 1179 30278 1175 7634 1 0 0 0 0 0 0 1 1 2 0 R 0
