# swapstamp frames 1500 skip 300 peer 463
# f t_ms gap_us swap_us crend_us cswap_us clr_us nclr vcs_r ivcs_r vcs_s ivcs_s minf majf cpu0 cpu1 pticks pcpu pstate ctr
0 0 20723 802 20752 733 6375 1 0 0 0 0 0 0 0 0 0 1 R 0
1 20 19703 594 19742 564 4266 1 0 0 0 0 0 0 0 0 2 1 R 0
2 40 19671 934 19724 884 4536 1 0 0 0 0 0 0 0 0 1 1 R 0
3 62 20612 693 19801 663 5444 1 0 4 0 0 0 0 0 0 1 1 R 0
4 82 19128 723 19201 675 3157 1 0 0 0 0 0 0 0 0 2 1 R 0
5 103 20486 1448 18938 1447 3108 1 0 1 0 0 0 0 0 0 2 1 R 0
6 125 21140 645 19649 611 4153 1 0 4 0 0 0 0 0 0 1 1 R 0
7 146 20358 606 20396 574 3774 1 0 0 0 0 0 0 0 0 1 1 R 0
8 166 19383 691 19431 653 3082 1 0 0 0 0 0 0 0 0 2 1 R 0
9 189 22208 586 20661 557 3041 1 0 4 0 0 0 0 0 0 1 1 R 0
10 209 19301 706 19333 685 4067 1 0 0 0 0 0 0 0 0 1 1 R 0
11 230 19602 596 19629 569 4472 1 0 0 0 0 0 0 0 0 1 1 R 0
12 250 19668 610 19698 582 4042 1 0 0 0 0 0 0 0 0 3 1 R 0
13 272 21255 589 20362 561 5809 1 0 4 0 0 0 0 0 0 1 1 R 0
14 291 18323 696 18367 658 3364 1 0 0 0 0 0 0 0 0 2 1 R 0
15 317 25716 593 23473 566 7448 1 0 2 0 0 0 0 0 0 1 1 R 0
16 340 22055 589 20529 555 4660 1 0 4 0 0 0 0 0 0 1 1 R 0
17 360 19864 594 19901 568 4383 1 0 0 0 0 0 0 0 0 1 1 R 0
18 379 18359 684 18410 632 3508 1 0 0 0 0 0 0 0 0 2 1 R 0
19 402 21785 898 20299 855 4238 1 0 4 0 0 0 0 0 0 2 1 R 0
20 422 19704 793 19756 738 3172 1 0 0 0 0 0 0 0 0 2 1 R 0
21 442 18946 609 18977 580 4031 1 0 0 0 0 0 0 0 0 1 1 R 0
22 463 20571 1233 20602 1221 3961 1 0 0 0 2 0 0 0 0 1 1 R 0
23 485 20546 883 19060 859 3037 1 0 2 0 0 0 0 0 0 2 1 R 0
24 507 21294 576 20331 544 3139 1 0 1 0 0 0 0 0 0 1 1 R 0
25 527 19745 599 19784 571 4568 1 0 0 0 0 0 0 0 0 2 1 R 0
26 550 22325 597 21213 570 4632 1 0 4 0 0 0 0 0 0 1 1 R 0
27 570 18718 787 18760 757 3625 1 0 0 0 0 0 0 0 0 1 1 R 0
28 589 18301 713 18340 660 3576 1 0 0 0 0 0 0 0 0 1 1 R 0
29 611 21666 813 20211 779 4339 1 0 4 0 0 0 0 0 0 2 1 R 0
30 635 22976 585 22998 556 7693 1 0 0 0 0 0 0 0 0 1 1 R 0
31 655 19233 570 19263 544 3814 1 0 0 0 0 0 0 0 0 1 1 R 0
32 675 19348 2822 19404 1374 3263 1 0 1 0 3 0 0 0 0 3 1 R 0
33 696 18414 2085 18450 933 3090 1 0 0 0 1 0 0 0 0 1 1 R 0
34 717 19033 681 19073 627 3457 1 0 0 0 0 0 0 0 0 2 1 R 0
35 738 20644 640 20683 606 4535 1 0 0 0 0 0 0 0 0 2 1 R 0
36 761 21802 732 20667 700 6640 1 0 4 0 0 0 0 0 0 1 1 R 0
37 781 19815 597 19854 569 4061 1 0 0 0 0 0 0 0 0 1 1 R 0
38 799 17072 568 17112 526 3028 1 0 0 0 0 0 0 0 0 1 1 R 0
39 839 39537 609 22626 575 20691 1 2 9 0 0 0 0 0 0 2 1 R 0
40 861 21603 716 20210 671 6606 1 0 1 0 0 0 0 0 0 1 1 R 0
41 880 18364 701 18413 661 3109 1 0 0 0 0 0 0 0 0 2 1 R 0
42 905 23862 583 21455 560 3571 1 0 5 0 0 0 0 0 0 2 1 R 0
43 925 19781 584 19810 555 3478 1 0 0 0 0 0 0 0 0 1 1 R 0
44 945 19293 626 19326 596 3899 1 0 0 0 0 0 0 0 0 1 1 R 0
45 970 24759 610 23514 580 7344 1 0 4 0 0 0 0 0 0 1 1 R 0
46 989 18139 804 18199 743 3862 1 0 0 0 0 0 0 0 0 2 1 R 0
47 1008 17814 712 17876 671 3587 1 0 0 0 0 0 0 0 0 2 1 R 0
48 1028 19726 701 19763 665 4145 1 0 0 0 0 0 0 0 0 1 1 R 0
49 1051 21761 599 20884 572 6096 1 0 4 0 0 0 0 0 0 2 1 R 0
50 1071 19759 593 19796 561 3956 1 0 0 0 0 0 0 0 0 1 1 R 0
51 1090 18777 716 18843 648 3638 1 0 0 0 0 0 0 0 0 2 1 R 0
52 1115 24240 588 22164 559 3209 1 0 5 0 0 0 0 0 0 2 1 R 0
53 1135 19334 547 19364 520 3874 1 0 0 0 0 0 0 0 0 1 1 R 0
54 1155 19475 953 19509 936 3878 1 0 0 0 0 0 0 0 0 1 1 R 0
55 1178 21853 854 20642 834 3835 1 0 4 0 0 0 0 0 0 1 1 R 0
56 1198 18585 691 18635 637 3613 1 0 0 0 0 0 0 0 0 2 1 R 0
57 1217 18299 705 18369 635 3494 1 0 0 0 0 0 0 0 0 2 1 R 0
58 1236 18920 827 18985 778 3366 1 0 0 0 0 0 0 0 0 1 1 R 0
59 1259 22059 753 20828 718 5460 1 0 4 0 0 0 0 0 0 1 1 R 0
60 1285 24877 618 24456 595 8541 1 0 1 0 0 0 0 0 0 3 1 R 0
61 1306 20344 873 18889 824 3031 1 0 1 0 0 1 0 0 0 1 1 R 0
62 1329 22564 651 21444 617 3234 1 0 4 0 0 0 0 0 0 1 1 R 0
63 1349 19304 601 19323 572 4375 1 0 0 0 0 0 0 0 0 1 1 R 0
64 1370 20150 739 20186 707 4513 1 0 0 0 0 0 0 0 0 2 1 R 0
65 1392 21272 601 19917 568 3711 1 0 4 0 0 0 0 0 0 1 1 R 0
66 1411 18560 859 18620 812 3080 1 0 0 0 0 0 0 0 0 2 1 R 0
67 1431 18704 707 18763 655 3098 1 0 0 0 0 0 0 0 0 2 1 R 0
68 1452 20333 597 20355 572 3662 1 0 0 0 0 0 0 0 0 1 1 R 0
69 1475 22415 632 21518 605 6107 1 0 4 0 0 0 0 0 0 1 1 R 0
70 1495 19429 876 19483 827 3038 1 0 0 0 0 0 0 0 0 1 1 R 0
71 1516 20806 826 19839 769 3062 1 0 1 0 0 0 0 0 0 3 1 R 0
72 1539 21656 698 20714 561 3093 1 0 4 0 0 0 0 0 0 1 1 R 0
73 1559 19487 745 19522 720 4423 1 0 0 0 0 0 0 0 0 1 1 R 0
74 1580 20191 651 20224 618 4335 1 0 0 0 0 0 0 0 0 2 1 R 0
75 1607 26258 599 24975 575 7274 1 0 4 0 0 0 0 0 0 2 1 R 0
76 1627 19857 596 19881 570 4876 1 0 0 0 0 0 0 0 0 1 1 R 0
77 1648 19806 669 19917 562 4029 1 0 0 0 0 0 0 0 0 1 1 R 0
78 1670 21702 685 20680 654 4418 1 0 4 0 0 0 0 0 0 1 1 R 0
79 1690 19277 609 19309 580 4597 1 0 0 0 0 0 0 0 0 1 1 R 0
80 1711 19946 692 18629 650 3687 1 0 1 0 0 0 0 0 0 2 1 R 0
81 1730 18146 807 18223 740 3136 1 0 0 0 0 0 0 0 0 2 1 R 0
82 1753 22216 606 21180 576 7189 1 0 4 0 0 0 0 0 0 1 1 R 0
83 1773 19530 900 19564 877 3766 1 0 0 0 0 0 0 0 0 2 1 R 0
84 1792 18602 1006 18652 963 4107 1 0 0 0 0 0 0 0 0 1 1 R 0
85 1816 22934 654 21827 603 3259 1 0 4 0 0 0 0 0 0 1 1 R 0
86 1835 18417 672 18465 633 3098 1 0 0 0 0 0 0 0 0 2 1 R 0
87 1857 20674 598 20701 572 4509 1 0 0 0 0 0 0 0 0 1 1 R 0
88 1880 22531 603 21643 569 4595 1 0 4 0 0 1 0 0 0 1 1 R 0
89 1898 18043 728 18090 690 3660 1 0 0 0 0 0 0 0 0 2 1 R 0
90 1923 23770 1103 22865 1048 7713 1 0 1 0 0 0 0 0 0 1 1 R 0
91 1941 17231 705 17273 663 3219 1 0 0 0 0 0 0 0 0 2 1 R 0
92 1966 23922 581 22904 560 4827 1 0 4 0 0 0 0 0 0 2 1 R 0
93 1986 19600 1216 19632 1194 3817 1 0 0 0 0 1 0 0 0 1 1 R 0
94 2008 20475 672 20527 621 3498 1 0 0 0 0 0 0 0 0 1 1 R 0
95 2029 20619 849 19616 806 4460 1 0 4 0 0 0 0 0 0 2 1 R 0
96 2049 19553 577 19578 549 3923 1 0 0 0 0 0 0 0 0 1 1 R 0
97 2069 19441 595 19473 566 4305 1 0 0 0 0 0 0 0 0 1 1 R 0
98 2092 21604 605 20524 573 4389 1 0 4 0 0 0 0 0 0 2 1 R 0
99 2113 20609 917 19116 900 3344 1 0 1 0 0 0 0 0 0 1 1 R 0
100 2131 17635 691 17676 645 3180 1 0 0 0 0 0 0 0 0 2 1 R 0
101 2151 18854 670 18897 643 3689 1 0 0 0 0 0 0 0 0 2 1 R 0
102 2176 24049 804 22978 781 5701 1 0 4 0 0 0 0 0 0 1 1 R 0
103 2196 19476 577 19509 548 3398 1 0 0 0 0 0 0 0 0 1 1 R 0
104 2216 19857 565 19884 546 3725 1 0 0 0 0 0 0 0 0 2 1 R 0
105 2240 22764 824 21758 796 8346 1 0 4 0 0 0 0 0 0 2 1 R 0
106 2260 19648 593 19668 566 3745 1 0 0 0 0 0 0 0 0 1 1 R 0
107 2280 19493 631 19531 596 4251 1 0 0 0 0 0 0 0 0 1 1 R 0
108 2303 21815 1799 20833 1344 3796 1 0 4 0 1 0 0 0 0 2 1 R 0
109 2325 20530 633 19574 607 3271 1 0 1 0 0 0 0 0 0 1 1 R 0
110 2344 18674 699 18715 662 3036 1 0 0 0 0 0 0 0 0 2 1 R 0
111 2365 19761 1578 19786 867 3939 1 0 1 0 2 0 0 0 0 1 1 R 0
112 2387 20458 629 19982 595 3902 1 0 1 0 0 0 0 0 0 1 1 R 0
113 2407 19723 630 19794 563 4612 1 0 0 0 0 0 0 0 0 2 1 R 0
114 2427 18810 698 18861 655 3050 1 0 0 0 0 0 0 0 0 2 1 R 0
115 2449 21730 814 20921 733 3236 1 0 4 0 0 0 0 0 0 1 1 R 0
116 2471 21601 603 21629 577 5313 1 0 0 0 0 0 0 0 0 1 1 R 0
117 2491 19278 636 19310 604 4071 1 0 0 0 0 0 0 0 0 1 1 R 0
118 2517 24776 573 22397 543 3557 1 0 5 0 0 0 0 0 0 2 1 R 0
119 2535 18037 710 18087 674 3120 1 0 0 0 0 0 0 0 0 1 1 R 0
120 2560 23660 590 23681 566 7162 1 0 0 0 0 0 0 0 0 3 1 R 0
121 2582 21375 601 20210 573 4355 1 0 4 0 0 0 0 0 0 1 1 R 0
122 2606 23834 636 23874 609 3933 1 0 0 0 0 0 0 0 0 1 1 R 0
123 2627 20455 656 20491 614 3999 1 0 0 0 0 0 0 0 0 2 1 R 0
124 2650 22485 606 20671 595 3033 1 0 4 0 0 0 0 0 0 1 1 R 0
125 2671 19633 591 19647 562 4489 1 0 0 0 0 0 0 0 0 2 1 R 0
126 2691 19349 593 19383 564 4523 1 0 0 0 0 0 0 0 0 1 1 R 0
127 2713 21999 1124 20349 1110 3684 1 0 1 0 2 0 0 0 0 2 1 R 0
128 2735 21207 779 19842 701 3109 1 0 2 0 0 0 0 0 0 1 1 R 0
129 2754 17983 646 18016 620 3084 1 0 0 0 0 0 0 0 0 2 1 R 0
130 2776 20810 768 20839 742 4309 1 0 0 0 0 0 0 0 0 1 1 R 0
131 2798 21550 590 19971 555 3787 1 0 4 0 0 0 0 0 0 1 1 R 0
132 2818 19823 598 19859 566 4193 1 0 0 0 0 0 0 0 0 1 1 R 0
133 2837 18211 727 18289 655 3651 1 0 0 0 0 0 0 0 0 2 1 R 0
134 2861 22547 643 21429 619 3596 1 0 4 0 0 0 0 0 0 1 1 R 0
135 2884 23192 581 23216 553 7875 1 0 0 0 0 0 0 0 0 2 1 R 0
136 2905 19687 577 19719 558 3889 1 0 0 0 0 0 0 0 0 1 1 R 0
137 2928 23046 567 20947 548 4588 1 0 5 0 0 0 0 0 0 1 1 R 0
138 2948 19096 953 19143 913 3617 1 0 0 0 0 0 0 0 0 2 1 R 0
139 2969 19666 1034 19778 926 3575 1 0 0 0 0 0 0 0 0 2 1 R 0
140 2989 19315 595 19342 566 4437 1 0 0 0 0 0 0 0 0 1 1 R 0
141 3011 21704 596 20685 570 6515 1 0 4 0 0 0 0 0 0 1 1 R 0
142 3031 19040 846 19085 814 3086 1 0 0 0 0 0 0 0 0 2 1 R 0
143 3050 17861 698 17933 627 3138 1 0 0 0 0 0 0 0 0 1 1 R 0
144 3074 24280 582 23295 556 4720 1 0 4 0 0 0 0 0 0 2 1 R 0
145 3094 19175 584 19203 557 3806 1 0 0 0 0 0 0 0 0 1 1 R 0
146 3117 22024 591 20966 565 3953 1 0 1 0 0 0 0 0 0 2 1 R 0
147 3139 22036 607 20795 580 3613 1 0 4 0 0 0 0 0 0 1 1 R 0
148 3159 18470 692 18530 629 3682 1 0 0 0 0 0 0 0 0 2 1 R 0
149 3179 20100 598 20137 573 4282 1 0 0 0 0 0 0 0 0 1 1 R 0
150 3203 22944 2532 22977 2009 8493 1 0 0 0 3 0 0 0 0 1 1 R 0
151 3226 20403 799 19872 773 4030 1 0 1 0 0 0 0 0 0 1 1 R 0
152 3245 18745 703 18789 666 3143 1 0 0 0 0 0 0 0 0 3 1 R 0
153 3267 20848 781 20199 807 3071 1 0 1 0 0 0 0 0 0 1 1 R 0
154 3290 22169 597 21162 568 3101 1 0 4 0 0 0 0 0 0 2 1 R 0
155 3310 19611 608 19643 575 4536 1 0 0 0 0 0 0 0 0 1 1 R 0
156 3331 20370 916 18907 840 3218 1 0 1 0 0 0 0 0 0 1 1 R 0
157 3352 20396 761 19426 718 3069 1 0 4 0 0 0 0 0 0 2 1 R 0
158 3372 19294 1549 19362 1514 3171 1 0 0 0 0 0 0 0 0 1 1 R 0
159 3394 19918 569 19907 547 3779 1 0 0 0 0 0 0 0 0 1 1 R 0
160 3417 22489 584 21790 571 3998 1 0 4 0 0 0 0 0 0 1 1 R 0
161 3436 18775 754 18820 704 3087 1 0 0 0 0 0 0 0 0 3 1 R 0
162 3456 19246 736 19322 675 3246 1 0 0 0 0 0 0 0 0 1 1 R 0
163 3476 18776 885 18807 871 3216 1 0 0 0 0 0 0 0 0 2 1 R 0
164 3499 22370 651 21115 628 3897 1 0 4 0 0 0 0 0 0 1 1 R 0
165 3523 23134 1007 21917 990 8773 1 0 1 0 0 0 0 0 0 1 1 R 0
166 3543 18769 1704 18813 1658 3228 1 0 0 0 0 0 0 0 0 2 1 R 0
167 3566 21248 823 20295 745 3103 1 0 4 0 0 0 0 0 0 1 1 R 0
168 3587 20239 583 20263 555 3111 1 0 0 0 0 0 0 0 0 1 1 R 0
169 3606 19182 599 19218 570 3837 1 0 0 0 0 0 0 0 0 1 1 R 0
170 3630 23141 642 21935 597 4109 1 0 4 0 0 0 0 0 0 2 1 R 0
171 3650 18788 599 18814 584 4077 1 0 0 0 0 0 0 0 0 1 1 R 0
172 3669 18574 707 18616 661 3682 1 0 0 0 0 0 0 0 0 2 1 R 0
173 3688 18528 739 18593 687 4228 1 0 0 0 0 0 0 0 0 2 1 R 0
174 3712 22933 599 21745 565 7670 1 0 4 0 0 0 0 0 0 1 1 R 0
175 3733 20453 949 19259 895 5004 1 0 1 0 0 0 0 0 0 2 1 R 0
176 3752 18300 846 18374 774 3564 1 0 0 0 0 0 0 0 0 1 1 R 0
177 3775 21845 683 20837 660 3176 1 0 4 0 0 0 0 0 0 2 1 R 0
178 3795 19785 579 19801 554 3856 1 0 0 0 0 0 0 0 0 1 1 R 0
179 3815 19207 581 19237 555 3840 1 0 0 0 0 0 0 0 0 1 1 R 0
180 3841 25253 591 24336 560 7420 1 0 4 0 0 0 0 0 0 1 1 R 0
181 3860 18384 748 18443 705 3126 1 0 0 0 0 1 0 0 0 2 1 R 0
182 3880 19141 718 19203 648 3975 1 0 0 0 0 0 0 0 0 2 1 R 0
183 3901 20397 604 20434 573 3818 1 0 0 0 0 0 0 0 0 2 1 R 0
184 3925 23256 592 20988 565 6364 1 0 5 0 0 0 0 0 0 1 1 R 0
185 3945 20008 588 20038 561 3645 1 0 0 0 0 0 0 0 0 1 1 R 0
186 3966 19779 686 19823 646 3538 1 0 0 0 0 0 0 0 0 1 1 R 0
187 3989 22360 584 21469 553 3093 1 0 4 0 0 0 0 0 0 2 1 R 0
188 4009 19544 604 19578 570 4438 1 0 0 0 0 0 0 0 0 1 1 R 0
189 4030 20354 608 20393 577 4452 1 0 0 0 0 1 0 0 0 1 1 R 0
190 4052 21585 582 19913 558 3520 1 0 4 0 0 0 0 0 0 2 1 R 0
191 4070 17782 726 17824 687 3138 1 0 0 0 0 0 0 0 0 1 1 R 0
192 4090 19081 711 19130 675 4461 1 0 0 0 0 0 0 0 0 2 1 R 0
193 4111 19981 599 20001 571 3899 1 0 0 0 0 0 0 0 0 1 1 R 0
194 4135 23625 583 21310 548 7978 1 0 5 0 0 0 0 0 0 1 1 R 0
195 4158 22041 1544 22092 1508 6508 1 0 0 0 0 1 0 0 0 2 1 R 0
196 4178 18424 707 18470 663 3499 1 0 0 0 0 0 0 0 0 2 1 R 0
197 4200 21997 612 21122 577 4347 1 0 4 0 0 0 0 0 0 1 1 R 0
198 4221 19882 593 19916 563 4449 1 0 0 0 0 0 0 0 0 1 1 R 0
199 4241 19115 739 19150 705 4463 1 0 0 0 0 0 0 0 0 1 1 R 0
200 4263 21874 1095 20393 1058 3565 1 0 4 0 0 0 0 0 0 2 1 R 0
201 4282 17282 713 17317 657 3024 1 0 0 0 0 0 0 0 0 2 1 R 0
202 4303 20552 1128 20591 1116 3122 1 0 0 0 1 0 0 0 0 1 1 R 0
203 4328 23878 938 21462 872 4007 1 0 5 0 0 0 0 0 0 1 1 R 0
204 4349 19899 629 19922 606 3770 1 0 0 0 0 0 0 0 0 2 1 R 0
205 4368 18886 946 18950 888 3949 1 0 0 0 0 0 0 0 0 1 1 R 0
206 4390 20684 586 20091 559 3874 1 0 1 0 0 0 0 0 0 2 1 R 0
207 4412 21504 593 20635 565 6575 1 0 4 0 0 0 0 0 0 1 1 R 0
208 4432 19269 1076 19327 1023 3946 1 0 0 0 0 0 0 0 0 1 1 R 0
209 4453 19779 639 19815 608 3749 1 0 0 0 0 0 0 0 0 2 1 R 0
210 4478 24397 829 23420 773 6247 1 0 4 0 0 0 0 0 0 2 1 R 0
211 4496 17116 735 17160 692 3559 1 0 0 0 0 0 0 0 0 1 1 R 0
212 4530 33695 600 20393 567 21256 1 2 1 0 0 0 0 0 0 2 1 R 0
213 4552 21131 604 20077 568 5900 1 0 4 0 0 0 0 0 0 1 1 R 0
214 4571 19143 578 19199 529 3553 1 0 0 0 0 0 0 0 0 1 1 R 0
215 4595 22817 777 22371 698 6317 1 0 1 0 0 0 0 0 0 2 1 R 0
216 4619 23289 608 22299 579 5035 1 0 4 0 0 0 0 0 0 2 1 R 0
217 4639 19575 695 19632 636 4407 1 0 0 0 0 0 0 0 0 2 1 R 0
218 4662 22278 602 22321 566 4605 1 0 0 0 0 0 0 0 0 1 1 R 0
219 4685 22616 713 21410 662 3203 1 0 4 0 0 0 0 0 0 2 1 R 0
220 4705 19067 709 19101 654 3150 1 0 0 0 0 0 0 0 0 1 1 R 0
221 4727 21494 639 20418 608 4066 1 0 1 0 0 0 0 0 0 1 1 R 0
222 4750 22488 603 21378 567 4422 1 0 4 0 0 0 0 0 0 1 1 R 0
223 4770 18643 822 18688 794 3592 1 0 0 0 0 0 0 0 0 2 1 R 0
224 4789 18093 784 18178 693 3632 1 0 0 0 0 0 0 0 0 1 1 R 0
225 4811 21860 727 21907 694 7264 1 0 0 0 0 0 0 0 0 2 1 R 0
226 4834 22219 651 21281 625 6016 1 0 4 0 0 0 0 0 0 1 1 R 0
227 4853 18152 1222 18249 1129 3848 1 0 0 0 0 0 0 0 0 1 1 R 0
228 4873 18720 1365 18761 1331 3303 1 0 0 0 0 0 0 0 0 3 1 R 0
229 4896 21688 596 20554 569 3204 1 0 4 0 0 0 0 0 0 1 1 R 0
230 4916 19557 582 19586 552 3147 1 0 0 0 0 0 0 0 0 1 1 R 0
231 4938 21253 643 19552 616 6010 1 0 1 0 0 0 0 0 0 1 1 R 0
232 4961 22619 603 21656 568 4413 1 0 4 0 0 0 0 0 0 2 1 R 0
233 4980 18640 719 18699 676 3639 1 0 0 0 0 0 0 0 0 1 1 R 0
234 5000 18474 731 18523 679 3170 1 0 0 0 0 0 0 0 0 2 1 R 0
235 5021 20243 596 20274 571 3804 1 0 0 0 0 0 0 0 0 1 1 R 0
236 5048 26462 741 25311 664 6510 1 0 4 0 0 0 0 0 0 1 1 R 0
237 5076 28004 696 21668 658 8488 1 0 2 0 0 4 0 0 0 2 1 R 0
238 5109 31508 610 22898 558 3921 1 0 6 0 0 2 0 0 0 1 1 R 0
239 5139 30107 609 19339 574 19368 1 2 1 0 0 1 0 0 0 2 1 R 0
240 5162 22367 881 22420 839 8070 1 0 0 0 1 0 0 0 0 1 1 R 0
241 5186 22830 588 20498 554 3891 1 0 3 0 0 0 0 0 0 1 1 R 0
242 5204 17011 698 17056 660 3109 1 0 0 0 0 0 0 0 0 2 1 R 0
243 5227 22231 586 22265 559 6432 1 0 0 0 0 0 0 0 0 1 1 R 0
244 5250 22330 598 21188 566 3950 1 0 4 0 0 0 0 0 0 2 1 R 0
245 5272 21553 590 20839 561 4024 1 0 1 0 0 0 0 0 0 1 1 R 0
246 5291 18820 718 18869 674 3334 1 0 0 0 0 0 0 0 0 2 1 R 0
247 5313 21453 1506 21159 627 3133 1 0 4 0 0 0 0 0 0 2 1 R 0
248 5336 21145 580 20025 550 3202 1 0 1 0 0 0 0 0 0 1 1 R 0
249 5356 19716 684 19774 637 3821 1 0 0 0 0 0 0 0 0 1 1 R 0
250 5379 21923 556 20868 531 4171 1 0 4 0 0 0 0 0 0 1 1 R 0
251 5399 19711 574 19743 543 3732 1 0 0 0 0 0 0 0 0 2 1 R 0
252 5419 19506 784 19612 693 3871 1 0 0 0 0 0 0 0 0 1 1 R 0
253 5439 19488 576 19515 550 4293 1 0 0 0 0 0 0 0 0 1 1 R 0
254 5461 21174 607 19978 578 6531 1 0 4 0 0 0 0 0 0 1 1 R 0
255 5487 25169 641 25215 601 7582 1 0 0 0 0 0 0 0 0 2 1 R 0
256 5506 18864 1132 18958 1047 3159 1 0 0 0 0 0 0 0 0 2 1 R 0
257 5532 24064 608 21603 579 3182 1 0 5 0 0 0 0 0 0 1 1 R 0
258 5552 19281 684 19329 646 3907 1 0 0 0 0 0 0 0 0 1 1 R 0
259 5571 19028 591 19059 564 3827 1 0 0 0 0 0 0 0 0 2 1 R 0
260 5594 22524 688 21068 662 3289 1 0 4 0 0 0 0 0 0 1 1 R 0
261 5612 17226 706 17278 658 3068 1 0 0 0 0 0 0 0 0 2 1 R 0
262 5633 19902 984 19922 965 3416 1 0 0 0 0 0 0 0 0 0 1 R 0
263 5653 19106 1192 19131 1182 3827 1 0 0 0 1 0 0 0 0 2 1 R 0
264 5676 21879 754 19934 732 3712 1 0 3 0 0 0 0 0 0 2 1 R 0
265 5696 19286 572 19310 542 3786 1 0 0 0 0 0 0 0 0 1 1 R 0
266 5716 19250 725 19319 670 3410 1 0 0 0 0 0 0 0 0 1 1 R 0
267 5740 23159 611 20267 578 3186 1 0 5 0 0 0 0 0 0 2 1 R 0
268 5760 19543 618 19576 592 4401 1 0 0 0 0 0 0 0 0 1 1 R 0
269 5782 20968 575 19645 547 3836 1 0 1 0 0 0 0 0 0 1 1 R 0
270 5807 25109 592 23706 560 6415 1 0 4 0 0 0 0 0 0 2 1 R 0
271 5826 18190 899 18252 852 3154 1 0 0 0 0 0 0 0 0 2 1 R 0
272 5847 20224 628 20246 602 3889 1 0 0 0 0 0 0 0 0 1 1 R 0
273 5869 21614 605 20801 575 4288 1 0 4 0 0 0 0 0 0 1 1 R 0
274 5890 20258 718 20290 690 4005 1 0 0 0 0 1 0 0 0 1 1 R 0
275 5908 17477 699 17521 655 3541 1 0 0 0 0 0 0 0 0 2 1 R 0
276 5929 19399 730 19456 674 4083 1 0 0 0 0 0 0 0 0 2 1 R 0
277 5953 23231 592 20761 562 4653 1 0 5 0 0 0 0 0 0 1 1 R 0
278 5972 19305 601 19342 569 3899 1 0 0 0 0 0 0 0 0 1 1 R 0
279 5991 18347 851 18430 780 3610 1 0 0 0 0 0 0 0 0 2 1 R 0
280 6014 22099 817 21099 786 3160 1 0 4 0 0 0 0 0 0 2 1 R 0
281 6035 19666 736 19731 674 3314 1 0 0 0 0 0 0 0 0 1 1 R 0
282 6055 19347 581 19371 552 3876 1 0 0 0 0 0 0 0 0 1 1 R 0
283 6077 21931 585 21202 556 4054 1 0 4 0 0 0 0 0 0 1 1 R 0
284 6097 18654 851 18699 820 3313 1 0 0 0 0 0 0 0 0 1 1 R 0
285 6120 22411 588 22435 559 7301 1 0 0 0 0 0 0 0 0 2 1 R 0
286 6142 21030 809 20085 751 3873 1 0 1 0 0 0 0 0 0 1 1 R 0
287 6164 21649 568 20423 551 4664 1 0 4 0 0 0 0 0 0 1 1 R 0
288 6185 20046 584 20075 558 3898 1 0 0 0 0 0 0 0 0 2 1 R 0
289 6203 17563 1454 17610 1432 3201 1 0 0 0 0 0 0 0 0 2 1 R 0
290 6227 22718 625 21687 585 3476 1 0 4 0 0 0 0 0 0 2 1 R 0
291 6245 17899 744 17968 681 3107 1 0 0 0 0 0 0 0 0 1 1 R 0
292 6266 19971 587 19997 558 3883 1 0 0 0 0 0 0 0 0 1 1 R 0
293 6289 22279 601 21286 564 3859 1 0 4 0 0 0 0 0 0 1 1 R 0
294 6311 20934 656 20293 620 3726 1 0 1 0 0 0 0 0 0 2 1 R 0
295 6329 17714 710 17765 668 3544 1 0 0 0 0 0 0 0 0 2 1 R 0
296 6350 20848 589 19812 562 5038 1 0 1 0 0 0 0 0 0 1 1 R 0
297 6372 21425 1707 20569 1693 6633 1 0 4 0 0 1 0 0 0 1 1 R 0
298 6393 18795 814 18812 786 3515 1 0 0 0 0 0 0 0 0 1 1 R 0
299 6412 17864 813 17937 747 3707 1 0 0 0 0 0 0 0 0 2 1 R 0
300 6437 24827 600 23705 564 6002 1 0 4 0 0 0 0 0 0 1 1 R 0
301 6458 20109 598 20145 572 4349 1 0 0 0 0 0 0 0 0 2 1 R 0
302 6478 19793 819 19847 768 4410 1 0 0 0 0 0 0 0 0 1 1 R 0
303 6501 22247 601 21112 572 4447 1 0 4 0 0 0 0 0 0 1 1 R 0
304 6522 19508 1065 19617 956 3235 1 0 0 0 0 0 0 0 0 2 1 R 0
305 6542 19158 690 18247 658 3261 1 0 1 0 0 0 0 0 0 2 1 R 0
306 6562 19404 733 19471 682 3238 1 0 0 0 0 0 0 0 0 1 1 R 0
307 6586 23656 590 21716 563 4557 1 0 4 0 0 0 0 0 0 1 1 R 0
308 6606 19480 963 19531 925 3813 1 0 0 0 0 0 0 0 0 2 1 R 0
309 6626 18211 1051 18240 1033 3235 1 0 0 0 0 0 0 0 0 1 1 R 0
310 6649 22428 595 21317 568 3186 1 0 4 0 0 0 0 0 0 2 1 R 0
311 6669 19794 605 19828 575 4354 1 0 0 0 0 0 0 0 0 1 1 R 0
312 6689 19407 600 19440 570 4340 1 0 0 0 0 0 0 0 0 1 1 R 0
313 6712 21927 604 20152 575 3911 1 0 4 0 0 0 0 0 0 2 1 R 0
314 6731 18444 660 18491 608 3143 1 0 0 0 0 0 0 0 0 2 1 R 0
315 6757 24888 928 23515 886 6018 1 0 1 0 0 1 0 0 0 1 1 R 0
316 6779 21566 569 20872 544 4037 1 0 4 0 0 0 0 0 0 2 1 R 0
317 6799 19842 588 19871 556 4438 1 0 0 0 0 0 0 0 0 1 1 R 0
318 6819 19174 929 19223 892 3513 1 0 0 0 0 0 0 0 0 1 1 R 0
319 6838 17753 713 17806 663 3470 1 0 0 0 0 0 0 0 0 2 1 R 0
320 6861 22844 597 21841 565 5607 1 0 4 0 0 0 0 0 0 2 1 R 0
321 6881 19026 602 19062 573 3814 1 0 0 0 0 0 0 0 0 1 1 R 0
322 6901 19395 627 19426 594 3900 1 0 0 0 0 0 0 0 0 1 1 R 0
323 6924 22146 712 20695 678 3179 1 0 4 0 0 0 0 0 0 2 1 R 0
324 6945 20594 662 19660 616 3067 1 0 1 0 0 0 0 0 0 1 1 R 0
325 6965 19368 581 19408 554 3104 1 0 0 0 0 0 0 0 0 2 1 R 0
326 6988 22296 706 21380 690 3838 1 0 4 0 0 0 0 0 0 1 1 R 0
327 7008 19186 651 19215 614 3824 1 0 0 0 0 0 0 0 0 1 1 R 0
328 7029 20008 598 20042 564 4187 1 0 0 0 0 0 0 0 0 1 1 R 0
329 7047 17548 688 17589 659 3552 1 0 0 0 0 0 0 0 0 2 1 R 0
330 7073 25302 1115 24340 1095 8997 1 0 4 0 0 0 0 0 0 2 1 R 0
331 7093 18779 1026 18808 1025 4036 1 0 0 0 0 0 0 0 0 1 1 R 0
332 7114 20491 562 20486 539 3550 1 0 0 0 0 0 0 0 0 1 1 R 0
333 7135 20749 661 19807 562 3160 1 0 4 0 0 0 0 0 0 2 1 R 0
334 7156 20252 701 19055 677 3098 1 0 1 0 0 0 0 0 0 2 1 R 0
335 7177 19698 888 19724 846 4053 1 0 0 0 0 0 0 0 0 1 1 R 0
336 7200 22527 600 21341 570 4393 1 0 4 0 0 0 0 0 0 2 1 R 0
337 7220 18881 916 18934 872 4155 1 0 0 0 0 0 0 0 0 1 1 R 0
338 7239 18184 733 18248 663 3545 1 0 0 0 0 0 0 0 0 2 1 R 0
339 7258 18288 748 18348 706 4073 1 0 0 0 0 0 0 0 0 1 1 R 0
340 7282 23342 594 22112 566 7058 1 0 4 0 0 0 0 0 0 2 1 R 0
341 7302 19530 578 19563 550 3801 1 0 0 0 0 0 0 0 0 1 1 R 0
342 7322 19121 655 19225 553 3848 1 0 0 0 0 0 0 0 0 1 1 R 0
343 7346 23813 688 21390 600 3279 1 0 5 0 0 0 0 0 0 1 1 R 0
344 7366 18779 693 18831 659 3114 1 0 0 0 0 0 0 0 0 3 1 R 0
345 7389 22988 648 23019 620 8201 1 0 0 0 0 0 0 0 0 1 1 R 0
346 7412 21913 593 20631 562 4517 1 0 4 0 0 0 0 0 0 1 1 R 0
347 7432 19226 604 19258 577 3702 1 0 0 0 0 0 0 0 0 1 1 R 0
348 7451 18250 703 18304 656 3216 1 0 0 0 0 0 0 0 0 1 1 R 0
349 7470 18941 728 18981 686 3751 1 0 0 0 0 0 0 0 0 2 1 R 0
350 7495 23660 597 22150 570 7366 1 0 4 0 0 0 0 0 0 2 1 R 0
351 7515 19934 640 19973 619 3779 1 0 0 0 0 0 0 0 0 1 1 R 0
352 7535 19263 656 19292 623 3074 1 0 0 0 0 0 0 0 0 1 1 R 0
353 7559 23372 826 21318 801 4487 1 0 5 0 0 0 0 0 0 3 1 R 0
354 7579 18586 681 18635 635 3709 1 0 0 0 0 0 0 0 0 2 1 R 0
355 7599 20261 643 20290 615 5127 1 0 0 0 0 0 0 0 0 1 1 R 0
356 7622 21986 599 20533 560 4448 1 0 4 0 0 0 0 0 0 1 1 R 0
357 7641 18775 732 18829 693 4072 1 0 0 0 0 0 0 0 0 1 1 R 0
358 7662 20260 588 20285 557 3978 1 0 0 0 0 0 0 0 0 2 1 R 0
359 7682 19149 591 19189 559 3827 1 0 0 0 0 0 0 0 0 0 1 R 0
360 7708 25004 1020 23582 993 9838 1 0 4 0 0 0 0 0 0 2 1 R 0
361 7729 20344 579 20372 550 4308 1 0 0 0 0 0 0 0 0 1 1 R 0
362 7750 20109 728 19145 661 3549 1 0 1 0 0 0 0 0 0 2 1 R 0
363 7771 20685 838 19912 781 5284 1 0 4 0 0 0 0 0 0 2 1 R 0
364 7791 18928 740 18983 676 3301 1 0 0 0 0 0 0 0 0 1 1 R 0
365 7812 20341 747 20388 703 3821 1 0 0 0 0 0 0 0 0 1 1 R 0
366 7835 22449 683 20720 645 3864 1 0 4 0 0 0 0 0 0 2 1 R 0
367 7854 18449 774 18502 736 3071 1 0 0 0 0 1 0 0 0 1 1 R 0
368 7875 19355 696 19386 665 3285 1 0 0 0 0 0 0 0 0 2 1 R 0
369 7896 20557 1406 20184 869 3795 1 0 2 0 2 0 0 0 0 1 1 R 0
370 7917 20098 592 20096 557 4423 1 0 0 0 0 0 0 0 0 1 1 R 0
371 7937 19184 947 19250 902 3575 1 0 0 0 0 0 0 0 0 1 1 R 0
372 7958 20270 833 18833 741 5105 1 0 1 0 0 0 0 0 0 2 1 R 0
373 7979 20083 825 19119 799 5134 1 0 4 0 0 0 0 0 0 2 1 R 0
374 8000 20272 580 20298 543 3730 1 0 0 0 0 0 0 0 0 2 1 R 0
375 8023 22339 978 22821 501 8939 1 0 0 0 0 0 0 0 0 1 1 R 0
376 8047 23234 703 21981 661 3912 1 0 4 0 0 0 0 0 0 1 1 R 0
377 8066 18177 692 18239 649 3133 1 0 0 0 0 0 0 0 0 2 1 R 0
378 8087 19904 863 20019 743 3039 1 0 0 0 0 0 0 0 0 2 1 R 0
379 8110 22645 607 21373 575 4379 1 0 4 0 0 0 0 0 0 1 1 R 0
380 8131 19974 610 20008 576 4472 1 0 0 0 0 0 0 0 0 1 1 R 0
381 8151 19837 845 18833 800 3147 1 0 1 0 0 0 0 0 0 2 1 R 0
382 8171 18958 703 19001 660 3057 1 0 0 0 0 0 0 0 0 2 1 R 0
383 8194 22103 564 21234 538 4234 1 0 4 0 0 0 0 0 0 1 1 R 0
384 8215 20129 578 20164 549 3871 1 0 0 0 0 0 0 0 0 1 1 R 0
385 8235 19669 571 19701 546 3723 1 0 0 0 0 0 0 0 0 2 1 R 0
386 8258 22056 594 21019 565 3195 1 0 4 0 0 0 0 0 0 2 1 R 0
387 8276 18218 828 18259 790 3605 1 0 0 0 0 0 0 0 0 1 1 R 0
388 8297 20152 593 20185 559 3270 1 0 0 0 0 0 0 0 0 2 1 R 0
389 8321 22962 605 21657 574 4994 1 0 5 0 0 0 0 0 0 1 1 R 0
390 8347 25375 733 24496 647 7424 1 0 1 0 0 0 0 0 0 1 1 R 0
391 8366 18563 774 18645 710 3412 1 0 0 0 0 0 0 0 0 2 1 R 0
392 8390 23202 588 21525 560 3075 1 0 4 0 0 0 0 0 0 2 1 R 0
393 8410 18865 590 18896 561 3736 1 0 0 0 0 0 0 0 0 1 1 R 0
394 8431 20260 586 20296 554 4408 1 0 0 0 0 0 0 0 0 1 1 R 0
395 8449 18156 721 18213 664 3710 1 0 0 0 0 0 0 0 0 2 1 R 0
396 8471 21086 750 20236 703 5253 1 0 4 0 0 0 0 0 0 1 1 R 0
397 8490 18129 728 18176 682 3289 1 0 0 0 0 0 0 0 0 2 1 R 0
398 8512 20898 621 20931 593 4022 1 0 0 0 0 0 0 0 0 1 1 R 0
399 8535 22905 597 21104 570 3819 1 0 4 0 0 0 0 0 0 2 1 R 0
400 8557 21100 1471 20176 1440 3509 1 0 1 0 0 1 0 0 0 1 1 R 0
401 8577 18317 696 18363 658 3587 1 0 0 0 0 0 0 0 0 2 1 R 0
402 8600 22213 574 21182 548 3078 1 0 4 0 0 0 0 0 0 2 1 R 0
403 8620 19724 592 19759 556 4245 1 0 0 0 0 0 0 0 0 1 1 R 0
404 8640 19493 583 19530 546 4623 1 0 0 0 0 0 0 0 0 1 1 R 0
405 8663 22357 1932 22403 1631 6733 1 0 0 0 3 0 0 0 0 2 1 R 0
406 8685 20319 776 19643 716 3393 1 0 1 0 0 0 0 0 0 1 1 R 0
407 8703 17256 1583 17302 1559 3098 1 0 0 0 0 0 0 0 0 2 1 R 0
408 8725 20678 569 20686 543 4240 1 0 0 0 0 0 0 0 0 1 1 R 0
409 8750 23814 560 21875 527 3871 1 0 5 0 0 0 0 0 0 1 1 R 0
410 8770 19258 798 19355 716 3973 1 0 0 0 0 0 0 0 0 2 1 R 0
411 8790 19214 575 19242 542 4461 1 0 0 0 0 0 0 0 0 1 1 R 0
412 8813 22350 598 21108 566 4518 1 0 4 0 0 0 0 0 0 1 1 R 0
413 8833 19632 956 19665 932 3784 1 0 0 0 0 0 0 0 0 1 1 R 0
414 8853 18872 914 18958 836 3357 1 0 0 0 0 0 0 0 0 2 1 R 0
415 8872 18610 697 18675 625 3376 1 0 0 0 0 0 0 0 0 1 1 R 0
416 8895 22063 779 20326 754 3091 1 0 4 0 0 0 0 0 0 2 1 R 0
417 8915 19588 585 19620 548 3896 1 0 0 0 0 0 0 0 0 1 1 R 0
418 8935 19174 584 19212 551 3885 1 0 0 0 0 0 0 0 0 1 1 R 0
419 8961 25247 650 22721 627 3338 1 0 5 0 0 0 0 0 0 2 1 R 0
420 8987 25018 637 25045 605 8568 1 0 0 0 0 0 0 0 0 2 1 R 0
421 9007 19706 709 19803 615 3884 1 0 0 0 0 0 0 0 0 1 1 R 0
422 9031 23083 604 21936 571 6099 1 0 4 0 0 0 0 0 0 1 1 R 0
423 9051 19328 667 19378 613 4275 1 0 0 0 0 0 0 0 0 0 1 R 0
424 9071 19398 597 19442 561 3990 1 0 0 0 0 0 0 0 0 2 1 R 0
425 9092 20362 742 19329 692 3738 1 0 4 0 0 0 0 0 0 2 1 R 0
426 9113 20710 938 20740 916 3077 1 0 0 0 0 0 0 0 0 1 1 R 0
427 9133 18717 950 18744 923 3800 1 0 0 0 0 0 0 0 0 1 1 R 0
428 9158 24444 733 22277 695 3887 1 0 5 0 0 0 0 0 0 2 1 R 0
429 9178 19387 675 19462 593 4126 1 0 0 0 0 0 0 0 0 1 1 R 0
430 9197 18269 729 18342 665 3699 1 0 0 0 0 0 0 0 0 2 1 R 0
431 9217 18856 685 18912 645 3605 1 0 0 0 0 0 0 0 0 2 1 R 0
432 9239 21737 585 20578 552 6662 1 0 4 0 0 0 0 0 0 1 1 R 0
433 9259 19296 779 19333 754 4146 1 0 0 0 0 0 0 0 0 1 1 R 0
434 9281 20764 572 20415 546 4842 1 0 1 0 0 0 0 0 0 1 1 R 0
435 9306 24397 602 23326 565 6384 1 0 4 0 0 0 0 0 0 2 1 R 0
436 9325 18654 675 18703 638 3296 1 0 0 0 0 0 0 0 0 2 1 R 0
437 9346 20151 786 20183 766 3806 1 0 0 0 0 0 0 0 0 2 1 R 0
438 9370 23750 594 21535 557 5515 1 0 5 0 0 0 0 0 0 1 1 R 0
439 9389 18005 720 18077 667 3542 1 0 0 0 0 0 0 0 0 2 1 R 0
440 9409 19891 710 19916 684 4428 1 0 0 0 0 0 0 0 0 1 1 R 0
441 9430 20088 602 19780 572 3820 1 0 1 0 0 0 0 0 0 1 1 R 0
442 9453 21983 992 21042 973 6634 1 0 4 0 0 0 0 0 0 1 1 R 0
443 9472 18048 739 18117 668 3455 1 0 0 0 0 1 0 0 0 2 1 R 0
444 9491 18329 694 18383 653 3317 1 0 0 0 0 0 0 0 0 1 1 R 0
445 9515 23438 720 22441 693 3156 1 0 4 0 0 0 0 0 0 2 1 R 0
446 9535 19594 581 19624 551 3879 1 0 0 0 0 0 0 0 0 1 1 R 0
447 9563 26645 4633 21201 1032 3850 1 0 4 0 0 0 0 0 0 2 1 S 1
448 9597 30007 562 19063 539 5265 1 0 5 0 0 0 0 0 0 1 1 R 0
449 9632 34073 590 19499 561 23033 1 2 0 0 0 0 0 0 0 2 1 R 0
450 9658 25390 588 24069 552 7745 1 0 4 0 0 0 0 0 0 1 1 R 0
451 9678 19209 711 19242 681 3895 1 0 0 0 0 0 0 0 0 1 1 R 0
452 9696 17984 989 18056 921 3062 1 0 0 0 0 0 0 0 0 2 1 R 0
453 9719 21780 554 20717 532 3223 1 0 4 0 0 0 0 0 0 2 1 R 0
454 9740 20257 576 20288 549 3505 1 0 0 0 0 0 0 0 0 2 1 R 0
455 9761 20449 584 18739 558 4380 1 0 1 0 0 0 0 0 0 1 1 R 0
456 9780 18921 831 19009 751 3394 1 0 0 0 0 0 0 0 0 1 1 R 0
457 9802 20254 728 19258 701 4587 1 0 4 0 0 0 0 0 0 2 1 R 0
458 9821 18283 709 18319 662 3074 1 0 0 0 0 0 0 0 0 2 1 R 0
459 9841 19589 903 19678 937 3889 1 0 0 0 0 0 0 0 0 1 1 R 0
460 9868 26187 778 24237 735 3971 1 0 4 0 0 0 0 0 0 2 1 R 0
461 9889 20152 688 20196 655 3566 1 0 0 0 0 1 0 0 0 2 1 R 0
462 9909 19555 784 19586 750 4270 1 0 0 0 0 0 0 0 0 2 1 R 0
463 9932 21571 689 20629 655 4463 1 0 4 0 0 0 0 0 0 2 1 R 0
464 9954 22094 2302 22154 1051 3875 1 0 0 0 1 0 0 0 0 1 1 R 0
465 9979 22197 597 22200 562 7494 1 0 0 0 0 0 0 0 0 2 1 R 0
466 10001 21858 594 20539 561 4064 1 0 4 0 0 0 0 0 0 1 1 R 0
467 10019 17395 716 17444 673 3104 1 0 0 0 0 0 0 0 0 2 1 R 0
468 10041 20609 607 20642 572 5273 1 0 0 0 0 0 0 0 0 1 1 R 0
469 10061 19501 577 19533 549 4389 1 0 0 0 0 0 0 0 0 1 1 R 0
470 10083 21487 1102 20650 1051 6234 1 0 4 0 0 0 0 0 0 2 1 R 0
471 10101 17540 732 17610 650 3303 1 0 0 0 0 0 0 0 0 1 1 R 0
472 10121 18843 685 18893 650 3089 1 0 0 0 0 0 0 0 0 2 1 R 0
473 10145 23422 595 22013 560 4094 1 0 4 0 0 0 0 0 0 2 1 R 0
474 10167 21377 629 19961 590 3888 1 0 1 0 0 0 0 0 0 1 1 R 0
475 10187 19384 646 19426 614 4305 1 0 0 0 0 0 0 0 0 1 1 R 0
476 10209 21630 654 20589 628 3074 1 0 4 0 0 0 0 0 0 2 1 R 0
477 10228 17836 702 17907 638 3671 1 0 0 0 0 0 0 0 0 2 1 R 0
478 10249 20409 591 20444 560 5149 1 0 0 0 0 0 0 0 0 1 1 R 0
479 10269 19936 595 19969 564 4282 1 0 0 0 0 0 0 0 0 1 1 R 0
480 10294 24162 637 22991 618 9475 1 0 4 0 0 0 0 0 0 1 1 R 0
481 10315 19691 699 19352 646 3149 1 0 1 0 0 0 0 0 0 2 1 R 0
482 10335 19326 733 19405 662 3460 1 0 0 0 0 0 0 0 0 2 1 R 0
483 10359 23654 555 21325 531 3848 1 0 5 0 0 0 0 0 0 1 1 R 0
484 10379 19727 597 19764 561 4369 1 0 0 0 0 0 0 0 0 1 1 R 0
485 10398 17689 648 17758 587 3582 1 0 0 0 0 0 0 0 0 1 1 R 0
486 10438 39579 600 35134 564 28528 1 0 6 0 0 0 0 0 0 3 1 R 0
487 10458 19305 580 19345 545 4215 1 0 0 0 0 0 0 0 0 1 1 R 0
488 10478 19895 595 19932 564 4356 1 0 0 0 0 0 0 0 0 1 1 R 0
489 10499 20701 593 19718 556 5063 1 0 4 0 0 0 0 0 0 2 1 R 0
490 10519 18743 700 18796 649 3490 1 0 0 0 0 0 0 0 0 2 1 R 0
491 10538 18735 735 18810 664 4097 1 0 0 0 0 0 0 0 0 1 1 R 0
492 10564 24745 555 22138 531 4174 1 0 5 0 0 0 0 0 0 2 1 R 0
493 10584 20194 576 20231 543 3812 1 0 0 0 0 0 0 0 0 1 1 R 0
494 10606 21223 847 21280 798 3215 1 0 0 0 0 0 0 0 0 2 1 R 0
495 10632 24429 579 22869 554 6545 1 0 4 0 0 0 0 0 0 1 1 R 0
496 10650 17939 710 17993 663 3156 1 0 0 0 0 0 0 0 0 2 1 R 0
497 10671 20555 592 20580 559 5350 1 0 0 0 0 0 0 0 0 1 1 R 0
498 10692 20019 577 20055 541 4000 1 0 0 0 0 0 0 0 0 1 1 R 0
499 10714 21926 568 20632 543 4412 1 0 4 0 0 0 0 0 0 2 1 R 0
500 10735 19954 618 19988 592 3900 1 0 0 0 0 0 0 0 0 1 1 R 0
501 10755 19165 578 19198 543 3823 1 0 0 0 0 0 0 0 0 1 1 R 0
502 10779 23526 1640 20938 1619 5406 1 0 5 0 0 1 0 0 0 2 1 R 0
503 10800 19156 584 19176 552 4216 1 0 0 0 0 0 0 0 0 1 1 R 0
504 10819 18520 710 18599 638 3773 1 0 0 0 0 0 0 0 0 2 1 R 0
505 10841 21302 777 19812 725 3640 1 0 4 0 0 0 0 0 0 2 1 R 0
506 10860 18714 808 18803 712 3087 1 0 0 0 0 0 0 0 0 1 1 R 0
507 10881 20021 632 20058 590 3967 1 0 0 0 0 0 0 0 0 1 1 R 0
508 10902 20016 660 20058 632 3653 1 0 0 0 0 0 0 0 0 1 1 R 0
509 10923 20515 976 19199 957 4633 1 0 4 0 0 0 0 0 0 3 1 R 0
510 10946 22055 649 22153 546 6157 1 0 0 0 0 0 0 0 0 1 1 R 0
511 10968 21027 577 19935 547 3884 1 0 1 0 0 0 0 0 0 1 1 R 0
512 10990 22133 600 20767 564 5320 1 0 4 0 0 0 0 0 0 1 1 R 0
513 11008 17576 783 17645 731 3769 1 0 0 0 0 0 0 0 0 2 1 R 0
514 11028 18572 674 18609 631 3529 1 0 0 0 0 0 0 0 0 2 1 R 0
515 11051 22572 891 21263 794 4385 1 0 4 0 0 0 0 0 0 2 1 R 0
516 11072 19540 593 19573 559 3830 1 0 0 0 0 0 0 0 0 1 1 R 0
517 11092 19825 591 19859 560 3986 1 0 0 0 0 0 0 0 0 1 1 R 0
518 11111 18578 839 18639 777 3340 1 0 0 0 0 0 0 0 0 2 1 R 0
519 11133 20782 1511 19652 1471 4663 1 0 4 0 0 0 0 0 0 1 1 R 0
520 11152 17379 697 17430 655 3161 1 0 0 0 0 0 0 0 0 2 1 R 0
521 11175 22619 582 21543 556 4500 1 0 1 0 0 0 0 0 0 1 1 R 0
522 11198 22166 595 20816 558 3964 1 0 4 0 0 0 0 0 0 2 1 R 0
523 11217 18433 703 18498 657 3088 1 0 0 0 0 0 0 0 0 1 1 R 0
524 11237 19243 700 19279 663 3097 1 0 0 0 0 0 0 0 0 2 1 R 0
525 11262 24166 601 23098 576 6467 1 0 4 0 0 0 0 0 0 1 1 R 0
526 11284 21723 549 21145 528 4249 1 0 1 0 0 0 0 0 0 1 1 R 0
527 11303 18509 1124 18542 1107 3780 1 0 0 0 0 0 0 0 0 1 1 R 0
528 11323 18974 1164 18996 1146 3993 1 0 0 0 2 0 0 0 0 2 1 R 0
529 11345 20452 709 18819 662 3038 1 0 2 0 0 0 0 0 0 1 1 R 0
530 11367 21825 572 20502 545 3138 1 0 1 0 0 0 0 0 0 1 1 R 0
531 11387 19290 663 19335 628 4330 1 0 0 0 0 0 0 0 0 1 1 R 0
532 11410 22157 600 21264 572 4794 1 0 4 0 0 0 0 0 0 2 1 R 0
533 11429 18956 754 19043 682 4354 1 0 0 0 0 0 0 0 0 1 1 R 0
534 11449 18724 847 18770 803 3556 1 0 0 0 0 0 0 0 0 2 1 R 0
535 11471 21591 607 20168 573 3574 1 0 4 0 0 0 0 0 0 2 1 R 0
536 11492 19669 598 19706 565 4120 1 0 0 0 0 0 0 0 0 1 1 R 0
537 11511 19143 653 19178 627 3572 1 0 0 0 0 0 0 0 0 1 1 R 0
538 11531 19391 800 19436 762 3403 1 0 0 0 0 0 0 0 0 2 1 R 0
539 11552 20251 1283 19057 1246 4525 1 0 4 0 0 0 0 0 0 1 1 R 0
540 11578 24190 588 23238 558 6305 1 0 1 0 0 0 0 0 0 1 1 R 0
541 11598 19321 616 19359 584 4318 1 0 0 0 0 0 0 0 0 1 1 R 0
542 11620 21551 598 20279 568 6322 1 0 4 0 0 0 0 0 0 3 1 R 0
543 11639 18546 689 18595 655 3641 1 0 0 0 0 0 0 0 0 0 1 R 0
544 11658 18642 983 18725 903 3536 1 0 0 0 0 0 0 0 0 2 1 R 0
545 11682 22315 614 20956 577 4307 1 0 4 0 0 0 0 0 0 1 1 R 0
546 11702 20036 583 20072 547 3938 1 0 0 0 0 0 0 0 0 1 1 R 0
547 11722 19105 740 19161 702 4032 1 0 0 0 0 0 0 0 0 2 1 R 0
548 11741 18414 887 18470 818 3280 1 0 0 0 0 0 0 0 0 2 1 R 0
549 11765 22702 638 21733 592 3586 1 0 4 0 0 0 0 0 0 2 1 R 0
550 11786 20968 565 19613 542 3230 1 0 1 0 0 0 0 0 0 1 1 R 0
551 11807 19524 585 19558 549 3932 1 0 0 0 0 0 0 0 0 1 1 R 0
552 11829 21842 633 20774 600 4110 1 0 4 0 0 0 0 0 0 1 1 R 0
553 11848 17877 698 17926 656 3762 1 0 0 0 0 0 0 0 0 2 1 R 0
554 11868 20171 818 20231 760 3597 1 0 0 0 0 1 0 0 0 2 1 R 0
555 11895 26065 600 24677 567 8285 1 0 4 0 0 0 0 0 0 1 1 R 0
556 11915 19403 617 19446 580 3892 1 0 0 0 0 0 0 0 0 1 1 R 0
557 11935 19075 658 19119 612 3327 1 0 0 0 0 0 0 0 0 2 1 R 0
558 11954 18776 2693 18864 1443 3093 1 0 1 0 3 0 0 0 0 2 1 R 0
559 11979 22092 637 21146 605 3450 1 0 1 0 0 0 0 0 0 2 1 R 0
560 11999 19110 581 19147 552 4319 1 0 0 0 0 0 0 0 0 1 1 R 0
561 12019 19932 587 19964 557 4287 1 0 0 0 0 0 0 0 0 1 1 R 0
562 12041 21004 607 19996 572 5181 1 0 4 0 0 0 0 0 0 2 1 R 0
563 12059 17628 920 17684 880 3151 1 0 0 0 0 0 0 0 0 1 1 R 0
564 12080 19517 796 19554 754 4397 1 0 0 0 0 0 0 0 0 2 1 R 0
565 12103 22266 961 20866 942 4794 1 0 4 0 0 0 0 0 0 1 1 R 0
566 12124 20276 686 20287 666 3955 1 0 0 0 0 0 0 0 0 2 1 R 0
567 12143 18171 1521 18234 1487 3169 1 0 0 0 0 0 0 0 0 1 1 R 0
568 12166 22007 922 21237 685 3055 1 0 3 0 1 0 0 0 0 1 1 R 0
569 12188 21010 595 20108 563 4383 1 0 1 0 0 1 0 0 0 1 1 R 0
570 12212 22810 597 22846 564 8456 1 0 0 0 0 0 0 0 0 2 1 R 0
571 12233 20711 2179 20746 1673 3790 1 0 0 0 4 0 0 0 0 2 1 R 0
572 12255 19603 964 19264 940 3171 1 0 0 0 0 0 0 0 0 1 1 R 0
573 12273 17004 1391 17049 1345 3221 1 0 0 0 0 0 0 0 0 1 1 R 0
574 12295 21027 564 21043 534 3979 1 0 0 0 0 0 0 0 0 2 1 R 0
575 12318 21971 614 20269 583 3874 1 0 3 0 0 0 0 0 0 2 1 R 0
576 12338 19238 597 19262 564 4386 1 0 0 0 0 0 0 0 0 1 1 R 0
577 12356 17558 851 17599 819 3278 1 0 0 0 0 0 0 0 0 1 1 R 0
578 12381 24459 594 21797 562 3535 1 0 5 0 0 0 0 0 0 2 1 R 0
579 12401 18927 593 18962 560 3792 1 0 0 0 0 0 0 0 0 2 1 R 0
580 12421 19958 609 19997 575 4395 1 0 0 0 0 0 0 0 0 1 1 R 0
581 12443 20948 1490 20990 1589 4210 1 0 0 0 1 0 0 0 0 1 1 R 0
582 12466 22239 577 20277 541 3403 1 0 3 0 0 0 0 0 0 1 1 R 0
583 12486 18707 973 18775 916 3080 1 0 0 0 0 0 0 0 0 2 1 R 0
584 12507 19973 594 20006 559 3929 1 0 0 0 0 0 0 0 0 1 1 R 0
585 12532 24332 606 22978 580 11648 1 0 4 0 0 0 0 0 0 1 1 R 0
586 12551 18837 809 18893 762 3104 1 0 0 0 0 0 0 0 0 2 1 R 0
587 12569 17652 917 17709 875 3116 1 0 0 0 1 0 0 0 0 2 1 R 0
588 12595 24861 595 21806 573 4065 1 0 4 0 0 0 0 0 0 1 1 R 0
589 12615 19559 586 19585 553 3826 1 0 0 0 0 0 0 0 0 1 1 R 0
590 12637 20903 634 20943 597 3898 1 0 0 0 0 0 0 0 0 1 1 R 0
591 12659 21806 657 20600 642 3155 1 0 4 0 0 0 0 0 0 1 1 R 0
592 12679 19339 802 19391 747 3584 1 0 0 0 0 0 0 0 0 2 1 R 0
593 12700 19904 596 19939 562 4172 1 0 0 0 0 0 0 0 0 1 1 R 0
594 12720 19312 589 19351 552 4393 1 0 0 0 0 0 0 0 0 1 1 R 0
595 12742 21309 585 20133 551 5808 1 0 4 0 0 0 0 0 0 2 1 R 0
596 12762 19095 687 19150 641 3581 1 0 0 0 0 0 0 0 0 1 1 R 0
597 12783 20940 1527 19593 1447 3150 1 0 1 0 0 0 0 0 0 2 1 R 0
598 12807 22076 602 20848 568 3931 1 0 4 0 0 0 0 0 0 1 1 R 0
599 12850 42135 3725 24725 1817 4071 1 0 11 0 1 0 0 1 1 2 1 R 0
600 12892 38694 692 34740 649 15064 1 0 2 0 0 17 0 1 1 1 0 R 0
601 12912 19223 633 19248 603 3777 1 0 0 0 0 0 0 1 1 1 0 R 0
602 12934 21748 578 21778 553 3943 1 0 0 0 0 0 0 1 1 1 0 R 0
603 12961 26401 1018 26539 995 4496 1 0 0 0 0 0 0 1 1 1 0 R 0
604 12991 28424 1748 28349 1733 6391 1 0 0 0 0 1 0 1 1 1 0 R 0
605 13012 20067 691 20083 671 4021 1 0 0 0 0 0 0 1 1 2 0 R 0
606 13035 22166 581 22188 554 3788 1 0 0 0 0 0 0 1 1 1 0 R 0
607 13060 24464 1037 24504 1133 4019 1 0 0 0 0 0 0 1 1 1 0 R 0
608 13090 29018 1016 28920 1084 6518 1 0 0 0 0 0 0 1 1 1 0 R 0
609 13111 19738 613 19680 581 3894 1 0 0 0 0 0 0 1 1 1 0 R 0
610 13132 20190 686 20236 645 4290 1 0 0 0 0 0 0 1 1 1 0 R 0
611 13159 25904 999 26036 870 4459 1 0 0 0 0 0 0 1 1 1 0 R 0
612 13190 30707 1189 30746 1170 7202 1 0 0 0 0 0 0 1 1 1 0 R 0
613 13216 24340 607 24363 585 6461 1 0 0 0 0 0 0 1 1 1 0 R 0
614 13238 21342 1097 21460 979 3922 1 0 0 0 0 0 0 1 1 3 0 R 0
615 13269 30291 1189 29765 1267 10202 1 0 1 0 0 0 0 1 1 1 0 R 0
616 13299 29109 597 29040 565 6233 1 0 0 0 0 0 0 1 1 1 0 R 0
617 13320 19639 599 19670 568 4452 1 0 0 0 0 0 0 1 1 1 0 R 0
618 13341 20929 1053 20967 1024 4572 1 0 0 0 0 0 0 1 1 1 0 R 0
619 13368 25934 1012 25967 986 4019 1 0 0 0 0 0 0 1 1 1 0 R 0
620 13400 30402 1019 30429 1000 6347 1 0 0 0 0 0 0 1 1 2 0 R 0
621 13424 23537 617 23571 583 6790 1 0 0 0 0 0 0 1 1 1 0 R 0
622 13447 22148 653 22181 619 3920 1 0 0 0 0 0 0 1 1 1 0 R 0
623 13472 24293 978 24328 952 5621 1 0 0 0 0 0 0 1 1 0 0 R 0
624 13501 28370 1157 28402 1137 7647 1 0 0 0 0 0 0 1 1 2 0 R 0
625 13523 20219 1080 20260 1044 4255 1 0 0 0 0 0 0 1 1 0 0 R 0
626 13543 18850 625 18871 598 3887 1 0 0 0 0 0 0 1 1 1 0 R 0
627 13571 27486 906 27270 877 4694 1 0 1 0 0 0 0 1 1 3 0 R 0
628 13605 33180 1109 31602 1092 5657 1 0 1 0 0 0 0 1 1 0 0 R 0
629 13626 19686 588 19700 563 3974 1 0 0 0 0 0 0 1 1 1 0 R 0
630 13651 24405 615 24448 576 8342 1 0 0 0 0 0 0 1 1 1 0 R 0
631 13676 25178 1119 25309 1001 5198 1 0 0 0 0 0 0 1 1 3 0 R 0
632 13707 29470 1014 29495 1006 7425 1 0 0 0 0 0 0 1 1 1 0 R 0
633 13728 19996 684 20041 628 4504 1 0 0 0 0 0 0 1 1 1 0 R 0
634 13750 21654 1014 21691 987 4321 1 0 0 0 0 0 0 1 1 1 0 R 0
635 13775 24050 1364 24173 1352 3781 1 0 0 0 0 0 0 1 1 1 0 R 0
636 13807 30787 984 30796 862 6404 1 0 0 0 0 0 0 1 1 1 0 R 0
637 13829 20228 641 20264 609 4262 1 0 0 0 0 0 0 1 1 1 0 R 0
638 13849 19535 671 19590 621 4407 1 0 0 0 0 0 0 1 1 1 0 R 0
639 13874 24085 985 24115 961 4613 1 0 0 0 0 0 0 1 1 1 0 R 0
640 13905 30255 1005 30402 858 7633 1 0 0 0 0 0 0 1 1 2 0 R 0
641 13931 24683 772 24762 700 7277 1 0 0 0 0 0 0 1 1 1 0 R 0
642 13951 19428 590 19463 557 3959 1 0 0 0 0 0 0 1 1 1 0 R 0
643 13976 24420 1055 24453 1029 6222 1 0 0 0 0 0 0 1 1 1 0 R 0
644 14007 30503 987 30623 866 6956 1 0 0 0 0 0 0 1 1 1 0 R 0
645 14033 24930 949 25318 571 12500 1 0 0 0 0 0 0 1 1 1 0 R 0
646 14054 19973 576 20001 554 3920 1 0 0 0 0 0 0 1 1 1 0 R 0
647 14077 21828 653 21908 573 3961 1 0 0 0 0 1 0 1 1 2 0 R 0
648 14098 20511 582 20544 553 4533 1 0 0 0 0 0 0 1 1 1 0 R 0
649 14118 19838 608 19875 572 4654 1 0 0 0 0 0 0 1 1 1 0 R 0
650 14141 21956 590 21992 560 4941 1 0 0 0 0 0 0 1 1 1 0 R 0
651 14162 20232 607 20269 573 4299 1 0 0 0 0 0 0 1 1 2 0 R 0
652 14182 20088 630 20156 565 4108 1 0 0 0 0 0 0 1 1 1 0 R 0
653 14206 22957 647 22992 618 5668 1 0 0 0 0 0 0 1 1 1 0 R 0
654 14227 20948 601 20989 564 3840 1 0 0 0 0 0 0 1 1 1 0 R 0
655 14248 20049 603 19744 573 4815 1 0 1 0 0 0 0 1 1 1 0 R 0
656 14269 20782 632 20820 606 4381 1 0 0 0 0 0 0 1 1 1 0 R 0
657 14298 28187 952 28214 928 6269 1 0 0 0 0 0 0 1 1 1 0 R 0
658 14326 27152 633 27198 591 6510 1 0 0 0 0 0 0 1 1 1 0 R 0
659 14347 19632 662 19665 624 4110 1 0 0 0 0 0 0 1 1 1 0 R 0
660 14370 23016 602 23058 567 8224 1 0 0 0 0 0 0 1 1 1 0 R 0
661 14400 29073 999 29109 980 7789 1 0 0 0 0 0 0 1 1 1 0 R 0
662 14428 26936 643 26959 610 7164 1 0 0 0 0 0 0 1 1 2 0 R 0
663 14448 19356 599 19392 570 4715 1 0 0 0 0 0 0 1 1 1 0 R 0
664 14471 21970 604 22008 571 4328 1 0 0 0 0 0 0 1 1 1 0 R 0
665 14498 27117 977 27153 949 5373 1 0 0 0 0 0 0 1 1 1 0 R 0
666 14528 28702 588 28733 564 7055 1 0 0 0 0 0 0 1 1 1 0 R 0
667 14548 19861 606 19891 580 4451 1 0 0 0 0 0 0 1 1 1 0 R 0
668 14570 21486 753 21519 719 4398 1 0 0 0 0 0 0 1 1 1 0 R 0
669 14599 27979 1235 27028 1315 5070 1 0 1 0 0 0 0 1 1 2 0 R 0
670 14631 30503 605 29695 589 9184 1 0 1 0 0 0 0 1 1 1 0 R 0
671 14651 19572 658 19595 624 4090 1 0 0 0 0 0 0 1 1 1 0 R 0
672 14673 21401 1305 21448 1273 3847 1 0 0 0 0 0 0 1 1 2 0 R 0
673 14698 23716 1004 23745 977 3779 1 0 0 0 0 0 0 1 1 1 0 R 0
674 14727 27507 997 27535 975 7260 1 0 0 0 0 0 0 1 1 1 0 R 0
675 14751 23714 606 23737 579 10186 1 0 0 0 0 0 0 1 1 1 0 R 0
676 14772 19810 1334 19844 1304 3831 1 0 0 0 0 0 0 1 1 1 0 R 0
677 14796 22710 899 22747 873 3898 1 0 0 0 0 0 0 1 1 1 0 R 0
678 14817 20387 641 20412 613 5013 1 0 0 0 0 0 0 1 1 2 0 R 0
679 14837 19659 599 19690 572 4108 1 0 0 0 0 0 0 1 1 1 0 R 0
680 14860 21552 650 21600 608 6053 1 0 0 0 0 0 0 1 1 1 0 R 0
681 14881 20555 617 20594 581 4210 1 0 0 0 0 0 0 1 1 1 0 R 0
682 14912 30998 3066 30489 2327 5755 1 0 1 0 1 0 0 1 1 1 0 R 0
683 14941 25389 605 25400 581 7927 1 0 0 0 0 0 0 1 1 1 0 R 0
684 14962 20430 592 20459 564 4665 1 0 0 0 0 0 0 1 1 1 0 R 0
685 14984 21568 582 21595 554 3803 1 0 0 0 0 0 0 1 1 1 0 R 0
686 15011 26622 1016 26757 987 5843 1 0 0 0 0 0 0 1 1 1 0 R 0
687 15040 27965 1061 27902 1038 6619 1 0 0 0 0 0 0 1 1 1 0 R 0
688 15064 22919 576 22942 551 5736 1 0 0 0 0 0 0 1 1 1 0 R 0
689 15087 22474 597 22507 566 3828 1 0 0 0 0 0 0 1 1 2 0 R 0
690 15112 24007 605 24042 576 11182 1 0 0 0 0 0 0 1 1 1 0 R 0
691 15132 19264 645 19320 590 3788 1 0 0 0 0 0 0 1 1 1 0 R 0
692 15156 23187 621 23226 597 3937 1 0 0 0 0 0 0 1 1 1 0 R 0
693 15175 19200 584 19222 555 4036 1 0 0 0 0 0 0 1 1 2 0 R 0
694 15201 25188 885 25317 764 3910 1 0 0 0 0 0 0 1 1 1 0 R 0
695 15231 28397 999 28430 978 5434 1 0 0 0 0 0 0 1 1 1 0 R 0
696 15259 27173 599 27206 564 6182 1 0 0 0 0 0 0 1 1 1 0 R 0
697 15280 20488 611 20169 581 5362 1 0 1 0 0 0 0 1 1 1 0 R 0
698 15304 23749 743 23777 716 5924 1 0 0 0 0 0 0 1 1 1 0 R 0
699 15327 22603 884 22638 854 4931 1 0 0 0 0 0 0 1 1 2 0 R 0
700 15352 23687 606 23723 574 6375 1 0 0 0 0 0 0 1 1 1 0 R 0
701 15372 19371 614 19407 575 4131 1 0 0 0 0 0 0 1 1 1 0 R 0
702 15395 22236 673 22284 661 3935 1 0 0 0 0 0 0 1 1 1 0 R 0
703 15421 25655 1011 25664 988 4709 1 0 0 0 0 0 0 1 1 1 0 R 0
704 15451 29028 610 27926 578 7601 1 0 1 0 0 0 0 1 1 1 0 R 0
705 15476 24021 641 24051 616 9964 1 0 0 0 0 0 0 1 1 1 0 R 0
706 15498 21463 600 21500 567 3896 1 0 0 0 0 0 0 1 1 2 0 R 0
707 15526 27060 2037 27094 2134 6621 1 0 0 0 0 1 0 1 1 1 0 R 0
708 15555 26960 586 26866 563 6221 1 0 0 0 0 0 0 1 1 1 0 R 0
709 15575 19338 598 19366 567 4103 1 0 0 0 0 0 0 1 1 1 0 R 0
710 15597 21557 597 21594 565 3854 1 0 0 0 0 0 0 1 1 1 0 R 0
711 15627 30036 979 28995 969 6811 1 0 2 0 0 0 0 1 1 1 0 R 0
712 15656 27726 615 27740 584 7788 1 0 0 0 0 0 0 1 1 1 0 R 0
713 15677 20630 607 20666 576 3831 1 0 0 0 0 0 0 1 1 1 0 R 0
714 15699 20986 618 21022 597 4287 1 0 0 0 0 0 0 1 1 1 0 R 0
715 15725 25450 1493 25471 1465 5350 1 0 0 0 0 0 0 1 1 2 0 R 0
716 15757 30297 995 30332 980 7421 1 0 0 0 0 0 0 1 1 1 0 R 0
717 15779 21688 645 21708 611 6801 1 0 0 0 0 0 0 1 1 1 0 R 0
718 15802 21462 603 21507 568 4289 1 0 0 0 0 0 0 1 1 1 0 R 0
719 15829 27139 608 27177 575 5114 1 0 0 0 0 0 0 1 1 1 0 R 0
720 15861 31308 609 31345 577 13149 1 0 0 0 0 0 0 1 1 1 0 R 0
721 15881 19440 655 19474 625 4140 1 0 0 0 0 0 0 1 1 1 0 R 0
722 15903 21324 952 21706 572 3725 1 0 0 0 0 0 0 1 1 2 0 R 0
723 15930 25441 999 25480 973 4810 1 0 0 0 0 0 0 1 1 1 0 R 0
724 15961 30289 987 30409 968 6498 1 0 0 0 0 0 0 1 1 1 0 R 0
725 15985 22683 638 22612 607 6205 1 0 0 0 0 0 0 1 1 1 0 R 0
726 16007 21875 596 21911 567 3816 1 0 0 0 0 0 0 1 1 1 0 R 0
727 16036 27929 1158 28060 1039 6085 1 0 0 0 0 0 0 1 1 1 0 R 0
728 16066 29331 955 29356 936 7469 1 0 0 0 0 0 0 1 1 1 0 R 0
729 16089 21734 644 21760 613 6610 1 0 0 0 0 0 0 1 1 1 0 R 0
730 16111 21244 591 21280 561 4219 1 0 0 0 0 0 0 1 1 1 0 R 0
731 16138 26499 603 26530 575 5847 1 0 0 0 0 0 0 1 1 2 0 R 0
732 16158 19096 593 19130 559 4310 1 0 0 0 0 0 0 1 1 1 0 R 0
733 16180 22031 608 22074 573 4149 1 0 0 0 0 0 0 1 1 1 0 R 0
734 16201 20257 594 20290 561 4597 1 0 0 0 0 0 0 1 1 1 0 R 0
735 16229 27159 1141 27313 1000 11203 1 0 0 0 0 0 0 1 1 1 0 R 0
736 16260 30045 987 30077 962 6471 1 0 0 0 0 0 0 1 1 1 0 R 0
737 16286 24928 627 24959 594 6716 1 0 0 0 0 0 0 1 1 1 0 R 0
738 16308 21024 1479 20790 1564 3931 1 0 1 0 0 0 0 1 1 1 0 R 0
739 16333 23517 1889 23441 1872 4284 1 0 0 0 0 0 0 1 1 2 0 R 0
740 16363 28806 1421 28827 1410 7041 1 0 0 0 0 1 0 1 1 1 0 R 0
741 16389 24579 608 24596 578 7970 1 0 0 0 0 0 0 1 1 1 0 R 0
742 16409 19155 581 19182 553 4260 1 0 0 0 0 0 0 1 1 1 0 R 0
743 16435 25791 1297 26081 1027 4997 1 0 0 0 0 0 0 1 1 1 0 R 0
744 16459 22363 607 22382 576 5471 1 0 0 0 0 0 0 1 1 1 0 R 0
745 16480 20221 937 20258 907 4174 1 0 0 0 0 0 0 1 1 1 0 R 0
746 16501 20513 606 20547 578 4455 1 0 0 0 0 0 0 1 1 1 0 R 0
747 16523 21130 1496 21162 1479 3778 1 0 0 0 0 0 0 1 1 1 0 R 0
748 16553 28432 1710 28455 1702 7075 1 0 0 0 0 0 0 1 1 2 0 R 0
749 16583 28511 1898 28524 1886 7226 1 0 0 0 0 0 0 1 1 1 0 R 0
750 16609 23707 588 23715 561 9271 1 0 0 0 0 0 0 1 1 2 0 R 0
751 16635 26002 741 25491 725 5012 1 0 1 0 0 0 0 1 1 0 0 R 0
752 16667 30826 1178 30858 1165 6433 1 0 0 0 0 0 0 1 1 2 0 R 0
753 16693 24485 653 24499 634 6635 1 0 0 0 0 0 0 1 1 1 0 R 0
754 16714 21029 577 21049 549 5348 1 0 0 0 0 0 0 1 1 1 0 R 0
755 16740 24949 649 24980 623 5480 1 0 0 0 0 0 0 1 1 1 0 R 0
756 16762 21980 594 22012 563 6737 1 0 0 0 0 0 0 1 1 1 0 R 0
757 16782 18688 593 18720 565 3788 1 0 0 0 0 0 0 1 1 1 0 R 0
758 16807 25009 592 23925 560 7287 1 0 1 0 0 0 0 1 1 1 0 R 0
759 16829 20644 604 20685 568 4174 1 0 0 0 0 0 0 1 1 1 0 R 0
760 16857 27971 998 28100 874 7113 1 0 0 0 0 0 0 1 1 2 0 R 0
761 16889 30927 710 30966 673 7036 1 0 0 0 0 0 0 1 1 1 0 R 0
762 16911 21288 590 21324 561 6076 1 0 0 0 0 0 0 1 1 1 0 R 0
763 16932 20449 968 20568 861 3867 1 0 0 0 0 0 0 1 1 1 0 R 0
764 16961 28116 1023 28143 999 5773 1 0 0 0 0 0 0 1 1 1 0 R 0
765 16991 28699 620 28729 583 12644 1 0 0 0 0 0 0 1 1 1 0 R 0
766 17012 20751 644 20789 616 4312 1 0 0 0 0 0 0 1 1 1 0 R 0
767 17034 21281 1070 21311 1048 3831 1 0 0 0 0 0 0 1 1 1 0 R 0
768 17063 27332 1691 27366 1670 6962 1 0 0 0 0 0 0 1 1 1 0 R 0
769 17101 36897 755 36949 695 8645 1 0 0 0 0 0 0 1 1 3 0 R 0
770 17125 22675 739 22742 677 4462 1 0 0 0 0 0 0 1 1 3 0 R 0
771 17156 30853 1111 30913 1155 5567 1 0 0 0 0 0 0 1 1 3 0 R 0
772 17196 38793 1035 38832 1004 8231 1 0 0 0 0 0 0 1 1 4 0 R 0
773 17221 23936 672 23889 622 5094 1 0 0 0 0 0 0 1 1 2 0 R 0
774 17245 23183 1079 23306 965 3951 1 0 0 0 0 0 0 1 1 1 0 R 0
775 17270 24019 611 23655 582 4207 1 0 1 0 0 0 0 1 1 1 0 R 0
776 17291 20216 644 20249 611 4278 1 0 0 0 0 0 0 1 1 2 0 R 0
777 17313 21288 994 21324 980 5156 1 0 0 0 0 0 0 1 1 1 0 R 0
778 17335 20725 983 20824 874 3891 1 0 0 0 0 0 0 1 1 1 0 R 0
779 17361 24995 1046 25026 1022 3731 1 0 0 0 0 0 0 1 1 1 0 R 0
780 17395 33017 709 33051 692 12879 1 0 0 0 0 0 0 1 1 1 0 R 0
781 17415 19642 592 19657 564 3969 1 0 0 0 0 0 0 1 1 1 0 R 0
782 17438 22113 678 22233 565 3838 1 0 0 0 0 0 0 1 1 1 0 R 0
783 17463 24610 1597 24737 1490 4824 1 0 0 0 0 0 0 1 1 1 0 R 0
784 17490 25760 891 25774 861 7271 1 0 0 0 0 0 0 1 1 2 0 R 0
785 17516 24970 821 25048 750 5803 1 0 0 0 0 0 0 1 1 1 0 R 0
786 17536 19535 1745 19566 1724 3833 1 0 0 0 0 0 0 1 1 1 0 R 0
787 17562 23399 976 23517 959 4279 1 0 0 0 0 0 0 1 1 2 0 R 0
788 17592 29839 1744 29856 1638 5879 1 0 0 0 0 0 0 1 1 1 0 R 0
789 17619 24737 644 24758 613 7637 1 0 0 0 0 0 0 1 1 0 0 R 0
790 17641 21359 983 21484 967 4416 1 0 0 0 0 0 0 1 1 2 0 R 0
791 17666 24536 1000 24564 985 4387 1 0 0 0 0 0 0 1 1 1 0 R 0
792 17690 22356 600 22277 576 7202 1 0 0 0 0 0 0 1 1 1 0 R 0
793 17712 21660 799 21693 764 4233 1 0 0 0 0 0 0 1 1 1 0 R 0
794 17733 19943 937 19982 909 3919 1 0 0 0 0 0 0 1 1 1 0 R 0
795 17762 27754 616 27785 583 10232 1 0 0 0 0 0 0 1 1 2 0 R 0
796 17791 28759 1180 28792 1174 5762 1 0 0 0 0 0 0 1 1 1 0 R 0
797 17816 23727 619 23740 589 6629 1 0 0 0 0 0 0 1 1 1 0 R 0
798 17836 20052 639 20086 606 3815 1 0 0 0 0 0 0 1 1 1 0 R 0
799 17861 23454 1009 23590 979 3742 1 0 0 0 0 0 0 1 1 1 0 R 0
800 17890 28223 1057 28165 1127 4675 1 0 0 0 0 0 0 1 1 1 0 R 0
801 17914 23392 659 23315 632 6748 1 0 0 0 0 0 0 1 1 1 0 R 0
802 17935 20229 563 20261 535 3732 1 0 0 0 0 0 0 1 1 2 0 R 0
803 17956 19935 1144 20119 968 3803 1 0 0 0 0 0 0 1 1 1 0 R 0
804 17982 25611 1913 25737 1806 7111 1 0 0 0 0 0 0 1 1 1 0 R 0
805 18011 27048 727 27092 668 6930 1 0 0 0 0 0 0 1 1 1 0 R 0
806 18032 20085 590 20118 559 4311 1 0 0 0 0 0 0 1 1 1 0 R 0
807 18055 21868 661 21903 631 3794 1 0 0 0 0 0 0 1 1 1 0 R 0
808 18085 30095 994 27544 973 5240 1 0 1 0 0 0 0 1 1 1 0 R 0
809 18116 29758 2035 29867 1934 7223 1 0 0 0 0 1 0 1 1 1 0 R 0
810 18143 24523 962 24563 939 8729 1 0 0 0 0 0 0 1 1 2 0 R 0
811 18167 23199 1007 23211 985 3915 1 0 0 0 0 0 0 1 1 1 0 R 0
812 18197 29264 1028 29312 981 4881 1 0 0 0 0 0 0 1 1 1 0 R 0
813 18228 29622 600 29274 573 7137 1 0 1 0 0 0 0 1 1 1 0 R 0
814 18249 20535 615 20567 580 4751 1 0 0 0 0 0 0 1 1 1 0 R 0
815 18275 25318 596 25352 566 6044 1 0 0 0 0 0 0 1 1 1 0 R 0
816 18297 21794 595 21833 563 7416 1 0 0 0 0 0 0 1 1 1 0 R 0
817 18317 18908 633 18939 604 4113 1 0 0 0 0 0 0 1 1 1 0 R 0
818 18340 22487 602 22524 570 5919 1 0 0 0 0 0 0 1 1 2 0 R 0
819 18361 20701 608 20740 578 4387 1 0 0 0 0 0 0 1 1 1 0 R 0
820 18390 27770 995 27901 968 5527 1 0 0 0 0 0 0 1 1 1 0 R 0
821 18419 27998 610 27929 583 6687 1 0 0 0 0 0 0 1 1 1 0 R 0
822 18440 20473 597 20504 565 4871 1 0 0 0 0 0 0 1 1 1 0 R 0
823 18461 20704 1003 20830 896 4233 1 0 0 0 0 0 0 1 1 1 0 R 0
824 18487 25255 634 25273 603 4205 1 0 0 0 0 0 0 1 1 1 0 R 0
825 18520 32187 693 32314 575 12551 1 0 0 0 0 0 0 1 1 1 0 R 0
826 18541 20145 641 20175 610 4611 1 0 0 0 0 0 0 1 1 2 0 R 0
827 18562 20203 1012 20330 896 4543 1 0 0 0 0 0 0 1 1 1 0 R 0
828 18587 23817 976 23932 863 3939 1 0 0 0 0 0 0 1 1 1 0 R 0
829 18619 31138 921 31169 1009 7156 1 0 0 0 0 0 0 1 1 1 0 R 0
830 18641 21002 592 20919 565 4293 1 0 0 0 0 0 0 1 1 2 0 R 0
831 18660 19108 635 19151 591 4399 1 0 0 0 0 0 0 1 1 1 0 R 0
832 18686 24822 1131 24879 1084 6135 1 0 0 0 0 0 0 1 1 1 0 R 0
833 18727 39892 711 39947 665 8437 1 0 0 0 0 1 0 1 1 4 0 R 0
834 18749 21816 592 21864 540 5552 1 0 0 0 0 0 0 1 1 0 0 R 0
835 18787 37320 600 21942 566 25102 1 3 1 0 0 0 0 0 0 2 1 R 1
836 18806 18586 694 18629 651 3385 1 0 0 0 0 0 0 0 0 2 1 R 0
837 18831 23522 601 20964 569 3341 1 0 5 0 0 0 0 0 0 1 1 R 0
838 18851 19883 593 19919 558 4304 1 0 0 0 0 0 0 0 0 2 1 R 0
839 18871 19458 654 19491 624 3823 1 0 0 0 0 0 0 0 0 1 1 R 0
840 18897 25310 577 24520 544 6907 1 0 4 0 0 0 0 0 0 1 1 R 0
841 18916 18444 704 18494 670 3173 1 0 0 0 0 0 0 0 0 2 1 R 0
842 18936 19254 644 19294 589 3121 1 0 0 0 0 0 0 0 0 2 1 R 0
843 18957 19987 580 20025 550 3429 1 0 0 0 0 0 0 0 0 1 1 R 0
844 18979 21511 595 20242 564 4126 1 0 4 0 0 0 0 0 0 1 1 R 0
845 18998 18314 710 18377 646 3647 1 0 0 0 0 0 0 0 0 2 1 R 0
846 19019 20690 768 19649 743 3631 1 0 1 0 0 0 0 0 0 2 1 R 0
847 19042 22094 645 20809 572 3531 1 0 4 0 0 0 0 0 0 2 1 R 0
848 19062 19734 600 19771 566 3693 1 0 0 0 0 0 0 0 0 1 1 R 0
849 19082 19468 572 19503 539 3845 1 0 0 0 0 0 0 0 0 1 1 R 0
850 19101 18375 748 18432 694 3234 1 0 0 0 0 0 0 0 0 1 1 R 0
851 19125 22842 570 21412 541 5727 1 0 4 0 0 0 0 0 0 2 1 R 0
852 19145 19577 727 19666 643 3935 1 0 0 0 0 0 0 0 0 1 1 R 0
853 19165 19621 583 19655 549 3758 1 0 0 0 0 0 0 0 0 1 1 R 0
854 19188 22231 696 20908 668 3943 1 0 4 0 0 0 0 0 0 1 1 R 0
855 19211 22335 591 22355 558 7368 1 0 0 0 0 0 0 0 0 2 1 R 0
856 19232 20120 820 19158 755 3087 1 0 1 0 0 0 0 0 0 1 1 R 0
857 19255 22544 651 21035 612 3786 1 0 4 0 0 0 0 0 0 2 1 R 0
858 19278 21879 598 21606 558 4159 1 0 1 0 0 0 0 0 0 1 1 R 0
859 19298 19269 590 19304 556 4250 1 0 0 0 0 0 0 0 0 1 1 R 0
860 19320 22105 587 20693 556 3677 1 0 4 0 0 0 0 0 0 2 1 R 0
861 19339 18056 708 18131 654 3866 1 0 0 0 0 0 0 0 0 2 1 R 0
862 19361 20716 597 20738 560 5037 1 0 0 0 0 0 0 0 0 1 1 R 0
863 19381 19408 641 19449 602 4249 1 0 0 0 0 0 0 0 0 1 1 R 0
864 19402 21163 680 19991 650 6226 1 0 4 0 0 0 0 0 0 2 1 R 0
865 19423 19609 1270 18328 1238 3171 1 0 1 0 0 0 0 0 0 1 1 R 0
866 19442 18061 705 18095 670 3352 1 0 0 0 0 0 0 0 0 2 1 R 0
867 19467 24189 594 22689 562 4226 1 0 4 0 0 0 0 0 0 1 1 R 0
868 19488 20270 582 20303 544 4380 1 0 0 0 0 0 0 0 0 1 1 R 0
869 19508 19755 581 19414 553 3859 1 0 1 0 0 0 0 0 0 2 1 R 0
870 19534 25179 622 23703 570 6540 1 0 4 0 0 0 0 0 0 1 1 R 0
871 19552 17514 790 17573 768 3107 1 0 0 0 0 0 0 0 0 2 1 R 0
872 19573 20281 928 20287 907 3907 1 0 0 0 0 0 0 0 0 1 1 R 0
873 19593 18910 1276 18934 1258 4050 1 0 0 0 1 0 0 0 0 1 1 R 0
874 19616 22304 592 20307 557 3211 1 0 3 0 0 0 0 0 0 2 1 R 0
875 19637 19628 710 18698 658 4760 1 0 1 0 0 0 0 0 0 2 1 R 0
876 19657 19805 697 19877 636 3056 1 0 0 0 0 0 0 0 0 1 1 R 0
877 19679 21304 601 20155 570 5793 1 0 4 0 0 0 0 0 0 2 1 R 0
878 19699 19619 611 19662 566 4379 1 0 0 0 0 0 0 0 0 1 1 R 0
879 19719 18971 649 19003 624 3613 1 0 0 0 0 0 0 0 0 2 1 R 0
880 19741 21070 776 19734 745 3502 1 0 4 0 0 0 0 0 0 1 1 R 0
881 19761 19748 588 19765 557 3104 1 0 0 0 0 0 0 0 0 1 1 R 0
882 19782 19703 602 19741 570 3886 1 0 0 0 0 0 0 0 0 1 1 R 0
883 19802 19398 615 19428 588 3791 1 0 0 0 0 0 0 0 0 2 1 R 0
884 19826 23515 633 21114 599 5147 1 0 5 0 0 0 0 0 0 1 1 R 0
885 19848 21283 838 21383 746 6454 1 0 0 0 0 0 0 0 0 2 1 R 0
886 19868 19687 681 19719 659 4211 1 0 0 0 0 0 0 0 0 1 1 R 0
887 19890 21006 596 19728 568 6417 1 0 4 0 0 0 0 0 0 1 1 R 0
888 19911 20156 572 20188 540 3842 1 0 0 0 0 0 0 0 0 2 1 R 0
889 19929 17960 796 18020 753 3791 1 0 0 0 0 0 0 0 0 1 1 R 0
890 19951 21363 847 19852 820 3518 1 0 4 0 0 0 0 0 0 2 1 R 0
891 19972 19762 590 19778 555 3865 1 0 0 0 0 0 0 0 0 2 1 R 0
892 19992 19616 845 19677 789 4144 1 0 0 0 0 0 0 0 0 1 1 R 0
893 20016 22611 945 21909 778 3331 1 0 4 0 0 0 0 0 0 1 1 R 0
894 20039 22663 590 21251 558 3531 1 0 1 0 0 0 0 0 0 1 1 R 0
895 20057 17393 901 17499 823 3892 1 0 0 0 0 0 0 0 0 2 1 R 0
896 20080 22465 600 22479 570 5960 1 0 0 0 0 0 0 0 0 1 1 R 0
897 20102 21285 598 20397 574 6497 1 0 4 0 0 0 0 0 0 2 1 R 0
898 20121 18308 797 18412 713 3223 1 0 0 0 0 0 0 0 0 1 1 R 0
899 20140 18278 814 18316 762 3319 1 0 0 0 0 0 0 0 0 2 1 R 0
900 20167 26032 589 25011 558 6595 1 0 4 0 0 0 0 0 0 2 1 R 0
901 20188 19765 586 19800 553 4287 1 0 0 0 0 0 0 0 0 1 1 R 0
902 20208 19515 584 19549 557 4468 1 0 0 0 0 0 0 0 0 1 1 R 0
903 20232 23791 595 20820 558 3633 1 0 4 0 0 0 0 0 0 1 1 R 0
904 20251 17946 795 18025 741 3153 1 0 0 0 0 0 0 0 0 2 1 R 0
905 20270 19021 828 19087 760 3216 1 0 0 0 0 0 0 0 0 2 1 R 0
906 20291 19990 594 20014 564 4100 1 0 0 0 0 0 0 0 0 1 1 R 0
907 20316 23796 810 22085 773 3908 1 0 5 0 0 0 0 0 0 2 1 R 0
908 20336 19655 577 19687 547 3337 1 0 0 0 0 0 0 0 0 1 1 R 0
909 20355 18091 763 18152 709 3088 1 0 0 0 0 0 0 0 0 2 1 R 0
910 20379 23224 603 22140 567 3596 1 0 4 0 0 0 0 0 0 1 1 R 0
911 20398 18866 590 18899 560 4256 1 0 0 0 0 0 0 0 0 1 1 R 0
912 20419 19840 1364 19869 1355 4350 1 0 0 0 0 1 0 0 0 1 1 R 0
913 20443 22902 1057 20465 1032 4054 1 0 5 0 0 0 0 0 0 2 1 R 0
914 20462 17881 698 17930 646 3063 1 0 0 0 0 0 0 0 0 1 1 R 0
915 20487 24141 593 24169 560 7609 1 0 0 0 0 0 0 0 0 2 1 R 0
916 20509 22032 704 21178 685 3890 1 0 4 0 0 0 0 0 0 1 1 R 0
917 20529 19161 597 19185 567 4170 1 0 0 0 0 0 0 0 0 2 1 R 0
918 20549 18939 817 19010 763 3972 1 0 0 0 0 0 0 0 0 2 1 R 0
919 20568 18559 941 18746 760 3626 1 0 0 0 0 0 0 0 0 1 1 R 0
920 20595 25518 708 24195 646 6637 1 0 4 0 0 0 0 0 0 2 1 R 0
921 20615 19524 680 19564 637 3802 1 0 0 0 0 0 0 0 0 1 1 R 0
922 20637 21964 582 21000 547 4181 1 0 1 0 0 0 0 0 0 3 1 R 0
923 20659 21180 1101 20301 1051 3078 1 0 4 0 0 0 0 0 0 1 1 R 0
924 20681 20363 631 20378 600 3606 1 0 0 0 0 0 0 0 0 1 1 R 0
925 20700 18784 594 18821 558 4251 1 0 0 0 0 0 0 0 0 1 1 R 0
926 20723 22205 1179 20722 1153 4381 1 0 4 0 0 1 0 0 0 2 1 R 0
927 20742 18091 698 18137 648 3270 1 0 0 0 0 0 0 0 0 2 1 R 0
928 20762 18734 709 18800 654 3181 1 0 0 0 0 0 0 0 0 1 1 R 0
929 20781 18848 720 18883 678 3196 1 0 0 0 0 0 0 0 0 2 1 R 0
930 20807 25306 586 24010 558 11404 1 0 4 0 0 0 0 0 0 1 1 R 0
931 20827 19641 2188 19672 1017 4420 1 0 0 0 1 0 0 0 0 1 1 R 0
932 20849 19757 593 19766 557 4121 1 0 0 0 0 0 0 0 0 2 1 R 0
933 20869 19488 696 18563 653 5328 1 0 4 0 0 0 0 0 0 1 1 R 0
934 20890 20237 574 20269 539 3879 1 0 0 0 0 0 0 0 0 2 1 R 0
935 20910 18962 603 19002 568 4309 1 0 0 0 0 0 0 0 0 1 1 R 0
936 20933 22191 902 21027 875 4267 1 0 4 0 0 0 0 0 0 1 1 R 0
937 20952 18047 703 18093 667 3732 1 0 0 0 0 0 0 0 0 2 1 R 0
938 20971 18792 715 18838 664 3106 1 0 0 0 0 0 0 0 0 1 1 R 0
939 20992 19812 595 19840 561 3648 1 0 0 0 0 0 0 0 0 2 1 R 0
940 21014 22216 575 20597 553 4041 1 0 4 0 0 0 0 0 0 1 1 R 0
941 21036 20656 574 19591 544 3483 1 0 1 0 0 0 0 0 0 1 1 R 0
942 21056 19494 845 19587 769 3599 1 0 0 0 0 0 0 0 0 2 1 R 0
943 21079 22099 599 20982 566 3282 1 0 4 0 0 0 0 0 0 1 1 R 0
944 21098 18712 715 18790 644 3640 1 0 0 0 0 0 0 0 0 2 1 R 0
945 21122 23209 651 23244 621 8428 1 0 0 0 0 0 0 0 0 1 1 R 0
946 21146 23315 589 22084 558 4107 1 0 4 0 0 0 0 0 0 2 1 R 0
947 21165 18644 733 18678 700 3119 1 0 0 0 0 0 0 0 0 1 1 R 0
948 21185 18823 654 18860 634 3076 1 0 0 0 0 0 0 0 0 2 1 R 0
949 21208 22584 707 21838 684 3826 1 0 4 0 0 0 0 0 0 1 1 R 0
950 21229 20373 593 20402 559 4382 1 0 0 0 0 0 0 0 0 1 1 R 0
951 21249 19790 692 18704 665 3475 1 0 1 0 0 0 0 0 0 1 1 R 0
952 21270 20087 729 19561 682 3708 1 0 1 0 0 0 0 0 0 2 1 R 0
953 21291 19657 727 18704 661 5516 1 0 4 0 0 0 0 0 0 2 1 R 0
954 21311 20129 595 20166 559 3298 1 0 0 0 0 0 0 0 0 2 1 R 0
955 21332 19761 653 19799 624 3820 1 0 0 0 0 0 0 0 0 0 1 R 0
956 21354 21591 603 20354 579 3085 1 0 4 0 0 0 0 0 0 2 1 R 0
957 21372 17431 808 17532 721 3104 1 0 0 0 0 0 0 0 0 2 1 R 0
958 21392 18881 805 18955 724 3374 1 0 0 0 0 0 0 0 0 1 1 R 0
959 21413 20087 607 20120 1113 3791 1 0 0 0 2 0 0 0 0 1 1 R 0
960 21440 26694 651 23739 618 11059 1 0 3 0 0 0 0 0 0 1 1 R 0
961 21461 19928 588 19963 557 3754 1 0 0 0 0 0 0 0 0 2 1 R 0
962 21479 18243 699 18307 644 3449 1 0 0 0 0 0 0 0 0 1 1 R 0
963 21501 21262 601 20454 572 5918 1 0 4 0 0 0 0 0 0 2 1 R 0
964 21522 19774 584 19808 553 3932 1 0 0 0 0 0 0 0 0 1 1 R 0
965 21541 19145 584 19182 549 4051 1 0 0 0 0 0 0 0 0 1 1 R 0
966 21564 22040 595 20537 553 3426 1 0 4 0 0 0 0 0 0 2 1 R 0
967 21582 17309 672 17362 624 3066 1 0 0 0 0 0 0 0 0 2 1 R 0
968 21604 21074 556 21101 527 3710 1 0 0 0 0 0 0 0 0 1 1 R 0
969 21623 18552 1215 18589 1211 4062 1 0 0 0 2 0 0 0 0 1 1 R 0
970 21649 25326 605 21433 571 6387 1 0 4 0 0 0 0 0 0 2 1 R 0
971 21669 18623 729 18676 688 4086 1 0 0 0 0 0 0 0 0 1 1 R 0
972 21688 18638 804 18728 723 4240 1 0 0 0 0 0 0 0 0 2 1 R 0
973 21712 22998 811 22216 754 7352 1 0 4 0 0 0 0 0 0 2 1 R 0
974 21732 19576 589 19603 557 3982 1 0 0 0 0 0 0 0 0 1 1 R 0
975 21756 23638 598 23676 562 6878 1 0 0 0 0 0 0 0 0 2 1 R 0
976 21779 21965 650 20879 548 3289 1 0 4 0 0 0 0 0 0 2 1 R 0
977 21797 17658 802 17745 731 3735 1 0 0 0 0 0 0 0 0 1 1 R 0
978 21819 21042 582 21069 553 5248 1 0 0 0 0 0 0 0 0 2 1 R 0
979 21843 23146 1050 20399 1029 4201 1 0 4 0 0 0 0 0 0 1 1 R 0
980 21862 18104 756 18139 716 3162 1 0 0 0 0 0 0 0 0 1 1 R 0
981 21882 19743 762 19827 677 3066 1 0 0 0 0 0 0 0 0 2 1 R 0
982 21902 18261 697 18313 654 3159 1 0 0 0 0 0 0 0 0 2 1 R 0
983 21925 23036 619 21867 597 4328 1 0 4 0 0 0 0 0 0 1 1 R 0
984 21946 19774 576 19802 542 3909 1 0 0 0 0 0 0 0 0 1 1 R 0
985 21965 18478 834 18578 743 3222 1 0 0 0 0 0 0 0 0 2 1 R 0
986 21987 21798 899 20700 819 3042 1 0 4 0 0 0 0 0 0 1 1 R 0
987 22006 17797 875 17842 837 3592 1 0 0 0 0 0 0 0 0 2 1 R 0
988 22028 20804 624 20830 593 3440 1 0 0 0 0 0 0 0 0 1 1 R 0
989 22051 22946 593 21193 557 4216 1 0 5 0 0 0 0 0 0 1 1 R 0
990 22074 22462 579 22495 552 6207 1 0 0 0 0 0 0 0 0 2 1 R 0
991 22092 17182 720 17233 677 3064 1 0 0 0 0 0 0 0 0 1 1 R 0
992 22113 20400 2958 20461 2090 3193 1 0 1 0 3 0 0 0 0 2 1 R 0
993 22136 19878 639 19680 606 3883 1 0 0 0 0 0 0 0 0 1 1 R 0
994 22156 19737 575 19773 540 3881 1 0 0 0 0 0 0 0 0 1 1 R 0
995 22176 18966 1051 19035 1001 3388 1 0 0 0 0 0 0 0 0 2 1 R 0
996 22199 21497 837 20587 752 3043 1 0 4 0 0 0 0 0 0 1 1 R 0
997 22217 17674 692 17730 641 3595 1 0 0 0 0 0 0 0 0 2 1 R 0
998 22241 22966 573 22151 542 5693 1 0 1 0 0 0 0 0 0 2 1 R 0
999 22263 21470 933 20472 908 4214 1 0 4 0 0 0 0 0 0 1 1 R 0
1000 22283 19056 1507 19113 1452 3873 1 0 0 0 0 0 0 0 0 1 1 R 0
1001 22302 17271 687 17313 639 3104 1 0 0 0 0 0 0 0 0 2 1 R 0
1002 22325 22900 1945 21653 1075 3888 1 0 2 0 3 0 0 0 0 1 1 R 0
1003 22346 19192 594 19177 561 3861 1 0 0 0 0 0 0 0 0 1 1 R 0
1004 22367 20116 583 20153 551 3301 1 0 0 0 0 0 0 0 0 2 1 R 0
1005 22389 21440 709 21474 681 6939 1 0 0 0 0 0 0 0 0 1 1 R 0
1006 22411 21488 799 20552 739 5357 1 0 4 0 0 0 0 0 0 2 1 R 0
1007 22430 18083 692 18135 645 3087 1 0 0 0 0 0 0 0 0 2 1 R 0
1008 22452 21201 675 20237 599 4370 1 0 1 0 0 0 0 0 0 1 1 R 0
1009 22475 21981 779 20641 692 3739 1 0 4 0 0 0 0 0 0 2 1 R 0
1010 22493 17659 1438 17736 1408 3014 1 0 0 0 0 0 0 0 0 1 1 R 0
1011 22513 18110 1368 18143 1313 3628 1 0 0 0 0 0 0 0 0 2 1 R 0
1012 22533 18974 3640 18999 2500 3635 1 0 0 0 3 0 0 0 0 1 1 R 0
1013 22557 20069 595 19816 564 3837 1 0 1 0 0 0 0 0 0 1 1 R 0
1014 22578 21268 1361 21309 1339 4207 1 0 0 0 0 1 0 0 0 2 1 R 0
1015 22600 20009 576 20027 549 3783 1 0 0 0 0 0 0 0 0 2 1 R 0
1016 22622 21576 606 20616 574 6955 1 0 4 0 0 0 0 0 0 1 1 R 0
1017 22643 20224 1117 19046 1103 3450 1 0 1 0 0 0 0 0 0 1 1 R 0
1018 22664 20191 565 20206 534 4025 1 0 0 0 0 0 0 0 0 1 1 R 0
1019 22686 21435 600 20367 561 3077 1 0 4 0 0 1 0 0 0 2 1 R 0
1020 22709 22475 821 22522 782 6538 1 0 0 0 0 0 0 0 0 1 1 R 0
1021 22729 18624 785 18712 707 3559 1 0 0 0 0 0 0 0 0 2 1 R 0
1022 22751 22022 595 21162 561 4336 1 0 4 0 0 0 0 0 0 1 1 R 0
1023 22771 19344 597 19378 565 3769 1 0 0 0 0 0 0 0 0 1 1 R 0
1024 22792 20083 642 20126 597 3486 1 0 0 0 0 0 0 0 0 2 1 R 0
1025 22811 17821 732 17891 677 3131 1 0 0 0 0 0 0 0 0 2 1 R 0
1026 22833 21366 1225 20284 1189 3873 1 0 4 0 0 0 0 0 0 1 1 R 0
1027 22855 21300 632 20250 602 3760 1 0 1 0 0 0 0 0 0 1 1 R 0
1028 22876 19945 572 19977 544 4090 1 0 0 0 0 0 0 0 0 2 1 R 0
1029 22898 21887 601 20768 565 3254 1 0 4 0 0 0 0 0 0 1 1 R 0
1030 22918 18793 682 18854 627 3520 1 0 0 0 0 0 0 0 0 2 1 R 0
1031 22939 20279 582 20312 552 3859 1 0 0 0 0 0 0 0 0 1 1 R 0
1032 22961 21902 604 20993 573 4539 1 0 4 0 0 0 0 0 0 1 1 R 0
1033 22982 20044 592 20077 559 3608 1 0 0 0 0 0 0 0 0 2 1 R 0
1034 23001 18473 690 18525 650 3342 1 0 0 0 0 0 0 0 0 1 1 R 0
1035 23023 21403 3264 21444 2234 6230 1 0 0 0 3 0 0 0 0 2 1 R 0
1036 23048 21851 591 19556 560 4434 1 0 2 0 0 0 0 0 0 1 1 R 0
1037 23069 20068 598 20106 563 4314 1 0 0 0 0 0 0 0 0 1 1 R 0
1038 23089 19859 587 19895 559 4382 1 0 0 0 0 0 0 0 0 1 1 R 0
1039 23111 21469 651 20687 550 5010 1 0 4 0 0 0 0 0 0 2 1 R 0
1040 23130 18415 717 18498 662 3092 1 0 0 0 0 0 0 0 0 2 1 R 0
1041 23151 19687 609 19704 574 3827 1 0 0 0 0 0 0 0 0 1 1 R 0
1042 23173 21462 960 20335 932 4349 1 0 4 0 0 0 0 0 0 1 1 R 0
1043 23193 18911 1319 19009 1235 3584 1 0 0 0 0 0 0 0 0 2 1 R 0
1044 23212 18352 703 18390 659 3218 1 0 0 0 0 0 0 0 0 1 1 R 0
1045 23232 18707 700 18745 650 3487 1 0 0 0 0 0 0 0 0 2 1 R 0
1046 23257 24702 595 22192 562 3459 1 0 5 0 0 0 0 0 0 2 1 R 0
1047 23279 20829 587 20371 560 5123 1 0 1 0 0 0 0 0 0 1 1 R 0
1048 23300 21347 584 21381 550 5496 1 0 0 0 0 0 0 0 0 1 1 R 0
1049 23323 21545 599 20566 566 5576 1 0 4 0 0 0 0 0 0 2 1 R 0
1050 23345 22243 584 22276 554 6370 1 0 0 0 0 0 0 0 0 1 1 R 0
1051 23365 19368 582 19399 552 3812 1 0 0 0 0 0 0 0 0 1 1 R 0
1052 23389 22567 624 21597 573 3886 1 0 4 0 0 0 0 0 0 2 1 R 0
1053 23408 18880 903 18936 864 4013 1 0 0 0 0 0 0 0 0 1 1 R 0
1054 23428 19057 788 19103 742 3547 1 0 0 0 0 0 0 0 0 2 1 R 0
1055 23452 23170 603 20053 570 3466 1 0 4 0 0 0 0 0 0 1 1 R 0
1056 23472 19726 653 19763 622 3918 1 0 0 0 0 0 0 0 0 1 1 R 0
1057 23492 19212 589 19247 550 3494 1 0 0 0 0 0 0 0 0 1 1 R 0
1058 23512 19509 688 19573 652 3694 1 0 0 0 0 0 0 0 0 2 1 R 0
1059 23535 21784 803 20154 770 4793 1 0 4 0 0 0 0 0 0 2 1 R 0
1060 23555 19865 637 19907 598 3936 1 0 0 0 0 0 0 0 0 1 1 R 0
1061 23575 19014 624 19084 558 4072 1 0 0 0 0 0 0 0 0 1 1 R 0
1062 23599 22888 634 21636 607 3549 1 0 4 0 0 0 0 0 0 1 1 R 0
1063 23618 18736 725 18787 679 3725 1 0 0 0 0 0 0 0 0 2 1 R 0
1064 23637 18728 821 18769 793 3627 1 0 0 0 0 0 0 0 0 1 1 R 0
1065 23666 27669 600 25586 573 10241 1 0 5 0 0 0 0 0 0 2 1 R 0
1066 23687 20569 722 20663 626 3932 1 0 0 0 0 0 0 0 0 1 1 R 0
1067 23707 19523 846 19613 768 4760 1 0 0 0 0 0 0 0 0 2 1 R 0
1068 23731 22539 752 21177 718 3027 1 0 4 0 0 0 0 0 0 2 1 R 0
1069 23750 18237 714 18291 662 3276 1 0 0 0 0 0 0 0 0 1 1 R 0
1070 23771 20233 712 20290 654 4364 1 0 0 0 0 0 0 0 0 1 1 R 0
1071 23791 19341 596 19370 566 4437 1 0 0 0 0 0 0 0 0 1 1 R 0
1072 23812 20826 643 19904 608 5315 1 0 4 0 0 0 0 0 0 2 1 R 0
1073 23830 17768 846 17818 793 3280 1 0 0 0 0 0 0 0 0 2 1 R 0
1074 23853 21224 1342 20108 1308 3068 1 0 1 0 0 0 0 0 0 1 1 R 0
1075 23876 22265 1024 20677 983 3879 1 0 4 0 0 0 0 0 0 2 1 R 0
1076 23897 19719 665 19752 624 3962 1 0 0 0 0 0 0 0 0 1 1 R 0
1077 23917 19367 588 19399 559 3073 1 0 0 0 0 0 0 0 0 1 1 R 0
1078 23940 21981 560 20940 536 3029 1 0 4 0 0 0 0 0 0 2 1 R 0
1079 23960 19591 718 19620 692 3641 1 0 0 0 0 0 0 0 0 1 1 R 0
1080 23983 22377 883 22409 860 8621 1 0 0 0 0 0 0 0 0 1 1 R 0
1081 24002 18326 580 18352 550 3470 1 0 0 0 0 0 0 0 0 1 1 R 0
1082 24025 22825 667 21451 622 4564 1 0 4 0 0 0 0 0 0 2 1 R 0
1083 24044 18164 797 18262 725 3120 1 0 0 0 0 0 0 0 0 2 1 R 0
1084 24067 21482 584 20395 554 4911 1 0 1 0 0 0 0 0 0 1 1 R 0
1085 24089 21467 618 20147 582 3797 1 0 4 0 0 0 0 0 0 1 1 R 0
1086 24110 20585 677 20719 544 4148 1 0 0 0 0 0 0 0 0 2 1 R 0
1087 24128 17764 706 17812 660 3580 1 0 0 0 0 0 0 0 0 1 1 R 0
1088 24150 21540 660 20047 627 3549 1 0 4 0 0 0 0 0 0 2 1 R 0
1089 24171 19998 596 20023 560 4246 1 0 0 0 0 0 0 0 0 1 1 R 0
1090 24191 19679 843 19717 816 4165 1 0 0 0 0 0 0 0 0 1 1 R 0
1091 24212 19528 670 19631 569 3736 1 0 0 0 0 0 0 0 0 1 1 R 0
1092 24234 21880 577 20452 544 4588 1 0 4 0 0 0 0 0 0 3 1 R 0
1093 24256 20622 788 19303 753 3095 1 0 1 0 0 0 0 0 0 2 1 R 0
1094 24276 19716 761 19748 740 4130 1 0 0 0 0 0 0 0 0 1 1 R 0
1095 24301 24636 587 23355 558 11068 1 0 4 0 0 0 0 0 0 1 1 R 0
1096 24322 19763 708 19266 662 3400 1 0 1 0 0 0 0 0 0 1 1 R 0
1097 24341 18509 738 18556 692 3664 1 0 0 0 0 0 0 0 0 1 1 R 0
1098 24365 23436 571 22450 544 3175 1 0 4 0 0 0 0 0 0 2 1 R 0
1099 24386 20246 594 20281 565 3779 1 0 0 0 0 0 0 0 0 1 1 R 0
1100 24406 19748 667 19781 632 3882 1 0 0 0 0 0 0 0 0 1 1 R 0
1101 24428 21252 602 20168 573 3523 1 0 4 0 0 0 0 0 0 3 1 R 0
1102 24448 19502 572 19525 553 3728 1 0 0 0 0 0 0 0 0 1 1 R 0
1103 24468 19379 779 18479 699 4862 1 0 1 0 0 0 0 0 0 2 1 R 0
1104 24490 20437 589 20467 556 4675 1 0 0 0 0 0 0 0 0 1 1 R 0
1105 24512 22194 606 21289 571 6428 1 0 4 0 0 0 0 0 0 1 1 R 0
1106 24532 19330 685 19422 609 3070 1 0 0 0 0 0 0 0 0 1 1 R 0
1107 24552 18822 742 18580 685 3202 1 0 1 0 0 0 0 0 0 1 1 R 0
1108 24575 22583 596 21282 563 3190 1 0 4 0 0 0 0 0 0 2 1 R 0
1109 24595 19143 620 19174 588 3757 1 0 0 0 0 0 0 0 0 1 1 R 0
1110 24620 24104 577 24141 539 7469 1 0 0 0 0 0 0 0 0 1 1 R 0
1111 24643 22462 1162 20935 1150 4065 1 0 4 0 0 0 0 0 0 2 1 R 0
1112 24665 21657 651 20297 591 3059 1 0 1 0 0 1 0 0 0 2 1 R 0
1113 24685 19153 595 19194 561 3837 1 0 0 0 0 0 0 0 0 1 1 R 0
1114 24708 22162 706 21434 687 3961 1 0 4 0 0 0 0 0 0 1 1 R 0
1115 24728 19667 594 19688 564 4013 1 0 0 0 0 0 0 0 0 1 1 R 0
1116 24747 17854 1654 17904 1656 3554 1 0 0 0 0 1 0 0 0 2 1 R 0
1117 24768 19189 704 19201 641 3792 1 0 0 0 0 0 0 0 0 2 1 R 0
1118 24790 21494 584 20515 559 5337 1 0 4 0 0 0 0 0 0 1 1 R 0
1119 24810 19772 600 19801 569 4288 1 0 0 0 0 0 0 0 0 1 1 R 0
1120 24830 18798 717 18853 668 4152 1 0 0 0 0 0 0 0 0 2 1 R 0
1121 24851 20616 705 19323 660 3547 1 0 4 0 0 0 0 0 0 2 1 R 0
1122 24872 19932 669 18933 629 4504 1 0 1 0 0 0 0 0 0 1 1 R 0
1123 24891 18943 739 18986 695 3413 1 0 0 0 0 0 0 0 0 2 1 R 0
1124 24912 20437 586 20467 554 3908 1 0 0 0 0 0 0 0 0 2 1 R 0
1125 24938 24639 652 23147 595 7823 1 0 4 0 0 0 0 0 0 1 1 R 0
1126 24958 19339 590 19379 558 4221 1 0 0 0 0 0 0 0 0 1 1 R 0
1127 24978 19651 584 19686 554 4254 1 0 0 0 0 0 0 0 0 1 1 R 0
1128 25000 21576 600 20497 566 5429 1 0 4 0 0 0 0 0 0 1 1 R 0
1129 25020 19384 677 19416 640 4268 1 0 0 0 0 0 0 0 0 2 1 R 0
1130 25039 18687 782 18738 744 3654 1 0 0 0 0 0 0 0 0 1 1 R 0
1131 25063 23170 1007 20889 612 3732 1 0 4 0 0 0 0 0 0 2 1 R 0
1132 25082 18181 1381 18233 1344 3220 1 0 0 0 0 0 0 0 0 1 1 R 0
1133 25103 19168 1032 19196 1009 3760 1 0 0 0 0 0 0 0 0 1 1 R 0
1134 25123 19115 2082 19141 1546 3924 1 0 0 0 4 0 0 0 0 2 1 R 0
1135 25145 20144 858 19770 805 3287 1 0 0 0 0 0 0 0 0 1 1 R 0
1136 25165 18910 700 18975 639 3194 1 0 0 0 0 0 0 0 0 2 1 R 0
1137 25186 19690 581 19727 548 3274 1 0 0 0 0 0 0 0 0 1 1 R 0
1138 25208 21994 602 20596 568 3896 1 0 4 0 0 0 0 0 0 1 1 R 0
1139 25229 19978 593 20007 563 4209 1 0 0 0 0 0 0 0 0 1 1 R 0
1140 25251 21672 714 21750 642 7113 1 0 0 0 0 0 0 0 0 2 1 R 0
1141 25276 23917 588 21265 555 5007 1 0 4 0 0 0 0 0 0 2 1 R 0
1142 25296 19788 586 19817 561 3880 1 0 0 0 0 0 0 0 0 1 1 R 0
1143 25316 19239 578 19272 549 3783 1 0 0 0 0 0 0 0 0 1 1 R 0
1144 25338 22087 687 21385 534 3278 1 0 4 0 0 0 0 0 0 1 1 R 0
1145 25358 19234 592 19264 564 3818 1 0 0 0 0 0 0 0 0 1 1 R 0
1146 25377 18322 676 18381 610 3476 1 0 0 0 0 0 0 0 0 2 1 R 0
1147 25398 20255 586 20293 557 4557 1 0 0 0 0 0 0 0 0 1 1 R 0
1148 25420 21313 935 20231 911 6441 1 0 4 0 0 0 0 0 0 1 1 R 0
1149 25440 19031 586 19058 559 4222 1 0 0 0 0 0 0 0 0 2 1 R 0
1150 25461 20116 906 19014 861 3894 1 0 1 0 0 0 0 0 0 2 1 R 0
1151 25482 20418 815 19500 762 3166 1 0 4 0 0 0 0 0 0 2 1 R 0
1152 25503 19738 589 19762 880 3901 1 0 0 0 0 0 0 0 0 1 1 R 0
1153 25523 19834 1281 19591 1214 3884 1 0 0 0 0 0 0 0 0 1 1 R 0
1154 25546 21914 565 20934 519 4067 1 0 4 0 0 0 0 0 0 2 1 R 0
1155 25569 21768 598 21800 569 6561 1 0 0 0 0 0 0 0 0 1 1 R 0
1156 25587 18249 693 18314 650 3489 1 0 0 0 0 0 0 0 0 2 1 R 0
1157 25609 20679 598 20695 563 4858 1 0 0 0 0 0 0 0 0 1 1 R 0
1158 25631 21716 915 20526 853 6602 1 0 4 0 0 0 0 0 0 1 1 R 0
1159 25654 21846 610 21898 563 4990 1 0 0 0 0 0 0 0 0 1 1 R 0
1160 25675 20032 690 18899 651 4617 1 0 1 0 0 0 0 0 0 2 1 R 0
1161 25698 22360 600 21358 571 3209 1 0 4 0 0 0 0 0 0 1 1 R 0
1162 25718 19622 580 19656 545 4533 1 0 0 0 0 0 0 0 0 1 1 R 0
1163 25738 19563 652 19607 618 4246 1 0 0 0 0 0 0 0 0 1 1 R 0
1164 25760 21755 785 20451 745 3594 1 0 4 0 0 0 0 0 0 3 1 R 0
1165 25779 18027 710 18083 657 3661 1 0 0 0 0 0 0 0 0 2 1 R 0
1166 25801 21505 592 20064 556 4170 1 0 1 0 0 0 0 0 0 1 1 R 0
1167 25821 19435 595 19469 562 3812 1 0 0 0 0 0 0 0 0 1 1 R 0
1168 25844 22299 700 21213 667 3916 1 0 4 0 0 0 0 0 0 1 1 R 0
1169 25865 20401 565 19345 530 3144 1 0 1 0 0 0 0 0 0 2 1 R 0
1170 25888 22230 584 22268 553 6507 1 0 0 0 0 0 0 0 0 2 1 R 0
1171 25911 22220 600 21045 568 6215 1 0 4 0 0 0 0 0 0 1 1 R 0
1172 25932 19949 589 19981 553 3934 1 0 0 0 0 0 0 0 0 1 1 R 0
1173 25954 22113 551 21742 522 3670 1 0 1 0 0 0 0 0 0 1 1 R 0
1174 25978 22910 598 21759 560 3686 1 0 4 0 0 0 0 0 0 2 1 R 0
1175 25996 18125 828 18176 805 3720 1 0 0 0 0 0 0 0 0 1 1 R 0
1176 26018 20820 588 20836 550 4955 1 0 0 0 0 0 0 0 0 2 1 R 0
1177 26040 21662 597 20720 563 4232 1 0 4 0 0 0 0 0 0 1 1 R 0
1178 26060 19242 696 19294 656 3846 1 0 0 0 0 0 0 0 0 1 1 R 0
1179 26080 19544 715 17800 667 3116 1 0 1 0 0 0 0 0 0 2 1 R 0
1180 26100 18664 705 18730 645 3313 1 0 0 0 0 0 0 0 0 2 1 R 0
1181 26122 21649 585 20485 557 5440 1 0 4 0 0 0 0 0 0 0 1 R 0
1182 26142 19627 608 19663 573 4201 1 0 0 0 0 0 0 0 0 2 1 R 0
1183 26161 18375 796 18418 767 3347 1 0 0 0 0 0 0 0 0 1 1 R 0
1184 26185 23196 650 22228 546 3113 1 0 4 0 0 0 0 0 0 2 1 R 0
1185 26208 22260 588 22299 553 6452 1 0 0 0 0 0 0 0 0 1 1 R 0
1186 26228 19466 582 19504 553 3938 1 0 0 0 0 0 0 0 0 2 1 R 0
1187 26251 21792 614 20491 577 4243 1 0 4 0 0 0 0 0 0 2 1 R 0
1188 26272 20589 1026 19544 992 3795 1 0 1 0 0 0 0 0 0 1 1 R 0
1189 26293 19588 593 19615 944 4000 1 0 0 0 0 0 0 0 0 1 1 R 0
1190 26316 23271 729 21565 708 4002 1 0 5 0 0 0 0 0 0 1 1 R 0
1191 26336 19321 590 19345 559 3938 1 0 0 0 0 0 0 0 0 1 1 R 0
1192 26357 20182 591 20226 552 3845 1 0 0 0 0 0 0 0 0 2 1 R 0
1193 26377 19242 715 19272 687 3552 1 0 0 0 0 0 0 0 0 1 1 R 0
1194 26400 21969 612 20971 580 3159 1 0 4 0 0 0 0 0 0 2 1 R 0
1195 26418 17722 715 17796 651 3675 1 0 0 0 0 0 0 0 0 1 1 R 0
1196 26439 20515 592 20543 562 5030 1 0 0 0 0 0 0 0 0 1 1 R 0
1197 26461 21547 600 20451 566 4151 1 0 4 0 0 0 0 0 0 2 1 R 0
1198 26484 21709 646 20725 604 3523 1 0 1 0 0 0 0 0 0 2 1 R 0
1199 26502 17547 823 17633 763 3106 1 0 0 0 0 0 0 0 0 2 1 R 0
1200 26528 24953 655 24011 625 6581 1 0 4 0 0 0 0 0 0 1 1 R 0
1201 26548 19376 596 19406 565 4257 1 0 0 0 0 0 0 0 0 1 1 R 0
1202 26571 22179 583 22216 553 4536 1 0 0 0 0 0 0 0 0 2 1 R 0
1203 26588 17195 1018 17262 955 3567 1 0 0 0 0 0 0 0 0 1 1 R 0
1204 26612 22997 593 22131 562 7160 1 0 4 0 0 0 0 0 0 2 1 R 0
1205 26632 19551 1095 19649 1009 3173 1 0 0 0 0 1 0 0 0 2 1 R 0
1206 26653 19033 597 19059 567 3906 1 0 0 0 0 0 0 0 0 1 1 R 0
1207 26676 23045 809 20497 781 3795 1 0 4 0 0 0 0 0 0 2 1 R 0
1208 26695 18406 738 18444 703 3027 1 0 0 0 0 0 0 0 0 1 1 R 0
1209 26715 19067 851 19147 764 3142 1 0 0 0 0 0 0 0 0 1 1 R 0
1210 26738 22075 695 21446 577 3835 1 0 4 0 0 0 0 0 0 1 1 R 0
1211 26759 19756 599 19785 565 4280 1 0 0 0 0 0 0 0 0 2 1 R 0
1212 26779 19481 570 19517 542 4049 1 0 0 0 0 0 0 0 0 1 1 R 0
1213 26798 18218 698 18267 648 3702 1 0 0 0 0 0 0 0 0 2 1 R 0
1214 26820 21668 598 20578 565 5019 1 0 4 0 0 0 0 0 0 2 1 R 0
1215 26843 22239 1094 22271 1076 8225 1 0 0 0 0 0 0 0 0 1 1 R 0
1216 26864 19969 617 19983 590 3968 1 0 0 0 0 0 0 0 0 1 1 R 0
1217 26887 22821 590 20525 555 4502 1 0 5 0 0 0 0 0 0 1 1 R 0
1218 26908 19904 812 19957 765 3632 1 0 0 0 0 0 0 0 0 2 1 R 0
1219 26928 19142 1550 19185 1537 3419 1 0 0 0 0 1 0 0 0 1 1 R 0
1220 26952 22326 593 21128 562 4326 1 0 4 0 0 0 0 0 0 1 1 R 0
1221 26971 19284 600 19318 564 3516 1 0 0 0 0 0 0 0 0 1 1 R 0
1222 26991 18986 780 19044 728 3769 1 0 0 0 0 0 0 0 0 2 1 R 0
1223 27010 17860 932 17915 889 3134 1 0 0 0 0 0 0 0 0 2 1 R 0
1224 27033 22502 1027 21262 1008 6508 1 0 4 0 0 0 0 0 0 1 1 R 0
1225 27054 19737 562 19752 537 3784 1 0 0 0 0 0 0 0 0 2 1 R 0
1226 27076 21214 568 20061 531 3938 1 0 1 0 0 0 0 0 0 1 1 R 0
1227 27099 22305 599 21265 568 3698 1 0 4 0 0 0 0 0 0 2 1 R 0
1228 27118 18974 687 19023 638 3612 1 0 0 0 0 0 0 0 0 1 1 R 0
1229 27139 20377 596 20413 566 4376 1 0 0 0 0 0 0 0 0 2 1 R 0
1230 27165 25531 591 24473 559 8937 1 0 4 0 0 0 0 0 0 1 1 R 0
1231 27185 19061 747 19141 673 3600 1 0 0 0 0 0 0 0 0 1 1 R 0
1232 27204 18403 710 18463 658 3031 1 0 0 0 0 0 0 0 0 1 1 R 0
1233 27223 17715 1871 17758 2573 3386 1 0 0 0 3 0 0 0 0 2 1 R 0
1234 27247 22182 591 20074 557 4275 1 0 1 0 0 0 0 0 0 1 1 R 0
1235 27268 21070 597 20762 571 3803 1 0 1 0 0 0 0 0 0 1 1 R 0
1236 27290 21087 626 19764 553 3871 1 0 1 0 0 0 0 0 0 2 1 R 0
1237 27311 20799 603 19813 573 6103 1 0 4 0 0 0 0 0 0 1 1 R 0
1238 27331 18638 700 18689 659 3073 1 0 0 0 0 0 0 0 0 2 1 R 0
1239 27351 19755 652 19783 619 3849 1 0 0 0 0 0 0 0 0 1 1 R 0
1240 27374 22682 572 21596 547 3919 1 0 4 0 0 0 0 0 0 1 1 R 0
1241 27393 17883 1437 17929 1406 3061 1 0 0 0 0 0 0 0 0 2 1 R 0
1242 27412 18134 656 18146 643 3118 1 0 0 0 0 0 0 0 0 1 1 R 0
1243 27432 18637 730 18686 671 3451 1 0 0 0 0 0 0 0 0 2 1 R 0
1244 27456 23207 623 21651 596 3652 1 0 4 0 0 0 0 0 0 2 1 R 0
1245 27480 23928 588 22772 558 8544 1 0 1 0 0 0 0 0 0 1 1 R 0
1246 27499 18212 700 18270 653 3505 1 0 0 0 0 0 0 0 0 1 1 R 0
1247 27521 21177 903 20383 870 5698 1 0 4 0 0 0 0 0 0 2 1 R 0
1248 27540 18302 680 18337 648 3253 1 0 0 0 0 0 0 0 0 2 1 R 0
1249 27561 20155 635 20179 603 4572 1 0 0 0 0 0 0 0 0 1 1 R 0
1250 27585 23635 632 21947 597 3948 1 0 5 0 0 0 0 0 0 2 1 R 0
1251 27607 21277 584 21311 554 4162 1 0 0 0 0 0 0 0 0 1 1 R 0
1252 27628 20105 585 20132 556 4759 1 0 0 0 0 0 0 0 0 1 1 R 0
1253 27650 21404 589 20630 558 4310 1 0 4 0 0 0 0 0 0 1 1 R 0
1254 27670 20106 586 20141 550 4360 1 0 0 0 0 0 0 0 0 1 1 R 0
1255 27692 20831 589 18947 557 3668 1 0 1 0 0 0 0 0 0 2 1 R 0
1256 27712 19336 847 19430 771 3542 1 0 0 0 0 0 0 0 0 1 1 R 0
1257 27733 20520 1568 18879 1511 3077 1 0 4 0 0 0 0 0 0 2 1 R 0
1258 27752 17686 1464 17740 1419 3035 1 0 0 0 0 0 0 0 0 2 1 R 0
1259 27774 20120 580 20136 558 4046 1 0 0 0 0 0 0 0 0 1 1 R 0
1260 27800 25113 644 24090 596 7846 1 0 4 0 0 0 0 0 0 2 1 R 0
1261 27818 17853 701 17905 662 3888 1 0 0 0 0 0 0 0 0 1 1 R 0
1262 27838 18578 673 18624 644 3708 1 0 0 0 0 0 0 0 0 2 1 R 0
1263 27861 22720 610 21537 575 5036 1 0 4 0 0 0 0 0 0 1 1 R 0
1264 27882 20902 606 19700 571 3930 1 0 1 0 0 0 0 0 0 1 1 R 0
1265 27902 18797 796 18876 718 3415 1 0 0 0 0 0 0 0 0 2 1 R 0
1266 27921 18556 672 18608 625 3106 1 0 0 0 0 0 0 0 0 1 1 R 0
1267 27944 22481 821 20915 783 3733 1 0 4 0 0 0 0 0 0 2 1 R 0
1268 27965 19983 559 20006 530 3858 1 0 0 0 0 0 0 0 0 1 1 R 0
1269 27985 19591 580 19628 543 3755 1 0 0 0 0 0 0 0 0 1 1 R 0
1270 28007 21053 601 19685 564 3825 1 0 4 0 0 0 0 0 0 1 1 R 0
1271 28027 19674 664 19723 614 3752 1 0 0 0 0 0 0 0 0 2 1 R 0
1272 28047 18768 772 18838 714 3143 1 0 0 0 0 0 0 0 0 2 1 R 0
1273 28070 22131 584 21092 553 3737 1 0 4 0 0 0 0 0 0 1 1 R 0
1274 28091 20668 650 19475 619 5913 1 0 1 0 0 0 0 0 0 1 1 R 0
1275 28114 22564 597 22596 577 6081 1 0 0 0 0 0 0 0 0 2 1 R 0
1276 28133 17956 691 17998 653 3135 1 0 0 0 1 0 0 0 0 1 1 R 0
1277 28157 23313 588 21853 554 3370 1 0 3 0 0 0 0 0 0 2 1 R 0
1278 28176 19266 703 19304 678 4178 1 0 0 0 0 0 0 0 0 1 1 R 0
1279 28197 19727 588 19755 553 3762 1 0 0 0 0 0 0 0 0 1 1 R 0
1280 28219 21956 593 20639 563 3299 1 0 4 0 0 0 0 0 0 2 1 R 0
1281 28238 17910 834 17981 774 3668 1 0 0 0 0 0 0 0 0 1 1 R 0
1282 28259 20512 595 20534 561 4365 1 0 0 0 0 0 0 0 0 2 1 R 0
1283 28283 22855 1087 21122 1076 4336 1 0 4 0 0 0 0 0 0 1 1 R 0
1284 28303 18767 582 18781 542 3544 1 0 0 0 0 0 0 0 0 1 1 R 0
1285 28325 21783 567 20778 535 4052 1 0 1 0 0 0 0 0 0 1 1 R 0
1286 28343 17622 4128 17688 2744 3047 1 0 0 0 4 0 0 0 0 2 1 R 0
1287 28366 18902 751 18928 703 3079 1 0 0 0 0 0 0 0 0 1 1 R 0
1288 28387 20425 574 20458 544 3856 1 0 0 0 0 0 0 0 0 2 1 R 0
1289 28407 19209 587 19242 559 3301 1 0 0 0 0 0 0 0 0 1 1 R 0
1290 28432 24645 581 23805 553 9307 1 0 4 0 0 0 0 0 0 2 1 R 0
1291 28451 17642 682 17685 654 3119 1 0 0 0 0 0 0 0 0 2 1 R 0
1292 28471 19768 805 19816 753 3721 1 0 0 0 0 0 0 0 0 1 1 R 0
1293 28497 24860 600 22155 565 5488 1 0 5 0 0 0 0 0 0 1 1 R 0
1294 28517 20103 1018 20205 922 3608 1 0 0 0 0 0 0 0 0 3 1 R 0
1295 28537 18915 597 18948 564 3053 1 0 0 0 0 0 0 0 0 1 1 R 0
1296 28560 22416 594 21480 556 4399 1 0 4 0 0 0 0 0 0 1 1 R 0
1297 28580 19035 601 19073 566 3678 1 0 0 0 0 0 0 0 0 1 1 R 0
1298 28601 20344 855 20382 824 4538 1 0 0 0 0 1 0 0 0 2 1 R 0
1299 28622 20435 701 20470 670 4248 1 0 0 0 0 0 0 0 0 1 1 R 0
1300 28647 24038 578 22543 548 3690 1 0 4 0 0 0 0 0 0 2 1 R 0
1301 28666 18227 805 18290 751 3136 1 0 0 0 0 0 0 0 0 1 1 R 0
1302 28688 21862 641 20570 602 3786 1 0 1 0 0 0 0 0 0 2 1 R 0
1303 28711 21666 755 20411 729 6182 1 0 4 0 0 0 0 0 0 1 1 R 0
1304 28730 18833 938 18917 854 3211 1 0 0 0 0 0 0 0 0 1 1 R 0
1305 28753 21607 982 21660 949 6103 1 0 0 0 0 0 0 0 0 2 1 R 0
1306 28776 21812 590 20576 555 3099 1 0 4 0 0 0 0 0 0 2 1 R 0
1307 28795 19206 580 19237 553 3776 1 0 0 0 0 0 0 0 0 1 1 R 0
1308 28816 20261 580 20294 544 3458 1 0 0 0 0 0 0 0 0 1 1 R 0
1309 28839 21931 554 21202 528 3770 1 0 4 0 0 0 0 0 0 1 1 R 0
1310 28859 20083 765 20115 742 3822 1 0 0 0 0 0 0 0 0 2 1 R 0
1311 28880 19523 2076 19551 785 4413 1 0 0 0 1 0 0 0 0 1 1 R 0
1312 28901 19545 978 19564 945 3928 1 0 0 0 0 0 0 0 0 1 1 R 0
1313 28925 22433 572 20861 549 5688 1 0 4 0 0 0 0 0 0 2 1 R 0
1314 28943 17428 1562 17487 1517 3003 1 0 0 0 0 0 0 0 0 1 1 R 0
1315 28962 18139 699 18173 658 3164 1 0 0 0 0 0 0 0 0 2 1 R 0
1316 28987 23612 598 21796 565 4509 1 0 4 0 0 0 0 0 0 1 1 R 0
1317 29007 19356 595 19389 559 3823 1 0 0 0 0 0 0 0 0 1 1 R 0
1318 29028 20499 574 20532 544 4131 1 0 0 0 0 0 0 0 0 2 1 R 0
1319 29050 21331 565 20128 547 3489 1 0 4 0 0 0 0 0 0 2 1 R 0
1320 29072 21604 863 21672 804 6500 1 0 0 0 0 0 0 0 0 1 1 R 0
1321 29094 21119 587 20029 559 3432 1 0 1 0 0 0 0 0 0 2 1 R 0
1322 29115 20783 1819 20363 1129 3940 1 0 1 0 3 0 0 0 0 1 1 R 0
1323 29137 19843 602 19850 571 3107 1 0 0 0 0 0 0 0 0 1 1 R 0
1324 29156 18687 698 18773 616 3095 1 0 0 0 0 0 0 0 0 2 1 R 0
1325 29176 18716 750 18775 697 3217 1 0 0 0 0 0 0 0 0 1 1 R 0
1326 29199 22517 593 21376 560 3953 1 0 4 0 0 0 0 0 0 2 1 R 0
1327 29219 19098 584 19131 557 4232 1 0 0 0 0 0 0 0 0 1 1 R 0
1328 29239 19871 689 19937 625 3842 1 0 0 0 0 0 0 0 0 1 1 R 0
1329 29261 21085 638 19729 570 3598 1 0 4 0 0 0 0 0 0 2 1 R 0
1330 29281 19484 711 19183 667 4705 1 0 1 0 0 0 0 0 0 1 1 R 0
1331 29303 21258 1058 19663 1039 3788 1 0 1 0 0 0 0 0 0 1 1 R 0
1332 29323 19132 2560 19156 1628 3929 1 0 0 0 4 0 0 0 0 2 1 R 0
1333 29346 19949 622 19965 589 3095 1 0 0 0 0 0 0 0 0 2 1 R 0
1334 29365 19022 675 19067 632 3068 1 0 0 0 0 0 0 0 0 1 1 R 0
1335 29388 21964 646 22034 585 6440 1 0 0 0 0 0 0 0 0 1 1 R 0
1336 29409 20648 597 19620 570 6415 1 0 4 0 0 0 0 0 0 1 1 R 0
1337 29430 19890 580 19923 541 3949 1 0 0 0 0 0 0 0 0 2 1 R 0
1338 29449 18930 899 18989 859 3957 1 0 0 0 0 0 0 0 0 1 1 R 0
1339 29471 21309 605 19745 575 3585 1 0 4 0 0 0 0 0 0 2 1 R 0
1340 29493 21194 1154 20169 699 4115 1 0 1 0 0 0 0 0 0 1 1 R 0
1341 29514 19543 550 19558 528 3509 1 0 0 0 0 0 0 0 0 2 1 R 0
1342 29535 20414 629 20078 606 3170 1 0 1 0 1 0 0 0 0 1 1 R 0
1343 29556 20906 579 19666 543 3128 1 0 2 0 0 0 0 0 0 1 1 R 0
1344 29576 18759 644 18809 615 3229 1 0 0 0 0 0 0 0 0 2 1 R 0
1345 29598 22053 809 21851 730 3795 1 0 1 0 0 0 0 0 0 1 1 R 0
1346 29621 22039 694 20999 649 6390 1 0 4 0 0 0 0 0 0 1 1 R 0
1347 29645 23473 1184 23512 1157 4095 1 0 0 0 0 0 0 0 0 2 1 R 0
1348 29666 19232 696 19272 659 3077 1 0 0 0 0 0 0 0 0 2 1 R 0
1349 29691 24100 581 21849 554 3538 1 0 5 0 0 0 0 0 0 2 1 R 0
1350 29715 23816 619 23846 590 8043 1 0 0 0 0 0 0 0 0 1 1 R 0
1351 29735 19454 567 19489 535 3829 1 0 0 0 0 0 0 0 0 1 1 R 0
1352 29758 21948 586 20904 548 3080 1 0 4 0 0 0 0 0 0 2 1 R 0
1353 29776 17982 937 18068 867 3692 1 0 0 0 0 0 0 0 0 1 1 R 0
1354 29798 20453 587 20479 555 3587 1 0 0 0 0 0 0 0 0 2 1 R 0
1355 29820 21541 593 20452 562 4232 1 0 4 0 0 0 0 0 0 1 1 R 0
1356 29840 19948 576 19981 542 3902 1 0 0 0 0 0 0 0 0 1 1 R 0
1357 29859 18255 742 18334 667 4109 1 0 0 0 0 0 0 0 0 2 1 R 0
1358 29879 18697 871 18799 776 3571 1 0 0 0 0 0 0 0 0 1 1 R 0
1359 29903 23509 1124 21458 1109 7928 1 0 5 0 0 0 0 0 0 2 1 R 0
1360 29923 18943 968 18962 956 3930 1 0 0 0 0 0 0 0 0 1 1 R 0
1361 29942 18348 589 18362 553 3391 1 0 0 0 0 0 0 0 0 1 1 R 0
1362 29966 23032 586 21856 555 3880 1 0 4 0 0 0 0 0 0 1 1 R 0
1363 29986 19270 572 19301 536 3747 1 0 0 0 0 0 0 0 0 2 1 R 0
1364 30006 19956 590 19998 556 3829 1 0 0 0 0 0 0 0 0 1 1 R 0
1365 30031 24128 609 23423 579 8600 1 0 4 0 0 0 0 0 0 1 1 R 0
1366 30051 19391 652 19425 617 3907 1 0 0 0 0 0 0 0 0 1 1 R 0
1367 30070 18543 1059 18604 1005 3108 1 0 0 0 0 0 0 0 0 2 1 R 0
1368 30092 20514 876 19441 830 3278 1 0 1 0 0 0 0 0 0 1 1 R 0
1369 30115 22445 588 21065 561 4165 1 0 4 0 0 0 0 0 0 1 1 R 0
1370 30135 19463 585 19497 550 3931 1 0 0 0 0 0 0 0 0 2 1 R 0
1371 30155 19536 767 19623 691 3435 1 0 0 0 0 0 0 0 0 1 1 R 0
1372 30178 21901 734 20981 578 3204 1 0 4 0 0 0 0 0 0 2 1 R 0
1373 30196 17284 698 17330 650 3496 1 0 0 0 0 0 0 0 0 2 1 R 0
1374 30218 21114 579 21149 547 4920 1 0 0 0 0 0 0 0 0 1 1 R 0
1375 30241 22137 603 20613 575 4307 1 0 4 0 0 0 0 0 0 1 1 R 0
1376 30259 18089 906 18136 867 3623 1 0 0 0 0 0 0 0 0 1 1 R 0
1377 30278 18080 707 18123 651 3676 1 0 0 0 0 0 0 0 0 2 1 R 0
1378 30300 20973 816 20055 737 4097 1 0 1 0 0 0 0 0 0 2 1 R 0
1379 30322 21297 595 20228 569 6202 1 0 4 0 0 0 0 0 0 1 1 R 0
1380 30346 23161 579 23194 541 9369 1 0 0 0 0 0 0 0 0 2 1 R 0
1381 30365 18657 839 18712 799 3131 1 0 0 0 0 0 0 0 0 1 1 R 0
1382 30388 22209 586 21124 552 3087 1 0 4 0 0 0 0 0 0 2 1 R 0
1383 30406 17575 770 17639 716 3695 1 0 0 0 0 0 0 0 0 1 1 R 0
1384 30427 20532 588 20563 552 4995 1 0 0 0 0 0 0 0 0 2 1 R 0
1385 30450 21964 591 21158 561 4310 1 0 4 0 0 0 0 0 0 1 1 R 0
1386 30470 19498 579 19525 542 3779 1 0 0 0 0 0 0 0 0 1 1 R 0
1387 30490 19530 1610 19568 772 4499 1 0 1 0 0 0 0 0 0 2 1 R 0
1388 30512 20298 590 20309 562 3957 1 0 0 0 0 0 0 0 0 1 1 R 0
1389 30534 21759 568 19903 546 4167 1 0 4 0 0 0 0 0 0 1 1 R 0
1390 30555 19597 730 19618 711 3778 1 0 0 0 0 0 0 0 0 1 1 R 0
1391 30575 19220 965 19294 895 3560 1 0 0 0 0 1 0 0 0 2 1 R 0
1392 30597 21634 592 20570 560 3013 1 0 4 0 0 0 0 0 0 1 1 R 0
1393 30617 19410 560 19436 529 3360 1 0 0 0 0 0 0 0 0 1 1 R 0
1394 30638 19947 583 19971 552 4501 1 0 0 0 0 0 0 0 0 1 1 R 0
1395 30663 24642 1264 23521 1240 7316 1 0 4 0 0 0 0 0 0 2 1 R 0
1396 30683 18776 1594 18824 1535 3665 1 0 0 0 0 0 0 0 0 2 1 R 0
1397 30705 20266 867 19327 784 3156 1 0 1 0 0 0 0 0 0 2 1 R 0
1398 30727 21478 568 20724 543 4157 1 0 4 0 0 0 0 0 0 1 1 R 0
1399 30747 19730 591 19756 560 4258 1 0 0 0 0 0 0 0 0 1 1 R 0
1400 30768 20009 605 20054 555 4508 1 0 0 0 0 0 0 0 0 1 1 R 0
1401 30789 19907 587 19927 553 3958 1 0 0 0 0 0 0 0 0 1 1 R 0
1402 30810 20566 685 19617 669 5288 1 0 4 0 0 0 0 0 0 2 1 R 0
1403 30830 19581 598 19601 562 4263 1 0 0 0 0 0 0 0 0 1 1 R 0
1404 30850 19312 584 19342 544 4334 1 0 0 0 0 0 0 0 0 1 1 R 0
1405 30873 22025 614 20454 580 4335 1 0 4 0 0 0 0 0 0 2 1 R 0
1406 30892 18802 2586 18861 1163 3539 1 0 0 0 1 0 0 0 0 1 1 R 0
1407 30912 17164 768 17216 705 3133 1 0 0 0 0 0 0 0 0 2 1 R 0
1408 30933 20060 1499 20129 1438 3756 1 0 0 0 1 0 0 0 0 1 1 R 0
1409 30956 21840 596 19343 563 3863 1 0 3 0 0 0 0 0 0 1 1 R 0
1410 30978 21909 586 21934 556 7064 1 0 0 0 0 0 0 0 0 2 1 R 0
1411 30997 18050 711 18107 658 3645 1 0 0 0 0 0 0 0 0 2 1 R 0
1412 31020 22487 593 20764 559 3750 1 0 4 0 0 0 0 0 0 1 1 R 0
1413 31040 19200 593 19228 557 4522 1 0 0 0 0 0 0 0 0 1 1 R 0
1414 31061 20349 712 20375 681 4520 1 0 0 0 0 0 0 0 0 1 1 R 0
1415 31082 20279 584 20304 555 3215 1 0 0 0 0 0 0 0 0 2 1 R 0
1416 31106 23829 1143 21503 1051 3420 1 0 5 0 0 0 0 0 0 2 1 R 0
1417 31127 18989 686 19010 661 3304 1 0 0 0 0 0 0 0 0 1 1 R 0
1418 31147 19571 583 19592 549 3935 1 0 0 0 0 0 0 0 0 2 1 R 0
1419 31169 21676 615 20591 577 3792 1 0 4 0 0 0 0 0 0 1 1 R 0
1420 31189 19297 745 19372 677 3719 1 0 0 0 0 0 0 0 0 2 1 R 0
1421 31208 17848 825 17908 752 3506 1 0 0 0 0 0 0 0 0 1 1 R 0
1422 31230 21894 701 20293 625 3601 1 0 4 0 0 0 0 0 0 1 1 R 0
1423 31250 19409 588 19429 552 4342 1 0 0 0 0 0 0 0 0 2 1 R 0
1424 31272 20839 584 20473 547 4405 1 0 1 0 0 0 0 0 0 1 1 R 0
1425 31299 26137 585 24429 557 6724 1 0 4 0 0 0 0 0 0 1 1 R 0
1426 31317 18253 754 18293 717 3535 1 0 0 0 0 0 0 0 0 2 1 R 0
1427 31339 21104 589 21122 557 5124 1 0 0 0 0 0 0 0 0 2 1 R 0
1428 31359 19231 1183 19305 1111 4563 1 0 0 0 0 0 0 0 0 1 1 R 0
1429 31382 21775 590 20637 552 6638 1 0 4 0 0 0 0 0 0 1 1 R 0
1430 31401 17994 706 18062 642 3160 1 0 0 0 0 0 0 0 0 2 1 R 0
1431 31420 19063 837 19109 802 3598 1 0 0 0 0 0 0 0 0 2 1 R 0
1432 31445 23722 845 22371 789 4081 1 0 4 0 0 0 0 0 0 1 1 R 0
1433 31472 25886 8644 17677 2176 4745 1 0 5 0 1 0 0 1 1 1 1 R 1
1434 31527 47189 683 23915 667 31803 1 3 3 0 1 0 0 0 0 3 0 R 1
1435 31554 26224 783 17423 769 8576 1 0 3 0 1 0 0 0 0 0 0 R 0
1436 31581 25615 1117 23073 1007 2272 1 0 1 0 0 0 0 1 1 1 0 R 0
1437 31613 31048 1727 30027 1830 7618 1 0 2 0 0 0 0 1 1 1 0 R 0
1438 31641 26149 599 26039 564 7146 1 0 0 0 0 0 0 1 1 1 0 R 0
1439 31661 19869 709 19923 653 4327 1 0 0 0 0 0 0 1 1 1 0 R 0
1440 31690 27578 995 27600 963 11119 1 0 0 0 0 0 0 1 1 1 0 R 0
1441 31712 21509 653 21536 620 6045 1 0 0 0 0 0 0 1 1 1 0 R 0
1442 31732 19408 593 19433 569 3812 1 0 0 0 0 0 0 1 1 2 0 R 0
1443 31755 22176 601 22194 571 5736 1 0 0 0 0 0 0 1 1 1 0 R 0
1444 31776 20913 613 20935 587 3818 1 0 0 0 0 0 0 1 1 1 0 R 0
1445 31806 28711 593 28726 567 6539 1 0 0 0 0 0 0 1 1 1 0 R 0
1446 31833 26573 1372 26597 1353 7338 1 0 0 0 0 0 0 1 1 1 0 R 0
1447 31853 18773 939 18806 902 3804 1 0 0 0 0 0 0 1 1 1 0 R 0
1448 31876 21707 609 21715 582 3813 1 0 0 0 0 0 0 1 1 2 0 R 0
1449 31902 25252 979 25371 849 4460 1 0 0 0 0 0 0 1 1 1 0 R 0
1450 31933 30080 1695 30102 1776 7585 1 0 0 0 0 0 0 1 1 1 0 R 0
1451 31957 22281 597 22191 568 7305 1 0 0 0 0 0 0 1 1 0 0 R 0
1452 31978 21072 741 21109 698 3851 1 0 0 0 0 0 0 1 1 1 0 R 0
1453 32007 27876 1180 27891 1170 5417 1 0 0 0 0 0 0 1 1 1 0 R 0
1454 32036 27497 638 27501 605 7874 1 0 0 0 0 0 0 1 1 2 0 R 0
1455 32059 22749 622 22773 600 10191 1 0 0 0 0 0 0 1 1 1 0 R 0
1456 32081 21301 612 21326 576 4230 1 0 0 0 0 0 0 1 1 1 0 R 0
1457 32107 25669 995 25695 968 5040 1 0 0 0 0 0 0 1 1 2 0 R 0
1458 32138 30040 986 30149 972 7329 1 0 0 0 0 0 0 1 1 1 0 R 0
1459 32162 22312 608 22226 577 7330 1 0 0 0 0 0 0 1 1 1 0 R 0
1460 32183 21142 971 21551 558 3985 1 0 0 0 0 0 0 1 1 1 0 R 0
1461 32209 24867 1173 24989 1047 4781 1 0 0 0 0 0 0 1 1 1 0 R 0
1462 32240 29361 1014 29379 998 7224 1 0 0 0 0 0 0 1 1 1 0 R 0
1463 32260 19480 636 19488 609 4440 1 0 0 0 0 0 0 1 1 1 0 R 0
1464 32280 19578 1544 19598 1540 4313 1 0 0 0 0 0 0 1 1 1 0 R 0
1465 32307 25417 1179 25417 1162 3944 1 0 0 0 0 0 0 1 1 2 0 R 0
1466 32338 29279 1084 29375 971 7510 1 0 0 0 0 0 0 1 1 1 0 R 0
1467 32360 21345 599 21360 568 4487 1 0 0 0 0 0 0 1 1 1 0 R 0
1468 32380 19552 609 19582 577 4288 1 0 0 0 0 0 0 1 1 1 0 R 0
1469 32406 24805 806 24826 783 6042 1 0 0 0 0 0 0 1 1 1 0 R 0
1470 32441 34896 1008 34912 990 14694 1 0 0 0 0 0 0 1 1 1 0 R 0
1471 32467 24183 612 24196 583 6750 1 0 0 0 0 0 0 1 1 1 0 R 0
1472 32488 21197 1006 21311 883 3914 1 0 0 0 0 0 0 1 1 1 0 R 0
1473 32515 25246 975 25354 974 4500 1 0 0 0 0 0 0 1 1 1 0 R 0
1474 32545 29372 865 29272 937 7229 1 0 0 0 0 0 0 1 1 1 0 R 0
1475 32570 23987 606 23918 573 8749 1 0 0 0 0 0 0 1 1 2 0 R 0
1476 32592 21680 639 21729 588 4307 1 0 0 0 0 0 0 1 1 1 0 R 0
1477 32619 25927 1116 24641 986 5070 1 0 1 0 0 0 0 1 1 1 0 R 0
1478 32643 23305 1331 22988 1309 6548 1 0 1 0 0 0 0 1 1 1 0 R 0
1479 32666 21143 666 21172 625 3793 1 0 0 0 0 0 0 1 1 2 0 R 0
1480 32686 19344 590 19360 562 4193 1 0 0 0 0 0 0 1 1 1 0 R 0
1481 32711 24874 605 24899 572 5106 1 0 0 0 0 0 0 1 1 1 0 R 0
1482 32741 29238 1006 29348 997 6001 1 0 0 0 0 0 0 1 1 1 0 R 0
1483 32766 23652 686 23598 628 6603 1 0 0 0 0 0 0 1 1 1 0 R 0
1484 32786 19321 579 19343 548 3898 1 0 0 0 0 0 0 1 1 1 0 R 0
1485 32814 27433 568 27453 542 10351 1 0 0 0 0 0 0 1 1 1 0 R 0
1486 32842 28135 1907 28151 1894 5922 1 0 0 0 0 0 0 1 1 1 0 R 0
1487 32870 25900 618 25910 584 7952 1 0 0 0 0 0 0 1 1 1 0 R 0
1488 32890 19482 652 19527 603 4488 1 0 0 0 0 0 0 1 1 1 0 R 0
1489 32917 26131 600 26154 572 5631 1 0 0 0 0 0 0 1 1 1 0 R 0
1490 32947 29102 983 29126 971 7071 1 0 0 0 0 0 0 1 1 1 0 R 0
1491 32973 25325 1120 25325 1100 7293 1 0 0 0 0 0 0 1 1 1 0 R 0
1492 32994 19723 595 19728 574 3746 1 0 0 0 0 0 0 1 1 1 0 R 0
1493 33019 24650 611 24670 581 5499 1 0 0 0 0 0 0 1 1 1 0 R 0
1494 33042 22044 607 22070 582 6593 1 0 0 0 0 0 0 1 1 2 0 R 0
1495 33062 19366 599 19386 571 3986 1 0 0 0 0 0 0 1 1 1 0 R 0
1496 33085 22206 596 22224 569 5900 1 0 0 0 0 0 0 1 1 1 0 R 0
1497 33106 21271 793 21293 765 3839 1 0 0 0 0 0 0 1 1 1 0 R 0
1498 33135 27586 1161 27602 1146 6232 1 0 0 0 0 0 0 1 1 1 0 R 0
1499 33164 27885 582 27890 559 7117 1 0 0 0 0 0 0 1 1 1 0 R 0
