# swapstamp frames 1500 skip 300 peer 524
# f t_ms gap_us swap_us crend_us cswap_us clr_us nclr vcs_r ivcs_r vcs_s ivcs_s minf majf cpu0 cpu1 pticks pcpu pstate ctr
0 0 26243 752 26202 704 8793 1 0 0 0 0 0 0 1 1 0 0 R 0
1 26 25378 1140 25522 990 4602 1 0 0 0 0 0 0 1 1 1 0 R 0
2 55 28686 976 28707 957 6692 1 0 0 0 0 0 0 1 1 1 0 R 0
3 78 21773 974 21786 956 5214 1 0 0 0 0 0 0 1 1 1 0 R 0
4 98 18806 1234 18872 1174 3719 1 0 0 0 0 0 0 1 1 2 0 R 0
5 123 24126 601 24142 572 5778 1 0 0 0 0 0 0 1 1 1 0 R 0
6 154 30032 1002 30158 877 7157 1 0 0 0 0 0 0 1 1 1 0 R 0
7 177 22256 586 22284 557 6436 1 0 0 0 0 0 0 1 1 1 0 R 0
8 198 19871 586 19898 556 3845 1 0 0 0 0 0 0 1 1 1 0 R 0
9 222 23778 998 23808 1001 3859 1 0 0 0 0 0 0 1 1 2 0 R 0
10 251 27828 1007 27932 882 5451 1 0 0 0 0 0 0 1 1 1 0 R 0
11 280 28263 763 28276 742 7196 1 0 0 0 0 0 0 1 1 1 0 R 0
12 302 20999 589 21027 558 4214 1 0 0 0 0 0 0 1 1 1 0 R 0
13 325 22620 964 22651 938 5368 1 0 0 0 0 0 0 1 1 2 0 R 0
14 355 28678 1172 28797 1055 6013 1 0 0 0 0 0 0 1 1 1 0 R 0
15 386 30515 610 30539 581 13732 1 0 0 0 0 0 0 1 1 1 0 R 0
16 407 19993 636 20021 605 4041 1 0 0 0 0 0 0 1 1 1 0 R 0
17 433 24848 987 24975 964 5618 1 0 0 0 0 0 0 1 1 1 0 R 0
18 455 21377 601 21303 573 7104 1 0 0 0 0 0 0 1 1 1 0 R 0
19 475 19661 622 19692 594 4678 1 0 0 0 0 0 0 1 1 1 0 R 0
20 498 21809 599 21838 567 6206 1 0 0 0 0 0 0 1 1 2 0 R 0
21 520 21464 1371 21491 1367 3760 1 0 0 0 0 0 0 1 1 1 0 R 0
22 544 23085 595 23091 565 4683 1 0 0 0 0 0 0 1 1 2 0 R 0
23 564 19376 610 19407 580 4991 1 0 0 0 0 0 0 1 1 1 0 R 0
24 587 22186 789 22221 753 4182 1 0 0 0 0 0 0 1 1 1 0 R 0
25 608 20082 690 20144 633 3887 1 0 0 0 0 0 0 1 1 1 0 R 0
26 632 23572 1050 23594 1035 3869 1 0 0 0 0 0 0 1 1 2 0 R 0
27 661 27416 982 27434 964 5128 1 0 0 0 0 0 0 1 1 1 0 R 0
28 692 30593 594 29582 563 7621 1 0 1 0 0 0 0 1 1 1 0 R 0
29 713 20552 602 20586 573 4713 1 0 0 0 0 0 0 1 1 1 0 R 0
30 744 30486 1152 30615 1025 11256 1 0 0 0 0 0 0 1 1 1 0 R 0
31 775 29104 1171 29130 1157 7473 1 0 0 0 0 0 0 1 1 1 0 R 0
32 797 21172 637 21180 609 3962 1 0 0 0 0 0 0 1 1 1 0 R 0
33 817 19272 580 19303 552 3906 1 0 0 0 0 0 0 1 1 1 0 R 0
34 841 23739 597 23766 569 5753 1 0 0 0 0 0 0 1 1 2 0 R 0
35 870 28661 1093 28779 980 5672 1 0 0 0 0 0 0 1 1 1 0 R 0
36 894 22012 750 22085 676 7001 1 0 0 0 0 0 0 1 1 1 0 R 0
37 914 19346 598 19369 571 4506 1 0 0 0 0 0 0 1 1 1 0 R 0
38 939 25068 957 25087 955 4151 1 0 0 0 0 0 0 1 1 1 0 R 0
39 967 26925 1076 26940 1154 4965 1 0 0 0 0 0 0 1 1 1 0 R 0
40 992 24248 599 24170 567 6455 1 0 0 0 0 0 0 1 1 1 0 R 0
41 1013 19863 738 19902 720 4521 1 0 0 0 0 0 0 1 1 1 0 R 0
42 1035 20992 961 21001 932 4319 1 0 0 0 0 0 0 1 1 1 0 R 0
43 1064 27946 1112 28072 991 6359 1 0 0 0 0 0 0 1 1 2 0 R 0
44 1090 25495 594 25513 566 7391 1 0 0 0 0 0 0 1 1 1 0 R 0
45 1114 23288 602 23316 575 9448 1 0 0 0 0 0 0 1 1 1 0 R 0
46 1137 22057 1121 22133 1052 4285 1 0 0 0 0 0 0 1 1 2 0 R 0
47 1166 28081 1008 28104 990 5778 1 0 0 0 0 0 0 1 1 1 0 R 0
48 1196 29073 592 29093 559 6455 1 0 0 0 0 0 0 1 1 1 0 R 0
49 1217 20373 662 20417 622 4628 1 0 0 0 0 0 0 1 1 1 0 R 0
50 1238 20496 1071 20525 1043 3884 1 0 0 0 0 0 0 1 1 1 0 R 0
51 1267 28107 1137 28229 1019 5702 1 0 0 0 0 0 0 1 1 2 0 R 0
52 1296 27376 606 27396 579 5938 1 0 0 0 0 0 0 1 1 1 0 R 0
53 1316 19987 598 20011 574 4883 1 0 0 0 0 0 0 1 1 1 0 R 0
54 1338 20975 1119 21067 1037 3881 1 0 0 0 0 0 0 1 1 1 0 R 0
55 1366 26656 785 26677 859 5727 1 0 0 0 0 0 0 1 1 1 0 R 0
56 1396 29543 1135 29559 1018 5187 1 0 0 0 0 0 0 1 1 1 0 R 0
57 1420 22456 599 22475 575 4246 1 0 0 0 0 0 0 1 1 2 0 R 0
58 1441 21046 633 21068 606 3790 1 0 0 0 0 0 0 1 1 1 0 R 0
59 1469 26544 1759 27329 991 6430 1 0 0 0 0 0 0 1 1 1 0 R 0
60 1501 30988 893 30999 873 14224 1 0 0 0 0 0 0 1 1 2 0 R 0
61 1522 19535 592 19558 565 4226 1 0 0 0 0 0 0 1 1 1 0 R 0
62 1546 23476 613 23506 581 4284 1 0 0 0 0 0 0 1 1 1 0 R 0
63 1575 28124 1165 28152 1149 5042 1 0 0 0 0 0 0 1 1 1 0 R 0
64 1603 27510 592 27530 558 5906 1 0 0 0 0 0 0 1 1 2 0 R 0
65 1625 20779 625 20806 600 5306 1 0 0 0 0 0 0 1 1 1 0 R 0
66 1648 22421 592 22003 565 4613 1 0 1 0 0 1 0 1 1 1 0 R 0
67 1676 27560 1007 27682 979 6371 1 0 0 0 0 0 0 1 1 2 0 R 0
68 1705 28014 600 27948 566 6527 1 0 0 0 0 0 0 1 1 1 0 R 0
69 1726 20545 598 20576 568 4665 1 0 0 0 0 0 0 1 1 1 0 R 0
70 1748 21173 611 21208 578 4246 1 0 0 0 0 0 0 1 1 1 0 R 0
71 1776 27199 1670 27350 1545 5983 1 0 0 0 0 0 0 1 1 1 0 R 0
72 1805 27991 595 27995 566 6670 1 0 0 0 0 0 0 1 1 1 0 R 0
73 1825 19496 597 19525 572 4747 1 0 0 0 0 0 0 1 1 2 0 R 0
74 1847 21625 900 21650 867 4122 1 0 0 0 0 0 0 1 1 1 0 R 0
75 1877 28370 1240 28526 1202 11313 1 0 0 0 0 0 0 1 1 1 0 R 0
76 1913 34523 700 22662 680 11210 1 1 6 0 1 0 0 0 0 1 0 R 1
77 1934 20393 713 18834 652 2836 1 0 0 0 0 0 0 0 0 2 1 R 0
78 1956 21321 582 20250 554 4356 1 0 1 0 0 0 0 0 0 1 1 R 0
79 1977 20967 583 19465 553 3673 1 0 4 0 0 0 0 0 0 1 1 R 0
80 1997 18991 1084 19036 1045 3314 1 0 0 0 0 0 0 0 0 1 1 R 0
81 2016 18086 703 18127 658 3140 1 0 0 0 0 0 0 0 0 2 1 R 0
82 2037 20153 598 20184 565 3846 1 0 0 0 0 0 0 0 0 1 1 R 0
83 2060 22870 596 21470 568 3961 1 0 4 0 0 0 0 0 0 1 1 R 0
84 2080 19414 861 19468 831 3407 1 0 0 0 0 0 0 0 0 2 1 R 0
85 2100 18397 888 18427 833 3182 1 0 0 0 0 0 0 0 0 2 1 R 0
86 2123 22970 596 21966 563 3564 1 0 4 0 0 0 0 0 0 1 1 R 0
87 2145 21231 565 20401 539 4310 1 0 1 0 0 0 0 0 0 2 1 R 0
88 2165 19671 698 19817 557 4403 1 0 0 0 0 1 0 0 0 1 1 R 0
89 2188 21849 903 20345 886 3932 1 0 4 0 0 0 0 0 0 2 1 R 0
90 2211 21741 872 21771 837 6194 1 0 0 0 0 0 0 0 0 1 1 R 0
91 2230 18269 650 18290 633 3363 1 0 0 0 0 0 0 0 0 2 1 R 0
92 2253 22161 645 21389 627 3872 1 0 4 0 0 0 0 0 0 1 1 R 0
93 2274 20663 1261 20682 1252 3936 1 0 0 0 0 1 0 0 0 2 1 R 0
94 2294 18485 694 18512 659 3514 1 0 0 0 0 0 0 0 0 2 1 R 0
95 2314 19599 823 19646 771 4711 1 0 0 0 0 0 0 0 0 1 1 R 0
96 2337 22342 604 21318 570 6583 1 0 4 0 0 0 0 0 0 2 1 R 0
97 2359 21480 692 20446 652 3953 1 0 1 0 0 0 0 0 0 1 1 R 0
98 2378 18550 1541 18628 1461 4102 1 0 0 0 0 0 0 0 0 1 1 R 0
99 2401 20943 731 20010 704 3373 1 0 4 0 0 0 0 0 0 2 1 R 0
100 2420 18743 674 18768 637 3083 1 0 0 0 0 0 0 0 0 2 1 R 0
101 2441 19657 909 19692 883 3364 1 0 0 0 0 0 0 0 0 1 1 R 0
102 2464 22742 582 21776 553 3866 1 0 4 0 0 0 0 0 0 1 1 R 0
103 2487 22146 662 21258 627 5505 1 0 1 0 0 0 0 0 0 2 1 R 0
104 2507 18976 677 18679 619 3208 1 0 1 0 0 0 0 0 0 2 1 R 0
105 2533 25594 642 24398 622 6144 1 0 4 0 0 0 0 0 0 2 1 R 0
106 2555 21514 603 20339 568 4334 1 0 1 0 0 0 0 0 0 0 1 R 0
107 2575 19428 590 19460 561 4421 1 0 0 0 0 0 0 0 0 1 1 R 0
108 2595 19517 726 19581 664 4093 1 0 0 0 0 0 0 0 0 2 1 R 0
109 2618 21501 605 20424 576 6466 1 0 4 0 0 0 0 0 0 1 1 R 0
110 2639 20842 560 20859 537 3985 1 0 0 0 0 0 0 0 0 2 1 R 0
111 2658 18598 988 18630 971 3837 1 0 0 0 0 0 0 0 0 1 1 R 0
112 2683 23981 589 22221 559 3755 1 0 5 0 0 0 0 0 0 1 1 R 0
113 2702 18025 701 18079 654 3578 1 0 0 0 0 0 0 0 0 2 1 R 0
114 2721 18799 727 18852 672 3072 1 0 0 0 0 0 0 0 0 2 1 R 0
115 2745 22714 780 21397 760 3715 1 0 4 0 0 0 0 0 0 1 1 R 0
116 2770 24711 812 23625 767 3895 1 0 1 0 0 0 0 0 0 3 1 R 0
117 2792 20649 835 20674 788 3785 1 0 0 0 0 0 0 0 0 2 1 R 0
118 2814 21642 675 20677 528 3233 1 0 4 0 0 0 0 0 0 2 1 R 0
119 2835 20117 589 20142 558 4052 1 0 0 0 0 0 0 0 0 2 1 R 0
120 2858 22205 599 22236 570 8158 1 0 0 0 0 0 0 0 0 0 1 R 0
121 2878 20115 2967 20148 1778 3944 1 0 0 0 4 0 0 0 0 2 1 R 0
122 2903 21745 775 21779 723 3921 1 0 0 0 0 0 0 0 0 2 1 R 0
123 2922 18466 704 18518 658 3051 1 0 0 0 0 0 0 0 0 2 1 R 0
124 2944 20486 576 20512 544 3063 1 0 0 0 0 0 0 0 0 2 1 R 0
125 2966 21849 599 19127 572 7735 1 0 4 0 0 0 0 0 0 1 1 R 0
126 2987 20437 598 20467 565 4259 1 0 0 0 0 0 0 0 0 1 1 R 0
127 3006 18215 708 18260 666 3535 1 0 0 0 0 0 0 0 0 2 1 R 0
128 3028 21635 1379 20505 1340 3430 1 0 4 0 0 0 0 0 0 1 1 R 0
129 3049 19385 667 19428 645 3879 1 0 0 0 0 0 0 0 0 2 1 R 0
130 3070 19876 615 19878 580 3830 1 0 0 0 0 0 0 0 0 1 1 R 0
131 3090 19749 1475 19784 880 3600 1 0 1 0 2 0 0 0 0 1 1 R 0
132 3112 20681 655 20259 618 3225 1 0 1 0 0 0 0 0 0 2 1 R 0
133 3131 18499 702 18534 674 3246 1 0 0 0 0 0 0 0 0 1 1 R 0
134 3153 21349 580 20182 546 3596 1 0 1 0 0 0 0 0 0 1 1 R 0
135 3178 24330 1017 23331 991 12030 1 0 4 0 0 0 0 0 0 1 1 R 0
136 3200 20493 556 20509 533 4074 1 0 0 0 0 0 0 0 0 2 1 R 0
137 3218 17582 700 17629 662 3164 1 0 0 0 0 0 0 0 0 1 1 R 0
138 3241 22473 785 21437 757 3536 1 0 4 0 0 0 0 0 0 3 1 R 0
139 3261 19584 586 19594 559 3863 1 0 0 0 0 0 0 0 0 1 1 R 0
140 3282 20040 733 20069 715 4082 1 0 0 0 0 0 0 0 0 1 1 R 0
141 3304 21560 545 20453 523 3712 1 0 4 0 0 0 0 0 0 1 1 R 0
142 3323 17866 698 17914 649 3562 1 0 0 0 0 0 0 0 0 2 1 R 0
143 3343 19263 760 19309 721 4494 1 0 0 0 0 0 0 0 0 2 1 R 0
144 3365 21794 720 20801 701 4499 1 0 1 0 0 0 0 0 0 1 1 R 0
145 3388 21661 591 20462 559 6781 1 0 4 0 0 0 0 0 0 1 1 R 0
146 3408 19708 1296 19461 1215 3084 1 0 1 0 0 0 0 0 0 2 1 R 0
147 3427 17414 696 17453 651 3166 1 0 0 0 0 0 0 0 0 1 1 R 0
148 3452 24240 648 23225 616 4076 1 0 4 0 0 0 0 0 0 3 1 R 0
149 3472 19353 583 19379 553 3457 1 0 0 0 0 0 0 0 0 1 1 R 0
150 3495 23249 592 23278 557 8870 1 0 0 0 0 0 0 0 0 1 1 R 0
151 3520 24495 883 22451 893 4524 1 0 6 0 0 0 0 0 0 2 1 R 0
152 3543 21376 584 21047 556 3901 1 0 1 0 0 0 0 0 0 1 1 R 0
153 3566 22743 602 21336 571 4390 1 0 2 0 0 0 0 0 0 2 1 R 0
154 3589 22648 960 21564 935 4422 1 0 4 0 0 0 0 0 0 0 1 R 0
155 3608 17950 1076 17956 1062 3727 1 0 0 0 0 0 0 0 0 1 1 R 0
156 3628 18295 721 18331 676 3250 1 0 0 0 0 0 0 0 0 3 1 R 0
157 3646 17570 767 17639 707 3366 1 0 0 0 0 0 0 0 0 1 1 R 0
158 3671 23961 561 22013 533 5701 1 0 4 0 0 0 0 0 0 2 1 R 0
159 3691 19753 681 19802 641 3975 1 0 0 0 0 0 0 0 0 1 1 R 0
160 3711 19669 696 19744 613 3837 1 0 0 0 0 0 0 0 0 2 1 R 0
161 3734 22397 600 21371 570 3395 1 0 4 0 0 0 0 0 0 1 1 R 0
162 3753 17757 2240 17818 1038 3590 1 0 0 0 1 0 0 0 0 2 1 R 0
163 3775 19983 651 19990 620 4463 1 0 0 0 0 0 0 0 0 1 1 R 0
164 3798 22195 609 20785 577 4338 1 0 4 0 0 0 0 0 0 1 1 R 0
165 3821 22745 580 22778 545 6006 1 0 0 0 0 0 0 0 0 1 1 R 0
166 3840 18684 667 18737 623 3106 1 0 0 0 0 0 0 0 0 2 1 R 0
167 3861 19557 2419 18965 1363 3419 1 0 1 0 3 0 0 0 0 1 1 R 0
168 3884 20912 599 20882 572 4443 1 0 0 0 0 0 0 0 0 2 1 R 0
169 3904 19095 589 19122 553 4352 1 0 0 0 0 0 0 0 0 1 1 R 0
170 3924 20106 557 20139 526 3580 1 0 0 0 0 0 0 0 0 3 1 R 0
171 3945 20568 718 19654 673 4585 1 0 4 0 0 0 0 0 0 0 1 R 0
172 3967 21076 598 20071 570 3584 1 0 1 0 0 0 0 0 0 2 1 R 0
173 3987 19268 651 19300 617 3896 1 0 0 0 0 0 0 0 0 1 1 R 0
174 4010 22476 673 20871 618 3813 1 0 4 0 0 0 0 0 0 2 1 R 0
175 4030 19045 768 19086 739 3991 1 0 0 0 0 0 0 0 0 2 1 R 0
176 4048 17594 1547 17635 1522 3072 1 0 0 0 0 0 0 0 0 1 1 R 0
177 4072 22361 795 21764 679 3277 1 0 4 0 0 0 0 0 0 2 1 R 0
178 4093 20016 606 19961 575 4363 1 0 0 0 0 0 0 0 0 1 1 R 0
179 4113 19096 589 19126 556 4045 1 0 0 0 0 0 0 0 0 1 1 R 0
180 4136 22365 611 22396 581 7361 1 0 0 0 0 0 0 0 0 1 1 R 0
181 4158 21875 1476 19739 1454 5449 1 0 5 0 0 1 0 0 0 2 1 R 0
182 4180 19851 586 19866 555 3850 1 0 0 0 0 0 0 0 0 1 1 R 0
183 4199 18866 730 18915 701 4129 1 0 0 0 0 0 0 0 0 1 1 R 0
184 4222 22146 578 20913 544 3376 1 0 4 0 0 0 0 0 0 2 1 R 0
185 4241 18078 804 18153 747 3108 1 0 0 0 0 0 0 0 0 1 1 R 0
186 4260 18841 668 18871 634 3433 1 0 0 0 0 0 0 0 0 2 1 R 0
187 4284 23260 565 22159 548 4329 1 0 4 0 0 0 0 0 0 1 1 R 0
188 4304 19514 605 19538 569 4260 1 0 0 0 0 0 0 0 0 1 1 R 0
189 4324 19523 626 19603 544 4311 1 0 0 0 0 0 0 0 0 2 1 R 0
190 4343 17640 787 17729 702 3650 1 0 0 0 0 0 0 0 0 2 1 R 0
191 4367 23682 795 21758 755 6816 1 0 5 0 0 0 0 0 0 2 1 R 0
192 4388 19641 657 19681 629 3915 1 0 0 0 0 0 0 0 0 2 1 R 0
193 4408 19639 629 19655 591 3907 1 0 0 0 0 0 0 0 0 1 1 R 0
194 4431 22412 596 21228 561 3750 1 0 4 0 0 1 0 0 0 1 1 R 0
195 4453 21587 845 21684 757 6512 1 0 0 0 0 0 0 0 0 2 1 R 0
196 4472 18090 1476 18131 1467 3594 1 0 0 0 0 1 0 0 0 1 1 R 0
197 4496 22128 580 21179 553 4371 1 0 4 0 0 0 0 0 0 1 1 R 0
198 4515 19285 971 19338 937 4419 1 0 0 0 0 0 0 0 0 2 1 R 0
199 4538 21818 2282 21906 1752 4265 1 0 0 0 1 0 0 0 0 2 1 R 0
200 4557 16578 5969 16604 2154 3049 1 0 0 0 4 0 0 0 0 2 1 R 0
201 4581 17685 812 17722 776 3542 1 0 0 0 0 0 0 0 0 2 1 R 0
202 4604 22583 604 22583 574 6381 1 0 0 0 0 0 0 0 0 1 1 R 0
203 4624 19517 593 19545 564 4134 1 0 0 0 0 0 0 0 0 2 1 R 0
204 4647 21940 587 20995 551 6043 1 0 4 0 0 0 0 0 0 1 1 R 0
205 4665 17750 969 17804 947 3152 1 0 0 0 0 0 0 0 0 2 1 R 0
206 4687 21117 605 20245 573 4068 1 0 1 0 0 0 0 0 0 1 1 R 0
207 4710 22369 573 21316 546 3903 1 0 4 0 0 0 0 0 0 1 1 R 0
208 4731 20360 576 20385 548 3440 1 0 0 0 0 0 0 0 0 2 1 R 0
209 4750 18335 665 18388 634 3027 1 0 0 0 0 0 0 0 0 1 1 R 0
210 4776 25682 694 23460 665 6617 1 0 5 0 0 0 0 0 0 2 1 R 0
211 4796 19392 606 19414 561 4151 1 0 0 0 0 0 0 0 0 1 1 R 0
212 4818 20437 574 20468 544 3855 1 0 0 0 0 0 0 0 0 2 1 R 0
213 4837 18820 836 18883 779 3859 1 0 0 0 0 0 0 0 0 1 1 R 0
214 4859 21613 618 20480 582 3731 1 0 4 0 0 0 0 0 0 2 1 R 0
215 4878 17570 688 17617 653 3112 1 0 0 0 0 0 0 0 0 1 1 R 0
216 4899 21210 562 21223 539 4505 1 0 0 0 0 0 0 0 0 1 1 R 0
217 4922 22250 592 20884 556 3852 1 0 4 0 0 0 0 0 0 1 1 R 0
218 4942 18917 668 18965 642 3350 1 0 0 0 0 0 0 0 0 1 1 R 0
219 4963 21034 915 19586 870 3088 1 0 1 0 0 0 0 0 0 3 1 R 0
220 4986 21597 584 19971 555 3449 1 0 4 0 0 0 0 0 0 2 1 R 0
221 5007 20331 582 19710 551 4354 1 0 1 0 0 0 0 0 0 1 1 R 0
222 5027 19858 614 19893 582 3847 1 0 0 0 0 0 0 0 0 1 1 R 0
223 5046 18148 760 18230 691 3290 1 0 0 0 0 0 0 0 0 2 1 R 0
224 5068 21108 1269 19946 1240 4829 1 0 4 0 0 0 0 0 0 1 1 R 0
225 5091 21290 864 21317 819 6106 1 0 0 0 0 0 0 0 0 2 1 R 0
226 5111 20074 590 20087 560 3866 1 0 0 0 0 0 0 0 0 1 1 R 0
227 5134 22002 618 20676 577 4104 1 0 4 0 0 0 0 0 0 2 1 R 0
228 5154 18858 731 18924 674 3875 1 0 0 0 0 0 0 0 0 1 1 R 0
229 5175 20675 712 19694 647 3695 1 0 1 0 0 0 0 0 0 1 1 R 0
230 5198 22194 596 21183 564 3455 1 0 4 0 0 0 0 0 0 2 1 R 0
231 5218 19126 651 19156 617 3891 1 0 0 0 0 0 0 0 0 1 1 R 0
232 5238 20235 960 20267 950 3927 1 0 0 0 0 0 0 0 0 2 1 R 0
233 5257 17921 709 17943 672 3677 1 0 0 0 0 0 0 0 0 1 1 R 0
234 5281 23354 759 21497 686 3450 1 0 4 0 0 0 0 0 0 2 1 R 0
235 5300 17960 660 17992 641 3046 1 0 0 0 0 0 0 0 0 1 1 R 0
236 5321 20004 892 20018 861 3807 1 0 0 0 0 0 0 0 0 1 1 R 0
237 5344 22300 612 21267 584 3703 1 0 4 0 0 0 0 0 0 2 1 R 0
238 5363 18367 2897 18409 1394 3719 1 0 0 0 1 0 0 0 0 1 1 R 0
239 5384 18228 893 18229 844 3593 1 0 0 0 0 0 0 0 0 2 1 R 0
240 5410 25187 582 23990 555 7684 1 0 4 0 0 0 0 0 0 2 1 R 0
241 5431 20423 594 20449 564 4104 1 0 0 0 0 0 0 0 0 1 1 R 0
242 5452 20218 577 20248 550 3865 1 0 0 0 0 0 0 0 0 1 1 R 0
243 5474 21826 545 20658 526 3251 1 0 4 0 0 0 0 0 0 2 1 R 0
244 5493 17806 697 17851 650 3632 1 0 0 0 0 0 0 0 0 1 1 R 0
245 5514 20324 837 20398 780 4767 1 0 0 0 0 0 0 0 0 2 1 R 0
246 5535 20492 595 20510 562 4275 1 0 0 0 0 0 0 0 0 1 1 R 0
247 5556 20467 681 19383 646 5785 1 0 4 0 0 0 0 0 0 2 1 R 0
248 5577 19690 704 18664 672 3082 1 0 1 0 0 0 0 0 0 1 1 R 0
249 5595 18107 767 18154 698 3342 1 0 0 0 0 0 0 0 0 2 1 R 0
250 5620 24110 591 22877 563 5471 1 0 4 0 0 0 0 0 0 2 1 R 0
251 5641 20357 563 19965 539 3899 1 0 1 0 0 0 0 0 0 1 1 R 0
252 5662 19855 579 19886 546 3103 1 0 0 0 0 0 0 0 0 1 1 R 0
253 5683 21223 1016 20074 958 3298 1 0 4 0 0 0 0 0 0 2 1 R 0
254 5703 18210 764 18251 717 3460 1 0 0 0 0 0 0 0 0 1 1 R 0
255 5727 23952 607 23443 577 8269 1 0 1 0 0 0 0 0 0 1 1 R 0
256 5748 20540 1274 20570 1252 4083 1 0 0 0 2 0 0 0 0 2 1 R 0
257 5773 22738 595 20240 566 3784 1 0 3 0 0 0 0 0 0 1 1 R 0
258 5792 18462 740 18517 701 3134 1 0 0 0 0 0 0 0 0 2 1 R 0
259 5812 19724 588 19750 547 3234 1 0 0 0 0 0 0 0 0 1 1 R 0
260 5835 22166 599 20818 571 4141 1 0 4 0 0 0 0 0 0 1 1 R 0
261 5855 19177 581 19204 551 3932 1 0 0 0 0 0 0 0 0 2 1 R 0
262 5874 18943 721 19006 670 4065 1 0 0 0 0 0 0 0 0 1 1 R 0
263 5897 21699 824 20479 720 3629 1 0 4 0 0 0 0 0 0 2 1 R 0
264 5927 29202 656 23776 610 6997 1 0 4 0 0 0 0 1 1 2 0 R 2
265 5961 34034 665 20798 633 21497 1 3 1 0 0 0 0 1 1 1 0 R 1
266 5992 30270 993 30290 973 6667 1 0 0 0 0 0 0 1 1 2 0 R 0
267 6018 24844 907 24864 888 7151 1 0 0 0 0 0 0 1 1 1 0 R 0
268 6039 19664 952 20040 564 4090 1 0 0 0 0 0 0 1 1 1 0 R 0
269 6064 24502 850 24534 832 5564 1 0 0 0 0 0 0 1 1 1 0 R 0
270 6098 33554 1906 33576 1898 14452 1 0 0 0 0 0 0 1 1 1 0 R 0
271 6125 24262 604 24262 578 7525 1 0 0 0 0 0 0 1 1 1 0 R 0
272 6145 19833 1672 19859 1663 4674 1 0 0 0 0 0 0 1 1 2 0 R 0
273 6173 26145 998 26156 981 3957 1 0 0 0 0 0 0 1 1 1 0 R 0
274 6195 21434 639 21451 607 4783 1 0 0 0 0 1 0 1 1 1 0 R 0
275 6216 20247 949 20286 934 4332 1 0 0 0 0 0 0 1 1 1 0 R 0
276 6239 21439 962 21785 607 4481 1 0 0 0 0 0 0 1 1 1 0 R 0
277 6262 22835 890 22851 877 3651 1 0 0 0 0 0 0 1 1 2 0 R 0
278 6292 29010 998 29025 968 5014 1 0 0 0 0 0 0 1 1 1 0 R 0
279 6317 24183 597 24213 565 7220 1 0 0 0 0 0 0 1 1 1 0 R 0
280 6338 19539 598 19570 570 3814 1 0 0 0 0 0 0 1 1 1 0 R 0
281 6359 21054 891 21077 893 3879 1 0 0 0 0 0 0 1 1 1 0 R 0
282 6390 29458 989 29453 983 6990 1 0 0 0 0 0 0 1 1 2 0 R 0
283 6421 30592 1203 30602 1179 7868 1 0 0 0 0 0 0 1 1 1 0 R 0
284 6443 21106 608 21133 579 4569 1 0 0 0 0 0 0 1 1 1 0 R 0
285 6472 27966 600 27998 567 9003 1 0 0 0 0 0 0 1 1 2 0 R 0
286 6502 29254 1293 29382 1188 6793 1 0 0 0 0 0 0 1 1 1 0 R 0
287 6531 27337 592 27339 564 7250 1 0 0 0 0 0 0 1 1 1 0 R 0
288 6552 20913 608 20941 584 4128 1 0 0 0 0 0 0 1 1 1 0 R 0
289 6580 27479 1578 27209 1490 5949 1 0 1 0 0 0 0 1 1 1 0 R 0
290 6606 24073 581 22751 554 9402 1 0 1 0 0 0 0 1 1 1 0 R 0
291 6628 21232 1581 21342 1496 4634 1 0 0 0 0 0 0 1 1 1 0 R 0
292 6649 19921 570 19914 554 4122 1 0 0 0 0 0 0 1 1 2 0 R 0
293 6675 25063 896 25096 862 3801 1 0 0 0 0 0 0 1 1 1 0 R 0
294 6705 29761 1032 29030 1013 7461 1 0 1 0 0 0 0 1 1 1 0 R 0
295 6727 20856 612 20877 578 4438 1 0 0 0 0 0 0 1 1 2 0 R 0
296 6748 19747 596 19773 568 3800 1 0 0 0 0 0 0 1 1 1 0 R 0
297 6770 21829 946 21857 917 3843 1 0 0 0 0 0 0 1 1 1 0 R 0
298 6802 30576 2018 30608 2113 5342 1 0 0 0 0 1 0 1 1 1 0 R 0
299 6828 24299 606 24207 575 7372 1 0 0 0 0 0 0 1 1 1 0 R 0
300 6852 23436 585 23461 556 8975 1 0 0 0 0 0 0 1 1 1 0 R 0
301 6873 20744 1083 20859 985 3849 1 0 0 0 0 0 0 1 1 1 0 R 0
302 6903 28617 1011 28724 892 5378 1 0 0 0 0 0 0 1 1 2 0 R 0
303 6933 28724 940 28759 918 6193 1 0 0 0 0 0 0 1 1 1 0 R 0
304 6955 21726 646 21744 610 4580 1 0 0 0 0 0 0 1 1 1 0 R 0
305 6980 23626 939 23653 924 4302 1 0 0 0 0 0 0 1 1 1 0 R 0
306 7008 27026 2104 27140 2087 4518 1 0 0 0 0 0 0 1 1 1 0 R 0
307 7035 25021 607 24946 576 6759 1 0 0 0 0 0 0 1 1 2 0 R 0
308 7055 19411 586 19437 559 4263 1 0 0 0 0 0 0 1 1 1 0 R 0
309 7076 20570 608 20603 577 4308 1 0 0 0 0 0 0 1 1 1 0 R 0
310 7105 28625 998 28652 983 5480 1 0 0 0 0 0 0 1 1 1 0 R 0
311 7133 26786 600 26799 571 6653 1 0 0 0 0 0 0 1 1 1 0 R 0
312 7154 20873 599 20916 558 4581 1 0 0 0 0 0 0 1 1 2 0 R 0
313 7176 20746 833 20797 791 4272 1 0 0 0 0 0 0 1 1 1 0 R 0
314 7205 28205 1017 28226 998 5662 1 0 0 0 0 0 0 1 1 1 0 R 0
315 7236 30362 767 30384 737 14477 1 0 0 0 0 0 0 1 1 2 0 R 0
316 7257 20035 599 20063 566 4263 1 0 0 0 0 0 0 1 1 1 0 R 0
317 7278 20656 1101 20715 1050 3879 1 0 0 0 0 0 0 1 1 1 0 R 0
318 7308 28406 1971 28521 1950 5877 1 0 0 0 0 0 0 1 1 1 0 R 0
319 7348 37885 842 37868 783 8291 1 0 0 0 0 0 0 1 1 4 0 R 0
320 7369 21010 582 21014 552 4079 1 0 0 0 0 0 0 1 1 2 0 R 0
321 7394 24444 610 24478 576 5536 1 0 0 0 0 1 0 1 1 1 0 R 0
322 7424 28929 988 29059 975 6799 1 0 0 0 0 0 0 1 1 1 0 R 0
323 7453 27836 591 27749 562 6641 1 0 0 0 0 0 0 1 1 1 0 R 0
324 7473 20024 576 20052 548 4241 1 0 0 0 0 0 0 1 1 1 0 R 0
325 7498 23584 817 23621 782 6539 1 0 0 0 0 0 0 1 1 2 0 R 0
326 7522 23909 599 23935 568 5084 1 0 0 0 0 0 0 1 1 1 0 R 0
327 7542 19125 572 19154 543 4263 1 0 0 0 0 0 0 1 1 1 0 R 0
328 7564 21320 604 21357 569 6088 1 0 0 0 0 0 0 1 1 1 0 R 0
329 7586 21859 603 21891 572 4067 1 0 0 0 0 0 0 1 1 2 0 R 0
330 7620 33144 895 33265 775 12444 1 0 0 0 0 0 0 1 1 1 0 R 0
331 7647 26172 592 25707 562 7396 1 0 1 0 0 0 0 1 1 1 0 R 0
332 7668 20375 1063 20402 1045 4154 1 0 0 0 0 0 0 1 1 1 0 R 0
333 7690 21203 1330 21218 1321 3861 1 0 0 0 0 0 0 1 1 1 0 R 0
334 7721 28892 1226 28897 1219 6042 1 0 0 0 0 0 0 1 1 1 0 R 0
335 7754 31748 837 31805 778 8496 1 0 0 0 0 0 0 1 1 3 0 R 0
336 7776 21601 844 21669 778 4320 1 0 0 0 0 0 0 1 1 2 0 R 0
337 7801 23578 591 23587 563 3757 1 0 0 0 0 0 0 1 1 2 0 R 0
338 7830 28960 1006 28989 988 4769 1 0 0 0 0 0 0 1 1 1 0 R 0
339 7855 23590 600 23612 571 7653 1 0 0 0 0 0 0 1 1 1 0 R 0
340 7876 20452 644 20480 612 4315 1 0 0 0 0 0 0 1 1 1 0 R 0
341 7897 20782 1010 20818 987 4256 1 0 0 0 0 0 0 1 1 2 0 R 0
342 7927 28664 1335 28683 1329 4733 1 0 0 0 0 0 0 1 1 1 0 R 0
343 7958 29606 1475 29694 1486 7516 1 0 0 0 0 0 0 1 1 1 0 R 0
344 7980 20281 571 20181 547 4052 1 0 0 0 0 0 0 1 1 1 0 R 0
345 8008 28003 1035 28032 1019 8980 1 0 0 0 0 0 0 1 1 1 0 R 0
346 8038 29086 1609 29191 1507 6390 1 0 0 0 0 0 0 1 1 2 0 R 0
347 8063 22924 602 22934 572 7452 1 0 0 0 0 0 0 1 1 1 0 R 0
348 8083 20014 628 20042 604 4289 1 0 0 0 0 0 0 1 1 1 0 R 0
349 8107 23022 687 23143 561 4300 1 0 0 0 0 0 0 1 1 1 0 R 0
350 8137 28772 1142 28896 1030 5384 1 0 0 0 0 0 0 1 1 1 0 R 0
351 8161 23449 593 23471 562 6610 1 0 0 0 0 0 0 1 1 1 0 R 0
352 8181 19534 714 19559 692 3813 1 0 0 0 0 0 0 1 1 1 0 R 0
353 8205 22566 1005 22596 979 3931 1 0 0 0 0 0 0 1 1 1 0 R 0
354 8235 29697 1010 29819 989 4650 1 0 0 0 0 0 0 1 1 2 0 R 0
355 8261 25066 598 24988 568 6536 1 0 0 0 0 0 0 1 1 1 0 R 0
356 8283 21045 583 21071 554 4161 1 0 0 0 0 0 0 1 1 1 0 R 0
357 8304 20626 602 20658 572 4229 1 0 0 0 0 0 0 1 1 1 0 R 0
358 8333 28240 1083 28355 979 5816 1 0 0 0 0 0 0 1 1 2 0 R 0
359 8361 27420 605 27436 572 6626 1 0 0 0 0 0 0 1 1 1 0 R 0
360 8386 23557 602 23591 569 8800 1 0 0 0 0 0 0 1 1 1 0 R 0
361 8408 21359 950 21394 1568 5402 1 0 0 0 0 0 0 1 1 2 0 R 0
362 8437 28075 1006 27479 958 4933 1 0 0 0 0 0 0 1 1 1 0 R 0
363 8467 29019 1294 29124 1188 5591 1 0 0 0 0 0 0 1 1 1 0 R 0
364 8491 22824 585 22846 557 4674 1 0 0 0 0 0 0 1 1 1 0 R 0
365 8514 22854 710 22889 673 3829 1 0 0 0 0 0 0 1 1 1 0 R 0
366 8547 31960 1000 31229 970 6447 1 0 2 0 0 0 0 1 1 2 0 R 0
367 8577 29156 639 29084 608 5844 1 0 0 0 0 1 0 1 1 1 0 R 0
368 8598 20100 596 20132 564 4117 1 0 0 0 0 0 0 1 1 1 0 R 0
369 8623 24457 596 24489 564 5236 1 0 0 0 0 0 0 1 1 1 0 R 0
370 8646 22372 603 22403 569 7258 1 0 0 0 0 0 0 1 1 1 0 R 0
371 8666 19085 634 19115 610 4639 1 0 0 0 0 0 0 1 1 1 0 R 0
372 8690 23880 651 23177 629 5578 1 0 1 0 0 0 0 1 1 2 0 R 0
373 8712 20977 599 21001 569 3829 1 0 0 0 0 0 0 1 1 1 0 R 0
374 8741 28555 1373 28674 1255 6227 1 0 0 0 0 0 0 1 1 1 0 R 0
375 8773 31029 606 31059 569 13883 1 0 0 0 0 0 0 1 1 1 0 R 0
376 8794 20414 593 20447 563 4634 1 0 0 0 0 0 0 1 1 1 0 R 0
377 8815 20182 609 20219 574 4325 1 0 0 0 0 0 0 1 1 1 0 R 0
378 8845 29507 1383 29692 1205 6622 1 0 0 0 0 0 0 1 1 3 0 R 0
379 8876 29670 948 29698 913 6444 1 0 0 0 0 0 0 1 1 1 0 R 0
380 8898 21145 1037 21206 977 4639 1 0 0 0 0 0 0 1 1 1 0 R 0
381 8922 22233 1002 22266 978 3559 1 0 0 0 0 0 0 1 1 1 0 R 0
382 8952 29558 995 29672 874 5411 1 0 0 0 0 0 0 1 1 1 0 R 0
383 8982 29360 892 29474 784 7418 1 0 0 0 0 0 0 1 1 1 0 R 0
384 9004 21087 598 21109 568 4593 1 0 0 0 0 0 0 1 1 1 0 R 0
385 9030 24517 980 24538 967 4293 1 0 0 0 0 0 0 1 1 2 0 R 0
386 9054 23360 635 23386 600 5012 1 0 0 0 0 0 0 1 1 1 0 R 0
387 9073 18861 589 18890 559 4332 1 0 0 0 0 0 0 1 1 1 0 R 0
388 9096 21689 596 21719 566 4885 1 0 0 0 0 0 0 1 1 1 0 R 0
389 9118 21443 1700 21581 1595 4687 1 0 0 0 0 0 0 1 1 1 0 R 0
390 9148 28886 1694 28883 1687 11849 1 0 0 0 0 0 0 1 1 1 0 R 0
391 9177 26591 827 26695 709 7595 1 0 0 0 0 0 0 1 1 1 0 R 0
392 9198 20490 1164 20577 1081 3881 1 0 0 0 0 0 0 1 1 2 0 R 0
393 9220 21160 883 21179 852 3829 1 0 0 0 0 0 0 1 1 1 0 R 0
394 9246 24814 1016 24846 997 3829 1 0 0 0 0 0 0 1 1 1 0 R 0
395 9276 28774 659 28792 627 5793 1 0 0 0 0 0 0 1 1 1 0 R 0
396 9297 20492 642 20525 619 4353 1 0 0 0 0 0 0 1 1 1 0 R 0
397 9317 19414 583 19437 548 3793 1 0 0 0 0 0 0 1 1 2 0 R 0
398 9342 24278 902 24313 882 4886 1 0 0 0 0 0 0 1 1 1 0 R 0
399 9369 26730 941 26741 922 5352 1 0 0 0 0 0 0 1 1 1 0 R 0
400 9397 26981 1228 27004 1536 7265 1 0 0 0 0 1 0 1 1 1 0 R 0
401 9418 19316 573 19010 554 3804 1 0 0 0 0 0 0 1 1 2 0 R 0
402 9443 24049 603 24074 568 5531 1 0 0 0 0 0 0 1 1 1 0 R 0
403 9473 29566 1008 29599 990 6038 1 0 0 0 0 0 0 1 1 1 0 R 0
404 9501 27149 818 27209 748 7068 1 0 0 0 0 0 0 1 1 1 0 R 0
405 9523 21595 601 21622 570 8536 1 0 0 0 0 0 0 1 1 1 0 R 0
406 9548 23684 605 23716 572 4579 1 0 0 0 0 0 0 1 1 1 0 R 0
407 9567 18927 619 18961 591 4157 1 0 0 0 0 0 0 1 1 1 0 R 0
408 9588 20724 1031 20751 1006 4280 1 0 0 0 0 0 0 1 1 1 0 R 0
409 9612 22878 587 22904 554 5980 1 0 0 0 0 0 0 1 1 2 0 R 0
410 9634 20628 599 20660 569 3822 1 0 0 0 0 0 0 1 1 1 0 R 0
411 9663 29215 1082 28572 969 9644 1 0 1 0 0 0 0 1 1 2 0 R 0
412 9692 27816 655 27837 623 6712 1 0 0 0 0 0 0 1 1 1 0 R 0
413 9712 19569 598 19602 567 4719 1 0 0 0 0 0 0 1 1 1 0 R 0
414 9734 21203 597 21238 562 4241 1 0 0 0 0 0 0 1 1 1 0 R 0
415 9761 26417 960 26537 841 5215 1 0 0 0 0 0 0 1 1 1 0 R 0
416 9791 29051 790 29081 774 7665 1 0 0 0 0 0 0 1 1 2 0 R 0
417 9812 20130 633 20147 609 4170 1 0 0 0 0 0 0 1 1 1 0 R 0
418 9836 22934 598 22963 565 3813 1 0 0 0 0 0 0 1 1 1 0 R 0
419 9858 21833 2079 21866 2067 5398 1 0 0 0 0 0 0 1 1 1 0 R 0
420 9893 32492 850 32503 832 12984 1 0 0 0 0 0 0 1 1 1 0 R 0
421 9914 20322 637 20339 602 4584 1 0 0 0 0 0 0 1 1 1 0 R 0
422 9935 20510 1002 20546 1075 4210 1 0 0 0 0 0 0 1 1 1 0 R 0
423 9962 25394 878 25315 851 3980 1 0 0 0 0 0 0 1 1 1 0 R 0
424 9991 28369 1005 28394 991 6704 1 0 0 0 0 0 0 1 1 1 0 R 0
425 10015 22847 930 22912 852 7246 1 0 0 0 0 0 0 1 1 2 0 R 0
426 10036 20018 590 20046 563 4102 1 0 0 0 0 0 0 1 1 1 0 R 0
427 10062 25671 1169 25955 998 4077 1 0 0 0 0 0 0 1 1 1 0 R 0
428 10093 29873 1001 29789 976 6797 1 0 0 0 0 0 0 1 1 1 0 R 0
429 10118 23688 599 23714 570 7482 1 0 0 0 0 0 0 1 1 1 0 R 0
430 10138 19476 620 19500 594 3796 1 0 0 0 0 0 0 1 1 2 0 R 0
431 10164 25700 1441 25775 1384 4193 1 0 0 0 0 0 0 1 1 1 0 R 0
432 10195 29562 1351 29724 1178 7054 1 0 0 0 0 0 0 1 1 1 0 R 0
433 10218 21251 614 21301 551 4056 1 0 0 0 0 0 0 1 1 1 0 R 0
434 10238 19528 589 19560 565 3851 1 0 0 0 0 0 0 1 1 1 0 R 0
435 10266 27685 1036 27713 1013 10860 1 0 0 0 0 0 0 1 1 2 0 R 0
436 10297 29628 1007 29655 983 7203 1 0 0 0 0 0 0 1 1 1 0 R 0
437 10321 23451 599 23468 571 5763 1 0 0 0 0 0 0 1 1 1 0 R 0
438 10341 19706 572 19732 542 3885 1 0 0 0 0 0 0 1 1 1 0 R 0
439 10365 23379 1411 23538 1263 6125 1 0 0 0 0 0 0 1 1 1 0 R 0
440 10406 39599 809 39647 776 5497 1 0 0 0 0 0 0 1 1 3 0 R 0
441 10426 19121 836 19162 788 4129 1 0 0 0 0 0 0 1 1 2 0 R 0
442 10448 20492 1692 20601 1591 3892 1 0 0 0 0 0 0 1 1 1 0 R 0
443 10473 23978 1055 23986 1144 3938 1 0 0 0 0 0 0 1 1 1 0 R 0
444 10499 25113 882 25015 859 7389 1 0 0 0 0 0 0 1 1 1 0 R 0
445 10525 24304 646 24331 619 6740 1 0 0 0 0 0 0 1 1 2 0 R 0
446 10545 19730 608 19764 570 4413 1 0 0 0 0 0 0 1 1 1 0 R 0
447 10569 23300 592 23341 557 6393 1 0 0 0 0 0 0 1 1 1 0 R 0
448 10600 30806 994 30927 985 6153 1 0 0 0 0 0 0 1 1 1 0 R 0
449 10627 25691 603 25606 575 7794 1 0 0 0 0 1 0 1 1 1 0 R 0
450 10653 25273 891 25300 973 8446 1 0 0 0 0 0 0 1 1 2 0 R 0
451 10677 23615 1106 23629 990 4317 1 0 0 0 1 0 0 1 1 1 0 R 0
452 10707 28487 595 27808 577 7632 1 0 0 0 0 0 0 1 1 1 0 R 0
453 10730 22650 599 22667 567 3915 1 0 0 0 0 0 0 1 1 2 0 R 0
454 10750 19271 581 19303 557 3755 1 0 0 0 0 0 0 1 1 1 0 R 0
455 10775 24039 932 24067 901 5418 1 0 0 0 0 0 0 1 1 1 0 R 0
456 10806 30479 1025 30511 991 6416 1 0 0 0 0 0 0 1 1 1 0 R 0
457 10830 22996 591 23023 562 6099 1 0 0 0 0 0 0 1 1 1 0 R 0
458 10850 19603 609 19633 579 3777 1 0 0 0 0 0 0 1 1 2 0 R 0
459 10875 23891 603 23925 571 4954 1 0 0 0 0 0 0 1 1 1 0 R 0
460 10905 29297 1381 29426 1272 6288 1 0 0 0 0 0 0 1 1 1 0 R 0
461 10929 22951 699 22969 672 6940 1 0 0 0 0 1 0 1 1 1 0 R 0
462 10950 20328 576 20344 551 3674 1 0 0 0 0 0 0 1 1 2 0 R 0
463 10974 22950 1010 22981 987 3881 1 0 0 0 0 0 0 1 1 1 0 R 0
464 11003 28471 1106 28582 1009 5188 1 0 0 0 0 0 0 1 1 1 0 R 0
465 11029 25140 572 25142 550 11521 1 0 0 0 0 0 0 1 1 1 0 R 0
466 11049 19348 565 19369 540 3794 1 0 0 0 0 0 0 1 1 1 0 R 0
467 11071 21102 1043 21135 1035 3882 1 0 0 0 0 0 0 1 1 2 0 R 0
468 11100 28360 1010 28365 996 5279 1 0 0 0 0 0 0 1 1 1 0 R 0
469 11127 25491 636 25511 606 7536 1 0 0 0 0 0 0 1 1 1 0 R 0
470 11148 20655 1102 20682 1081 4234 1 0 0 0 0 0 0 1 1 1 0 R 0
471 11170 20608 594 20628 568 3831 1 0 0 0 0 0 0 1 1 1 0 R 0
472 11198 27432 1525 27462 1607 6684 1 0 0 0 0 0 0 1 1 1 0 R 0
473 11226 26798 609 26718 572 5531 1 0 0 0 0 0 0 1 1 1 0 R 0
474 11247 20113 601 20142 576 4021 1 0 0 0 0 0 0 1 1 2 0 R 0
475 11270 21936 936 21996 878 3771 1 0 0 0 0 0 0 1 1 1 0 R 0
476 11296 25578 829 25611 790 4576 1 0 0 0 0 0 0 1 1 1 0 R 0
477 11325 28150 1045 28183 1034 6638 1 0 0 0 0 0 0 1 1 1 0 R 0
478 11347 21150 644 21164 610 5333 1 0 0 0 0 0 0 1 1 1 0 R 0
479 11370 21800 973 21824 966 4169 1 0 0 0 0 0 0 1 1 1 0 R 0
480 11398 27525 1535 27541 1509 10505 1 0 0 0 0 0 0 1 1 2 0 R 0
481 11427 27342 1002 27371 981 5369 1 0 0 0 0 0 0 1 1 1 0 R 0
482 11448 20156 1195 20184 1181 3809 1 0 0 0 0 0 0 1 1 1 0 R 0
483 11468 18449 612 18477 558 3946 1 0 0 0 0 0 0 1 1 1 0 R 0
484 11494 25833 1210 25865 1195 4447 1 0 0 0 0 0 0 1 1 1 0 R 0
485 11524 28844 996 28946 982 5685 1 0 0 0 0 0 0 1 1 2 0 R 0
486 11548 22304 602 22225 574 5606 1 0 0 0 0 0 0 1 1 0 0 R 0
487 11575 27137 1000 23321 877 6736 1 0 2 0 0 0 0 1 1 2 0 R 0
488 11607 30613 1454 28998 1069 4719 1 0 1 0 0 0 0 1 1 1 0 R 0
489 11638 29598 1241 28801 1232 8634 1 0 1 0 0 0 0 1 1 2 0 R 0
490 11661 22070 602 22072 571 5590 1 0 0 0 0 0 0 1 1 1 0 R 0
491 11683 21376 601 21411 569 3848 1 0 0 0 0 0 0 1 1 1 0 R 0
492 11712 28321 1044 28374 1006 7394 1 0 0 0 0 0 0 1 1 1 0 R 0
493 11744 30332 622 29580 584 8930 1 0 1 0 0 0 0 1 1 1 0 R 0
494 11766 21725 601 21759 571 5673 1 0 0 0 0 0 0 1 1 2 0 R 0
495 11793 26547 998 26575 981 7763 1 0 0 0 0 0 0 1 1 0 0 R 0
496 11823 29348 996 29457 877 5507 1 0 0 0 0 0 0 1 1 2 0 R 0
497 11847 22416 591 22445 554 6318 1 0 0 0 0 0 0 1 1 1 0 R 0
498 11867 19492 621 19523 609 3810 1 0 0 0 0 0 0 1 1 1 0 R 0
499 11888 20726 968 20745 943 3870 1 0 0 0 0 0 0 1 1 1 0 R 0
500 11917 27940 1067 27963 1038 5894 1 0 0 0 0 0 0 1 1 2 0 R 0
501 11945 26553 833 26617 769 5933 1 0 0 0 0 0 0 1 1 0 0 R 0
502 11966 19862 622 19885 601 4594 1 0 0 0 0 0 0 1 1 2 0 R 0
503 11988 21494 1710 21521 1697 4414 1 0 0 0 0 1 0 1 1 1 0 R 0
504 12017 27797 1039 27812 1012 5817 1 0 0 0 0 0 0 1 1 2 0 R 0
505 12046 28115 833 28139 809 6654 1 0 0 0 0 0 0 1 1 1 0 R 0
506 12071 23727 953 23747 921 5425 1 0 0 0 0 0 0 1 1 1 0 R 0
507 12093 20900 611 20938 576 3889 1 0 0 0 0 0 0 1 1 2 0 R 0
508 12122 28228 987 28257 966 6437 1 0 0 0 0 0 0 1 1 1 0 R 0
509 12148 25917 1068 25940 1049 7471 1 0 0 0 0 0 0 1 1 1 0 R 0
510 12173 23128 607 23150 572 9237 1 0 0 0 0 0 0 1 1 1 0 R 0
511 12193 20194 607 20229 574 4247 1 0 0 0 0 0 0 1 1 0 0 R 0
512 12222 27876 993 27996 872 5571 1 0 0 0 0 0 0 1 1 2 0 R 0
513 12253 29626 1135 29660 1132 7024 1 0 0 0 0 0 0 1 1 1 0 R 0
514 12274 20183 591 20184 560 4776 1 0 0 0 0 0 0 1 1 1 0 R 0
515 12295 20628 613 20662 578 4251 1 0 0 0 0 0 0 1 1 1 0 R 0
516 12321 25285 985 25313 972 5454 1 0 0 0 0 0 0 1 1 1 0 R 0
517 12351 29018 1077 29031 1068 6218 1 0 0 0 0 0 0 1 1 1 0 R 0
518 12375 23074 599 23091 563 7292 1 0 0 0 0 0 0 1 1 1 0 R 0
519 12396 20536 604 20572 573 4301 1 0 0 0 0 0 0 1 1 1 0 R 0
520 12424 27385 989 27412 965 4454 1 0 0 0 0 0 0 1 1 2 0 R 0
521 12454 29036 608 29063 576 7517 1 0 0 0 0 0 0 1 1 1 0 R 0
522 12476 20963 642 20992 610 4489 1 0 0 0 0 0 0 1 1 1 0 R 0
523 12497 20271 903 20308 991 4264 1 0 0 0 0 0 0 1 1 1 0 R 0
524 12523 24962 623 24876 586 4707 1 0 0 0 0 0 0 1 1 2 0 R 0
525 12547 23681 596 23710 568 8468 1 0 0 0 0 0 0 1 1 1 0 R 0
526 12570 22845 600 22870 576 4181 1 0 0 0 0 0 0 1 1 1 0 R 0
527 12590 19161 596 19189 573 4108 1 0 0 0 0 0 0 1 1 1 0 R 0
528 12616 24736 628 24765 606 3826 1 0 0 0 0 0 0 1 1 2 0 R 0
529 12644 28190 1002 28210 970 6637 1 0 0 0 0 0 0 1 1 1 0 R 0
530 12673 27801 575 27833 543 6685 1 0 0 0 0 0 0 1 1 1 0 R 0
531 12694 20754 633 20473 590 4768 1 0 1 0 0 0 0 1 1 1 0 R 0
532 12718 22896 603 22927 571 5871 1 0 0 0 0 0 0 1 1 1 0 R 0
533 12743 24514 991 24549 967 4260 1 0 0 0 0 0 0 1 1 2 0 R 0
534 12768 24084 1044 24106 1022 6215 1 0 0 0 0 0 0 1 1 1 0 R 0
535 12788 18723 596 18744 863 3945 1 0 0 0 0 0 0 1 1 2 0 R 0
536 12810 21913 595 21643 566 4270 1 0 0 0 0 0 0 1 1 0 0 R 0
537 12839 28355 762 28380 743 5557 1 0 0 0 0 0 0 1 1 2 0 R 0
538 12866 25468 665 25522 612 4091 1 0 0 0 0 0 0 1 1 1 0 R 0
539 12887 20324 595 20352 564 4518 1 0 0 0 0 0 0 1 1 1 0 R 0
540 12912 25051 645 25082 611 7318 1 0 0 0 0 0 0 1 1 1 0 R 0
541 12942 28541 979 28573 963 6799 1 0 0 0 0 0 0 1 1 1 0 R 0
542 12968 25987 977 26007 954 7588 1 0 0 0 0 0 0 1 1 1 0 R 0
543 12989 20034 571 20055 544 4268 1 0 0 0 0 0 0 1 1 2 0 R 0
544 13011 21241 586 21271 554 3834 1 0 0 0 0 0 0 1 1 2 0 R 0
545 13038 25904 1339 26033 1234 5653 1 0 0 0 0 0 0 1 1 0 0 R 0
546 13068 29337 1060 29350 1037 7439 1 0 0 0 0 0 0 1 1 2 0 R 0
547 13089 19438 651 19475 609 4083 1 0 0 0 0 0 0 1 1 1 0 R 0
548 13111 21577 578 21600 548 3993 1 0 0 0 0 0 0 1 1 1 0 R 0
549 13136 24710 1005 24842 995 3781 1 0 0 0 0 0 0 1 1 2 0 R 0
550 13167 29668 997 29580 973 6719 1 0 0 0 0 0 0 1 1 0 0 R 0
551 13193 24762 607 24788 574 5765 1 0 0 0 0 0 0 1 1 1 0 R 0
552 13215 21821 707 21917 616 4312 1 0 0 0 0 0 0 1 1 1 0 R 0
553 13243 26858 1021 26886 997 5072 1 0 0 0 0 0 0 1 1 1 0 R 0
554 13274 29996 609 30022 571 7392 1 0 0 0 0 1 0 1 1 1 0 R 0
555 13297 22601 602 22635 573 8668 1 0 0 0 0 0 0 1 1 2 0 R 0
556 13320 22253 587 22281 559 3837 1 0 0 0 0 0 0 1 1 1 0 R 0
557 13346 25905 1035 25937 1006 5589 1 0 0 0 0 0 0 1 1 2 0 R 0
558 13377 29017 998 29146 984 6647 1 0 0 0 0 0 0 1 1 1 0 R 0
559 13401 23783 601 23696 568 5157 1 0 0 0 0 0 0 1 1 1 0 R 0
560 13424 21743 608 21779 573 3869 1 0 0 0 0 0 0 1 1 1 0 R 0
561 13451 26747 1569 26776 1666 6525 1 0 0 0 0 0 0 1 1 1 0 R 0
562 13480 27819 592 27725 560 7175 1 0 0 0 0 0 0 1 1 2 0 R 0
563 13501 19616 620 19648 586 4045 1 0 0 0 0 0 0 1 1 1 0 R 0
564 13523 21537 606 21573 579 3827 1 0 0 0 0 0 0 1 1 1 0 R 0
565 13551 27342 1036 27366 1020 5214 1 0 0 0 0 0 0 1 1 1 0 R 0
566 13581 28826 587 28844 557 6570 1 0 0 0 0 0 0 1 1 1 0 R 0
567 13602 20842 623 20876 589 4044 1 0 0 0 0 0 0 1 1 2 0 R 0
568 13625 21898 702 21939 665 3843 1 0 0 0 0 0 0 1 1 1 0 R 0
569 13654 28344 1134 28019 1018 5291 1 0 1 0 0 0 0 1 1 1 0 R 0
570 13685 30447 603 30469 573 13265 1 0 0 0 0 0 0 1 1 1 0 R 0
571 13706 20185 627 20217 599 5357 1 0 0 0 0 0 0 1 1 1 0 R 0
572 13728 21290 593 21320 559 4244 1 0 0 0 0 0 0 1 1 2 0 R 0
573 13751 22570 981 22604 958 4649 1 0 0 0 0 0 0 1 1 1 0 R 0
574 13782 29885 902 29909 879 6541 1 0 0 0 0 0 0 1 1 1 0 R 0
575 13806 22885 946 22946 876 7452 1 0 0 0 0 0 0 1 1 1 0 R 0
576 13828 21078 1483 21111 1469 4816 1 0 0 0 0 0 0 1 1 1 0 R 0
577 13856 26694 1200 26813 1076 5049 1 0 0 0 0 1 0 1 1 2 0 R 0
578 13888 31131 1492 31151 1466 6185 1 0 0 0 0 0 0 1 1 1 0 R 0
579 13912 22006 606 22027 575 7060 1 0 0 0 0 0 0 1 1 1 0 R 0
580 13934 21265 596 21298 563 3753 1 0 0 0 0 0 0 1 1 1 0 R 0
581 13962 27871 845 27903 822 5694 1 0 0 0 0 0 0 1 1 1 0 R 0
582 13984 20718 645 20742 609 5953 1 0 0 0 0 0 0 1 1 1 0 R 0
583 14006 21943 586 21976 558 4332 1 0 0 0 0 0 0 1 1 2 0 R 0
584 14027 20026 640 20076 598 3764 1 0 0 0 0 0 0 1 1 0 0 R 0
585 14056 28222 1167 28248 1147 11381 1 0 0 0 0 0 0 1 1 2 0 R 0
586 14087 29787 1275 29897 1170 6664 1 0 0 0 0 0 0 1 1 1 0 R 0
587 14108 20347 1036 20358 1014 4325 1 0 0 0 0 0 0 1 1 1 0 R 0
588 14128 18641 611 18665 853 3839 1 0 0 0 0 0 0 1 1 2 0 R 0
589 14153 24652 654 24412 621 5465 1 0 0 0 0 0 0 1 1 1 0 R 0
590 14184 30487 982 30609 963 6997 1 0 0 0 0 0 0 1 1 0 0 R 0
591 14207 21920 647 21849 615 7174 1 0 0 0 0 0 0 1 1 1 0 R 0
592 14228 20334 1047 20384 1012 3828 1 0 0 0 0 0 0 1 1 2 0 R 0
593 14253 23225 891 23339 764 4592 1 0 0 0 0 0 0 1 1 1 0 R 0
594 14281 27983 1015 28107 987 5255 1 0 0 0 0 0 0 1 1 1 0 R 0
595 14306 23640 601 23578 565 6673 1 0 0 0 0 0 0 1 1 1 0 R 0
596 14327 20294 598 20331 568 3846 1 0 0 0 0 0 0 1 1 2 0 R 0
597 14348 20197 1818 20227 1908 3787 1 0 0 0 0 0 0 1 1 1 0 R 0
598 14377 27748 1130 27746 1014 6588 1 0 0 0 0 0 0 1 1 2 0 R 0
599 14402 23931 613 23958 584 3880 1 0 0 0 0 0 0 1 1 1 0 R 0
600 14427 24052 580 24078 550 9732 1 0 0 0 0 0 0 1 1 1 0 R 0
601 14448 20753 1105 20815 1055 3577 1 0 0 0 0 0 0 1 1 1 0 R 0
602 14476 26976 973 27000 946 5982 1 0 0 0 0 0 0 1 1 2 0 R 0
603 14505 27547 613 27575 582 6325 1 0 0 0 0 0 0 1 1 1 0 R 0
604 14525 19435 595 19464 563 4585 1 0 0 0 0 0 0 1 1 1 0 R 0
605 14547 21411 1351 21486 1296 4750 1 0 0 0 0 1 0 1 1 0 0 R 0
606 14574 26102 997 26212 974 4817 1 0 0 0 0 0 0 1 1 2 0 R 0
607 14614 38418 1121 38423 1016 6253 1 0 0 0 0 0 0 1 1 1 0 R 0
608 14637 21592 593 21620 559 5162 1 0 0 0 0 0 0 1 1 2 0 R 0
609 14660 22931 978 22962 952 3606 1 0 0 0 0 0 0 1 1 1 0 R 0
610 14691 30296 999 29713 871 4480 1 0 1 0 0 0 0 1 1 1 0 R 0
611 14721 28161 596 28188 570 6187 1 0 0 0 0 0 0 1 1 1 0 R 0
612 14741 19468 576 19496 546 4096 1 0 0 0 0 0 0 1 1 1 0 R 0
613 14761 19350 602 19387 567 3858 1 0 0 0 0 0 0 1 1 2 0 R 0
614 14785 24190 1121 24320 1000 4194 1 0 0 0 0 0 0 1 1 1 0 R 0
615 14813 26852 1256 26921 1193 12719 1 0 0 0 0 0 0 1 1 2 0 R 0
616 14836 21912 613 21935 579 6027 1 0 0 0 0 0 0 1 1 1 0 R 0
617 14857 20231 610 20269 573 3874 1 0 0 0 0 0 0 1 1 1 0 R 0
618 14886 28465 982 28495 960 5488 1 0 0 0 0 0 0 1 1 1 0 R 0
619 14914 26905 595 26930 562 6251 1 0 0 0 0 0 0 1 1 1 0 R 0
620 14935 20125 602 20158 568 4194 1 0 0 0 0 0 0 1 1 1 0 R 0
621 14957 20985 615 21022 579 4252 1 0 0 0 0 0 0 1 1 1 0 R 0
622 14983 26203 876 26236 963 5304 1 0 0 0 0 0 0 1 1 2 0 R 0
623 15014 29787 993 29702 968 6126 1 0 0 0 0 0 0 1 1 1 0 R 0
624 15038 23049 975 23074 955 7518 1 0 0 0 0 0 0 1 1 1 0 R 0
625 15061 21396 650 21413 624 4354 1 0 0 0 0 0 0 1 1 1 0 R 0
626 15084 22783 612 22812 582 5402 1 0 0 0 0 0 0 1 1 1 0 R 0
627 15106 21139 610 21171 576 6221 1 0 0 0 0 0 0 1 1 1 0 R 0
628 15128 21275 673 21332 620 4897 1 0 0 0 0 0 0 1 1 2 0 R 0
629 15148 19605 643 19639 604 4052 1 0 0 0 0 0 0 1 1 0 0 R 0
630 15175 26897 594 26934 568 10364 1 0 0 0 0 0 0 1 1 1 0 R 0
631 15205 28930 1308 29049 1206 6574 1 0 0 0 0 0 0 1 1 2 0 R 0
632 15230 24015 642 24030 625 4988 1 0 0 0 0 0 0 1 1 1 0 R 0
633 15250 18632 636 18638 610 3886 1 0 0 0 0 0 0 1 1 1 0 R 0
634 15273 23125 597 23157 736 3963 1 0 0 0 0 0 0 1 1 2 0 R 0
635 15301 27549 1127 27496 1016 5012 1 0 0 0 0 0 0 1 1 0 0 R 0
636 15327 24707 614 24729 581 7833 1 0 0 0 0 0 0 1 1 1 0 R 0
637 15348 20190 966 20218 952 4156 1 0 0 0 0 0 0 1 1 2 0 R 0
638 15370 20652 582 20666 554 3822 1 0 0 0 0 0 0 1 1 1 0 R 0
639 15397 26280 1105 26409 991 6876 1 0 0 0 0 0 0 1 1 1 0 R 0
640 15427 29630 832 29751 701 7915 1 0 0 0 0 0 0 1 1 2 0 R 0
641 15451 22592 596 22618 570 5936 1 0 0 0 0 0 0 1 1 1 0 R 0
642 15473 21919 915 21950 880 3838 1 0 0 0 0 0 0 1 1 1 0 R 0
643 15502 28199 1010 28233 991 5476 1 0 0 0 0 0 0 1 1 1 0 R 0
644 15530 26433 593 26447 566 7518 1 0 0 0 0 0 0 1 1 1 0 R 0
645 15553 22909 599 22943 567 8758 1 0 0 0 0 0 0 1 1 1 0 R 0
646 15574 20128 605 20158 571 4227 1 0 0 0 0 0 0 1 1 1 0 R 0
647 15603 27919 1173 27948 1171 7228 1 0 0 0 0 1 0 1 1 2 0 R 0
648 15631 27478 850 27508 801 7873 1 0 0 0 0 0 0 1 1 1 0 R 0
649 15654 21670 579 20941 554 4575 1 0 1 0 0 0 0 1 1 1 0 R 0
650 15677 22743 608 22775 578 4630 1 0 0 0 0 0 0 1 1 2 0 R 0
651 15707 29164 999 29197 973 5226 1 0 0 0 0 0 0 1 1 0 0 R 0
652 15738 30326 1309 30430 1202 5849 1 0 0 0 0 0 0 1 1 2 0 R 0
653 15761 21144 1029 21181 996 4605 1 0 0 0 0 0 0 1 1 1 0 R 0
654 15784 22540 985 22566 960 3712 1 0 0 0 0 0 0 1 1 2 0 R 0
655 15814 28860 1015 28880 990 6062 1 0 0 0 0 0 0 1 1 1 0 R 0
656 15844 29017 789 29047 848 5700 1 0 0 0 0 0 0 1 1 1 0 R 0
657 15865 20378 747 20345 697 5098 1 0 0 0 0 0 0 1 1 1 0 R 0
658 15890 23580 1009 23593 998 4222 1 0 0 0 0 0 0 1 1 1 0 R 0
659 15914 23366 615 23389 580 4782 1 0 0 0 0 0 0 1 1 2 0 R 0
660 15937 22133 591 22167 561 8102 1 0 0 0 0 0 0 1 1 1 0 R 0
661 15959 21686 599 21724 558 5467 1 0 0 0 0 0 0 1 1 1 0 R 0
662 15982 22194 598 22225 568 3742 1 0 0 0 0 0 0 1 1 1 0 R 0
663 16008 25300 1860 25425 1777 6031 1 0 0 0 0 0 0 1 1 1 0 R 0
664 16039 29064 1737 29588 1180 7546 1 0 0 0 0 0 0 1 1 1 0 R 0
665 16063 22805 602 22826 568 6108 1 0 0 0 0 0 0 1 1 1 0 R 0
666 16084 20733 597 20772 566 4271 1 0 0 0 0 0 0 1 1 1 0 R 0
667 16112 27081 1174 27106 1275 6073 1 0 0 0 0 0 0 1 1 2 0 R 0
668 16142 28512 604 28414 572 7678 1 0 0 0 0 0 0 1 1 1 0 R 0
669 16162 19931 787 19984 753 4059 1 0 0 0 0 0 0 1 1 1 0 R 0
670 16184 21352 679 21369 651 4258 1 0 0 0 0 0 0 1 1 1 0 R 0
671 16211 25686 1446 25708 1423 4917 1 0 0 0 0 0 0 1 1 1 0 R 0
672 16242 29302 1138 29326 1151 7217 1 0 0 0 0 0 0 1 1 1 0 R 0
673 16266 23333 639 23322 611 6195 1 0 0 0 0 0 0 1 1 2 0 R 0
674 16288 21251 594 21280 561 4418 1 0 0 0 0 0 0 1 1 1 0 R 0
675 16318 29932 1884 30651 1170 12148 1 0 0 0 0 0 0 1 1 1 0 R 0
676 16348 27278 621 27305 590 7244 1 0 0 0 0 0 0 1 1 1 0 R 0
677 16368 19671 582 19701 551 3957 1 0 0 0 0 0 0 1 1 1 0 R 0
678 16390 21949 1099 21995 1067 3858 1 0 0 0 0 0 0 1 1 1 0 R 0
679 16417 25770 753 25793 834 4973 1 0 0 0 0 0 0 1 1 2 0 R 0
680 16448 29962 1476 29975 1362 6634 1 0 0 0 0 0 0 1 1 1 0 R 0
681 16473 23172 615 23194 579 7539 1 0 0 0 0 0 0 1 1 1 0 R 0
682 16495 21924 611 21958 576 4277 1 0 0 0 0 0 0 1 1 2 0 R 0
683 16523 27630 988 27664 969 5889 1 0 0 0 0 0 0 1 1 1 0 R 0
684 16553 28154 609 28174 574 6506 1 0 0 0 0 0 0 1 1 1 0 R 0
685 16574 20266 583 20300 550 4315 1 0 0 0 0 0 0 1 1 1 0 R 0
686 16596 21771 611 21810 576 4252 1 0 0 0 0 0 0 1 1 2 0 R 0
687 16622 25838 836 25867 804 5482 1 0 0 0 0 0 0 1 1 1 0 R 0
688 16654 30906 986 30942 968 7492 1 0 0 0 0 0 0 1 1 1 0 R 0
689 16678 22941 953 22959 934 7189 1 0 0 0 0 0 0 1 1 1 0 R 0
690 16706 27167 1183 26705 1157 7456 1 0 1 0 0 0 0 1 1 2 0 R 0
691 16735 27908 1173 27930 1164 4309 1 0 0 0 0 0 0 1 1 1 0 R 0
692 16762 26032 679 26054 651 5852 1 0 0 0 0 0 0 1 1 1 0 R 0
693 16782 19261 631 19295 584 4277 1 0 0 0 0 0 0 1 1 1 0 R 0
694 16803 20382 597 20407 568 4279 1 0 0 0 0 0 0 1 1 1 0 R 0
695 16833 28870 1033 28901 1110 6677 1 0 0 0 0 0 0 1 1 1 0 R 0
696 16861 27337 595 27257 569 7446 1 0 0 0 0 0 0 1 1 1 0 R 0
697 16883 20922 599 20952 569 4116 1 0 0 0 0 0 0 1 1 1 0 R 0
698 16904 20626 603 20658 570 4249 1 0 0 0 0 0 0 1 1 1 0 R 0
699 16928 23339 609 23372 572 6252 1 0 0 0 0 0 0 1 1 1 0 R 0
700 16957 28346 1197 28384 1189 5022 1 0 0 0 0 0 0 1 1 2 0 R 0
701 16978 19869 603 19879 567 4040 1 0 0 0 0 0 0 1 1 1 0 R 0
702 16998 19128 628 19157 602 3828 1 0 0 0 0 0 0 1 1 1 0 R 0
703 17025 26645 1385 26679 1398 4578 1 0 0 0 0 0 0 1 1 1 0 R 0
704 17055 29182 1122 29263 1007 5545 1 0 0 0 0 0 0 1 1 2 0 R 0
705 17083 26787 582 26804 563 13386 1 0 0 0 0 0 0 1 1 1 0 R 0
706 17105 21076 1032 21097 1000 4183 1 0 0 0 0 0 0 1 1 1 0 R 0
707 17132 26210 962 26267 926 5267 1 0 0 0 0 0 0 1 1 1 0 R 0
708 17168 34317 2843 34370 2820 7453 1 0 0 0 0 1 0 1 1 4 0 R 0
709 17192 21898 784 21901 764 4316 1 0 0 0 0 0 0 1 1 2 0 R 0
710 17214 21123 1082 21125 1152 3817 1 0 0 0 0 0 0 1 1 1 0 R 0
711 17245 29201 988 29131 969 6095 1 0 0 0 0 0 0 1 1 1 0 R 0
712 17275 29542 955 29567 920 7394 1 0 0 0 0 0 0 1 1 1 0 R 0
713 17297 21258 585 21285 556 4258 1 0 0 0 0 0 0 1 1 2 0 R 0
714 17322 24097 985 24125 970 3769 1 0 0 0 0 0 0 1 1 1 0 R 0
715 17350 26719 962 26821 850 4788 1 0 0 0 0 0 0 1 1 2 0 R 0
716 17378 27297 1702 27330 1682 6099 1 0 0 0 0 0 0 1 1 1 0 R 0
717 17400 20027 589 20036 565 4276 1 0 0 0 0 0 0 1 1 1 0 R 0
718 17423 23080 1170 23193 1175 3790 1 0 0 0 0 0 0 1 1 1 0 R 0
719 17453 28372 612 28284 584 4918 1 0 0 0 0 0 0 1 1 1 0 R 0
720 17477 23385 620 23423 580 8150 1 0 0 0 0 0 0 1 1 1 0 R 0
721 17497 20008 869 20039 856 4060 1 0 0 0 0 0 0 1 1 1 0 R 0
722 17521 22524 786 22535 767 4310 1 0 0 0 0 0 0 1 1 2 0 R 0
723 17550 28834 972 28942 972 7069 1 0 0 0 0 0 0 1 1 1 0 R 0
724 17578 26123 612 26037 580 7852 1 0 0 0 0 0 0 1 1 1 0 R 0
725 17598 19992 1011 20024 986 4059 1 0 0 0 0 0 0 1 1 1 0 R 0
726 17621 21426 1335 21450 1314 3850 1 0 0 0 0 0 0 1 1 1 0 R 0
727 17647 25214 981 25326 868 6658 1 0 0 0 0 0 0 1 1 2 0 R 0
728 17679 31281 1006 31301 986 6965 1 0 0 0 0 0 0 1 1 1 0 R 0
729 17702 21361 687 21410 637 6474 1 0 0 0 0 0 0 1 1 1 0 R 0
730 17725 22211 597 21822 566 3896 1 0 1 0 0 0 0 1 1 1 0 R 0
731 17753 27523 1109 27642 987 6705 1 0 0 0 0 0 0 1 1 2 0 R 0
732 17783 28715 1555 28746 1576 6680 1 0 0 0 0 0 0 1 1 1 0 R 0
733 17805 21146 596 21129 566 5884 1 0 0 0 0 0 0 1 1 1 0 R 0
734 17827 20794 600 20820 570 4218 1 0 0 0 0 0 0 1 1 1 0 R 0
735 17861 33862 607 33894 583 12681 1 0 0 0 0 0 0 1 1 1 0 R 0
736 17882 19900 620 19922 589 3862 1 0 0 0 0 0 0 1 1 2 0 R 0
737 17903 21147 675 21202 625 5916 1 0 0 0 0 0 0 1 1 1 0 R 0
738 17926 21679 598 21711 566 4277 1 0 0 0 0 0 0 1 1 1 0 R 0
739 17954 27116 1005 27248 985 4944 1 0 0 0 0 0 0 1 1 1 0 R 0
740 17984 29414 598 29332 571 7410 1 0 0 0 0 1 0 1 1 1 0 R 0
741 18005 20576 602 20603 571 4463 1 0 0 0 0 0 0 1 1 2 0 R 0
742 18028 22000 713 22037 676 4798 1 0 0 0 0 0 0 1 1 0 0 R 0
743 18053 24594 989 24627 1071 4479 1 0 0 0 0 0 0 1 1 1 0 R 0
744 18083 28775 981 28694 958 6466 1 0 0 0 0 0 0 1 1 2 0 R 0
745 18104 20442 648 20468 614 4569 1 0 0 0 0 0 0 1 1 1 0 R 0
746 18125 19763 570 19789 541 4271 1 0 0 0 0 0 0 1 1 2 0 R 0
747 18152 26753 998 26880 982 4417 1 0 0 0 0 0 0 1 1 1 0 R 0
748 18182 28801 1006 28723 976 7315 1 0 0 0 0 0 0 1 1 1 0 R 0
749 18208 24879 608 24908 577 8368 1 0 0 0 0 0 0 1 1 0 0 R 0
750 18234 26125 591 26154 561 8101 1 0 0 0 0 0 0 1 1 2 0 R 0
751 18262 27191 1161 27471 993 5807 1 0 0 0 0 0 0 1 1 1 0 R 0
752 18292 28955 600 28874 569 7009 1 0 0 0 0 0 0 1 1 1 0 R 0
753 18313 19982 623 20017 597 4433 1 0 0 0 0 0 0 1 1 1 0 R 0
754 18335 21485 706 21514 673 4270 1 0 0 0 0 0 0 1 1 2 0 R 0
755 18363 27766 1185 27796 1184 5007 1 0 0 0 0 0 0 1 1 1 0 R 0
756 18395 30164 906 30261 775 7964 1 0 0 0 0 0 0 1 1 1 0 R 0
757 18418 22483 943 22520 920 5795 1 0 0 0 0 0 0 1 1 1 0 R 0
758 18440 21214 593 21237 560 3710 1 0 0 0 0 0 0 1 1 2 0 R 0
759 18468 27384 1668 27518 1652 5751 1 0 0 0 0 0 0 1 1 1 0 R 0
760 18497 27006 1027 26923 1005 5854 1 0 0 0 0 0 0 1 1 1 0 R 0
761 18521 22448 589 22463 563 6317 1 0 0 0 0 0 0 1 1 1 0 R 0
762 18542 20682 636 20712 602 3866 1 0 0 0 0 0 0 1 1 1 0 R 0
763 18567 24683 849 24726 809 5285 1 0 0 0 0 0 0 1 1 1 0 R 0
764 18593 25226 1095 25257 1068 5014 1 0 0 0 0 0 0 1 1 2 0 R 0
765 18620 25520 594 25545 566 9842 1 0 0 0 0 0 0 1 1 1 0 R 0
766 18642 22043 708 22078 684 3844 1 0 0 0 0 0 0 1 1 1 0 R 0
767 18667 23816 992 23839 965 4582 1 0 0 0 0 0 0 1 1 2 0 R 0
768 18700 32007 1157 30610 1155 6616 1 0 1 0 0 0 0 1 1 1 0 R 0
769 18723 22319 603 22328 569 7356 1 0 0 0 0 0 0 1 1 1 0 R 0
770 18746 21733 619 21767 589 4359 1 0 0 0 0 0 0 1 1 1 0 R 0
771 18773 26410 1000 26441 969 5310 1 0 0 0 0 0 0 1 1 1 0 R 0
772 18802 28587 1096 28815 882 7158 1 0 0 0 0 0 0 1 1 1 0 R 0
773 18826 22750 611 22771 575 7367 1 0 0 0 0 0 0 1 1 1 0 R 0
774 18848 21619 1110 21677 1070 3773 1 0 0 0 0 0 0 1 1 2 0 R 0
775 18876 26785 1317 26894 1206 5518 1 0 0 0 0 0 0 1 1 1 0 R 0
776 18899 20833 978 20851 957 5222 1 0 0 0 0 0 0 1 1 1 0 R 0
777 18922 22237 609 22262 577 3840 1 0 0 0 0 0 0 1 1 1 0 R 0
778 18942 19899 590 19929 558 4101 1 0 0 0 0 0 0 1 1 1 0 R 0
779 18966 23381 607 23417 574 6001 1 0 0 0 0 0 0 1 1 1 0 R 0
780 19002 35437 672 35469 640 13557 1 0 0 0 0 0 0 1 1 1 0 R 0
781 19023 20454 596 20490 561 4962 1 0 0 0 0 0 0 1 1 1 0 R 0
782 19044 20272 603 20306 570 4301 1 0 0 0 0 0 0 1 1 1 0 R 0
783 19067 22575 608 22610 575 5853 1 0 0 0 0 0 0 1 1 2 0 R 0
784 19096 28043 947 28075 910 6277 1 0 0 0 0 0 0 1 1 1 0 R 0
785 19120 23192 661 23245 613 6159 1 0 0 0 0 0 0 1 1 1 0 R 0
786 19140 19593 576 19618 547 3902 1 0 0 0 0 0 0 1 1 1 0 R 0
787 19163 22077 984 22110 962 3791 1 0 0 0 0 0 0 1 1 1 0 R 0
788 19193 29020 1122 29144 996 5008 1 0 0 0 0 0 0 1 1 1 0 R 0
789 19218 24114 989 24145 967 7382 1 0 0 0 0 0 0 1 1 1 0 R 0
790 19238 18986 901 18999 879 4192 1 0 0 0 0 0 0 1 1 2 0 R 0
791 19260 20976 688 21023 639 3850 1 0 0 0 0 0 0 1 1 1 0 R 0
792 19287 26575 1424 26601 1415 6972 1 0 0 0 0 0 0 1 1 1 0 R 0
793 19316 26679 638 26696 603 5252 1 0 0 0 0 0 0 1 1 1 0 R 0
794 19337 20519 595 20550 559 4462 1 0 0 0 0 0 0 1 1 1 0 R 0
795 19361 23543 950 23578 920 7667 1 0 0 0 0 0 0 1 1 1 0 R 0
796 19383 21654 908 21684 877 4323 1 0 0 0 0 0 0 1 1 1 0 R 0
797 19410 25617 731 25648 701 5767 1 0 0 0 0 0 0 1 1 2 0 R 0
798 19432 21153 586 21180 563 4724 1 0 0 0 0 0 0 1 1 1 0 R 0
799 19452 19419 592 19443 563 3855 1 0 0 0 0 0 0 1 1 1 0 R 0
800 19477 24253 590 24284 562 5126 1 0 0 0 0 0 0 1 1 1 0 R 0
801 19504 26308 1122 26438 998 4441 1 0 0 0 0 0 0 1 1 1 0 R 0
802 19528 22993 641 23021 607 7424 1 0 0 0 0 0 0 1 1 2 0 R 0
803 19548 20066 996 20098 973 3873 1 0 0 0 0 0 0 1 1 1 0 R 0
804 19571 21160 1387 21180 1375 3874 1 0 0 0 0 0 0 1 1 1 0 R 0
805 19600 28403 1165 28412 1163 5376 1 0 0 0 0 0 0 1 1 1 0 R 0
806 19627 25226 751 25379 572 7220 1 0 0 0 0 0 0 1 1 1 0 R 0
807 19647 19810 587 19840 560 4564 1 0 0 0 0 0 0 1 1 2 0 R 0
808 19670 22433 590 21821 562 4135 1 0 1 0 0 0 0 1 1 1 0 R 0
809 19697 26392 1076 26424 1060 5801 1 0 0 0 0 0 0 1 1 2 0 R 0
810 19734 35091 1988 35183 1898 13253 1 0 0 0 0 1 0 1 1 0 0 R 0
811 19756 20630 611 20646 577 4336 1 0 0 0 0 0 0 1 1 1 0 R 0
812 19782 25068 1017 25095 997 4292 1 0 0 0 0 0 0 1 1 2 0 R 0
813 19811 27882 1430 27998 1320 5935 1 0 0 0 0 0 0 1 1 1 0 R 0
814 19836 24039 926 24059 897 6283 1 0 0 0 0 0 0 1 1 1 0 R 0
815 19856 18707 624 18733 593 3860 1 0 0 0 0 0 0 1 1 1 0 R 0
816 19878 21387 1517 21420 1496 4304 1 0 0 0 0 0 0 1 1 2 0 R 0
817 19908 28424 639 28448 606 4710 1 0 0 0 0 0 0 1 1 1 0 R 0
818 19938 29657 1681 29695 1657 6434 1 0 0 0 0 0 0 1 1 1 0 R 0
819 19960 20275 638 20302 614 3841 1 0 0 0 0 0 0 1 1 1 0 R 0
820 19984 23367 1009 23385 981 3840 1 0 0 0 0 0 0 1 1 2 0 R 0
821 20014 28664 995 28690 976 5724 1 0 0 0 0 0 0 1 1 1 0 R 0
822 20039 24243 589 24262 561 7225 1 0 0 0 0 0 0 1 1 1 0 R 0
823 20058 18782 1276 18831 1231 3852 1 0 0 0 0 0 0 1 1 1 0 R 0
824 20085 25650 968 25762 848 3821 1 0 0 0 0 0 0 1 1 2 0 R 0
825 20110 23602 614 23634 581 8636 1 0 0 0 0 0 0 1 1 1 0 R 0
826 20130 19892 567 19919 541 3872 1 0 0 0 0 0 0 1 1 1 0 R 0
827 20152 21475 601 21514 563 3865 1 0 0 0 0 0 0 1 1 1 0 R 0
828 20174 20781 1408 20815 1494 4283 1 0 0 0 0 0 0 1 1 1 0 R 0
829 20198 22354 996 22359 878 4445 1 0 0 0 0 0 0 1 1 1 0 R 0
830 20227 28104 916 28133 904 7959 1 0 0 0 0 0 0 1 1 1 0 R 0
831 20253 25296 600 25306 573 6088 1 0 0 0 0 0 0 1 1 1 0 R 0
832 20274 20345 588 20368 558 4269 1 0 0 0 0 0 0 1 1 1 0 R 0
833 20298 23584 1424 23625 1403 6095 1 0 0 0 0 1 0 1 1 1 0 R 0
834 20328 28808 1747 28851 1704 7875 1 0 0 0 0 0 0 1 1 2 0 R 0
835 20352 22283 602 22299 572 7260 1 0 0 0 0 0 0 1 1 1 0 R 0
836 20372 19100 580 19130 548 3825 1 0 0 0 0 0 0 1 1 1 0 R 0
837 20397 24625 594 24659 570 3863 1 0 0 0 0 0 0 1 1 2 0 R 0
838 20426 28631 1002 28657 982 5722 1 0 0 0 0 0 0 1 1 1 0 R 0
839 20455 27511 897 27608 799 6772 1 0 0 0 0 0 0 1 1 1 0 R 0
840 20480 24355 593 24374 566 8310 1 0 0 0 0 0 0 1 1 1 0 R 0
841 20505 24366 1248 24399 1240 5281 1 0 0 0 0 0 0 1 1 1 0 R 0
842 20537 30802 1023 30810 996 6526 1 0 0 0 0 0 0 1 1 1 0 R 0
843 20563 24565 592 24591 559 6656 1 0 0 0 0 0 0 1 1 1 0 R 0
844 20583 19496 561 19523 538 4251 1 0 0 0 0 0 0 1 1 2 0 R 0
845 20608 24636 1923 24764 1912 4545 1 0 0 0 0 0 0 1 1 1 0 R 0
846 20631 21136 592 21047 562 6683 1 0 0 0 0 0 0 1 1 2 0 R 0
847 20653 20905 852 20941 820 3835 1 0 0 0 0 0 0 1 1 1 0 R 0
848 20675 21403 603 21431 571 5244 1 0 0 0 0 0 0 1 1 1 0 R 0
849 20698 22080 1006 21891 987 5075 1 0 1 0 0 0 0 1 1 1 0 R 0
850 20727 28322 1014 28251 989 4620 1 0 0 0 0 0 0 1 1 1 0 R 0
851 20754 26326 586 26354 547 5855 1 0 0 0 0 0 0 1 1 1 0 R 0
852 20776 20771 601 20805 568 4577 1 0 0 0 0 0 0 1 1 2 0 R 0
853 20797 20399 602 20431 571 4723 1 0 0 0 0 0 0 1 1 1 0 R 0
854 20826 28507 638 28544 604 5922 1 0 0 0 0 0 0 1 1 1 0 R 0
855 20854 27533 1022 27565 1002 8901 1 0 0 0 0 0 0 1 1 1 0 R 0
856 20878 23627 1039 23674 990 6147 1 0 0 0 0 0 0 1 1 2 0 R 0
857 20901 21514 983 21532 963 3889 1 0 0 0 0 0 0 1 1 1 0 R 0
858 20930 28399 992 28421 977 6199 1 0 0 0 0 0 0 1 1 1 0 R 0
859 20957 25910 596 25927 779 6853 1 0 0 0 0 0 0 1 1 2 0 R 0
860 20977 19515 617 19329 595 4215 1 0 0 0 0 0 0 1 1 1 0 R 0
861 21000 21826 590 21846 566 4257 1 0 0 0 0 0 0 1 1 1 0 R 0
862 21028 27273 1701 27303 1775 5309 1 0 0 0 0 0 0 1 1 1 0 R 0
863 21054 24593 1117 24611 1003 7480 1 0 0 0 0 0 0 1 1 1 0 R 0
864 21079 24152 625 24209 574 8016 1 0 0 0 0 0 0 1 1 1 0 R 0
865 21101 20810 591 20825 568 3852 1 0 0 0 0 0 0 1 1 1 0 R 0
866 21128 26380 2200 26433 2155 4788 1 0 0 0 0 0 0 1 1 1 0 R 0
867 21159 28644 1511 29175 974 7722 1 0 0 0 0 0 0 1 1 2 0 R 0
868 21183 22937 581 22959 554 7514 1 0 0 0 0 0 0 1 1 1 0 R 0
869 21205 21026 598 21055 567 4397 1 0 0 0 0 0 0 1 1 1 0 R 0
870 21237 31400 969 31455 1026 12551 1 0 0 0 0 0 0 1 1 2 0 R 0
871 21258 20117 632 20040 598 3951 1 0 0 0 0 0 0 1 1 1 0 R 0
872 21281 22358 591 22388 561 3791 1 0 0 0 0 0 0 1 1 1 0 R 0
873 21302 21130 987 21161 971 3865 1 0 0 0 0 0 0 1 1 1 0 R 0
874 21328 24361 1525 24381 1614 4465 1 0 0 0 0 0 0 1 1 1 0 R 0
875 21357 27753 1025 27762 1009 5750 1 0 0 0 0 0 0 1 1 2 0 R 0
876 21381 22555 748 22512 682 4089 1 0 0 0 0 0 0 1 1 1 0 R 0
877 21400 18705 592 18729 562 3840 1 0 0 0 0 0 0 1 1 1 0 R 0
878 21424 23426 954 23460 933 5591 1 0 0 0 0 0 0 1 1 1 0 R 0
879 21455 30326 1015 30349 984 6981 1 0 0 0 0 0 0 1 1 1 0 R 0
880 21480 23234 584 23258 561 6191 1 0 0 0 0 0 0 1 1 1 0 R 0
881 21499 18843 692 18870 670 3872 1 0 0 0 0 0 0 1 1 1 0 R 0
882 21525 25112 608 25139 572 3640 1 0 0 0 0 0 0 1 1 1 0 R 0
883 21555 29135 699 29172 664 6637 1 0 0 0 0 0 0 1 1 2 0 R 0
884 21583 27600 603 27633 567 6521 1 0 0 0 0 0 0 1 1 1 0 R 0
885 21607 23262 594 23298 562 8944 1 0 0 0 0 0 0 1 1 1 0 R 0
886 21635 27704 1041 27737 1012 4553 1 0 0 0 0 0 0 1 1 2 0 R 0
887 21668 31425 1939 30661 1959 6650 1 0 1 0 0 0 0 1 1 1 0 R 0
888 21690 20561 584 20537 559 4110 1 0 0 0 0 0 0 1 1 1 0 R 0
889 21710 18997 1592 19022 1700 3761 1 0 0 0 0 0 0 1 1 1 0 R 0
890 21738 26739 1486 26640 1468 3927 1 0 0 0 0 0 0 1 1 1 0 R 0
891 21767 27848 1160 27865 1152 6317 1 0 0 0 0 0 0 1 1 1 0 R 0
892 21791 22447 969 22453 938 4071 1 0 0 0 0 0 0 1 1 2 0 R 0
893 21812 19750 587 19780 557 3795 1 0 0 0 0 0 0 1 1 1 0 R 0
894 21837 24803 981 24839 953 4554 1 0 0 0 0 0 0 1 1 1 0 R 0
895 21867 28924 1024 28951 998 6405 1 0 0 0 0 0 0 1 1 1 0 R 0
896 21893 25291 897 25310 884 6051 1 0 0 0 0 0 0 1 1 1 0 R 0
897 21914 19440 604 19455 571 4304 1 0 0 0 0 0 0 1 1 1 0 R 0
898 21938 23806 1669 23933 1557 4547 1 0 0 0 0 0 0 1 1 2 0 R 0
899 21968 28437 1696 28549 1584 7383 1 0 0 0 0 0 0 1 1 0 0 R 0
900 21998 27712 606 27730 577 13249 1 0 0 0 0 0 0 1 1 1 0 R 0
901 22017 19258 2244 20095 1412 3881 1 0 0 0 0 0 0 1 1 2 0 R 0
902 22044 24414 646 24440 615 3855 1 0 0 0 0 0 0 1 1 1 0 R 0
903 22068 23035 617 23067 585 4998 1 0 0 0 0 0 0 1 1 1 0 R 0
904 22090 21949 1216 21977 1214 3928 1 0 0 0 0 0 0 1 1 2 0 R 0
905 22111 19471 593 19480 561 3915 1 0 0 0 0 0 0 1 1 1 0 R 0
906 22135 23442 984 23570 866 3803 1 0 0 0 0 0 0 1 1 1 0 R 0
907 22164 28341 1034 28366 1013 5170 1 0 0 0 0 0 0 1 1 1 0 R 0
908 22189 23974 576 23982 557 7137 1 0 0 0 0 0 0 1 1 1 0 R 0
909 22210 20106 603 20130 573 3873 1 0 0 0 0 0 0 1 1 1 0 R 0
910 22231 20790 855 20824 833 3851 1 0 0 0 0 0 0 1 1 1 0 R 0
911 22261 28685 986 28707 969 7070 1 0 0 0 0 0 0 1 1 1 0 R 0
912 22289 27417 1205 27433 1192 8016 1 0 0 0 0 1 0 1 1 3 0 R 0
913 22310 19141 628 19155 600 4105 1 0 0 0 0 0 0 1 1 1 0 R 0
914 22330 20118 1031 20150 1030 3822 1 0 0 0 0 0 0 1 1 1 0 R 0
915 22363 31716 1017 31721 994 11803 1 0 0 0 0 0 0 1 1 1 0 R 0
916 22394 29948 981 29975 1059 7255 1 0 0 0 0 0 0 1 1 1 0 R 0
917 22416 20557 697 20477 664 5060 1 0 0 0 0 0 0 1 1 1 0 R 0
918 22438 21550 1496 21579 1479 4599 1 0 0 0 0 0 0 1 1 1 0 R 0
919 22467 27629 1163 27745 1043 4828 1 0 0 0 0 0 0 1 1 2 0 R 0
920 22495 26375 606 26400 575 6069 1 0 0 0 0 0 0 1 1 1 0 R 0
921 22515 19901 585 19931 555 4722 1 0 0 0 0 0 0 1 1 1 0 R 0
922 22536 20349 1339 20384 1313 4287 1 0 0 0 0 0 0 1 1 1 0 R 0
923 22566 28279 1541 28321 1510 5133 1 0 0 0 0 0 0 1 1 2 0 R 0
924 22596 28393 1056 28438 1002 6068 1 0 0 0 0 0 0 1 1 1 0 R 0
925 22619 22407 647 22429 623 5012 1 0 0 0 0 0 0 1 1 3 0 R 0
926 22641 21646 1177 21822 1004 3790 1 0 0 0 0 1 0 1 1 1 0 R 0
927 22671 28820 1003 28838 972 6331 1 0 0 0 0 0 0 1 1 2 0 R 0
928 22705 32747 869 32076 764 8574 1 0 1 0 0 0 0 1 1 2 0 R 0
929 22726 19917 647 19942 615 4218 1 0 0 0 0 0 0 1 1 1 0 R 0
930 22754 27379 603 27412 569 10032 1 0 0 0 0 0 0 1 1 1 0 R 0
931 22785 29984 1438 30038 1395 6441 1 0 0 0 0 0 0 1 1 1 0 R 0
932 22813 26853 597 26878 562 6543 1 0 0 0 0 0 0 1 1 1 0 R 0
933 22834 20173 613 20207 583 4342 1 0 0 0 0 0 0 1 1 2 0 R 0
934 22858 23365 780 23397 764 6051 1 0 0 0 0 0 0 1 1 1 0 R 0
935 22881 22673 627 22687 601 6335 1 0 0 0 0 0 0 1 1 1 0 R 0
936 22902 20090 574 20115 548 3844 1 0 0 0 0 0 0 1 1 1 0 R 0
937 22924 21733 593 21763 563 6021 1 0 0 0 0 0 0 1 1 1 0 R 0
938 22945 20711 605 20743 573 4350 1 0 0 0 0 0 0 1 1 1 0 R 0
939 22975 28612 1034 28646 1011 6259 1 0 0 0 0 0 0 1 1 1 0 R 0
940 23016 40119 692 33587 657 7354 1 0 4 0 0 0 0 1 1 1 0 R 0
941 23038 21605 1314 20000 1297 6509 1 1 0 0 0 16 0 1 1 2 0 R 0
942 23064 24690 735 24700 699 4675 1 0 0 0 0 0 0 1 1 1 0 R 0
943 23094 29160 1290 29288 1189 5355 1 0 0 0 0 0 0 1 1 1 0 R 0
944 23118 22761 967 22766 946 6612 1 0 0 0 0 0 0 1 1 1 0 R 0
945 23141 21686 979 21705 958 8655 1 0 0 0 0 0 0 1 1 1 0 R 0
946 23165 23449 1089 23477 1063 6139 1 0 0 0 0 0 0 1 1 1 0 R 0
947 23196 29865 1357 30057 1169 7038 1 0 0 0 0 0 0 1 1 2 0 R 0
948 23223 25902 624 25920 596 6771 1 0 0 0 0 0 0 1 1 1 0 R 0
949 23244 19667 599 19696 572 4244 1 0 0 0 0 0 0 1 1 1 0 R 0
950 23268 24109 1671 24236 1562 5890 1 0 0 0 0 0 0 1 1 1 0 R 0
951 23295 25087 1044 25102 1016 7605 1 0 0 0 0 0 0 1 1 1 0 R 0
952 23320 24252 650 24277 625 6352 1 0 0 0 0 0 0 1 1 1 0 R 0
953 23341 19770 597 19797 566 4164 1 0 0 0 0 0 0 1 1 2 0 R 0
954 23366 24994 895 25122 774 3866 1 0 0 0 0 0 0 1 1 1 0 R 0
955 23396 28585 1024 28614 1003 5562 1 0 0 0 0 0 0 1 1 1 0 R 0
956 23428 31139 1153 31211 1080 6613 1 0 0 0 0 0 0 1 1 2 0 S 0
957 23451 21650 1795 21715 1742 4340 1 0 0 0 0 0 0 1 1 1 0 R 0
958 23486 32946 1000 32955 974 7539 1 0 0 0 0 0 0 1 1 1 0 R 0
959 23514 27619 799 27678 748 5751 1 0 0 0 0 0 0 1 1 1 0 R 0
960 23538 23309 1015 23330 988 9143 1 0 0 0 0 0 0 1 1 2 0 R 0
961 23560 20970 1746 22038 671 3822 1 0 0 0 0 1 0 1 1 1 0 R 0
962 23583 21113 599 21140 570 4287 1 0 0 0 0 0 0 1 1 2 0 R 0
963 23606 22709 604 22739 572 4516 1 0 0 0 0 0 0 1 1 1 0 R 0
964 23628 20994 1079 21033 1057 3785 1 0 0 0 0 0 0 1 1 1 0 R 0
965 23650 21068 593 20653 566 4086 1 0 1 0 0 0 0 1 1 1 0 R 0
966 23675 24497 590 24528 560 4927 1 0 0 0 0 0 0 1 1 2 0 R 0
967 23706 29805 1014 29837 988 6932 1 0 0 0 0 0 0 1 1 1 0 R 0
968 23730 23805 593 23825 562 7270 1 0 0 0 0 0 0 1 1 1 0 R 0
969 23751 19497 580 19528 551 3869 1 0 0 0 0 0 0 1 1 1 0 R 0
970 23775 24052 957 24179 954 3800 1 0 0 0 0 0 0 1 1 2 0 R 0
971 23804 28027 996 28035 970 5827 1 0 0 0 0 0 0 1 1 1 0 R 0
972 23834 29273 592 29203 560 5709 1 0 0 0 0 0 0 1 1 1 0 R 0
973 23854 19448 582 19476 552 4661 1 0 0 0 0 0 0 1 1 1 0 R 0
974 23880 24588 763 24629 737 5537 1 0 0 0 0 0 0 1 1 1 0 R 0
975 23914 33857 995 33874 976 12671 1 0 0 0 0 0 0 1 1 1 0 R 0
976 23938 22565 631 22584 602 7283 1 0 0 0 0 0 0 1 1 2 0 R 0
977 23958 19686 970 19718 952 3782 1 0 0 0 0 0 0 1 1 1 0 R 0
978 23983 24195 603 24215 575 5403 1 0 0 0 0 0 0 1 1 1 0 R 0
979 24014 29686 988 29803 979 7852 1 0 0 0 0 0 0 1 1 1 0 R 0
980 24042 27586 653 27501 623 6342 1 0 0 0 0 0 0 1 1 1 0 R 0
981 24062 19485 571 19516 542 4500 1 0 0 0 0 0 0 1 1 1 0 R 0
982 24087 24197 1220 24389 1039 6018 1 0 0 0 0 0 0 1 1 2 0 R 0
983 24117 29049 999 29073 970 5723 1 0 0 0 0 0 0 1 1 1 0 R 0
984 24141 22538 623 22561 601 6442 1 0 0 0 0 0 0 1 1 1 0 R 0
985 24161 19117 651 19144 620 3854 1 0 0 0 0 0 0 1 1 1 0 R 0
986 24186 24556 695 24585 665 3827 1 0 0 0 0 0 0 1 1 1 0 R 0
987 24215 28034 998 28064 965 5903 1 0 0 0 0 0 0 1 1 1 0 R 0
988 24239 23905 926 23936 902 5606 1 0 0 0 0 0 0 1 1 1 0 R 0
989 24259 18986 640 19008 616 3803 1 0 0 0 0 0 0 1 1 2 0 R 0
990 24286 25662 967 25690 951 8060 1 0 0 0 0 0 0 1 1 1 0 R 0
991 24316 29498 1057 29517 1026 4817 1 0 0 0 0 0 0 1 1 1 0 R 0
992 24341 23283 788 23342 754 6339 1 0 0 0 0 0 0 1 1 1 0 R 0
993 24363 22075 822 22123 767 3963 1 0 0 0 0 0 0 1 1 2 0 R 0
994 24392 28220 798 28245 778 4304 1 0 0 0 0 0 0 1 1 3 0 R 0
995 24422 28660 993 28756 992 7476 1 0 0 0 0 0 0 1 1 1 0 R 0
996 24447 23650 609 23566 571 8008 1 0 0 0 0 0 0 1 1 1 0 R 0
997 24466 18610 619 18641 594 3853 1 0 0 0 0 0 0 1 1 1 0 R 0
998 24492 25658 1012 25777 897 4375 1 0 0 0 0 0 0 1 1 1 0 R 0
999 24521 27858 971 27882 952 6088 1 0 0 0 0 0 0 1 1 2 0 R 0
1000 24551 28649 742 28662 723 7706 1 0 0 0 0 0 0 1 1 1 0 R 0
1001 24571 19382 591 19402 566 4118 1 0 0 0 0 0 0 1 1 1 0 R 0
1002 24595 23271 599 23307 562 3777 1 0 0 0 0 0 0 1 1 1 0 R 0
1003 24624 28797 772 28829 848 6155 1 0 0 0 0 0 0 1 1 2 0 R 0
1004 24648 23000 592 22928 555 7173 1 0 0 0 0 0 0 1 1 1 0 R 0
1005 24672 23554 595 23589 567 7996 1 0 0 0 0 0 0 1 1 1 0 R 0
1006 24699 27034 589 26691 561 3722 1 0 1 0 0 0 0 1 1 1 0 R 0
1007 24728 28332 1502 28365 1486 6039 1 0 0 0 0 0 0 1 1 1 0 R 0
1008 24757 26983 602 26997 572 7618 1 0 0 0 0 0 0 1 1 2 0 R 0
1009 24777 19820 596 19852 565 4478 1 0 0 0 0 0 0 1 1 1 0 R 0
1010 24803 25462 994 25497 961 5410 1 0 0 0 0 0 0 1 1 1 0 R 0
1011 24833 28921 997 28955 963 6984 1 0 0 0 0 0 0 1 1 2 0 R 0
1012 24862 27350 649 27390 612 7312 1 0 0 0 0 0 0 1 1 1 0 R 0
1013 24882 19503 571 19536 540 3925 1 0 0 0 0 0 0 1 1 1 0 R 0
1014 24907 24928 1009 25053 985 6090 1 0 0 0 0 0 0 1 1 1 0 R 0
1015 24931 23106 1236 23033 1223 7728 1 0 0 0 0 1 0 1 1 1 0 R 0
1016 24955 21983 950 22001 926 3852 1 0 0 0 0 0 0 1 1 1 0 R 0
1017 24976 20775 602 20799 568 5022 1 0 0 0 0 0 0 1 1 2 0 R 0
1018 24997 20366 1106 20487 994 3817 1 0 0 0 0 0 0 1 1 1 0 R 0
1019 25028 29130 1662 29154 1647 4818 1 0 0 0 0 1 0 1 1 1 0 R 0
1020 25056 27247 606 27265 573 13022 1 0 0 0 0 0 0 1 1 1 0 R 0
1021 25077 19906 595 19933 569 3919 1 0 0 0 0 0 0 1 1 1 0 R 0
1022 25099 21697 854 21718 842 3865 1 0 0 0 0 0 0 1 1 1 0 R 0
1023 25127 27226 1047 27251 1116 6272 1 0 0 0 0 0 0 1 1 2 0 R 0
1024 25155 27010 615 26940 582 8191 1 0 0 0 0 0 0 1 1 1 0 R 0
1025 25176 19667 707 19721 665 4687 1 0 0 0 0 0 0 1 1 1 0 R 0
1026 25198 21705 1009 21727 988 4727 1 0 0 0 0 0 0 1 1 1 0 R 0
1027 25226 26975 1170 27088 1168 5704 1 0 0 0 0 0 0 1 1 1 0 R 0
1028 25256 29044 1024 28955 999 6131 1 0 0 0 0 0 0 1 1 1 0 R 0
1029 25279 21845 715 21866 691 5973 1 0 0 0 0 0 0 1 1 1 0 R 0
1030 25302 21660 606 21689 572 3625 1 0 0 0 0 0 0 1 1 2 0 R 0
1031 25327 24713 1009 24843 992 6711 1 0 0 0 0 0 0 1 1 1 0 R 0
1032 25357 29206 1109 29217 993 7390 1 0 0 0 0 0 0 1 1 1 0 R 0
1033 25380 22174 668 22208 633 6360 1 0 0 0 0 0 0 1 1 1 0 R 0
1034 25402 20932 630 20958 597 3834 1 0 0 0 0 0 0 1 1 1 0 R 0
1035 25433 30112 598 30145 567 11530 1 0 0 0 0 0 0 1 1 1 0 R 0
1036 25453 19739 621 19767 594 4220 1 0 0 0 0 0 0 1 1 1 0 R 0
1037 25475 21226 871 21300 807 4218 1 0 0 0 0 0 0 1 1 1 0 R 0
1038 25496 20709 606 20728 578 4864 1 0 0 0 0 0 0 1 1 1 0 R 0
1039 25524 26690 593 26721 562 4513 1 0 0 0 0 0 0 1 1 2 0 R 0
1040 25544 20128 582 20160 549 4509 1 0 0 0 0 0 0 1 1 1 0 R 0
1041 25564 19397 624 19424 598 4562 1 0 0 0 0 0 0 1 1 1 0 R 0
1042 25587 22204 638 22236 610 6293 1 0 0 0 0 0 0 1 1 1 0 R 0
1043 25609 21284 557 21302 534 3789 1 0 0 0 0 0 0 1 1 2 0 R 0
1044 25636 26437 1104 26568 983 5839 1 0 0 0 0 0 0 1 1 1 0 R 0
1045 25665 27214 600 27244 560 4132 1 0 0 0 0 0 0 1 1 1 0 R 0
1046 25685 19749 604 19784 570 4556 1 0 0 0 0 0 0 1 1 1 0 R 0
1047 25708 22615 969 22648 951 4639 1 0 0 0 0 0 0 1 1 2 0 R 0
1048 25737 27709 1134 27269 1020 4726 1 0 1 0 0 0 0 1 1 1 0 R 0
1049 25767 28783 598 28802 571 6392 1 0 0 0 0 0 0 1 1 1 0 R 0
1050 25791 23831 622 23884 569 7711 1 0 0 0 0 0 0 1 1 1 0 R 0
1051 25812 20512 601 20542 571 3882 1 0 0 0 0 0 0 1 1 1 0 R 0
1052 25841 27918 1441 27968 1396 6052 1 0 0 0 0 0 0 1 1 2 0 R 0
1053 25868 26092 946 26123 926 5960 1 0 0 0 0 0 0 1 1 1 0 R 0
1054 25890 20436 602 20445 578 4088 1 0 0 0 0 0 0 1 1 1 0 R 0
1055 25911 20790 1175 20929 1041 3842 1 0 0 0 0 0 0 1 1 1 0 R 0
1056 25937 25091 2118 25238 2002 3808 1 0 0 0 0 0 0 1 1 1 0 R 0
1057 25968 28234 1960 28234 1945 7943 1 0 0 0 0 0 0 1 1 1 0 R 0
1058 25990 20569 741 20631 659 3729 1 0 0 0 0 0 0 1 1 1 0 R 0
1059 26010 18817 580 18845 555 3838 1 0 0 0 0 0 0 1 1 1 0 R 0
1060 26035 24585 1106 24707 990 4232 1 0 0 0 0 0 0 1 1 1 0 R 0
1061 26066 30291 999 30414 978 6559 1 0 0 0 0 0 0 1 1 1 0 R 0
1062 26090 22664 587 22580 559 4443 1 0 0 0 0 0 0 1 1 2 0 R 0
1063 26110 19323 568 19353 542 3834 1 0 0 0 0 0 0 1 1 1 0 R 0
1064 26136 25259 724 25293 700 5428 1 0 0 0 0 0 0 1 1 2 0 R 0
1065 26168 31641 1538 31667 1511 13173 1 0 0 0 0 0 0 1 1 1 0 R 0
1066 26194 24314 602 24338 570 7671 1 0 0 0 0 0 0 1 1 1 0 R 0
1067 26214 19512 604 19545 571 4725 1 0 0 0 0 0 0 1 1 1 0 R 0
1068 26240 25756 899 25786 879 4832 1 0 0 0 0 0 0 1 1 1 0 R 0
1069 26268 26253 771 26277 745 7506 1 0 0 0 0 0 0 1 1 1 0 R 0
1070 26295 26615 744 26688 675 7255 1 0 0 0 0 0 0 1 1 1 0 R 0
1071 26315 19312 694 19365 636 4359 1 0 0 0 0 0 0 1 1 1 0 R 0
1072 26341 24926 1035 24949 1141 6042 1 0 0 0 0 0 0 1 1 1 0 R 0
1073 26365 23155 611 23053 579 7278 1 0 0 0 0 0 0 1 1 2 0 R 0
1074 26386 20540 938 20658 919 4261 1 0 0 0 0 0 0 1 1 1 0 R 0
1075 26409 22013 581 21945 552 4802 1 0 0 0 0 0 0 1 1 1 0 R 0
1076 26430 20847 1063 20878 1045 3861 1 0 0 0 0 0 0 1 1 1 0 R 0
1077 26459 27631 580 27644 559 5634 1 0 0 0 0 0 0 1 1 1 0 R 0
1078 26489 29795 900 29813 887 6216 1 0 0 0 0 0 0 1 1 2 0 R 0
1079 26512 21788 605 21816 568 4747 1 0 0 0 0 0 0 1 1 1 0 R 0
1080 26540 26979 1234 27131 1210 7977 1 0 0 0 0 0 0 1 1 1 0 R 0
1081 26568 27000 1703 26912 1676 5080 1 0 0 0 0 0 0 1 1 1 0 R 0
1082 26599 29355 626 29379 603 7414 1 0 0 0 0 0 0 1 1 1 0 R 0
1083 26621 21401 595 21420 564 4258 1 0 0 0 0 0 0 1 1 2 0 R 0
1084 26643 21726 703 21857 575 4491 1 0 0 0 0 0 0 1 1 1 0 R 0
1085 26669 24428 1366 25046 753 6062 1 0 0 0 0 0 0 1 1 1 0 R 0
1086 26694 24511 1035 24371 939 4969 1 0 1 0 0 0 0 1 1 1 0 R 0
1087 26717 21091 595 21108 568 5048 1 0 0 0 0 0 0 1 1 1 0 R 0
1088 26738 20568 749 20600 715 3853 1 0 0 0 0 0 0 1 1 2 0 R 0
1089 26768 29261 1913 29384 1810 5059 1 0 0 0 0 1 0 1 1 1 0 R 0
1090 26795 25308 676 25344 633 7611 1 0 0 0 0 0 0 1 1 1 0 R 0
1091 26815 19025 616 19044 582 4704 1 0 0 0 0 0 0 1 1 1 0 R 0
1092 26838 22618 600 22655 563 4217 1 0 0 0 0 0 0 1 1 2 0 R 0
1093 26865 26703 1004 26737 980 5394 1 0 0 0 0 0 0 1 1 1 0 R 0
1094 26896 29872 850 29989 738 6500 1 0 0 0 0 0 0 1 1 1 0 R 0
1095 26920 23325 1393 23372 1335 8029 1 0 0 0 0 0 0 1 1 1 0 R 0
1096 26943 20944 889 21068 769 3758 1 0 0 0 0 0 0 1 1 1 0 R 0
1097 26973 29521 1373 29637 1269 6315 1 0 0 0 0 0 0 1 1 1 0 R 0
1098 27000 25866 598 25880 565 7526 1 0 0 0 0 0 0 1 1 2 0 R 0
1099 27021 19899 596 19926 568 4247 1 0 0 0 0 0 0 1 1 1 0 R 0
1100 27044 22308 626 22364 576 3733 1 0 0 0 0 0 0 1 1 2 0 R 0
1101 27073 28650 990 28679 965 6530 1 0 0 0 0 0 0 1 1 1 0 R 0
1102 27102 27683 791 27708 758 7609 1 0 0 0 0 0 0 1 1 1 0 R 0
1103 27122 19375 594 19408 563 4214 1 0 0 0 0 0 0 1 1 1 0 R 0
1104 27144 21381 654 21415 630 3844 1 0 0 0 0 0 0 1 1 1 0 R 0
1105 27167 22540 611 22566 576 6011 1 0 0 0 0 0 0 1 1 1 0 R 0
1106 27198 30674 1487 30710 1468 6003 1 0 0 0 0 0 0 1 1 2 0 R 0
1107 27218 18708 917 18722 894 4128 1 0 0 0 0 0 0 1 1 1 0 R 0
1108 27239 19235 1054 19259 1030 3772 1 0 0 0 0 0 0 1 1 1 0 R 0
1109 27264 24232 606 24260 571 3964 1 0 0 0 0 0 0 1 1 1 0 R 0
1110 27298 33874 1827 33998 1719 14134 1 0 0 0 0 0 0 1 1 1 0 R 0
1111 27325 24977 784 25034 714 6654 1 0 0 0 0 0 0 1 1 2 0 R 0
1112 27347 21326 596 21359 562 4228 1 0 0 0 0 1 0 1 1 1 0 R 0
1113 27373 25296 1040 25332 1021 4835 1 0 0 0 0 0 0 1 1 1 0 R 0
1114 27404 29873 1178 30076 973 6291 1 0 0 0 0 0 0 1 1 1 0 R 0
1115 27428 22442 587 22459 559 7779 1 0 0 0 0 0 0 1 1 1 0 R 0
1116 27450 21308 673 21342 643 3825 1 0 0 0 0 0 0 1 1 1 0 R 0
1117 27479 28327 2691 28480 2557 4801 1 0 0 0 0 1 0 1 1 1 0 R 0
1118 27502 20844 925 20876 875 3836 1 0 0 0 0 0 0 1 1 2 0 R 0
1119 27525 22331 595 22359 564 4311 1 0 0 0 0 0 0 1 1 1 0 R 0
1120 27545 19123 594 19152 562 4421 1 0 0 0 0 0 0 1 1 1 0 R 0
1121 27570 24504 581 24535 549 4780 1 0 0 0 0 0 0 1 1 1 0 R 0
1122 27600 29380 990 29504 969 7494 1 0 0 0 0 0 0 1 1 1 0 R 0
1123 27623 22076 620 22036 564 6442 1 0 0 0 0 0 0 1 1 1 0 R 0
1124 27644 19829 585 19856 553 4219 1 0 0 0 0 0 0 1 1 2 0 R 0
1125 27673 28726 1020 28763 992 10898 1 0 0 0 0 0 0 1 1 1 0 R 0
1126 27704 29744 989 29772 965 7382 1 0 0 0 0 0 0 1 1 1 0 R 0
1127 27728 23512 992 22779 968 6007 1 0 1 0 0 0 0 1 1 2 0 R 0
1128 27749 19870 626 19899 591 3737 1 0 0 0 0 0 0 1 1 1 0 R 0
1129 27773 23666 1133 23813 999 5480 1 0 0 0 0 0 0 1 1 1 0 R 0
1130 27804 29865 985 29975 864 7405 1 0 0 0 0 0 0 1 1 1 0 R 0
1131 27828 22260 611 22290 574 6734 1 0 0 0 0 0 0 1 1 1 0 R 0
1132 27848 19464 574 19495 542 3813 1 0 0 0 0 0 0 1 1 1 0 R 0
1133 27872 23776 770 23905 661 5303 1 0 0 0 0 0 0 1 1 1 0 R 0
1134 27901 28216 1107 28324 997 5517 1 0 0 0 0 0 0 1 1 1 0 R 0
1135 27931 28820 618 28855 574 7200 1 0 0 0 0 0 0 1 1 2 0 R 0
1136 27952 19987 585 20011 555 4054 1 0 0 0 0 0 0 1 1 1 0 R 0
1137 27976 23583 646 23614 617 5704 1 0 0 0 0 0 0 1 1 1 0 R 0
1138 28006 29469 1012 29505 978 6671 1 0 0 0 0 0 0 1 1 1 0 R 0
1139 28031 24013 957 24390 582 5935 1 0 0 0 0 0 0 1 1 2 0 R 0
1140 28054 22295 572 22319 543 7967 1 0 0 0 0 0 0 1 1 1 0 R 0
1141 28078 23697 1019 23735 992 5913 1 0 0 0 0 0 0 1 1 1 0 R 0
1142 28109 29801 1115 29856 1061 6015 1 0 0 0 0 0 0 1 1 2 0 R 0
1143 28137 26186 819 26263 737 6772 1 0 0 0 0 0 0 1 1 1 0 R 0
1144 28157 19970 589 19996 566 4135 1 0 0 0 0 0 0 1 1 1 0 R 0
1145 28183 24834 953 24864 925 5585 1 0 0 0 0 0 0 1 1 1 0 R 0
1146 28214 30815 1023 30837 997 7464 1 0 0 0 0 0 0 1 1 1 0 R 0
1147 28238 22333 599 22357 568 5164 1 0 0 0 0 0 0 1 1 1 0 R 0
1148 28258 19468 1014 19520 984 3839 1 0 0 0 0 0 0 1 1 1 0 R 0
1149 28283 24366 604 24379 573 5080 1 0 0 0 0 0 0 1 1 2 0 R 0
1150 28315 31035 996 31160 978 6487 1 0 0 0 0 0 0 1 1 1 0 R 0
1151 28342 26373 880 26313 844 6726 1 0 0 0 0 0 0 1 1 1 0 R 0
1152 28363 19756 597 19776 563 4642 1 0 0 0 0 0 0 1 1 1 0 R 0
1153 28388 24549 1169 24584 1153 6155 1 0 0 0 0 0 0 1 1 1 0 R 0
1154 28418 28716 1749 28825 1742 5675 1 0 0 0 0 0 0 1 1 1 0 R 0
1155 28448 28310 1016 28225 997 13903 1 0 0 0 0 0 0 1 1 1 0 R 0
1156 28472 23045 724 23063 694 4206 1 0 0 0 0 0 0 1 1 2 0 R 0
1157 28496 23045 775 23177 645 4701 1 0 0 0 0 0 0 1 1 1 0 R 0
1158 28522 25722 658 25750 624 5595 1 0 0 0 0 0 0 1 1 2 0 R 0
1159 28545 21919 609 21958 572 4293 1 0 0 0 0 0 0 1 1 1 0 R 0
1160 28565 19724 603 19772 556 4641 1 0 0 0 0 0 0 1 1 1 0 R 0
1161 28591 24829 596 24861 565 5573 1 0 0 0 0 0 0 1 1 1 0 R 0
1162 28621 29799 1426 29937 1298 6709 1 0 0 0 0 0 0 1 1 1 0 R 0
1163 28645 22927 598 22946 568 7685 1 0 0 0 0 0 0 1 1 1 0 R 0
1164 28665 19169 583 19200 555 4299 1 0 0 0 0 0 0 1 1 1 0 R 0
1165 28693 27011 609 26524 577 4373 1 0 1 0 0 0 0 1 1 2 0 R 0
1166 28723 29871 989 29904 964 6899 1 0 0 0 0 0 0 1 1 1 0 R 0
1167 28747 22474 598 22497 566 7468 1 0 0 0 0 0 0 1 1 1 0 R 0
1168 28767 20121 594 20153 563 4253 1 0 0 0 0 0 0 1 1 1 0 R 0
1169 28792 23941 968 23970 945 3790 1 0 0 0 0 0 0 1 1 2 0 R 0
1170 28824 31462 775 31487 759 11650 1 0 0 0 0 0 0 1 1 1 0 R 0
1171 28853 27876 588 27891 556 7178 1 0 0 0 0 0 0 1 1 1 0 R 0
1172 28874 20100 621 20132 600 4469 1 0 0 0 0 0 0 1 1 1 0 R 0
1173 28897 22344 603 22369 571 5429 1 0 0 0 0 0 0 1 1 1 0 R 0
1174 28927 29637 1434 29775 1318 5617 1 0 0 0 0 0 0 1 1 1 0 R 0
1175 28955 26968 924 27031 847 8022 1 0 0 0 0 0 0 1 1 2 0 R 0
1176 28975 18837 590 18859 557 4309 1 0 0 0 0 0 0 1 1 2 0 R 0
1177 29001 25543 821 25630 737 5547 1 0 0 0 0 0 0 1 1 2 0 R 0
1178 29032 29652 946 29686 921 6935 1 0 0 0 0 0 0 1 1 1 0 R 0
1179 29055 21953 604 21977 576 6938 1 0 0 0 0 0 0 1 1 1 0 R 0
1180 29075 19308 583 19332 555 4069 1 0 0 0 0 0 0 1 1 1 0 R 0
1181 29098 22882 1594 22917 1681 4637 1 0 0 0 0 0 0 1 1 1 0 R 0
1182 29130 30002 1158 29925 1128 4644 1 0 0 0 0 0 0 1 1 2 0 R 0
1183 29154 23068 607 23092 569 6751 1 0 0 0 0 0 0 1 1 1 0 R 0
1184 29175 20224 599 20257 566 4258 1 0 0 0 0 0 0 1 1 1 0 R 0
1185 29202 26577 1061 26618 1033 8124 1 0 0 0 0 0 0 1 1 1 0 R 0
1186 29231 27994 972 28007 948 5717 1 0 0 0 0 0 0 1 1 1 0 R 0
1187 29260 28221 661 28246 631 7360 1 0 0 0 0 0 0 1 1 1 0 R 0
1188 29282 21474 642 21510 614 4187 1 0 0 0 0 0 0 1 1 1 0 R 0
1189 29307 24081 608 24110 574 5558 1 0 0 0 0 0 0 1 1 2 0 R 0
1190 29337 29408 992 29447 957 5838 1 0 0 0 0 0 0 1 1 1 0 R 0
1191 29362 24210 607 24239 573 5938 1 0 0 0 0 0 0 1 1 1 0 R 0
1192 29382 19654 616 19686 595 3831 1 0 0 0 0 0 0 1 1 2 0 R 0
1193 29406 23060 1012 23087 997 4366 1 0 0 0 0 0 0 1 1 1 0 R 0
1194 29436 28646 1169 28718 1197 4679 1 0 0 0 0 0 0 1 1 1 0 R 0
1195 29460 23132 626 23037 605 7181 1 0 0 0 0 0 0 1 1 1 0 R 0
1196 29481 20375 713 20416 676 3969 1 0 0 0 0 0 0 1 1 1 0 R 0
1197 29504 22497 1141 22617 1033 3817 1 0 0 0 0 0 0 1 1 1 0 R 0
1198 29535 29691 1000 29711 969 4449 1 0 0 0 0 0 0 1 1 2 0 R 0
1199 29561 25300 598 25327 562 6673 1 0 0 0 0 0 0 1 1 1 0 R 0
1200 29585 22671 586 22708 550 8683 1 0 0 0 0 0 0 1 1 1 0 R 0
1201 29605 19768 1048 19823 1005 4200 1 0 0 0 0 0 0 1 1 1 0 R 0
1202 29636 29681 1108 29801 993 5467 1 0 0 0 0 0 0 1 1 1 0 R 0
1203 29666 29537 1166 29562 1137 6599 1 0 0 0 0 0 0 1 1 1 0 R 0
1204 29688 19962 605 19987 573 3808 1 0 0 0 0 0 0 1 1 2 0 R 0
1205 29713 24824 1000 24852 979 3742 1 0 0 0 0 1 0 1 1 1 0 R 0
1206 29742 28219 965 27755 947 4565 1 0 1 0 0 0 0 1 1 1 0 R 0
1207 29767 23401 599 23421 566 7581 1 0 0 0 0 0 0 1 1 1 0 R 0
1208 29787 19402 626 19435 600 3767 1 0 0 0 0 0 0 1 1 1 0 R 0
1209 29808 20667 622 20699 589 3876 1 0 0 0 0 0 0 1 1 2 0 R 0
1210 29837 28845 1148 28876 1122 5899 1 0 0 0 0 0 0 1 1 1 0 R 0
1211 29868 29041 933 29069 902 7579 1 0 0 0 0 0 0 1 1 1 0 R 0
1212 29891 22191 941 22218 909 4776 1 0 0 0 0 0 0 1 1 1 0 R 0
1213 29914 22580 967 22609 950 3836 1 0 0 0 0 0 0 1 1 1 0 R 0
1214 29944 29255 992 29276 969 4903 1 0 0 0 0 0 0 1 1 1 0 R 0
1215 29972 26969 587 26992 552 13390 1 0 0 0 0 0 0 1 1 1 0 R 0
1216 29993 20079 598 20113 565 4239 1 0 0 0 0 0 0 1 1 1 0 R 0
1217 30015 20984 599 21022 561 4332 1 0 0 0 0 0 0 1 1 2 0 R 0
1218 30043 28151 1021 28186 998 5265 1 0 0 0 0 0 0 1 1 1 0 R 0
1219 30070 25985 973 26002 954 5316 1 0 0 0 0 0 0 1 1 1 0 R 0
1220 30091 19935 1234 19961 1211 4211 1 0 0 0 0 1 0 1 1 1 0 R 0
1221 30113 20912 600 20936 572 3842 1 0 0 0 0 0 0 1 1 1 0 R 0
1222 30142 28204 1021 28231 999 5677 1 0 0 0 0 0 0 1 1 2 0 R 0
1223 30172 29098 1000 29120 978 6582 1 0 0 0 0 0 0 1 1 1 0 R 0
1224 30197 23176 623 23196 594 5801 1 0 0 0 0 0 0 1 1 1 0 R 0
1225 30218 20900 1648 20980 1610 3902 1 0 0 0 0 0 0 1 1 1 0 R 0
1226 30266 45953 1049 34871 1020 25962 1 0 8 0 0 0 0 1 1 2 0 R 0
1227 30291 24351 592 24377 564 7124 1 0 0 0 0 0 0 1 1 1 0 R 0
1228 30311 19685 1507 19714 1496 3829 1 0 0 0 0 0 0 1 1 2 0 R 0
1229 30340 26680 861 26685 949 4487 1 0 0 0 0 0 0 1 1 1 0 R 0
1230 30364 23917 592 23839 561 9811 1 0 0 0 0 0 0 1 1 1 0 R 0
1231 30387 21718 614 21749 586 4654 1 0 0 0 0 0 0 1 1 1 0 R 0
1232 30407 20023 582 20052 555 3976 1 0 0 0 0 0 0 1 1 2 0 R 0
1233 30432 23698 865 23750 821 3923 1 0 0 0 0 0 0 1 1 1 0 R 0
1234 30458 25940 2013 26053 1907 5918 1 0 0 0 0 0 0 1 1 1 0 R 0
1235 30484 23472 595 23486 568 6650 1 0 0 0 0 0 0 1 1 1 0 R 0
1236 30505 20054 586 20079 558 4220 1 0 0 0 0 0 0 1 1 2 0 R 0
1237 30527 21661 1111 21713 1082 4283 1 0 0 0 0 0 0 1 1 1 0 R 0
1238 30558 29845 1938 29950 1819 5195 1 0 0 0 0 0 0 1 1 1 0 R 0
1239 30587 27601 948 27699 840 7947 1 0 0 0 0 0 0 1 1 1 0 R 0
1240 30610 21847 587 21875 558 4465 1 0 0 0 0 0 0 1 1 1 0 R 0
1241 30635 24231 1003 24362 986 3882 1 0 0 0 0 0 0 1 1 1 0 R 0
1242 30665 29216 1002 29135 978 5331 1 0 0 0 0 0 0 1 1 1 0 R 0
1243 30692 26110 607 25213 573 5277 1 0 1 0 0 0 0 1 1 2 0 R 0
1244 30713 19997 584 20025 554 3837 1 0 0 0 0 0 0 1 1 1 0 R 0
1245 30742 28572 592 28606 559 10094 1 0 0 0 0 0 0 1 1 1 0 R 0
1246 30770 27381 981 27498 974 6609 1 0 0 0 0 0 0 1 1 1 0 R 0
1247 30798 27033 1156 26960 1134 7332 1 0 0 0 0 0 0 1 1 1 0 R 0
1248 30819 20070 567 20080 546 4012 1 0 0 0 0 0 0 1 1 1 0 R 0
1249 30844 23953 596 23986 563 5272 1 0 0 0 0 0 0 1 1 2 0 R 0
1250 30873 29148 1172 29181 1163 6376 1 0 0 0 0 0 0 1 1 1 0 R 0
1251 30898 23518 1012 23526 994 6982 1 0 0 0 0 0 0 1 1 1 0 R 0
1252 30920 20363 581 20377 552 3733 1 0 0 0 0 0 0 1 1 1 0 R 0
1253 30945 24702 584 24734 551 3878 1 0 0 0 0 0 0 1 1 1 0 R 0
1254 30975 29300 976 29335 955 5880 1 0 0 0 0 0 0 1 1 2 0 R 0
1255 31000 24302 574 24315 546 7079 1 0 0 0 0 0 0 1 1 1 0 R 0
1256 31020 19096 659 19145 611 3759 1 0 0 0 0 0 0 1 1 1 0 R 0
1257 31044 23452 979 23583 853 3877 1 0 0 0 0 0 0 1 1 1 0 R 0
1258 31073 28389 1006 28420 979 4495 1 0 0 0 0 0 0 1 1 1 0 R 0
1259 31104 29576 640 29601 605 7372 1 0 0 0 0 0 0 1 1 1 0 R 0
1260 31127 22530 603 22565 573 8354 1 0 0 0 0 0 0 1 1 2 0 R 0
1261 31151 23971 595 24002 564 5588 1 0 0 0 0 0 0 1 1 1 0 R 0
1262 31182 29523 1002 29658 866 6519 1 0 0 0 0 0 0 1 1 2 0 R 0
1263 31204 21686 596 21716 570 7208 1 0 0 0 0 0 0 1 1 1 0 R 0
1264 31224 19162 634 19188 606 4254 1 0 0 0 0 0 0 1 1 1 0 R 0
1265 31248 22862 686 22895 651 4093 1 0 0 0 0 0 0 1 1 1 0 R 0
1266 31276 28263 1338 28394 1226 4079 1 0 0 0 0 0 0 1 1 1 0 R 0
1267 31304 26344 586 26356 564 6506 1 0 0 0 0 0 0 1 1 1 0 R 0
1268 31324 19313 586 19334 559 4250 1 0 0 0 0 0 0 1 1 1 0 R 0
1269 31346 21743 996 21779 975 4265 1 0 0 0 0 0 0 1 1 2 0 R 0
1270 31377 29135 1149 29153 1133 4889 1 0 0 0 0 0 0 1 1 1 0 R 0
1271 31406 28590 955 28688 842 6424 1 0 0 0 0 0 0 1 1 1 0 R 0
1272 31428 21210 930 21243 914 4321 1 0 0 0 0 0 0 1 1 1 0 R 0
1273 31454 24746 1186 24763 1168 3892 1 0 0 0 0 0 0 1 1 2 0 R 0
1274 31484 28418 1050 28434 1029 5684 1 0 0 0 0 0 0 1 1 1 0 R 0
1275 31512 27060 598 27078 576 13498 1 0 0 0 0 0 0 1 1 1 0 R 0
1276 31532 19548 607 19592 560 3824 1 0 0 0 0 0 0 1 1 1 0 R 0
1277 31556 22964 1004 22997 977 3828 1 0 0 0 0 0 0 1 1 1 0 R 0
1278 31585 28890 988 29011 971 4717 1 0 0 0 0 0 0 1 1 1 0 R 0
1279 31611 24374 602 24292 573 6701 1 0 0 0 0 0 0 1 1 1 0 R 0
1280 31633 21269 636 21324 587 3830 1 0 0 0 0 0 0 1 1 1 0 R 0
1281 31657 23423 1282 23188 1175 4934 1 0 1 0 0 0 0 1 1 2 0 R 0
1282 31686 27661 773 27676 850 4371 1 0 0 0 0 0 0 1 1 1 0 R 0
1283 31712 25185 607 25111 568 6996 1 0 0 0 0 0 0 1 1 1 0 R 0
1284 31732 20006 633 20039 609 4103 1 0 0 0 0 0 0 1 1 1 0 R 0
1285 31754 20847 631 20874 599 3855 1 0 0 0 0 0 0 1 1 1 0 R 0
1286 31783 28537 991 28677 854 7042 1 0 0 0 0 0 0 1 1 1 0 R 0
1287 31814 30574 967 30611 936 6442 1 0 0 0 0 0 0 1 1 1 0 R 0
1288 31837 21156 605 21180 577 4959 1 0 0 0 0 0 0 1 1 2 0 R 0
1289 31858 21228 1843 21290 1896 3842 1 0 0 0 0 0 0 1 1 1 0 R 0
1290 31894 34163 1105 34172 990 11769 1 0 0 0 0 0 0 1 1 1 0 R 0
1291 31918 22829 980 22861 950 6509 1 0 0 0 0 0 0 1 1 1 0 R 0
1292 31940 21027 572 21042 545 3845 1 0 0 0 0 0 0 1 1 1 0 R 0
1293 31963 22503 978 22538 954 3889 1 0 0 0 0 0 0 1 1 1 0 R 0
1294 31992 27970 940 27995 924 4880 1 0 0 0 0 0 0 1 1 2 0 R 0
1295 32023 30112 804 30208 690 6784 1 0 0 0 0 0 0 1 1 2 0 R 0
1296 32044 20254 587 20285 558 4610 1 0 0 0 0 0 0 1 1 1 0 R 0
1297 32069 23474 1690 24021 1162 4660 1 0 0 0 0 0 0 1 1 1 0 R 0
1298 32098 27776 1567 27794 1640 5235 1 0 0 0 0 1 0 1 1 1 0 R 0
1299 32126 26886 901 26817 871 7287 1 0 0 0 0 0 0 1 1 1 0 R 0
1300 32149 21604 612 21633 574 4128 1 0 0 0 0 0 0 1 1 1 0 R 0
1301 32173 23883 917 23969 835 4720 1 0 0 0 0 0 0 1 1 1 0 R 0
1302 32197 22294 611 22322 582 6791 1 0 0 0 0 0 0 1 1 1 0 R 0
1303 32217 20001 593 20030 563 3839 1 0 0 0 0 0 0 1 1 2 0 R 0
1304 32241 22718 619 22746 594 4954 1 0 0 0 0 0 0 1 1 1 0 R 0
1305 32265 23680 616 23714 577 8240 1 0 0 0 0 0 0 1 1 1 0 R 0
1306 32292 26477 1027 26507 998 4658 1 0 0 0 0 0 0 1 1 1 0 R 0
1307 32322 28709 579 28740 547 7446 1 0 0 0 0 0 0 1 1 1 0 R 0
1308 32342 20082 627 20114 599 4014 1 0 0 0 0 0 0 1 1 1 0 R 0
1309 32365 21778 615 21816 577 4327 1 0 0 0 0 0 0 1 1 2 0 R 0
1310 32403 37560 997 37588 990 5442 1 0 0 0 0 0 0 1 1 2 0 R 0
1311 32430 25783 586 25793 557 7837 1 0 0 0 0 0 0 1 1 1 0 R 0
1312 32451 20294 610 20324 580 3849 1 0 0 0 0 0 0 1 1 1 0 R 0
1313 32472 20486 776 20517 758 3827 1 0 0 0 0 0 0 1 1 1 0 R 0
1314 32500 27281 977 27385 863 4764 1 0 0 0 0 0 0 1 1 2 0 R 0
1315 32527 26491 590 26523 556 6909 1 0 0 0 0 0 0 1 1 1 0 R 0
1316 32549 21325 595 21351 578 4548 1 0 0 0 0 0 0 1 1 1 0 R 0
1317 32571 21021 595 21044 562 3732 1 0 0 0 0 0 0 1 1 1 0 R 0
1318 32600 28748 989 28870 868 6190 1 0 0 0 0 0 0 1 1 1 0 R 0
1319 32628 26725 608 26758 574 7407 1 0 0 0 0 0 0 1 1 1 0 R 0
1320 32652 23580 591 23611 559 7757 1 0 0 0 0 0 0 1 1 2 0 R 0
1321 32674 20955 606 20992 572 3838 1 0 0 0 0 0 0 1 1 1 0 R 0
1322 32700 25404 1675 25052 1630 5898 1 0 1 0 0 0 0 1 1 1 0 R 0
1323 32730 28436 583 28441 553 7471 1 0 0 0 0 0 0 1 1 1 0 R 0
1324 32750 20031 592 20064 563 4018 1 0 0 0 0 0 0 1 1 1 0 R 0
1325 32772 21281 1000 21335 953 3796 1 0 0 0 0 0 0 1 1 2 0 R 0
1326 32799 26240 973 26261 954 5040 1 0 0 0 0 0 0 1 1 1 0 R 0
1327 32829 28132 1427 28723 845 7576 1 0 0 0 0 0 0 1 1 1 0 R 0
1328 32851 21448 579 21463 547 3825 1 0 0 0 0 0 0 1 1 2 0 R 0
1329 32872 19495 1610 19528 1591 3914 1 0 0 0 0 0 0 1 1 1 0 R 0
1330 32900 26669 890 26685 877 4316 1 0 0 0 0 0 0 1 1 1 0 R 0
1331 32930 29496 983 29597 982 7571 1 0 0 0 0 0 0 1 1 1 0 R 0
1332 32953 21747 625 21664 595 3751 1 0 0 0 0 0 0 1 1 1 0 R 0
1333 32972 18789 589 18815 561 4430 1 0 0 0 0 0 0 1 1 2 0 R 0
1334 32997 24341 993 24374 964 4869 1 0 0 0 0 0 0 1 1 1 0 R 0
1335 33033 34773 992 34896 979 13402 1 0 0 0 0 0 0 1 1 1 0 R 0
1336 33058 24106 976 24026 953 7789 1 0 0 0 0 0 0 1 1 1 0 R 0
1337 33081 21408 685 21427 659 3969 1 0 0 0 0 0 0 1 1 1 0 R 0
1338 33107 25530 1108 25656 980 4291 1 0 0 0 0 0 0 1 1 1 0 R 0
1339 33138 30522 1176 30578 1136 6504 1 0 0 0 0 0 0 1 1 1 0 R 0
1340 33160 20115 584 20129 557 4112 1 0 0 0 0 0 0 1 1 1 0 R 0
1341 33181 20387 992 20507 881 3844 1 0 0 0 0 0 0 1 1 2 0 R 0
1342 33208 26289 1723 26459 1560 3774 1 0 0 0 0 0 0 1 1 1 0 R 0
1343 33238 28186 1742 28208 1721 7399 1 0 0 0 0 0 0 1 1 1 0 R 0
1344 33260 20583 657 20604 620 3861 1 0 0 0 0 0 0 1 1 1 0 R 0
1345 33280 18933 580 18959 553 3776 1 0 0 0 0 0 0 1 1 1 0 R 0
1346 33305 24535 1003 24669 877 4265 1 0 0 0 0 0 0 1 1 1 0 R 0
1347 33336 30217 1019 30245 1096 7103 1 0 0 0 0 0 0 1 1 1 0 R 0
1348 33360 23041 601 22957 576 4813 1 0 0 0 0 0 0 1 1 1 0 R 0
1349 33380 18824 614 18850 588 3831 1 0 0 0 0 0 0 1 1 2 0 R 0
1350 33408 27944 1702 27979 1792 10669 1 0 0 0 0 0 0 1 1 1 0 R 0
1351 33440 30107 968 30010 953 7568 1 0 0 0 0 0 0 1 1 2 0 R 0
1352 33461 20369 587 20384 559 4317 1 0 0 0 0 0 0 1 1 1 0 R 0
1353 33482 20221 586 20252 559 4003 1 0 0 0 0 0 0 1 1 1 0 R 0
1354 33507 24172 600 24205 565 5986 1 0 0 0 0 0 0 1 1 1 0 R 0
1355 33535 27778 1008 27904 1003 5567 1 0 0 0 0 0 0 1 1 1 0 R 0
1356 33559 23036 573 22940 548 3768 1 0 0 0 0 0 0 1 1 2 0 R 0
1357 33578 18338 919 18370 899 3867 1 0 0 0 0 0 0 1 1 1 0 R 0
1358 33602 23117 1034 23135 1013 3831 1 0 0 0 0 0 0 1 1 1 0 R 0
1359 33632 28657 1299 28779 1182 5354 1 0 0 0 0 0 0 1 1 1 0 R 0
1360 33658 24967 982 24452 959 9202 1 0 1 0 0 0 0 1 1 1 0 R 0
1361 33678 19113 1122 19134 1096 3927 1 0 0 0 0 0 0 1 1 1 0 R 0
1362 33702 22293 1154 22321 1217 3647 1 0 0 0 0 0 0 1 1 2 0 R 0
1363 33731 27794 990 27741 962 5763 1 0 0 0 0 0 0 1 1 1 0 R 0
1364 33762 30120 969 30138 954 7321 1 0 0 0 0 0 0 1 1 1 0 R 0
1365 33787 23862 576 23874 548 9663 1 0 0 0 0 0 0 1 1 1 0 R 0
1366 33813 25480 636 25511 601 5075 1 0 0 0 0 0 0 1 1 1 0 R 0
1367 33842 28466 962 28499 944 6052 1 0 0 0 0 0 0 1 1 2 0 R 0
1368 33870 27556 826 27570 809 7588 1 0 0 0 0 0 0 1 1 1 0 R 0
1369 33891 19561 649 19600 615 4102 1 0 0 0 0 0 0 1 1 1 0 R 0
1370 33915 23807 596 23830 566 5087 1 0 0 0 0 0 0 1 1 1 0 R 0
1371 33941 25024 966 25045 940 7132 1 0 0 0 0 0 0 1 1 1 0 R 0
1372 33962 20744 1176 20772 1149 3817 1 0 0 0 0 0 0 1 1 2 0 R 0
1373 33985 21824 616 21872 567 6229 1 0 0 0 0 0 0 1 1 1 0 R 0
1374 34006 20252 610 20283 584 4211 1 0 0 0 0 0 0 1 1 1 0 R 0
1375 34036 29201 1075 29234 1044 6432 1 0 0 0 0 0 0 1 1 1 0 R 0
1376 34064 26586 604 26611 572 8318 1 0 0 0 0 0 0 1 1 1 0 R 0
1377 34084 19562 592 19604 550 4580 1 0 0 0 0 0 0 1 1 1 0 R 0
1378 34106 21776 603 21809 570 4246 1 0 0 0 0 0 0 1 1 1 0 R 0
1379 34133 25618 638 25654 606 5271 1 0 0 0 0 0 0 1 1 2 0 R 0
1380 34165 32228 614 32261 578 13788 1 0 0 0 0 0 0 1 1 1 0 R 0
1381 34186 19955 651 20009 600 3966 1 0 0 0 0 0 0 1 1 1 0 R 0
1382 34208 21040 610 21075 570 4220 1 0 0 0 0 0 0 1 1 1 0 R 0
1383 34236 28055 1019 28088 997 4714 1 0 0 0 0 0 0 1 1 1 0 R 0
1384 34267 29685 612 29711 578 5954 1 0 0 0 0 0 0 1 1 2 0 R 0
1385 34288 20061 598 20092 568 3948 1 0 0 0 0 0 0 1 1 2 0 R 0
1386 34311 22579 709 22621 667 3838 1 0 0 0 0 0 0 1 1 1 0 R 0
1387 34338 25955 2173 26081 2158 5029 1 0 0 0 0 0 0 1 1 0 0 R 0
1388 34368 28344 1037 28266 1017 7701 1 0 0 0 0 0 0 1 1 1 0 R 0
1389 34389 20010 575 20021 552 4136 1 0 0 0 0 0 0 1 1 1 0 R 0
1390 34412 21917 708 21947 680 3825 1 0 0 0 0 0 0 1 1 1 0 R 0
1391 34439 27041 968 27159 854 5076 1 0 0 0 0 1 0 1 1 2 0 R 0
1392 34470 29648 586 29669 563 5590 1 0 0 0 0 0 0 1 1 1 0 R 0
1393 34491 20192 595 20219 565 4051 1 0 0 0 0 0 0 1 1 2 0 R 0
1394 34512 20420 990 20455 959 3802 1 0 0 0 0 0 0 1 1 1 0 R 0
1395 34544 30908 1185 31037 1155 9472 1 0 0 0 0 0 0 1 1 1 0 R 0
1396 34575 29966 590 29899 553 6552 1 0 0 0 0 0 0 1 1 2 0 R 0
1397 34595 19958 600 19993 566 4491 1 0 0 0 0 0 0 1 1 1 0 R 0
1398 34617 21506 616 21543 596 4202 1 0 0 0 0 0 0 1 1 1 0 R 0
1399 34643 25323 1027 25341 996 4943 1 0 0 0 0 0 0 1 1 1 0 R 0
1400 34675 30295 650 30338 615 6909 1 0 0 0 0 0 0 1 1 1 0 R 0
1401 34696 20933 635 20485 604 5068 1 0 1 0 0 0 0 1 1 1 0 R 0
1402 34718 20969 1216 21001 1193 3793 1 0 0 0 0 0 0 1 1 1 0 R 0
1403 34746 26406 987 26523 975 4194 1 0 0 0 0 0 0 1 1 2 0 R 0
1404 34776 29959 828 29877 800 5538 1 0 0 0 0 0 0 1 1 1 0 R 0
1405 34797 19574 642 19599 611 4062 1 0 0 0 0 0 0 1 1 1 0 R 0
1406 34817 19318 1695 19414 2550 3609 1 0 0 0 0 0 0 1 1 1 0 R 0
1407 34843 24613 980 23700 958 4421 1 0 0 0 0 0 0 1 1 2 0 R 0
1408 34875 30920 1013 30941 984 7496 1 0 0 0 0 0 0 1 1 1 0 R 0
1409 34896 20137 593 20163 562 3962 1 0 0 0 0 0 0 1 1 1 0 R 0
1410 34920 22798 1988 22826 1975 7987 1 0 0 0 0 0 0 1 1 1 0 R 0
1411 34947 25084 981 25104 955 4006 1 0 0 0 0 0 0 1 1 1 0 R 0
1412 34977 29490 1019 29614 890 6459 1 0 0 0 0 0 0 1 1 2 0 R 0
1413 35000 21701 586 21728 556 3895 1 0 0 0 0 0 0 1 1 1 0 R 0
1414 35020 19911 977 19941 948 3800 1 0 0 0 0 0 0 1 1 1 0 R 0
1415 35045 23385 1016 23420 1006 4862 1 0 0 0 0 0 0 1 1 1 0 R 0
1416 35074 28508 990 28516 968 6444 1 0 0 0 0 0 0 1 1 1 0 R 0
1417 35102 26689 584 26707 553 6387 1 0 0 0 0 0 0 1 1 1 0 R 0
1418 35123 20475 587 20509 553 3870 1 0 0 0 0 0 0 1 1 1 0 R 0
1419 35147 23325 756 23361 729 4802 1 0 0 0 0 0 0 1 1 1 0 R 0
1420 35178 30165 1999 30242 1926 5469 1 0 0 0 0 0 0 1 1 2 0 R 0
1421 35204 24263 633 24289 605 7223 1 0 0 0 0 0 0 1 1 1 0 R 0
1422 35225 20258 559 20278 529 4221 1 0 0 0 0 0 0 1 1 1 0 R 0
1423 35251 25771 1208 25802 1194 4768 1 0 0 0 0 0 0 1 1 2 0 R 0
1424 35273 20790 593 20808 559 6234 1 0 0 0 0 0 0 1 1 1 0 R 0
1425 35297 23504 970 23545 950 8022 1 0 0 0 0 0 0 1 1 1 0 R 0
1426 35319 20679 568 20683 544 4233 1 0 0 0 0 0 0 1 1 1 0 R 0
1427 35341 21269 1108 21386 1005 3862 1 0 0 0 0 0 0 1 1 1 0 R 0
1428 35372 29697 982 29717 962 5080 1 0 0 0 0 0 0 1 1 1 0 R 0
1429 35397 24408 643 24431 612 7909 1 0 0 0 0 0 0 1 1 1 0 R 0
1430 35417 19538 670 19584 633 4106 1 0 0 0 0 0 0 1 1 1 0 R 0
1431 35439 21043 589 21066 554 3920 1 0 0 0 0 0 0 1 1 2 0 R 0
1432 35466 26848 1347 26881 1342 5829 1 0 0 0 0 0 0 1 1 1 0 R 0
1433 35497 29238 990 29338 871 8117 1 0 0 0 0 0 0 1 1 1 0 R 0
1434 35522 23799 575 23817 546 5394 1 0 0 0 0 0 0 1 1 2 0 R 0
1435 35544 22064 607 22102 571 3848 1 0 0 0 0 0 0 1 1 1 0 R 0
1436 35574 28614 1298 28742 1186 5657 1 0 0 0 0 0 0 1 1 1 0 R 0
1437 35601 25710 848 25727 814 5479 1 0 0 0 0 0 0 1 1 1 0 R 0
1438 35621 19484 590 19515 557 4181 1 0 0 0 0 0 0 1 1 1 0 R 0
1439 35644 22007 581 21655 554 3870 1 0 1 0 0 0 0 1 1 1 0 R 0
1440 35675 30962 998 30994 966 13984 1 0 0 0 0 0 0 1 1 2 0 R 0
1441 35702 26018 616 26049 597 6482 1 0 0 0 0 0 0 1 1 1 0 R 0
1442 35723 20546 595 20563 561 4619 1 0 0 0 0 0 0 1 1 1 0 R 0
1443 35745 20878 597 20916 558 4224 1 0 0 0 0 0 0 1 1 1 0 R 0
1444 35772 26427 1040 26464 1119 5467 1 0 0 0 0 0 0 1 1 1 0 R 0
1445 35803 29867 1283 29797 1356 6094 1 0 0 0 0 0 0 1 1 1 0 R 0
1446 35827 23403 859 23373 777 5831 1 0 0 0 0 0 0 1 1 2 0 R 0
1447 35850 21859 667 21886 642 4174 1 0 0 0 0 0 0 1 1 1 0 R 0
1448 35878 27473 1507 27502 1481 6533 1 0 0 0 0 0 0 1 1 1 0 R 0
1449 35906 26087 616 26112 582 7588 1 0 0 0 0 0 0 1 1 1 0 R 0
1450 35927 20076 597 20108 573 4271 1 0 0 0 0 0 0 1 1 1 0 R 0
1451 35948 21111 1020 21162 973 3801 1 0 0 0 0 0 0 1 1 2 0 R 0
1452 35973 23741 989 23765 967 4234 1 0 0 0 0 0 0 1 1 1 0 R 0
1453 36001 27280 826 27300 802 7391 1 0 0 0 0 0 0 1 1 1 0 R 0
1454 36026 24097 606 24123 575 7700 1 0 0 0 0 0 0 1 1 1 0 R 0
1455 36051 24612 588 24639 560 7637 1 0 0 0 0 0 0 1 1 1 0 R 0
1456 36078 25924 2445 25956 2565 5440 1 0 0 0 0 0 0 1 1 2 0 R 0
1457 36105 24877 1411 24772 1379 7624 1 0 0 0 0 0 0 1 1 1 0 R 0
1458 36127 19900 598 19915 567 4898 1 0 0 0 0 0 0 1 1 1 0 R 0
1459 36147 20149 616 20177 591 4048 1 0 0 0 0 0 0 1 1 1 0 R 0
1460 36175 26704 976 26730 956 3936 1 0 0 0 0 0 0 1 1 2 0 R 0
1461 36205 28930 997 28958 973 6666 1 0 0 0 0 0 0 1 1 1 0 R 0
1462 36227 21259 606 21281 575 4275 1 0 0 0 0 0 0 1 1 1 0 R 0
1463 36246 18725 674 18771 649 3856 1 0 0 0 0 0 0 1 1 1 0 R 0
1464 36272 24792 601 24805 569 5726 1 0 0 0 0 0 0 1 1 1 0 R 0
1465 36302 29575 985 29707 961 7925 1 0 0 0 0 0 0 1 1 1 0 R 0
1466 36326 22721 603 22646 569 7482 1 0 0 0 0 0 0 1 1 1 0 R 0
1467 36345 19158 593 19190 562 4317 1 0 0 0 0 0 0 1 1 1 0 R 0
1468 36370 24060 1433 24085 1433 4237 1 0 0 0 0 0 0 1 1 1 0 R 0
1469 36399 27918 971 27932 939 5076 1 0 0 0 0 0 0 1 1 2 0 R 0
1470 36427 26482 636 26510 607 13314 1 0 0 0 0 0 0 1 1 1 0 R 0
1471 36446 18665 587 18696 559 3841 1 0 0 0 0 0 0 1 1 1 0 R 0
1472 36470 23282 977 23301 971 4404 1 0 0 0 0 0 0 1 1 1 0 R 0
1473 36501 29730 1165 29741 1160 4087 1 0 0 0 0 0 0 1 1 1 0 R 0
1474 36525 23546 598 23557 561 7390 1 0 0 0 0 0 0 1 1 1 0 R 0
1475 36545 18951 595 18986 561 4321 1 0 0 0 0 0 0 1 1 2 0 R 0
1476 36568 22015 751 22053 717 4380 1 0 0 0 0 0 0 1 1 1 0 R 0
1477 36596 27989 1110 28024 1086 5342 1 0 0 0 0 0 0 1 1 1 0 R 0
1478 36623 26066 600 26089 566 6168 1 0 0 0 0 0 0 1 1 1 0 R 0
1479 36646 21779 774 21846 713 4924 1 0 0 0 0 0 0 1 1 2 0 R 0
1480 36667 20709 599 20737 579 4229 1 0 0 0 0 0 0 1 1 1 0 R 0
1481 36698 29618 1031 29639 998 6053 1 0 0 0 0 0 0 1 1 1 0 R 0
1482 36726 27666 597 27700 564 5352 1 0 0 0 0 0 0 1 1 1 0 R 0
1483 36749 22624 574 22651 544 5677 1 0 0 0 0 0 0 1 1 1 0 R 0
1484 36771 20920 664 20954 639 3834 1 0 0 0 0 0 0 1 1 2 0 R 0
1485 36805 33125 998 33151 978 12213 1 0 0 0 0 0 0 1 1 1 0 R 0
1486 36835 29767 1020 29920 855 7048 1 0 0 0 0 0 0 1 1 1 0 R 0
1487 36857 20332 596 20364 563 3913 1 0 0 0 0 0 0 1 1 1 0 R 0
1488 36881 23875 1424 24025 1287 3843 1 0 0 0 0 0 0 1 1 1 0 R 0
1489 36911 28532 1004 28548 981 5398 1 0 0 0 0 0 0 1 1 1 0 R 0
1490 36935 22665 810 22716 768 6517 1 0 0 0 0 0 0 1 1 1 0 R 0
1491 36957 21362 856 21401 826 4361 1 0 0 0 0 0 0 1 1 2 0 R 0
1492 36986 27834 904 27889 850 3920 1 0 0 0 0 0 0 1 1 3 0 R 0
1493 37015 28745 1148 28843 1027 6154 1 0 0 0 0 0 0 1 1 1 0 R 0
1494 37041 24290 599 24315 569 5675 1 0 0 0 0 0 0 1 1 2 0 R 0
1495 37060 18970 880 19030 834 3856 1 0 0 0 0 0 0 1 1 1 0 R 0
1496 37084 22322 880 22338 1176 3792 1 0 0 0 0 0 0 1 1 1 0 R 0
1497 37114 29299 1050 29006 1026 5451 1 0 0 0 0 0 0 1 1 1 0 R 0
1498 37140 24761 587 24780 562 7242 1 0 0 0 0 0 0 1 1 1 0 R 0
1499 37160 19778 571 19800 546 4326 1 0 0 0 0 0 0 1 1 2 0 R 0
