# swapstamp frames 1500 skip 300 peer 472
# f t_ms gap_us swap_us crend_us cswap_us clr_us nclr vcs_r ivcs_r vcs_s ivcs_s minf majf cpu0 cpu1 pticks pcpu pstate ctr
0 0 22830 595 22853 560 8097 1 0 0 0 0 0 0 0 0 0 1 R 0
1 19 19152 589 19185 560 3754 1 0 0 0 0 0 0 0 0 1 1 R 0
2 41 21046 1358 19871 1334 4876 1 0 4 0 0 0 0 0 0 2 1 R 0
3 60 17532 738 17570 684 3412 1 0 0 0 0 0 0 0 0 2 1 R 0
4 80 19670 731 19699 698 3679 1 0 0 0 0 0 0 0 0 2 1 R 0
5 105 24544 604 21093 577 3949 1 0 4 0 0 0 0 0 0 1 1 R 0
6 126 20134 594 20157 569 4312 1 0 0 0 0 0 0 0 0 2 1 R 0
7 145 18272 784 18314 744 3559 1 0 0 0 0 0 0 0 0 2 1 R 0
8 168 22313 586 20979 563 3437 1 0 4 0 0 0 0 0 0 1 1 R 0
9 188 19706 596 19730 571 4377 1 0 0 0 0 0 0 0 0 1 1 R 0
10 209 19836 913 19895 866 4413 1 0 0 0 0 0 0 0 0 1 1 R 0
11 230 20046 679 20076 643 3252 1 0 0 0 0 0 0 0 0 2 1 R 0
12 258 27672 836 22692 776 3774 1 0 6 0 0 0 0 0 0 2 1 R 0
13 300 40853 772 18859 751 27585 1 2 3 0 1 0 0 0 0 2 0 R 1
14 331 30588 1071 18495 1050 4375 1 0 9 0 0 0 0 0 0 1 1 R 0
15 354 21438 721 21485 659 5972 1 0 0 0 0 0 0 0 0 2 1 R 0
16 377 22338 639 21185 599 3224 1 0 4 0 0 0 0 0 0 1 1 R 0
17 397 19396 611 19426 582 4247 1 0 0 0 0 0 0 0 0 2 1 R 0
18 417 19997 705 20026 678 4331 1 0 0 0 0 0 0 0 0 1 1 R 0
19 437 18797 793 18839 753 3690 1 0 0 0 0 0 0 0 0 1 1 R 0
20 459 21280 724 19795 685 5492 1 0 5 0 0 0 0 0 0 2 1 R 0
21 478 18694 731 18746 687 3254 1 0 0 0 0 0 0 0 0 1 1 R 0
22 501 21571 599 20465 573 4599 1 0 1 0 0 0 0 0 0 1 1 R 0
23 524 22520 638 21132 605 3892 1 0 4 0 0 0 0 0 0 2 1 R 0
24 544 19673 1068 19738 1016 3776 1 0 0 0 0 0 0 0 0 1 1 R 0
25 565 19410 799 19072 720 3126 1 0 1 0 0 0 0 0 0 2 1 R 0
26 588 22294 591 21204 546 3118 1 0 4 0 0 0 0 0 0 2 1 R 0
27 608 19582 605 19611 578 4447 1 0 0 0 0 0 0 0 0 1 1 R 0
28 629 20396 607 20427 579 4253 1 0 0 0 0 0 0 0 0 2 1 R 0
29 649 19480 598 19505 570 4162 1 0 0 0 0 0 0 0 0 1 1 R 0
30 674 23982 688 23049 652 8380 1 0 4 0 0 0 0 0 0 1 1 R 0
31 694 19643 759 19671 737 3995 1 0 0 0 0 0 0 0 0 2 1 R 0
32 716 21142 761 20138 692 5609 1 0 1 0 0 0 0 0 0 1 1 R 0
33 738 21777 600 20751 568 4404 1 0 4 0 0 0 0 0 0 1 1 R 0
34 759 19939 795 20018 711 3785 1 0 0 0 0 0 0 0 0 2 1 R 0
35 778 18397 755 18454 712 3344 1 0 0 0 0 0 0 0 0 1 1 R 0
36 801 21740 765 20672 683 4390 1 0 4 0 0 0 0 0 0 1 1 R 0
37 820 19106 605 19141 571 3921 1 0 0 0 0 0 0 0 0 1 1 R 0
38 841 19511 734 19564 691 3833 1 0 0 0 0 0 0 0 0 2 1 R 0
39 859 17445 825 17488 788 3391 1 0 0 0 0 0 0 0 0 2 1 R 0
40 883 23252 574 21647 553 4722 1 0 4 0 0 0 0 0 0 1 1 R 0
41 905 21462 592 20307 566 3860 1 0 1 0 0 0 0 0 0 2 1 R 0
42 925 19633 603 19658 574 4031 1 0 0 0 0 0 0 0 0 1 1 R 0
43 948 22323 597 21185 570 3608 1 0 4 0 0 0 0 0 0 1 1 R 0
44 967 18350 711 18418 644 3620 1 0 0 0 0 0 0 0 0 2 1 R 0
45 989 21399 734 21468 677 6709 1 0 0 0 0 0 0 0 0 2 1 R 0
46 1013 23297 595 22228 572 3994 1 0 4 0 0 0 0 0 0 1 1 R 0
47 1034 20119 599 20141 569 3828 1 0 0 0 0 0 0 0 0 1 1 R 0
48 1058 23577 607 20541 578 3189 1 0 2 0 0 0 0 0 0 2 1 R 0
49 1085 25950 664 22513 631 4401 1 0 5 0 0 0 0 0 0 1 1 R 0
50 1107 21905 588 20863 558 3752 1 0 1 0 0 0 0 0 0 2 1 R 0
51 1127 19666 739 19697 717 4760 1 0 0 0 0 0 0 0 0 1 1 R 0
52 1151 22414 595 20833 567 4261 1 0 4 0 0 0 0 0 0 1 1 R 0
53 1168 17018 841 17081 785 3255 1 0 0 0 0 0 0 0 0 2 1 R 0
54 1189 19470 712 19532 651 5022 1 0 0 0 0 0 0 0 0 2 1 R 0
55 1210 20760 603 20779 576 5215 1 0 0 0 0 0 0 0 0 1 1 R 0
56 1233 22885 581 21870 553 6100 1 0 4 0 0 0 0 0 0 1 1 R 0
57 1253 18654 830 18722 768 3471 1 0 0 0 0 0 0 0 0 1 1 R 0
58 1271 17631 1337 17685 1284 3172 1 0 0 0 0 0 0 0 0 3 1 R 0
59 1296 23968 777 22959 712 4556 1 0 4 0 0 1 0 0 0 1 1 R 0
60 1320 23245 656 21921 633 8590 1 0 1 0 0 0 0 0 0 2 1 R 0
61 1341 19944 961 19967 942 3792 1 0 0 0 0 0 0 0 0 1 1 R 0
62 1367 24897 650 23588 624 4496 1 0 4 0 0 0 0 0 0 2 1 R 0
63 1388 20428 604 20444 579 4344 1 0 0 0 0 0 0 0 0 1 1 R 0
64 1408 19298 598 19323 569 4415 1 0 0 0 0 0 0 0 0 1 1 R 0
65 1431 21985 600 20707 573 4326 1 0 4 0 0 0 0 0 0 1 1 R 0
66 1451 19717 669 19821 565 3381 1 0 0 0 0 0 0 0 0 1 1 R 0
67 1469 17475 697 17541 652 3086 1 0 0 0 0 0 0 0 0 3 1 R 0
68 1489 19079 715 19123 665 3695 1 0 0 0 0 0 0 0 0 2 1 R 0
69 1516 26429 598 23564 567 4172 1 0 6 0 0 0 0 0 0 0 1 R 0
70 1537 20122 593 20154 563 4290 1 0 0 0 0 0 0 0 0 1 1 R 0
71 1557 20012 585 20038 555 4275 1 0 0 0 0 0 0 0 0 2 1 R 0
72 1579 20835 695 20009 662 5224 1 0 4 0 0 0 0 0 0 1 1 R 0
73 1598 18154 717 18205 667 3719 1 0 0 0 0 0 0 0 0 2 1 R 0
74 1619 20671 592 20694 568 4903 1 0 0 0 0 0 0 0 0 1 1 R 0
75 1645 25632 607 24572 582 8800 1 0 4 0 0 0 0 0 0 2 1 R 0
76 1665 19120 895 19174 845 3094 1 0 0 0 0 0 0 0 0 1 1 R 0
77 1683 17076 538 17096 508 3218 1 0 0 0 0 0 0 0 0 1 1 R 0
78 1724 40594 581 18889 554 29855 1 2 1 0 0 0 0 0 0 3 1 R 1
79 1744 19384 772 19417 743 3968 1 0 0 0 0 0 0 0 0 1 1 R 0
80 1764 19339 585 19363 557 3573 1 0 0 0 0 0 0 0 0 2 1 R 0
81 1787 22191 786 21318 748 3186 1 0 4 0 0 0 0 0 0 2 1 R 0
82 1805 17613 731 17656 696 3526 1 0 0 0 0 0 0 0 0 1 1 R 0
83 1826 20284 599 20297 570 4995 1 0 0 0 0 0 0 0 0 2 1 R 0
84 1849 22347 603 20952 578 4310 1 0 4 0 0 0 0 0 0 1 1 R 0
85 1868 17999 730 18055 666 3578 1 0 0 0 0 0 0 0 0 1 1 R 0
86 1887 18214 818 18292 764 3675 1 0 0 0 0 0 0 0 0 2 1 R 0
87 1908 20938 753 19812 712 4557 1 0 1 0 0 0 0 0 0 1 1 R 0
88 1933 23674 579 22600 556 6102 1 0 4 0 0 1 0 0 0 1 1 R 0
89 1953 19250 590 19278 560 3920 1 0 0 0 0 0 0 0 0 1 1 R 0
90 1976 22615 593 22648 558 6271 1 0 0 0 0 0 0 0 0 3 1 R 0
91 1997 20493 724 19542 687 4420 1 0 4 0 0 0 0 0 0 1 1 R 0
92 2017 19531 899 19569 860 3726 1 0 0 0 0 0 0 0 0 1 1 R 0
93 2037 19311 1217 19333 1202 4475 1 0 0 0 0 1 0 0 0 1 1 R 0
94 2061 22696 957 21247 938 4368 1 0 4 0 0 0 0 0 0 2 1 R 0
95 2080 17929 710 17980 664 3713 1 0 0 0 0 0 0 0 0 2 1 R 0
96 2100 18953 728 19000 670 3171 1 0 0 0 0 0 0 0 0 2 1 R 0
97 2121 20332 3708 19433 2556 3463 1 0 1 0 2 0 0 0 0 1 1 R 0
98 2146 21056 590 20279 567 4331 1 0 2 0 0 0 0 0 0 1 1 R 0
99 2166 19872 591 19902 560 3409 1 0 0 0 0 0 0 0 0 2 1 R 0
100 2186 18862 692 18912 649 3745 1 0 0 0 0 0 0 0 0 1 1 R 0
101 2207 20810 694 19699 659 4217 1 0 4 0 0 0 0 0 0 2 1 R 0
102 2228 20505 605 20521 581 4308 1 0 0 0 0 0 0 0 0 2 1 R 0
103 2248 19252 599 19277 577 4335 1 0 0 0 0 0 0 0 0 1 1 R 0
104 2271 22413 1006 21264 985 3860 1 0 4 0 0 0 0 0 0 1 1 R 0
105 2294 21925 799 21947 787 6204 1 0 0 0 0 0 0 0 0 2 1 R 0
106 2316 20756 685 19135 647 3125 1 0 1 0 0 0 0 0 0 1 1 R 0
107 2339 22575 592 21268 562 4436 1 0 4 0 0 0 0 0 0 1 1 R 0
108 2359 19582 602 19611 575 4403 1 0 0 0 0 0 0 0 0 1 1 R 0
109 2379 18757 845 18862 750 3406 1 0 0 0 0 0 0 0 0 2 1 R 0
110 2398 18329 780 18360 739 3677 1 0 0 0 0 0 0 0 0 2 1 R 0
111 2419 20164 734 19334 675 5441 1 0 4 0 0 0 0 0 0 1 1 R 0
112 2440 20522 590 20541 562 3931 1 0 0 0 0 0 0 0 0 2 1 R 0
113 2460 19454 604 19484 581 4026 1 0 0 0 0 0 0 0 0 1 1 R 0
114 2484 23652 584 22519 561 3811 1 0 4 0 0 0 0 0 0 2 1 R 0
115 2503 18447 642 18480 610 3121 1 0 0 0 0 0 0 0 0 1 1 R 0
116 2525 20739 694 19691 635 3357 1 0 1 0 0 0 0 0 0 2 1 R 0
117 2548 22592 594 21519 569 3461 1 0 4 0 0 0 0 0 0 2 1 R 0
118 2569 20684 669 20247 640 5292 1 0 1 0 0 0 0 0 0 1 1 R 0
119 2588 17971 678 18016 650 3689 1 0 0 0 0 0 0 0 0 1 1 R 0
120 2611 22080 2072 22104 1755 6605 1 0 0 0 2 0 0 0 0 2 1 R 0
121 2633 20174 697 19350 658 3061 1 0 2 0 0 0 0 0 0 2 1 R 0
122 2654 20745 589 20770 559 3849 1 0 0 0 0 0 0 0 0 1 1 R 0
123 2675 19655 569 19686 545 3874 1 0 0 0 0 0 0 0 0 1 1 R 0
124 2697 22327 599 21295 567 3793 1 0 4 0 0 0 0 0 0 1 1 R 0
125 2719 20716 595 19063 569 4276 1 0 1 0 0 0 0 0 0 3 1 R 0
126 2739 19748 591 19776 565 4374 1 0 0 0 0 0 0 0 0 0 1 R 0
127 2762 21855 958 20963 599 4590 1 0 4 0 0 0 0 0 0 1 1 R 0
128 2782 19888 576 19902 555 3320 1 0 0 0 0 0 0 0 0 2 1 R 0
129 2801 17849 1583 17956 1513 3284 1 0 0 0 0 0 0 0 0 1 1 R 0
130 2820 17759 700 17758 662 3095 1 0 0 0 0 0 0 0 0 3 1 R 0
131 2844 22883 865 21904 862 4269 1 0 4 0 0 0 0 0 0 0 1 R 0
132 2864 19527 592 19517 566 3817 1 0 0 0 0 0 0 0 0 1 1 R 0
133 2885 19868 847 19911 814 3291 1 0 0 0 0 0 0 0 0 3 1 R 0
134 2908 22185 765 21132 714 3134 1 0 4 0 0 0 0 0 0 1 1 R 0
135 2934 25094 909 24212 838 7791 1 0 1 0 0 0 0 0 0 4 1 R 0
136 2954 19488 595 19521 567 3833 1 0 0 0 0 0 0 0 0 1 1 R 0
137 2976 21612 608 19952 577 3836 1 0 4 0 0 0 0 0 0 0 1 R 0
138 2997 19907 585 19934 558 3672 1 0 0 0 0 0 0 0 0 3 1 R 0
139 3015 17465 707 17507 665 3680 1 0 0 0 0 0 0 0 0 0 1 R 0
140 3038 23097 572 21771 547 4615 1 0 4 0 0 0 0 0 0 2 1 R 0
141 3058 19183 609 19214 582 4182 1 0 0 0 0 0 0 0 0 1 1 R 0
142 3079 20244 600 20272 570 4401 1 0 0 0 0 0 0 0 0 3 1 R 0
143 3098 18131 708 18174 680 3535 1 0 0 0 0 0 0 0 0 1 1 R 0
144 3121 22827 1182 20547 1091 5521 1 0 5 0 0 0 0 0 0 1 1 R 0
145 3140 17128 730 17154 705 3065 1 0 0 0 0 0 0 0 0 2 1 R 0
146 3161 20503 1129 20513 1102 4049 1 0 0 0 0 0 0 0 0 2 1 R 0
147 3185 22515 600 20764 569 3768 1 0 4 0 0 0 0 0 0 1 1 R 0
148 3205 19612 588 19645 556 3301 1 0 0 0 0 0 0 0 0 1 1 R 0
149 3224 18373 824 18434 771 3193 1 0 0 0 0 0 0 0 0 2 1 R 0
150 3249 24756 595 23507 569 6777 1 0 4 0 0 0 0 0 0 1 1 R 0
151 3269 19592 611 19618 586 3851 1 0 0 0 0 0 0 0 0 2 1 R 0
152 3290 19711 725 19738 698 3871 1 0 0 0 0 0 0 0 0 1 1 R 0
153 3309 18574 826 18680 728 3914 1 0 0 0 0 0 0 0 0 2 1 R 0
154 3334 23949 614 21259 579 5762 1 0 4 0 0 0 0 0 0 1 1 R 0
155 3353 18800 928 18916 818 3108 1 0 0 0 0 0 0 0 0 2 1 R 0
156 3374 20157 596 20179 568 3856 1 0 0 0 0 0 0 0 0 1 1 R 0
157 3399 23590 685 22533 659 3624 1 0 4 0 0 0 0 0 0 2 1 R 0
158 3417 18231 857 18271 812 4027 1 0 0 0 0 0 0 0 0 2 1 R 0
159 3438 19715 708 19774 657 5350 1 0 0 0 0 0 0 0 0 1 1 R 0
160 3460 21619 2019 20497 1967 3946 1 0 4 0 0 0 0 0 0 2 1 R 0
161 3481 18598 957 18578 925 3855 1 0 0 0 0 0 0 0 0 1 1 R 0
162 3502 20018 709 20044 686 3998 1 0 0 0 0 0 0 0 0 1 1 R 0
163 3527 24529 753 21879 731 3386 1 0 6 0 0 0 0 0 0 2 1 R 0
164 3548 20355 608 20384 577 4326 1 0 0 0 0 0 0 0 0 1 1 R 0
165 3570 21527 606 21556 577 6934 1 0 0 0 0 0 0 0 0 2 1 R 0
166 3591 20092 1217 20124 1219 3821 1 0 0 0 2 0 0 0 0 1 1 R 0
167 3614 21135 594 19322 566 3184 1 0 2 0 0 0 0 0 0 1 1 R 0
168 3633 18472 811 18503 800 3232 1 0 0 0 0 0 0 0 0 2 1 R 0
169 3653 19443 677 19482 619 3755 1 0 0 0 0 0 0 0 0 1 1 R 0
170 3676 22745 595 21517 562 3513 1 0 4 0 0 0 0 0 0 2 1 R 0
171 3697 19706 603 19737 569 4253 1 0 0 0 0 0 0 0 0 1 1 R 0
172 3720 23044 575 21727 547 4047 1 0 1 0 0 0 0 0 0 2 1 R 0
173 3741 20665 1475 19478 1445 3282 1 0 4 0 0 0 0 0 0 1 1 R 0
174 3764 20606 660 20623 613 3226 1 0 0 0 0 0 0 0 0 2 1 R 0
175 3783 19114 592 19147 563 3858 1 0 0 0 0 0 0 0 0 1 1 R 0
176 3807 22750 713 21758 693 3579 1 0 4 0 0 0 0 0 0 2 1 R 0
177 3825 18113 724 18169 659 3567 1 0 0 0 0 0 0 0 0 2 1 R 0
178 3846 20265 591 20297 559 3620 1 0 0 0 0 0 0 0 0 1 1 R 0
179 3866 19220 644 19268 610 4289 1 0 0 0 0 0 0 0 0 1 1 R 0
180 3892 24609 1086 23487 1061 11744 1 0 4 0 0 0 0 0 0 1 1 R 0
181 3912 19432 647 19458 615 3876 1 0 0 0 0 1 0 0 0 2 1 R 0
182 3935 21967 585 20933 556 3740 1 0 1 0 0 0 0 0 0 1 1 R 0
183 3956 21201 921 20207 878 3097 1 0 4 0 0 0 0 0 0 2 1 R 0
184 3978 20178 711 20183 685 4390 1 0 0 0 0 0 0 0 0 1 1 R 0
185 3998 19858 603 19882 576 4422 1 0 0 0 0 0 0 0 0 1 1 R 0
186 4021 22480 990 20654 970 3942 1 0 4 0 0 1 0 0 0 2 1 R 0
187 4039 16999 804 17048 765 3254 1 0 0 0 0 0 0 0 0 1 1 R 0
188 4059 19448 739 19484 698 4222 1 0 0 0 0 0 0 0 0 2 1 R 0
189 4081 20822 1125 20831 1117 3772 1 0 0 0 2 0 0 0 0 1 1 R 0
190 4104 21899 690 20301 664 3760 1 0 2 0 0 0 0 0 0 2 1 R 0
191 4125 20294 588 19247 563 3034 1 0 1 0 0 0 0 0 0 1 1 R 0
192 4144 18347 955 18385 930 3377 1 0 0 0 0 0 0 0 0 2 1 R 0
193 4168 23051 624 22229 584 3519 1 0 4 0 0 0 0 0 0 2 1 R 0
194 4188 19840 604 19867 573 4282 1 0 0 0 0 0 0 0 0 1 1 R 0
195 4212 23041 1278 23080 1244 7853 1 0 0 0 0 1 0 0 0 1 1 R 0
196 4236 22201 595 21014 574 3731 1 0 4 0 0 0 0 0 0 2 1 R 0
197 4254 18033 839 18093 781 3235 1 0 0 0 0 0 0 0 0 2 1 R 0
198 4275 20051 594 20067 568 4264 1 0 0 0 0 0 0 0 0 1 1 R 0
199 4297 21808 579 21007 555 4063 1 0 4 0 0 0 0 0 0 2 1 R 0
200 4320 21655 593 21074 572 3863 1 0 1 0 0 0 0 0 0 1 1 R 0
201 4339 18649 905 17097 849 3227 1 0 1 0 0 0 0 0 0 2 1 R 0
202 4359 18915 797 18998 729 4314 1 0 0 0 0 0 0 0 0 0 1 R 0
203 4385 25143 651 22960 622 4298 1 0 4 0 0 0 0 0 0 3 1 R 0
204 4406 20294 603 20320 573 3853 1 0 0 0 0 0 0 0 0 1 1 R 0
205 4425 18992 787 19085 704 4245 1 0 0 0 0 0 0 0 0 1 1 R 0
206 4448 22077 760 21282 684 3118 1 0 4 0 0 0 0 0 0 2 1 R 0
207 4466 17233 747 17276 697 3586 1 0 0 0 0 0 0 0 0 2 1 R 0
208 4488 21009 690 21067 638 4789 1 0 0 0 0 0 0 0 0 1 1 R 0
209 4510 21475 595 20117 565 4504 1 0 4 0 0 0 0 0 0 2 1 R 0
210 4535 23968 629 22529 590 6258 1 0 1 0 0 0 0 0 0 1 1 R 0
211 4555 19691 1071 19098 1052 3151 1 0 1 0 0 0 0 0 0 2 1 R 0
212 4577 20712 801 19215 769 3397 1 0 4 0 0 0 0 0 0 2 1 R 0
213 4598 19993 605 20003 577 4043 1 0 0 0 0 0 0 0 0 1 1 R 0
214 4618 20057 569 20083 541 4340 1 0 0 0 0 0 0 0 0 1 1 R 0
215 4637 18028 725 18081 676 3709 1 0 0 0 0 0 0 0 0 2 1 R 0
216 4660 22257 597 21203 568 6608 1 0 4 0 0 0 0 0 0 1 1 R 0
217 4680 19582 602 19612 574 3782 1 0 0 0 0 0 0 0 0 1 1 R 0
218 4700 19778 613 19812 586 3818 1 0 0 0 0 0 0 0 0 1 1 R 0
219 4724 22558 679 21004 640 3942 1 0 4 0 1 0 0 0 0 2 1 R 0
220 4745 20842 634 19757 607 3837 1 0 0 0 0 0 0 0 0 1 1 R 0
221 4764 17943 704 17992 676 3181 1 0 0 0 0 0 0 0 0 2 1 R 0
222 4788 23364 571 22408 553 3382 1 0 4 0 0 0 0 0 0 2 1 R 0
223 4808 19284 632 19323 590 4289 1 0 0 0 0 0 0 0 0 1 1 R 0
224 4828 19524 693 19652 561 4046 1 0 0 0 0 0 0 0 0 1 1 R 0
225 4850 21591 646 21629 618 6756 1 0 0 0 0 0 0 0 0 1 1 R 0
226 4871 20829 1499 19373 1488 3118 1 0 4 0 0 0 0 0 0 2 1 R 0
227 4892 19468 577 19459 556 3992 1 0 0 0 0 0 0 0 0 1 1 R 0
228 4913 20178 600 20204 576 3828 1 0 0 0 0 0 0 0 0 2 1 R 0
229 4938 23983 602 21466 570 3545 1 0 4 0 0 0 0 0 0 1 1 R 0
230 4956 17997 694 18039 654 3571 1 0 0 0 0 0 0 0 0 2 1 R 0
231 4976 19356 728 19421 669 5064 1 0 0 0 0 0 0 0 0 2 1 R 0
232 5000 22970 604 21823 577 4696 1 0 4 0 0 0 0 0 0 1 1 R 0
233 5020 19169 602 19196 572 3835 1 0 0 0 0 0 0 0 0 1 1 R 0
234 5041 20167 576 20197 547 3709 1 0 0 0 0 0 0 0 0 2 1 R 0
235 5059 17539 751 17625 672 3359 1 0 0 0 0 0 0 0 0 1 1 R 0
236 5082 21985 1750 20465 1723 4712 1 0 4 0 0 0 0 0 0 2 1 R 0
237 5102 19069 715 19091 678 3118 1 0 0 0 0 0 0 0 0 1 1 R 0
238 5123 19771 600 19792 574 3846 1 0 0 0 0 0 0 0 0 1 1 R 0
239 5148 24090 585 21751 549 5043 1 0 5 0 0 0 0 0 0 2 1 R 0
240 5169 21088 694 21130 654 6582 1 0 0 0 0 0 0 0 0 2 1 R 0
241 5188 18157 824 18230 754 3265 1 0 0 0 0 0 0 0 0 1 1 R 0
242 5211 22513 945 21509 925 4536 1 0 4 0 0 0 0 0 0 1 1 R 0
243 5231 19163 1056 19184 1028 3928 1 0 0 0 0 0 0 0 0 2 1 R 0
244 5251 18301 1232 18360 1190 3282 1 0 0 0 0 0 0 0 0 1 1 R 0
245 5269 17113 916 17165 854 3297 1 0 0 0 0 0 0 0 0 3 1 R 0
246 5294 23429 591 22130 571 4458 1 0 4 0 0 0 0 0 0 0 1 R 0
247 5314 19898 591 19922 562 3830 1 0 0 0 0 0 0 0 0 2 1 R 0
248 5336 21295 594 20286 569 3850 1 0 1 0 0 0 0 0 0 2 1 R 0
249 5358 21911 588 20675 554 4699 1 0 4 0 0 0 0 0 0 1 1 R 0
250 5377 17937 710 17989 668 3835 1 0 0 0 0 0 0 0 0 2 1 R 0
251 5397 19070 785 19109 731 4011 1 0 0 0 0 0 0 0 0 2 1 R 0
252 5420 22369 610 21314 578 4776 1 0 4 0 0 0 0 0 0 1 1 R 0
253 5439 19012 782 19050 750 3816 1 0 0 0 0 0 0 0 0 2 1 R 0
254 5462 21815 673 21407 641 3905 1 0 1 0 0 0 0 0 0 0 1 R 0
255 5487 23936 707 22686 690 6027 1 0 4 0 0 0 0 0 0 3 1 R 0
256 5508 20513 609 20534 580 4321 1 0 0 0 0 0 0 0 0 1 1 R 0
257 5529 20500 1639 20309 540 5187 1 0 2 0 0 0 0 0 0 1 1 R 0
258 5551 20112 612 20142 593 3870 1 0 0 0 0 0 0 0 0 1 1 R 0
259 5573 21741 767 20325 688 3414 1 0 4 0 0 0 0 0 0 3 1 R 0
260 5591 17582 1467 17650 1421 3449 1 0 0 0 0 0 0 0 0 1 1 R 0
261 5612 19330 712 19379 647 3225 1 0 0 0 0 0 0 0 0 1 1 R 0
262 5636 23116 593 21904 566 3829 1 0 4 0 0 0 0 0 0 2 1 R 0
263 5657 20702 583 19616 552 3852 1 0 1 0 0 0 0 0 0 1 1 R 0
264 5676 18107 689 18147 667 3690 1 0 0 0 0 0 0 0 0 2 1 R 0
265 5699 22259 850 20825 752 4506 1 0 4 0 0 0 0 0 0 2 1 R 0
266 5719 19424 593 19449 564 3280 1 0 0 0 0 0 0 0 0 1 1 R 0
267 5741 20827 608 19449 577 3847 1 0 1 0 0 0 0 0 0 1 1 R 0
268 5760 18880 1046 18925 1013 3341 1 0 0 0 0 0 0 0 0 1 1 R 0
269 5784 22350 659 21353 638 4152 1 0 4 0 0 0 0 0 0 1 1 R 0
270 5807 22390 598 22414 566 7912 1 0 0 0 0 0 0 0 0 2 1 R 0
271 5826 19113 590 19146 564 4330 1 0 0 0 0 0 0 0 0 1 1 R 0
272 5849 22376 669 21281 642 6127 1 0 4 0 0 0 0 0 0 2 1 R 0
273 5868 18405 791 18503 696 3651 1 0 0 0 0 0 0 0 0 1 1 R 0
274 5888 18864 798 18906 755 3106 1 0 0 0 0 1 0 0 0 1 1 R 0
275 5912 23223 568 21641 547 4227 1 0 4 0 0 0 0 0 0 2 1 R 0
276 5933 20755 568 19893 550 3850 1 0 1 0 0 0 0 0 0 1 1 R 0
277 5954 19641 578 19668 553 3543 1 0 0 0 0 0 0 0 0 1 1 R 0
278 5977 22560 817 21281 800 3593 1 0 4 0 0 0 0 0 0 3 1 R 0
279 5996 18277 696 18306 652 3711 1 0 0 0 0 0 0 0 0 2 1 R 0
280 6015 18277 683 18318 648 3695 1 0 0 0 0 0 0 0 0 0 1 R 0
281 6036 20430 608 20452 574 4824 1 0 0 0 0 0 0 0 0 2 1 R 0
282 6058 21706 623 20712 567 5436 1 0 4 0 0 0 0 0 0 2 1 R 0
283 6076 17556 695 17600 652 3679 1 0 0 0 0 0 0 0 0 1 1 R 0
284 6096 19106 794 19164 736 3675 1 0 0 0 0 0 0 0 0 1 1 R 0
285 6122 25375 585 23973 558 7084 1 0 4 0 0 0 0 0 0 2 1 R 0
286 6145 22302 884 20520 841 4101 1 0 1 0 0 0 0 0 0 2 1 R 0
287 6166 19442 583 19471 561 4339 1 0 0 0 0 0 0 0 0 2 1 R 0
288 6189 22274 582 21155 554 3330 1 0 4 0 0 0 0 0 0 1 1 R 0
289 6208 19071 615 19102 585 4451 1 0 0 0 0 0 0 0 0 1 1 R 0
290 6229 20028 745 20113 661 3628 1 0 0 0 0 0 0 0 0 2 1 R 0
291 6249 19129 603 19159 571 4277 1 0 0 0 0 0 0 0 0 1 1 R 0
292 6271 21502 736 20344 671 5779 1 0 4 0 0 0 0 0 0 1 1 R 0
293 6289 17522 715 17582 658 3214 1 0 0 0 0 0 0 0 0 2 1 R 0
294 6309 19341 788 19392 761 3908 1 0 0 0 0 0 0 0 0 2 1 R 0
295 6334 23629 580 22458 557 3979 1 0 4 0 0 0 0 0 0 0 1 R 0
296 6355 21097 606 19630 575 3795 1 0 1 0 0 0 0 0 0 2 1 R 0
297 6377 21105 1353 21151 1313 4642 1 0 0 0 0 1 0 0 0 2 1 R 0
298 6400 21588 761 20381 724 3781 1 0 4 0 0 0 0 0 0 2 1 R 0
299 6419 18577 864 18608 827 3127 1 0 0 0 0 0 0 0 0 2 1 R 0
300 6445 24457 585 24479 563 8141 1 0 0 0 0 0 0 0 0 0 1 R 0
301 6467 21814 680 20558 637 3852 1 0 4 0 0 0 0 0 0 2 1 R 0
302 6487 19704 594 19721 568 3918 1 0 0 0 0 0 0 0 0 2 1 R 0
303 6506 18022 702 18066 667 3647 1 0 0 0 0 0 0 0 0 2 1 R 0
304 6529 22167 600 22182 570 4488 1 0 0 0 0 0 0 0 0 1 1 R 0
305 6551 21883 2383 19681 1741 8005 1 0 5 0 1 0 0 0 0 1 1 R 0
306 6574 20145 638 20158 611 3722 1 0 0 0 0 0 0 0 0 2 1 R 0
307 6593 18792 697 18838 651 3792 1 0 0 0 0 0 0 0 0 1 1 R 0
308 6617 22822 601 21880 575 3135 1 0 4 0 0 0 0 0 0 2 1 R 0
309 6636 18792 744 18859 694 3731 1 0 0 0 0 0 0 0 0 1 1 R 0
310 6658 20628 603 20638 570 4401 1 0 0 0 0 0 0 0 0 1 1 R 0
311 6680 21733 723 20360 691 4368 1 0 4 0 0 0 0 0 0 2 1 R 0
312 6703 22757 1418 20680 879 3312 1 0 2 0 0 0 0 0 0 1 1 R 0
313 6723 18701 725 18576 674 3116 1 0 0 0 0 0 0 0 0 2 1 R 0
314 6749 25013 599 23130 572 4723 1 0 5 0 0 1 0 0 0 1 1 R 0
315 6773 23340 588 23368 556 7177 1 0 0 0 0 0 0 0 0 2 1 R 0
316 6793 19269 965 19367 897 3719 1 0 0 0 0 0 0 0 0 1 1 R 0
317 6811 17525 3600 17537 2316 3146 1 0 1 0 3 0 0 0 0 2 1 R 0
318 6836 20856 588 20388 563 3510 1 0 0 0 0 0 0 0 0 1 1 R 0
319 6856 19612 599 19639 569 4281 1 0 0 0 0 0 0 0 0 1 1 R 0
320 6876 19672 596 19698 567 3964 1 0 0 0 0 0 0 0 0 1 1 R 0
321 6899 21978 585 21062 557 4238 1 0 4 0 0 0 0 0 0 2 1 R 0
322 6918 18031 778 18077 736 3535 1 0 0 0 0 0 0 0 0 1 1 R 0
323 6939 20161 1421 20199 531 4763 1 0 1 0 0 0 0 0 0 1 1 R 0
324 6963 22744 716 21573 670 4058 1 0 4 0 0 0 0 0 0 2 1 R 0
325 6984 20214 573 20242 542 3854 1 0 0 0 0 0 0 0 0 1 1 R 0
326 7003 18886 678 18933 638 3113 1 0 0 0 0 0 0 0 0 2 1 R 0
327 7021 17462 4171 17507 3176 3145 1 0 0 0 4 0 0 0 0 2 1 R 0
328 7047 21183 813 20326 733 4362 1 0 0 0 0 0 0 0 0 1 1 R 0
329 7067 19822 696 19882 638 4324 1 0 0 0 0 0 0 0 0 1 1 R 0
330 7090 22316 725 22354 690 7222 1 0 0 0 0 0 0 0 0 2 1 R 0
331 7112 21392 759 20390 694 3853 1 0 4 0 0 0 0 0 0 1 1 R 0
332 7131 18329 1489 18363 1469 3094 1 0 0 0 0 0 0 0 0 2 1 R 0
333 7154 20709 594 19641 566 3772 1 0 1 0 0 0 0 0 0 1 1 R 0
334 7176 21660 702 20183 667 3804 1 0 4 0 0 0 0 0 0 1 1 R 0
335 7197 20111 882 20168 818 3677 1 0 0 0 0 0 0 0 0 2 1 R 0
336 7215 17544 707 17609 657 3598 1 0 0 0 0 0 0 0 0 1 1 R 0
337 7239 22727 673 21672 602 4485 1 0 4 0 0 0 0 0 0 2 1 R 0
338 7259 20120 595 20154 561 4572 1 0 0 0 0 0 0 0 0 1 1 R 0
339 7279 19324 587 19356 551 3843 1 0 0 0 0 0 0 0 0 2 1 R 0
340 7299 19373 702 19427 654 3379 1 0 0 0 0 0 0 0 0 1 1 R 0
341 7320 20377 677 19199 632 3057 1 0 4 0 0 0 0 0 0 2 1 R 0
342 7339 18352 703 18389 666 3209 1 0 0 0 0 0 0 0 0 2 1 R 0
343 7363 22785 581 20214 550 3659 1 0 1 0 0 0 0 0 0 1 1 R 0
344 7387 23258 607 21500 568 3888 1 0 4 0 0 0 0 0 0 2 1 R 0
345 7409 21880 1011 21926 978 7406 1 0 0 0 0 0 0 0 0 2 1 R 0
346 7429 18552 765 18617 699 3289 1 0 0 0 0 0 0 0 0 1 1 R 0
347 7453 23889 593 22562 565 5716 1 0 4 0 0 0 0 0 0 1 1 R 0
348 7474 19654 855 19682 831 3840 1 0 0 0 0 0 0 0 0 2 1 R 0
349 7494 19310 582 19332 718 3864 1 0 0 0 0 0 0 0 0 1 1 R 0
350 7517 22582 608 20643 546 3040 1 0 4 0 0 0 0 0 0 2 1 R 0
351 7536 17985 803 18064 725 3600 1 0 0 0 0 0 0 0 0 1 1 R 0
352 7559 22324 602 21351 570 6773 1 0 1 0 0 0 0 0 0 2 1 R 0
353 7579 20002 597 20034 564 4170 1 0 0 0 0 0 0 0 0 1 1 R 0
354 7601 21542 1240 20578 1221 5788 1 0 4 0 0 0 0 0 0 2 1 R 0
355 7620 17489 700 17536 655 3138 1 0 0 0 0 0 0 0 0 1 1 R 0
356 7640 19366 735 19403 705 3645 1 0 0 0 0 0 0 0 0 2 1 R 0
357 7664 22804 598 21682 566 3471 1 0 4 0 0 0 0 0 0 1 1 R 0
358 7685 20489 630 20524 602 3897 1 0 0 0 0 0 0 0 0 2 1 R 0
359 7704 18885 833 18919 797 3233 1 0 0 0 0 0 0 0 0 1 1 R 0
360 7730 24806 595 23375 562 6729 1 0 4 0 0 0 0 0 0 2 1 R 0
361 7751 20832 1060 19227 990 3211 1 0 1 0 0 0 0 0 0 1 1 R 0
362 7773 20269 573 20285 547 3870 1 0 0 0 0 0 0 0 0 2 1 R 0
363 7793 19809 2136 19838 1261 4056 1 0 1 0 3 0 0 0 0 1 1 R 0
364 7815 19882 708 19957 621 3604 1 0 0 0 0 0 0 0 0 1 1 R 0
365 7834 18382 689 18423 648 3173 1 0 0 0 0 0 0 0 0 2 1 R 0
366 7856 20808 853 20862 802 3660 1 0 0 0 0 0 0 0 0 1 1 R 0
367 7878 21591 602 20500 573 4852 1 0 4 0 0 1 0 0 0 2 1 R 0
368 7899 20127 583 20159 552 4224 1 0 0 0 0 0 0 0 0 1 1 R 0
369 7918 18474 731 18534 679 4055 1 0 0 0 0 0 0 0 0 2 1 R 0
370 7940 21117 798 20021 731 3594 1 0 4 0 0 0 0 0 0 1 1 R 0
371 7960 19657 725 18756 692 4704 1 0 1 0 0 0 0 0 0 2 1 R 0
372 7982 21347 628 21363 596 3791 1 0 0 0 0 0 0 0 0 2 1 R 0
373 8003 19998 1928 20030 1192 3401 1 0 1 0 3 0 0 0 0 1 1 R 0
374 8025 20160 819 19887 732 3134 1 0 0 0 0 0 0 0 0 1 1 R 0
375 8047 21493 893 21544 846 6325 1 0 0 0 0 0 0 0 0 2 1 R 0
376 8068 20006 592 20029 559 4327 1 0 0 0 0 0 0 0 0 1 1 R 0
377 8091 21760 603 20580 570 6696 1 0 4 0 0 0 0 0 0 2 1 R 0
378 8110 19065 729 19113 1131 4067 1 0 0 0 0 0 0 0 0 1 1 R 0
379 8129 18244 893 17853 846 3160 1 0 0 0 0 0 0 0 0 2 1 R 0
380 8155 24935 718 22489 688 3232 1 0 5 0 0 0 0 0 0 2 1 R 0
381 8175 19241 591 19273 559 4401 1 0 0 0 0 0 0 0 0 1 1 R 0
382 8196 20665 591 20697 562 4105 1 0 0 0 0 0 0 0 0 1 1 R 0
383 8218 21377 581 20397 558 3974 1 0 4 0 0 0 0 0 0 1 1 R 0
384 8237 18044 809 18085 783 3591 1 0 0 0 0 0 0 0 0 2 1 R 0
385 8256 18534 697 18569 656 4278 1 0 0 0 0 0 0 0 0 1 1 R 0
386 8278 21147 593 21158 569 5325 1 0 0 0 0 0 0 0 0 2 1 R 0
387 8300 20911 619 19734 586 6239 1 0 4 0 0 0 0 0 0 1 1 R 0
388 8319 18718 872 18781 818 3323 1 0 0 0 0 0 0 0 0 1 1 R 0
389 8338 17750 729 17805 669 3043 1 0 0 0 0 0 0 0 0 2 1 R 0
390 8366 27657 591 25688 568 7417 1 0 5 0 0 0 0 0 0 2 1 R 0
391 8387 20071 598 20096 569 4181 1 0 0 0 0 0 0 0 0 2 1 R 0
392 8407 19784 601 19814 571 4276 1 0 0 0 0 0 0 0 0 1 1 R 0
393 8434 25846 817 22439 731 3798 1 0 5 0 0 0 0 0 0 2 1 R 1
394 8466 32081 7312 21157 1405 6620 1 0 6 0 1 0 0 0 0 1 0 R 1
395 8523 48975 2752 21468 913 27866 1 2 4 0 1 0 0 0 0 3 0 R 1
396 8556 30705 1116 22973 993 2256 1 0 2 0 0 0 0 1 1 0 0 R 0
397 8578 20756 597 20790 566 4140 1 0 0 0 0 0 0 1 1 2 0 R 0
398 8598 19198 594 19229 561 4236 1 0 0 0 0 0 0 1 1 1 0 R 0
399 8624 25555 1112 25328 991 7321 1 0 1 0 0 0 0 1 1 1 0 R 0
400 8656 31159 2684 31283 2694 7217 1 0 0 0 0 1 0 1 1 1 0 R 0
401 8679 20482 612 20380 582 4083 1 0 0 0 0 0 0 1 1 1 0 R 0
402 8700 20060 596 20093 562 3886 1 0 0 0 0 0 0 1 1 1 0 R 0
403 8730 29703 1202 29478 1751 4751 1 0 1 0 0 0 0 1 1 2 0 R 0
404 8764 32240 1156 31034 1255 9257 1 0 1 0 0 0 0 1 1 1 0 R 0
405 8791 25536 608 25348 574 12371 1 0 0 0 0 0 0 1 1 1 0 R 0
406 8813 21646 598 21680 568 3788 1 0 0 0 0 0 0 1 1 1 0 R 0
407 8839 25811 1182 25841 1273 6985 1 0 0 0 0 0 0 1 1 1 0 R 0
408 8871 30692 1934 30602 1997 5881 1 0 0 0 0 0 0 1 1 1 0 R 0
409 8894 20996 742 20961 690 5372 1 0 0 0 0 0 0 1 1 2 0 R 0
410 8916 21296 612 21320 580 3751 1 0 0 0 0 0 0 1 1 1 0 R 0
411 8943 26761 606 26787 580 6806 1 0 0 0 0 0 0 1 1 1 0 R 0
412 8964 20364 591 20395 560 3722 1 0 0 0 0 0 0 1 1 1 0 R 0
413 8986 21469 688 21532 636 3800 1 0 0 0 0 0 0 1 1 1 0 R 0
414 9007 20373 600 20393 570 4386 1 0 0 0 0 0 0 1 1 2 0 R 0
415 9031 23213 977 23253 943 5940 1 0 0 0 0 0 0 1 1 1 0 R 0
416 9060 27336 993 27458 1165 3806 1 0 0 0 0 0 0 1 1 1 0 R 0
417 9084 22982 602 22710 572 6714 1 0 0 0 0 0 0 1 1 2 0 R 0
418 9104 19597 584 19626 555 3779 1 0 0 0 0 0 0 1 1 1 0 R 0
419 9129 24368 1033 24406 1101 3753 1 0 0 0 0 0 0 1 1 1 0 R 0
420 9163 32720 877 32639 964 12771 1 0 0 0 0 0 0 1 1 1 0 R 0
421 9186 22495 616 22419 585 7559 1 0 0 0 0 0 0 1 1 1 0 R 0
422 9207 20496 604 20524 573 4240 1 0 0 0 0 0 0 1 1 1 0 R 0
423 9231 23160 1823 23330 1671 4176 1 0 0 0 0 0 0 1 1 1 0 R 0
424 9260 27621 1006 27642 968 5479 1 0 0 0 0 0 0 1 1 2 0 R 0
425 9290 28461 909 28574 800 5970 1 0 0 0 0 0 0 1 1 1 0 R 0
426 9310 19664 597 19690 569 4086 1 0 0 0 0 0 0 1 1 1 0 R 0
427 9336 25570 622 25603 588 3672 1 0 0 0 0 0 0 1 1 1 0 R 0
428 9369 31905 1010 32055 860 7142 1 0 0 0 0 0 0 1 1 1 0 R 0
429 9392 22302 602 22322 580 6572 1 0 0 0 0 0 0 1 1 1 0 R 0
430 9413 20379 593 20409 562 3770 1 0 0 0 0 0 0 1 1 2 0 R 0
431 9438 23806 596 23840 566 3791 1 0 0 0 0 0 0 1 1 1 0 R 0
432 9467 28768 1026 28796 1005 6936 1 0 0 0 0 0 0 1 1 1 0 R 0
433 9496 28085 643 28108 617 6716 1 0 0 0 0 0 0 1 1 1 0 R 0
434 9517 20652 604 20212 575 4539 1 0 1 0 0 0 0 1 1 1 0 R 0
435 9547 29285 1327 29570 1052 10909 1 0 0 0 0 0 0 1 1 2 0 R 0
436 9578 29465 1014 29484 991 6754 1 0 0 0 0 0 0 1 1 1 0 R 0
437 9600 20767 707 20791 679 4404 1 0 0 0 0 0 0 1 1 1 0 R 0
438 9620 19523 588 19549 559 3793 1 0 0 0 0 0 0 1 1 1 0 R 0
439 9645 24302 821 24333 909 5727 1 0 0 0 0 0 0 1 1 1 0 R 0
440 9676 29993 988 29902 966 7677 1 0 0 0 0 0 0 1 1 1 0 R 0
441 9700 23145 606 23166 574 6360 1 0 0 0 0 1 0 1 1 1 0 R 0
442 9720 19683 610 19717 579 3819 1 0 0 0 0 0 0 1 1 2 0 R 0
443 9746 25067 620 25102 587 4648 1 0 0 0 0 0 0 1 1 1 0 R 0
444 9775 28805 992 28930 861 5447 1 0 0 0 0 0 0 1 1 1 0 R 0
445 9803 27072 606 27103 580 7258 1 0 0 0 0 0 0 1 1 1 0 R 0
446 9825 20618 596 20641 567 4065 1 0 0 0 0 0 0 1 1 1 0 R 0
447 9850 24283 782 24321 758 6128 1 0 0 0 0 0 0 1 1 2 0 R 0
448 9879 29026 1003 29048 975 6412 1 0 0 0 0 0 0 1 1 1 0 R 0
449 9904 23622 602 23644 573 6551 1 0 0 0 0 0 0 1 1 1 0 R 0
450 9927 22345 606 22376 577 7908 1 0 0 0 0 0 0 1 1 1 0 R 0
451 9951 23396 611 23426 582 5431 1 0 0 0 0 0 0 1 1 1 0 R 0
452 9983 31497 988 31523 969 6154 1 0 0 0 0 0 0 1 1 1 0 R 0
453 10009 25429 606 25453 573 7191 1 0 0 0 0 0 0 1 1 1 0 R 0
454 10030 20093 591 20122 563 3711 1 0 0 0 0 0 0 1 1 2 0 R 0
455 10055 24154 856 24186 823 5484 1 0 0 0 0 0 0 1 1 2 0 R 0
456 10085 29345 986 29375 961 5813 1 0 0 0 0 0 0 1 1 1 0 R 0
457 10108 21722 651 21748 617 5144 1 0 0 0 0 0 0 1 1 0 0 R 0
458 10128 19435 696 19480 661 4235 1 0 0 0 0 0 0 1 1 2 0 R 0
459 10153 24579 991 24599 961 4347 1 0 0 0 0 0 0 1 1 1 0 R 0
460 10184 30282 1218 30312 1327 5199 1 0 0 0 0 0 0 1 1 1 0 R 0
461 10208 22430 940 22329 903 7790 1 0 0 0 0 1 0 1 1 1 0 R 0
462 10228 19101 597 19132 567 4123 1 0 0 0 0 0 0 1 1 1 0 R 0
463 10250 21694 986 21727 961 4153 1 0 0 0 0 0 0 1 1 1 0 R 0
464 10281 29217 1522 29242 1517 4193 1 0 0 0 0 0 0 1 1 2 0 R 0
465 10314 31463 783 31489 731 13120 1 0 0 0 0 0 0 1 1 1 0 R 0
466 10336 21770 608 21798 583 5084 1 0 0 0 0 0 0 1 1 1 0 R 0
467 10361 24228 1014 24274 1182 5629 1 0 0 0 0 0 0 1 1 1 0 R 0
468 10390 27844 780 27652 756 6273 1 0 0 0 0 0 0 1 1 2 0 R 0
469 10418 27283 598 27310 566 6483 1 0 0 0 0 0 0 1 1 1 0 R 0
470 10439 20400 610 20433 576 4531 1 0 0 0 0 0 0 1 1 1 0 R 0
471 10464 24604 1231 24638 1202 5853 1 0 0 0 0 0 0 1 1 1 0 R 0
472 10488 22667 940 21950 913 8814 1 0 1 0 0 0 0 1 1 1 0 R 0
473 10510 20801 1265 20851 1211 4370 1 0 0 0 0 0 0 1 1 2 0 R 0
474 10537 26087 797 26148 739 6060 1 0 0 0 0 0 0 1 1 2 0 R 0
475 10566 27749 796 27789 757 4318 1 0 0 0 0 0 0 1 1 3 0 R 0
476 10596 29093 1003 29109 983 7077 1 0 0 0 0 0 0 1 1 2 0 R 0
477 10619 22080 615 22107 580 5678 1 0 0 0 0 0 0 1 1 1 0 R 0
478 10638 19113 591 19139 564 4226 1 0 0 0 0 0 0 1 1 1 0 R 0
479 10661 21654 1740 21792 1639 4612 1 0 0 0 0 0 0 1 1 1 0 R 0
480 10707 44540 1708 44668 1551 12440 1 0 0 0 0 0 0 1 1 4 0 R 0
481 10731 22724 1129 22748 1111 7667 1 0 0 0 0 0 0 1 1 2 0 R 0
482 10754 21195 963 21296 857 3687 1 0 0 0 0 0 0 1 1 1 0 R 0
483 10780 25147 1045 25171 1023 3806 1 0 0 0 0 0 0 1 1 1 0 R 0
484 10810 29062 1115 29179 1002 6518 1 0 0 0 0 0 0 1 1 1 0 R 0
485 10835 23561 608 23576 581 6870 1 0 0 0 0 0 0 1 1 1 0 R 0
486 10857 22040 603 22071 570 3806 1 0 0 0 0 0 0 1 1 2 0 R 0
487 10885 27529 1002 27564 973 4910 1 0 0 0 0 0 0 1 1 1 0 R 0
488 10906 19706 584 19732 553 4241 1 0 0 0 0 0 0 1 1 1 0 R 0
489 10928 21097 915 21205 812 4332 1 0 0 0 0 0 0 1 1 1 0 R 0
490 10949 20616 602 20638 575 4493 1 0 0 0 0 0 0 1 1 1 0 R 0
491 10976 25771 616 25805 578 4759 1 0 0 0 0 0 0 1 1 1 0 R 0
492 11006 30103 1005 30134 1000 6457 1 0 0 0 0 0 0 1 1 1 0 R 0
493 11030 23039 626 23047 591 6286 1 0 0 0 0 0 0 1 1 2 0 R 0
494 11050 19267 633 19299 606 3789 1 0 0 0 0 0 0 1 1 1 0 R 0
495 11078 27238 611 27264 578 10523 1 0 0 0 0 0 0 1 1 1 0 R 0
496 11109 30294 1006 30325 985 5810 1 0 0 0 0 0 0 1 1 1 0 R 0
497 11136 26121 610 26146 575 6594 1 0 0 0 0 0 0 1 1 2 0 R 0
498 11158 21115 644 21151 615 4548 1 0 0 0 0 0 0 1 1 1 0 R 0
499 11181 22697 1518 22727 1496 6156 1 0 0 0 0 0 0 1 1 1 0 R 0
500 11211 28704 1707 29402 1117 7408 1 0 0 0 0 0 0 1 1 1 0 R 0
501 11239 25658 612 25576 575 7827 1 0 0 0 0 0 0 1 1 1 0 R 0
502 11259 19814 1214 19845 1195 4656 1 0 0 0 0 1 0 1 1 1 0 R 0
503 11285 24708 1003 24734 973 4765 1 0 0 0 0 0 0 1 1 2 0 R 0
504 11310 23409 605 23436 573 5733 1 0 0 0 0 0 0 1 1 1 0 R 0
505 11329 18624 645 18659 607 3738 1 0 0 0 0 0 0 1 1 1 0 R 0
506 11353 23075 593 23102 569 5768 1 0 0 0 0 0 0 1 1 1 0 R 0
507 11376 22452 1269 22483 1239 3798 1 0 0 0 0 0 0 1 1 2 0 R 0
508 11407 29715 1014 29744 987 4695 1 0 0 0 0 0 0 1 1 1 0 R 0
509 11433 25575 705 25611 665 6892 1 0 0 0 0 0 0 1 1 1 0 R 0
510 11456 22616 612 22644 581 8209 1 0 0 0 0 0 0 1 1 1 0 R 0
511 11477 20150 997 20183 971 4197 1 0 0 0 0 0 0 1 1 1 0 R 0
512 11508 29599 1213 29627 1191 6042 1 0 0 0 0 0 0 1 1 2 0 R 0
513 11540 30990 740 30089 700 8439 1 0 1 0 0 0 0 1 1 1 0 R 0
514 11563 22300 616 22331 586 3711 1 0 0 0 0 0 0 1 1 1 0 R 0
515 11589 24901 612 24934 584 3879 1 0 0 0 0 0 0 1 1 1 0 R 0
516 11616 26552 1000 26578 974 4890 1 0 0 0 0 0 0 1 1 2 0 R 0
517 11640 23247 613 23277 573 7267 1 0 0 0 0 0 0 1 1 1 0 R 0
518 11660 19763 625 19798 601 3715 1 0 0 0 0 0 0 1 1 1 0 R 0
519 11682 20533 1517 21060 995 3774 1 0 0 0 0 0 0 1 1 1 0 R 0
520 11712 29344 1198 29357 1182 6674 1 0 0 0 0 0 0 1 1 2 0 R 0
521 11739 25300 807 25327 777 6932 1 0 0 0 0 0 0 1 1 1 0 R 0
522 11759 19630 680 19672 652 4648 1 0 0 0 0 0 0 1 1 1 0 R 0
523 11783 22732 707 22092 661 4210 1 0 1 0 0 0 0 1 1 1 0 R 0
524 11814 30085 1016 30111 1006 6456 1 0 0 0 0 0 0 1 1 2 0 R 0
525 11843 28294 601 28306 576 13429 1 0 0 0 0 0 0 1 1 1 0 R 0
526 11864 20119 621 20141 601 4141 1 0 0 0 0 0 0 1 1 1 0 R 0
527 11885 21142 613 21176 575 3798 1 0 0 0 0 0 0 1 1 1 0 R 0
528 11916 29903 985 29709 969 6832 1 0 1 0 0 0 0 1 1 1 0 R 0
529 11944 26863 834 26792 803 6105 1 0 0 0 0 0 0 1 1 1 0 R 0
530 11964 19634 1014 19659 982 4125 1 0 0 0 0 0 0 1 1 1 0 R 0
531 11986 20931 600 20967 571 3871 1 0 0 0 0 0 0 1 1 2 0 R 0
532 12014 27664 1219 27687 1304 6231 1 0 0 0 0 0 0 1 1 1 0 R 0
533 12043 27606 766 27569 696 7162 1 0 0 0 0 0 0 1 1 1 0 R 0
534 12065 20789 688 20826 642 4008 1 0 0 0 0 0 0 1 1 1 0 R 0
535 12086 20733 688 20769 657 3785 1 0 0 0 0 0 0 1 1 1 0 R 0
536 12114 26960 984 27089 854 4627 1 0 0 0 0 0 0 1 1 2 0 R 0
537 12145 30010 619 30049 581 7228 1 0 0 0 0 0 0 1 1 1 0 R 0
538 12166 20200 636 20232 602 4022 1 0 0 0 0 0 0 1 1 1 0 R 0
539 12187 20987 1027 21138 879 4370 1 0 0 0 0 0 0 1 1 1 0 R 0
540 12219 30774 1023 30803 995 10676 1 0 0 0 0 0 0 1 1 1 0 R 0
541 12250 29499 1007 29623 990 6136 1 0 0 0 0 0 0 1 1 1 0 R 0
542 12274 23048 644 22970 608 5851 1 0 0 0 0 0 0 1 1 1 0 R 0
543 12295 21008 591 21042 560 3757 1 0 0 0 0 0 0 1 1 1 0 R 0
544 12324 28539 1504 29058 998 6847 1 0 0 0 0 0 0 1 1 2 0 R 0
545 12355 29088 953 29194 929 7162 1 0 0 0 0 0 0 1 1 1 0 R 0
546 12378 21698 681 21633 650 5050 1 0 0 0 0 0 0 1 1 1 0 R 0
547 12400 21298 1184 21334 1152 4306 1 0 0 0 0 0 0 1 1 1 0 R 0
548 12443 42077 1018 29524 984 4632 1 0 2 0 0 0 0 1 1 2 0 R 0
549 12490 46499 710 28197 664 3557 1 3 1 0 0 50 0 1 1 1 0 R 0
550 12518 27061 978 27090 948 4074 1 0 0 0 0 22 0 1 1 1 0 R 0
551 12549 29402 1367 29784 988 6052 1 0 0 0 0 0 0 1 1 2 0 R 0
552 12571 21129 979 21176 937 3720 1 0 0 0 0 0 0 1 1 0 0 R 0
553 12591 18734 600 18754 570 3885 1 0 0 0 0 0 0 1 1 2 0 R 0
554 12616 24588 1010 24618 988 5823 1 0 0 0 0 1 0 1 1 1 0 R 0
555 12651 33677 1696 33791 1687 14283 1 0 0 0 0 0 0 1 1 1 0 R 0
556 12676 23985 606 23898 570 7863 1 0 0 0 0 0 0 1 1 2 0 R 0
557 12699 21951 1031 21986 1008 4193 1 0 0 0 0 0 0 1 1 1 0 R 0
558 12725 25328 977 25354 948 4046 1 0 0 0 0 0 0 1 1 1 0 R 0
559 12755 28778 1100 28889 990 7329 1 0 0 0 0 0 0 1 1 1 0 R 0
560 12781 25092 1096 25119 1142 6515 1 0 0 0 0 0 0 1 1 1 0 R 0
561 12803 20835 596 20785 569 3747 1 0 0 0 0 0 0 1 1 1 0 R 0
562 12830 26397 1145 26523 1030 4732 1 0 0 0 0 0 0 1 1 1 0 R 0
563 12851 19276 588 19294 557 3849 1 0 0 0 0 0 0 1 1 1 0 R 0
564 12874 22327 781 22356 754 3775 1 0 0 0 0 0 0 1 1 2 0 R 0
565 12894 20165 664 20211 617 3738 1 0 0 0 0 0 0 1 1 1 0 R 0
566 12919 24138 596 24171 567 3789 1 0 0 0 0 0 0 1 1 1 0 R 0
567 12948 27920 989 27947 960 5258 1 0 0 0 0 0 0 1 1 1 0 R 0
568 12978 29338 606 29367 575 6639 1 0 0 0 0 0 0 1 1 2 0 R 0
569 12999 20179 610 20209 581 4796 1 0 0 0 0 1 0 1 1 1 0 R 0
570 13027 27430 1098 27554 971 11351 1 0 0 0 0 0 0 1 1 1 0 R 0
571 13058 30045 1111 30173 994 7148 1 0 0 0 0 0 0 1 1 1 0 R 0
572 13081 21711 614 21735 580 4816 1 0 0 0 0 0 0 1 1 1 0 R 0
573 13100 18930 643 18965 611 3833 1 0 0 0 0 0 0 1 1 1 0 R 0
574 13126 25297 800 25329 769 5058 1 0 0 0 0 0 0 1 1 2 0 R 0
575 13157 30179 1003 30212 970 7688 1 0 0 0 0 0 0 1 1 1 0 R 0
576 13185 26792 863 26819 833 7722 1 0 0 0 0 0 0 1 1 1 0 R 0
577 13206 19827 627 19855 598 4119 1 0 0 0 0 0 0 1 1 1 0 R 0
578 13230 23387 1200 23420 1191 5690 1 0 0 0 0 0 0 1 1 2 0 R 0
579 13250 18983 586 18988 556 3814 1 0 0 0 0 0 0 1 1 1 0 R 0
580 13271 19915 587 19947 555 3756 1 0 0 0 0 0 0 1 1 1 0 R 0
581 13293 21454 593 21479 569 4859 1 0 0 0 0 0 0 1 1 1 0 R 0
582 13315 21877 613 21905 589 3683 1 0 0 0 0 0 0 1 1 1 0 R 0
583 13339 23340 609 23367 580 5506 1 0 0 0 0 0 0 1 1 2 0 R 0
584 13359 19824 609 19854 577 4745 1 0 0 0 0 0 0 1 1 1 0 R 0
585 13387 26733 759 26769 731 7539 1 0 0 0 0 0 0 1 1 1 0 R 0
586 13408 20292 599 20315 568 4368 1 0 0 0 0 0 0 1 1 1 0 R 0
587 13432 23650 636 23674 612 5458 1 0 0 0 0 0 0 1 1 1 0 R 0
588 13460 27617 1131 27752 1009 5672 1 0 0 0 0 0 0 1 1 2 0 R 0
589 13486 24231 613 24255 578 5233 1 0 0 0 0 0 0 1 1 1 0 R 0
590 13506 20101 598 20133 569 4208 1 0 0 0 0 0 0 1 1 1 0 R 0
591 13531 24118 1144 23805 1053 4842 1 0 1 0 0 0 0 1 1 1 0 R 0
592 13560 27606 1399 27770 1240 4679 1 0 0 0 0 0 0 1 1 1 0 R 0
593 13590 28714 810 28739 783 7675 1 0 0 0 0 0 0 1 1 1 0 R 0
594 13611 19936 680 19965 650 3764 1 0 0 0 0 0 0 1 1 2 0 R 0
595 13636 24292 654 24320 620 3815 1 0 0 0 0 0 0 1 1 1 0 R 0
596 13665 29063 1313 29187 1222 6295 1 0 0 0 0 0 0 1 1 1 0 R 0
597 13690 23556 654 23560 622 6789 1 0 0 0 0 0 0 1 1 1 0 R 0
598 13710 19483 619 19515 583 3722 1 0 0 0 0 0 0 1 1 2 0 R 0
599 13731 20269 1199 20412 1085 3800 1 0 0 0 0 0 0 1 1 1 0 R 0
600 13764 31126 1484 31124 1491 12004 1 0 0 0 0 0 0 1 1 1 0 R 0
601 13794 29201 928 29194 896 7812 1 0 0 0 0 0 0 1 1 1 0 R 0
602 13815 19683 604 19714 581 3844 1 0 0 0 0 0 0 1 1 1 0 R 0
603 13840 24620 805 24646 777 3838 1 0 0 0 0 0 0 1 1 1 0 R 0
604 13871 29718 2938 29749 3027 5701 1 0 0 0 0 1 0 1 1 1 0 R 0
605 13897 23481 611 23390 578 6885 1 0 0 0 0 0 0 1 1 2 0 R 0
606 13917 18866 611 18899 581 4228 1 0 0 0 0 0 0 1 1 1 0 R 0
607 13940 22654 1008 22775 984 4351 1 0 0 0 0 0 0 1 1 1 0 R 0
608 13970 29257 1155 29289 1021 5009 1 0 0 0 0 0 0 1 1 2 0 R 0
609 13995 23545 621 23585 587 6279 1 0 0 0 0 0 0 1 1 0 0 R 0
610 14015 19569 585 19595 555 3802 1 0 0 0 0 0 0 1 1 2 0 R 0
611 14037 21232 970 21264 941 3809 1 0 0 0 0 0 0 1 1 1 0 R 0
612 14067 29098 1004 29130 975 6322 1 0 0 0 0 0 0 1 1 1 0 R 0
613 14094 26338 845 26362 812 7415 1 0 0 0 0 0 0 1 1 1 0 R 0
614 14115 19990 614 20026 582 4194 1 0 0 0 0 0 0 1 1 2 0 R 0
615 14139 23565 948 23600 920 8691 1 0 0 0 0 0 0 1 1 1 0 R 0
616 14169 28818 1291 28944 1158 5356 1 0 0 0 0 0 0 1 1 1 0 R 0
617 14195 24814 599 24844 569 4507 1 0 0 0 0 0 0 1 1 1 0 R 0
618 14216 19814 608 19851 574 4598 1 0 0 0 0 0 0 1 1 1 0 R 0
619 14237 20918 669 20950 637 4327 1 0 0 0 0 0 0 1 1 2 0 R 0
620 14266 27980 1003 28007 979 5198 1 0 0 0 0 0 0 1 1 1 0 R 0
621 14296 28955 897 28984 862 7195 1 0 0 0 0 0 0 1 1 1 0 R 0
622 14318 21338 610 21371 582 4664 1 0 0 0 0 0 0 1 1 1 0 R 0
623 14339 20728 618 20758 585 4354 1 0 0 0 0 0 0 1 1 1 0 R 0
624 14366 26259 1113 26385 989 4725 1 0 0 0 0 0 0 1 1 1 0 R 0
625 14397 30098 610 30128 573 5743 1 0 0 0 0 0 0 1 1 2 0 R 0
626 14418 19854 603 19888 571 4546 1 0 0 0 0 0 0 1 1 1 0 R 0
627 14438 19815 615 19850 583 4260 1 0 0 0 0 0 0 1 1 1 0 R 0
628 14464 25534 957 25564 936 4038 1 0 0 0 0 0 0 1 1 2 0 R 0
629 14496 30542 1134 29693 1018 9011 1 0 1 0 0 0 0 1 1 1 0 R 0
630 14520 23288 656 23312 618 9113 1 0 0 0 0 0 0 1 1 1 0 R 0
631 14542 21204 756 21225 745 3823 1 0 0 0 0 0 0 1 1 1 0 R 0
632 14567 24460 983 24487 956 3794 1 0 0 0 0 0 0 1 1 2 0 R 0
633 14598 29762 1290 30048 1016 7660 1 0 0 0 0 0 0 1 1 1 0 R 0
634 14620 20509 614 20523 580 4308 1 0 0 0 0 0 0 1 1 1 0 R 0
635 14639 18869 610 18904 579 3813 1 0 0 0 0 0 0 1 1 1 0 R 0
636 14667 26444 1099 26569 974 4493 1 0 0 0 0 0 0 1 1 1 0 R 0
637 14696 28519 991 28547 976 7294 1 0 0 0 0 0 0 1 1 1 0 R 0
638 14721 24192 941 24208 912 7636 1 0 0 0 0 0 0 1 1 2 0 R 0
639 14742 19927 572 19943 554 3660 1 0 0 0 0 0 0 1 1 1 0 R 0
640 14766 23517 1233 23570 1201 4702 1 0 0 0 0 0 0 1 1 1 0 R 0
641 14796 28960 1041 28972 1013 6840 1 0 0 0 0 0 0 1 1 1 0 R 0
642 14819 21933 605 21959 570 6899 1 0 0 0 0 0 0 1 1 1 0 R 0
643 14840 19523 590 19558 559 3787 1 0 0 0 0 0 0 1 1 1 0 R 0
644 14865 25134 611 25161 581 4204 1 0 0 0 0 0 0 1 1 1 0 R 0
645 14898 32087 985 32120 958 13137 1 0 0 0 0 0 0 1 1 1 0 R 0
646 14921 21861 613 21887 578 7129 1 0 0 0 0 0 0 1 1 2 0 R 0
647 14941 19904 1053 19941 1022 3775 1 0 0 0 0 1 0 1 1 1 0 R 0
648 14967 24744 627 24776 591 3750 1 0 0 0 0 0 0 1 1 1 0 R 0
649 14997 29318 1001 29350 984 5826 1 0 0 0 0 0 0 1 1 1 0 R 0
650 15022 24131 602 24138 576 6349 1 0 0 0 0 0 0 1 1 2 0 R 0
651 15042 19509 583 19551 542 3756 1 0 0 0 0 0 0 1 1 1 0 R 0
652 15064 21428 999 21544 891 3763 1 0 0 0 0 0 0 1 1 1 0 R 0
653 15095 29247 776 29364 651 4814 1 0 0 0 0 0 0 1 1 1 0 R 0
654 15121 25525 633 25060 598 7035 1 0 1 0 0 0 0 1 1 1 0 R 0
655 15141 19842 945 19875 916 3771 1 0 0 0 0 0 0 1 1 1 0 R 0
656 15164 21285 1007 21459 947 4194 1 0 0 0 0 0 0 1 1 1 0 R 0
657 15193 28710 983 28621 952 5776 1 0 0 0 0 0 0 1 1 2 0 R 0
658 15220 25840 608 25872 576 6841 1 0 0 0 0 0 0 1 1 1 0 R 0
659 15240 19224 602 19260 567 4175 1 0 0 0 0 0 0 1 1 1 0 R 0
660 15265 24379 610 24414 577 7594 1 0 0 0 0 0 0 1 1 2 0 R 0
661 15294 28661 1349 28688 1438 6523 1 0 0 0 0 0 0 1 1 1 0 R 0
662 15321 25884 984 25804 956 7700 1 0 0 0 0 0 0 1 1 1 0 R 0
663 15343 20064 578 20078 553 4085 1 0 0 0 0 0 0 1 1 1 0 R 0
664 15365 21592 612 21628 577 3755 1 0 0 0 0 0 0 1 1 1 0 R 0
665 15396 30445 1018 30478 988 5961 1 0 0 0 0 0 0 1 1 2 0 R 0
666 15425 27765 603 27793 568 7418 1 0 0 0 0 0 0 1 1 1 0 R 0
667 15445 20142 604 20179 569 4053 1 0 0 0 0 0 0 1 1 1 0 R 0
668 15468 21691 615 21723 583 4611 1 0 0 0 0 0 0 1 1 1 0 R 0
669 15497 28324 1049 28358 1022 6668 1 0 0 0 0 0 0 1 1 2 0 R 0
670 15526 28798 621 28381 587 7724 1 0 1 0 0 0 0 1 1 1 0 R 0
671 15547 19882 618 19936 562 4552 1 0 0 0 0 0 0 1 1 1 0 R 0
672 15568 20217 665 20255 627 4197 1 0 0 0 0 0 0 1 1 1 0 R 0
673 15589 20647 1061 20677 1031 4910 1 0 0 0 0 0 0 1 1 1 0 R 0
674 15616 25855 991 25890 960 4591 1 0 0 0 0 0 0 1 1 1 0 R 0
675 15645 28473 601 28497 572 13749 1 0 0 0 0 0 0 1 1 1 0 R 0
676 15667 20892 986 20925 957 3784 1 0 0 0 0 0 0 1 1 1 0 R 0
677 15691 23251 1603 23381 1480 4404 1 0 0 0 0 0 0 1 1 2 0 R 0
678 15721 28034 1873 28146 1849 5246 1 0 0 0 0 0 0 1 1 1 0 R 0
679 15744 21225 620 21154 591 4348 1 0 0 0 0 0 0 1 1 1 0 R 0
680 15764 19105 587 19131 560 3762 1 0 0 0 0 0 0 1 1 1 0 R 0
681 15787 22947 636 22976 603 5213 1 0 0 0 0 0 0 1 1 1 0 R 0
682 15813 25255 978 25377 865 4522 1 0 0 0 0 0 0 1 1 2 0 R 0
683 15838 23907 646 23937 607 5310 1 0 0 0 0 0 0 1 1 1 0 R 0
684 15858 19334 592 19367 559 4229 1 0 0 0 0 0 0 1 1 2 0 R 0
685 15879 20828 617 20861 588 4155 1 0 0 0 0 0 0 1 1 1 0 R 0
686 15905 25371 1000 25397 978 5848 1 0 0 0 0 0 0 1 1 1 0 R 0
687 15937 30271 992 30296 965 6125 1 0 0 0 0 0 0 1 1 1 0 R 0
688 15958 20900 610 20928 578 5997 1 0 0 0 0 0 0 1 1 1 0 R 0
689 15980 20622 613 20657 577 4306 1 0 0 0 0 0 0 1 1 1 0 R 0
690 16013 33166 995 33193 974 12106 1 0 0 0 0 0 0 1 1 2 0 R 0
691 16040 25360 791 25387 757 7440 1 0 0 0 0 0 0 1 1 1 0 R 0
692 16061 20522 943 20556 913 4416 1 0 0 0 0 0 0 1 1 1 0 R 0
693 16083 21072 613 21125 560 3810 1 0 0 0 0 0 0 1 1 1 0 R 0
694 16110 26280 1157 26544 1016 6080 1 0 0 0 0 0 0 1 1 1 0 R 0
695 16140 29195 1129 29195 1010 6503 1 0 0 0 0 0 0 1 1 1 0 R 0
696 16164 21991 594 22013 570 5181 1 0 0 0 0 0 0 1 1 2 0 R 0
697 16185 20743 623 20774 592 3788 1 0 0 0 0 1 0 1 1 1 0 R 0
698 16215 29035 991 29064 971 6374 1 0 0 0 0 0 0 1 1 1 0 R 0
699 16243 27173 606 27188 579 7480 1 0 0 0 0 0 0 1 1 1 0 R 0
700 16263 20178 662 20216 624 3780 1 0 0 0 0 0 0 1 1 1 0 R 0
701 16285 21119 968 21200 893 3828 1 0 0 0 0 0 0 1 1 1 0 R 0
702 16312 25977 1200 26032 1152 5407 1 0 0 0 0 0 0 1 1 2 0 R 0
703 16343 29589 1042 29598 1025 7662 1 0 0 0 0 0 0 1 1 1 0 R 0
704 16366 22142 603 22166 572 7376 1 0 0 0 0 0 0 1 1 1 0 R 0
705 16391 24674 1340 24721 1340 8685 1 0 0 0 0 0 0 1 1 1 0 R 0
706 16421 28100 1566 28092 1540 4996 1 0 0 0 0 0 0 1 1 1 0 R 0
707 16449 26506 1493 26532 1470 5283 1 0 0 0 0 1 0 1 1 1 0 R 0
708 16470 19873 608 19896 574 4144 1 0 0 0 0 0 0 1 1 2 0 R 0
709 16493 22480 625 21952 598 3723 1 0 1 0 0 0 0 1 1 1 0 R 0
710 16521 27095 1677 27126 1652 7040 1 0 0 0 0 0 0 1 1 1 0 R 0
711 16551 28313 1973 28340 2051 7279 1 0 0 0 0 0 0 1 1 1 0 R 0
712 16576 22641 609 22563 571 6161 1 0 0 0 0 0 0 1 1 2 0 R 0
713 16597 20554 1038 20590 1011 4162 1 0 0 0 0 0 0 1 1 0 0 R 0
714 16627 29144 929 29166 901 5907 1 0 0 0 0 0 0 1 1 1 0 R 0
715 16654 26370 799 26397 768 7247 1 0 0 0 0 0 0 1 1 1 0 R 0
716 16674 19234 613 19268 582 4109 1 0 0 0 0 0 0 1 1 1 0 R 0
717 16697 21476 610 21507 583 3738 1 0 0 0 0 0 0 1 1 2 0 R 0
718 16724 26530 1038 26552 1016 6369 1 0 0 0 0 0 0 1 1 1 0 R 0
719 16750 25388 616 25417 581 4824 1 0 0 0 0 0 0 1 1 1 0 R 0
720 16774 23590 646 23625 611 7459 1 0 0 0 0 0 0 1 1 1 0 R 0
721 16797 21562 708 21619 656 3781 1 0 0 0 0 0 0 1 1 2 0 R 0
722 16825 27991 1057 27012 1030 7140 1 0 1 0 0 0 0 1 1 1 0 R 0
723 16851 25188 1534 25217 1513 7184 1 0 0 0 0 0 0 1 1 1 0 R 0
724 16876 22828 646 22847 617 7741 1 0 0 0 0 0 0 1 1 1 0 R 0
725 16897 20573 1225 20618 1294 4243 1 0 0 0 0 0 0 1 1 1 0 R 0
726 16924 25697 1020 25607 1016 4192 1 0 0 0 0 0 0 1 1 2 0 R 0
727 16953 27696 1161 27700 1154 7293 1 0 0 0 0 0 0 1 1 1 0 R 0
728 16975 21343 596 21354 565 3859 1 0 0 0 0 0 0 1 1 1 0 R 0
729 16995 18957 600 18986 571 3767 1 0 0 0 0 0 0 1 1 1 0 R 0
730 17019 23245 1017 23379 991 6122 1 0 0 0 0 0 0 1 1 2 0 R 0
731 17050 30127 1025 30057 1094 6407 1 0 0 0 0 0 0 1 1 1 0 R 0
732 17076 25063 606 24993 584 6759 1 0 0 0 0 0 0 1 1 1 0 R 0
733 17096 20033 603 20054 570 4279 1 0 0 0 0 0 0 1 1 1 0 R 0
734 17121 23504 1518 23652 1492 6082 1 0 0 0 0 0 0 1 1 1 0 R 0
735 17156 33448 1316 33450 1208 12826 1 0 0 0 0 0 0 1 1 1 0 R 0
736 17179 21901 597 21911 570 4990 1 0 0 0 0 0 0 1 1 1 0 R 0
737 17199 19166 606 19196 579 4611 1 0 0 0 0 0 0 1 1 1 0 R 0
738 17224 25098 997 25231 866 6253 1 0 0 0 0 0 0 1 1 2 0 R 0
739 17255 29637 993 29756 867 7391 1 0 0 0 0 0 0 1 1 1 0 R 0
740 17279 23246 606 23275 573 6679 1 0 0 0 0 1 0 1 1 1 0 R 0
741 17299 19119 903 19189 848 4412 1 0 0 0 0 0 0 1 1 1 0 R 0
742 17329 29358 951 29483 822 6329 1 0 0 0 0 0 0 1 1 1 0 R 0
743 17368 37606 2419 24672 702 22322 1 3 2 0 1 0 0 0 0 2 0 R 1
744 17390 19888 614 18906 579 3662 1 0 1 0 0 0 0 1 1 1 0 R 0
745 17413 22201 609 22229 586 3784 1 0 0 0 0 0 0 1 1 2 0 R 0
746 17439 25623 1072 25657 1042 5252 1 0 0 0 0 0 0 1 1 1 0 R 0
747 17470 29827 628 29860 592 6708 1 0 0 0 0 0 0 1 1 1 0 R 0
748 17491 20229 656 20266 617 3923 1 0 0 0 0 0 0 1 1 1 0 R 0
749 17512 20149 2042 21130 730 3789 1 0 1 0 0 0 0 1 1 2 0 R 0
750 17546 32152 997 32171 967 12337 1 0 0 0 0 0 0 1 1 1 0 R 0
751 17576 29214 1310 29241 1298 7317 1 0 0 0 0 0 0 1 1 1 0 R 0
752 17598 20981 606 20999 573 6011 1 0 0 0 0 0 0 1 1 1 0 R 0
753 17620 20692 608 20725 576 4246 1 0 0 0 0 0 0 1 1 1 0 R 0
754 17649 28436 1054 28469 1130 5985 1 0 0 0 0 0 0 1 1 1 0 R 0
755 17680 30398 947 30321 914 6419 1 0 0 0 0 0 0 1 1 2 0 R 0
756 17703 21752 590 21778 565 4468 1 0 0 0 0 0 0 1 1 1 0 R 0
757 17725 21830 1014 21860 984 3839 1 0 0 0 0 0 0 1 1 1 0 R 0
758 17755 28481 1025 28508 1000 4865 1 0 0 0 0 0 0 1 1 1 0 R 0
759 17775 19061 585 19086 555 3699 1 0 0 0 0 0 0 1 1 1 0 R 0
760 17797 21842 598 21877 560 3794 1 0 0 0 0 0 0 1 1 1 0 R 0
761 17819 21280 1201 21407 1105 4054 1 0 0 0 0 0 0 1 1 2 0 R 0
762 17846 25341 1108 25441 977 3979 1 0 0 0 0 0 0 1 1 1 0 R 0
763 17877 29860 1088 29981 971 7192 1 0 0 0 0 0 0 1 1 1 0 R 0
764 17897 19465 607 19495 577 4623 1 0 0 0 0 0 0 1 1 1 0 R 0
765 17923 25237 653 25262 623 8761 1 0 0 0 0 0 0 1 1 1 0 R 0
766 17948 23912 1287 24041 1178 3979 1 0 0 0 0 0 0 1 1 2 0 R 0
767 17977 27917 1019 27931 990 5981 1 0 0 0 0 0 0 1 1 1 0 R 0
768 17999 21150 609 21181 570 4445 1 0 0 0 0 0 0 1 1 1 0 R 0
769 18020 20514 604 20550 573 4848 1 0 0 0 0 0 0 1 1 1 0 R 0
770 18047 26596 1001 26726 966 3768 1 0 0 0 0 0 0 1 1 2 0 R 0
771 18077 28784 1022 28724 991 7146 1 0 0 0 0 0 0 1 1 1 0 R 0
772 18100 22203 606 22231 571 5299 1 0 0 0 0 0 0 1 1 1 0 R 0
773 18120 18764 605 18798 574 3790 1 0 0 0 0 0 0 1 1 1 0 R 0
774 18144 24101 1120 24133 1094 5491 1 0 0 0 0 0 0 1 1 1 0 R 0
775 18176 30054 1136 30076 1120 6487 1 0 0 0 0 0 0 1 1 1 0 R 0
776 18203 25956 590 25967 566 7554 1 0 0 0 0 0 0 1 1 1 0 R 0
777 18224 20692 634 20727 595 3868 1 0 0 0 0 0 0 1 1 2 0 R 0
778 18249 24490 1001 24531 970 5022 1 0 0 0 0 0 0 1 1 1 0 R 0
779 18279 28887 1119 28998 1007 6527 1 0 0 0 0 0 0 1 1 1 0 R 0
780 18306 26223 654 26254 617 12257 1 0 0 0 0 0 0 1 1 2 0 R 0
781 18327 20017 836 19453 783 5228 1 0 1 0 0 0 0 1 1 1 0 R 0
782 18353 25714 1726 25731 1820 5421 1 0 0 0 0 0 0 1 1 1 0 R 0
783 18385 29890 1119 29895 993 7594 1 0 0 0 0 0 0 1 1 1 0 R 0
784 18407 20834 599 20862 566 4606 1 0 0 0 0 0 0 1 1 1 0 R 0
785 18427 19725 603 19759 571 4246 1 0 0 0 0 0 0 1 1 1 0 R 0
786 18451 23388 1449 23427 1421 5904 1 0 0 0 0 0 0 1 1 1 0 R 0
787 18485 32039 1009 31726 979 5809 1 0 1 0 0 0 0 1 1 2 0 R 0
788 18507 21307 621 21340 585 6014 1 0 0 0 0 0 0 1 1 1 0 R 0
789 18527 19056 630 19088 601 4220 1 0 0 0 0 0 0 1 1 1 0 R 0
790 18551 23991 1036 24023 1011 5124 1 0 0 0 0 0 0 1 1 1 0 R 0
791 18581 28161 1677 28273 1728 5725 1 0 0 0 0 0 0 1 1 1 0 R 0
792 18605 22527 956 22390 922 7227 1 0 0 0 0 0 0 1 1 1 0 R 0
793 18625 19528 608 19573 556 3760 1 0 0 0 0 0 0 1 1 2 0 R 0
794 18648 22334 1295 22400 1246 3775 1 0 0 0 0 0 0 1 1 1 0 R 0
795 18683 32955 982 32967 967 12070 1 0 0 0 0 0 0 1 1 1 0 R 0
796 18706 22911 608 22940 569 7601 1 0 0 0 0 0 0 1 1 1 0 R 0
797 18728 20756 649 20788 619 4140 1 0 0 0 0 0 0 1 1 1 0 R 0
798 18750 21711 1005 21748 977 4292 1 0 0 0 0 0 0 1 1 1 0 R 0
799 18780 28448 1008 28572 874 4083 1 0 0 0 0 0 0 1 1 2 0 R 0
800 18806 25809 628 25846 589 5957 1 0 0 0 0 0 0 1 1 1 0 R 0
801 18827 19752 602 19783 572 4626 1 0 0 0 0 0 0 1 1 1 0 R 0
802 18848 20377 654 20414 619 4257 1 0 0 0 0 0 0 1 1 1 0 R 0
803 18876 27453 1012 27483 996 6396 1 0 0 0 0 0 0 1 1 2 0 R 0
804 18905 28195 599 28211 565 7210 1 0 0 0 0 0 0 1 1 1 0 R 0
805 18926 20028 602 20063 572 3698 1 0 0 0 0 0 0 1 1 1 0 R 0
806 18947 21048 607 21080 574 4209 1 0 0 0 0 0 0 1 1 1 0 R 0
807 18976 28146 908 28176 883 5370 1 0 0 0 0 0 0 1 1 1 0 R 0
808 19007 29931 1097 30053 974 7419 1 0 0 0 0 0 0 1 1 1 0 R 0
809 19031 23007 1680 23036 1664 6058 1 0 0 0 0 1 0 1 1 2 0 R 0
810 19057 24449 998 24466 972 7851 1 0 0 0 0 0 0 1 1 1 0 R 0
811 19087 29042 998 29068 972 4636 1 0 0 0 0 0 0 1 1 1 0 R 0
812 19118 29318 970 29350 932 7190 1 0 0 0 0 0 0 1 1 0 0 R 0
813 19138 19908 648 19943 616 4518 1 0 0 0 0 0 0 1 1 1 0 R 0
814 19161 22039 1802 22167 1687 4305 1 0 0 0 0 0 0 1 1 2 0 R 0
815 19187 23922 646 23939 610 4555 1 0 0 0 0 0 0 1 1 2 0 R 0
816 19208 20011 597 20044 563 4188 1 0 0 0 0 0 0 1 1 1 0 R 0
817 19230 21745 606 21783 575 4194 1 0 0 0 0 0 0 1 1 1 0 R 0
818 19250 19518 2258 20265 1660 3781 1 0 0 0 0 0 0 1 1 1 0 R 0
819 19277 25052 1121 25029 998 3732 1 0 0 0 0 0 0 1 1 1 0 R 0
820 19302 23103 1925 23809 1360 7030 1 0 0 0 0 0 0 1 1 1 0 R 0
821 19328 24674 906 24574 867 7451 1 0 0 0 0 0 0 1 1 1 0 R 0
822 19348 19443 603 19467 574 4584 1 0 0 0 0 0 0 1 1 1 0 R 0
823 19373 24027 957 24052 931 5927 1 0 0 0 0 0 0 1 1 2 0 R 0
824 19403 28449 967 28559 858 7607 1 0 0 0 0 0 0 1 1 1 0 R 0
825 19430 26670 617 26698 582 14005 1 0 0 0 0 0 0 1 1 1 0 R 0
826 19450 19699 614 19738 576 4161 1 0 0 0 0 0 0 1 1 1 0 R 0
827 19475 23704 613 23766 559 5430 1 0 0 0 0 0 0 1 1 1 0 R 0
828 19506 30522 993 30546 969 6462 1 0 0 0 0 0 0 1 1 1 0 R 0
829 19530 23184 612 22452 578 8622 1 0 1 0 0 0 0 1 1 1 0 R 0
830 19550 19208 597 19239 567 3776 1 0 0 0 0 0 0 1 1 1 0 R 0
831 19575 24716 601 24745 569 3691 1 0 0 0 0 0 0 1 1 1 0 R 0
832 19604 28140 996 28167 983 5772 1 0 0 0 0 0 0 1 1 2 0 R 0
833 19629 23804 975 23824 944 7432 1 0 0 0 0 1 0 1 1 1 0 R 0
834 19650 20307 606 20338 573 5150 1 0 0 0 0 0 0 1 1 1 0 R 0
835 19674 23020 1311 23141 1204 3840 1 0 0 0 0 0 0 1 1 2 0 R 0
836 19703 28399 986 28412 967 5293 1 0 0 0 0 0 0 1 1 1 0 R 0
837 19728 23824 608 23851 589 7267 1 0 0 0 0 0 0 1 1 1 0 R 0
838 19748 19285 681 19310 657 4679 1 0 0 0 0 0 0 1 1 1 0 R 0
839 19769 20275 612 20293 583 4212 1 0 0 0 0 0 0 1 1 1 0 R 0
840 19801 31295 1860 31419 1745 12433 1 0 0 0 0 0 0 1 1 1 0 R 0
841 19831 28375 1671 28400 1733 7448 1 0 0 0 0 0 0 1 1 1 0 R 0
842 19854 21312 599 21244 568 4285 1 0 0 0 0 0 0 1 1 1 0 R 0
843 19877 21771 991 21896 974 3733 1 0 0 0 0 0 0 1 1 1 0 R 0
844 19906 28254 890 28177 1210 5604 1 0 0 0 0 0 0 1 1 1 0 R 0
845 19931 24373 1138 24053 1118 6119 1 0 0 0 0 0 0 1 1 2 0 R 0
846 19951 19010 948 19029 915 4226 1 0 0 0 0 0 0 1 1 2 0 R 0
847 19973 20682 663 20724 620 3785 1 0 0 0 0 0 0 1 1 1 0 R 0
848 20000 26380 1009 26414 980 4509 1 0 0 0 0 0 0 1 1 1 0 R 0
849 20030 29509 1792 29551 1856 7607 1 0 0 0 0 0 0 1 1 1 0 R 0
850 20055 22416 640 22334 607 7481 1 0 0 0 0 0 0 1 1 1 0 R 0
851 20077 21847 604 21878 579 3699 1 0 0 0 0 0 0 1 1 2 0 R 0
852 20105 27408 1019 27438 991 6757 1 0 0 0 0 0 0 1 1 0 0 R 0
853 20134 27778 600 27807 566 6334 1 0 0 0 0 0 0 1 1 1 0 R 0
854 20154 19416 1016 19448 997 3792 1 0 0 0 0 0 0 1 1 1 0 R 0
855 20179 23658 611 23678 580 8454 1 0 0 0 0 0 0 1 1 2 0 R 0
856 20208 28323 1032 28350 1012 6484 1 0 0 0 0 0 0 1 1 1 0 R 0
857 20235 26861 616 26887 584 6534 1 0 0 0 0 0 0 1 1 1 0 R 0
858 20257 20759 594 20782 570 4317 1 0 0 0 0 0 0 1 1 1 0 R 0
859 20278 20636 617 20671 580 4170 1 0 0 0 0 0 0 1 1 1 0 R 0
860 20300 21331 1318 21365 1285 5263 1 0 0 0 0 0 0 1 1 2 0 R 0
861 20322 21096 728 21132 692 4300 1 0 0 0 0 0 0 1 1 1 0 R 0
862 20346 22556 923 22582 896 3845 1 0 0 0 0 0 0 1 1 2 0 R 0
863 20366 19732 601 19763 567 4483 1 0 0 0 0 0 0 1 1 1 0 R 0
864 20388 21028 1083 21158 957 4266 1 0 0 0 0 0 0 1 1 1 0 R 0
865 20417 27504 1000 27634 866 5206 1 0 0 0 0 0 0 1 1 1 0 R 0
866 20447 29774 951 29813 923 6571 1 0 0 0 0 0 0 1 1 1 0 R 0
867 20470 21316 596 21340 563 4690 1 0 0 0 0 0 0 1 1 1 0 R 0
868 20493 22559 599 22122 575 4089 1 0 1 0 0 0 0 1 1 2 0 R 0
869 20514 20669 1122 20695 1108 3984 1 0 0 0 0 0 0 1 1 1 0 R 0
870 20546 31127 619 31144 583 13461 1 0 0 0 0 0 0 1 1 1 0 R 0
871 20566 19217 595 19247 570 4557 1 0 0 0 0 0 0 1 1 1 0 R 0
872 20588 20991 615 21024 580 4227 1 0 0 0 0 0 0 1 1 2 0 R 0
873 20616 28089 999 28122 973 6238 1 0 0 0 0 0 0 1 1 1 0 R 0
874 20646 28185 649 28207 624 6668 1 0 0 0 0 0 0 1 1 1 0 R 0
875 20666 19608 592 19632 562 4406 1 0 0 0 0 0 0 1 1 1 0 R 0
876 20688 21088 693 21127 659 4195 1 0 0 0 0 0 0 1 1 2 0 R 0
877 20715 26527 994 26553 972 5012 1 0 0 0 0 0 0 1 1 1 0 R 0
878 20746 29876 752 30039 582 7382 1 0 0 0 0 0 0 1 1 1 0 R 0
879 20766 19940 604 19970 573 4370 1 0 0 0 0 0 0 1 1 1 0 R 0
880 20789 22278 879 22398 759 4235 1 0 0 0 0 0 0 1 1 1 0 R 0
881 20816 25986 1171 26117 1040 4220 1 0 0 0 0 0 0 1 1 2 0 R 0
882 20847 29817 899 29851 1039 7171 1 0 0 0 0 0 0 1 1 0 0 R 0
883 20867 19119 647 18978 614 4407 1 0 0 0 0 0 0 1 1 1 0 R 0
884 20888 20301 1537 20329 1521 4185 1 0 0 0 0 0 0 1 1 2 0 R 0
885 20918 28216 1137 28326 1019 10745 1 0 0 0 0 0 0 1 1 1 0 R 0
886 20948 29508 1004 29537 971 6289 1 0 0 0 0 0 0 1 1 1 0 R 0
887 20973 23759 616 23785 592 5390 1 0 0 0 0 0 0 1 1 1 0 R 0
888 20995 21250 675 21278 646 3779 1 0 0 0 0 0 0 1 1 2 0 R 0
889 21021 25258 1743 25292 1719 5199 1 0 0 0 0 0 0 1 1 1 0 R 0
890 21053 30621 1101 30721 998 6561 1 0 0 0 0 0 0 1 1 1 0 R 0
891 21077 22486 618 22512 581 7605 1 0 0 0 0 0 0 1 1 1 0 R 0
892 21099 21292 633 21333 595 4228 1 0 0 0 0 0 0 1 1 1 0 R 0
893 21126 26630 676 26664 644 5636 1 0 0 0 0 0 0 1 1 2 0 R 0
894 21146 19491 608 19521 576 4298 1 0 0 0 0 0 0 1 1 1 0 R 0
895 21169 21791 842 21826 820 4237 1 0 0 0 0 0 0 1 1 1 0 R 0
896 21189 19237 618 19262 581 4416 1 0 0 0 0 0 0 1 1 1 0 R 0
897 21214 24694 599 24719 569 4176 1 0 0 0 0 0 0 1 1 1 0 R 0
898 21245 30059 1205 30089 1187 6286 1 0 0 0 0 0 0 1 1 2 0 R 0
899 21269 22793 619 22819 586 7210 1 0 0 0 0 0 0 1 1 1 0 R 0
900 21292 22747 619 22766 596 7814 1 0 0 0 0 0 0 1 1 1 0 R 0
901 21318 25253 620 25289 584 4676 1 0 0 0 0 0 0 1 1 1 0 R 0
902 21349 30358 1167 30397 1137 7956 1 0 0 0 0 0 0 1 1 1 0 R 0
903 21376 26295 617 26320 579 6572 1 0 0 0 0 0 0 1 1 1 0 R 0
904 21396 19335 690 19399 632 4555 1 0 0 0 0 0 0 1 1 1 0 R 0
905 21420 23253 617 23287 582 6007 1 0 0 0 0 0 0 1 1 1 0 R 0
906 21451 30336 1677 30464 1552 5992 1 0 0 0 0 0 0 1 1 2 0 R 0
907 21475 21917 598 21946 565 7237 1 0 0 0 0 0 0 1 1 1 0 R 0
908 21495 19701 598 19729 571 3759 1 0 0 0 0 0 0 1 1 1 0 R 0
909 21521 25433 958 24696 924 3854 1 0 1 0 0 0 0 1 1 1 0 R 0
910 21551 28548 2120 28673 2034 5959 1 0 0 0 0 0 0 1 1 1 0 R 0
911 21575 22350 605 22341 567 7686 1 0 0 0 0 0 0 1 1 1 0 R 0
912 21597 20721 1266 20758 1242 4264 1 0 0 0 0 1 0 1 1 2 0 R 0
913 21621 23155 1564 23280 1433 4328 1 0 0 0 0 0 0 1 1 1 0 R 0
914 21651 28120 1825 28165 1902 5248 1 0 0 0 0 0 0 1 1 1 0 R 0
915 21683 30811 597 30712 569 13348 1 0 0 0 0 0 0 1 1 1 0 R 0
916 21704 20035 591 20067 559 4026 1 0 0 0 0 0 0 1 1 2 0 R 0
917 21728 23399 662 23439 624 5815 1 0 0 0 0 0 0 1 1 1 0 R 0
918 21758 28988 1012 29021 990 6989 1 0 0 0 0 0 0 1 1 1 0 R 0
919 21781 22816 1151 22836 1125 7102 1 0 0 0 0 0 0 1 1 1 0 R 0
920 21801 18874 909 18900 880 3762 1 0 0 0 0 0 0 1 1 1 0 R 0
921 21826 24164 733 24195 700 4129 1 0 0 0 0 0 0 1 1 1 0 R 0
922 21853 25871 1238 24624 1235 8592 1 0 1 0 0 0 0 1 1 1 0 R 0
923 21879 24616 618 24630 579 6696 1 0 0 0 0 0 0 1 1 2 0 R 0
924 21899 19120 613 19154 578 4582 1 0 0 0 0 0 0 1 1 1 0 R 0
925 21920 20423 615 20460 584 4329 1 0 0 0 0 0 0 1 1 1 0 R 0
926 21949 28382 1074 28409 1162 5991 1 0 0 0 0 1 0 1 1 1 0 R 0
927 21977 27475 1039 27392 1118 6606 1 0 0 0 0 0 0 1 1 1 0 R 0
928 22000 22098 652 22014 618 6413 1 0 0 0 0 0 0 1 1 1 0 R 0
929 22022 20462 1211 20497 1208 3647 1 0 0 0 0 0 0 1 1 1 0 R 0
930 22055 32055 998 32052 974 12793 1 0 0 0 0 0 0 1 1 1 0 R 0
931 22086 30085 1210 30112 1198 7200 1 0 0 0 0 0 0 1 1 2 0 R 0
932 22107 19822 606 19839 569 4633 1 0 0 0 0 0 0 1 1 1 0 R 0
933 22128 20674 991 20795 975 4177 1 0 0 0 0 0 0 1 1 1 0 R 0
934 22156 26356 652 26284 616 4750 1 0 0 0 0 0 0 1 1 1 0 R 0
935 22176 19408 688 19467 640 4108 1 0 0 0 0 0 0 1 1 1 0 R 0
936 22197 20712 816 20944 580 4205 1 0 0 0 0 0 0 1 1 1 0 R 0
937 22218 19888 604 19916 574 4357 1 0 0 0 0 0 0 1 1 2 0 R 0
938 22243 25040 1000 25063 976 5277 1 0 0 0 0 0 0 1 1 1 0 R 0
939 22273 28625 1077 28734 972 7114 1 0 0 0 0 0 0 1 1 1 0 R 0
940 22299 24969 726 24991 703 7341 1 0 0 0 0 0 0 1 1 1 0 R 0
941 22319 19558 612 19588 577 4067 1 0 0 0 0 0 0 1 1 1 0 R 0
942 22344 24513 1397 24543 1376 4828 1 0 0 0 0 0 0 1 1 1 0 R 0
943 22375 29635 994 29657 966 6340 1 0 0 0 0 0 0 1 1 2 0 R 0
944 22401 24647 968 24675 945 7681 1 0 0 0 0 0 0 1 1 1 0 R 0
945 22426 23752 1031 23776 1002 8731 1 0 0 0 0 0 0 1 1 1 0 R 0
946 22454 27420 599 27443 573 4978 1 0 0 0 0 0 0 1 1 1 0 R 0
947 22475 19660 595 19694 560 4811 1 0 0 0 0 0 0 1 1 1 0 R 0
948 22497 22008 872 22118 769 3779 1 0 0 0 0 0 0 1 1 1 0 R 0
949 22518 20023 606 20051 573 4567 1 0 0 0 0 0 0 1 1 1 0 R 0
950 22542 22904 962 22938 931 4141 1 0 0 0 0 0 0 1 1 2 0 R 0
951 22574 31334 1095 30576 980 4340 1 0 1 0 0 0 0 1 1 2 0 R 0
952 22597 22002 615 22033 579 5937 1 0 0 0 0 0 0 1 1 1 0 R 0
953 22617 19324 731 19380 680 4215 1 0 0 0 0 0 0 1 1 0 0 R 0
954 22639 21203 756 21348 609 4283 1 0 0 0 0 0 0 1 1 2 0 R 0
955 22668 28009 1033 28040 1004 5370 1 0 0 0 0 0 0 1 1 1 0 R 0
956 22693 24185 590 24203 564 6459 1 0 0 0 0 0 0 1 1 1 0 R 0
957 22714 20228 604 20257 577 4007 1 0 0 0 0 0 0 1 1 1 0 R 0
958 22734 20037 596 20065 571 3791 1 0 0 0 0 0 0 1 1 1 0 R 0
959 22758 23633 1511 23686 1459 4493 1 0 0 0 0 0 0 1 1 2 0 R 0
960 22791 31408 1864 31536 1744 13507 1 0 0 0 0 0 0 1 1 1 0 R 0
961 22813 19884 591 19896 564 3962 1 0 0 0 0 0 0 1 1 1 0 R 0
962 22833 19331 595 19362 569 3801 1 0 0 0 0 0 0 1 1 1 0 R 0
963 22860 26719 948 26752 914 4111 1 0 0 0 0 0 0 1 1 1 0 R 0
964 22889 27920 900 28042 781 6394 1 0 0 0 0 0 0 1 1 1 0 R 0
965 22916 25477 596 25500 571 6421 1 0 0 0 0 0 0 1 1 1 0 R 0
966 22936 19555 595 19581 563 4331 1 0 0 0 0 0 0 1 1 2 0 R 0
967 22960 23508 933 23547 901 4377 1 0 0 0 0 0 0 1 1 1 0 R 0
968 22990 29113 1047 29145 1019 6595 1 0 0 0 0 0 0 1 1 1 0 R 0
969 23012 21481 583 21499 556 5639 1 0 0 0 0 0 0 1 1 1 0 R 0
970 23031 18371 902 18404 887 3777 1 0 0 0 0 0 0 1 1 1 0 R 0
971 23058 25574 610 25591 584 4206 1 0 0 0 0 0 0 1 1 1 0 R 0
972 23087 28507 1002 28536 986 6897 1 0 0 0 0 0 0 1 1 1 0 R 0
973 23115 27312 609 27324 580 6355 1 0 0 0 0 0 0 1 1 1 0 R 0
974 23137 21153 595 21180 572 4782 1 0 0 0 0 0 0 1 1 2 0 R 0
975 23166 28118 975 28145 947 10673 1 0 0 0 0 0 0 1 1 1 0 R 0
976 23195 28589 1100 28711 986 7073 1 0 0 0 0 0 0 1 1 1 0 R 0
977 23219 22069 621 22092 588 5931 1 0 0 0 0 0 0 1 1 1 0 R 0
978 23238 18888 597 18919 565 4264 1 0 0 0 0 0 0 1 1 2 0 R 0
979 23263 24840 705 24879 663 6048 1 0 0 0 0 0 0 1 1 1 0 R 0
980 23294 29521 1004 29640 990 7003 1 0 0 0 0 0 0 1 1 1 0 R 0
981 23318 23004 716 22953 671 7585 1 0 0 0 0 0 0 1 1 1 0 R 0
982 23338 19889 599 19911 574 4147 1 0 0 0 0 0 0 1 1 2 0 R 0
983 23361 22069 1620 22195 1503 4318 1 0 0 0 0 0 0 1 1 1 0 R 0
984 23391 27934 604 27956 571 4631 1 0 0 0 0 0 0 1 1 1 0 R 0
985 23416 24336 610 24371 571 6544 1 0 0 0 0 0 0 1 1 1 0 R 0
986 23436 20183 601 20217 565 4548 1 0 0 0 0 0 0 1 1 1 0 R 0
987 23457 20363 598 20400 571 4218 1 0 0 0 0 0 0 1 1 1 0 R 0
988 23487 29302 1053 29336 1112 6415 1 0 0 0 0 0 0 1 1 1 0 R 0
989 23517 28509 610 28222 578 7029 1 0 1 0 0 0 0 1 1 1 0 R 0
990 23539 22129 654 22159 621 8981 1 0 0 0 0 0 0 1 1 1 0 R 0
991 23561 21118 1109 21153 1079 3620 1 0 0 0 0 0 0 1 1 2 0 R 0
992 23591 28399 1480 28528 1354 5123 1 0 0 0 0 0 0 1 1 1 0 R 0
993 23616 23994 613 24017 590 6107 1 0 0 0 0 0 0 1 1 1 0 R 0
994 23637 19968 601 19991 572 4551 1 0 0 0 0 0 0 1 1 1 0 R 0
995 23658 20958 614 20990 583 4433 1 0 0 0 0 0 0 1 1 1 0 R 0
996 23686 27351 1189 27380 1174 5639 1 0 0 0 0 0 0 1 1 1 0 R 0
997 23717 29347 1002 29363 978 7398 1 0 0 0 0 0 0 1 1 1 0 R 0
998 23740 22439 605 22465 568 6879 1 0 0 0 0 0 0 1 1 2 0 R 0
999 23763 22348 611 22378 582 3807 1 0 0 0 0 0 0 1 1 2 0 R 0
1000 23790 25816 1015 25849 988 5893 1 0 0 0 0 0 0 1 1 1 0 R 0
1001 23819 27923 616 27949 584 6675 1 0 0 0 0 0 0 1 1 1 0 R 0
1002 23839 19613 607 19646 572 4386 1 0 0 0 0 0 0 1 1 1 0 R 0
1003 23861 21408 1352 21443 1326 4730 1 0 0 0 0 0 0 1 1 1 0 R 0
1004 23888 25320 1019 25349 998 3954 1 0 0 0 0 0 0 1 1 2 0 R 0
1005 23921 32383 610 32402 577 13621 1 0 0 0 0 0 0 1 1 1 0 R 0
1006 23942 19985 1090 20018 1064 4009 1 0 0 0 0 0 0 1 1 1 0 R 0
1007 23963 20325 1140 20445 1028 3743 1 0 0 0 0 0 0 1 1 1 0 R 0
1008 23989 24880 1121 24992 1012 3790 1 0 0 0 0 0 0 1 1 1 0 R 0
1009 24018 27742 998 27855 866 6554 1 0 0 0 0 0 0 1 1 1 0 R 0
1010 24044 24745 601 24774 573 6648 1 0 0 0 0 0 0 1 1 2 0 R 0
1011 24066 21691 924 21722 890 3941 1 0 0 0 0 0 0 1 1 1 0 R 0
1012 24092 25453 923 25479 898 5049 1 0 0 0 0 0 0 1 1 1 0 R 0
1013 24119 25544 875 25580 846 7360 1 0 0 0 0 0 0 1 1 1 0 R 0
1014 24139 19641 1227 19670 1209 4480 1 0 0 0 0 1 0 1 1 1 0 R 0
1015 24160 19801 602 19820 569 4229 1 0 0 0 0 0 0 1 1 1 0 R 0
1016 24185 24106 609 24138 573 5186 1 0 0 0 0 0 0 1 1 1 0 R 0
1017 24215 29045 1005 29074 1085 6929 1 0 0 0 0 0 0 1 1 1 0 R 0
1018 24242 26595 738 26534 697 6383 1 0 0 0 0 0 0 1 1 2 0 R 0
1019 24263 19892 591 19918 563 4091 1 0 0 0 0 1 0 1 1 1 0 R 0
1020 24289 25957 1027 25992 997 10680 1 0 0 0 0 0 0 1 1 1 0 R 0
1021 24319 28726 1013 28755 1078 6834 1 0 0 0 0 0 0 1 1 1 0 R 0
1022 24343 23278 602 23207 575 6945 1 0 0 0 0 0 0 1 1 2 0 R 0
1023 24363 19244 601 19268 574 3818 1 0 0 0 0 0 0 1 1 1 0 R 0
1024 24389 24676 604 24710 571 3786 1 0 0 0 0 0 0 1 1 1 0 R 0
1025 24414 24881 992 24931 953 4944 1 0 0 0 0 0 0 1 1 1 0 R 0
1026 24443 28352 923 28370 896 7805 1 0 0 0 0 0 0 1 1 1 0 R 0
1027 24465 20408 593 20437 563 4089 1 0 0 0 0 0 0 1 1 2 0 R 0
1028 24490 24167 1004 24291 889 3829 1 0 0 0 0 0 0 1 1 1 0 R 0
1029 24519 28820 1102 28941 975 5473 1 0 0 0 0 0 0 1 1 1 0 R 0
1030 24549 28663 605 28695 572 5585 1 0 0 0 0 0 0 1 1 1 0 R 0
1031 24570 20723 609 20292 576 5340 1 0 1 0 0 0 0 1 1 2 0 R 0
1032 24595 23781 660 23819 627 5068 1 0 0 0 0 0 0 1 1 1 0 R 0
1033 24624 28378 998 28404 979 6046 1 0 0 0 0 0 0 1 1 1 0 R 0
1034 24646 21498 1131 21522 1114 4304 1 0 0 0 0 0 0 1 1 1 0 R 0
1035 24671 23885 962 23901 933 9281 1 0 0 0 0 0 0 1 1 1 0 R 0
1036 24697 24191 616 24219 584 4913 1 0 0 0 0 0 0 1 1 2 0 R 0
1037 24726 28543 973 28572 948 6491 1 0 0 0 0 0 0 1 1 1 0 R 0
1038 24755 28270 597 28298 567 6223 1 0 0 0 0 0 0 1 1 1 0 R 0
1039 24775 19407 599 19436 566 4124 1 0 0 0 0 0 0 1 1 1 0 R 0
1040 24799 23223 609 23259 578 6155 1 0 0 0 0 0 0 1 1 1 0 R 0
1041 24828 28493 1667 28616 1654 6413 1 0 0 0 0 0 0 1 1 1 0 R 0
1042 24857 27313 602 27228 573 6934 1 0 0 0 0 0 0 1 1 2 0 R 0
1043 24877 19862 610 19893 579 4495 1 0 0 0 0 0 0 1 1 1 0 R 0
1044 24902 23694 1044 23745 1003 5819 1 0 0 0 0 0 0 1 1 1 0 R 0
1045 24925 22451 617 22474 584 6066 1 0 0 0 0 0 0 1 1 1 0 R 0
1046 24945 19271 598 19303 566 3749 1 0 0 0 0 0 0 1 1 1 0 R 0
1047 24967 21785 617 21819 582 5726 1 0 0 0 0 0 0 1 1 2 0 R 0
1048 24989 20941 599 20972 570 4105 1 0 0 0 0 0 0 1 1 1 0 R 0
1049 25016 26124 1056 26154 1029 5016 1 0 0 0 0 0 0 1 1 1 0 R 0
1050 25050 33131 1341 33248 1232 13549 1 0 0 0 0 0 0 1 1 1 0 R 0
1051 25073 22095 609 22107 585 5582 1 0 0 0 0 0 0 1 1 1 0 R 0
1052 25095 21203 609 21238 575 3790 1 0 0 0 0 0 0 1 1 1 0 R 0
1053 25121 25642 1492 25775 1362 7184 1 0 0 0 0 0 0 1 1 2 0 R 0
1054 25153 29804 666 29836 630 7483 1 0 0 0 0 0 0 1 1 1 0 R 0
1055 25175 22017 606 22045 578 5794 1 0 0 0 0 0 0 1 1 1 0 R 0
1056 25197 20974 622 21009 589 3785 1 0 0 0 0 0 0 1 1 1 0 R 0
1057 25224 26490 1055 26513 1049 7126 1 0 0 0 0 0 0 1 1 1 0 R 0
1058 25244 18630 587 18635 564 3762 1 0 0 0 0 0 0 1 1 1 0 R 0
1059 25266 21994 607 22030 573 3809 1 0 0 0 0 0 0 1 1 1 0 R 0
1060 25287 20085 628 20114 595 4404 1 0 0 0 0 0 0 1 1 2 0 R 0
1061 25311 23448 1037 23483 1009 5696 1 0 0 0 0 0 0 1 1 1 0 R 0
1062 25343 30768 984 30789 957 5699 1 0 0 0 0 0 0 1 1 1 0 R 0
1063 25369 25623 612 25652 579 7306 1 0 0 0 0 0 0 1 1 1 0 R 0
1064 25390 19732 606 19767 570 4397 1 0 0 0 0 0 0 1 1 1 0 R 0
1065 25419 28533 1292 28661 1181 10961 1 0 0 0 0 0 0 1 1 1 0 R 0
1066 25449 28847 1117 28966 990 6119 1 0 0 0 0 0 0 1 1 1 0 R 0
1067 25476 25550 611 25573 582 6105 1 0 0 0 0 0 0 1 1 1 0 R 0
1068 25496 19337 597 19366 567 4190 1 0 0 0 0 0 0 1 1 2 0 R 0
1069 25525 28299 1091 27518 972 4357 1 0 1 0 0 0 0 1 1 1 0 R 0
1070 25547 21466 657 21500 626 7243 1 0 0 0 0 0 0 1 1 1 0 R 0
1071 25570 22014 884 22131 766 4224 1 0 0 0 0 0 0 1 1 1 0 R 0
1072 25591 20446 938 20477 912 3794 1 0 0 0 0 0 0 1 1 2 0 R 0
1073 25615 23334 1009 23356 982 3794 1 0 0 0 0 0 0 1 1 1 0 R 0
1074 25646 29286 1030 29315 1004 6004 1 0 0 0 0 0 0 1 1 1 0 R 0
1075 25670 23712 970 23751 926 6603 1 0 0 0 0 0 0 1 1 1 0 R 0
1076 25692 20745 597 20766 577 4191 1 0 0 0 0 0 0 1 1 2 0 R 0
1077 25713 20668 775 20714 729 3773 1 0 0 0 0 0 0 1 1 1 0 R 0
1078 25744 29421 961 29539 956 4995 1 0 0 0 0 0 0 1 1 1 0 R 0
1079 25770 24876 655 24799 621 7130 1 0 0 0 0 0 0 1 1 1 0 R 0
1080 25793 23074 594 23101 572 8073 1 0 0 0 0 0 0 1 1 1 0 R 0
1081 25815 21567 999 21596 972 3781 1 0 0 0 0 0 0 1 1 1 0 R 0
1082 25845 28484 990 28597 989 4367 1 0 0 0 0 0 0 1 1 1 0 R 0
1083 25872 25642 1022 25556 992 6306 1 0 0 0 0 0 0 1 1 2 0 R 0
1084 25891 18570 966 18599 938 4125 1 0 0 0 0 0 0 1 1 1 0 R 0
1085 25913 21111 608 21138 578 3732 1 0 0 0 0 0 0 1 1 1 0 R 0
1086 25941 27630 1449 27664 1421 6301 1 0 0 0 0 0 0 1 1 1 0 R 0
1087 25972 28649 966 28674 943 7046 1 0 0 0 0 0 0 1 1 2 0 R 0
1088 25993 20195 674 20226 629 4137 1 0 0 0 0 0 0 1 1 1 0 R 0
1089 26014 20820 600 20854 568 3818 1 0 0 0 0 0 0 1 1 1 0 R 0
1090 26040 25289 987 25325 961 4910 1 0 0 0 0 0 0 1 1 1 0 R 0
1091 26071 29824 1542 29849 1610 7626 1 0 0 0 0 0 0 1 1 1 0 R 0
1092 26095 23002 608 22935 571 5633 1 0 0 0 0 0 0 1 1 1 0 R 0
1093 26120 24406 1048 20665 1023 4451 1 0 1 0 0 0 0 1 1 2 0 R 0
1094 26153 31717 1032 31742 1008 5692 1 0 0 0 0 0 0 1 1 1 0 R 0
1095 26184 29574 1332 29678 1255 14044 1 0 0 0 0 0 0 1 1 1 0 R 0
1096 26205 20181 654 20185 623 3725 1 0 0 0 0 0 0 1 1 2 0 R 0
1097 26230 23645 1102 23764 981 3785 1 0 0 0 0 0 0 1 1 1 0 R 0
1098 26259 28305 1037 28332 1012 5160 1 0 0 0 0 0 0 1 1 1 0 R 0
1099 26289 28690 753 28720 726 6553 1 0 0 0 0 0 0 1 1 1 0 R 0
1100 26309 19850 655 19879 624 4449 1 0 0 0 0 0 0 1 1 1 0 R 0
1101 26334 24278 726 24340 664 4880 1 0 0 0 0 0 0 1 1 2 0 R 0
1102 26355 20016 601 20045 574 3813 1 0 0 0 0 0 0 1 1 1 0 R 0
1103 26375 19701 600 19725 572 3797 1 0 0 0 0 0 0 1 1 1 0 R 0
1104 26397 20961 609 20995 575 3811 1 0 0 0 0 0 0 1 1 2 0 R 0
1105 26418 20261 1554 20293 1527 4282 1 0 0 0 0 0 0 1 1 0 0 R 0
1106 26444 24731 1016 24755 1095 3777 1 0 0 0 0 0 0 1 1 2 0 R 0
1107 26475 30178 1113 30199 989 7554 1 0 0 0 0 0 0 1 1 1 0 R 0
1108 26501 24838 952 24868 919 7138 1 0 0 0 0 0 0 1 1 1 0 R 0
1109 26520 18247 2459 18276 2445 3787 1 0 0 0 0 0 0 1 1 1 0 R 0
1110 26564 41322 1012 41338 1098 11347 1 0 0 0 0 0 0 1 1 2 0 R 0
1111 26589 24238 600 24158 563 7318 1 0 0 0 0 0 0 1 1 1 0 R 0
1112 26611 20507 589 20538 556 3775 1 0 0 0 0 1 0 1 1 1 0 R 0
1113 26633 21771 978 21802 960 3817 1 0 0 0 0 0 0 1 1 1 0 R 0
1114 26660 26523 2039 26571 2105 4858 1 0 0 0 0 0 0 1 1 2 0 R 0
1115 26689 26062 620 25974 588 7497 1 0 0 0 0 0 0 1 1 1 0 R 0
1116 26709 19830 1213 19860 1201 4462 1 0 0 0 0 1 0 1 1 1 0 R 0
1117 26732 21355 1094 21403 1033 3808 1 0 0 0 0 0 0 1 1 1 0 R 0
1118 26758 25738 1175 25764 1159 5601 1 0 0 0 0 0 0 1 1 1 0 R 0
1119 26789 29849 918 29869 880 5798 1 0 0 0 0 0 0 1 1 2 0 R 0
1120 26813 22653 599 22686 574 5347 1 0 0 0 0 0 0 1 1 1 0 R 0
1121 26835 21875 597 21899 570 3816 1 0 0 0 0 0 0 1 1 1 0 R 0
1122 26864 28219 985 28245 965 7329 1 0 0 0 0 0 0 1 1 1 0 R 0
1123 26893 27867 646 26632 614 9174 1 0 1 0 0 0 0 1 1 1 0 R 0
1124 26915 20920 603 20953 573 4157 1 0 0 0 0 0 0 1 1 1 0 R 0
1125 26939 23569 618 23604 586 7931 1 0 0 0 0 0 0 1 1 2 0 R 0
1126 26964 24769 1166 24792 1151 5732 1 0 0 0 0 0 0 1 1 1 0 R 0
1127 26994 28512 599 28534 994 6326 1 0 0 0 0 0 0 1 1 1 0 R 0
1128 27015 20540 606 20148 576 4036 1 0 0 0 0 0 0 1 1 1 0 R 0
1129 27037 21485 608 21517 576 3672 1 0 0 0 0 0 0 1 1 1 0 R 0
1130 27065 26732 1141 26858 1012 4985 1 0 0 0 0 0 0 1 1 2 0 R 0
1131 27096 30456 912 30490 975 7055 1 0 0 0 0 0 0 1 1 1 0 R 0
1132 27119 22113 674 22054 638 6712 1 0 0 0 0 0 0 1 1 1 0 R 0
1133 27141 21026 629 21065 590 3867 1 0 0 0 0 0 0 1 1 1 0 R 0
1134 27168 26236 1169 26267 1157 5545 1 0 0 0 0 0 0 1 1 1 0 R 0
1135 27199 30594 1014 30609 987 7049 1 0 0 0 0 0 0 1 1 1 0 R 0
1136 27223 22597 642 22618 621 6616 1 0 0 0 0 0 0 1 1 1 0 R 0
1137 27244 20754 657 20784 619 3793 1 0 0 0 0 0 0 1 1 1 0 R 0
1138 27273 27709 948 27750 919 5368 1 0 0 0 0 0 0 1 1 3 0 R 0
1139 27293 18715 580 18732 552 3792 1 0 0 0 0 0 0 1 1 1 0 R 0
1140 27317 24381 629 24419 592 8257 1 0 0 0 0 0 0 1 1 1 0 R 0
1141 27337 19205 609 19254 561 4055 1 0 0 0 0 0 0 1 1 1 0 R 0
1142 27365 26836 996 26865 974 6038 1 0 0 0 0 0 0 1 1 2 0 R 0
1143 27396 30758 1025 30788 997 7394 1 0 0 0 0 0 0 1 1 1 0 R 0
1144 27419 21050 608 21072 577 4590 1 0 0 0 0 0 0 1 1 1 0 R 0
1145 27439 19373 601 19406 568 4384 1 0 0 0 0 0 0 1 1 1 0 R 0
1146 27463 23953 1204 24000 1186 6157 1 0 0 0 0 0 0 1 1 1 0 R 0
1147 27494 29301 1101 29390 988 6526 1 0 0 0 0 0 0 1 1 1 0 R 0
1148 27518 23505 600 23317 565 7061 1 0 1 0 0 0 0 1 1 1 0 R 0
1149 27539 19921 616 19959 579 4211 1 0 0 0 0 0 0 1 1 1 0 R 0
1150 27564 24417 601 24449 569 5521 1 0 0 0 0 0 0 1 1 2 0 R 0
1151 27594 29309 997 29337 987 6740 1 0 0 0 0 0 0 1 1 1 0 R 0
1152 27621 26777 982 26795 951 7468 1 0 0 0 0 0 0 1 1 1 0 R 0
1153 27641 18728 921 18755 897 4351 1 0 0 0 0 0 0 1 1 1 0 R 0
1154 27666 23722 759 23749 730 4863 1 0 0 0 0 0 0 1 1 1 0 R 0
1155 27700 33914 998 34037 982 13869 1 0 0 0 0 0 0 1 1 2 0 R 0
1156 27724 22232 664 22165 624 5567 1 0 0 0 0 0 0 1 1 0 0 R 0
1157 27743 18975 833 19045 767 3771 1 0 0 0 0 0 0 1 1 1 0 R 0
1158 27768 24229 612 24257 574 5694 1 0 0 0 0 0 0 1 1 2 0 R 0
1159 27798 28598 1221 28634 1201 6758 1 0 0 0 0 0 0 1 1 1 0 R 0
1160 27827 27748 603 27768 569 7124 1 0 0 0 0 0 0 1 1 1 0 R 0
1161 27847 19742 605 19775 571 4490 1 0 0 0 0 0 0 1 1 1 0 R 0
1162 27871 23608 972 23643 946 5819 1 0 0 0 0 0 0 1 1 1 0 R 0
1163 27901 28796 1851 28923 1730 6152 1 0 0 0 0 0 0 1 1 1 0 R 0
1164 27926 22913 615 22935 581 7606 1 0 0 0 0 0 0 1 1 1 0 R 0
1165 27946 19428 591 19456 565 4232 1 0 0 0 0 0 0 1 1 1 0 R 0
1166 27970 24003 998 24037 971 4183 1 0 0 0 0 0 0 1 1 2 0 R 0
1167 27999 27871 1096 27986 978 5096 1 0 0 0 0 0 0 1 1 1 0 R 0
1168 28029 28355 947 28381 925 6601 1 0 0 0 0 0 0 1 1 1 0 R 0
1169 28049 19477 606 19502 574 4104 1 0 0 0 0 0 0 1 1 1 0 R 0
1170 28077 26854 616 26887 583 10880 1 0 0 0 0 0 0 1 1 1 0 R 0
1171 28106 28391 1038 28445 990 7489 1 0 0 0 0 0 0 1 1 2 0 R 0
1172 28133 26572 628 26590 606 5018 1 0 0 0 0 0 0 1 1 0 0 R 0
1173 28153 19309 591 19333 561 4091 1 0 0 0 0 0 0 1 1 1 0 R 0
1174 28179 25181 614 25219 581 4772 1 0 0 0 0 0 0 1 1 2 0 R 0
1175 28205 25612 603 25640 572 6339 1 0 0 0 0 0 0 1 1 1 0 R 0
1176 28225 19009 590 19041 560 3792 1 0 0 0 0 0 0 1 1 1 0 R 0
1177 28249 23609 667 23645 633 5780 1 0 0 0 0 0 0 1 1 2 0 R 0
1178 28272 21979 1456 22567 976 4250 1 0 0 0 0 0 0 1 1 1 0 R 0
1179 28301 27998 1736 27922 1717 5076 1 0 0 0 0 0 0 1 1 1 0 R 0
1180 28328 25176 849 25196 819 6494 1 0 0 0 0 0 0 1 1 1 0 R 0
1181 28348 19618 609 19647 572 4635 1 0 0 0 0 0 0 1 1 2 0 R 0
1182 28370 20488 619 20526 586 4190 1 0 0 0 0 0 0 1 1 1 0 R 0
1183 28397 27127 1020 27161 985 5035 1 0 0 0 0 0 0 1 1 1 0 R 0
1184 28426 27958 618 27994 582 7017 1 0 0 0 0 0 0 1 1 1 0 R 0
1185 28450 23229 614 23265 582 9067 1 0 0 0 0 0 0 1 1 1 0 R 0
1186 28474 23258 676 23038 636 3777 1 0 1 0 0 0 0 1 1 1 0 R 0
1187 28502 26911 1662 26939 1646 6726 1 0 0 0 0 0 0 1 1 2 0 R 0
1188 28531 27619 613 27641 577 7937 1 0 0 0 0 0 0 1 1 0 0 R 0
1189 28551 19481 602 19512 567 3721 1 0 0 0 0 0 0 1 1 1 0 R 0
1190 28573 21892 579 21921 566 3810 1 0 0 0 0 0 0 1 1 2 0 R 0
1191 28600 25568 995 25589 966 4774 1 0 0 0 0 0 0 1 1 1 0 R 0
1192 28629 28047 1106 28077 1079 6332 1 0 0 0 0 0 0 1 1 1 0 R 0
1193 28653 23595 658 23613 629 5810 1 0 0 0 0 0 0 1 1 1 0 R 0
1194 28675 20959 700 20989 677 3758 1 0 0 0 0 0 0 1 1 1 0 R 0
1195 28701 25261 1489 25389 1473 5188 1 0 0 0 0 0 0 1 1 1 0 R 0
1196 28731 28720 1552 28645 1624 7725 1 0 0 0 0 0 0 1 1 2 0 R 0
1197 28753 20428 604 20343 577 3945 1 0 0 0 0 0 0 1 1 1 0 R 0
1198 28773 19336 1524 19361 1612 3812 1 0 0 0 0 0 0 1 1 1 0 R 0
1199 28800 25048 1093 25064 974 3935 1 0 0 0 0 0 0 1 1 1 0 R 0
1200 28833 32657 964 32677 942 12814 1 0 0 0 0 0 0 1 1 1 0 R 0
1201 28857 22815 617 22842 587 5942 1 0 0 0 0 0 0 1 1 1 0 R 0
1202 28879 21579 780 21626 746 4280 1 0 0 0 0 0 0 1 1 1 0 R 0
1203 28906 25446 1116 25562 990 4795 1 0 0 0 0 0 0 1 1 2 0 R 0
1204 28937 30336 1167 30365 1152 7245 1 0 0 0 0 0 0 1 1 1 0 R 0
1205 28960 22197 693 22238 647 6675 1 0 0 0 0 1 0 1 1 1 0 R 0
1206 28983 22406 597 22423 565 3796 1 0 0 0 0 0 0 1 1 1 0 R 0
1207 29011 26652 1322 26692 1301 4906 1 0 0 0 0 0 0 1 1 1 0 R 0
1208 29031 19126 974 19143 946 3783 1 0 0 0 0 0 0 1 1 2 0 R 0
1209 29054 21972 612 21998 579 3708 1 0 0 0 0 0 0 1 1 1 0 R 0
1210 29075 20580 600 20614 570 4072 1 0 0 0 0 0 0 1 1 1 0 R 0
1211 29099 23185 614 23219 579 5607 1 0 0 0 0 0 0 1 1 2 0 R 0
1212 29127 27676 1138 27808 1014 7272 1 0 0 0 0 0 0 1 1 0 0 R 0
1213 29152 23413 985 23444 952 7149 1 0 0 0 0 0 0 1 1 1 0 R 0
1214 29172 19347 592 19363 573 3803 1 0 0 0 0 0 0 1 1 2 0 R 0
1215 29199 26536 1210 26571 1185 8040 1 0 0 0 0 0 0 1 1 1 0 R 0
1216 29231 30346 1691 30372 1675 5289 1 0 0 0 0 0 0 1 1 1 0 R 0
1217 29255 22771 615 22785 581 7682 1 0 0 0 0 0 0 1 1 1 0 R 0
1218 29276 19717 792 19804 704 3781 1 0 0 0 0 0 0 1 1 2 0 R 0
1219 29300 23519 3107 23697 2961 4352 1 0 0 0 0 1 0 1 1 1 0 R 0
1220 29331 27818 1540 27823 1524 5389 1 0 0 0 0 0 0 1 1 1 0 R 0
1221 29356 23661 640 23696 586 7705 1 0 0 0 0 0 0 1 1 1 0 R 0
1222 29376 19657 604 19695 567 4208 1 0 0 0 0 0 0 1 1 1 0 R 0
1223 29397 20121 603 20155 574 4198 1 0 0 0 0 0 0 1 1 1 0 R 0
1224 29419 21354 607 21388 573 4523 1 0 0 0 0 0 0 1 1 1 0 R 0
1225 29445 25639 1003 25669 985 4243 1 0 0 0 0 0 0 1 1 2 0 R 0
1226 29467 20830 787 20879 748 4395 1 0 0 0 0 0 0 1 1 1 0 R 0
1227 29487 18816 635 18826 605 4188 1 0 0 0 0 0 0 1 1 1 0 R 0
1228 29510 22857 609 22889 578 5652 1 0 0 0 0 0 0 1 1 1 0 R 0
1229 29539 27778 1069 26985 1040 4649 1 0 1 0 0 0 0 1 1 2 0 R 0
1230 29566 26340 620 26369 586 12419 1 0 0 0 0 0 0 1 1 1 0 R 0
1231 29586 19386 596 19419 564 4246 1 0 0 0 0 0 0 1 1 1 0 R 0
1232 29610 23685 617 23724 581 5157 1 0 0 0 0 0 0 1 1 1 0 R 0
1233 29639 27891 1011 28014 906 5671 1 0 0 0 0 0 0 1 1 1 0 R 0
1234 29663 23510 598 23518 575 6573 1 0 0 0 0 0 0 1 1 1 0 R 0
1235 29684 20082 606 20109 574 3720 1 0 0 0 0 0 0 1 1 2 0 R 0
1236 29707 22600 1008 22634 986 3805 1 0 0 0 0 0 0 1 1 1 0 R 0
1237 29736 27821 1032 27843 1007 4790 1 0 0 0 0 0 0 1 1 1 0 R 0
1238 29766 29022 1091 29050 1059 7271 1 0 0 0 0 0 0 1 1 1 0 R 0
1239 29788 20429 588 20462 568 4462 1 0 0 0 0 0 0 1 1 1 0 R 0
1240 29810 21612 1056 21632 1132 4226 1 0 0 0 0 0 0 1 1 2 0 R 0
1241 29839 28209 1183 28135 1166 4118 1 0 0 0 0 0 0 1 1 1 0 R 0
1242 29864 23880 783 23894 754 4738 1 0 0 0 0 0 0 1 1 1 0 R 0
1243 29886 20715 595 20746 561 4077 1 0 0 0 0 0 0 1 1 1 0 R 0
1244 29907 20620 615 20658 579 4204 1 0 0 0 0 0 0 1 1 1 0 R 0
1245 29939 31425 785 31544 668 12020 1 0 0 0 0 0 0 1 1 1 0 R 0
1246 29970 30028 1005 30061 977 6451 1 0 0 0 0 0 0 1 1 2 0 R 0
1247 29991 20528 923 20556 905 4248 1 0 0 0 0 0 0 1 1 1 0 R 0
1248 30014 21581 1053 21619 1005 3743 1 0 0 0 0 0 0 1 1 1 0 R 0
1249 30043 28467 1091 28580 973 5027 1 0 0 0 0 0 0 1 1 1 0 R 0
1250 30070 25269 630 25306 593 6980 1 0 0 0 0 0 0 1 1 1 0 R 0
1251 30090 19769 613 19802 579 4185 1 0 0 0 0 0 0 1 1 1 0 R 0
1252 30111 20591 1006 20638 967 3807 1 0 0 0 0 0 0 1 1 2 0 R 0
1253 30141 28261 1650 28383 1571 5895 1 0 0 0 0 0 0 1 1 1 0 R 0
1254 30169 26622 613 26605 582 7483 1 0 0 0 0 0 0 1 1 1 0 R 0
1255 30189 19882 614 19913 583 4417 1 0 0 0 0 0 0 1 1 1 0 R 0
1256 30210 20154 709 20189 675 3653 1 0 0 0 0 0 0 1 1 1 0 R 0
1257 30237 26033 1164 26159 1037 4214 1 0 0 0 0 0 0 1 1 2 0 R 0
1258 30268 30081 1029 30118 1038 7238 1 0 0 0 0 0 0 1 1 1 0 R 0
1259 30289 19408 666 19397 632 4470 1 0 0 0 0 0 0 1 1 1 0 R 0
1260 30314 24652 607 24680 582 7932 1 0 0 0 0 0 0 1 1 1 0 R 0
1261 30341 26707 1558 26741 1536 5191 1 0 0 0 0 0 0 1 1 1 0 R 0
1262 30369 26259 658 26277 631 7221 1 0 0 0 0 0 0 1 1 1 0 R 0
1263 30389 19699 587 19722 558 4046 1 0 0 0 0 0 0 1 1 1 0 R 0
1264 30409 19086 592 19121 557 3814 1 0 0 0 0 0 0 1 1 1 0 R 0
1265 30433 23411 986 23443 954 5866 1 0 0 0 0 0 0 1 1 2 0 R 0
1266 30463 29311 993 29343 977 7330 1 0 0 0 0 0 0 1 1 1 0 R 0
1267 30489 24119 613 23660 581 8595 1 0 1 0 0 0 0 1 1 1 0 R 0
1268 30508 19238 639 19273 605 4220 1 0 0 0 0 0 0 1 1 1 0 R 0
1269 30533 24131 596 24159 570 5235 1 0 0 0 0 0 0 1 1 1 0 R 0
1270 30564 30512 904 30538 879 6958 1 0 0 0 0 0 0 1 1 1 0 R 0
1271 30587 21722 608 21754 576 6310 1 0 0 0 0 0 0 1 1 1 0 R 0
1272 30607 19973 649 20003 622 4262 1 0 0 0 0 0 0 1 1 2 0 R 0
1273 30631 22839 1690 23123 1513 4133 1 0 0 0 0 0 0 1 1 1 0 R 0
1274 30660 26932 1173 26953 1045 4544 1 0 0 0 0 0 0 1 1 1 0 R 0
1275 30694 33023 608 33049 577 13165 1 0 0 0 0 0 0 1 1 1 0 R 0
1276 30713 19050 596 19077 566 4045 1 0 0 0 0 0 0 1 1 1 0 R 0
1277 30738 23858 612 23897 581 4739 1 0 0 0 0 0 0 1 1 1 0 R 0
1278 30768 29188 990 29219 969 6635 1 0 0 0 0 0 0 1 1 2 0 R 0
1279 30792 23593 612 23622 573 8137 1 0 0 0 0 0 0 1 1 1 0 R 0
1280 30814 21179 642 21209 616 4871 1 0 0 0 0 0 0 1 1 2 0 R 0
1281 30838 23548 632 23578 780 3725 1 0 0 0 0 0 0 1 1 1 0 R 0
1282 30868 29513 896 29368 967 5961 1 0 0 0 0 0 0 1 1 1 0 R 0
1283 30898 28437 599 28368 567 6659 1 0 0 0 0 0 0 1 1 1 0 R 0
1284 30917 19098 602 19125 576 4584 1 0 0 0 0 0 0 1 1 1 0 R 0
1285 30943 24621 602 24645 577 5268 1 0 0 0 0 0 0 1 1 2 0 R 0
1286 30973 29461 1156 29480 1150 5891 1 0 0 0 0 0 0 1 1 1 0 R 0
1287 31000 26402 602 26416 572 6958 1 0 0 0 0 0 0 1 1 1 0 R 0
1288 31020 19416 592 19447 563 4079 1 0 0 0 0 0 0 1 1 1 0 R 0
1289 31046 25526 616 25562 577 4980 1 0 0 0 0 0 0 1 1 1 0 R 0
1290 31072 25199 588 25225 563 10745 1 0 0 0 0 0 0 1 1 2 0 R 0
1291 31092 19344 592 19367 568 3767 1 0 0 0 0 0 0 1 1 1 0 R 0
1292 31117 23866 628 23901 595 5016 1 0 0 0 0 0 0 1 1 1 0 R 0
1293 31138 21040 1002 21162 882 4233 1 0 0 0 0 0 0 1 1 1 0 R 0
1294 31168 29056 998 29092 970 4703 1 0 0 0 0 0 0 1 1 1 0 R 0
1295 31196 26978 991 27087 873 5522 1 0 0 0 0 0 0 1 1 2 0 R 0
1296 31218 20881 666 20925 633 5660 1 0 0 0 0 0 0 1 1 1 0 R 0
1297 31239 20373 616 20399 584 4571 1 0 0 0 0 0 0 1 1 1 0 R 0
1298 31269 29627 1104 29753 979 5543 1 0 0 0 0 1 0 1 1 1 0 R 0
1299 31297 26078 602 26113 567 5907 1 0 0 0 0 0 0 1 1 1 0 R 0
1300 31318 20886 615 20917 583 4640 1 0 0 0 0 0 0 1 1 1 0 R 0
1301 31339 20527 611 20562 581 4335 1 0 0 0 0 0 0 1 1 1 0 R 0
1302 31368 28201 1054 28234 1121 5945 1 0 0 0 0 0 0 1 1 2 0 R 0
1303 31399 29558 1193 29637 1023 5824 1 0 0 0 0 0 0 1 1 1 0 R 0
1304 31421 21400 964 21421 951 6385 1 0 0 0 0 0 0 1 1 1 0 R 0
1305 31448 25883 1104 25997 977 7910 1 0 0 0 0 0 0 1 1 1 0 R 0
1306 31477 28172 1206 28200 1299 3889 1 0 0 0 0 0 0 1 1 2 0 R 0
1307 31504 25745 611 25654 572 6630 1 0 0 0 0 0 0 1 1 1 0 R 0
1308 31527 21929 603 21531 574 4145 1 0 1 0 0 0 0 1 1 1 0 R 0
1309 31548 20023 739 20057 705 4157 1 0 0 0 0 0 0 1 1 1 0 R 0
1310 31577 28391 1043 28521 917 6210 1 0 0 0 0 0 0 1 1 2 0 R 0
1311 31604 26430 614 26458 583 6835 1 0 0 0 0 0 0 1 1 1 0 R 0
1312 31625 20702 604 20730 575 4527 1 0 0 0 0 0 0 1 1 1 0 R 0
1313 31647 20466 696 20529 639 4211 1 0 0 0 0 0 0 1 1 1 0 R 0
1314 31673 25649 946 25706 899 5296 1 0 0 0 0 0 0 1 1 1 0 R 0
1315 31704 29803 1532 29908 1423 7078 1 0 0 0 0 0 0 1 1 1 0 R 0
1316 31725 19781 602 19803 574 3759 1 0 0 0 0 0 0 1 1 1 0 R 0
1317 31747 21389 835 21460 762 3795 1 0 0 0 0 0 0 1 1 2 0 R 0
1318 31774 26207 1093 26321 981 5004 1 0 0 0 0 0 0 1 1 1 0 R 0
1319 31805 29418 815 29446 791 7217 1 0 0 0 0 0 0 1 1 1 0 R 0
1320 31828 22612 651 22640 617 8598 1 0 0 0 0 0 0 1 1 1 0 R 0
1321 31849 20606 929 20669 882 4137 1 0 0 0 0 0 0 1 1 1 0 R 0
1322 31876 25739 916 25760 903 5035 1 0 0 0 0 0 0 1 1 1 0 R 0
1323 31905 28247 991 28346 979 7594 1 0 0 0 0 0 0 1 1 1 0 R 0
1324 31941 34982 945 25985 923 7551 1 0 17 0 0 0 0 1 1 2 0 R 0
1325 31967 25219 652 25244 617 5995 1 0 0 0 0 0 0 1 1 1 0 R 0
1326 31996 28272 1284 28392 1183 6528 1 0 0 0 0 0 0 1 1 1 0 R 0
1327 32025 27360 606 27372 576 7041 1 0 0 0 0 0 0 1 1 1 0 R 0
1328 32045 19925 612 19957 578 4045 1 0 0 0 0 0 0 1 1 1 0 R 0
1329 32069 23205 618 23247 583 5672 1 0 0 0 0 0 0 1 1 1 0 R 0
1330 32096 26016 789 26042 764 5112 1 0 0 0 0 0 0 1 1 2 0 R 0
1331 32119 22935 622 22973 585 6471 1 0 0 0 0 0 0 1 1 1 0 R 0
1332 32140 19563 657 19597 633 4142 1 0 0 0 0 0 0 1 1 1 0 R 0
1333 32161 20884 1357 20906 1442 3806 1 0 0 0 0 0 0 1 1 2 0 R 0
1334 32190 27320 1153 27328 1035 6778 1 0 0 0 0 0 0 1 1 1 0 R 0
1335 32221 29508 622 29537 588 13231 1 0 0 0 0 0 0 1 1 1 0 R 0
1336 32243 22000 599 22027 575 4190 1 0 0 0 0 0 0 1 1 1 0 R 0
1337 32265 21339 995 21366 979 3753 1 0 0 0 0 0 0 1 1 2 0 R 0
1338 32295 28536 1471 28547 1453 6161 1 0 0 0 0 0 0 1 1 1 0 R 0
1339 32326 29753 1367 29796 1323 8111 1 0 0 0 0 0 0 1 1 1 0 R 0
1340 32350 22745 818 22832 736 4633 1 0 0 0 0 0 0 1 1 1 0 R 0
1341 32380 28884 1438 29042 1273 3859 1 0 0 0 0 0 0 1 1 4 0 R 0
1342 32421 39478 811 39549 751 8189 1 0 0 0 0 0 0 1 1 4 0 R 0
1343 32441 19632 896 19655 869 4386 1 0 0 0 0 0 0 1 1 1 0 R 0
1344 32464 21890 597 21912 569 3818 1 0 0 0 0 0 0 1 1 1 0 R 0
1345 32491 27002 1495 26267 1460 4318 1 0 1 0 0 0 0 1 1 1 0 R 0
1346 32523 30430 600 30456 577 6703 1 0 0 0 0 0 0 1 1 2 0 R 0
1347 32543 19252 918 19329 841 3982 1 0 0 0 0 0 0 1 1 1 0 R 0
1348 32565 20605 1017 20632 992 3717 1 0 0 0 0 0 0 1 1 1 0 R 0
1349 32594 28202 1012 28227 988 5500 1 0 0 0 0 0 0 1 1 1 0 R 0
1350 32626 31062 616 31091 583 14212 1 0 0 0 0 0 0 1 1 1 0 R 0
1351 32647 20390 608 20426 576 4368 1 0 0 0 0 0 0 1 1 2 0 R 0
1352 32669 21426 613 21461 575 4197 1 0 0 0 0 0 0 1 1 1 0 R 0
1353 32693 22954 979 23071 972 4091 1 0 0 0 0 0 0 1 1 1 0 R 0
1354 32723 29128 1319 29130 1228 6958 1 0 0 0 0 0 0 1 1 1 0 R 0
1355 32744 20431 646 20443 617 3873 1 0 0 0 0 0 0 1 1 1 0 R 0
1356 32765 19589 599 19620 571 3716 1 0 0 0 0 0 0 1 1 1 0 R 0
1357 32790 24378 1422 24523 1290 5013 1 0 0 0 0 0 0 1 1 2 0 R 0
1358 32820 28657 1016 28677 986 6405 1 0 0 0 0 0 0 1 1 0 0 R 0
1359 32843 22586 597 22609 569 6061 1 0 0 0 0 0 0 1 1 2 0 R 0
1360 32864 19814 585 19838 562 3712 1 0 0 0 0 0 0 1 1 2 0 R 0
1361 32888 23853 604 23884 573 4900 1 0 0 0 0 0 0 1 1 1 0 R 0
1362 32918 28683 690 28804 570 6863 1 0 0 0 0 0 0 1 1 1 0 R 0
1363 32942 24044 629 24081 592 5811 1 0 0 0 0 0 0 1 1 1 0 R 0
1364 32961 18405 935 18434 902 3733 1 0 0 0 0 0 0 1 1 1 0 R 0
1365 32989 27188 610 27222 583 10036 1 0 0 0 0 0 0 1 1 1 0 R 0
1366 33019 28982 1008 29108 984 5697 1 0 0 0 0 0 0 1 1 2 0 R 0
1367 33044 24149 696 24105 635 6952 1 0 0 0 0 0 0 1 1 1 0 R 0
1368 33064 19291 729 19345 681 3686 1 0 0 0 0 0 0 1 1 1 0 R 0
1369 33087 22155 1117 22283 989 3754 1 0 0 0 0 0 0 1 1 1 0 R 0
1370 33115 26990 1058 27017 1149 4205 1 0 0 0 0 0 0 1 1 2 0 R 0
1371 33145 29240 1258 29234 1151 7155 1 0 0 0 0 0 0 1 1 1 0 R 0
1372 33167 20151 642 20178 607 4213 1 0 0 0 0 0 0 1 1 1 0 R 0
1373 33189 21454 999 21490 969 4211 1 0 0 0 0 0 0 1 1 1 0 R 0
1374 33219 28586 1160 28619 1130 4260 1 0 0 0 0 0 0 1 1 1 0 R 0
1375 33248 28599 1001 28634 964 6372 1 0 0 0 0 0 0 1 1 1 0 R 0
1376 33270 20245 647 20275 615 3805 1 0 0 0 0 0 0 1 1 1 0 R 0
1377 33293 23032 1013 23060 992 3627 1 0 0 0 0 0 0 1 1 2 0 R 0
1378 33322 28267 598 28289 571 4321 1 0 0 0 0 0 0 1 1 1 0 R 0
1379 33343 19831 645 19861 615 3809 1 0 0 0 0 0 0 1 1 1 0 R 0
1380 33369 25283 622 25319 586 11429 1 0 0 0 0 0 0 1 1 1 0 R 0
1381 33391 21728 2077 21777 2058 3886 1 0 0 0 0 0 0 1 1 1 0 R 0
1382 33422 28269 1725 28384 1601 5047 1 0 0 0 0 0 0 1 1 2 0 R 0
1383 33448 24822 789 24835 761 7951 1 0 0 0 0 0 0 1 1 1 0 R 0
1384 33468 19048 603 19076 571 4609 1 0 0 0 0 0 0 1 1 1 0 R 0
1385 33489 20900 616 20934 582 4603 1 0 0 0 0 0 0 1 1 1 0 R 0
1386 33519 29149 1001 28662 968 4535 1 0 1 0 0 0 0 1 1 1 0 R 0
1387 33548 27537 623 27572 581 6636 1 0 0 0 0 0 0 1 1 1 0 R 0
1388 33569 20256 604 20294 573 4468 1 0 0 0 0 0 0 1 1 2 0 R 0
1389 33590 20690 750 20723 714 4211 1 0 0 0 0 0 0 1 1 1 0 R 0
1390 33617 25907 994 25944 959 4447 1 0 0 0 0 0 0 1 1 1 0 R 0
1391 33647 29570 1259 29695 1160 6468 1 0 0 0 0 1 0 1 1 1 0 R 0
1392 33671 22846 1075 22857 1046 7687 1 0 0 0 0 0 0 1 1 1 0 R 0
1393 33694 21726 690 21760 648 3780 1 0 0 0 0 0 0 1 1 1 0 R 0
1394 33721 26243 1804 26374 1719 5642 1 0 0 0 0 0 0 1 1 1 0 R 0
1395 33753 30555 606 30543 572 13091 1 0 0 0 0 0 0 1 1 1 0 R 0
1396 33774 20399 599 20431 571 3824 1 0 0 0 0 0 0 1 1 2 0 R 0
1397 33796 21132 595 21164 567 3771 1 0 0 0 0 0 0 1 1 1 0 R 0
1398 33823 26006 1027 26070 971 5251 1 0 0 0 0 0 0 1 1 2 0 R 0
1399 33853 29134 821 29343 601 7309 1 0 0 0 0 0 0 1 1 1 0 R 0
1400 33873 19545 599 19567 579 3994 1 0 0 0 0 0 0 1 1 0 0 R 0
1401 33893 19280 1600 19304 1581 3828 1 0 0 0 0 0 0 1 1 2 0 R 0
1402 33919 24565 1225 24594 1220 3827 1 0 0 0 0 0 0 1 1 1 0 R 0
1403 33948 27457 1109 27551 992 7188 1 0 0 0 0 0 0 1 1 1 0 R 0
1404 33970 21304 617 21327 582 4678 1 0 0 0 0 0 0 1 1 2 0 R 0
1405 33991 19625 680 19680 631 3821 1 0 0 0 0 0 0 1 1 1 0 R 0
1406 34014 22689 1035 22715 1002 5193 1 0 0 0 0 0 0 1 1 0 0 R 0
1407 34040 24906 613 24943 580 4477 1 0 0 0 0 0 0 1 1 2 0 R 0
1408 34066 25322 652 25353 627 6445 1 0 0 0 0 0 0 1 1 1 0 R 0
1409 34086 19537 588 19561 563 4243 1 0 0 0 0 0 0 1 1 1 0 R 0
1410 34112 24944 1694 25495 1157 8075 1 0 0 0 0 0 0 1 1 2 0 R 0
1411 34139 26220 1000 26238 967 4478 1 0 0 0 0 0 0 1 1 1 0 R 0
1412 34165 24208 1107 24233 1087 6203 1 0 0 0 0 0 0 1 1 1 0 R 0
1413 34187 21592 624 21622 594 6102 1 0 0 0 0 0 0 1 1 1 0 R 0
1414 34210 21684 1099 21732 1188 4165 1 0 0 0 0 0 0 1 1 1 0 R 0
1415 34239 28646 1084 28627 968 5249 1 0 0 0 0 0 0 1 1 1 0 R 0
1416 34267 26306 805 26336 778 6145 1 0 0 0 0 0 0 1 1 1 0 R 0
1417 34287 19806 618 19834 580 4721 1 0 0 0 0 0 0 1 1 2 0 R 0
1418 34309 21071 1388 21109 1360 4219 1 0 0 0 0 0 0 1 1 1 0 R 0
1419 34340 29360 1268 29436 1196 5341 1 0 0 0 0 0 0 1 1 2 0 R 0
1420 34368 27160 617 27186 581 5923 1 0 0 0 0 0 0 1 1 0 0 R 0
1421 34389 19950 613 19980 578 4809 1 0 0 0 0 0 0 1 1 2 0 R 0
1422 34411 21148 625 21189 588 4248 1 0 0 0 0 0 0 1 1 1 0 R 0
1423 34438 26455 1222 26487 1297 4958 1 0 0 0 0 0 0 1 1 1 0 R 0
1424 34469 29740 627 29670 588 6493 1 0 0 0 0 0 0 1 1 1 0 R 0
1425 34491 22118 973 22156 945 8627 1 0 0 0 0 0 0 1 1 2 0 R 0
1426 34514 21306 602 21333 569 3688 1 0 0 0 0 0 0 1 1 1 0 R 0
1427 34540 25561 1278 25694 1164 5221 1 0 0 0 0 0 0 1 1 1 0 R 0
1428 34570 28699 617 27734 577 6441 1 0 1 0 0 0 0 1 1 1 0 R 0
1429 34590 19832 676 19893 632 4053 1 0 0 0 0 0 0 1 1 1 0 R 0
1430 34611 20492 1708 20633 1556 3786 1 0 0 0 0 0 0 1 1 1 0 R 0
1431 34638 24393 608 24423 575 3754 1 0 0 0 0 0 0 1 1 2 0 R 0
1432 34666 27806 1098 27930 975 4865 1 0 0 0 0 0 0 1 1 1 0 R 0
1433 34689 21593 606 21623 571 4837 1 0 0 0 0 0 0 1 1 1 0 R 0
1434 34708 18829 597 18861 570 4313 1 0 0 0 0 0 0 1 1 1 0 R 0
1435 34733 23803 600 23830 570 5929 1 0 0 0 0 0 0 1 1 1 0 R 0
1436 34761 27439 985 27471 967 7096 1 0 0 0 0 0 0 1 1 1 0 R 0
1437 34789 27409 618 27429 583 7644 1 0 0 0 0 0 0 1 1 1 0 R 0
1438 34809 19446 591 19475 564 4426 1 0 0 0 0 0 0 1 1 2 0 R 0
1439 34834 24573 612 24604 580 5104 1 0 0 0 0 0 0 1 1 1 0 R 0
1440 34866 30717 1186 30751 1183 13639 1 0 0 0 0 0 0 1 1 1 0 R 0
1441 34893 26326 620 26324 610 7677 1 0 0 0 0 0 0 1 1 1 0 R 0
1442 34913 19393 580 19405 554 3983 1 0 0 0 0 0 0 1 1 1 0 R 0
1443 34938 23884 659 23915 625 5431 1 0 0 0 0 0 0 1 1 1 0 R 0
1444 34961 22800 624 22835 969 7402 1 0 0 0 0 0 0 1 1 1 0 R 0
1445 34980 18767 596 18418 564 3746 1 0 0 0 0 0 0 1 1 1 0 R 0
1446 35003 22288 589 22318 568 5423 1 0 0 0 0 0 0 1 1 2 0 R 0
1447 35025 21569 594 21595 567 3779 1 0 0 0 0 0 0 1 1 1 0 R 0
1448 35051 25444 1864 25566 1757 5571 1 0 0 0 0 0 0 1 1 1 0 R 0
1449 35081 27495 1847 27602 1746 7108 1 0 0 0 0 0 0 1 1 1 0 R 0
1450 35105 22658 598 22667 567 8197 1 0 0 0 0 0 0 1 1 2 0 R 0
1451 35127 21043 615 21077 581 3810 1 0 0 0 0 0 0 1 1 1 0 R 0
1452 35154 26610 1224 26634 1219 5191 1 0 0 0 0 0 0 1 1 1 0 R 0
1453 35186 30445 978 30457 958 6282 1 0 0 0 0 0 0 1 1 1 0 R 0
1454 35209 22119 624 22142 592 6995 1 0 0 0 0 0 0 1 1 1 0 R 0
1455 35234 24058 654 24105 828 7827 1 0 0 0 0 0 0 1 1 2 0 R 0
1456 35260 25947 621 25759 584 6484 1 0 0 0 0 0 0 1 1 1 0 R 0
1457 35280 18954 604 18990 589 3687 1 0 0 0 0 0 0 1 1 1 0 R 0
1458 35303 22329 696 22348 667 3823 1 0 0 0 0 0 0 1 1 1 0 R 0
1459 35324 20333 821 20374 785 3776 1 0 0 0 0 0 0 1 1 1 0 R 0
1460 35347 22498 612 22526 577 5327 1 0 0 0 0 0 0 1 1 1 0 R 0
1461 35379 30924 1190 30950 1173 7704 1 0 0 0 0 0 0 1 1 2 0 R 0
1462 35401 21596 958 21620 919 6399 1 0 0 0 0 0 0 1 1 0 0 R 0
1463 35424 21671 688 21741 637 3805 1 0 0 0 0 0 0 1 1 2 0 S 0
1464 35455 30731 1219 30799 1146 7113 1 0 0 0 0 0 0 1 1 1 0 R 0
1465 35487 29928 1290 30197 1028 6711 1 0 0 0 0 0 0 1 1 1 0 R 0
1466 35508 20297 598 20309 572 4378 1 0 0 0 0 0 0 1 1 1 0 R 0
1467 35528 19504 993 19320 926 5116 1 0 1 0 0 0 0 1 1 2 0 R 0
1468 35554 24531 989 24630 977 6091 1 0 0 0 0 0 0 1 1 1 0 R 0
1469 35584 28713 1135 28660 1183 7188 1 0 0 0 0 0 0 1 1 1 0 R 0
1470 35613 27911 818 27837 793 13434 1 0 0 0 0 0 0 1 1 1 0 R 0
1471 35633 19267 589 19294 561 3819 1 0 0 0 0 0 0 1 1 2 0 R 0
1472 35658 24859 1013 24893 985 4148 1 0 0 0 0 0 0 1 1 1 0 R 0
1473 35689 29825 693 29947 567 5919 1 0 0 0 0 0 0 1 1 1 0 R 0
1474 35715 24931 924 24963 903 6611 1 0 0 0 0 0 0 1 1 1 0 R 0
1475 35736 20195 736 20275 642 3950 1 0 0 0 0 0 0 1 1 1 0 R 0
1476 35761 24329 1906 24484 1766 4266 1 0 0 0 0 0 0 1 1 2 0 R 0
1477 35784 20868 634 20886 605 5704 1 0 0 0 0 0 0 1 1 1 0 R 0
1478 35803 19165 1255 19190 1232 3788 1 0 0 0 0 0 0 1 1 1 0 R 0
1479 35826 21260 612 21291 579 5670 1 0 0 0 0 0 0 1 1 1 0 R 0
1480 35848 21370 607 21407 570 4315 1 0 0 0 0 0 0 1 1 1 0 R 0
1481 35870 21657 615 21694 585 6635 1 0 0 0 0 0 0 1 1 1 0 R 0
1482 35894 23758 832 23785 802 3987 1 0 0 0 0 0 0 1 1 1 0 R 0
1483 35916 21156 710 21187 677 4736 1 0 0 0 0 0 0 1 1 2 0 R 0
1484 35938 20783 605 20816 575 4502 1 0 0 0 0 0 0 1 1 1 0 R 0
1485 35965 26436 602 26465 572 13407 1 0 0 0 0 0 0 1 1 1 0 R 0
1486 35994 28688 1533 28719 1522 6687 1 0 0 0 0 0 0 1 1 1 0 R 0
1487 36021 24884 620 24898 587 5697 1 0 0 0 0 0 0 1 1 2 0 R 0
1488 36044 22257 1681 22284 1672 4708 1 0 0 0 0 0 0 1 1 1 0 R 0
1489 36069 23530 1029 23547 1136 4342 1 0 0 0 0 0 0 1 1 1 0 R 0
1490 36099 28850 1016 28745 988 5964 1 0 0 0 0 0 0 1 1 2 0 R 0
1491 36125 25027 616 25055 584 6634 1 0 0 0 0 0 0 1 1 1 0 R 0
1492 36145 19324 634 19348 608 3692 1 0 0 0 0 0 0 1 1 1 0 R 0
1493 36169 24108 1087 24233 971 4651 1 0 0 0 0 0 0 1 1 1 0 R 0
1494 36198 27854 614 27881 578 6262 1 0 0 0 0 0 0 1 1 1 0 R 0
1495 36221 22528 996 22568 963 4592 1 0 0 0 0 0 0 1 1 1 0 R 0
1496 36241 18984 913 19007 885 4061 1 0 0 0 0 0 0 1 1 1 0 R 0
1497 36266 23413 784 23448 749 3713 1 0 0 0 0 0 0 1 1 1 0 R 0
1498 36294 27131 1000 27160 981 5370 1 0 0 0 0 0 0 1 1 2 0 R 0
1499 36318 23061 608 23087 574 7258 1 0 0 0 0 0 0 1 1 1 0 R 0
