# swapstamp frames 1500 skip 300 peer 471
# f t_ms gap_us swap_us crend_us cswap_us clr_us nclr vcs_r ivcs_r vcs_s ivcs_s minf majf cpu0 cpu1 pticks pcpu pstate ctr
0 0 25893 606 25825 575 13311 1 0 0 0 0 0 0 1 1 0 0 R 0
1 21 20408 613 20438 589 4212 1 0 0 0 0 0 0 1 1 2 0 R 0
2 42 20966 1123 21088 1000 4421 1 0 0 0 0 0 0 1 1 1 0 R 0
3 73 29837 1014 29864 990 6327 1 0 0 0 0 0 0 1 1 1 0 R 0
4 99 25348 614 25375 577 5929 1 0 0 0 0 0 0 1 1 1 0 R 0
5 121 20491 969 20521 942 4573 1 0 0 0 0 0 0 1 1 1 0 R 0
6 142 20829 607 20864 575 4270 1 0 0 0 0 0 0 1 1 1 0 R 0
7 172 28911 1008 28944 977 5809 1 0 0 0 0 0 0 1 1 1 0 R 0
8 199 26431 640 26460 605 6501 1 0 0 0 0 0 0 1 1 1 0 R 0
9 223 22600 693 22667 643 4322 1 0 0 0 0 0 0 1 1 2 0 R 0
10 243 19511 605 19536 571 3843 1 0 0 0 0 0 0 1 1 1 0 R 0
11 274 30455 1478 29820 1455 4942 1 0 1 0 0 0 0 1 1 1 0 R 0
12 302 26617 604 26638 573 5550 1 0 0 0 0 0 0 1 1 1 0 R 0
13 323 20806 584 20836 552 3828 1 0 0 0 0 0 0 1 1 1 0 R 0
14 346 21898 1409 21933 1380 3860 1 0 0 0 0 0 0 1 1 1 0 R 0
15 383 35954 1017 34767 899 13520 1 0 2 0 0 0 0 1 1 2 0 R 0
16 408 24234 636 24269 596 8102 1 0 0 0 0 0 0 1 1 0 0 R 0
17 430 20912 592 20946 562 4533 1 0 0 0 0 0 0 1 1 2 0 R 0
18 450 19929 608 19963 576 4218 1 0 0 0 0 0 0 1 1 1 0 R 0
19 482 30704 1095 30825 980 6101 1 0 0 0 0 0 0 1 1 1 0 R 0
20 508 25389 835 25417 801 5839 1 0 0 0 0 0 0 1 1 1 0 R 0
21 530 21065 637 21094 607 4525 1 0 0 0 0 0 0 1 1 2 0 R 0
22 551 20145 593 20181 561 4186 1 0 0 0 0 0 0 1 1 1 0 R 0
23 581 29468 1139 29589 1016 6237 1 0 0 0 0 0 0 1 1 1 0 R 0
24 609 26683 592 26719 557 6694 1 0 0 0 0 0 0 1 1 1 0 R 0
25 631 21238 678 21308 615 4255 1 0 0 0 0 0 0 1 1 1 0 R 0
26 652 20360 604 20390 569 4278 1 0 0 0 0 0 0 1 1 1 0 R 0
27 680 28083 1003 28203 994 5222 1 0 0 0 0 0 0 1 1 1 0 R 0
28 711 30093 1003 30015 972 7023 1 0 0 0 0 0 0 1 1 1 0 R 0
29 736 23726 591 23751 568 6290 1 0 0 0 0 0 0 1 1 2 0 R 0
30 761 24117 745 24145 714 8186 1 0 0 0 0 0 0 1 1 1 0 R 0
31 790 28233 1166 28380 1025 5640 1 0 0 0 0 0 0 1 1 1 0 R 0
32 818 26800 596 26831 556 6391 1 0 0 0 0 0 0 1 1 1 0 R 0
33 840 21163 596 21197 565 4597 1 0 0 0 0 0 0 1 1 1 0 R 0
34 862 21404 946 21438 1014 4312 1 0 0 0 0 0 0 1 1 1 0 R 0
35 886 23874 621 23801 592 4689 1 0 0 0 0 0 0 1 1 2 0 R 0
36 906 19204 622 19241 588 3888 1 0 0 0 0 0 0 1 1 1 0 R 0
37 930 22630 594 22663 557 3858 1 0 0 0 0 0 0 1 1 1 0 R 0
38 949 19077 593 19113 558 4432 1 0 0 0 0 0 0 1 1 1 0 R 0
39 977 27186 590 27219 561 5986 1 0 0 0 0 0 0 1 1 1 0 R 0
40 1005 27214 1146 27240 1139 6507 1 0 0 0 0 0 0 1 1 1 0 R 0
41 1030 23941 600 23951 568 7530 1 0 0 0 0 0 0 1 1 2 0 R 0
42 1050 19900 1017 19935 988 4240 1 0 0 0 0 0 0 1 1 1 0 R 0
43 1077 25836 861 25958 741 5550 1 0 0 0 0 0 0 1 1 1 0 R 0
44 1106 28340 998 28459 889 6210 1 0 0 0 0 0 0 1 1 1 0 R 0
45 1135 27699 584 27715 554 13378 1 0 0 0 0 0 0 1 1 1 0 R 0
46 1154 18055 930 18087 911 3942 1 0 0 0 0 0 0 1 1 1 0 R 0
47 1181 26553 593 26574 566 5451 1 0 0 0 0 0 0 1 1 2 0 R 0
48 1212 30028 1012 30057 987 6363 1 0 0 0 0 0 0 1 1 1 0 R 0
49 1239 25750 597 25262 568 6610 1 0 1 0 0 0 0 1 1 1 0 R 0
50 1259 19650 571 19675 545 4271 1 0 0 0 0 0 0 1 1 1 0 R 0
51 1284 24475 1209 24548 1152 4868 1 0 0 0 0 0 0 1 1 2 0 R 0
52 1313 27603 1103 27712 984 7865 1 0 0 0 0 0 0 1 1 1 0 R 0
53 1341 27502 604 27529 575 8339 1 0 0 0 0 0 0 1 1 1 0 R 0
54 1361 18948 579 18976 553 4408 1 0 0 0 0 0 0 1 1 1 0 R 0
55 1392 30287 1045 30320 1017 6019 1 0 0 0 0 0 0 1 1 1 0 R 0
56 1424 31009 1949 31143 1819 5437 1 0 0 0 0 0 0 1 1 2 0 R 0
57 1447 21388 593 21407 565 4164 1 0 0 0 0 0 0 1 1 1 0 R 0
58 1469 21590 716 21620 692 3833 1 0 0 0 0 0 0 1 1 1 0 R 0
59 1498 27568 976 27589 952 4975 1 0 0 0 0 0 0 1 1 1 0 R 0
60 1529 30832 600 30864 564 12967 1 0 0 0 0 0 0 1 1 1 0 R 0
61 1551 21284 597 21318 568 4392 1 0 0 0 0 0 0 1 1 1 0 R 0
62 1573 21042 717 21086 674 4245 1 0 0 0 0 0 0 1 1 1 0 R 0
63 1603 29531 1008 29561 1485 4958 1 0 0 0 0 0 0 1 1 1 0 R 0
64 1632 27557 1128 27077 1099 5906 1 0 0 0 0 0 0 1 1 1 0 R 0
65 1657 24270 743 23307 725 4525 1 0 2 0 0 0 0 1 1 2 0 R 0
66 1679 20713 604 20732 578 3865 1 0 0 0 0 1 0 1 1 1 0 R 0
67 1710 30351 932 30378 1005 6645 1 0 0 0 0 0 0 1 1 1 0 R 0
68 1740 29591 1272 29521 1240 7149 1 0 0 0 0 0 0 1 1 1 0 R 0
69 1763 21915 590 21945 560 4789 1 0 0 0 0 0 0 1 1 1 0 R 0
70 1787 23457 1123 23483 1100 3860 1 0 0 0 0 0 0 1 1 2 0 R 0
71 1822 33109 985 32800 994 6048 1 0 1 0 0 0 0 1 1 1 0 R 0
72 1846 23614 594 23522 563 6864 1 0 0 0 0 0 0 1 1 1 0 R 0
73 1867 20451 583 20483 551 3765 1 0 0 0 0 0 0 1 1 1 0 R 0
74 1892 23798 646 23831 619 3850 1 0 0 0 0 0 0 1 1 1 0 R 0
75 1926 33503 992 33617 883 11618 1 0 0 0 0 0 0 1 1 1 0 R 0
76 1949 22360 636 22404 586 7167 1 0 0 0 0 0 0 1 1 1 0 R 0
77 1971 20811 603 20844 571 4186 1 0 0 0 0 0 0 1 1 2 0 R 0
78 1994 22950 1430 23083 1317 4256 1 0 0 0 0 0 0 1 1 1 0 R 0
79 2026 30925 1366 30953 1338 4234 1 0 0 0 0 0 0 1 1 1 0 R 0
80 2054 26291 931 26302 909 7215 1 0 0 0 0 0 0 1 1 1 0 R 0
81 2075 20332 629 20365 586 4116 1 0 0 0 0 0 0 1 1 1 0 R 0
82 2102 26122 617 26164 582 5182 1 0 0 0 0 0 0 1 1 1 0 R 0
83 2134 31259 1771 31292 1745 6058 1 0 0 0 0 0 0 1 1 2 0 R 0
84 2156 20619 589 20642 558 5141 1 0 0 0 0 0 0 1 1 1 0 R 0
85 2178 21236 581 21266 554 3844 1 0 0 0 0 0 0 1 1 2 0 R 0
86 2203 23808 1012 23834 989 6139 1 0 0 0 0 0 0 1 1 1 0 R 0
87 2233 29261 1173 29286 1167 5232 1 0 0 0 0 0 0 1 1 0 0 R 0
88 2261 26698 609 26707 579 5951 1 0 0 0 0 1 0 1 1 1 0 R 0
89 2283 21960 598 21584 566 5290 1 0 1 0 0 0 0 1 1 2 0 R 0
90 2316 31881 1009 31912 989 10967 1 0 0 0 0 0 0 1 1 1 0 R 0
91 2348 31577 1026 31602 1001 7596 1 0 0 0 0 0 0 1 1 1 0 R 0
92 2372 22696 612 22723 577 6850 1 0 0 0 0 0 0 1 1 1 0 R 0
93 2395 22684 1341 22747 1293 3642 1 0 0 0 0 1 0 1 1 2 0 R 0
94 2422 25256 845 25386 711 6215 1 0 0 0 0 0 0 1 1 1 0 R 0
95 2443 20137 594 20160 561 3838 1 0 0 0 0 0 0 1 1 1 0 R 0
96 2466 22463 595 22495 566 3694 1 0 0 0 0 0 0 1 1 1 0 R 0
97 2487 20460 579 20488 550 3873 1 0 0 0 0 0 0 1 1 1 0 R 0
98 2512 24540 647 24575 607 6452 1 0 0 0 0 0 0 1 1 1 0 R 0
99 2543 29737 1041 29776 1012 4720 1 0 0 0 0 0 0 1 1 2 0 R 0
100 2566 22628 599 22655 568 6399 1 0 0 0 0 0 0 1 1 1 0 R 0
101 2588 20739 581 20764 562 3865 1 0 0 0 0 0 0 1 1 1 0 R 0
102 2613 24394 980 24419 953 6078 1 0 0 0 0 0 0 1 1 1 0 R 0
103 2644 29965 1484 29996 1464 5392 1 0 0 0 0 0 0 1 1 1 0 R 0
104 2667 22404 588 22421 557 7320 1 0 0 0 0 0 0 1 1 1 0 R 0
105 2691 23077 710 23124 668 8611 1 0 0 0 0 0 0 1 1 1 0 R 0
106 2714 21821 1606 21940 1513 5967 1 0 0 0 0 0 0 1 1 1 0 R 0
107 2746 30508 1144 30508 1136 4897 1 0 0 0 0 0 0 1 1 2 0 R 0
108 2768 21493 595 21507 563 7047 1 0 0 0 0 0 0 1 1 1 0 R 0
109 2790 20653 590 20681 562 4224 1 0 0 0 0 0 0 1 1 1 0 R 0
110 2816 26195 1030 26221 1016 4259 1 0 0 0 0 0 0 1 1 1 0 R 0
111 2848 30786 1306 30897 1205 6194 1 0 0 0 0 0 0 1 1 1 0 R 0
112 2872 22290 602 22300 567 7134 1 0 0 0 0 0 0 1 1 1 0 R 0
113 2893 20123 797 20156 767 4253 1 0 0 0 0 0 0 1 1 1 0 R 0
114 2918 25012 1001 25045 969 4787 1 0 0 0 0 0 0 1 1 1 0 R 0
115 2951 31129 1020 31162 991 5449 1 0 0 0 0 0 0 1 1 1 0 R 0
116 2973 21479 628 21509 590 6575 1 0 0 0 0 0 0 1 1 1 0 R 0
117 2994 20447 885 20480 857 3845 1 0 0 0 0 0 0 1 1 2 0 R 0
118 3020 24535 943 24568 1020 3823 1 0 0 0 0 0 0 1 1 1 0 R 0
119 3051 30557 1147 30572 1028 5017 1 0 0 0 0 0 0 1 1 1 0 R 0
120 3079 26666 622 26700 584 12326 1 0 0 0 0 0 0 1 1 1 0 R 0
121 3101 21695 633 21726 594 4382 1 0 0 0 0 0 0 1 1 1 0 R 0
122 3127 25122 592 25161 560 5967 1 0 0 0 0 0 0 1 1 2 0 R 0
123 3159 31144 1131 31282 1008 6343 1 0 0 0 0 0 0 1 1 1 0 R 0
124 3182 21803 621 21842 566 5489 1 0 0 0 0 0 0 1 1 1 0 R 0
125 3202 20257 584 20288 554 4201 1 0 0 0 0 0 0 1 1 1 0 R 0
126 3231 27518 615 27204 581 5832 1 0 1 0 0 0 0 1 1 1 0 R 0
127 3262 31113 1230 31161 1191 6599 1 0 0 0 0 0 0 1 1 1 0 R 0
128 3288 24652 604 24679 570 8340 1 0 0 0 0 0 0 1 1 1 0 R 0
129 3311 22372 1014 22408 993 4275 1 0 0 0 0 0 0 1 1 1 0 R 0
130 3333 20982 646 21004 607 4327 1 0 0 0 0 0 0 1 1 2 0 R 0
131 3365 31350 960 31468 958 6657 1 0 0 0 0 0 0 1 1 0 0 R 0
132 3387 21102 599 21025 565 4581 1 0 0 0 0 0 0 1 1 2 0 R 0
133 3409 21009 624 21059 576 4228 1 0 0 0 0 0 0 1 1 1 0 R 0
134 3434 24245 907 24275 889 6091 1 0 0 0 0 0 0 1 1 1 0 R 0
135 3469 34459 1185 34483 1172 13173 1 0 0 0 0 0 0 1 1 1 0 R 0
136 3490 20181 681 20192 648 4407 1 0 0 0 0 0 0 1 1 1 0 R 0
137 3512 20902 603 20952 557 4175 1 0 0 0 0 0 0 1 1 2 0 R 0
138 3538 25285 596 25316 562 4261 1 0 0 0 0 0 0 1 1 1 0 R 0
139 3569 30870 990 30998 976 7015 1 0 0 0 0 0 0 1 1 1 0 R 0
140 3591 20617 600 20538 566 5002 1 0 0 0 0 0 0 1 1 1 0 R 0
141 3612 20613 589 20644 559 4234 1 0 0 0 0 0 0 1 1 1 0 R 0
142 3639 26221 604 26257 573 5581 1 0 0 0 0 0 0 1 1 1 0 R 0
143 3670 30570 1034 30598 1006 6463 1 0 0 0 0 0 0 1 1 1 0 R 0
144 3692 21279 594 21308 560 5278 1 0 0 0 0 0 0 1 1 1 0 R 0
145 3715 21628 561 21656 536 3791 1 0 0 0 0 0 0 1 1 2 0 R 0
146 3741 25501 602 25539 563 5769 1 0 0 0 0 0 0 1 1 1 0 R 0
147 3772 30536 1006 30571 987 6619 1 0 0 0 0 0 0 1 1 1 0 R 0
148 3796 22587 579 22603 554 4998 1 0 0 0 0 0 0 1 1 2 0 R 0
149 3817 20845 631 20871 599 3860 1 0 0 0 0 0 0 1 1 1 0 R 0
150 3846 28650 832 28693 809 10982 1 0 0 0 0 0 0 1 1 1 0 R 0
151 3878 31271 982 31286 954 8005 1 0 0 0 0 0 0 1 1 1 0 R 0
152 3904 24362 908 24391 882 7372 1 0 0 0 0 0 0 1 1 1 0 R 0
153 3928 23052 624 23079 585 3818 1 0 0 0 0 0 0 1 1 2 0 R 0
154 3953 24329 1000 24365 974 5554 1 0 0 0 0 0 0 1 1 1 0 R 0
155 3982 28315 650 28346 609 6276 1 0 0 0 0 0 0 1 1 1 0 R 0
156 4003 20703 598 20740 568 4187 1 0 0 0 0 0 0 1 1 1 0 R 0
157 4025 21015 552 21041 528 3857 1 0 0 0 0 0 0 1 1 1 0 R 0
158 4050 24175 592 24207 563 3969 1 0 0 0 0 0 0 1 1 1 0 R 0
159 4082 31449 985 31476 958 6127 1 0 0 0 0 0 0 1 1 1 0 R 0
160 4107 24407 585 24432 556 6951 1 0 0 0 0 0 0 1 1 1 0 R 0
161 4130 22356 1124 22473 1018 4207 1 0 0 0 0 0 0 1 1 1 0 R 0
162 4154 23106 1463 23597 976 4221 1 0 0 0 0 0 0 1 1 1 0 R 0
163 4188 32723 999 32026 973 7504 1 0 1 0 0 0 0 1 1 1 0 R 0
164 4210 20279 591 20307 562 4431 1 0 0 0 0 0 0 1 1 2 0 R 0
165 4236 25675 810 25752 731 8017 1 0 0 0 0 0 0 1 1 1 0 R 0
166 4261 24594 1326 24650 1272 5094 1 0 0 0 0 0 0 1 1 2 0 R 0
167 4294 31153 938 31189 913 5857 1 0 0 0 0 0 0 1 1 1 0 R 0
168 4314 18910 922 18933 899 4007 1 0 0 0 0 0 0 1 1 1 0 R 0
169 4337 22564 666 22582 640 3874 1 0 0 0 0 0 0 1 1 1 0 R 0
170 4361 23652 990 23778 864 4179 1 0 0 0 0 0 0 1 1 1 0 R 0
171 4393 30642 992 30767 871 6664 1 0 0 0 0 0 0 1 1 1 0 R 0
172 4418 23703 639 23732 606 8359 1 0 0 0 0 0 0 1 1 1 0 R 0
173 4441 22109 960 22145 932 3880 1 0 0 0 0 0 0 1 1 1 0 R 0
174 4469 27492 1204 27518 1187 5809 1 0 0 0 0 0 0 1 1 2 0 R 0
175 4503 32783 782 32844 726 5956 1 0 0 0 0 0 0 1 1 1 0 S 0
176 4524 20376 1667 20481 1575 4792 1 0 0 0 0 0 0 1 1 1 0 R 0
177 4554 27978 1549 27982 1541 5706 1 0 0 0 0 0 0 1 1 1 0 R 0
178 4583 27660 2031 27688 1996 4338 1 0 0 0 0 0 0 1 1 2 0 R 0
179 4608 23306 695 23340 664 7566 1 0 0 0 0 0 0 1 1 1 0 R 0
180 4632 22495 590 22503 563 7583 1 0 0 0 0 0 0 1 1 0 0 R 0
181 4659 26584 1006 26720 872 4233 1 0 0 0 0 1 0 1 1 2 0 R 0
182 4688 28365 999 28398 983 4917 1 0 0 0 0 0 0 1 1 1 0 R 0
183 4715 25873 567 25879 545 7251 1 0 0 0 0 0 0 1 1 1 0 R 0
184 4734 18298 907 18347 863 3875 1 0 0 0 0 0 0 1 1 1 0 R 0
185 4760 25265 1034 25292 1130 3864 1 0 0 0 0 0 0 1 1 1 0 R 0
186 4788 27127 991 27126 871 5217 1 0 0 0 0 0 0 1 1 1 0 R 0
187 4819 29897 596 29918 570 7347 1 0 0 0 0 0 0 1 1 2 0 R 0
188 4840 20116 595 20145 562 4611 1 0 0 0 0 0 0 1 1 1 0 R 0
189 4868 27179 593 27211 563 5728 1 0 0 0 0 0 0 1 1 1 0 R 0
190 4896 27847 1199 27876 1202 6467 1 0 0 0 0 0 0 1 1 1 0 R 0
191 4921 24044 596 24041 569 7510 1 0 0 0 0 0 0 1 1 1 0 R 0
192 4941 18894 629 18923 600 4248 1 0 0 0 0 0 0 1 1 1 0 R 0
193 4969 27870 587 27902 555 5142 1 0 0 0 0 0 0 1 1 2 0 R 0
194 4998 27920 983 27950 954 6562 1 0 0 0 0 1 0 1 1 1 0 R 0
195 5029 30172 601 30205 566 14134 1 0 0 0 0 0 0 1 1 1 0 R 0
196 5049 19515 2543 19560 2517 4204 1 0 0 0 0 1 0 1 1 1 0 R 0
197 5080 28073 1172 28185 1049 4960 1 0 0 0 0 0 0 1 1 2 0 R 0
198 5110 29492 1111 29612 998 7292 1 0 0 0 0 0 0 1 1 1 0 R 0
199 5132 20827 588 20849 561 4373 1 0 0 0 0 0 0 1 1 1 0 R 0
200 5152 18701 1566 18733 1553 3854 1 0 0 0 0 0 0 1 1 1 0 R 0
201 5181 27917 971 28022 852 3978 1 0 0 0 0 0 0 1 1 1 0 R 0
202 5211 29308 1226 29369 1166 6791 1 0 0 0 0 0 0 1 1 2 0 R 0
203 5235 22984 577 22653 549 4087 1 0 1 0 0 0 0 1 1 1 0 R 0
204 5257 21145 594 21174 570 3930 1 0 0 0 0 0 0 1 1 1 0 R 0
205 5285 27322 980 27428 971 4816 1 0 0 0 0 0 0 1 1 1 0 R 0
206 5316 29549 1038 29474 1022 7501 1 0 0 0 0 0 0 1 1 1 0 R 0
207 5338 21001 593 21027 558 4080 1 0 0 0 0 0 0 1 1 1 0 R 0
208 5358 20164 1011 20200 987 4244 1 0 0 0 0 0 0 1 1 1 0 R 0
209 5387 27771 974 27788 944 4262 1 0 0 0 0 0 0 1 1 1 0 R 0
210 5420 31430 600 31463 573 13423 1 0 0 0 0 0 0 1 1 1 0 R 0
211 5442 21303 587 21330 556 4584 1 0 0 0 0 0 0 1 1 2 0 R 0
212 5464 21476 603 21510 570 4159 1 0 0 0 0 0 0 1 1 1 0 R 0
213 5491 26676 638 26712 601 4562 1 0 0 0 0 0 0 1 1 1 0 R 0
214 5518 26490 975 26617 961 6831 1 0 0 0 0 0 0 1 1 1 0 R 0
215 5541 21989 719 21928 679 4152 1 0 0 0 0 0 0 1 1 1 0 R 0
216 5560 18732 611 18757 578 4280 1 0 0 0 0 0 0 1 1 1 0 R 0
217 5587 25947 740 25981 710 4561 1 0 0 0 0 0 0 1 1 1 0 R 0
218 5618 30668 1115 30782 1019 6440 1 0 0 0 0 0 0 1 1 1 0 R 0
219 5642 22076 603 22085 571 4828 1 0 0 0 0 0 0 1 1 2 0 R 0
220 5661 18456 592 18490 561 4136 1 0 0 0 0 0 0 1 1 1 0 R 0
221 5687 25940 589 25973 559 5462 1 0 0 0 0 0 0 1 1 1 0 R 0
222 5718 29820 988 29848 969 6567 1 0 0 0 0 0 0 1 1 1 0 R 0
223 5742 23355 653 23377 616 6104 1 0 0 0 0 0 0 1 1 1 0 R 0
224 5762 19033 586 19068 557 3845 1 0 0 0 0 0 0 1 1 2 0 R 0
225 5790 28100 1199 28130 1180 11933 1 0 0 0 0 0 0 1 1 1 0 R 0
226 5818 26714 1072 26824 959 6139 1 0 0 0 0 0 0 1 1 1 0 R 0
227 5842 22652 643 22675 614 6190 1 0 0 0 0 0 0 1 1 1 0 R 0
228 5861 18568 617 18601 589 3845 1 0 0 0 0 0 0 1 1 1 0 R 0
229 5889 27277 1010 27303 998 4169 1 0 0 0 0 0 0 1 1 1 0 R 0
230 5920 29726 1044 29739 1027 5721 1 0 0 0 0 0 0 1 1 1 0 R 0
231 5948 27177 596 27194 566 6930 1 0 0 0 0 0 0 1 1 1 0 R 0
232 5968 19064 580 19097 545 4279 1 0 0 0 0 0 0 1 1 1 0 R 0
233 5995 26706 612 26736 580 6124 1 0 0 0 0 0 0 1 1 1 0 R 0
234 6024 28004 1527 28140 1409 6162 1 0 0 0 0 0 0 1 1 1 0 R 0
235 6051 25828 632 25845 601 6303 1 0 0 0 0 0 0 1 1 1 0 R 0
236 6071 19106 603 19143 569 4503 1 0 0 0 0 0 0 1 1 2 0 R 0
237 6099 27597 1180 27633 1178 5914 1 0 0 0 0 0 0 1 1 1 0 R 0
238 6121 21404 610 21404 589 5840 1 0 0 0 0 0 0 1 1 1 0 R 0
239 6143 21232 923 21329 1650 4251 1 0 0 0 0 0 0 1 1 1 0 R 0
240 6168 24061 624 23258 593 11754 1 0 0 0 0 0 0 1 1 1 0 R 0
241 6196 26665 1148 26243 1041 4229 1 0 1 0 0 0 0 1 1 1 0 R 0
242 6223 26296 1113 26405 995 4951 1 0 0 0 0 0 0 1 1 1 0 R 0
243 6254 29644 995 29700 944 5501 1 0 0 0 0 0 0 1 1 2 0 R 0
244 6274 19231 938 19258 907 4152 1 0 0 0 0 0 0 1 1 1 0 R 0
245 6302 26706 673 26753 642 5445 1 0 0 0 0 0 0 1 1 1 0 R 0
246 6332 29323 1106 29426 1001 5435 1 0 0 0 0 0 0 1 1 1 0 R 0
247 6358 24799 604 24810 577 5748 1 0 0 0 0 0 0 1 1 1 0 R 0
248 6378 19545 583 19573 557 3816 1 0 0 0 0 0 0 1 1 2 0 R 0
249 6405 26529 564 26553 539 6145 1 0 0 0 0 0 0 1 1 1 0 R 0
250 6433 27315 1005 27346 976 7129 1 0 0 0 0 0 0 1 1 1 0 R 0
251 6458 24547 725 24596 681 5800 1 0 0 0 0 0 0 1 1 1 0 R 0
252 6478 18572 625 18597 593 4233 1 0 0 0 0 0 0 1 1 1 0 R 0
253 6503 24892 783 24923 754 5602 1 0 0 0 0 0 0 1 1 2 0 R 0
254 6532 27851 672 27887 631 5277 1 0 0 0 0 0 0 1 1 0 0 R 0
255 6558 25968 635 26000 605 11130 1 0 0 0 0 0 0 1 1 2 0 R 0
256 6578 19124 681 19179 642 4310 1 0 0 0 0 0 0 1 1 1 0 R 0
257 6605 26185 576 26196 570 4274 1 0 0 0 0 0 0 1 1 1 0 R 0
258 6628 22853 1032 22872 1016 4352 1 0 0 0 0 0 0 1 1 2 0 R 0
259 6659 29538 970 29549 961 4671 1 0 0 0 0 0 0 1 1 1 0 R 0
260 6679 18763 609 18777 574 4390 1 0 0 0 0 0 0 1 1 1 0 R 0
261 6704 24255 1385 24290 1460 4404 1 0 0 0 0 0 0 1 1 1 0 R 0
262 6733 27871 1006 27797 974 4261 1 0 0 0 0 0 0 1 1 1 0 R 0
263 6759 25313 595 25346 559 8093 1 0 0 0 0 0 0 1 1 1 0 R 0
264 6779 19279 612 19328 561 4196 1 0 0 0 0 0 0 1 1 1 0 R 0
265 6804 23982 1438 24022 1422 4173 1 0 0 0 0 0 0 1 1 2 0 R 0
266 6829 23816 1148 23917 1040 5083 1 0 0 0 0 0 0 1 1 1 0 R 0
267 6857 27095 760 27111 740 5976 1 0 0 0 0 0 0 1 1 1 0 R 0
268 6878 20092 595 20118 567 4157 1 0 0 0 0 0 0 1 1 1 0 R 0
269 6900 21637 752 21687 714 3857 1 0 0 0 0 0 0 1 1 1 0 R 0
270 6937 36156 1184 36193 1135 12649 1 0 0 0 0 0 0 1 1 3 0 R 0
271 6973 34543 742 34592 691 7389 1 0 0 0 0 0 0 1 1 3 0 R 0
272 6998 24168 1224 24229 1166 4027 1 0 0 0 0 0 0 1 1 4 0 R 0
273 7024 25128 1087 25652 569 4637 1 0 0 0 0 0 0 1 1 1 0 R 0
274 7054 28434 1641 28461 1619 7342 1 0 0 0 0 1 0 1 1 0 0 R 0
275 7078 22552 590 22570 562 3779 1 0 0 0 0 0 0 1 1 2 0 R 0
276 7097 18826 1522 18855 1504 3828 1 0 0 0 0 0 0 1 1 1 0 R 0
277 7126 26743 886 26765 852 4438 1 0 0 0 0 0 0 1 1 1 0 R 0
278 7154 27824 1507 28357 983 5580 1 0 0 0 0 0 0 1 1 1 0 R 0
279 7178 22228 596 22253 569 4273 1 0 0 0 0 0 0 1 1 1 0 R 0
280 7197 18780 587 18807 559 3853 1 0 0 0 0 0 0 1 1 1 0 R 0
281 7223 24639 607 24667 576 5934 1 0 0 0 0 0 0 1 1 2 0 R 0
282 7252 28757 1011 27880 981 5010 1 0 1 0 0 0 0 1 1 1 0 R 0
283 7277 23752 623 23777 596 5405 1 0 0 0 0 0 0 1 1 1 0 R 0
284 7296 18935 586 18969 554 3861 1 0 0 0 0 0 0 1 1 1 0 R 0
285 7327 30121 1048 30149 1030 10165 1 0 0 0 0 0 0 1 1 1 0 R 0
286 7357 29286 1092 29395 989 7137 1 0 0 0 0 0 0 1 1 2 0 R 0
287 7381 22454 637 22469 609 5393 1 0 0 0 0 0 0 1 1 1 0 R 0
288 7400 18662 599 18693 565 4284 1 0 0 0 0 0 0 1 1 1 0 R 0
289 7428 26813 597 26848 569 5897 1 0 0 0 0 0 0 1 1 1 0 R 0
290 7457 28471 1010 28501 988 7257 1 0 0 0 0 0 0 1 1 1 0 R 0
291 7481 22940 591 22965 559 6614 1 0 0 0 0 0 0 1 1 1 0 R 0
292 7501 20226 597 20256 567 4169 1 0 0 0 0 0 0 1 1 1 0 R 0
293 7529 27325 590 27359 554 5249 1 0 0 0 0 0 0 1 1 2 0 R 0
294 7559 28677 1039 28710 1017 6100 1 0 0 0 0 0 0 1 1 1 0 R 0
295 7582 22282 597 22304 565 4724 1 0 0 0 0 0 0 1 1 1 0 R 0
296 7602 19286 640 19319 603 4394 1 0 0 0 0 0 0 1 1 1 0 R 0
297 7630 27286 1029 27322 1011 4225 1 0 0 0 0 0 0 1 1 1 0 R 0
298 7656 25672 1993 25688 2076 5493 1 0 0 0 0 1 0 1 1 1 0 R 0
299 7683 24320 614 24241 577 5856 1 0 0 0 0 0 0 1 1 1 0 R 0
300 7707 23828 626 23861 598 7686 1 0 0 0 0 0 0 1 1 2 0 R 0
301 7734 26089 957 26122 929 6242 1 0 0 0 0 0 0 1 1 1 0 R 0
302 7762 27263 1041 27289 1311 5487 1 0 0 0 0 0 0 1 1 1 0 R 0
303 7788 24865 600 24596 568 6736 1 0 0 0 0 0 0 1 1 1 0 R 0
304 7808 19081 572 19116 554 4331 1 0 0 0 0 0 0 1 1 1 0 R 0
305 7835 26574 1026 26602 996 5688 1 0 0 0 0 0 0 1 1 1 0 R 0
306 7861 25425 1068 25451 1044 4506 1 0 0 0 0 0 0 1 1 1 0 R 0
307 7887 24698 587 24715 553 6321 1 0 0 0 0 0 0 1 1 1 0 R 0
308 7908 19923 599 19957 567 4293 1 0 0 0 0 0 0 1 1 2 0 R 0
309 7933 24830 958 24869 1030 3766 1 0 0 0 0 0 0 1 1 1 0 R 0
310 7961 27095 926 27024 900 4219 1 0 0 0 0 0 0 1 1 1 0 R 0
311 7987 25336 600 25358 566 6579 1 0 0 0 0 0 0 1 1 1 0 R 0
312 8007 19442 578 19474 546 3941 1 0 0 0 0 0 0 1 1 1 0 R 0
313 8030 21712 597 21749 564 3937 1 0 0 0 0 0 0 1 1 1 0 R 0
314 8059 28638 999 28763 994 7416 1 0 0 0 0 0 0 1 1 1 0 R 0
315 8093 33231 769 33146 821 14216 1 0 0 0 0 0 0 1 1 2 0 R 0
316 8114 19731 592 19678 558 3827 1 0 0 0 0 0 0 1 1 0 0 R 0
317 8142 27733 1039 27865 917 3628 1 0 0 0 0 0 0 1 1 2 0 R 0
318 8169 25873 780 25899 877 4938 1 0 0 0 0 0 0 1 1 1 0 R 0
319 8196 26392 590 26024 559 7133 1 0 1 0 0 0 0 1 1 1 0 R 0
320 8215 18633 816 18687 768 3852 1 0 0 0 0 0 0 1 1 1 0 R 0
321 8240 24292 1027 24321 999 4241 1 0 0 0 0 0 0 1 1 1 0 R 0
322 8270 28913 918 29039 788 4148 1 0 0 0 0 1 0 1 1 1 0 R 0
323 8301 29323 641 29357 608 6623 1 0 0 0 0 0 0 1 1 1 0 R 0
324 8320 19098 617 19132 583 4646 1 0 0 0 0 0 0 1 1 1 0 R 0
325 8348 27118 580 27149 549 4966 1 0 0 0 0 0 0 1 1 2 0 R 0
326 8373 24869 618 24908 579 6181 1 0 0 0 0 0 0 1 1 1 0 R 0
327 8399 24771 595 24804 577 6179 1 0 0 0 0 0 0 1 1 1 0 R 0
328 8419 19253 592 19286 545 4271 1 0 0 0 0 0 0 1 1 1 0 R 0
329 8443 23908 883 24035 760 4313 1 0 0 0 0 0 0 1 1 1 0 R 0
330 8476 31562 979 31679 868 12628 1 0 0 0 0 0 0 1 1 1 0 R 0
331 8501 24543 595 24570 559 7104 1 0 0 0 0 0 0 1 1 1 0 R 0
332 8520 18443 601 18476 569 4279 1 0 0 0 0 0 0 1 1 1 0 R 0
333 8547 26158 1000 26190 979 4280 1 0 0 0 0 0 0 1 1 2 0 R 0
334 8574 25945 1530 26093 1498 4770 1 0 0 0 0 0 0 1 1 2 0 R 0
335 8600 24995 625 24909 584 7734 1 0 0 0 0 0 0 1 1 1 0 R 0
336 8621 19790 704 19843 674 4650 1 0 0 0 0 0 0 1 1 1 0 R 0
337 8643 21822 1477 21836 1473 4189 1 0 0 0 0 0 0 1 1 1 0 R 0
338 8672 26721 758 26730 734 7242 1 0 0 0 0 0 0 1 1 1 0 R 0
339 8704 31554 1407 31577 1379 5779 1 0 0 0 0 0 0 1 1 1 0 R 0
340 8725 19560 566 19580 539 4192 1 0 0 0 0 0 0 1 1 1 0 R 0
341 8751 25195 1160 25360 1003 3830 1 0 0 0 0 0 0 1 1 1 0 R 0
342 8780 27935 928 27959 912 4779 1 0 0 0 0 0 0 1 1 1 0 R 0
343 8810 29245 902 29262 874 5504 1 0 0 0 0 0 0 1 1 1 0 R 0
344 8831 19856 581 19884 549 4443 1 0 0 0 0 0 0 1 1 2 0 R 0
345 8861 29490 606 29526 584 10343 1 0 0 0 0 0 0 1 1 1 0 R 0
346 8887 25284 583 25298 553 5625 1 0 0 0 0 0 0 1 1 1 0 R 0
347 8909 22200 1225 22318 1113 3894 1 0 0 0 0 0 0 1 1 1 0 R 0
348 8930 19572 607 19602 574 4677 1 0 0 0 0 0 0 1 1 1 0 R 0
349 8954 23060 1232 23194 1114 4316 1 0 0 0 0 0 0 1 1 1 0 R 0
350 8982 26955 1005 27067 987 5222 1 0 0 0 0 0 0 1 1 2 0 R 0
351 9009 25986 605 25915 564 6578 1 0 0 0 0 0 0 1 1 1 0 R 0
352 9030 20079 600 20118 566 4595 1 0 0 0 0 0 0 1 1 1 0 R 0
353 9052 21886 778 21923 749 4232 1 0 0 0 0 0 0 1 1 1 0 R 0
354 9080 27018 620 27047 583 5259 1 0 0 0 0 0 0 1 1 1 0 R 0
355 9111 30425 930 30535 824 4991 1 0 0 0 0 0 0 1 1 1 0 R 0
356 9133 20646 830 20697 781 4839 1 0 0 0 0 0 0 1 1 1 0 R 0
357 9157 23746 989 23774 965 3799 1 0 0 0 0 0 0 1 1 1 0 R 0
358 9187 28738 994 28763 972 5977 1 0 0 0 0 0 0 1 1 2 0 R 0
359 9214 26148 951 26178 924 5725 1 0 0 0 0 0 0 1 1 1 0 R 0
360 9238 23105 599 22377 568 10580 1 0 1 0 0 0 0 1 1 1 0 R 0
361 9262 22847 590 22880 558 4265 1 0 0 0 0 0 0 1 1 1 0 R 0
362 9289 26799 1083 26917 974 5494 1 0 0 0 0 0 0 1 1 1 0 R 0
363 9318 28322 603 28351 562 7056 1 0 0 0 0 0 0 1 1 1 0 R 0
364 9339 20235 648 20282 603 4426 1 0 0 0 0 0 0 1 1 2 0 R 0
365 9362 22368 983 22490 865 4139 1 0 0 0 0 0 0 1 1 1 0 R 0
366 9391 28179 1186 28215 1157 5964 1 0 0 0 0 0 0 1 1 1 0 R 0
367 9419 26295 595 26322 561 8294 1 0 0 0 0 1 0 1 1 1 0 R 0
368 9439 19253 576 19281 552 4610 1 0 0 0 0 0 0 1 1 1 0 R 0
369 9462 22170 595 22200 560 4268 1 0 0 0 0 0 0 1 1 1 0 R 0
370 9489 27350 982 27384 958 6480 1 0 0 0 0 0 0 1 1 1 0 R 0
371 9519 28624 608 28646 582 7212 1 0 0 0 0 0 0 1 1 1 0 R 0
372 9540 19871 587 19895 562 4606 1 0 0 0 0 0 0 1 1 1 0 R 0
373 9561 21185 1486 21222 1507 4137 1 0 0 0 0 0 0 1 1 2 0 R 0
374 9588 25434 1003 25407 980 4513 1 0 0 0 0 0 0 1 1 1 0 R 0
375 9621 31441 693 31491 636 12239 1 0 0 0 0 0 0 1 1 1 0 R 0
376 9641 19226 605 19259 574 4756 1 0 0 0 0 0 0 1 1 1 0 R 0
377 9664 22700 985 22734 953 4123 1 0 0 0 0 0 0 1 1 1 0 R 0
378 9690 24973 1479 25098 1357 5213 1 0 0 0 0 0 0 1 1 1 0 R 0
379 9721 29947 605 29975 570 6556 1 0 0 0 0 0 0 1 1 1 0 R 0
380 9742 20130 614 20163 587 4251 1 0 0 0 0 0 0 1 1 2 0 R 0
381 9766 23123 619 23150 585 3869 1 0 0 0 0 0 0 1 1 1 0 R 0
382 9794 27381 1775 27422 1758 4680 1 0 0 0 0 0 0 1 1 1 0 R 0
383 9825 29826 607 29839 572 6936 1 0 0 0 0 0 0 1 1 1 0 R 0
384 9846 19762 579 19794 547 4088 1 0 0 0 0 0 0 1 1 1 0 R 0
385 9869 22356 588 22391 557 3884 1 0 0 0 0 0 0 1 1 2 0 R 0
386 9895 26226 674 26350 548 5470 1 0 0 0 0 0 0 1 1 2 0 R 0
387 9925 29274 900 29431 744 6392 1 0 0 0 0 0 0 1 1 1 0 R 0
388 9947 21000 594 21033 562 4332 1 0 0 0 0 0 0 1 1 1 0 R 0
389 9971 22901 605 22936 570 3882 1 0 0 0 0 0 0 1 1 1 0 R 0
390 10000 28175 1012 28209 977 12635 1 0 0 0 0 0 0 1 1 1 0 R 0
391 10030 29172 633 29208 601 6434 1 0 0 0 0 0 0 1 1 1 0 R 0
392 10050 19751 1010 19783 979 4653 1 0 0 0 0 0 0 1 1 1 0 R 0
393 10073 21963 740 22038 671 4284 1 0 0 0 0 0 0 1 1 2 0 R 0
394 10095 21597 585 21620 716 4785 1 0 0 0 0 0 0 1 1 1 0 R 0
395 10123 26421 992 26295 967 4888 1 0 0 0 0 0 0 1 1 1 0 R 0
396 10146 22240 639 22262 602 4675 1 0 0 0 0 0 0 1 1 1 0 R 0
397 10167 20345 806 20421 736 3805 1 0 0 0 0 0 0 1 1 1 0 R 0
398 10192 24174 689 24208 650 5723 1 0 0 0 0 0 0 1 1 1 0 R 0
399 10222 30076 995 30115 968 6294 1 0 0 0 0 0 0 1 1 1 0 R 0
400 10246 22456 592 22477 561 6630 1 0 0 0 0 0 0 1 1 1 0 R 0
401 10268 21038 1200 20746 1180 3849 1 0 1 0 0 1 0 1 1 1 0 R 0
402 10295 26214 584 26229 558 5919 1 0 0 0 0 0 0 1 1 2 0 R 0
403 10326 30190 993 30216 973 5761 1 0 0 0 0 0 0 1 1 1 0 R 0
404 10352 24829 619 24862 579 7288 1 0 0 0 0 0 0 1 1 1 0 R 0
405 10379 26818 601 26852 569 8187 1 0 0 0 0 0 0 1 1 1 0 R 0
406 10404 23905 1702 24039 1682 5537 1 0 0 0 0 0 0 1 1 1 0 R 0
407 10437 31364 575 31281 554 7978 1 0 0 0 0 0 0 1 1 1 0 R 0
408 10457 19451 594 19477 559 4046 1 0 0 0 0 0 0 1 1 1 0 R 0
409 10479 21756 837 21793 802 3810 1 0 0 0 0 0 0 1 1 1 0 R 0
410 10503 23485 1899 23520 1898 4230 1 0 0 0 0 0 0 1 1 1 0 R 0
411 10535 30227 991 30220 966 6199 1 0 0 0 0 0 0 1 1 1 0 R 0
412 10557 20609 619 20637 594 3888 1 0 0 0 0 0 0 1 1 2 0 R 0
413 10578 20776 588 20802 558 4154 1 0 0 0 0 0 0 1 1 1 0 R 0
414 10604 24969 1862 25005 1843 4521 1 0 0 0 0 0 0 1 1 1 0 R 0
415 10637 31005 1008 31021 979 7392 1 0 0 0 0 0 0 1 1 1 0 R 0
416 10658 20512 607 20542 580 4505 1 0 0 0 0 0 0 1 1 1 0 R 0
417 10679 20394 584 20426 547 4270 1 0 0 0 0 0 0 1 1 2 0 R 0
418 10704 24184 1136 24219 1118 5347 1 0 0 0 0 0 0 1 1 1 0 R 0
419 10733 27810 1018 27825 989 5738 1 0 0 0 0 0 0 1 1 1 0 R 0
420 10759 25374 614 25398 587 12332 1 0 0 0 0 0 0 1 1 1 0 R 0
421 10781 20651 596 20684 565 4382 1 0 0 0 0 0 0 1 1 1 0 R 0
422 10807 25317 594 25348 563 6018 1 0 0 0 0 0 0 1 1 1 0 R 0
423 10839 31448 1031 31480 1096 6699 1 0 0 0 0 0 0 1 1 1 0 R 0
424 10861 21586 590 21527 554 5133 1 0 0 0 0 0 0 1 1 1 0 R 0
425 10882 20257 580 20289 549 4189 1 0 0 0 0 0 0 1 1 1 0 R 0
426 10908 25746 652 25779 622 5538 1 0 0 0 0 0 0 1 1 2 0 R 0
427 10940 30602 1024 30632 996 6138 1 0 0 0 0 0 0 1 1 1 0 R 0
428 10963 22285 737 22333 697 6236 1 0 0 0 0 0 0 1 1 1 0 R 0
429 10983 19682 579 19701 545 3823 1 0 0 0 0 0 0 1 1 1 0 R 0
430 11008 24334 1172 24462 1055 4872 1 0 0 0 0 0 0 1 1 1 0 R 0
431 11038 28893 1092 29001 985 4815 1 0 0 0 0 0 0 1 1 1 0 R 0
432 11062 22048 635 22074 603 5346 1 0 0 0 0 0 0 1 1 1 0 R 0
433 11082 20118 564 20153 536 4385 1 0 0 0 0 0 0 1 1 1 0 R 0
434 11106 23058 994 23078 980 3880 1 0 0 0 0 0 0 1 1 2 0 R 0
435 11142 34984 1163 35097 1045 12469 1 0 0 0 0 0 0 1 1 1 0 R 0
436 11166 22574 623 22597 593 6132 1 0 0 0 0 0 0 1 1 1 0 R 0
437 11186 19978 586 20010 556 3919 1 0 0 0 0 0 0 1 1 1 0 R 0
438 11211 24530 977 24651 858 4177 1 0 0 0 0 0 0 1 1 1 0 R 0
439 11242 29948 1010 29417 982 4363 1 0 1 0 0 0 0 1 1 1 0 R 0
440 11265 22045 985 22415 610 4866 1 0 0 0 0 0 0 1 1 1 0 R 0
441 11287 21035 679 21090 627 3884 1 0 0 0 0 0 0 1 1 2 0 R 0
442 11311 23160 609 23200 569 3866 1 0 0 0 0 0 0 1 1 1 0 R 0
443 11342 30462 1012 30500 984 4710 1 0 0 0 0 0 0 1 1 1 0 R 0
444 11368 25053 605 25078 568 7502 1 0 0 0 0 0 0 1 1 1 0 R 0
445 11390 20881 608 20918 642 4266 1 0 0 0 0 0 0 1 1 1 0 R 0
446 11413 22918 791 22888 758 4214 1 0 0 0 0 0 0 1 1 1 0 R 0
447 11444 29777 1500 29808 1480 4872 1 0 0 0 0 0 0 1 1 1 0 R 0
448 11469 23569 584 23586 556 7445 1 0 0 0 0 0 0 1 1 2 0 R 0
449 11492 21932 600 21963 567 4145 1 0 0 0 0 0 0 1 1 1 0 R 0
450 11524 31617 995 31653 968 9326 1 0 0 0 0 1 0 1 1 2 0 R 0
451 11557 32468 937 32506 1251 5809 1 0 0 0 0 1 0 1 1 0 0 R 0
452 11579 20424 598 20099 567 4779 1 0 0 0 0 0 0 1 1 1 0 R 0
453 11599 20299 588 20330 555 4230 1 0 0 0 0 0 0 1 1 2 0 R 0
454 11624 23547 613 23584 880 6227 1 0 0 0 0 0 0 1 1 1 0 R 0
455 11650 26188 1013 26014 1199 5013 1 0 0 0 0 0 0 1 1 1 0 R 0
456 11676 24231 590 23945 558 6444 1 0 0 0 0 0 0 1 1 1 0 R 0
457 11697 20868 616 20903 586 3856 1 0 0 0 0 0 0 1 1 1 0 R 0
458 11721 23344 1011 23397 966 3851 1 0 0 0 0 0 0 1 1 1 0 R 0
459 11753 30625 1028 30650 995 4448 1 0 0 0 0 0 0 1 1 1 0 R 0
460 11778 24360 596 24395 565 5375 1 0 0 0 0 0 0 1 1 1 0 R 0
461 11799 20689 586 20720 560 4317 1 0 0 0 0 1 0 1 1 2 0 R 0
462 11823 22912 1067 22963 1011 4354 1 0 0 0 0 0 0 1 1 1 0 R 0
463 11857 32940 995 32973 978 4565 1 0 0 0 0 0 0 1 1 1 0 R 0
464 11879 21273 596 21291 930 6901 1 0 0 0 0 0 0 1 1 1 0 R 0
465 11903 23594 587 23257 554 8470 1 0 0 0 0 0 0 1 1 2 0 R 0
466 11928 24335 998 24459 975 3800 1 0 0 0 0 0 0 1 1 1 0 R 0
467 11960 30720 1010 30749 995 4993 1 0 0 0 0 0 0 1 1 1 0 R 0
468 11984 22900 923 22824 893 6701 1 0 0 0 0 0 0 1 1 1 0 R 0
469 12006 20991 551 21016 534 3867 1 0 0 0 0 0 0 1 1 1 0 R 0
470 12030 23464 1437 23490 1405 3939 1 0 0 0 0 0 0 1 1 1 0 R 0
471 12061 29971 981 30096 865 4443 1 0 0 0 0 0 0 1 1 2 0 R 0
472 12085 22878 566 22889 542 6452 1 0 0 0 0 0 0 1 1 1 0 R 0
473 12106 20454 617 20483 596 4269 1 0 0 0 0 0 0 1 1 1 0 R 0
474 12129 22152 1289 22261 1190 3870 1 0 0 0 0 0 0 1 1 1 0 R 0
475 12159 28863 981 28880 955 4828 1 0 0 0 0 0 0 1 1 1 0 R 0
476 12186 25524 680 25234 662 7160 1 0 1 0 0 0 0 1 1 1 0 R 0
477 12208 22102 634 22125 602 3782 1 0 0 0 0 0 0 1 1 1 0 R 0
478 12231 22451 1191 22487 1176 4234 1 0 0 0 0 0 0 1 1 2 0 R 0
479 12262 29770 1002 29784 976 5095 1 0 0 0 0 0 0 1 1 1 0 R 0
480 12291 27267 607 27295 575 13804 1 0 0 0 0 0 0 1 1 1 0 R 0
481 12312 20474 595 20507 558 4297 1 0 0 0 0 0 0 1 1 1 0 R 0
482 12336 23792 991 23916 975 4013 1 0 0 0 0 0 0 1 1 1 0 R 0
483 12369 32104 1007 32030 980 4763 1 0 0 0 0 0 0 1 1 2 0 R 0
484 12397 27242 609 27270 576 7204 1 0 0 0 0 0 0 1 1 1 0 R 0
485 12418 20389 580 20420 553 4201 1 0 0 0 0 0 0 1 1 1 0 R 0
486 12444 24472 1235 24501 1224 5964 1 0 0 0 0 0 0 1 1 1 0 R 0
487 12476 31399 1012 31411 986 5976 1 0 0 0 0 0 0 1 1 1 0 R 0
488 12498 21189 592 21213 562 6174 1 0 0 0 0 0 0 1 1 1 0 R 0
489 12519 20184 580 20214 550 4402 1 0 0 0 0 0 0 1 1 1 0 R 0
490 12544 24363 1496 24401 1594 4993 1 0 0 0 0 0 0 1 1 1 0 R 0
491 12578 32053 1007 31954 984 4607 1 0 0 0 0 0 0 1 1 2 0 R 0
492 12602 22902 614 22920 583 6030 1 0 0 0 0 0 0 1 1 1 0 R 0
493 12623 20671 593 20704 561 4428 1 0 0 0 0 0 0 1 1 1 0 R 0
494 12649 25373 603 25408 572 5852 1 0 0 0 0 0 0 1 1 1 0 R 0
495 12680 30692 1108 30809 996 12566 1 0 0 0 0 0 0 1 1 1 0 R 0
496 12703 21524 606 21549 568 6656 1 0 0 0 0 0 0 1 1 1 0 R 0
497 12724 20535 890 20573 862 3733 1 0 0 0 0 0 0 1 1 1 0 R 0
498 12751 26672 603 26703 568 5031 1 0 0 0 0 0 0 1 1 1 0 R 0
499 12777 24785 589 24818 556 5888 1 0 0 0 0 0 0 1 1 2 0 R 0
500 12798 20145 988 20182 947 3909 1 0 0 0 0 0 0 1 1 1 0 R 0
501 12822 23448 591 23482 559 5566 1 0 0 0 0 0 0 1 1 1 0 R 0
502 12844 21047 1487 21167 1481 3976 1 0 0 0 0 0 0 1 1 2 0 R 0
503 12874 28455 2725 28377 2748 7088 1 0 0 0 0 1 0 1 1 1 0 R 0
504 12900 23904 972 23883 939 6405 1 0 0 0 0 0 0 1 1 1 0 R 0
505 12922 21008 743 21075 674 4570 1 0 0 0 0 0 0 1 1 1 0 R 0
506 12944 21241 1584 21278 1583 4136 1 0 0 0 0 0 0 1 1 2 0 R 0
507 12969 23629 632 23631 597 5633 1 0 0 0 0 0 0 1 1 1 0 R 0
508 12989 19000 684 19056 633 4211 1 0 0 0 0 0 0 1 1 1 0 R 0
509 13013 23056 599 23088 565 4186 1 0 0 0 0 0 0 1 1 1 0 R 0
510 13038 24218 986 24250 957 7698 1 0 0 0 0 0 0 1 1 1 0 R 0
511 13072 33555 991 33676 976 4478 1 0 0 0 0 0 0 1 1 2 0 R 0
512 13101 28125 608 28055 571 6166 1 0 0 0 0 0 0 1 1 1 0 R 0
513 13124 21764 594 21800 561 4586 1 0 0 0 0 0 0 1 1 2 0 R 0
514 13146 21343 585 21372 554 3871 1 0 0 0 0 0 0 1 1 1 0 R 0
515 13175 29099 595 29130 565 5222 1 0 0 0 0 0 0 1 1 1 0 R 0
516 13201 25445 603 25478 573 7576 1 0 0 0 0 0 0 1 1 1 0 R 0
517 13222 20505 590 20536 556 4398 1 0 0 0 0 0 0 1 1 1 0 R 0
518 13246 22671 669 22308 637 4104 1 0 1 0 0 0 0 1 1 1 0 R 0
519 13272 25949 1010 25981 980 4012 1 0 0 0 0 0 0 1 1 2 0 R 0
520 13301 27932 1068 27962 1044 6371 1 0 0 0 0 0 0 1 1 1 0 R 0
521 13324 21448 875 21474 850 3964 1 0 0 0 0 0 0 1 1 1 0 R 0
522 13346 20985 963 21002 940 4828 1 0 0 0 0 0 0 1 1 1 0 R 0
523 13372 25191 1056 25317 943 4188 1 0 0 0 0 0 0 1 1 1 0 R 0
524 13401 27945 999 28057 987 6207 1 0 0 0 0 0 0 1 1 1 0 R 0
525 13427 25019 584 24939 550 9472 1 0 0 0 0 0 0 1 1 1 0 R 0
526 13448 20836 986 20873 965 3879 1 0 0 0 0 0 0 1 1 1 0 R 0
527 13476 27221 991 27238 970 4180 1 0 0 0 0 0 0 1 1 1 0 R 0
528 13504 26527 1588 26553 1672 6176 1 0 0 0 0 0 0 1 1 2 0 R 0
529 13528 22704 596 22618 563 3834 1 0 0 0 0 0 0 1 1 1 0 R 0
530 13548 18982 586 19017 559 4268 1 0 0 0 0 0 0 1 1 1 0 R 0
531 13577 28329 1141 28366 1102 4475 1 0 0 0 0 0 0 1 1 1 0 R 0
532 13606 27743 995 27767 977 7287 1 0 0 0 0 0 0 1 1 1 0 R 0
533 13629 22076 725 22131 669 4404 1 0 0 0 0 0 0 1 1 1 0 R 0
534 13648 18857 602 18880 570 4268 1 0 0 0 0 0 0 1 1 1 0 R 0
535 13676 27462 980 27496 955 6046 1 0 0 0 0 0 0 1 1 1 0 R 0
536 13706 28602 982 28625 961 7276 1 0 0 0 0 0 0 1 1 1 0 R 0
537 13731 23945 600 23968 570 5397 1 0 0 0 0 0 0 1 1 2 0 R 0
538 13750 18475 605 18510 566 4216 1 0 0 0 0 0 0 1 1 1 0 R 0
539 13777 26504 589 26540 562 5874 1 0 0 0 0 0 0 1 1 1 0 R 0
540 13811 33521 798 33551 765 15136 1 0 0 0 0 0 0 1 1 1 0 R 0
541 13837 25317 600 25351 563 6495 1 0 0 0 0 0 0 1 1 1 0 R 0
542 13858 20261 982 20297 947 3845 1 0 0 0 0 0 0 1 1 1 0 R 0
543 13886 26634 998 26662 975 4233 1 0 0 0 0 0 0 1 1 1 0 R 0
544 13916 29461 965 29488 940 7959 1 0 0 0 0 0 0 1 1 2 0 R 0
545 13939 21748 583 21774 552 4093 1 0 0 0 0 0 0 1 1 1 0 R 0
546 13960 20313 1113 20436 1005 4339 1 0 0 0 0 0 0 1 1 1 0 R 0
547 13989 28006 977 28112 860 4242 1 0 0 0 0 0 0 1 1 1 0 R 0
548 14020 30345 726 30379 702 6044 1 0 0 0 0 0 0 1 1 1 0 R 0
549 14042 20879 640 20897 610 4360 1 0 0 0 0 0 0 1 1 2 0 R 0
550 14062 19664 982 19700 946 4295 1 0 0 0 0 0 0 1 1 1 0 R 0
551 14091 28187 1154 28217 1128 3738 1 0 0 0 0 0 0 1 1 1 0 R 0
552 14121 28357 599 28386 567 6503 1 0 0 0 0 0 0 1 1 1 0 R 0
553 14143 21961 635 21993 600 4462 1 0 0 0 0 0 0 1 1 1 0 R 0
554 14165 21174 746 21204 731 3840 1 0 0 0 0 1 0 1 1 1 0 R 0
555 14198 31965 967 31847 973 8448 1 0 1 0 0 0 0 1 1 2 0 R 0
556 14222 23394 998 23395 984 5759 1 0 0 0 0 0 0 1 1 1 0 R 0
557 14249 25382 637 25303 602 6364 1 0 0 0 0 0 0 1 1 1 0 R 0
558 14271 21252 610 21288 576 4257 1 0 0 0 0 0 0 1 1 1 0 R 0
559 14299 27540 1303 27659 1206 5079 1 0 0 0 0 0 0 1 1 1 0 R 0
560 14329 28537 1008 28547 983 5379 1 0 0 0 0 0 0 1 1 1 0 R 0
561 14353 23508 799 23571 736 7364 1 0 0 0 0 0 0 1 1 1 0 R 0
562 14375 21512 623 21537 589 3795 1 0 0 0 0 0 0 1 1 1 0 R 0
563 14403 27378 1713 27417 1721 5927 1 0 0 0 0 0 0 1 1 1 0 R 0
564 14427 22288 588 22278 556 6184 1 0 0 0 0 0 0 1 1 1 0 R 0
565 14451 23086 602 23124 562 4236 1 0 0 0 0 0 0 1 1 1 0 R 0
566 14470 18578 1893 18642 1842 4227 1 0 0 0 0 0 0 1 1 1 0 R 0
567 14500 28073 991 28101 957 4573 1 0 0 0 0 0 0 1 1 2 0 R 0
568 14529 27679 995 27711 967 6908 1 0 0 0 0 0 0 1 1 1 0 R 0
569 14552 21737 603 21767 565 4687 1 0 0 0 0 0 0 1 1 1 0 R 0
570 14577 25064 591 25096 563 7784 1 0 0 0 0 0 0 1 1 1 0 R 0
571 14604 26088 1341 26120 1423 4296 1 0 0 0 0 0 0 1 1 1 0 R 0
572 14634 28610 1309 28530 1285 7694 1 0 0 0 0 0 0 1 1 1 0 R 0
573 14656 20964 626 20994 608 3969 1 0 0 0 0 0 0 1 1 2 0 R 0
574 14677 19828 969 19839 943 3842 1 0 0 0 0 0 0 1 1 1 0 R 0
575 14704 26224 1488 26340 1493 3900 1 0 0 0 0 0 0 1 1 1 0 R 0
576 14733 28000 1957 27995 1955 7594 1 0 0 0 0 0 0 1 1 1 0 R 0
577 14757 21556 570 21463 544 3829 1 0 0 0 0 0 0 1 1 1 0 R 0
578 14777 19794 1541 19831 1507 3884 1 0 0 0 0 1 0 1 1 2 0 R 0
579 14807 28635 1011 28673 975 5019 1 0 0 0 0 0 0 1 1 1 0 R 0
580 14839 30245 1041 30276 1025 7156 1 0 0 0 0 0 0 1 1 1 0 R 0
581 14861 21144 598 21161 563 4396 1 0 0 0 0 0 0 1 1 1 0 R 0
582 14881 20003 1040 20038 1008 4261 1 0 0 0 0 0 0 1 1 1 0 R 0
583 14909 26566 981 26683 987 3875 1 0 0 0 0 0 0 1 1 2 0 R 0
584 14939 28947 970 28945 959 7475 1 0 0 0 0 0 0 1 1 1 0 R 0
585 14964 23951 901 23873 873 9096 1 0 0 0 0 0 0 1 1 1 0 R 0
586 14987 22658 603 22690 568 3862 1 0 0 0 0 0 0 1 1 1 0 R 0
587 15015 27245 966 27365 852 5303 1 0 0 0 0 0 0 1 1 1 0 R 0
588 15044 27373 1328 27407 1297 7055 1 0 0 0 0 0 0 1 1 1 0 R 0
589 15066 21353 647 21392 604 3886 1 0 0 0 0 0 0 1 1 1 0 R 0
590 15087 20248 972 20280 949 3899 1 0 0 0 0 0 0 1 1 2 0 R 0
591 15114 25955 1670 26565 1063 5209 1 0 0 0 0 0 0 1 1 1 0 R 0
592 15144 27748 1554 27769 1534 6292 1 0 0 0 0 0 0 1 1 1 0 R 0
593 15167 21857 590 21874 561 4408 1 0 0 0 0 0 0 1 1 1 0 R 0
594 15187 19389 1630 19420 1614 3879 1 0 0 0 0 0 0 1 1 1 0 R 0
595 15215 26732 961 26748 936 4297 1 0 0 0 0 0 0 1 1 1 0 R 0
596 15247 31049 1024 29459 1003 10007 1 0 1 0 0 0 0 1 1 1 0 R 0
597 15274 25456 1040 25481 1016 5456 1 0 0 0 0 0 0 1 1 2 0 R 0
598 15296 21047 594 21066 565 3856 1 0 0 0 0 0 0 1 1 1 0 R 0
599 15324 27174 1685 27297 1578 5338 1 0 0 0 0 0 0 1 1 1 0 R 0
600 15356 30721 825 30733 799 13704 1 0 0 0 0 0 0 1 1 1 0 R 0
601 15378 20862 589 20891 560 4232 1 0 0 0 0 0 0 1 1 1 0 R 0
602 15399 21046 655 21089 616 3973 1 0 0 0 0 0 0 1 1 1 0 R 0
603 15429 29274 1008 29396 998 6708 1 0 0 0 0 0 0 1 1 1 0 R 0
604 15460 30003 1044 30000 941 7071 1 0 0 0 0 0 0 1 1 1 0 R 0
605 15484 22349 1557 22370 1541 5035 1 0 0 0 0 1 0 1 1 1 0 R 0
606 15508 22862 1268 22879 1255 4259 1 0 0 0 0 0 0 1 1 2 0 R 0
607 15549 39700 1054 39738 1109 6659 1 0 0 0 0 0 0 1 1 3 0 R 0
608 15571 21285 596 21207 562 6264 1 0 0 0 0 0 0 1 1 2 0 R 0
609 15593 20648 593 20683 566 4363 1 0 0 0 0 0 0 1 1 1 0 R 0
610 15619 26003 607 26034 574 5900 1 0 0 0 0 0 0 1 1 1 0 R 0
611 15651 31099 1006 31223 881 6444 1 0 0 0 0 0 0 1 1 1 0 R 0
612 15673 21095 684 21148 642 4808 1 0 0 0 0 0 0 1 1 1 0 R 0
613 15694 20339 1242 20399 1183 3632 1 0 0 0 0 0 0 1 1 2 0 R 0
614 15720 24472 982 24491 954 5176 1 0 0 0 0 0 0 1 1 1 0 R 0
615 15754 32912 1674 33033 1566 12979 1 0 0 0 0 0 0 1 1 1 0 R 0
616 15777 21436 584 21448 554 4574 1 0 0 0 0 0 0 1 1 1 0 R 0
617 15799 21213 587 21245 558 4315 1 0 0 0 0 0 0 1 1 1 0 R 0
618 15825 25395 624 25425 620 5893 1 0 0 0 0 0 0 1 1 1 0 R 0
619 15856 30664 1009 30687 968 5884 1 0 0 0 0 0 0 1 1 1 0 R 0
620 15881 24303 610 24333 572 6321 1 0 0 0 0 0 0 1 1 2 0 R 0
621 15903 20869 576 20903 546 4005 1 0 0 0 0 0 0 1 1 1 0 R 0
622 15928 25164 854 25200 827 3988 1 0 0 0 0 0 0 1 1 1 0 R 0
623 15960 30771 1077 30884 954 7115 1 0 0 0 0 0 0 1 1 1 0 R 0
624 15982 20398 613 20436 577 5406 1 0 0 0 0 0 0 1 1 1 0 R 0
625 16003 20932 692 20980 654 4267 1 0 0 0 0 0 0 1 1 2 0 R 0
626 16029 25185 605 25211 572 5752 1 0 0 0 0 0 0 1 1 1 0 R 0
627 16061 31014 1003 31045 979 6050 1 0 0 0 0 0 0 1 1 1 0 R 0
628 16082 20897 720 20931 674 6237 1 0 0 0 0 0 0 1 1 1 0 R 0
629 16104 20581 909 20615 884 3821 1 0 0 0 0 0 0 1 1 1 0 R 0
630 16132 27145 608 27174 569 10797 1 0 0 0 0 0 0 1 1 1 0 R 0
631 16164 31288 1648 31418 1537 6782 1 0 0 0 0 0 0 1 1 2 0 R 0
632 16187 21917 589 21932 556 4737 1 0 0 0 0 0 0 1 1 1 0 R 0
633 16209 20639 624 20675 589 3905 1 0 0 0 0 0 0 1 1 1 0 R 0
634 16234 24761 989 24799 961 5949 1 0 0 0 0 0 0 1 1 1 0 R 0
635 16269 34357 961 34118 929 5609 1 0 1 0 0 0 0 1 1 1 0 R 0
636 16291 20436 631 20470 597 4246 1 0 0 0 0 0 0 1 1 1 0 R 0
637 16312 20566 602 20599 574 4209 1 0 0 0 0 0 0 1 1 1 0 R 0
638 16337 24790 596 24817 568 4511 1 0 0 0 0 0 0 1 1 1 0 R 0
639 16371 32838 983 32869 955 8129 1 0 0 0 0 1 0 1 1 2 0 R 0
640 16397 25289 626 25318 598 5844 1 0 0 0 0 0 0 1 1 1 0 R 0
641 16420 22714 620 22743 587 3884 1 0 0 0 0 0 0 1 1 1 0 R 0
642 16445 24550 1232 24601 1193 5328 1 0 0 0 0 0 0 1 1 1 0 R 0
643 16477 30706 1128 30729 1115 6989 1 0 0 0 0 0 0 1 1 1 0 R 0
644 16499 20761 600 20773 570 4964 1 0 0 0 0 0 0 1 1 1 0 R 0
645 16527 27274 595 27307 563 7686 1 0 0 0 0 0 0 1 1 2 0 R 0
646 16555 27559 988 27697 965 7128 1 0 0 0 0 0 0 1 1 1 0 R 0
647 16584 27554 943 27473 915 7301 1 0 0 0 0 1 0 1 1 1 0 R 0
648 16606 20783 565 20806 537 4415 1 0 0 0 0 0 0 1 1 1 0 R 0
649 16629 22438 603 22474 570 3807 1 0 0 0 0 0 0 1 1 1 0 R 0
650 16652 22389 1087 22511 967 4886 1 0 0 0 0 0 0 1 1 1 0 R 0
651 16683 30267 648 30299 617 5979 1 0 0 0 0 0 0 1 1 1 0 R 0
652 16704 20387 970 20419 940 4362 1 0 0 0 0 0 0 1 1 2 0 R 0
653 16728 23298 737 23354 677 4201 1 0 0 0 0 0 0 1 1 1 0 R 0
654 16753 23829 882 23960 755 5552 1 0 0 0 0 0 0 1 1 1 0 R 0
655 16780 26119 1001 26244 984 6330 1 0 0 0 0 0 0 1 1 1 0 R 0
656 16803 21905 605 21829 573 4954 1 0 0 0 0 0 0 1 1 1 0 R 0
657 16824 20588 879 20621 846 3814 1 0 0 0 0 0 0 1 1 1 0 R 0
658 16850 25098 1038 25131 1024 4256 1 0 0 0 0 0 0 1 1 1 0 R 0
659 16882 31351 1130 31369 1108 7552 1 0 0 0 0 0 0 1 1 2 0 R 0
660 16910 26817 770 26879 700 13351 1 0 0 0 0 0 0 1 1 1 0 R 0
661 16933 22077 604 22104 571 4254 1 0 0 0 0 0 0 1 1 1 0 R 0
662 16960 26100 1023 26223 909 4818 1 0 0 0 0 0 0 1 1 1 0 R 0
663 16991 30493 598 30522 565 7447 1 0 0 0 0 0 0 1 1 1 0 R 0
664 17012 19924 638 19956 602 4459 1 0 0 0 0 0 0 1 1 1 0 R 0
665 17035 22751 586 22783 559 4267 1 0 0 0 0 0 0 1 1 1 0 R 0
666 17060 24578 1097 24704 972 5049 1 0 0 0 0 0 0 1 1 1 0 R 0
667 17093 31891 1653 31927 1639 4829 1 0 0 0 0 0 0 1 1 2 0 R 0
668 17116 21450 620 21458 587 7004 1 0 0 0 0 0 0 1 1 0 0 R 0
669 17139 22134 601 22171 568 3816 1 0 0 0 0 0 0 1 1 1 0 R 0
670 17167 27263 1018 27294 985 6358 1 0 0 0 0 0 0 1 1 3 0 R 0
671 17198 29729 593 29762 565 7072 1 0 0 0 0 0 0 1 1 1 0 R 0
672 17218 19534 625 19560 596 4735 1 0 0 0 0 0 0 1 1 1 0 R 0
673 17242 23181 633 22829 600 5183 1 0 1 0 0 0 0 1 1 1 0 R 0
674 17269 26496 1222 26526 1217 6174 1 0 0 0 0 0 0 1 1 1 0 R 0
675 17302 31400 808 31405 781 13914 1 0 0 0 0 0 0 1 1 1 0 R 0
676 17322 19769 644 19796 612 4554 1 0 0 0 0 0 0 1 1 1 0 R 0
677 17345 22366 685 22422 638 3788 1 0 0 0 0 0 0 1 1 1 0 R 0
678 17371 24996 1194 25124 1064 5793 1 0 0 0 0 0 0 1 1 1 0 R 0
679 17410 38420 776 38474 720 6486 1 0 0 0 0 0 0 1 1 4 0 R 0
680 17432 20845 654 20877 617 4684 1 0 0 0 0 0 0 1 1 1 0 R 0
681 17457 23880 588 23915 554 3742 1 0 0 0 0 0 0 1 1 2 0 R 0
682 17479 21676 1164 21705 1152 4120 1 0 0 0 0 0 0 1 1 1 0 R 0
683 17508 28318 613 28350 563 7159 1 0 0 0 0 0 0 1 1 1 0 R 0
684 17529 19747 596 19782 563 4596 1 0 0 0 0 0 0 1 1 1 0 R 0
685 17552 22225 759 22266 725 4210 1 0 0 0 0 0 0 1 1 1 0 R 0
686 17576 23633 981 23747 1208 4681 1 0 0 0 0 0 0 1 1 1 0 R 0
687 17607 30308 597 29999 563 7804 1 0 0 0 0 0 0 1 1 2 0 R 0
688 17629 20761 588 20793 556 5343 1 0 0 0 0 0 0 1 1 1 0 R 0
689 17651 22106 600 22141 563 4213 1 0 0 0 0 0 0 1 1 1 0 R 0
690 17682 30360 1106 30486 985 13516 1 0 0 0 0 0 0 1 1 1 0 R 0
691 17711 28075 800 28101 777 6629 1 0 0 0 0 0 0 1 1 2 0 R 0
692 17731 19026 589 19053 556 4594 1 0 0 0 0 0 0 1 1 1 0 R 0
693 17755 23203 716 23241 681 4237 1 0 0 0 0 0 0 1 1 1 0 R 0
694 17782 26549 1023 26583 1005 7704 1 0 0 0 0 0 0 1 1 1 0 R 0
695 17812 28755 608 28773 574 5179 1 0 0 0 0 0 0 1 1 1 0 R 0
696 17832 19772 591 19809 559 3867 1 0 0 0 0 0 0 1 1 1 0 R 0
697 17857 24420 599 24453 564 3733 1 0 0 0 0 0 0 1 1 1 0 R 0
698 17886 27854 1003 27884 981 6767 1 0 0 0 0 0 0 1 1 2 0 R 0
699 17915 28218 673 28247 637 7331 1 0 0 0 0 0 0 1 1 1 0 R 0
700 17935 19429 581 19460 552 4127 1 0 0 0 0 0 0 1 1 1 0 R 0
701 17958 22540 600 22571 567 4167 1 0 0 0 0 0 0 1 1 1 0 R 0
702 17986 27142 1208 27183 1198 6144 1 0 0 0 0 0 0 1 1 1 0 R 0
703 18016 28770 583 28771 554 7192 1 0 0 0 0 0 0 1 1 1 0 R 0
704 18038 21701 636 20978 596 4043 1 0 1 0 0 0 0 1 1 1 0 R 0
705 18066 26911 984 26948 965 9536 1 0 0 0 0 0 0 1 1 1 0 R 0
706 18094 26750 1794 26868 1688 7085 1 0 0 0 0 0 0 1 1 1 0 R 0
707 18122 26197 605 26208 567 7696 1 0 0 0 0 0 0 1 1 1 0 R 0
708 18141 19089 1469 19140 1455 4395 1 0 0 0 0 1 0 1 1 1 0 R 0
709 18166 22866 590 22862 558 3801 1 0 0 0 0 0 0 1 1 2 0 R 0
710 18194 27957 1755 28143 1034 6738 1 0 1 0 0 0 0 1 1 1 0 R 0
711 18224 27578 1262 27752 1098 6336 1 0 0 0 0 0 0 1 1 1 0 R 0
712 18244 18775 584 18789 556 4236 1 0 0 0 0 0 0 1 1 1 0 R 0
713 18267 22739 591 22769 562 3849 1 0 0 0 0 0 0 1 1 1 0 R 0
714 18293 25348 1288 25466 1182 6325 1 0 0 0 0 0 0 1 1 1 0 R 0
715 18323 29140 613 29157 583 7910 1 0 0 0 0 0 0 1 1 1 0 R 0
716 18345 21053 567 21075 544 4119 1 0 0 0 0 0 0 1 1 2 0 R 0
717 18368 22079 576 22111 557 3855 1 0 0 0 0 0 0 1 1 1 0 R 0
718 18393 25265 1571 25288 1546 5915 1 0 0 0 0 0 0 1 1 1 0 R 0
719 18424 29188 1476 29685 973 6908 1 0 0 0 0 0 0 1 1 1 0 R 0
720 18450 24595 625 24642 572 12373 1 0 0 0 0 0 0 1 1 2 0 R 0
721 18473 21640 597 21677 562 4216 1 0 0 0 0 0 0 1 1 1 0 R 0
722 18501 27644 1106 27768 984 6269 1 0 0 0 0 0 0 1 1 1 0 R 0
723 18530 27920 655 27950 626 6903 1 0 0 0 0 0 0 1 1 1 0 R 0
724 18551 20175 595 20205 563 4654 1 0 0 0 0 0 0 1 1 2 0 R 0
725 18573 22109 628 22144 589 4147 1 0 0 0 0 0 0 1 1 0 0 R 0
726 18599 25385 1479 25436 1433 5841 1 0 0 0 0 0 0 1 1 1 0 R 0
727 18633 31804 1337 31834 1410 7444 1 0 0 0 0 0 0 1 1 1 0 R 0
728 18655 21437 583 21361 553 5263 1 0 0 0 0 0 0 1 1 2 0 R 0
729 18678 21989 863 22022 957 4214 1 0 0 0 0 0 0 1 1 1 0 R 0
730 18707 28625 987 28533 957 6381 1 0 0 0 0 0 0 1 1 1 0 R 0
731 18736 27078 835 27329 589 5629 1 0 0 0 0 0 0 1 1 1 0 R 0
732 18756 19602 648 19621 624 4248 1 0 0 0 0 0 0 1 1 1 0 R 0
733 18779 22125 604 22157 570 3834 1 0 0 0 0 0 0 1 1 2 0 R 0
734 18807 27286 994 27318 972 6443 1 0 0 0 0 0 0 1 1 1 0 R 0
735 18839 31204 597 31233 558 13015 1 0 0 0 0 0 0 1 1 1 0 R 0
736 18859 19930 631 19964 599 4575 1 0 0 0 0 0 0 1 1 1 0 R 0
737 18882 22020 618 22069 568 4257 1 0 0 0 0 0 0 1 1 1 0 R 0
738 18911 28169 1032 28203 996 6631 1 0 0 0 0 0 0 1 1 1 0 R 0
739 18943 31440 935 31558 1664 6274 1 0 0 0 0 0 0 1 1 1 0 R 0
740 18966 21291 651 20484 614 4328 1 0 0 0 0 1 0 1 1 1 0 R 0
741 18991 25237 1098 25365 978 3744 1 0 0 0 0 0 0 1 1 1 0 R 0
742 19022 29161 1103 29281 984 4435 1 0 0 0 0 0 0 1 1 1 0 R 0
743 19053 29837 603 29870 569 6263 1 0 0 0 0 0 0 1 1 2 0 R 0
744 19072 19242 638 19274 601 4091 1 0 0 0 0 0 0 1 1 1 0 R 0
745 19100 26748 701 26784 667 4920 1 0 0 0 0 0 0 1 1 1 0 R 0
746 19122 21626 602 21660 568 5812 1 0 0 0 0 0 0 1 1 1 0 R 0
747 19144 20799 585 20836 550 3781 1 0 0 0 0 0 0 1 1 1 0 R 0
748 19166 21383 585 21411 560 5504 1 0 0 0 0 0 0 1 1 1 0 R 0
749 19188 22187 594 22220 559 3817 1 0 0 0 0 0 0 1 1 1 0 R 0
750 19220 31284 1015 31345 958 14370 1 0 0 0 0 0 0 1 1 1 0 R 0
751 19250 28815 613 28111 577 7698 1 0 1 0 0 0 0 1 1 1 0 R 0
752 19269 18772 585 18803 553 4556 1 0 0 0 0 0 0 1 1 1 0 R 0
753 19292 22070 651 22107 809 4226 1 0 0 0 0 0 0 1 1 2 0 R 0
754 19318 25297 1205 25132 1184 6459 1 0 0 0 0 0 0 1 1 1 0 R 0
755 19349 30073 1359 30097 1444 5668 1 0 0 0 0 0 0 1 1 1 0 R 0
756 19371 20644 602 20559 569 5797 1 0 0 0 0 0 0 1 1 1 0 R 0
757 19395 22694 1031 22732 1001 4203 1 0 0 0 0 0 0 1 1 1 0 R 0
758 19422 26524 982 26641 859 7193 1 0 0 0 0 0 0 1 1 1 0 R 0
759 19449 25858 640 25893 601 6138 1 0 0 0 0 0 0 1 1 1 0 R 0
760 19469 19646 589 19679 560 4394 1 0 0 0 0 0 0 1 1 1 0 R 0
761 19493 22984 620 23019 584 4200 1 0 0 0 0 0 0 1 1 1 0 R 0
762 19518 24603 1006 24734 983 4827 1 0 0 0 0 0 0 1 1 1 0 R 0
763 19550 31177 625 31124 574 6106 1 0 0 0 0 0 0 1 1 2 0 R 0
764 19571 19780 599 19810 568 4375 1 0 0 0 0 0 0 1 1 1 0 R 0
765 19598 26449 594 26482 560 7921 1 0 0 0 0 0 0 1 1 1 0 R 0
766 19623 25045 1906 25080 1892 6857 1 0 0 0 0 0 0 1 1 1 0 R 0
767 19660 34867 735 34909 674 8045 1 0 0 0 0 0 0 1 1 3 0 R 0
768 19680 19088 597 19118 567 4235 1 0 0 0 0 0 0 1 1 2 0 R 0
769 19702 21597 926 21631 1029 4206 1 0 0 0 0 0 0 1 1 1 0 R 0
770 19730 27129 1045 27029 1012 6362 1 0 0 0 0 0 0 1 1 1 0 R 0
771 19763 32076 1826 32114 1814 6184 1 0 0 0 0 0 0 1 1 1 0 R 0
772 19785 20265 584 20270 556 4405 1 0 0 0 0 0 0 1 1 1 0 R 0
773 19810 23649 995 23705 944 3955 1 0 0 0 0 0 0 1 1 2 0 R 0
774 19837 26720 986 26744 953 5806 1 0 0 0 0 0 0 1 1 1 0 R 0
775 19869 30370 870 30478 768 7466 1 0 0 0 0 0 0 1 1 1 0 R 0
776 19890 20048 586 20074 559 4445 1 0 0 0 0 0 0 1 1 1 0 R 0
777 19917 26433 968 26551 961 4210 1 0 0 0 0 0 0 1 1 1 0 R 0
778 19939 21092 640 21013 608 5911 1 0 0 0 0 0 0 1 1 1 0 R 0
779 19961 21444 591 21474 560 4205 1 0 0 0 0 0 0 1 1 2 0 R 0
780 19986 24583 618 24613 585 9392 1 0 0 0 0 0 0 1 1 1 0 R 0
781 20009 22152 630 22188 596 4081 1 0 0 0 0 0 0 1 1 1 0 R 0
782 20038 28606 1008 28638 992 5895 1 0 0 0 0 0 0 1 1 1 0 R 0
783 20069 29499 608 29520 573 7397 1 0 0 0 0 0 0 1 1 1 0 R 0
784 20089 19452 604 19482 572 4589 1 0 0 0 0 0 0 1 1 1 0 R 0
785 20113 23612 996 23742 871 4220 1 0 0 0 0 0 0 1 1 1 0 R 0
786 20142 27947 1030 27980 1005 6275 1 0 0 0 0 0 0 1 1 2 0 R 0
787 20175 32522 874 32617 775 6391 1 0 0 0 0 0 0 1 1 1 0 R 0
788 20197 20581 599 20228 565 3834 1 0 1 0 0 0 0 1 1 1 0 R 0
789 20223 25476 994 25512 961 3851 1 0 0 0 0 0 0 1 1 1 0 R 0
790 20251 26892 1230 26924 1218 4369 1 0 0 0 0 0 0 1 1 2 0 R 0
791 20281 29464 616 29479 581 5656 1 0 0 0 0 0 0 1 1 1 0 R 0
792 20302 20009 597 20039 565 4455 1 0 0 0 0 0 0 1 1 1 0 R 0
793 20329 26590 593 26625 558 5229 1 0 0 0 0 0 0 1 1 1 0 R 0
794 20354 24368 920 24399 898 6273 1 0 0 0 0 0 0 1 1 1 0 R 0
795 20382 27128 787 27154 754 7908 1 0 0 0 0 0 0 1 1 2 0 R 0
796 20402 19087 587 19122 555 4057 1 0 0 0 0 0 0 1 1 1 0 R 0
797 20431 28443 634 28478 592 3849 1 0 0 0 0 0 0 1 1 0 0 R 0
798 20461 29613 1134 29741 1016 5856 1 0 0 0 0 0 0 1 1 2 0 R 0
799 20489 26511 599 26541 564 6599 1 0 0 0 0 0 0 1 1 1 0 R 0
800 20510 20220 613 20254 583 4244 1 0 0 0 0 0 0 1 1 1 0 R 0
801 20537 27050 1089 27167 979 5097 1 0 0 0 0 0 0 1 1 1 0 R 0
802 20567 28261 1089 28376 978 7207 1 0 0 0 0 0 0 1 1 1 0 R 0
803 20591 23259 606 23281 575 5139 1 0 0 0 0 0 0 1 1 1 0 R 0
804 20611 19339 605 19374 566 4551 1 0 0 0 0 0 0 1 1 2 0 R 0
805 20638 26550 635 26588 599 6104 1 0 0 0 0 0 0 1 1 1 0 R 0
806 20668 29195 1001 29228 981 6403 1 0 0 0 0 0 0 1 1 2 0 R 0
807 20692 23087 702 23110 670 6028 1 0 0 0 0 0 0 1 1 1 0 R 0
808 20712 18827 576 18860 548 3838 1 0 0 0 0 0 0 1 1 1 0 R 0
809 20739 27095 600 27125 565 5476 1 0 0 0 0 0 0 1 1 1 0 R 0
810 20771 31469 2541 31593 2441 14186 1 0 0 0 0 1 0 1 1 1 0 R 0
811 20798 23903 619 23908 593 4025 1 0 0 0 0 0 0 1 1 1 0 R 0
812 20818 19310 570 19336 541 3826 1 0 0 0 0 0 0 1 1 1 0 R 0
813 20846 27380 987 27411 970 4467 1 0 0 0 0 0 0 1 1 1 0 R 0
814 20877 30333 1009 30355 985 8346 1 0 0 0 0 0 0 1 1 1 0 R 0
815 20900 21704 607 21726 577 4396 1 0 0 0 0 0 0 1 1 1 0 R 0
816 20919 18831 585 18861 557 4208 1 0 0 0 0 0 0 1 1 1 0 R 0
817 20946 26587 1320 26918 990 5152 1 0 0 0 0 0 0 1 1 2 0 R 0
818 20977 28947 993 28976 975 7067 1 0 0 0 0 0 0 1 1 1 0 R 0
819 21002 24181 628 24207 588 7227 1 0 0 0 0 0 0 1 1 1 0 R 0
820 21022 19647 596 19686 560 3923 1 0 0 0 0 0 0 1 1 1 0 R 0
821 21050 26803 605 26839 749 4547 1 0 0 0 0 0 0 1 1 2 0 R 0
822 21079 28787 1139 28732 1017 5935 1 0 0 0 0 0 0 1 1 1 0 R 0
823 21104 23467 596 23499 564 7209 1 0 0 0 0 0 0 1 1 0 0 R 0
824 21123 18507 583 18543 543 3872 1 0 0 0 0 0 0 1 1 2 0 R 0
825 21151 27614 761 27657 733 12454 1 0 0 0 0 0 0 1 1 1 0 R 0
826 21182 29944 1119 30066 992 6674 1 0 0 0 0 0 0 1 1 1 0 R 0
827 21207 23967 596 23996 562 6887 1 0 0 0 0 0 0 1 1 1 0 R 0
828 21228 20906 1451 20609 1533 4268 1 0 1 0 0 0 0 1 1 1 0 R 0
829 21257 27797 971 27717 950 4882 1 0 0 0 0 0 0 1 1 2 0 R 0
830 21287 28827 986 28942 862 7190 1 0 0 0 0 0 0 1 1 1 0 R 0
831 21310 21726 612 21759 578 4185 1 0 0 0 0 0 0 1 1 1 0 R 0
832 21329 18733 670 18774 630 4260 1 0 0 0 0 0 0 1 1 1 0 R 0
833 21360 29902 2026 30059 1877 4581 1 0 0 0 0 1 0 1 1 1 0 S 0
834 21398 35685 810 35712 777 7665 1 0 0 0 0 1 0 1 1 1 0 R 0
835 21420 21993 930 22067 857 4136 1 0 0 0 0 0 0 1 1 2 0 R 0
836 21441 20146 601 20179 567 4320 1 0 0 0 0 0 0 1 1 1 0 R 0
837 21472 29983 1028 30016 994 6090 1 0 0 0 0 0 0 1 1 1 0 R 0
838 21502 29240 930 29275 896 6455 1 0 0 0 0 0 0 1 1 1 0 R 0
839 21526 22512 587 22545 557 4508 1 0 0 0 0 0 0 1 1 1 0 R 0
840 21553 26583 999 26615 971 8890 1 0 0 0 0 0 0 1 1 2 0 R 0
841 21586 31993 981 32103 973 4371 1 0 0 0 0 0 0 1 1 1 0 R 0
842 21613 26087 588 26012 557 7339 1 0 0 0 0 0 0 1 1 1 0 R 0
843 21636 22910 592 22943 559 4071 1 0 0 0 0 0 0 1 1 1 0 R 0
844 21661 23647 603 23683 575 5066 1 0 0 0 0 0 0 1 1 1 0 R 0
845 21685 23511 626 23529 604 6278 1 0 0 0 0 0 0 1 1 1 0 R 0
846 21706 20457 597 20491 562 3959 1 0 0 0 0 0 0 1 1 2 0 R 0
847 21729 22698 603 22734 570 5812 1 0 0 0 0 0 0 1 1 1 0 R 0
848 21750 19964 1189 20000 1287 4231 1 0 0 0 0 0 0 1 1 1 0 R 0
849 21781 30328 1176 30229 1262 7356 1 0 0 0 0 0 0 1 1 1 0 R 0
850 21812 29643 1096 29562 1061 6846 1 0 0 0 0 0 0 1 1 1 0 R 0
851 21835 22248 649 22271 626 4018 1 0 0 0 0 0 0 1 1 1 0 R 0
852 21861 24407 1102 24527 985 3924 1 0 0 0 0 0 0 1 1 1 0 R 0
853 21891 29529 1008 29653 879 4198 1 0 0 0 0 0 0 1 1 2 0 R 0
854 21917 24724 595 24755 558 6878 1 0 0 0 0 0 0 1 1 1 0 R 0
855 21941 23548 604 23590 568 7897 1 0 0 0 0 0 0 1 1 1 0 R 0
856 21967 25454 695 25577 574 6044 1 0 0 0 0 0 0 1 1 1 0 R 0
857 21998 30616 1103 30730 999 6159 1 0 0 0 0 0 0 1 1 1 0 R 0
858 22021 21891 597 21913 568 7059 1 0 0 0 0 0 0 1 1 1 0 R 0
859 22042 20285 623 20324 580 4294 1 0 0 0 0 0 0 1 1 1 0 R 0
860 22067 24438 1038 24471 1118 4896 1 0 0 0 0 0 0 1 1 2 0 R 0
861 22099 30290 986 30208 974 5475 1 0 0 0 0 0 0 1 1 1 0 R 0
862 22122 22253 637 22269 610 7282 1 0 0 0 0 0 0 1 1 1 0 R 0
863 22143 20437 573 20461 545 3791 1 0 0 0 0 0 0 1 1 2 0 R 0
864 22168 24077 1025 24111 1004 3856 1 0 0 0 0 0 0 1 1 1 0 R 0
865 22201 32394 1001 31842 973 5087 1 0 1 0 0 0 0 1 1 1 0 R 0
866 22224 21707 999 21738 970 6614 1 0 0 0 0 0 0 1 1 1 0 R 0
867 22246 20810 584 20834 552 3911 1 0 0 0 0 0 0 1 1 1 0 R 0
868 22272 26123 981 26250 966 3826 1 0 0 0 0 0 0 1 1 1 0 R 0
869 22305 31526 973 31561 844 5090 1 0 0 0 0 0 0 1 1 1 0 R 0
870 22334 27929 895 27946 876 13491 1 0 0 0 0 0 0 1 1 1 0 R 0
871 22356 21386 975 21492 865 3828 1 0 0 0 0 0 0 1 1 1 0 R 0
872 22382 24899 1017 24926 989 3844 1 0 0 0 0 0 0 1 1 2 0 R 0
873 22415 32175 949 32195 935 6845 1 0 0 0 0 0 0 1 1 1 0 R 0
874 22436 20408 595 20426 565 4032 1 0 0 0 0 0 0 1 1 1 0 R 0
875 22459 21607 1015 21733 991 4205 1 0 0 0 0 0 0 1 1 1 0 R 0
876 22484 24127 1869 24171 1750 4138 1 0 0 0 0 0 0 1 1 2 0 R 0
877 22516 30392 916 30397 887 7470 1 0 0 0 0 0 0 1 1 1 0 R 0
878 22538 20918 579 20947 551 3915 1 0 0 0 0 0 0 1 1 1 0 R 0
879 22559 20283 619 20317 585 3927 1 0 0 0 0 0 0 1 1 1 0 R 0
880 22584 24719 1226 24754 1214 4621 1 0 0 0 0 0 0 1 1 1 0 R 0
881 22617 31529 1091 31628 970 7458 1 0 0 0 0 0 0 1 1 1 0 R 0
882 22639 20756 605 20786 572 4414 1 0 0 0 0 0 0 1 1 1 0 R 0
883 22660 20755 611 20785 583 4166 1 0 0 0 0 0 0 1 1 1 0 R 0
884 22686 25065 589 25098 558 5483 1 0 0 0 0 0 0 1 1 1 0 R 0
885 22721 35059 1033 35091 1002 12704 1 0 0 0 0 0 0 1 1 1 0 R 0
886 22742 20090 609 20130 565 4080 1 0 0 0 0 0 0 1 1 2 0 R 0
887 22763 20305 576 20338 546 3684 1 0 0 0 0 0 0 1 1 1 0 R 0
888 22790 26248 1023 26319 957 4781 1 0 0 0 0 0 0 1 1 2 0 R 0
889 22822 30550 994 30669 981 6987 1 0 0 0 0 0 0 1 1 1 0 R 0
890 22845 22702 624 22634 578 4355 1 0 0 0 0 0 0 1 1 1 0 R 0
891 22866 20327 579 20363 1440 3771 1 0 0 0 0 0 0 1 1 1 0 R 0
892 22892 25206 1223 24348 1312 4342 1 0 0 0 0 0 0 1 1 1 0 R 0
893 22924 30449 1471 30363 1445 6638 1 0 0 0 0 0 0 1 1 1 0 R 0
894 22949 23146 603 23172 565 7421 1 0 0 0 0 0 0 1 1 1 0 R 0
895 22971 21764 1006 21896 994 4181 1 0 0 0 0 0 0 1 1 1 0 R 0
896 22997 24780 979 24693 955 3836 1 0 0 0 0 0 0 1 1 1 0 R 0
897 23029 31485 996 31611 999 7186 1 0 0 0 0 0 0 1 1 1 0 R 0
898 23050 20138 606 20040 569 4479 1 0 0 0 0 0 0 1 1 1 0 R 0
899 23076 24745 720 24781 697 5464 1 0 0 0 0 0 0 1 1 2 0 R 0
900 23104 27741 1354 27861 1332 10154 1 0 0 0 0 0 0 1 1 1 0 R 0
901 23136 30574 968 30590 962 7411 1 0 0 0 0 0 0 1 1 1 0 R 0
902 23159 21877 640 21796 607 6934 1 0 0 0 0 0 0 1 1 1 0 R 0
903 23182 22758 595 22788 566 4484 1 0 0 0 0 0 0 1 1 1 0 R 0
904 23210 26997 1020 27030 996 6048 1 0 0 0 0 0 0 1 1 1 0 R 0
905 23241 29973 783 28513 749 7213 1 0 1 0 0 0 0 1 1 2 0 R 0
906 23261 19835 641 19868 606 4618 1 0 0 0 0 0 0 1 1 1 0 R 0
907 23285 22537 558 22561 539 4264 1 0 0 0 0 0 0 1 1 1 0 R 0
908 23311 25642 1186 25670 1178 5430 1 0 0 0 0 0 0 1 1 1 0 R 0
909 23341 29330 618 29342 582 6495 1 0 0 0 0 0 0 1 1 1 0 R 0
910 23361 19289 650 19335 611 4297 1 0 0 0 0 0 0 1 1 1 0 R 0
911 23386 23864 586 23891 557 4208 1 0 0 0 0 0 0 1 1 1 0 R 0
912 23412 25162 1134 25288 1021 5624 1 0 0 0 0 0 0 1 1 1 0 R 0
913 23446 33048 2266 33074 2250 6519 1 0 0 0 0 1 0 1 1 1 0 R 0
914 23469 21127 649 21139 617 5641 1 0 0 0 0 0 0 1 1 2 0 R 0
915 23498 27762 989 27796 965 7958 1 0 0 0 0 0 0 1 1 1 0 R 0
916 23527 28545 883 28569 852 5125 1 0 0 0 0 0 0 1 1 1 0 R 0
917 23552 24218 603 24251 565 6486 1 0 0 0 0 0 0 1 1 1 0 R 0
918 23572 19591 589 19626 557 3836 1 0 0 0 0 0 0 1 1 1 0 R 0
919 23596 23399 962 23435 932 3804 1 0 0 0 0 0 0 1 1 2 0 R 0
920 23625 27985 1173 28011 1252 6758 1 0 0 0 0 0 0 1 1 1 0 R 0
921 23652 25714 598 25637 564 6904 1 0 0 0 0 0 0 1 1 1 0 R 0
922 23671 18642 813 18694 762 4012 1 0 0 0 0 0 0 1 1 1 0 R 0
923 23694 21907 945 21941 917 4204 1 0 0 0 0 0 0 1 1 1 0 R 0
924 23722 26471 1104 26588 986 6326 1 0 0 0 0 0 0 1 1 1 0 R 0
925 23752 29438 641 29465 607 6271 1 0 0 0 0 0 0 1 1 1 0 R 0
926 23773 19769 591 19802 563 4149 1 0 0 0 0 1 0 1 1 1 0 R 0
927 23797 24046 693 24094 645 3788 1 0 0 0 0 0 0 1 1 2 0 R 0
928 23826 28374 1047 28414 1014 6814 1 0 0 0 0 0 0 1 1 1 0 R 0
929 23858 30739 966 30763 935 8085 1 0 0 0 0 0 0 1 1 1 0 R 0
930 23883 24132 613 24162 577 8720 1 0 0 0 0 0 0 1 1 1 0 R 0
931 23908 24331 1144 24456 1023 3857 1 0 0 0 0 0 0 1 1 1 0 R 0
932 23937 28240 1041 28291 1004 4920 1 0 0 0 0 0 0 1 1 1 0 R 0
933 23968 29293 600 29314 563 7226 1 0 0 0 0 0 0 1 1 1 0 R 0
934 23988 19250 586 19283 556 4819 1 0 0 0 0 0 0 1 1 1 0 R 0
935 24015 26900 610 26927 586 5446 1 0 0 0 0 0 0 1 1 2 0 R 0
936 24037 21070 590 21099 559 5370 1 0 0 0 0 0 0 1 1 1 0 R 0
937 24059 21258 632 21290 599 3981 1 0 0 0 0 0 0 1 1 1 0 R 0
938 24081 21255 603 21294 570 6190 1 0 0 0 0 0 0 1 1 1 0 R 0
939 24104 22613 1068 22644 1057 4165 1 0 0 0 0 0 0 1 1 1 0 R 0
940 24139 34365 610 29173 574 6520 1 0 2 0 0 0 0 1 1 1 0 R 0
941 24161 21502 592 21539 561 4110 1 0 0 0 0 0 0 1 1 1 0 R 0
942 24185 23262 842 23345 762 5666 1 0 0 0 0 0 0 1 1 2 0 R 0
943 24210 24126 1005 24156 976 3911 1 0 0 0 0 0 0 1 1 1 0 R 0
944 24243 31488 997 31521 962 6402 1 0 0 0 0 0 0 1 1 1 0 R 0
945 24277 33538 718 33264 672 12776 1 0 1 0 0 0 0 1 1 1 0 R 0
946 24297 19507 591 19536 558 3826 1 0 0 0 0 0 0 1 1 1 0 R 0
947 24324 25592 607 25624 585 5918 1 0 0 0 0 0 0 1 1 2 0 R 0
948 24352 28046 1045 28073 1013 6237 1 0 0 0 0 0 0 1 1 1 0 R 0
949 24381 27528 598 27556 568 5973 1 0 0 0 0 0 0 1 1 1 0 R 0
950 24401 19147 572 19176 541 4276 1 0 0 0 0 0 0 1 1 1 0 R 0
951 24427 26288 1239 26334 1204 6300 1 0 0 0 0 0 0 1 1 1 0 R 0
952 24451 22364 601 22390 567 5855 1 0 0 0 0 0 0 1 1 1 0 R 0
953 24473 21734 1424 21775 1406 4216 1 0 0 0 0 0 0 1 1 2 0 R 0
954 24495 20388 668 20408 625 3865 1 0 0 0 0 0 0 1 1 1 0 R 0
955 24521 24727 1138 24852 1017 3646 1 0 0 0 0 0 0 1 1 1 0 R 0
956 24549 27714 1130 27833 1022 4877 1 0 0 0 0 0 0 1 1 1 0 R 0
957 24581 30043 836 30066 809 7393 1 0 0 0 0 0 0 1 1 1 0 R 0
958 24601 19916 600 19943 567 4626 1 0 0 0 0 0 0 1 1 1 0 R 0
959 24629 26640 1043 26673 1010 4942 1 0 0 0 0 0 0 1 1 1 0 R 0
960 24660 30781 1159 30821 1125 10938 1 0 0 0 0 0 0 1 1 1 0 R 0
961 24693 31659 723 31718 660 6845 1 0 0 0 0 0 0 1 1 4 0 R 0
962 24716 22295 632 22326 603 3836 1 0 0 0 0 0 0 1 1 2 0 R 0
963 24744 26655 1927 26706 1898 5220 1 0 0 0 0 0 0 1 1 1 0 R 0
964 24766 20533 616 20540 581 5532 1 0 0 0 0 0 0 1 1 1 0 R 0
965 24790 23195 651 23232 622 3875 1 0 0 0 0 0 0 1 1 1 0 R 0
966 24809 18985 584 19014 554 4496 1 0 0 0 0 0 0 1 1 1 0 R 0
967 24836 26112 635 26146 598 5951 1 0 0 0 0 0 0 1 1 1 0 R 0
968 24857 20215 583 20256 551 4082 1 0 0 0 0 0 0 1 1 1 0 R 0
969 24879 21228 579 21263 550 3824 1 0 0 0 0 0 0 1 1 1 0 R 0
970 24900 21138 604 21169 569 6255 1 0 0 0 0 0 0 1 1 1 0 R 0
971 24923 21488 608 21527 579 4294 1 0 0 0 0 0 0 1 1 1 0 R 0
972 24950 27261 1067 27294 1041 6021 1 0 0 0 0 0 0 1 1 1 0 R 0
973 24980 28421 624 28449 592 6931 1 0 0 0 0 0 0 1 1 1 0 R 0
974 25000 19843 596 19878 563 4150 1 0 0 0 0 0 0 1 1 2 0 R 0
975 25027 25987 1027 26169 952 8379 1 0 0 0 0 0 0 1 1 1 0 R 0
976 25056 27867 1030 27815 1002 7164 1 0 0 0 0 0 0 1 1 1 0 R 0
977 25084 26750 1114 26768 1104 7197 1 0 0 0 0 0 0 1 1 1 0 R 0
978 25104 18916 888 18933 862 4241 1 0 0 0 0 0 0 1 1 1 0 R 0
979 25127 22405 706 22465 645 3822 1 0 0 0 0 0 0 1 1 1 0 R 0
980 25162 34270 1272 34327 1217 6569 1 0 0 0 0 0 0 1 1 3 0 R 0
981 25194 30822 923 30890 869 9018 1 0 0 0 0 0 0 1 1 5 0 R 0
982 25213 18227 667 18272 612 3629 1 0 0 0 0 0 0 1 1 0 0 R 0
983 25240 26161 1010 25388 978 3824 1 0 1 0 0 0 0 1 1 1 0 R 0
984 25270 29343 1110 29467 988 5274 1 0 0 0 0 0 0 1 1 2 0 R 0
985 25296 24696 585 24726 556 6502 1 0 0 0 0 0 0 1 1 1 0 R 0
986 25316 18993 646 19020 619 3794 1 0 0 0 0 0 0 1 1 1 0 R 0
987 25341 24109 633 24146 614 4242 1 0 0 0 0 0 0 1 1 1 0 R 0
988 25368 27294 1300 27408 1195 5172 1 0 0 0 0 0 0 1 1 1 0 R 0
989 25394 24441 907 24774 559 7193 1 0 0 0 0 0 0 1 1 1 0 R 0
990 25418 23261 611 23297 576 8653 1 0 0 0 0 0 0 1 1 2 0 R 0
991 25445 26111 1041 26247 1020 4406 1 0 0 0 0 0 0 1 1 1 0 R 0
992 25482 35961 1226 36008 1078 4552 1 0 0 0 0 0 0 1 1 3 0 R 0
993 25511 27516 762 27574 714 5201 1 0 0 0 0 0 0 1 1 3 0 R 0
994 25531 19456 897 19502 851 4117 1 0 0 0 0 0 0 1 1 2 0 R 0
995 25557 24803 1098 24921 988 4319 1 0 0 0 0 0 0 1 1 1 0 R 0
996 25586 28153 994 28174 980 7230 1 0 0 0 0 0 0 1 1 1 0 R 0
997 25609 22221 597 22241 563 5060 1 0 0 0 0 0 0 1 1 1 0 R 0
998 25630 20340 638 20393 596 4210 1 0 0 0 0 0 0 1 1 1 0 R 0
999 25659 27867 1012 27902 986 4781 1 0 0 0 0 0 0 1 1 1 0 R 0
1000 25689 29479 1154 29603 1034 7365 1 0 0 0 0 0 0 1 1 1 0 R 0
1001 25713 22281 601 22311 567 4460 1 0 0 0 0 0 0 1 1 1 0 R 0
1002 25732 19202 634 19236 603 3819 1 0 0 0 0 0 0 1 1 1 0 R 0
1003 25759 25682 782 25716 754 4247 1 0 0 0 0 0 0 1 1 2 0 R 0
1004 25789 29235 1252 29291 1201 7014 1 0 0 0 0 0 0 1 1 1 0 R 0
1005 25815 25305 662 25344 627 10423 1 0 0 0 0 0 0 1 1 1 0 R 0
1006 25835 19258 610 19284 584 3897 1 0 0 0 0 0 0 1 1 1 0 R 0
1007 25863 27448 1756 27586 1767 4809 1 0 0 0 0 0 0 1 1 1 0 R 0
1008 25895 30315 1018 30296 995 8168 1 0 0 0 0 0 0 1 1 1 0 R 0
1009 25918 22093 594 22033 562 3873 1 0 0 0 0 0 0 1 1 1 0 R 0
1010 25938 18993 579 19025 550 4254 1 0 0 0 0 0 0 1 1 1 0 R 0
1011 25967 28329 991 28365 962 4346 1 0 0 0 0 0 0 1 1 2 0 R 0
1012 25996 28367 985 28492 862 7190 1 0 0 0 0 0 0 1 1 1 0 R 0
1013 26019 22059 604 22095 569 4622 1 0 0 0 0 0 0 1 1 1 0 R 0
1014 26039 19261 579 19294 553 4405 1 0 0 0 0 0 0 1 1 1 0 R 0
1015 26068 28414 2470 28540 2363 4764 1 0 0 0 0 1 0 1 1 1 0 R 0
1016 26099 28743 1176 28757 1277 6920 1 0 0 0 0 0 0 1 1 1 0 R 0
1017 26126 25734 593 25636 557 6494 1 0 0 0 0 0 0 1 1 1 0 R 0
1018 26148 21436 619 21475 589 4190 1 0 0 0 0 0 0 1 1 2 0 R 0
1019 26177 27765 1036 27799 1016 5307 1 0 0 0 0 1 0 1 1 1 0 R 0
1020 26208 30365 602 30396 573 13849 1 0 0 0 0 0 0 1 1 1 0 R 0
1021 26230 21463 705 21511 657 4485 1 0 0 0 0 0 0 1 1 1 0 R 0
1022 26252 21210 615 21250 577 4267 1 0 0 0 0 0 0 1 1 1 0 R 0
1023 26284 30855 1628 29981 1543 5819 1 0 1 0 0 0 0 1 1 1 0 R 0
1024 26314 28356 1600 28356 1573 7402 1 0 0 0 0 0 0 1 1 2 0 R 0
1025 26338 22989 677 23034 639 4518 1 0 0 0 0 0 0 1 1 1 0 R 0
1026 26360 20732 985 20842 967 4246 1 0 0 0 0 0 0 1 1 1 0 R 0
1027 26392 31901 992 31931 970 5846 1 0 0 0 0 0 0 1 1 1 0 R 0
1028 26418 24164 603 24095 565 6935 1 0 0 0 0 0 0 1 1 1 0 R 0
1029 26439 21111 588 21146 617 4240 1 0 0 0 0 0 0 1 1 2 0 R 0
1030 26461 21403 983 21471 863 4419 1 0 0 0 0 0 0 1 1 1 0 R 0
1031 26492 29782 1078 29821 1144 6329 1 0 0 0 0 0 0 1 1 1 0 R 0
1032 26518 25120 599 25055 562 6536 1 0 0 0 0 0 0 1 1 1 0 R 0
1033 26540 20742 659 20776 633 4564 1 0 0 0 0 0 0 1 1 1 0 R 0
1034 26561 20379 599 20413 566 4306 1 0 0 0 0 0 0 1 1 1 0 R 0
1035 26596 34351 1039 34385 1025 13225 1 0 0 0 0 0 0 1 1 1 0 R 0
1036 26621 24508 596 24528 563 7200 1 0 0 0 0 0 0 1 1 1 0 R 0
1037 26643 20775 603 20808 574 4718 1 0 0 0 0 0 0 1 1 1 0 R 0
1038 26664 20377 618 20421 584 3802 1 0 0 0 0 0 0 1 1 1 0 R 0
1039 26697 32383 1168 32411 1156 6135 1 0 0 0 0 0 0 1 1 2 0 R 0
1040 26722 24029 665 24069 629 6895 1 0 0 0 0 0 0 1 1 1 0 R 0
1041 26744 21076 591 21089 557 4157 1 0 0 0 0 0 0 1 1 0 0 R 0
1042 26766 21879 633 21918 599 3837 1 0 0 0 0 0 0 1 1 2 0 R 0
1043 26798 31249 1083 31307 1130 5528 1 0 0 0 0 0 0 1 1 2 0 R 0
1044 26825 25898 740 25829 717 6297 1 0 0 0 0 0 0 1 1 1 0 R 0
1045 26846 20545 576 20574 550 4153 1 0 0 0 0 0 0 1 1 1 0 R 0
1046 26868 21074 598 21108 563 4267 1 0 0 0 0 0 0 1 1 1 0 R 0
1047 26899 30583 1008 30623 991 6512 1 0 0 0 0 0 0 1 1 1 0 R 0
1048 26926 26303 783 26336 742 7303 1 0 0 0 0 0 0 1 1 1 0 R 0
1049 26948 21109 594 21138 563 4097 1 0 0 0 0 0 0 1 1 2 0 R 0
1050 26973 24172 1019 24211 989 8168 1 0 0 0 0 0 0 1 1 0 0 R 0
1051 26998 24104 598 24135 565 6657 1 0 0 0 0 0 0 1 1 2 0 R 0
1052 27026 26966 702 27020 659 5696 1 0 0 0 0 0 0 1 1 1 0 R 0
1053 27051 24311 733 24364 677 4246 1 0 0 0 0 0 0 1 1 2 0 R 0
1054 27073 21888 753 21948 701 4244 1 0 0 0 0 0 0 1 1 3 0 R 0
1055 27113 38902 1238 38959 1189 5500 1 0 0 0 0 0 0 1 1 3 0 R 0
1056 27146 31980 747 32035 690 8829 1 0 0 0 0 0 0 1 1 3 0 R 0
1057 27173 25956 780 26027 725 4181 1 0 0 0 0 0 0 1 1 2 0 R 0
1058 27199 24966 997 24988 972 5027 1 0 0 0 0 0 0 1 1 2 0 R 0
1059 27232 32312 586 31874 551 7669 1 0 1 0 0 0 0 1 1 1 0 R 0
1060 27252 19478 599 19517 571 4543 1 0 0 0 0 0 0 1 1 1 0 R 0
1061 27275 22391 582 22415 563 3855 1 0 0 0 0 0 0 1 1 2 0 R 0
1062 27302 26311 983 26342 957 4654 1 0 0 0 0 0 0 1 1 1 0 R 0
1063 27335 31887 1100 32027 963 6672 1 0 0 0 0 0 0 1 1 1 0 R 0
1064 27357 21109 593 21132 565 7362 1 0 0 0 0 0 0 1 1 1 0 R 0
1065 27384 26567 1599 26689 1505 8762 1 0 0 0 0 0 0 1 1 1 0 R 0
1066 27413 27096 1117 27202 1001 7444 1 0 0 0 0 0 0 1 1 1 0 R 0
1067 27441 27088 651 27118 618 6497 1 0 0 0 0 0 0 1 1 1 0 R 0
1068 27461 19140 602 19174 566 4515 1 0 0 0 0 0 0 1 1 1 0 R 0
1069 27484 22468 1272 22506 1357 4318 1 0 0 0 0 0 0 1 1 1 0 R 0
1070 27512 27339 999 27259 972 7554 1 0 0 0 0 0 0 1 1 1 0 R 0
1071 27541 27555 809 27584 791 6609 1 0 0 0 0 0 0 1 1 1 0 R 0
1072 27561 19169 593 19184 563 4521 1 0 0 0 0 0 0 1 1 1 0 R 0
1073 27585 23737 582 23769 554 4152 1 0 0 0 0 0 0 1 1 1 0 R 0
1074 27613 27268 1561 27313 1665 5284 1 0 0 0 0 0 0 1 1 2 0 R 0
1075 27643 28115 601 28013 567 7826 1 0 0 0 0 0 0 1 1 1 0 R 0
1076 27664 20327 1003 20399 954 4080 1 0 0 0 0 0 0 1 1 1 0 R 0
1077 27687 22134 591 22148 559 3890 1 0 0 0 0 0 0 1 1 1 0 R 0
1078 27713 25248 612 25283 575 6529 1 0 0 0 0 0 0 1 1 1 0 R 0
1079 27743 29870 603 29915 570 5842 1 0 0 0 0 0 0 1 1 1 0 R 0
1080 27767 22948 634 22977 599 9765 1 0 0 0 0 0 0 1 1 2 0 R 0
1081 27789 21801 648 21843 613 3827 1 0 0 0 0 0 0 1 1 1 0 R 0
1082 27818 27927 1049 27967 1009 5678 1 0 0 0 0 0 0 1 1 2 0 R 0
1083 27852 32897 941 33022 826 7456 1 0 0 0 0 0 0 1 1 1 0 R 0
1084 27874 21040 1050 21080 1034 4216 1 0 0 0 0 0 0 1 1 1 0 R 0
1085 27897 22438 916 22452 895 3861 1 0 0 0 0 0 0 1 1 1 0 R 0
1086 27924 25961 1817 25990 1804 6351 1 0 0 0 0 0 0 1 1 1 0 R 0
1087 27954 28100 1017 28137 973 7165 1 0 0 0 0 0 0 1 1 1 0 R 0
1088 27974 18811 923 18833 904 3841 1 0 0 0 0 0 0 1 1 2 0 R 0
1089 27997 22682 984 22706 954 3833 1 0 0 0 0 0 0 1 1 1 0 R 0
1090 28028 29087 1414 29134 1381 7032 1 0 0 0 0 0 0 1 1 1 0 R 0
1091 28056 26586 585 26604 555 7143 1 0 0 0 0 0 0 1 1 1 0 R 0
1092 28076 20330 631 20363 605 4233 1 0 0 0 0 0 0 1 1 1 0 R 0
1093 28099 22196 999 22233 968 3763 1 0 0 0 0 0 0 1 1 1 0 R 0
1094 28127 26764 1036 26799 995 7451 1 0 0 0 0 0 0 1 1 1 0 R 0
1095 28158 29849 593 29891 559 13058 1 0 0 0 0 0 0 1 1 1 0 R 0
1096 28178 19178 629 19210 604 4540 1 0 0 0 0 0 0 1 1 2 0 R 0
1097 28200 21398 951 21774 582 3799 1 0 0 0 0 0 0 1 1 1 0 R 0
1098 28229 28464 1593 28587 1478 6412 1 0 0 0 0 0 0 1 1 1 0 R 0
1099 28261 30618 961 30649 931 7265 1 0 0 0 0 0 0 1 1 1 0 R 0
1100 28285 22800 592 22828 561 3951 1 0 0 0 0 0 0 1 1 1 0 R 0
1101 28312 26435 993 26564 973 4247 1 0 0 0 0 0 0 1 1 2 0 R 0
1102 28341 27610 609 27547 570 4464 1 0 0 0 0 0 0 1 1 1 0 R 0
1103 28368 26224 592 26259 559 5709 1 0 0 0 0 0 0 1 1 1 0 R 0
1104 28388 19778 598 19813 565 3899 1 0 0 0 0 0 0 1 1 1 0 R 0
1105 28415 26520 680 26561 646 3803 1 0 0 0 0 0 0 1 1 2 0 R 0
1106 28441 24885 1277 24943 1223 4394 1 0 0 0 0 0 0 1 1 1 0 R 0
1107 28467 24614 618 24667 569 6502 1 0 0 0 0 0 0 1 1 1 0 R 0
1108 28487 20268 586 20297 557 4499 1 0 0 0 0 0 0 1 1 1 0 R 0
1109 28511 22845 608 22883 577 3776 1 0 0 0 0 0 0 1 1 1 0 R 0
1110 28536 24049 589 24083 558 8490 1 0 0 0 0 0 0 1 1 1 0 R 0
1111 28559 23074 1260 23124 1248 4149 1 0 0 0 0 0 0 1 1 2 0 R 0
1112 28581 20592 597 20594 563 4786 1 0 0 0 0 1 0 1 1 1 0 R 0
1113 28605 23240 677 23264 655 4412 1 0 0 0 0 0 0 1 1 1 0 R 0
1114 28629 23761 1064 23797 1140 4286 1 0 0 0 0 0 0 1 1 1 0 R 0
1115 28660 29984 999 30005 971 7292 1 0 0 0 0 0 0 1 1 1 0 R 0
1116 28682 20474 598 20411 564 4605 1 0 0 0 0 0 0 1 1 1 0 R 0
1117 28703 20854 3360 21577 2663 4198 1 0 0 0 0 1 0 1 1 1 0 R 0
1118 28731 24377 1015 24391 986 3856 1 0 0 0 0 0 0 1 1 1 0 R 0
1119 28762 30019 1025 30056 993 7402 1 0 0 0 0 0 0 1 1 1 0 R 0
1120 28787 24272 598 24303 566 6313 1 0 0 0 0 0 0 1 1 2 0 R 0
1121 28810 22539 600 22573 566 3831 1 0 0 0 0 0 0 1 1 1 0 R 0
1122 28836 24968 1073 25022 1035 4652 1 0 0 0 0 0 0 1 1 1 0 R 0
1123 28873 35853 910 35943 827 7268 1 0 0 0 0 0 0 1 1 3 0 S 0
1124 28895 21506 556 21544 512 5098 1 0 0 0 0 0 0 1 1 1 0 R 0
1125 28933 37529 593 24232 579 22858 1 3 3 0 1 0 0 0 1 2 0 R 1
1126 28962 28301 1134 27583 1022 5607 1 0 0 0 0 0 0 1 1 1 0 R 0
1127 28988 24338 594 24353 562 5256 1 0 0 0 0 0 0 1 1 1 0 R 0
1128 29007 18827 573 18859 544 3881 1 0 0 0 0 0 0 1 1 1 0 R 0
1129 29035 27347 859 27380 837 6006 1 0 0 0 0 0 0 1 1 1 0 R 0
1130 29064 27581 594 27608 851 5261 1 0 0 0 0 0 0 1 1 1 0 R 0
1131 29088 23914 653 23675 607 6208 1 0 0 0 0 0 0 1 1 1 0 R 0
1132 29108 19050 594 19085 561 4309 1 0 0 0 0 0 0 1 1 1 0 R 0
1133 29136 27663 598 27700 564 5711 1 0 0 0 0 0 0 1 1 2 0 R 0
1134 29161 24614 715 24668 664 8891 1 0 0 0 0 0 0 1 1 1 0 R 0
1135 29184 22081 1358 22123 1341 4218 1 0 0 0 0 0 0 1 1 1 0 R 0
1136 29206 20708 598 20724 567 4880 1 0 0 0 0 0 0 1 1 1 0 R 0
1137 29234 27095 1486 26676 1381 3796 1 0 1 0 0 0 0 1 1 1 0 R 0
1138 29262 27072 1034 27085 1007 4765 1 0 0 0 0 0 0 1 1 1 0 R 0
1139 29289 25148 598 25179 563 6454 1 0 0 0 0 0 0 1 1 1 0 R 0
1140 29311 21838 602 21880 566 7817 1 0 0 0 0 0 0 1 1 1 0 R 0
1141 29338 26750 943 26790 1014 4210 1 0 0 0 0 0 0 1 1 3 0 R 0
1142 29368 28659 1008 28592 974 5765 1 0 0 0 0 0 0 1 1 1 0 R 0
1143 29397 28135 594 28167 566 7186 1 0 0 0 0 0 0 1 1 1 0 R 0
1144 29417 19432 583 19464 548 3880 1 0 0 0 0 0 0 1 1 1 0 R 0
1145 29443 25739 598 25778 566 5969 1 0 0 0 0 0 0 1 1 0 0 R 0
1146 29472 27769 1304 27891 1203 5441 1 0 0 0 0 0 0 1 1 2 0 R 0
1147 29501 27640 597 27660 563 6120 1 0 0 0 0 0 0 1 1 1 0 R 0
1148 29521 19108 631 19146 602 4422 1 0 0 0 0 0 0 1 1 2 0 R 0
1149 29548 26943 605 26977 568 4945 1 0 0 0 0 0 0 1 1 1 0 R 0
1150 29574 25444 1027 25484 1000 4977 1 0 0 0 0 0 0 1 1 1 0 R 0
1151 29598 22639 884 22696 842 3764 1 0 0 0 0 0 0 1 1 1 0 R 0
1152 29619 20599 742 20643 680 4437 1 0 0 0 0 0 0 1 1 1 0 R 0
1153 29654 33475 1764 33536 1723 5751 1 0 0 0 0 0 0 1 1 4 0 R 0
1154 29690 34925 717 34978 655 8080 1 0 0 0 0 0 0 1 1 3 0 R 0
1155 29715 23879 565 23904 543 9393 1 0 0 0 0 0 0 1 1 2 0 R 0
1156 29736 20583 606 20616 571 3826 1 0 0 0 0 0 0 1 1 1 0 R 0
1157 29766 29723 981 29758 960 5964 1 0 0 0 0 0 0 1 1 1 0 R 0
1158 29796 28866 973 28891 963 7266 1 0 0 0 0 0 0 1 1 1 0 R 0
1159 29819 21697 592 21712 563 5277 1 0 0 0 0 0 0 1 1 1 0 R 0
1160 29841 21715 857 21805 773 4235 1 0 0 0 0 0 0 1 1 1 0 R 0
1161 29866 24537 602 24570 566 6167 1 0 0 0 0 0 0 1 1 2 0 R 0
1162 29896 28939 1462 29072 1350 5034 1 0 0 0 0 0 0 1 1 1 0 R 0
1163 29920 22441 606 22458 574 5949 1 0 0 0 0 0 0 1 1 1 0 R 0
1164 29941 20002 605 20041 569 4361 1 0 0 0 0 0 0 1 1 1 0 R 0
1165 29971 29980 1003 30109 879 5979 1 0 0 0 0 0 0 1 1 1 0 R 0
1166 29995 22719 637 22745 615 6470 1 0 0 0 0 0 0 1 1 1 0 R 0
1167 30019 23016 599 23053 563 5525 1 0 0 0 0 0 0 1 1 1 0 R 0
1168 30040 20648 609 20684 577 4200 1 0 0 0 0 0 0 1 1 1 0 R 0
1169 30067 26343 1002 26379 975 5161 1 0 0 0 0 0 0 1 1 2 0 R 0
1170 30099 31641 621 31678 593 14273 1 0 0 0 0 0 0 1 1 1 0 R 0
1171 30121 20682 591 20710 558 4728 1 0 0 0 0 0 0 1 1 1 0 R 0
1172 30142 20625 603 20661 569 4273 1 0 0 0 0 0 0 1 1 1 0 R 0
1173 30170 27843 1166 27881 1137 5308 1 0 0 0 0 0 0 1 1 1 0 R 0
1174 30201 29345 604 28374 571 6961 1 0 1 0 0 0 0 1 1 1 0 R 0
1175 30223 21209 644 21244 608 4446 1 0 0 0 0 0 0 1 1 1 0 R 0
1176 30245 21512 606 21541 582 3780 1 0 0 0 0 0 0 1 1 2 0 R 0
1177 30273 27767 1924 27823 1890 5049 1 0 0 0 0 0 0 1 1 1 0 R 0
1178 30302 27059 606 27076 574 5900 1 0 0 0 0 0 0 1 1 1 0 R 0
1179 30323 20537 642 20576 604 3916 1 0 0 0 0 0 0 1 1 1 0 R 0
1180 30344 19950 1616 20084 1498 3815 1 0 0 0 0 0 0 1 1 1 0 R 0
1181 30372 26253 1110 26371 992 4152 1 0 0 0 0 0 0 1 1 2 0 R 0
1182 30402 29514 1001 29547 972 5630 1 0 0 0 0 0 0 1 1 1 0 R 0
1183 30425 21155 631 21182 598 4071 1 0 0 0 0 0 0 1 1 1 0 R 0
1184 30443 18243 2176 18279 2272 3817 1 0 0 0 0 0 0 1 1 1 0 R 0
1185 30477 31499 1176 31495 1060 10790 1 0 0 0 0 0 0 1 1 1 0 R 0
1186 30507 28968 1196 29108 1069 6546 1 0 0 0 0 0 0 1 1 1 0 R 0
1187 30536 28031 744 28079 690 5817 1 0 0 0 0 0 0 1 1 3 0 R 0
1188 30563 26141 1686 26202 1639 4221 1 0 0 0 0 0 0 1 1 3 0 R 0
1189 30604 38516 1869 38564 1836 5271 1 0 0 0 0 0 0 1 1 4 0 R 0
1190 30629 23528 1235 23567 1189 3985 1 0 0 0 0 0 0 1 1 2 0 R 0
1191 30652 21547 1109 21680 976 4268 1 0 0 0 0 0 0 1 1 1 0 R 0
1192 30676 22914 997 23037 1183 3881 1 0 0 0 0 0 0 1 1 1 0 R 0
1193 30708 31171 1086 30983 976 7002 1 0 0 0 0 0 0 1 1 1 0 R 0
1194 30730 20641 603 20662 572 4392 1 0 0 0 0 0 0 1 1 1 0 R 0
1195 30752 21842 898 21881 868 4222 1 0 0 0 0 0 0 1 1 2 0 R 0
1196 30776 23479 901 23508 875 3816 1 0 0 0 0 0 0 1 1 1 0 R 0
1197 30808 30428 1002 30456 980 7042 1 0 0 0 0 0 0 1 1 1 0 R 0
1198 30830 20993 594 21020 559 4580 1 0 0 0 0 0 0 1 1 1 0 R 0
1199 30851 20795 610 20837 572 4608 1 0 0 0 0 0 0 1 1 1 0 R 0
1200 30879 27250 1115 27381 1002 10548 1 0 0 0 0 0 0 1 1 1 0 R 0
1201 30912 31899 1081 31937 1040 6728 1 0 0 0 0 0 0 1 1 2 0 R 0
1202 30933 19935 604 19971 564 3903 1 0 0 0 0 0 0 1 1 1 0 R 0
1203 30955 21506 579 21539 1546 3735 1 0 0 0 0 0 0 1 1 1 0 R 0
1204 30980 24423 603 23461 571 4538 1 0 0 0 0 0 0 1 1 1 0 R 0
1205 31013 31993 981 32030 956 6818 1 0 0 0 0 1 0 1 1 2 0 R 0
1206 31035 21103 569 21123 543 4224 1 0 0 0 0 0 0 1 1 1 0 R 0
1207 31055 19899 612 19932 585 3942 1 0 0 0 0 0 0 1 1 1 0 R 0
1208 31081 25474 612 25513 576 5459 1 0 0 0 0 0 0 1 1 1 0 R 0
1209 31112 29770 1314 29902 1203 5696 1 0 0 0 0 0 0 1 1 1 0 R 0
1210 31135 22307 588 22323 558 5492 1 0 0 0 0 0 0 1 1 1 0 R 0
1211 31157 20919 572 20957 556 3910 1 0 0 0 0 0 0 1 1 1 0 R 0
1212 31182 24624 696 24645 661 6057 1 0 0 0 0 0 0 1 1 1 0 R 0
1213 31213 30341 1018 30377 1499 5464 1 0 0 0 0 0 0 1 1 2 0 R 0
1214 31238 23421 606 22388 571 5418 1 0 1 0 0 0 0 1 1 1 0 R 0
1215 31262 24190 1584 24225 1573 8018 1 0 0 0 0 0 0 1 1 2 0 R 0
1216 31289 25218 1362 25228 1341 4005 1 0 0 0 0 0 0 1 1 1 0 R 0
1217 31322 31214 1045 31243 1019 7102 1 0 0 0 0 0 0 1 1 1 0 R 0
1218 31346 23081 601 23107 568 6974 1 0 0 0 0 0 0 1 1 1 0 R 0
1219 31370 23782 607 23820 575 4242 1 0 0 0 0 0 0 1 1 1 0 R 0
1220 31397 26298 2333 26425 2238 5883 1 0 0 0 0 1 0 1 1 2 0 R 0
1221 31431 31421 1104 31526 979 7289 1 0 0 0 0 0 0 1 1 1 0 R 0
1222 31454 21486 602 21516 566 6376 1 0 0 0 0 0 0 1 1 1 0 R 0
1223 31477 22497 851 22535 825 3839 1 0 0 0 0 0 0 1 1 1 0 R 0
1224 31503 25464 603 25496 567 7418 1 0 0 0 0 0 0 1 1 1 0 R 0
1225 31524 20190 942 20250 897 3844 1 0 0 0 0 0 0 1 1 1 0 R 0
1226 31546 21176 601 21202 571 4166 1 0 0 0 0 0 0 1 1 1 0 R 0
1227 31567 20962 584 20995 556 4136 1 0 0 0 0 0 0 1 1 2 0 R 0
1228 31593 25082 609 25117 572 5506 1 0 0 0 0 0 0 1 1 1 0 R 0
1229 31627 33139 1182 33177 1159 6201 1 0 0 0 0 0 0 1 1 1 0 R 0
1230 31659 31082 632 31122 585 11726 1 0 0 0 0 0 0 1 1 1 0 R 0
1231 31681 21506 594 21545 560 4359 1 0 0 0 0 0 0 1 1 1 0 R 0
1232 31711 28889 1012 28927 977 5494 1 0 0 0 0 0 0 1 1 1 0 R 0
1233 31740 27919 603 27959 569 6643 1 0 0 0 0 0 0 1 1 1 0 R 0
1234 31759 18814 652 18869 596 4596 1 0 0 0 0 0 0 1 1 1 0 R 0
1235 31782 22030 606 22071 571 4243 1 0 0 0 0 0 0 1 1 2 0 R 0
1236 31810 27234 1112 27358 996 6740 1 0 0 0 0 0 0 1 1 1 0 R 0
1237 31842 30779 770 30814 738 7342 1 0 0 0 0 0 0 1 1 1 0 R 0
1238 31862 19853 630 19885 596 4614 1 0 0 0 0 0 0 1 1 1 0 R 0
1239 31885 22259 580 22288 552 3796 1 0 0 0 0 0 0 1 1 1 0 R 0
1240 31913 27177 1168 27313 1037 5934 1 0 0 0 0 0 0 1 1 1 0 R 0
1241 31946 32477 899 32590 794 5817 1 0 0 0 0 0 0 1 1 1 0 R 0
1242 31968 20572 603 20606 566 5026 1 0 0 0 0 0 0 1 1 2 0 R 0
1243 31992 23844 1027 23883 1004 3843 1 0 0 0 0 0 0 1 1 1 0 R 0
1244 32021 27613 989 27723 969 6195 1 0 0 0 0 0 0 1 1 1 0 R 0
1245 32051 28619 604 28559 566 13236 1 0 0 0 0 0 0 1 1 1 0 R 0
1246 32071 20136 649 20175 615 4074 1 0 0 0 0 0 0 1 1 1 0 R 0
1247 32095 23181 1337 23302 1246 4083 1 0 0 0 0 0 0 1 1 1 0 R 0
1248 32127 30078 1186 30100 1150 7082 1 0 0 0 0 0 0 1 1 3 0 R 0
1249 32163 35489 761 35547 709 7642 1 0 0 0 0 0 0 1 1 4 0 R 0
1250 32183 18704 596 18733 565 3849 1 0 0 0 0 0 0 1 1 2 0 R 0
1251 32213 29855 981 28730 950 6794 1 0 1 0 0 0 0 1 1 1 0 R 0
1252 32242 27860 1199 27895 1188 7613 1 0 0 0 0 0 0 1 1 1 0 R 0
1253 32267 23511 614 23529 573 4183 1 0 0 0 0 0 0 1 1 1 0 R 0
1254 32286 19019 1523 19057 1515 3906 1 0 0 0 0 0 0 1 1 1 0 R 0
1255 32315 27376 974 27480 958 4961 1 0 0 0 0 0 0 1 1 1 0 R 0
1256 32346 29844 1184 29768 1182 8126 1 0 0 0 0 0 0 1 1 2 0 R 0
1257 32368 20975 646 20995 612 3876 1 0 0 0 0 0 0 1 1 1 0 R 0
1258 32388 19079 593 19107 557 4203 1 0 0 0 0 0 0 1 1 1 0 R 0
1259 32417 28215 978 28250 958 4599 1 0 0 0 0 0 0 1 1 1 0 R 0
1260 32449 30831 1185 30858 1169 13521 1 0 0 0 0 0 0 1 1 1 0 R 0
1261 32471 21040 590 21058 561 4446 1 0 0 0 0 0 0 1 1 1 0 R 0
1262 32491 19250 565 19276 537 4011 1 0 0 0 0 0 0 1 1 1 0 R 0
1263 32519 27736 1413 27773 1393 3935 1 0 0 0 0 0 0 1 1 1 0 R 0
1264 32549 28357 1583 28470 1474 7056 1 0 0 0 0 0 0 1 1 1 0 R 0
1265 32573 22795 599 22818 569 6746 1 0 0 0 0 0 0 1 1 1 0 R 0
1266 32592 18621 617 18655 581 3825 1 0 0 0 0 0 0 1 1 1 0 R 0
1267 32621 27746 1011 27789 991 4217 1 0 0 0 0 0 0 1 1 1 0 R 0
1268 32650 28117 1014 28137 988 6463 1 0 0 0 0 0 0 1 1 2 0 R 0
1269 32673 22608 601 22635 568 5319 1 0 0 0 0 0 0 1 1 1 0 R 0
1270 32694 19710 965 19745 950 3813 1 0 0 0 0 0 0 1 1 2 0 R 0
1271 32721 26441 1112 26462 1091 4835 1 0 0 0 0 0 0 1 1 0 0 R 0
1272 32750 27828 1078 27946 959 6791 1 0 0 0 0 0 0 1 1 1 0 R 0
1273 32779 28147 608 28182 572 6406 1 0 0 0 0 0 0 1 1 2 0 R 0
1274 32800 20376 1094 20498 982 4269 1 0 0 0 0 0 0 1 1 1 0 R 0
1275 32831 29966 1131 30091 1015 10271 1 0 0 0 0 0 0 1 1 1 0 R 0
1276 32858 25645 817 25671 784 6329 1 0 0 0 0 0 0 1 1 1 0 R 0
1277 32881 21889 605 21924 567 4608 1 0 0 0 0 0 0 1 1 1 0 R 0
1278 32901 19592 1315 19629 1294 4270 1 0 0 0 0 0 0 1 1 1 0 R 0
1279 32932 29124 1368 29250 1238 4825 1 0 0 0 0 0 0 1 1 1 0 R 0
1280 32961 27695 618 27731 585 6381 1 0 0 0 0 0 0 1 1 1 0 R 0
1281 32983 22229 640 22262 605 4061 1 0 0 0 0 0 0 1 1 2 0 R 0
1282 33003 18902 2059 18950 2131 3925 1 0 0 0 0 0 0 1 1 1 0 R 0
1283 33031 25519 986 25439 960 3969 1 0 0 0 0 0 0 1 1 1 0 R 0
1284 33062 30196 1021 30227 990 5978 1 0 0 0 0 0 0 1 1 1 0 R 0
1285 33085 21897 742 21935 708 3841 1 0 0 0 0 0 0 1 1 1 0 R 0
1286 33104 18711 1078 18745 1048 4287 1 0 0 0 0 0 0 1 1 2 0 R 0
1287 33131 25549 840 25583 808 4140 1 0 0 0 0 0 0 1 1 1 0 R 0
1288 33161 29410 983 29532 980 6283 1 0 0 0 0 0 0 1 1 1 0 R 0
1289 33186 24030 595 23951 563 4626 1 0 0 0 0 0 0 1 1 1 0 R 0
1290 33208 21617 1741 21654 1724 7898 1 0 0 0 0 0 0 1 1 2 0 R 0
1291 33239 28552 1419 28119 1391 4332 1 0 1 0 0 0 0 1 1 1 0 R 0
1292 33271 30722 1017 30757 987 6258 1 0 0 0 0 0 0 1 1 1 0 R 0
1293 33296 23895 593 23924 562 6274 1 0 0 0 0 0 0 1 1 1 0 R 0
1294 33317 21066 1424 21112 1391 3942 1 0 0 0 0 0 0 1 1 1 0 R 0
1295 33348 29045 675 29072 641 5686 1 0 0 0 0 0 0 1 1 1 0 R 0
1296 33373 24727 645 24766 607 6499 1 0 0 0 0 0 0 1 1 1 0 R 0
1297 33397 22762 604 22801 569 4175 1 0 0 0 0 0 0 1 1 1 0 R 0
1298 33419 21692 964 21729 932 4212 1 0 0 0 0 1 0 1 1 2 0 R 0
1299 33448 28702 1355 28738 1332 5963 1 0 0 0 0 0 0 1 1 1 0 R 0
1300 33478 28014 642 28043 615 6335 1 0 0 0 0 0 0 1 1 1 0 R 0
1301 33499 20990 585 21017 555 4250 1 0 0 0 0 0 0 1 1 1 0 R 0
1302 33522 21618 604 21652 572 4311 1 0 0 0 0 0 0 1 1 1 0 R 0
1303 33551 28860 1007 28998 983 5880 1 0 0 0 0 0 0 1 1 2 0 R 0
1304 33579 27103 589 27030 555 6463 1 0 0 0 0 0 0 1 1 1 0 R 0
1305 33605 25227 584 25259 557 9275 1 0 0 0 0 0 0 1 1 1 0 R 0
1306 33626 20089 606 20119 580 3802 1 0 0 0 0 0 0 1 1 1 0 R 0
1307 33655 28461 748 28490 724 6329 1 0 0 0 0 0 0 1 1 1 0 R 0
1308 33682 26663 628 26697 597 7381 1 0 0 0 0 0 0 1 1 1 0 R 0
1309 33705 21796 591 21816 572 4218 1 0 0 0 0 0 0 1 1 1 0 R 0
1310 33726 20798 589 20831 558 3792 1 0 0 0 0 0 0 1 1 1 0 R 0
1311 33754 27584 1508 28102 1002 5137 1 0 0 0 0 0 0 1 1 1 0 R 0
1312 33783 27635 692 27689 646 7678 1 0 0 0 0 0 0 1 1 2 0 R 0
1313 33805 21100 691 21131 650 4069 1 0 0 0 0 0 0 1 1 0 0 R 0
1314 33827 20941 588 20978 556 4131 1 0 0 0 0 0 0 1 1 2 0 R 0
1315 33858 30234 1253 30273 1233 4912 1 0 0 0 0 0 0 1 1 1 0 R 0
1316 33887 27784 585 27805 550 6942 1 0 0 0 0 0 0 1 1 1 0 R 0
1317 33909 21328 683 21366 649 3995 1 0 0 0 0 0 0 1 1 1 0 R 0
1318 33930 20511 606 20550 571 4201 1 0 0 0 0 0 0 1 1 1 0 R 0
1319 33957 26478 1015 26514 988 5015 1 0 0 0 0 0 0 1 1 1 0 R 0
1320 33991 33333 1491 33472 1368 12658 1 0 0 0 0 0 0 1 1 1 0 R 0
1321 34016 23655 659 23685 611 5323 1 0 0 0 0 0 0 1 1 1 0 R 0
1322 34038 21222 1152 21352 1033 3892 1 0 0 0 0 0 0 1 1 3 0 R 0
1323 34070 30471 1058 30508 1020 7355 1 0 0 0 0 0 0 1 1 1 0 R 0
1324 34095 24165 582 24194 553 7125 1 0 0 0 0 0 0 1 1 1 0 R 0
1325 34117 21112 581 21145 552 4197 1 0 0 0 0 0 0 1 1 1 0 R 0
1326 34138 20425 601 20465 566 3872 1 0 0 0 0 0 0 1 1 1 0 R 0
1327 34169 31022 1014 31066 986 7115 1 0 0 0 0 0 0 1 1 1 0 R 0
1328 34196 25614 587 25634 564 7238 1 0 0 0 0 0 0 1 1 1 0 R 0
1329 34217 20630 591 20657 560 4182 1 0 0 0 0 0 0 1 1 1 0 R 0
1330 34239 21632 601 21671 566 3800 1 0 0 0 0 0 0 1 1 1 0 R 0
1331 34271 31078 1000 30415 977 6649 1 0 1 0 0 0 0 1 1 2 0 R 0
1332 34302 29478 946 29506 915 6074 1 0 0 0 0 0 0 1 1 1 0 R 0
1333 34326 23641 589 23671 557 4486 1 0 0 0 0 0 0 1 1 1 0 R 0
1334 34350 22695 1049 22736 1008 3894 1 0 0 0 0 0 0 1 1 0 0 R 0
1335 34386 35176 998 35214 984 13422 1 0 0 0 0 0 0 1 1 1 0 R 0
1336 34409 21873 977 21885 952 7132 1 0 0 0 0 0 0 1 1 2 0 R 0
1337 34430 20375 586 20408 553 4203 1 0 0 0 0 0 0 1 1 1 0 R 0
1338 34455 24403 997 24516 1012 4196 1 0 0 0 0 0 0 1 1 2 0 R 0
1339 34486 30057 1260 30065 1149 4331 1 0 0 0 0 0 0 1 1 1 0 R 0
1340 34510 23150 636 23169 606 7127 1 0 0 0 0 0 0 1 1 1 0 R 0
1341 34532 20491 594 20528 559 4230 1 0 0 0 0 0 0 1 1 1 0 R 0
1342 34556 24106 975 24227 855 4247 1 0 0 0 0 0 0 1 1 1 0 R 0
1343 34588 30420 999 30456 974 4748 1 0 0 0 0 0 0 1 1 1 0 R 0
1344 34612 23429 601 23462 569 6869 1 0 0 0 0 0 0 1 1 1 0 R 0
1345 34633 20440 583 20473 549 3824 1 0 0 0 0 0 0 1 1 2 0 R 0
1346 34657 23196 1031 23232 998 3935 1 0 0 0 0 0 0 1 1 1 0 R 0
1347 34683 25269 1691 25398 1576 5378 1 0 0 0 0 0 0 1 1 1 0 R 0
1348 34714 28655 1810 28895 1585 7509 1 0 0 0 0 0 0 1 1 1 0 R 0
1349 34737 21558 594 21571 561 3757 1 0 0 0 0 0 0 1 1 1 0 R 0
1350 34764 26702 1439 27293 861 10217 1 0 0 0 0 0 0 1 1 1 0 R 0
1351 34796 30716 1009 30742 992 5521 1 0 0 0 0 0 0 1 1 1 0 R 0
1352 34819 21417 615 21458 564 6813 1 0 0 0 0 0 0 1 1 1 0 R 0
1353 34840 20105 589 20139 557 4200 1 0 0 0 0 0 0 1 1 1 0 R 0
1354 34867 26630 1003 26664 982 4354 1 0 0 0 0 0 0 1 1 1 0 R 0
1355 34898 30226 1003 30250 1082 5519 1 0 0 0 0 0 0 1 1 2 0 R 0
1356 34925 25849 620 25778 594 8007 1 0 0 0 0 0 0 1 1 1 0 R 0
1357 34946 20464 616 20486 587 3715 1 0 0 0 0 0 0 1 1 1 0 R 0
1358 34972 25142 608 25180 571 5735 1 0 0 0 0 0 0 1 1 1 0 R 0
1359 35002 30019 1193 30156 1070 6459 1 0 0 0 0 0 0 1 1 1 0 R 0
1360 35026 22716 587 22743 550 5810 1 0 0 0 0 0 0 1 1 1 0 R 0
1361 35047 20583 592 20620 561 3846 1 0 0 0 0 0 0 1 1 2 0 R 0
1362 35072 24339 903 24380 869 6096 1 0 0 0 0 0 0 1 1 1 0 R 0
1363 35102 28808 1292 28934 1181 5585 1 0 0 0 0 0 0 1 1 1 0 R 0
1364 35130 26249 604 26274 570 5998 1 0 0 0 0 0 0 1 1 1 0 R 0
1365 35156 25538 968 25567 954 7970 1 0 0 0 0 0 0 1 1 1 0 R 0
1366 35180 23139 993 23167 963 3829 1 0 0 0 0 0 0 1 1 1 0 R 0
1367 35212 31260 1068 31294 1040 7214 1 0 0 0 0 0 0 1 1 1 0 R 0
1368 35235 21577 588 21287 551 4207 1 0 1 0 0 0 0 1 1 1 0 R 0
1369 35256 20703 1707 20730 1695 3926 1 0 0 0 0 0 0 1 1 1 0 R 0
1370 35281 23386 1215 23406 1207 3980 1 0 0 0 0 0 0 1 1 1 0 R 0
1371 35313 31146 1831 31387 1591 6341 1 0 0 0 0 0 0 1 1 1 0 R 0
1372 35336 20661 595 20671 566 3859 1 0 0 0 0 0 0 1 1 2 0 R 0
1373 35358 21131 564 21159 539 3862 1 0 0 0 0 0 0 1 1 1 0 R 0
1374 35382 23861 603 23897 567 4535 1 0 0 0 0 0 0 1 1 1 0 R 0
1375 35413 30067 1004 30107 972 5948 1 0 0 0 0 0 0 1 1 1 0 R 0
1376 35439 25560 609 25594 571 5926 1 0 0 0 0 0 0 1 1 1 0 R 0
1377 35461 20576 1540 20613 1517 4369 1 0 0 0 0 0 0 1 1 2 0 R 0
1378 35486 24138 1360 24163 1356 3862 1 0 0 0 0 0 0 1 1 1 0 R 0
1379 35519 31370 1173 31384 1147 7248 1 0 0 0 0 0 0 1 1 1 0 R 0
1380 35543 23324 643 23350 623 9025 1 0 0 0 0 0 0 1 1 1 0 R 0
1381 35567 23288 670 23310 640 3876 1 0 0 0 0 0 0 1 1 1 0 R 0
1382 35592 24118 1010 24154 983 4429 1 0 0 0 0 0 0 1 1 1 0 R 0
1383 35624 30562 1847 30679 1747 6307 1 0 0 0 0 0 0 1 1 1 0 R 0
1384 35646 20305 621 20345 566 3993 1 0 0 0 0 0 0 1 1 2 0 R 0
1385 35668 21565 1347 21689 1223 3858 1 0 0 0 0 0 0 1 1 1 0 R 0
1386 35692 22865 1219 22906 1195 4553 1 0 0 0 0 0 0 1 1 1 0 R 0
1387 35726 32785 978 32806 952 5957 1 0 0 0 0 0 0 1 1 1 0 R 0
1388 35747 19874 638 19907 600 4048 1 0 0 0 0 0 0 1 1 2 0 R 0
1389 35770 22436 898 22567 775 3862 1 0 0 0 0 0 0 1 1 1 0 R 0
1390 35797 25685 980 25808 978 5042 1 0 0 0 0 0 0 1 1 1 0 R 0
1391 35829 31470 1010 31482 896 8045 1 0 0 0 0 1 0 1 1 1 0 R 0
1392 35850 19900 763 19941 715 4418 1 0 0 0 0 0 0 1 1 1 0 R 0
1393 35872 21102 1017 21135 982 4198 1 0 0 0 0 0 0 1 1 1 0 R 0
1394 35898 25097 989 25224 869 3832 1 0 0 0 0 0 0 1 1 2 0 R 0
1395 35934 34562 914 34597 890 14352 1 0 0 0 0 0 0 1 1 1 0 R 0
1396 35955 20778 627 20795 602 4306 1 0 0 0 0 0 0 1 1 1 0 R 0
1397 35979 22879 606 22915 575 3814 1 0 0 0 0 0 0 1 1 1 0 R 0
1398 36004 24551 1629 24688 1509 5881 1 0 0 0 0 0 0 1 1 1 0 R 0
1399 36036 30472 593 30492 562 7731 1 0 0 0 0 0 0 1 1 1 0 R 0
1400 36057 20305 663 20348 617 4060 1 0 0 0 0 0 0 1 1 1 0 R 0
1401 36080 22232 601 22276 564 3841 1 0 0 0 0 0 0 1 1 1 0 R 0
1402 36106 25112 992 25145 971 5177 1 0 0 0 0 0 0 1 1 1 0 R 0
1403 36138 31776 634 31805 602 7684 1 0 0 0 0 0 0 1 1 2 0 R 0
1404 36159 20014 623 20050 590 4465 1 0 0 0 0 0 0 1 1 1 0 R 0
1405 36182 22528 617 22570 575 4384 1 0 0 0 0 0 0 1 1 1 0 R 0
1406 36208 25535 1367 25571 1343 4307 1 0 0 0 0 0 0 1 1 1 0 R 0
1407 36240 30537 593 30561 567 7195 1 0 0 0 0 0 0 1 1 1 0 R 0
1408 36261 20023 585 20053 558 4513 1 0 0 0 0 0 0 1 1 1 0 R 0
1409 36285 23812 587 23402 556 4745 1 0 1 0 0 0 0 1 1 2 0 R 0
1410 36316 30054 1171 30194 1046 13012 1 0 0 0 0 0 0 1 1 1 0 R 0
1411 36346 29129 595 29149 562 6411 1 0 0 0 0 0 0 1 1 1 0 R 0
1412 36366 19319 587 19355 557 4217 1 0 0 0 0 0 0 1 1 1 0 R 0
1413 36390 23188 676 23223 644 3816 1 0 0 0 0 0 0 1 1 1 0 R 0
1414 36418 27055 1036 27092 1016 6326 1 0 0 0 0 0 0 1 1 1 0 R 0
1415 36447 28417 593 28440 562 7181 1 0 0 0 0 0 0 1 1 1 0 R 0
1416 36468 19896 700 19940 659 3843 1 0 0 0 0 0 0 1 1 2 0 R 0
1417 36490 22043 602 22079 569 3804 1 0 0 0 0 0 0 1 1 1 0 R 0
1418 36516 25465 997 25497 972 5439 1 0 0 0 0 0 0 1 1 1 0 R 0
1419 36548 30979 659 31009 627 6778 1 0 0 0 0 0 0 1 1 1 0 R 0
1420 36569 20013 604 20052 568 4429 1 0 0 0 0 0 0 1 1 1 0 R 0
1421 36592 22578 638 22617 607 4095 1 0 0 0 0 0 0 1 1 1 0 R 0
1422 36618 25444 1003 25476 976 4954 1 0 0 0 0 0 0 1 1 2 0 R 0
1423 36653 33266 915 33328 863 6960 1 0 0 0 0 0 0 1 1 1 0 S 0
1424 36676 22334 936 22411 871 5268 1 0 0 0 0 0 0 1 1 1 0 R 0
1425 36709 32095 1019 32115 987 8936 1 0 0 0 0 0 0 1 1 1 0 R 0
1426 36738 27702 984 27827 995 5450 1 0 0 0 0 0 0 1 1 1 0 R 0
1427 36764 25089 1042 24989 1027 6210 1 0 0 0 0 0 0 1 1 1 0 R 0
1428 36783 18170 630 18184 599 3887 1 0 0 0 0 0 0 1 1 1 0 R 0
1429 36809 25639 652 25695 599 3922 1 0 0 0 0 0 0 1 1 2 0 R 0
1430 36830 20253 596 20288 561 4206 1 0 0 0 0 0 0 1 1 1 0 R 0
1431 36851 20550 594 20587 560 4242 1 0 0 0 0 0 0 1 1 1 0 R 0
1432 36874 21727 592 21766 559 4156 1 0 0 0 0 0 0 1 1 1 0 R 0
1433 36898 23372 779 23495 655 3850 1 0 0 0 0 0 0 1 1 2 0 R 0
1434 36922 23925 1236 24092 1083 4127 1 0 0 0 0 0 0 1 1 1 0 R 0
1435 36956 32145 1057 32268 938 7088 1 0 0 0 0 0 0 1 1 1 0 R 0
1436 36976 19410 593 19433 561 4034 1 0 0 0 0 0 0 1 1 1 0 R 0
1437 36998 21197 1195 21246 1161 3905 1 0 0 0 0 0 0 1 1 1 0 R 0
1438 37031 31547 1344 31591 1402 4350 1 0 0 0 0 0 0 1 1 3 0 R 0
1439 37073 40657 719 40619 655 6797 1 0 0 0 0 0 0 1 1 3 0 R 0
1440 37096 22398 706 22428 678 8665 1 0 0 0 0 0 0 1 1 2 0 R 0
1441 37123 26614 883 26693 808 5539 1 0 0 0 0 0 0 1 1 2 0 R 0
1442 37152 28306 1040 28345 1004 7113 1 0 0 0 0 0 0 1 1 1 0 R 0
1443 37180 26367 784 26402 754 6741 1 0 0 0 0 0 0 1 1 1 0 R 0
1444 37200 19275 655 19321 622 4386 1 0 0 0 0 0 0 1 1 1 0 R 0
1445 37229 29038 603 28735 561 4911 1 0 1 0 0 0 0 1 1 1 0 R 0
1446 37251 21198 601 21240 563 4251 1 0 0 0 0 0 0 1 1 1 0 R 0
1447 37275 23128 749 23157 728 4148 1 0 0 0 0 0 0 1 1 1 0 R 0
1448 37295 19633 577 19663 547 3867 1 0 0 0 0 0 0 1 1 2 0 R 0
1449 37322 25822 1021 25859 1094 3888 1 0 0 0 0 0 0 1 1 1 0 R 0
1450 37351 28466 1005 28396 978 4659 1 0 0 0 0 0 0 1 1 1 0 R 0
1451 37382 29364 615 29396 577 6684 1 0 0 0 0 0 0 1 1 1 0 R 0
1452 37401 19176 597 19214 564 4471 1 0 0 0 0 0 0 1 1 2 0 R 0
1453 37429 27433 601 27474 564 5930 1 0 0 0 0 0 0 1 1 1 0 R 0
1454 37459 28691 1009 28726 1092 6340 1 0 0 0 0 0 0 1 1 1 0 R 0
1455 37486 26124 591 26044 557 12298 1 0 0 0 0 0 0 1 1 0 0 R 0
1456 37506 19129 593 19165 559 3917 1 0 0 0 0 0 0 1 1 1 0 R 0
1457 37531 24614 597 24655 562 5584 1 0 0 0 0 0 0 1 1 3 0 R 0
1458 37560 28702 1166 28833 1155 6404 1 0 0 0 0 0 0 1 1 1 0 R 0
1459 37585 23683 745 23606 713 7235 1 0 0 0 0 0 0 1 1 1 0 R 0
1460 37605 19685 610 19715 577 4134 1 0 0 0 0 0 0 1 1 1 0 R 0
1461 37632 25869 1015 25999 892 4801 1 0 0 0 0 0 0 1 1 1 0 R 0
1462 37661 28315 1008 28447 985 5418 1 0 0 0 0 0 0 1 1 1 0 R 0
1463 37686 24167 595 24092 562 6614 1 0 0 0 0 0 0 1 1 1 0 R 0
1464 37706 18783 664 18831 626 3797 1 0 0 0 0 0 0 1 1 1 0 R 0
1465 37737 30772 723 30823 675 3810 1 0 0 0 0 0 0 1 1 3 0 R 0
1466 37776 38087 733 38128 696 7622 1 0 0 0 0 0 0 1 1 4 0 R 0
1467 37800 23543 735 23598 681 4051 1 0 0 0 0 0 0 1 1 2 0 R 0
1468 37825 23820 695 23864 650 4213 1 0 0 0 0 0 0 1 1 3 0 R 0
1469 37866 40326 1042 40374 1000 5157 1 0 0 0 0 0 0 1 1 4 0 R 0
1470 37892 24697 602 24731 563 11609 1 0 0 0 0 0 0 1 1 0 0 R 0
1471 37913 20465 598 20504 567 4215 1 0 0 0 0 0 0 1 1 1 0 R 0
1472 37939 25791 992 25824 973 5437 1 0 0 0 0 0 0 1 1 1 0 R 0
1473 37971 30607 995 30635 967 5701 1 0 0 0 0 0 0 1 1 1 0 R 0
1474 37993 21561 596 21593 562 6194 1 0 0 0 0 0 0 1 1 2 0 R 0
1475 38015 21454 594 21488 563 3848 1 0 0 0 0 0 0 1 1 1 0 R 0
1476 38041 25485 1005 25520 970 5005 1 0 0 0 0 0 0 1 1 1 0 R 0
1477 38071 28455 987 28495 954 5639 1 0 0 0 0 0 0 1 1 1 0 R 0
1478 38095 23735 596 23766 562 5581 1 0 0 0 0 0 0 1 1 1 0 R 0
1479 38117 20789 629 20826 596 4286 1 0 0 0 0 0 0 1 1 1 0 R 0
1480 38143 25283 1027 25322 996 3798 1 0 0 0 0 0 0 1 1 1 0 R 0
1481 38174 30149 1628 30282 1508 5246 1 0 0 0 0 0 0 1 1 2 0 R 0
1482 38201 25272 597 25299 575 7482 1 0 0 0 0 0 0 1 1 1 0 R 0
1483 38223 21081 592 21100 561 4617 1 0 0 0 0 0 0 1 1 1 0 R 0
1484 38248 25332 598 25368 568 5662 1 0 0 0 0 0 0 1 1 1 0 R 0
1485 38282 33344 1001 33478 983 14187 1 0 0 0 0 0 0 1 1 1 0 R 0
1486 38304 20719 927 20634 903 4132 1 0 0 0 0 0 0 1 1 1 0 R 0
1487 38326 20507 643 20538 613 4227 1 0 0 0 0 0 0 1 1 1 0 R 0
1488 38350 24298 605 24337 571 4820 1 0 0 0 0 0 0 1 1 2 0 R 0
1489 38381 30299 1133 30419 1024 6022 1 0 0 0 0 0 0 1 1 1 0 R 0
1490 38407 24829 598 24859 563 6771 1 0 0 0 0 0 0 1 1 1 0 R 0
1491 38429 21099 575 21131 547 3860 1 0 0 0 0 0 0 1 1 1 0 R 0
1492 38455 25477 972 25515 949 4654 1 0 0 0 0 0 0 1 1 1 0 R 0
1493 38487 30603 995 30714 986 7246 1 0 0 0 0 0 0 1 1 1 0 R 0
1494 38512 24803 598 24731 560 6663 1 0 0 0 0 0 0 1 1 1 0 R 0
1495 38537 23632 761 23686 711 4372 1 0 0 0 0 0 0 1 1 1 0 R 0
1496 38561 23650 1139 23778 1017 4360 1 0 0 0 0 0 0 1 1 1 0 R 0
1497 38584 21962 878 22277 565 3652 1 0 0 0 0 0 0 1 1 2 0 R 0
1498 38607 21508 781 21540 749 3912 1 0 0 0 0 0 0 1 1 1 0 R 0
1499 38628 20721 604 20757 572 4096 1 0 0 0 0 0 0 1 1 1 0 R 0
