# swapstamp frames 1500 skip 300 peer 523
# f t_ms gap_us swap_us crend_us cswap_us clr_us nclr vcs_r ivcs_r vcs_s ivcs_s minf majf cpu0 cpu1 pticks pcpu pstate ctr
0 0 22392 1570 22419 1556 4212 1 0 0 0 0 0 0 1 1 0 0 R 0
1 33 31458 1016 29138 996 6142 1 0 4 0 0 0 0 1 1 1 0 R 0
2 56 22509 613 22529 585 7911 1 0 0 0 0 0 0 1 1 1 0 R 0
3 77 20106 993 20144 962 4143 1 0 0 0 0 0 0 1 1 1 0 R 0
4 105 27598 992 26693 959 7804 1 0 4 0 0 0 0 1 1 1 0 R 0
5 135 28977 834 29009 805 6983 1 0 0 0 0 0 0 1 1 1 0 R 0
6 162 25917 601 24565 567 7217 1 0 4 0 0 0 0 1 1 1 0 R 0
7 184 20890 608 20924 578 3796 1 0 0 0 0 0 0 1 1 1 0 R 0
8 209 25186 1000 25213 1462 5988 1 0 0 0 0 0 0 1 1 2 0 R 0
9 232 21988 633 19927 601 3860 1 0 4 0 0 0 0 1 1 1 0 R 0
10 254 21100 600 21135 569 3769 1 0 0 0 0 0 0 1 1 1 0 R 0
11 274 19455 605 19481 581 4489 1 0 0 0 0 0 0 1 1 1 0 R 0
12 303 28710 597 26916 569 5428 1 0 4 0 0 0 0 1 1 1 0 R 0
13 332 28282 997 28304 1022 6501 1 0 0 0 0 0 0 1 1 1 0 R 0
14 358 24762 609 24742 581 11393 1 0 0 0 0 0 0 1 1 1 0 R 0
15 380 21504 962 20282 933 5492 1 0 4 0 0 0 0 1 1 2 0 R 0
16 408 26503 1154 25807 1125 4398 1 0 1 0 0 0 0 1 1 1 0 R 0
17 444 35095 798 33002 776 6740 1 0 5 0 0 0 0 1 1 1 0 R 0
18 465 20146 602 20167 567 4388 1 0 0 0 0 0 0 1 1 1 0 R 0
19 484 18727 1406 18759 1510 4221 1 0 0 0 0 0 0 1 1 1 0 R 0
20 513 27417 1056 25912 1132 4226 1 0 4 0 0 0 0 1 1 1 0 R 0
21 543 29306 1268 29317 1158 7460 1 0 0 0 0 0 0 1 1 1 0 R 0
22 565 19995 637 20012 612 4122 1 0 0 0 0 0 0 1 1 1 0 R 0
23 590 24278 1471 22928 1447 4434 1 0 4 0 0 0 0 1 1 2 0 R 0
24 615 24001 1171 24109 1064 3692 1 0 0 0 0 0 0 1 1 2 0 R 0
25 650 34015 1481 32358 1467 7143 1 0 4 0 0 0 0 1 1 1 0 R 0
26 673 21473 623 21481 593 7157 1 0 0 0 0 0 0 1 1 1 0 R 0
27 695 20990 604 21021 588 3759 1 0 0 0 0 0 0 1 1 1 0 R 0
28 724 28132 1357 26955 1337 5400 1 0 4 0 0 0 0 1 1 1 0 R 0
29 758 33552 945 33569 919 14328 1 0 0 0 0 0 0 1 1 1 0 R 0
30 781 21608 1521 21621 664 4829 1 0 1 0 1 0 0 1 1 1 0 R 0
31 807 24415 1012 23813 891 4202 1 0 2 0 0 0 0 1 1 2 0 R 0
32 832 23912 635 23935 610 5551 1 0 0 0 0 0 0 1 1 1 0 R 0
33 854 21190 565 20194 541 3869 1 0 4 0 0 0 0 1 1 1 0 R 0
34 875 21226 610 21247 579 5188 1 0 0 0 0 0 0 1 1 1 0 R 0
35 897 20436 1095 20561 971 4319 1 0 0 0 0 0 0 1 1 1 0 R 0
36 926 28780 955 27382 849 5129 1 0 4 0 0 0 0 1 1 1 0 R 0
37 956 29023 1033 29037 1011 6677 1 0 0 0 0 0 0 1 1 1 0 R 0
38 980 22595 937 22619 912 7107 1 0 0 0 0 0 0 1 1 1 0 R 0
39 1005 23869 619 22941 586 3873 1 0 4 0 0 0 0 1 1 2 0 R 0
40 1045 39192 1652 32095 947 7211 1 0 3 0 1 0 0 0 0 1 0 R 0
41 1075 29205 605 19279 574 6198 1 0 8 0 0 0 0 1 1 1 0 R 0
42 1095 19382 650 19410 622 4154 1 0 0 0 0 0 0 1 1 1 0 R 0
43 1118 22007 1025 22149 882 5941 1 0 0 0 0 0 0 1 1 1 0 R 0
44 1146 26900 1412 26061 1382 8195 1 0 4 0 0 0 0 1 1 2 0 R 0
45 1168 20754 602 20787 576 4568 1 0 0 0 0 0 0 1 1 1 0 R 0
46 1189 20623 611 20643 580 3752 1 0 0 0 0 0 0 1 1 1 0 R 0
47 1210 19859 2416 19898 1549 3733 1 0 0 0 1 0 0 1 1 1 0 R 0
48 1241 28731 1000 27178 986 9847 1 0 3 0 0 0 0 1 1 1 0 R 0
49 1271 29223 904 29327 796 7538 1 0 0 0 0 0 0 1 1 1 0 R 0
50 1293 20769 615 20794 589 4322 1 0 0 0 0 0 0 1 1 1 0 R 0
51 1317 23642 612 22472 913 3825 1 0 4 0 0 0 0 1 1 1 0 R 0
52 1340 21809 610 21502 575 4604 1 0 0 0 0 0 0 1 1 2 0 R 0
53 1366 25248 626 25284 592 6031 1 0 0 0 0 0 0 1 1 0 0 R 0
54 1390 23916 1045 21819 1020 10154 1 0 4 0 0 0 0 1 1 2 0 R 0
55 1412 20851 579 20871 552 3763 1 0 0 0 0 0 0 1 1 1 0 R 0
56 1437 24072 976 24100 954 4856 1 0 0 0 0 0 0 1 1 1 0 R 0
57 1470 32640 949 30318 919 10434 1 0 4 0 0 0 0 1 1 1 0 R 0
58 1490 18648 918 18677 896 3931 1 0 0 0 0 0 0 1 1 1 0 R 0
59 1518 27463 743 26145 707 7680 1 0 4 0 0 0 0 1 1 2 0 R 0
60 1542 23455 1695 23567 1715 5272 1 0 0 0 0 0 0 1 1 1 0 R 0
61 1573 28412 596 28307 564 7184 1 0 0 0 0 0 0 1 1 1 0 R 0
62 1596 22965 608 21623 574 4227 1 0 4 0 0 0 0 1 1 2 0 R 0
63 1617 20391 617 20425 582 4239 1 0 0 0 0 0 0 1 1 1 0 R 0
64 1644 26009 1088 26036 1076 5657 1 0 0 0 0 0 0 1 1 1 0 R 0
65 1677 32398 1568 29977 1572 11120 1 0 4 0 0 0 0 1 1 1 0 R 0
66 1700 20834 606 20724 575 5375 1 0 0 0 0 0 0 1 1 1 0 R 0
67 1720 19853 1992 19889 1985 3846 1 0 0 0 0 1 0 1 1 1 0 R 0
68 1745 23281 774 20737 737 4169 1 0 4 0 0 0 0 1 1 1 0 R 0
69 1773 27343 1002 26776 985 6857 1 0 1 0 0 0 0 1 1 1 0 R 0
70 1794 19634 596 19648 569 4367 1 0 0 0 0 0 0 1 1 2 0 R 0
71 1818 23000 1133 22041 1011 3828 1 0 4 0 0 0 0 1 1 1 0 R 0
72 1843 24271 1613 23847 1603 5252 1 0 1 0 0 0 0 1 1 1 0 R 0
73 1877 32612 887 31200 872 7377 1 0 4 0 0 0 0 1 1 1 0 R 0
74 1901 22964 642 22970 619 8354 1 0 0 0 0 0 0 1 1 2 0 R 0
75 1923 21181 611 21216 581 3836 1 0 0 0 0 0 0 1 1 1 0 R 0
76 1956 32290 659 23824 623 4160 1 0 5 0 0 0 0 1 1 1 0 R 0
77 1980 23119 1222 22161 1139 4153 1 0 1 0 0 0 0 1 1 1 0 R 0
78 2005 24347 1161 23635 1142 4887 1 0 1 0 0 0 0 1 1 1 0 R 0
79 2029 22741 617 21445 581 6481 1 0 4 0 0 0 0 1 1 1 0 R 0
80 2057 27437 1031 27465 1003 6580 1 0 0 0 0 0 0 1 1 1 0 R 0
81 2093 34898 891 33326 869 6840 1 0 4 0 0 0 0 1 1 1 0 R 0
82 2114 19488 732 19525 698 3942 1 0 0 0 0 0 0 1 1 1 0 R 0
83 2136 21354 988 21469 971 3787 1 0 0 0 0 0 0 1 1 1 0 R 0
84 2168 31446 1143 30071 1011 6868 1 0 4 0 0 0 0 1 1 2 0 R 0
85 2198 28945 964 28965 948 6394 1 0 0 0 0 0 0 1 1 1 0 R 0
86 2218 18943 639 18961 612 4357 1 0 0 0 0 0 0 1 1 1 0 R 0
87 2242 23489 595 22551 568 8279 1 0 4 0 0 0 0 1 1 1 0 R 0
88 2268 25655 1065 25686 1038 4502 1 0 0 0 0 1 0 1 1 1 0 R 0
89 2292 22818 1229 22842 1312 9068 1 0 0 0 0 0 0 1 1 1 0 R 0
90 2316 22591 611 21127 578 8698 1 0 4 0 0 0 0 1 1 1 0 R 0
91 2337 20074 609 20107 577 4282 1 0 0 0 0 0 0 1 1 1 0 R 0
92 2365 27211 1007 27237 986 6421 1 0 0 0 0 0 0 1 1 1 0 R 0
93 2399 33193 2350 30369 2265 13197 1 0 4 0 0 1 0 1 1 2 0 R 0
94 2421 20295 618 20293 592 3917 1 0 0 0 0 0 0 1 1 1 0 R 0
95 2452 30205 788 27114 768 3761 1 0 5 0 0 0 0 1 1 1 0 R 0
96 2484 30756 945 30260 925 6262 1 0 1 0 0 0 0 1 1 1 0 R 0
97 2506 21177 604 21194 573 6420 1 0 0 0 0 0 0 1 1 1 0 R 0
98 2528 20942 937 19850 887 6100 1 0 4 0 0 0 0 1 1 1 0 R 0
99 2557 28954 1139 29028 1073 5800 1 0 0 0 0 0 0 1 1 3 0 S 0
100 2596 37470 620 33665 584 6440 1 0 6 0 0 0 0 1 1 0 0 R 0
101 2617 20711 607 20441 580 5323 1 0 1 0 0 0 0 1 1 1 0 R 0
102 2639 21384 763 21418 722 4555 1 0 0 0 0 0 0 1 1 2 0 R 0
103 2668 27821 1014 25892 986 4410 1 0 4 0 0 0 0 1 1 1 0 R 0
104 2699 30310 613 30333 580 12124 1 0 0 0 0 0 0 1 1 1 0 R 0
105 2720 19827 602 19866 567 4061 1 0 0 0 0 0 0 1 1 1 0 R 0
106 2745 24503 657 23122 621 4141 1 0 4 0 0 0 0 1 1 2 0 R 0
107 2772 26635 958 26757 837 6556 1 0 0 0 0 0 0 1 1 1 0 R 0
108 2805 31738 558 30374 542 9002 1 0 5 0 0 0 0 1 1 1 0 R 0
109 2825 19451 597 19476 568 4552 1 0 0 0 0 0 0 1 1 1 0 R 0
110 2846 20180 608 20218 576 4263 1 0 0 0 0 0 0 1 1 1 0 R 0
111 2872 25682 3311 25707 1809 5707 1 0 1 0 2 0 0 1 1 1 0 R 0
112 2904 28971 606 28468 572 6744 1 0 1 0 0 0 0 1 1 1 0 R 0
113 2924 19597 601 19636 570 3949 1 0 0 0 0 0 0 1 1 1 0 R 0
114 2949 24177 608 22154 581 4123 1 0 4 0 0 0 0 1 1 1 0 R 0
115 2976 26263 1021 26290 1001 5940 1 0 0 0 0 0 0 1 1 1 0 R 0
116 3005 27861 600 27883 577 7240 1 0 0 0 0 0 0 1 1 1 0 R 0
117 3027 21916 606 20656 575 4732 1 0 4 0 0 0 0 1 1 2 0 R 0
118 3049 20710 872 20790 795 4212 1 0 0 0 0 0 0 1 1 1 0 R 0
119 3078 28808 1010 28836 984 11518 1 0 0 0 0 0 0 1 1 1 0 R 0
120 3106 26188 597 22906 564 4154 1 1 4 0 0 0 0 0 0 1 1 R 1
121 3125 18975 608 19009 573 4287 1 0 0 0 0 0 0 0 0 1 1 R 0
122 3146 20020 582 20055 548 4362 1 0 0 0 0 0 0 0 0 1 1 R 0
123 3165 18678 774 18758 706 3829 1 0 0 0 0 0 0 0 0 2 1 R 0
124 3186 20491 651 20569 563 5023 1 0 0 0 0 0 0 0 0 2 1 R 0
125 3206 19201 732 18179 676 3504 1 0 1 0 0 0 0 0 0 1 1 R 0
126 3226 19481 642 19489 629 3723 1 0 0 0 0 0 0 0 0 2 1 R 0
127 3246 19393 604 19413 569 4312 1 0 0 0 0 0 0 0 0 1 1 R 0
128 3267 19609 578 19645 549 4083 1 0 0 0 0 0 0 0 0 2 1 R 0
129 3287 19557 590 19581 565 3798 1 0 0 0 0 0 0 0 0 1 1 R 0
130 3305 17183 574 17230 525 3549 1 0 0 0 0 0 0 0 0 2 1 R 0
131 3328 22793 657 22838 610 7339 1 0 0 0 0 0 0 0 0 2 1 R 0
132 3347 18690 600 18727 569 4179 1 0 0 0 0 0 0 0 0 1 1 R 0
133 3368 20546 613 20584 566 4208 1 0 0 0 0 0 0 0 0 1 1 R 0
134 3392 23464 617 22266 587 6563 1 0 1 0 0 0 0 0 0 2 1 R 0
135 3410 17117 1421 17176 1389 3064 1 0 0 0 0 0 0 0 0 1 1 R 0
136 3432 20195 776 20215 738 4156 1 0 0 0 0 0 0 0 0 1 1 R 0
137 3452 19851 570 19869 544 3954 1 0 0 0 0 0 0 0 0 1 1 R 0
138 3472 19310 586 19341 558 3297 1 0 0 0 0 0 0 0 0 2 1 R 0
139 3492 18744 644 18781 621 3303 1 0 0 0 0 0 0 0 0 1 1 R 0
140 3509 16705 606 16736 569 3105 1 0 0 0 0 0 0 0 0 1 1 R 0
141 3533 23423 599 23437 575 6940 1 0 0 0 0 0 0 0 0 2 1 R 0
142 3553 19033 579 19062 552 3723 1 0 0 0 0 0 0 0 0 1 1 R 0
143 3573 19408 781 19451 741 3552 1 0 0 0 0 0 0 0 0 1 1 R 0
144 3593 19417 657 18332 630 3169 1 0 1 0 0 0 0 0 0 3 1 R 0
145 3613 19739 1018 19769 995 3153 1 0 0 0 0 0 0 0 0 2 1 R 0
146 3633 18975 613 18979 590 3455 1 0 0 0 0 0 0 0 0 1 1 R 0
147 3655 20756 577 20784 549 3799 1 0 0 0 0 0 0 0 0 1 1 R 0
148 3674 19212 600 19241 565 4138 1 0 0 0 0 0 0 0 0 1 1 R 0
149 3697 21792 579 21828 547 6652 1 0 0 0 0 0 0 0 0 2 1 R 0
150 3714 16678 691 16762 619 3608 1 0 0 0 0 0 0 0 0 1 1 R 0
151 3737 22056 596 22078 563 6289 1 0 0 0 0 0 0 0 0 2 1 R 0
152 3757 19262 595 19293 564 4202 1 0 0 0 0 0 0 0 0 1 1 R 0
153 3776 18927 584 18961 556 4093 1 0 0 0 0 0 0 0 0 1 1 R 0
154 3797 19990 818 18786 780 3505 1 0 1 0 0 0 0 0 0 2 1 R 0
155 3817 18940 737 18994 671 4496 1 0 0 0 0 0 0 0 0 1 1 R 0
156 3837 19899 816 19673 784 4620 1 0 1 0 0 0 0 0 0 2 1 R 0
157 3857 19495 595 19508 568 4235 1 0 0 0 0 0 0 0 0 1 1 R 0
158 3877 18895 730 18954 665 4256 1 0 0 0 0 0 0 0 0 1 1 R 0
159 3898 19907 590 19942 561 3978 1 0 0 0 0 0 0 0 0 1 1 R 0
160 3916 17429 785 17493 730 3751 1 0 0 0 0 0 0 0 0 2 1 R 0
161 3935 18732 1182 18786 1125 4007 1 0 0 0 0 0 0 0 0 2 1 R 0
162 3956 20142 601 20166 568 4828 1 0 0 0 0 0 0 0 0 1 1 R 0
163 3977 19422 601 19454 567 4374 1 0 0 0 0 0 0 0 0 1 1 R 0
164 4000 22470 673 21432 623 6603 1 0 1 0 0 0 0 0 0 2 1 R 0
165 4017 16904 557 16955 506 3427 1 0 0 0 0 0 0 0 0 1 1 R 0
166 4039 21478 721 21526 688 6798 1 0 0 0 0 0 0 0 0 3 1 R 0
167 4060 19918 912 19934 892 3933 1 0 0 0 0 0 0 0 0 0 1 R 0
168 4082 21176 621 21201 584 3817 1 0 0 0 0 0 0 0 0 2 1 R 0
169 4100 17499 1609 17559 1594 3222 1 0 0 0 0 0 0 0 0 1 1 R 0
170 4119 17508 701 17514 651 3158 1 0 0 0 0 0 0 0 0 3 1 R 0
171 4138 18140 811 18191 760 3141 1 0 0 0 0 0 0 0 0 0 1 R 0
172 4158 19441 683 19493 639 3841 1 0 0 0 0 0 0 0 0 2 1 R 0
173 4179 19937 590 19958 563 3842 1 0 0 0 0 0 0 0 0 1 1 R 0
174 4200 20345 1417 19068 1368 3333 1 0 1 0 0 0 0 0 0 2 1 R 0
175 4218 16645 771 16671 745 3071 1 0 0 0 0 0 0 0 0 1 1 R 0
176 4240 21274 1467 21339 1410 6407 1 0 0 0 0 0 0 0 0 2 1 R 0
177 4261 20003 571 20014 544 3852 1 0 0 0 0 0 0 0 0 2 1 R 0
178 4280 18231 1057 18261 1031 3735 1 0 0 0 0 0 0 0 0 1 1 R 0
179 4304 22598 624 22628 589 6738 1 0 0 0 0 0 0 0 0 1 1 R 0
180 4322 17768 681 17807 638 3148 1 0 0 0 0 0 0 0 0 1 1 R 0
181 4342 18780 706 18858 634 3075 1 0 0 0 0 1 0 0 0 3 1 R 0
182 4362 19710 707 19747 669 3703 1 0 0 0 0 0 0 0 0 1 1 R 0
183 4383 20019 582 20045 561 4050 1 0 0 0 0 0 0 0 0 1 1 R 0
184 4404 20602 605 19123 576 3143 1 0 1 0 0 0 0 0 0 2 1 R 0
185 4423 18026 1468 18096 1408 3112 1 0 0 0 0 0 0 0 0 1 1 R 0
186 4442 18080 675 18107 646 3250 1 0 0 0 0 0 0 0 0 2 1 R 0
187 4464 21479 582 21500 554 6094 1 0 0 0 0 0 0 0 0 1 1 R 0
188 4484 19002 592 19036 558 4391 1 0 0 0 0 0 0 0 0 1 1 R 0
189 4503 18607 659 18642 638 3529 1 0 0 0 0 0 0 0 0 2 1 R 0
190 4524 19758 686 19789 655 4975 1 0 0 0 0 0 0 0 0 2 1 R 0
191 4543 18827 904 18863 865 3784 1 0 0 0 0 0 0 0 0 2 1 R 0
192 4564 20303 569 20322 539 3218 1 0 0 0 0 0 0 0 0 1 1 R 0
193 4584 19491 813 19523 787 4621 1 0 0 0 0 0 0 0 0 1 1 R 0
194 4608 23051 767 21704 733 7095 1 0 1 0 0 0 0 0 0 2 1 R 0
195 4627 17780 684 17834 632 3011 1 0 0 0 0 1 0 0 0 1 1 R 0
196 4645 17757 1230 17792 1201 4247 1 0 0 0 0 1 0 0 0 1 1 R 0
197 4669 23040 592 23060 565 8023 1 0 0 0 0 0 0 0 0 2 1 R 0
198 4689 19270 581 19301 551 3818 1 0 0 0 0 0 0 0 0 2 1 R 0
199 4709 18931 911 18986 867 3328 1 0 0 0 0 0 0 0 0 2 1 R 0
200 4729 19422 703 19456 651 4352 1 0 0 0 0 0 0 0 0 1 1 R 0
201 4748 18457 716 18521 665 3901 1 0 0 0 0 0 0 0 0 2 1 R 0
202 4770 20968 1016 20991 991 3906 1 0 0 0 0 0 0 0 0 2 1 R 0
203 4792 20761 569 20232 547 3569 1 0 1 0 0 0 0 0 0 1 1 R 0
204 4813 20696 618 19272 586 3330 1 0 1 0 0 0 0 0 0 1 1 R 0
205 4831 17771 692 17846 619 3221 1 0 0 0 0 0 0 0 0 2 1 R 0
206 4850 17368 727 17408 698 3865 1 0 0 0 0 0 0 0 0 1 1 R 0
207 4875 24661 628 24208 571 6069 1 0 1 0 0 0 0 0 0 2 1 R 0
208 4895 19009 595 19036 560 4240 1 0 0 0 0 0 0 0 0 1 1 R 0
209 4918 22642 799 22681 773 6820 1 0 0 0 0 0 0 0 0 2 1 R 0
210 4938 19226 600 19245 570 4221 1 0 0 0 0 0 0 0 0 1 1 R 0
211 4957 18139 766 18212 713 3475 1 0 0 0 0 0 0 0 0 1 1 R 0
212 4976 19138 592 19149 559 4256 1 0 0 0 0 0 0 0 0 1 1 R 0
213 4998 20712 585 20745 556 4514 1 0 0 0 0 0 0 0 0 1 1 R 0
214 5017 19077 1072 18084 1031 4777 1 0 1 0 0 0 0 0 0 2 1 R 0
215 5037 18053 706 18092 661 3028 1 0 0 0 0 0 0 0 0 2 1 R 0
216 5056 18320 827 18388 777 3704 1 0 0 0 0 0 0 0 0 1 1 R 0
217 5077 20237 591 20235 563 4800 1 0 0 0 0 0 0 0 0 2 1 R 0
218 5096 19243 685 19275 663 4199 1 0 0 0 0 0 0 0 0 1 1 R 0
219 5116 18877 691 18920 641 4329 1 0 0 0 0 0 0 0 0 1 1 R 0
220 5135 17975 1231 18493 716 3507 1 0 0 0 0 0 0 0 0 1 1 R 0
221 5153 16932 595 16974 543 3622 1 0 0 0 0 0 0 0 0 1 1 R 0
222 5177 23369 603 23403 572 7966 1 0 0 0 0 0 0 0 0 3 1 R 0
223 5196 18900 587 18930 551 4318 1 0 0 0 0 0 0 0 0 1 1 R 0
224 5222 25178 640 24203 608 8606 1 0 1 0 0 0 0 0 0 2 1 R 0
225 5240 17026 1347 17090 1324 3062 1 0 0 0 0 0 0 0 0 1 1 R 0
226 5259 17537 669 17543 644 3505 1 0 0 0 0 0 0 0 0 2 1 R 0
227 5279 20012 717 20038 683 3920 1 0 0 0 0 0 0 0 0 2 1 R 0
228 5300 20044 961 20062 940 4005 1 0 0 0 0 0 0 0 0 1 1 R 0
229 5320 19228 902 19249 889 3846 1 0 0 0 0 0 0 0 0 1 1 R 0
230 5338 17171 729 17232 666 3323 1 0 0 0 0 0 0 0 0 2 1 R 0
231 5357 18386 663 18419 625 3075 1 0 0 0 0 0 0 0 0 1 1 R 0
232 5376 18254 921 18333 847 4197 1 0 0 0 0 0 0 0 0 1 1 R 0
233 5399 22097 600 22119 577 6866 1 0 0 0 0 0 0 0 0 2 1 R 0
234 5424 24026 654 22973 622 5282 1 0 1 0 0 0 0 0 0 2 1 R 0
235 5443 18688 1100 18788 1008 3110 1 0 0 0 0 0 0 0 0 2 1 R 0
236 5466 21100 588 21122 563 5857 1 0 0 0 0 0 0 0 0 1 1 R 0
237 5485 18529 1109 18599 1037 3732 1 0 0 0 0 0 0 0 0 1 1 R 0
238 5506 20027 582 20052 552 4227 1 0 0 0 0 0 0 0 0 1 1 R 0
239 5528 21871 598 21908 561 7103 1 0 0 0 0 0 0 0 0 2 1 R 0
240 5547 17651 678 17701 628 3039 1 0 0 0 0 0 0 0 0 1 1 R 0
241 5566 18286 713 18342 668 4467 1 0 0 0 0 0 0 0 0 2 1 R 0
242 5587 20956 601 20974 573 4752 1 0 0 0 0 0 0 0 0 2 1 R 0
243 5609 21129 590 19739 561 4448 1 0 1 0 0 0 0 0 0 1 1 R 0
244 5629 19435 582 19466 550 3553 1 0 0 0 0 0 0 0 0 1 1 R 0
245 5646 16891 689 16931 664 3249 1 0 0 0 0 0 0 0 0 1 1 R 0
246 5668 20778 959 20830 902 7161 1 0 0 0 0 0 0 0 0 2 1 R 0
247 5689 20432 592 20452 561 4663 1 0 0 0 0 0 0 0 0 2 1 R 0
248 5709 19564 604 19596 573 3765 1 0 0 0 0 0 0 0 0 1 1 R 0
249 5729 18628 719 18690 664 3689 1 0 0 0 0 0 0 0 0 1 1 R 0
250 5749 19352 887 19433 928 3895 1 0 0 0 0 0 0 0 0 2 1 R 0
251 5767 17324 715 17265 660 3026 1 0 0 0 0 0 0 0 0 1 1 R 0
252 5788 20679 587 20692 562 4552 1 0 0 0 0 0 0 0 0 2 1 R 0
253 5810 21134 1177 20336 1108 3796 1 0 1 0 0 0 0 0 0 1 1 R 0
254 5835 24042 734 23569 708 7810 1 0 1 0 0 0 0 0 0 1 1 R 0
255 5854 18094 1114 18149 1098 3448 1 0 0 0 0 0 0 0 0 2 1 R 0
256 5872 17203 842 17262 739 3574 1 0 0 0 0 0 0 0 0 2 1 R 0
257 5895 21677 596 21716 567 6214 1 0 0 0 0 0 0 0 0 1 1 R 0
258 5915 19658 595 19688 566 4366 1 0 0 0 0 0 0 0 0 1 1 R 0
259 5935 19308 707 19348 672 4548 1 0 0 0 0 0 0 0 0 2 1 R 0
260 5954 18014 685 18047 648 3519 1 0 0 0 0 0 0 0 0 2 1 R 0
261 5973 18678 737 18728 695 3233 1 0 0 0 0 0 0 0 0 1 1 R 0
262 5995 20766 583 20779 556 3778 1 0 0 0 0 0 0 0 0 2 1 R 0
263 6016 20813 604 19808 565 4370 1 0 1 0 0 0 0 0 0 1 1 R 0
264 6037 20305 597 20336 565 4265 1 0 0 0 0 0 0 0 0 1 1 R 0
265 6055 17084 775 17172 690 3453 1 0 0 0 0 0 0 0 0 2 1 R 0
266 6073 17909 571 17954 528 4349 1 0 0 0 0 0 0 0 0 1 1 R 0
267 6097 22605 590 22632 560 8180 1 0 0 0 0 0 0 0 0 2 1 R 0
268 6116 18846 665 18897 615 4355 1 0 0 0 0 0 0 0 0 1 1 R 0
269 6140 23153 1032 23186 1002 7413 1 0 0 0 0 0 0 0 0 2 1 R 0
270 6158 17014 816 17074 765 3183 1 0 0 0 0 0 0 0 0 1 1 R 0
271 6177 18415 701 18461 647 3244 1 0 0 0 0 0 0 0 0 2 1 R 0
272 6198 19741 601 19763 572 4826 1 0 0 0 0 0 0 0 0 1 1 R 0
273 6220 22157 995 20590 971 4397 1 0 1 0 0 0 0 0 0 1 1 R 0
274 6240 18517 1396 18563 1363 3872 1 0 0 0 0 1 0 0 0 2 1 R 0
275 6260 18368 773 18454 665 3359 1 0 0 0 0 0 0 0 0 1 1 R 0
276 6278 17680 711 17736 665 3135 1 0 0 0 0 0 0 0 0 2 1 R 0
277 6300 21102 909 21127 890 4480 1 0 0 0 0 0 0 0 0 2 1 R 0
278 6320 18799 588 18815 561 3724 1 0 0 0 0 0 0 0 0 1 1 R 0
279 6339 18716 661 18809 566 3091 1 0 0 0 0 0 0 0 0 1 1 R 0
280 6358 18407 754 18450 724 3553 1 0 0 0 0 0 0 0 0 2 1 R 0
281 6376 17776 544 17794 511 3249 1 0 0 0 0 0 0 0 0 0 1 R 0
282 6399 22174 834 22262 755 7984 1 0 0 0 0 0 0 0 0 2 1 R 0
283 6421 21353 579 19013 547 3828 1 0 1 0 0 0 0 0 0 2 1 R 0
284 6446 24550 586 24587 550 6714 1 0 0 0 0 0 0 0 0 1 1 R 0
285 6470 22889 4104 18903 2053 3851 1 0 1 0 4 0 0 0 0 2 1 R 0
286 6496 21586 714 18884 690 4951 1 0 3 0 0 0 0 0 0 1 1 R 0
287 6516 19944 641 19971 610 4455 1 0 0 0 0 0 0 0 0 3 1 R 0
288 6536 19431 655 19459 625 4228 1 0 0 0 0 0 0 0 0 1 1 R 0
289 6555 17798 738 17853 687 3689 1 0 0 0 0 0 0 0 0 1 1 R 0
290 6574 18164 734 18291 604 3620 1 0 0 0 0 0 0 0 0 1 1 R 0
291 6593 18157 864 18254 785 3057 1 0 0 0 0 0 0 0 0 2 1 R 0
292 6617 23287 595 21711 558 6575 1 0 1 0 0 0 0 0 0 1 1 R 0
293 6637 19253 602 19291 566 4212 1 0 0 0 0 0 0 0 0 1 1 R 0
294 6655 18147 880 18220 820 3486 1 0 0 0 0 0 0 0 0 2 1 R 0
295 6675 18351 698 18383 658 3652 1 0 0 0 0 0 0 0 0 2 1 R 0
296 6695 20136 824 19955 766 5424 1 0 1 0 0 0 0 0 0 2 1 R 0
297 6716 19704 684 19739 660 4392 1 0 0 0 0 0 0 0 0 1 1 R 0
298 6736 19492 1269 19504 1246 4077 1 0 0 0 0 1 0 0 0 1 1 R 0
299 6759 21095 637 21131 596 6685 1 0 0 0 0 0 0 0 0 2 1 R 0
300 6777 17525 704 17590 649 3189 1 0 0 0 0 0 0 0 0 1 1 R 0
301 6796 18750 586 18786 540 4547 1 0 0 0 0 0 0 0 0 2 1 R 0
302 6820 23606 941 22303 919 7110 1 0 1 0 0 0 0 0 0 2 1 R 0
303 6840 19041 1352 19061 1333 3831 1 0 0 0 0 0 0 0 0 1 1 R 0
304 6860 18511 3539 18559 2555 4110 1 0 0 0 1 0 0 0 0 1 1 R 0
305 6880 16643 1070 17177 512 3380 1 0 0 0 0 0 0 0 0 2 1 R 0
306 6903 21881 694 21921 658 6310 1 0 0 0 0 0 0 0 0 2 1 R 0
307 6924 20017 577 20042 549 3806 1 0 0 0 0 0 0 0 0 1 1 R 0
308 6945 20203 554 20222 534 3745 1 0 0 0 0 0 0 0 0 1 1 R 0
309 6963 17859 717 17907 670 2987 1 0 0 0 0 0 0 0 0 1 1 R 0
310 6982 18445 704 18510 646 3228 1 0 0 0 0 0 0 0 0 2 1 R 0
311 7002 18563 659 18606 609 3107 1 0 0 0 0 0 0 0 0 1 1 R 0
312 7025 22424 673 20867 621 3649 1 0 1 0 0 0 0 0 0 3 1 R 0
313 7045 19717 590 19754 553 4389 1 0 0 0 0 0 0 0 0 1 1 R 0
314 7068 21893 817 21925 798 7574 1 0 0 0 0 0 0 0 0 1 1 R 0
315 7086 17595 699 17649 630 3367 1 0 0 0 0 0 0 0 0 2 1 R 0
316 7106 19047 803 19147 710 4371 1 0 0 0 0 0 0 0 0 2 1 R 0
317 7128 21051 642 21083 610 5667 1 0 0 0 0 0 0 0 0 1 1 R 0
318 7148 19272 578 19298 547 4193 1 0 0 0 0 0 0 0 0 1 1 R 0
319 7168 19878 845 19911 824 4159 1 0 0 0 0 0 0 0 0 1 1 R 0
320 7187 17709 724 17747 676 3135 1 0 0 0 0 0 0 0 0 2 1 R 0
321 7205 18152 740 18215 691 3924 1 0 0 0 0 0 0 0 0 2 1 R 0
322 7229 22452 595 21149 562 4697 1 0 1 0 0 0 0 0 0 1 1 R 0
323 7250 20642 916 20673 890 4016 1 0 0 0 0 1 0 0 0 1 1 R 0
324 7269 17783 694 17819 673 3343 1 0 0 0 0 0 0 0 0 2 1 R 0
325 7288 18268 727 18303 674 3051 1 0 0 0 0 0 0 0 0 1 1 R 0
326 7307 18720 843 18796 770 3197 1 0 0 0 0 0 0 0 0 2 1 R 0
327 7332 23882 745 23933 691 5272 1 0 0 0 0 0 0 0 0 2 1 R 0
328 7354 21740 804 21795 766 3998 1 0 0 0 0 0 0 0 0 2 1 R 0
329 7378 22935 681 22969 628 6569 1 0 0 0 0 0 0 0 0 2 1 R 0
330 7396 17637 759 17683 714 3611 1 0 0 0 0 0 0 0 0 2 1 R 0
331 7429 31895 583 18992 554 18884 1 2 1 0 0 0 0 0 0 1 1 R 0
332 7448 18418 952 18447 923 3852 1 0 0 0 0 0 0 0 0 1 1 R 0
333 7470 20923 1081 20957 1058 3876 1 0 0 0 0 0 0 0 0 2 1 R 0
334 7490 18659 779 18688 749 3420 1 0 0 0 0 0 0 0 0 1 1 R 0
335 7508 17541 672 17582 624 3385 1 0 0 0 0 0 0 0 0 2 1 R 0
336 7527 18649 713 18699 663 3164 1 0 0 0 0 0 0 0 0 1 1 R 0
337 7549 21314 598 21346 567 5138 1 0 0 0 0 0 0 0 0 2 1 R 0
338 7569 19156 646 19241 556 3487 1 0 0 0 0 0 0 0 0 1 1 R 0
339 7592 21904 661 21665 631 3680 1 0 1 0 0 0 0 0 0 2 1 R 0
340 7609 17165 741 17249 665 3023 1 0 0 0 0 0 0 0 0 2 1 R 0
341 7632 21716 727 20810 684 4031 1 0 1 0 0 0 0 0 0 1 1 R 0
342 7654 21182 595 21218 555 4907 1 0 0 0 0 0 0 0 0 2 1 R 0
343 7674 19573 564 19599 539 3808 1 0 0 0 0 0 0 0 0 1 1 R 0
344 7696 21290 784 21358 718 6823 1 0 0 0 0 0 0 0 0 2 1 R 0
345 7717 20657 596 20687 563 5304 1 0 0 0 0 0 0 0 0 1 1 R 0
346 7736 18394 906 18440 874 3621 1 0 0 0 0 0 0 0 0 1 1 R 0
347 7756 19172 585 19187 557 4348 1 0 0 0 0 0 0 0 0 1 1 R 0
348 7775 18667 662 18706 633 4222 1 0 0 0 0 0 0 0 0 2 1 R 0
349 7796 19901 870 19988 788 4693 1 0 0 0 0 0 0 0 0 2 1 R 0
350 7815 17838 709 17872 654 3750 1 0 0 0 0 0 0 0 0 2 1 R 0
351 7838 22612 609 21022 573 6972 1 0 1 0 0 0 0 0 0 1 1 R 0
352 7859 20063 588 20100 549 3891 1 0 0 0 0 0 0 0 0 2 1 R 0
353 7878 18412 861 18469 822 3793 1 0 0 0 0 0 0 0 0 1 1 R 0
354 7897 18717 814 18792 733 3483 1 0 0 0 0 0 0 0 0 2 1 R 0
355 7916 17508 705 17552 664 3570 1 0 0 0 0 0 0 0 0 2 1 R 0
356 7937 20369 791 20425 729 4055 1 0 0 0 0 0 0 0 0 1 1 R 0
357 7957 19600 600 19627 565 4284 1 0 0 0 0 0 0 0 0 1 1 R 0
358 7977 19091 591 19126 555 3848 1 0 0 0 0 0 0 0 0 1 1 R 0
359 8001 23744 794 23818 730 7106 1 0 0 0 0 0 0 0 0 2 1 R 0
360 8019 17351 862 17421 798 3089 1 0 0 0 0 0 0 0 0 1 1 R 0
361 8040 19972 1492 18260 1465 3014 1 0 1 0 0 0 0 0 0 2 1 R 0
362 8060 18418 1021 18430 995 3734 1 0 0 0 0 0 0 0 0 1 1 R 0
363 8080 18516 793 18559 1265 3360 1 0 0 0 0 0 0 0 0 2 1 R 0
364 8099 18814 725 18348 665 4089 1 0 0 0 0 0 0 0 0 1 1 R 0
365 8118 18038 989 18096 945 3081 1 0 0 0 0 0 0 0 0 2 1 R 0
366 8141 21889 541 21899 516 3803 1 0 0 0 0 0 0 0 0 1 1 R 0
367 8160 18743 949 18780 924 3986 1 0 0 0 0 1 0 0 0 2 1 R 0
368 8180 19054 961 19079 938 3564 1 0 0 0 0 0 0 0 0 1 1 R 0
369 8199 18161 755 18208 705 3210 1 0 0 0 0 0 0 0 0 1 1 R 0
370 8217 17312 535 17343 503 3377 1 0 0 0 0 0 0 0 0 1 1 R 0
371 8250 31870 599 18646 563 20731 1 2 0 0 0 0 0 0 0 3 1 R 0
372 8272 22157 647 20735 621 3645 1 0 1 0 0 0 0 0 0 1 1 R 0
373 8292 19127 718 19254 617 3514 1 0 0 0 0 0 0 0 0 2 1 R 0
374 8314 21099 777 21156 700 6468 1 0 0 0 0 0 0 0 0 2 1 R 0
375 8333 17894 704 17931 670 3238 1 0 0 0 0 0 0 0 0 1 1 R 0
376 8355 21507 587 21526 563 3979 1 0 0 0 0 0 0 0 0 2 1 R 0
377 8375 19234 583 19263 553 4320 1 0 0 0 0 0 0 0 0 1 1 R 0
378 8397 21229 594 21260 564 4951 1 0 0 0 0 0 0 0 0 1 1 R 0
379 8415 18160 655 18224 594 3623 1 0 0 0 0 0 0 0 0 2 1 R 0
380 8437 20916 715 20023 652 4469 1 0 1 0 0 0 0 0 0 1 1 R 0
381 8458 20286 584 20310 555 5022 1 0 0 0 0 0 0 0 0 2 1 R 0
382 8478 19457 604 19492 569 4229 1 0 0 0 0 0 0 0 0 1 1 R 0
383 8498 19724 830 19784 777 3653 1 0 0 0 0 0 0 0 0 2 1 R 0
384 8517 17420 762 17467 710 3270 1 0 0 0 0 0 0 0 0 2 1 R 0
385 8537 19249 731 19299 686 4407 1 0 0 0 0 0 0 0 0 1 1 R 0
386 8556 18978 694 19014 658 4171 1 0 0 0 0 0 0 0 0 1 1 R 0
387 8577 20152 645 20175 612 4410 1 0 0 0 0 0 0 0 0 1 1 R 0
388 8597 19140 586 19171 554 4233 1 0 0 0 0 0 0 0 0 2 1 R 0
389 8618 20460 1001 20552 921 6690 1 0 0 0 0 0 0 0 0 1 1 R 0
390 8638 19417 960 18483 887 3102 1 0 1 0 0 0 0 0 0 2 1 R 0
391 8663 23256 703 23299 657 3790 1 0 0 0 0 0 0 0 0 2 1 R 0
392 8682 19079 627 19093 602 3996 1 0 0 0 0 0 0 0 0 2 1 R 0
393 8701 18460 785 18596 652 3383 1 0 0 0 0 0 0 0 0 1 1 R 0
394 8720 17380 715 17420 670 3084 1 0 0 0 0 0 0 0 0 2 1 R 0
395 8739 18458 722 18498 694 4130 1 0 0 0 0 0 0 0 0 1 1 R 0
396 8762 22678 783 22692 766 6362 1 0 0 0 0 0 0 0 0 2 1 R 0
397 8783 19710 630 19734 597 4136 1 0 0 0 0 0 0 0 0 1 1 R 0
398 8802 18807 666 18852 627 3669 1 0 0 0 0 0 0 0 0 2 1 R 0
399 8822 18819 646 18873 585 3871 1 0 0 0 0 0 0 0 0 1 1 R 0
400 8843 20332 1502 19388 1484 4620 1 0 1 0 0 1 0 0 0 2 1 R 0
401 8866 21473 594 20958 563 3986 1 0 1 0 0 0 0 0 0 1 1 R 0
402 8886 19722 571 19747 543 4430 1 0 0 0 0 0 0 0 0 1 1 R 0
403 8905 18820 671 18859 638 4111 1 0 0 0 0 0 0 0 0 1 1 R 0
404 8927 20766 786 20856 695 6446 1 0 0 0 0 0 0 0 0 2 1 R 0
405 8946 18358 658 18395 625 3546 1 0 0 0 0 0 0 0 0 2 1 R 0
406 8967 20117 598 20137 573 5110 1 0 0 0 0 0 0 0 0 1 1 R 0
407 8986 19226 587 19252 554 4198 1 0 0 0 0 0 0 0 0 1 1 R 0
408 9006 19139 587 19173 556 4287 1 0 0 0 0 0 0 0 0 1 1 R 0
409 9024 17560 599 17592 575 3874 1 0 0 0 0 0 0 0 0 2 1 R 0
410 9047 21813 711 20374 676 7805 1 0 1 0 0 0 0 0 0 2 1 R 0
411 9068 20919 594 20938 567 4927 1 0 0 0 0 0 0 0 0 1 1 R 0
412 9088 19414 645 19443 622 3744 1 0 0 0 0 0 0 0 0 1 1 R 0
413 9107 18014 832 18085 759 3707 1 0 0 0 0 0 0 0 0 2 1 R 0
414 9127 18893 843 18944 793 4796 1 0 0 0 0 0 0 0 0 2 1 R 0
415 9146 18222 689 18267 647 4055 1 0 0 0 0 0 0 0 0 2 1 R 0
416 9167 20497 579 20519 549 5319 1 0 0 0 0 0 0 0 0 1 1 R 0
417 9187 19308 589 19335 562 4017 1 0 0 0 0 0 0 0 0 1 1 R 0
418 9207 19385 627 19411 603 3925 1 0 0 0 0 0 0 0 0 2 1 R 0
419 9229 21243 681 21274 644 7113 1 0 0 0 0 0 0 0 0 1 1 R 0
420 9247 18050 630 16956 598 3258 1 0 1 0 0 0 0 0 0 2 1 R 0
421 9271 23197 646 23232 632 7904 1 0 0 0 0 0 0 0 0 2 1 R 0
422 9290 18133 985 18143 959 3724 1 0 0 0 0 0 0 0 0 1 1 R 0
423 9310 18781 1279 18874 1196 3438 1 0 0 0 0 0 0 0 0 2 1 R 0
424 9329 17966 820 18046 728 3778 1 0 0 0 0 0 0 0 0 1 1 R 0
425 9349 18762 840 18825 792 4294 1 0 0 0 0 0 0 0 0 2 1 R 0
426 9370 20091 702 20124 651 3776 1 0 0 0 0 0 0 0 0 1 1 R 0
427 9389 18964 593 18997 564 3804 1 0 0 0 0 0 0 0 0 1 1 R 0
428 9409 18637 828 18700 759 3552 1 0 0 0 0 0 0 0 0 1 1 R 0
429 9428 18887 789 18964 726 3183 1 0 0 0 0 0 0 0 0 2 1 R 0
430 9448 19133 742 18235 677 4596 1 0 1 0 0 0 0 0 0 1 1 R 0
431 9467 18211 702 18255 673 3081 1 0 0 0 0 0 0 0 0 2 1 R 0
432 9490 22553 1021 23021 540 6789 1 0 0 0 0 0 0 0 0 2 1 R 0
433 9510 18549 1085 18617 1024 3765 1 0 0 0 0 0 0 0 0 1 1 R 0
434 9533 22115 578 22150 542 6328 1 0 0 0 0 0 0 0 0 2 1 R 0
435 9550 16335 1153 16371 1147 3153 1 0 0 0 0 0 0 0 0 2 1 R 0
436 9574 22572 588 22567 559 5998 1 0 0 0 0 0 0 0 0 1 1 R 0
437 9594 19522 578 19555 545 3808 1 0 0 0 0 0 0 0 0 1 1 R 0
438 9614 19574 679 19601 653 3808 1 0 0 0 0 0 0 0 0 1 1 R 0
439 9636 20917 621 19500 552 3304 1 0 1 0 0 0 0 0 0 2 1 R 0
440 9654 17341 686 17387 650 3506 1 0 0 0 0 0 0 0 0 2 1 R 0
441 9674 19341 765 19395 713 4635 1 0 0 0 0 0 0 0 0 1 1 R 0
442 9695 20564 582 20587 547 4498 1 0 0 0 0 0 0 0 0 2 1 R 0
443 9715 19334 589 19366 556 4423 1 0 0 0 0 0 0 0 0 1 1 R 0
444 9734 18677 1213 18746 1161 3658 1 0 0 0 0 0 0 0 0 1 1 R 0
445 9753 17776 1051 18132 699 3024 1 0 0 0 0 0 0 0 0 2 1 R 0
446 9772 17785 542 17817 492 3141 1 0 0 0 0 0 0 0 0 1 1 R 0
447 9796 23123 585 23157 552 8002 1 0 0 0 0 0 0 0 0 2 1 R 0
448 9816 19349 582 19379 549 4392 1 0 0 0 0 0 0 0 0 1 1 R 0
449 9842 26252 601 24228 568 8144 1 0 2 0 0 1 0 0 0 2 1 R 0
450 9862 19341 570 19367 542 3719 1 0 0 0 0 0 0 0 0 1 1 R 0
451 9882 19544 559 19572 527 4081 1 0 0 0 0 0 0 0 0 1 1 R 0
452 9903 19908 581 19945 546 3994 1 0 0 0 0 0 0 0 0 2 1 R 0
453 9923 19381 628 19421 601 3269 1 0 0 0 0 0 0 0 0 1 1 R 0
454 9942 18662 776 18709 805 3136 1 0 0 0 0 0 0 0 0 1 1 R 0
455 9960 17212 1459 17195 1417 3033 1 0 0 0 0 0 0 0 0 2 1 R 0
456 9982 20445 908 20502 850 3592 1 0 0 0 0 0 0 0 0 1 1 R 0
457 10002 18948 563 18951 533 4088 1 0 0 0 0 0 0 0 0 1 1 R 0
458 10023 20037 608 20068 578 3765 1 0 0 0 0 0 0 0 0 2 1 R 0
459 10044 21057 560 19611 535 3122 1 0 1 0 0 0 0 0 0 1 1 R 0
460 10064 19473 751 19541 684 3757 1 0 0 0 0 0 0 0 0 1 1 R 0
461 10083 18050 684 18117 615 3259 1 0 0 0 0 1 0 0 0 1 1 R 0
462 10104 20077 597 20114 561 3755 1 0 0 0 0 0 0 0 0 2 1 R 0
463 10124 19729 721 19780 668 3869 1 0 0 0 0 0 0 0 0 2 1 R 0
464 10147 21665 592 21703 564 6513 1 0 0 0 0 0 0 0 0 1 1 R 0
465 10164 17338 698 17378 650 3767 1 0 0 0 0 0 0 0 0 2 1 R 0
466 10186 21149 582 21181 549 4471 1 0 0 0 0 0 0 0 0 1 1 R 0
467 10206 19412 585 19448 553 4283 1 0 0 0 0 0 0 0 0 1 1 R 0
468 10227 20126 689 19785 598 4345 1 0 1 0 0 0 0 0 0 2 1 R 0
469 10249 21057 577 20112 542 3516 1 0 1 0 0 0 0 0 0 1 1 R 0
470 10266 17039 552 17088 505 3158 1 0 0 0 0 0 0 0 0 1 1 R 0
471 10295 28536 571 18561 542 18104 1 1 0 0 0 0 0 0 0 2 1 R 0
472 10315 18696 633 18727 612 4335 1 0 0 0 0 0 0 0 0 1 1 R 0
473 10334 18575 769 18664 686 4113 1 0 0 0 0 0 0 0 0 1 1 R 0
474 10355 20111 764 20141 722 4966 1 0 0 0 0 0 0 0 0 3 1 R 0
475 10374 18256 682 18304 643 3480 1 0 0 0 0 0 0 0 0 1 1 R 0
476 10394 19530 759 19562 735 3285 1 0 0 0 0 0 0 0 0 2 1 R 0
477 10415 19903 583 19912 553 4387 1 0 0 0 0 0 0 0 0 2 1 R 0
478 10436 20846 580 20878 542 4006 1 0 0 0 0 0 0 0 0 1 1 R 0
479 10462 24802 735 23922 673 8011 1 0 1 0 0 0 0 0 0 2 1 R 0
480 10479 16620 639 16667 606 3260 1 0 0 0 0 0 0 0 0 1 1 R 0
481 10503 23134 582 23155 550 6612 1 0 0 0 0 0 0 0 0 2 1 R 0
482 10523 19721 572 19753 540 3720 1 0 0 0 0 0 0 0 0 1 1 R 0
483 10542 18762 819 18848 735 3815 1 0 0 0 0 0 0 0 0 2 1 R 0
484 10563 20047 817 20095 790 4280 1 0 0 0 0 0 0 0 0 1 1 R 0
485 10582 18397 669 18417 629 3205 1 0 0 0 0 0 0 0 0 2 1 R 0
486 10603 19794 686 19819 662 3709 1 0 0 0 0 0 0 0 0 1 1 R 0
487 10624 20524 589 20550 564 3823 1 0 0 0 0 0 0 0 0 1 1 R 0
488 10645 20462 595 18683 559 3755 1 0 1 0 0 0 0 0 0 1 1 R 0
489 10664 17946 713 18024 649 3579 1 0 0 0 0 0 0 0 0 2 1 R 0
490 10683 18680 892 18725 837 3256 1 0 0 0 0 0 0 0 0 1 1 R 0
491 10704 19791 562 19814 535 3691 1 0 0 0 0 0 0 0 0 1 1 R 0
492 10724 19339 667 19426 584 3713 1 0 0 0 0 0 0 0 0 2 1 R 0
493 10743 19168 560 19191 534 3267 1 0 0 0 0 0 0 0 0 1 1 R 0
494 10765 21412 826 21481 771 7285 1 0 0 0 0 0 0 0 0 2 1 R 0
495 10784 18064 1020 18127 960 3786 1 0 0 0 0 0 0 0 0 2 1 R 0
496 10804 19051 663 19070 647 4695 1 0 0 0 0 0 0 0 0 1 1 R 0
497 10826 20915 570 20930 537 4471 1 0 0 0 0 0 0 0 0 1 1 R 0
498 10847 20707 580 19562 552 3946 1 0 1 0 0 0 0 0 0 2 1 R 0
499 10868 19806 1202 19297 1140 4096 1 0 1 0 0 0 0 0 0 1 1 R 0
500 10887 18426 727 18448 699 3046 1 0 0 0 0 0 0 0 0 2 1 R 0
501 10908 20008 578 20032 548 4280 1 0 0 0 0 0 0 0 0 1 1 R 0
502 10927 18784 688 18836 643 4188 1 0 0 0 0 0 0 0 0 1 1 R 0
503 10947 19047 1408 19091 1378 3916 1 0 0 0 0 1 0 0 0 2 1 R 0
504 10966 17960 728 17989 678 4203 1 0 0 0 0 0 0 0 0 1 1 R 0
505 10985 17483 683 17512 660 3707 1 0 0 0 0 0 0 0 0 2 1 R 0
506 11016 30734 591 18928 555 19373 1 1 0 0 0 0 0 0 0 2 1 R 0
507 11035 18786 580 18817 549 4247 1 0 0 0 0 0 0 0 0 1 1 R 0
508 11058 22225 581 21284 555 5289 1 0 1 0 0 0 0 0 0 2 1 R 0
509 11080 20869 574 20900 545 6055 1 0 0 0 0 0 0 0 0 1 1 R 0
510 11099 18420 936 18465 889 3639 1 0 0 0 0 0 0 0 0 2 1 R 0
511 11120 19903 598 19933 565 3810 1 0 0 0 0 0 0 0 0 1 1 R 0
512 11140 19752 888 19782 872 3710 1 0 0 0 0 0 0 0 0 1 1 R 0
513 11159 17731 856 17781 806 3440 1 0 0 0 0 0 0 0 0 1 1 R 0
514 11177 17568 828 17626 756 3067 1 0 0 0 0 0 0 0 0 2 1 R 0
515 11196 18675 737 18732 693 4427 1 0 0 0 0 0 0 0 0 1 1 R 0
516 11218 20329 1209 20384 1202 4952 1 0 0 0 0 0 0 0 0 2 1 R 0
517 11238 19574 595 19549 558 3800 1 0 0 0 0 0 0 0 0 1 1 R 0
518 11260 20982 1007 19958 986 5166 1 0 1 0 0 0 0 0 0 2 1 R 0
519 11278 16777 690 16833 628 3115 1 0 0 0 0 0 0 0 0 1 1 R 0
520 11299 20527 733 20583 683 6080 1 0 0 0 0 0 0 0 0 2 1 R 0
521 11319 19198 704 19237 670 3407 1 0 0 0 0 0 0 0 0 2 1 R 0
522 11340 20128 1013 20188 954 3759 1 0 0 0 0 0 0 0 0 1 1 R 0
523 11359 18190 838 18236 785 3797 1 0 0 0 0 0 0 0 0 1 1 R 0
524 11383 23140 622 23165 602 6545 1 0 0 0 0 0 0 0 0 3 1 R 0
525 11403 19136 564 19154 535 3247 1 0 0 0 0 0 0 0 0 1 1 R 0
526 11422 19224 694 19267 647 3146 1 0 0 0 0 0 0 0 0 1 1 R 0
527 11444 21230 2081 21265 915 4388 1 0 0 0 1 0 0 0 0 1 1 R 0
528 11465 18628 575 18634 542 4117 1 0 0 0 0 0 0 0 0 2 1 R 0
529 11484 18110 716 18193 640 3762 1 0 0 0 0 0 0 0 0 1 1 R 0
530 11503 18789 725 18832 692 3177 1 0 0 0 0 0 0 0 0 2 1 R 0
531 11523 19358 1261 19419 1202 3565 1 0 0 0 0 0 0 0 0 2 1 R 0
532 11556 31693 595 25487 562 5729 1 0 3 0 0 0 0 0 0 2 1 R 0
533 11576 18736 689 18790 648 3740 1 0 0 0 0 0 0 0 0 1 1 R 0
534 11596 19976 920 20013 879 4871 1 0 0 0 0 0 0 0 0 1 1 R 0
535 11616 18812 615 18836 592 4086 1 0 0 0 0 0 0 0 0 1 1 R 0
536 11636 19257 588 19277 562 4128 1 0 0 0 0 0 0 0 0 1 1 R 0
537 11658 21173 609 19850 576 4275 1 0 1 0 0 0 0 0 0 2 1 R 0
538 11676 17622 732 17681 671 3540 1 0 0 0 0 0 0 0 0 1 1 R 0
539 11697 20818 746 20875 693 6502 1 0 0 0 0 0 0 0 0 2 1 R 0
540 11716 18154 713 18210 671 3378 1 0 0 0 0 0 0 0 0 2 1 R 0
541 11739 22017 590 22030 555 5753 1 0 0 0 0 0 0 0 0 1 1 R 0
542 11758 18642 846 18692 811 3764 1 0 0 0 0 0 0 0 0 2 1 R 0
543 11777 18258 741 18302 680 3100 1 0 0 0 0 0 0 0 0 1 1 R 0
544 11796 17422 527 17470 481 3886 1 0 0 0 0 0 0 0 0 1 1 R 0
545 11828 31941 606 20036 570 19214 1 2 1 0 0 0 0 0 0 2 1 R 0
546 11848 19111 1429 19158 524 4112 1 0 1 0 0 0 0 0 0 2 1 R 0
547 11872 22474 638 22505 607 3359 1 0 0 0 0 0 0 0 0 1 1 R 0
548 11892 19594 656 19630 626 3487 1 0 0 0 0 0 0 0 0 2 1 R 0
549 11911 18622 750 18664 720 3328 1 0 0 0 0 0 0 0 0 1 1 R 0
550 11932 19635 898 19656 868 3756 1 0 0 0 0 0 0 0 0 1 1 R 0
551 11954 21462 768 21521 719 3871 1 0 0 0 0 0 0 0 0 2 1 R 0
552 11973 18732 581 18738 555 3477 1 0 0 0 0 0 0 0 0 2 1 R 0
553 11993 19224 789 19292 735 3627 1 0 0 0 0 0 0 0 0 1 1 R 0
554 12017 22823 723 22835 700 6609 1 0 0 0 0 1 0 0 0 2 1 R 0
555 12036 18141 717 18186 672 3511 1 0 0 0 0 0 0 0 0 1 1 R 0
556 12058 21268 605 20214 570 4343 1 0 1 0 0 0 0 0 0 2 1 R 0
557 12077 19097 572 19127 536 4263 1 0 0 0 0 0 0 0 0 1 1 R 0
558 12098 20331 635 20379 593 4210 1 0 0 0 0 0 0 0 0 1 1 R 0
559 12117 17911 688 17953 644 3692 1 0 0 0 0 0 0 0 0 2 1 R 0
560 12139 20976 581 21004 555 3776 1 0 0 0 0 0 0 0 0 1 1 R 0
561 12158 18764 599 18795 576 3801 1 0 0 0 0 0 0 0 0 1 1 R 0
562 12177 18066 885 18150 809 4064 1 0 0 0 0 0 0 0 0 2 1 R 0
563 12198 20197 719 20249 652 6060 1 0 0 0 0 0 0 0 0 2 1 R 0
564 12216 17716 710 17788 637 3295 1 0 0 0 0 0 0 0 0 2 1 R 0
565 12238 21326 571 21356 542 4221 1 0 0 0 0 0 0 0 0 1 1 R 0
566 12258 19771 601 18174 568 4220 1 0 1 0 0 0 0 0 0 1 1 R 0
567 12279 19631 571 19667 536 3137 1 0 0 0 0 0 0 0 0 2 1 R 0
568 12297 18253 713 18317 660 3748 1 0 0 0 0 0 0 0 0 1 1 R 0
569 12318 19707 877 19742 862 6477 1 0 0 0 0 0 0 0 0 1 1 R 0
570 12341 22618 570 22613 540 6109 1 0 0 0 0 0 0 0 0 3 1 R 0
571 12361 19089 553 19116 529 3860 1 0 0 0 0 0 0 0 0 1 1 R 0
572 12383 21072 675 21140 620 3302 1 0 0 0 0 0 0 0 0 1 1 R 0
573 12403 20025 1161 20059 1140 3308 1 0 0 0 0 0 0 0 0 2 1 R 0
574 12424 19648 585 19656 552 3244 1 0 0 0 0 1 0 0 0 1 1 R 0
575 12445 20620 567 20648 535 4351 1 0 0 0 0 0 0 0 0 1 1 R 0
576 12466 20189 672 19201 619 5610 1 0 1 0 0 0 0 0 0 1 1 R 0
577 12487 19734 572 19765 543 4124 1 0 0 0 0 0 0 0 0 2 1 R 0
578 12505 18184 793 18240 751 3890 1 0 0 0 0 0 0 0 0 1 1 R 0
579 12524 17677 564 17719 510 3556 1 0 0 0 0 0 0 0 0 2 1 R 0
580 12546 21377 710 21431 660 7070 1 0 0 0 0 0 0 0 0 2 1 R 0
581 12567 20520 595 20546 564 4839 1 0 0 0 0 0 0 0 0 1 1 R 0
582 12588 20192 595 20219 573 3813 1 0 0 0 0 0 0 0 0 2 1 R 0
583 12607 18937 585 18961 557 4186 1 0 0 0 0 0 0 0 0 1 1 R 0
584 12630 22523 983 22633 534 6816 1 0 1 0 0 0 0 0 0 2 1 R 0
585 12651 19824 670 19847 651 4107 1 0 0 0 0 0 0 0 0 1 1 R 0
586 12673 21630 623 20452 590 3768 1 0 1 0 0 0 0 0 0 1 1 R 0
587 12693 19323 682 19363 660 3846 1 0 0 0 0 0 0 0 0 2 1 R 0
588 12712 18063 674 18084 645 3157 1 0 0 0 0 0 0 0 0 1 1 R 0
589 12730 17216 1603 17255 1572 2999 1 0 0 0 0 0 0 0 0 1 1 R 0
590 12751 19767 898 19796 855 3971 1 0 0 0 0 0 0 0 0 2 1 R 0
591 12772 19491 562 19513 532 3820 1 0 0 0 0 0 0 0 0 1 1 R 0
592 12792 19222 669 19259 635 3232 1 0 0 0 0 0 0 0 0 1 1 R 0
593 12810 17824 1363 17871 1323 3627 1 0 0 0 0 0 0 0 0 1 1 R 0
594 12829 17659 562 17700 513 3298 1 0 0 0 0 0 0 0 0 1 1 R 0
595 12853 23472 1993 23502 880 7178 1 0 0 0 1 0 0 0 0 2 1 R 0
596 12875 20059 1025 19653 954 4906 1 0 1 0 0 0 0 0 0 2 1 R 0
597 12897 20335 631 20363 602 4189 1 0 0 0 0 0 0 0 0 1 1 R 0
598 12916 18886 881 18980 785 4049 1 0 0 0 0 0 0 0 0 1 1 R 0
599 12938 21348 580 21378 551 6527 1 0 0 0 0 0 0 0 0 2 1 R 0
600 12957 18146 747 18210 690 3147 1 0 0 0 0 0 0 0 0 1 1 R 0
601 12979 20881 583 20903 551 4298 1 0 0 0 0 0 0 0 0 1 1 R 0
602 12998 18991 580 19025 549 4061 1 0 0 0 0 0 0 0 0 2 1 R 0
603 13018 19026 937 19076 891 3756 1 0 0 0 0 0 0 0 0 2 1 R 0
604 13037 17892 663 17946 607 3082 1 0 0 0 0 0 0 0 0 2 1 R 0
605 13060 22463 1968 21257 1941 5197 1 0 1 0 0 1 0 0 0 1 1 R 0
606 13081 19412 566 19415 534 3729 1 0 0 0 0 0 0 0 0 1 1 R 0
607 13101 19526 658 19557 630 4014 1 0 0 0 0 0 0 0 0 2 1 R 0
608 13120 17692 719 17745 1367 3385 1 0 0 0 0 0 0 0 0 1 1 R 0
609 13138 17876 553 17217 512 3516 1 0 0 0 0 0 0 0 0 1 1 R 0
610 13160 21400 1430 21460 1383 6825 1 0 0 0 0 0 0 0 0 2 1 R 0
611 13187 25084 2658 21753 941 4306 1 0 2 0 1 0 0 0 0 2 1 R 0
612 13249 59188 773 27187 740 8636 1 10 11 0 0 55 0 0 0 2 1 R 0
613 13272 22936 694 21925 666 4077 1 0 1 0 0 16 0 0 0 2 1 R 0
614 13295 21529 606 21562 572 8239 1 0 0 0 0 5 0 0 0 0 1 R 0
615 13314 18437 698 18497 637 3224 1 0 0 0 0 0 0 0 0 2 1 R 0
616 13332 18137 757 18176 716 3218 1 0 0 0 0 0 0 0 0 1 1 R 0
617 13352 19089 824 19150 785 2992 1 0 0 0 0 0 0 0 0 2 1 R 0
618 13375 21634 582 21647 552 6111 1 0 0 0 0 0 0 0 0 1 1 R 0
619 13395 19453 591 19484 561 4287 1 0 0 0 0 0 0 0 0 1 1 R 0
620 13415 20024 588 20055 558 4787 1 0 0 0 0 0 0 0 0 2 1 R 0
621 13436 20033 582 20058 555 4515 1 0 0 0 0 0 0 0 0 1 1 R 0
622 13456 19131 594 19163 558 4279 1 0 0 0 0 0 0 0 0 1 1 R 0
623 13476 19910 583 18966 550 3753 1 0 1 0 0 0 0 0 0 1 1 R 0
624 13497 19898 571 19926 541 4406 1 0 0 0 0 0 0 0 0 1 1 R 0
625 13515 17650 759 17692 733 3728 1 0 0 0 0 0 0 0 0 2 1 R 0
626 13533 17850 652 17878 620 3528 1 0 0 0 0 0 0 0 0 2 1 R 0
627 13553 19047 678 19078 643 3687 1 0 0 0 0 0 0 0 0 2 1 R 0
628 13575 20796 587 20818 556 4883 1 0 0 0 0 0 0 0 0 1 1 R 0
629 13597 22090 591 22125 554 8400 1 0 0 0 0 0 0 0 0 1 1 R 0
630 13616 17660 698 17727 651 4107 1 0 0 0 0 0 0 0 0 2 1 R 0
631 13635 18578 1223 18854 954 3371 1 0 0 0 0 0 0 0 0 1 1 R 0
632 13653 16973 692 16991 663 3866 1 0 0 0 0 0 0 0 0 2 1 R 0
633 13677 23117 588 20736 552 8171 1 0 1 0 0 0 0 0 0 1 1 R 0
634 13696 18896 607 18933 569 4239 1 0 0 0 0 0 0 0 0 2 1 R 0
635 13717 20301 774 20377 700 4340 1 0 0 0 0 0 0 0 0 1 1 R 0
636 13736 18114 687 18166 642 3860 1 0 0 0 0 0 0 0 0 2 1 R 0
637 13756 18745 710 18790 672 4156 1 0 0 0 0 0 0 0 0 1 1 R 0
638 13776 19579 581 19596 551 4278 1 0 0 0 0 0 0 0 0 2 1 R 0
639 13796 19860 650 19895 625 4389 1 0 0 0 0 0 0 0 0 1 1 R 0
640 13817 19611 588 19635 556 4100 1 0 0 0 0 0 0 0 0 1 1 R 0
641 13837 20015 730 19655 645 5057 1 0 1 0 0 0 0 0 0 2 1 R 0
642 13855 17288 654 17327 624 3684 1 0 0 0 0 0 0 0 0 1 1 R 0
643 13878 22625 588 21453 558 6530 1 0 1 0 0 0 0 0 0 2 1 R 0
644 13901 22297 710 22323 683 7881 1 0 0 0 0 0 0 0 0 1 1 R 0
645 13921 19037 560 19060 532 3796 1 0 0 0 0 0 0 0 0 1 1 R 0
646 13941 19573 606 19603 578 3779 1 0 0 0 0 0 0 0 0 1 1 R 0
647 13959 17389 695 17443 641 3162 1 0 0 0 0 1 0 0 0 2 1 R 0
648 13980 19767 585 19803 556 3856 1 0 0 0 0 0 0 0 0 1 1 R 0
649 13999 18902 581 18930 550 4025 1 0 0 0 0 0 0 0 0 2 1 R 0
650 14020 20195 1000 20225 982 3450 1 0 0 0 0 0 0 0 0 1 1 R 0
651 14040 19028 944 19047 935 3835 1 0 0 0 0 0 0 0 0 2 1 R 0
652 14058 16849 722 16891 666 3183 1 0 0 0 0 0 0 0 0 1 1 R 0
653 14080 21602 1199 20581 1180 5240 1 0 1 0 0 0 0 0 0 2 1 R 0
654 14100 18209 1181 18249 1146 3984 1 0 0 0 0 0 0 0 0 0 1 R 0
655 14120 19337 954 19349 930 3769 1 0 0 0 0 0 0 0 0 1 1 R 0
656 14139 17851 867 17894 839 3212 1 0 0 0 0 0 0 0 0 2 1 R 0
657 14157 17365 561 17390 524 3226 1 0 0 0 0 0 0 0 0 1 1 R 0
658 14181 23278 602 23291 583 7512 1 0 0 0 0 0 0 0 0 2 1 R 0
659 14203 21587 589 21612 559 8538 1 0 0 0 0 0 0 0 0 1 1 R 0
660 14224 19881 708 19914 679 3401 1 0 0 0 0 0 0 0 0 1 1 R 0
661 14243 18566 726 18618 677 3166 1 0 0 0 0 0 0 0 0 3 1 R 0
662 14262 17920 665 17961 621 3043 1 0 0 0 0 0 0 0 0 1 1 R 0
663 14282 19965 666 18336 640 3174 1 0 1 0 0 0 0 0 0 2 1 R 0
664 14303 20134 577 20145 553 3817 1 0 0 0 0 0 0 0 0 1 1 R 0
665 14324 20267 573 20291 545 3799 1 0 0 0 0 0 0 0 0 1 1 R 0
666 14343 18654 553 18679 528 3225 1 0 0 0 0 0 0 0 0 2 1 R 0
667 14361 17742 776 17795 725 3032 1 0 0 0 0 0 0 0 0 1 1 R 0
668 14379 16860 540 16904 499 3365 1 0 0 0 0 0 0 0 0 1 1 R 0
669 14403 23151 565 23179 537 7157 1 0 0 0 0 0 0 0 0 2 1 R 0
670 14424 20297 636 20337 593 3794 1 0 0 0 0 0 0 0 0 1 1 R 0
671 14442 17691 740 17764 665 3162 1 0 0 0 0 0 0 0 0 2 1 R 0
672 14464 21010 715 21062 663 6749 1 0 0 0 0 0 0 0 0 2 1 R 0
673 14486 21309 596 19789 564 4281 1 0 1 0 0 0 0 0 0 1 1 R 0
674 14508 21730 609 21764 579 7952 1 0 0 0 0 0 0 0 0 1 1 R 0
675 14527 18226 762 18282 708 4156 1 0 0 0 0 0 0 0 0 1 1 R 0
676 14546 18436 730 18509 661 3474 1 0 0 0 0 0 0 0 0 2 1 R 0
677 14565 17786 683 17825 648 3568 1 0 0 0 0 0 0 0 0 2 1 R 0
678 14585 20211 882 20258 834 4601 1 0 0 0 0 0 0 0 0 1 1 R 0
679 14606 19403 591 19423 568 4350 1 0 0 0 0 0 0 0 0 2 1 R 0
680 14625 19194 663 19229 620 4305 1 0 0 0 0 0 0 0 0 1 1 R 0
681 14644 17667 728 17734 660 3617 1 0 0 0 0 0 0 0 0 1 1 R 0
682 14662 17195 515 17229 485 3131 1 0 0 0 0 0 0 0 0 1 1 R 0
683 14684 21741 920 20164 1052 8829 1 0 1 0 0 0 0 0 0 3 1 R 0
684 14705 20074 577 19922 550 4802 1 0 0 0 0 0 0 0 0 1 1 R 0
685 14725 19874 591 19905 558 4360 1 0 0 0 0 0 0 0 0 1 1 R 0
686 14744 17596 746 17656 683 3536 1 0 0 0 0 0 0 0 0 2 1 R 0
687 14763 19098 775 19172 703 2980 1 0 0 0 0 0 0 0 0 1 1 R 0
688 14782 17940 781 18009 716 3243 1 0 0 0 0 0 0 0 0 2 1 R 0
689 14807 23642 604 23675 572 8144 1 0 0 0 0 0 0 0 0 1 1 R 0
690 14826 19078 594 19109 561 4331 1 0 0 0 0 0 0 0 0 1 1 R 0
691 14845 18324 922 18373 889 3987 1 0 0 0 0 0 0 0 0 2 1 R 0
692 14867 20600 996 20127 930 3615 1 0 1 0 0 0 0 0 0 2 1 R 0
693 14887 19169 726 18272 693 3304 1 0 1 0 0 0 0 0 0 1 1 R 0
694 14906 18704 813 18763 753 3980 1 0 0 0 0 0 0 0 0 2 1 R 0
695 14927 19805 598 19827 558 4303 1 0 0 0 0 0 0 0 0 1 1 R 0
696 14948 20100 566 20133 535 4255 1 0 0 0 0 0 0 0 0 2 1 R 0
697 14965 17227 679 17280 645 3526 1 0 0 0 0 0 0 0 0 2 1 R 0
698 14986 19684 838 19719 811 4530 1 0 0 0 0 0 0 0 0 1 1 R 0
699 15005 17874 712 17904 671 3515 1 0 0 0 0 0 0 0 0 1 1 R 0
700 15025 19845 585 19866 561 4274 1 0 0 0 0 0 0 0 0 1 1 R 0
701 15045 19425 690 19472 644 3987 1 0 0 0 0 0 0 0 0 2 1 R 0
702 15064 18333 733 18378 685 4299 1 0 0 0 0 0 0 0 0 2 1 R 0
703 15086 20845 592 19499 560 5743 1 0 1 0 0 0 0 0 0 1 1 R 0
704 15109 22443 676 22501 626 7390 1 0 0 0 0 0 0 0 0 1 1 R 0
705 15128 18880 893 18947 818 3796 1 0 0 0 0 0 0 0 0 1 1 R 0
706 15147 18232 740 18333 656 4020 1 0 0 0 0 0 0 0 0 2 1 R 0
707 15167 18609 1956 18660 1941 4183 1 0 0 0 0 1 0 0 0 2 1 R 0
708 15187 18695 844 18697 791 3708 1 0 0 0 0 0 0 0 0 1 1 R 0
709 15208 19947 591 19979 559 3869 1 0 0 0 0 0 0 0 0 1 1 R 0
710 15228 18968 593 19000 563 3853 1 0 0 0 0 0 0 0 0 1 1 R 0
711 15249 20404 705 20435 674 3725 1 0 0 0 0 0 0 0 0 2 1 R 0
712 15267 17840 839 17895 797 3665 1 0 0 0 0 0 0 0 0 1 1 R 0
713 15288 19649 788 18727 728 3166 1 0 1 0 0 0 0 0 0 2 1 R 0
714 15310 21063 592 20471 562 4157 1 0 1 0 0 0 0 0 0 2 1 R 0
715 15329 18892 879 18948 829 3848 1 0 0 0 0 0 0 0 0 1 1 R 0
716 15349 19415 571 19435 543 3519 1 0 0 0 0 0 0 0 0 1 1 R 0
717 15368 17656 954 17688 950 3001 1 0 0 0 0 0 0 0 0 2 1 R 0
718 15386 17522 620 17528 588 3073 1 0 0 0 0 0 0 0 0 1 1 R 0
719 15413 26539 638 26582 591 11228 1 0 0 0 0 0 0 0 0 2 1 R 0
720 15432 18349 618 18376 590 3995 1 0 0 0 0 0 0 0 0 1 1 R 0
721 15452 18787 606 18827 566 3429 1 0 0 0 0 0 0 0 0 2 1 R 0
722 15469 16858 798 16946 723 3205 1 0 0 0 0 0 0 0 0 0 1 R 0
723 15492 22198 790 20906 754 3764 1 0 1 0 0 0 0 0 0 3 1 R 0
724 15513 19854 620 19888 578 3424 1 0 0 0 0 0 0 0 0 1 1 R 0
725 15533 19905 595 19946 555 4045 1 0 0 0 0 0 0 0 0 1 1 R 0
726 15553 19157 595 19184 569 3569 1 0 0 0 0 0 0 0 0 1 1 R 0
727 15572 18419 686 18461 649 3012 1 0 0 0 0 0 0 0 0 2 1 R 0
728 15590 17315 1515 17365 1484 3076 1 0 0 0 0 0 0 0 0 1 1 R 0
729 15611 19634 647 19653 607 3308 1 0 0 0 0 0 0 0 0 1 1 R 0
730 15631 19524 564 19550 535 4299 1 0 0 0 0 0 0 0 0 2 1 R 0
731 15651 19181 825 19222 816 4048 1 0 0 0 0 0 0 0 0 1 1 R 0
732 15669 17407 740 17417 702 3159 1 0 0 0 0 0 0 0 0 1 1 R 0
733 15690 20252 1547 19406 785 5476 1 0 1 0 0 0 0 0 0 2 1 R 0
734 15714 21979 613 22014 563 6016 1 0 0 0 0 0 0 0 0 1 1 R 0
735 15733 18715 622 18755 583 4122 1 0 0 0 0 0 0 0 0 1 1 R 0
736 15754 20610 657 20656 621 3785 1 0 0 0 0 0 0 0 0 2 1 R 0
737 15774 19193 580 19214 553 3061 1 0 0 0 0 0 0 0 0 2 1 R 0
738 15793 18168 696 18228 642 3337 1 0 0 0 0 0 0 0 0 1 1 R 0
739 15812 17968 669 18020 614 3022 1 0 0 0 0 0 0 0 0 2 1 R 0
740 15834 21502 662 21137 559 3573 1 0 1 0 0 1 0 0 0 1 1 R 0
741 15854 19009 652 19085 582 3826 1 0 0 0 0 0 0 0 0 1 1 R 0
742 15873 18272 668 18312 627 3056 1 0 0 0 0 0 0 0 0 1 1 R 0
743 15892 19232 689 18335 630 3054 1 0 1 0 0 0 0 0 0 2 1 R 0
744 15914 20493 697 20526 665 6330 1 0 0 0 0 0 0 0 0 2 1 R 0
745 15934 19815 568 19832 539 3496 1 0 0 0 0 0 0 0 0 1 1 R 0
746 15954 19732 573 19764 540 3787 1 0 0 0 0 0 0 0 0 1 1 R 0
747 15973 17867 852 17904 823 3102 1 0 0 0 0 0 0 0 0 2 1 R 0
748 15992 18171 654 18210 618 3134 1 0 0 0 0 0 0 0 0 2 1 R 0
749 16015 22710 596 22737 566 9352 1 0 0 0 0 0 0 0 0 1 1 R 0
750 16035 19489 684 19533 649 3738 1 0 0 0 0 0 0 0 0 1 1 R 0
751 16055 19255 583 19279 546 4255 1 0 0 0 0 0 0 0 0 1 1 R 0
752 16075 19541 807 19611 748 3840 1 0 0 0 0 0 0 0 0 2 1 R 0
753 16097 20342 937 19387 661 3535 1 0 1 0 0 0 0 0 0 1 1 R 0
754 16115 17295 709 17357 638 3692 1 0 0 0 0 0 0 0 0 2 1 R 0
755 16136 20638 899 20760 791 5086 1 0 0 0 0 0 0 0 0 1 1 R 0
756 16156 18683 589 18702 556 4390 1 0 0 0 0 0 0 0 0 1 1 R 0
757 16177 20401 590 20434 554 4148 1 0 0 0 0 0 0 0 0 2 1 R 0
758 16195 17573 754 17626 711 3747 1 0 0 0 0 0 0 0 0 1 1 R 0
759 16214 18199 750 18249 703 4236 1 0 0 0 0 0 0 0 0 2 1 R 0
760 16235 20187 880 20214 864 5329 1 0 0 0 0 0 0 0 0 1 1 R 0
761 16257 21354 630 21379 587 4394 1 0 0 0 0 0 0 0 0 3 1 R 0
762 16276 18871 616 18931 554 4243 1 0 0 0 0 0 0 0 0 1 1 R 0
763 16297 20268 854 19054 797 3554 1 0 1 0 0 0 0 0 0 1 1 R 0
764 16319 20666 720 20717 674 6719 1 0 0 0 0 0 0 0 0 2 1 R 0
765 16340 20248 881 20270 861 3805 1 0 0 0 0 0 0 0 0 2 1 R 0
766 16359 18394 625 18426 587 3829 1 0 0 0 0 0 0 0 0 1 1 R 0
767 16379 18897 709 18935 673 3830 1 0 0 0 0 0 0 0 0 1 1 R 0
768 16397 17397 710 17442 682 3155 1 0 0 0 0 0 0 0 0 2 1 R 0
769 16415 17196 550 17221 505 3656 1 0 0 0 0 0 0 0 0 1 1 R 0
770 16446 31132 593 18850 561 19886 1 2 0 0 0 0 0 0 0 3 1 R 0
771 16465 18538 590 18575 552 4335 1 0 0 0 0 0 0 0 0 1 1 R 0
772 16487 20683 715 19709 666 3848 1 0 1 0 0 0 0 0 0 2 1 R 0
773 16508 20071 776 20129 722 4318 1 0 0 0 0 0 0 0 0 0 1 R 0
774 16526 17413 827 17460 775 3558 1 0 0 0 0 0 0 0 0 2 1 R 0
775 16547 20846 584 20878 553 4593 1 0 0 0 0 0 0 0 0 1 1 R 0
776 16567 19303 587 19334 555 4372 1 0 0 0 0 0 0 0 0 2 1 R 0
777 16586 18237 728 18291 685 3758 1 0 0 0 0 0 0 0 0 2 1 R 0
778 16606 18727 960 18829 861 3506 1 0 0 0 0 0 0 0 0 1 1 R 0
779 16629 22463 606 22483 571 8694 1 0 0 0 0 0 0 0 0 1 1 R 0
780 16648 18694 777 18779 702 3341 1 0 0 0 0 0 0 0 0 2 1 R 0
781 16669 19606 597 19627 568 4018 1 0 0 0 0 0 0 0 0 0 1 R 0
782 16690 20668 1543 19483 1472 3373 1 0 1 0 0 0 0 0 0 2 1 R 0
783 16708 16786 538 16821 498 3061 1 0 0 0 0 0 0 0 0 1 1 R 0
784 16740 31343 983 18792 955 19896 1 2 0 0 0 0 0 0 0 2 1 R 0
785 16759 18096 588 18118 559 3736 1 0 0 0 0 0 0 0 0 1 1 R 0
786 16781 21380 604 21402 579 3790 1 0 0 0 0 0 0 0 0 2 1 R 0
787 16799 17561 687 17609 643 3367 1 0 0 0 0 0 0 0 0 2 1 R 0
788 16818 17717 924 17760 891 3054 1 0 0 0 0 0 0 0 0 1 1 R 0
789 16838 19578 1332 19685 1223 3641 1 0 0 0 0 0 0 0 0 2 1 R 0
790 16859 19542 631 19565 597 3881 1 0 0 0 0 0 0 0 0 1 1 R 0
791 16881 20997 773 20414 874 3903 1 0 1 0 1 0 0 0 0 1 1 R 0
792 16900 18651 1664 17521 1629 3259 1 0 0 0 0 0 0 0 0 2 1 R 0
793 16919 17603 775 17634 729 3111 1 0 0 0 0 0 0 0 0 1 1 R 0
794 16943 22889 749 22943 695 6255 1 0 0 0 0 0 0 0 0 1 1 R 0
795 16963 19282 887 19316 847 3798 1 0 0 0 0 0 0 0 0 2 1 R 0
796 16984 19825 591 19864 556 4034 1 0 0 0 0 0 0 0 0 1 1 R 0
797 17002 17697 719 17762 661 3067 1 0 0 0 0 0 0 0 0 1 1 R 0
798 17024 20620 826 20722 729 6582 1 0 0 0 0 0 0 0 0 2 1 R 0
799 17057 32976 438 24648 413 5744 1 0 4 0 1 0 0 0 0 1 1 S 2
800 17100 41922 672 19048 634 26834 1 1 2 0 0 0 0 0 0 1 1 R 0
801 17117 16641 836 16716 770 3054 1 0 0 0 0 0 0 0 0 3 1 R 0
802 17137 19026 874 19087 817 4708 1 0 0 0 0 0 0 0 0 2 1 R 0
803 17160 21986 584 22007 553 6864 1 0 0 0 0 0 0 0 0 1 1 R 0
804 17179 18694 601 18726 565 3786 1 0 0 0 0 0 0 0 0 1 1 R 0
805 17198 18693 990 18786 906 3971 1 0 0 0 0 0 0 0 0 1 1 R 0
806 17217 17217 746 17246 710 3268 1 0 0 0 0 0 0 0 0 1 1 R 0
807 17238 21171 719 21215 682 6531 1 0 0 0 0 0 0 0 0 3 1 R 0
808 17259 19802 577 19826 546 3779 1 0 0 0 0 0 0 0 0 1 1 R 0
809 17283 23746 2438 23790 977 8280 1 0 0 0 1 1 0 0 0 1 1 R 0
810 17305 19057 852 19103 794 3578 1 0 0 0 0 0 0 0 0 2 1 R 0
811 17324 17955 748 18053 645 3467 1 0 0 0 0 0 0 0 0 1 1 R 0
812 17343 18414 683 18442 644 3387 1 0 0 0 0 0 0 0 0 2 1 R 0
813 17363 19472 670 19516 628 3569 1 0 0 0 0 0 0 0 0 2 1 R 0
814 17384 20433 592 20460 564 4167 1 0 0 0 0 0 0 0 0 1 1 R 0
815 17406 21772 602 21807 562 4329 1 0 0 0 0 0 0 0 0 1 1 R 0
816 17425 17540 656 17581 620 3656 1 0 0 0 0 0 0 0 0 2 1 R 0
817 17447 22067 803 22135 744 6987 1 0 0 0 0 0 0 0 0 2 1 R 0
818 17468 19919 731 19942 705 4873 1 0 0 0 0 0 0 0 0 1 1 R 0
819 17490 21332 988 20196 965 3881 1 0 1 0 0 0 0 0 0 1 1 R 0
820 17510 19063 1348 19106 1303 3223 1 0 0 0 0 0 0 0 0 2 1 R 0
821 17529 17299 796 17342 747 2981 1 0 0 0 0 0 0 0 0 1 1 R 0
822 17549 19959 720 20006 681 3825 1 0 0 0 0 0 0 0 0 2 1 R 0
823 17569 19284 597 19309 562 3786 1 0 0 0 0 0 0 0 0 1 1 R 0
824 17594 23871 589 23905 556 7519 1 0 0 0 0 0 0 0 0 1 1 R 0
825 17613 18150 682 18195 638 3009 1 0 0 0 0 0 0 0 0 2 1 R 0
826 17631 18127 756 18197 685 3207 1 0 0 0 0 0 0 0 0 1 1 R 0
827 17650 17659 1403 17706 1370 3650 1 0 0 0 0 0 0 0 0 2 1 R 0
828 17673 21978 598 21604 562 3874 1 0 1 0 0 0 0 0 0 1 1 R 0
829 17695 21152 593 20060 557 3842 1 0 1 0 0 0 0 0 0 2 1 R 0
830 17713 17546 736 17612 666 3599 1 0 0 0 0 0 0 0 0 1 1 R 0
831 17734 20299 638 20363 580 3842 1 0 0 0 0 0 0 0 0 2 1 R 0
832 17752 17636 753 17715 677 3159 1 0 0 0 0 0 0 0 0 1 1 R 0
833 17775 21508 581 21537 548 5677 1 0 0 0 0 1 0 0 0 2 1 R 0
834 17795 19785 593 19821 556 4288 1 0 0 0 0 0 0 0 0 1 1 R 0
835 17814 18264 767 18353 696 4058 1 0 0 0 0 0 0 0 0 2 1 R 0
836 17835 19992 1355 19556 1304 6099 1 0 1 0 0 0 0 0 0 2 1 R 0
837 17855 18953 716 18996 663 4774 1 0 0 0 0 0 0 0 0 1 1 R 0
838 17877 21330 587 21354 553 4894 1 0 0 0 0 0 0 0 0 2 1 R 0
839 17901 23456 830 22151 801 10357 1 0 1 0 0 0 0 0 0 1 1 R 0
840 17921 19335 767 19382 716 3120 1 0 0 0 0 0 0 0 0 2 1 R 0
841 17939 17206 728 17245 683 3047 1 0 0 0 0 0 0 0 0 1 1 R 0
842 17958 17783 853 17856 785 3359 1 0 0 0 0 0 0 0 0 1 1 R 0
843 17981 22649 557 22665 525 5827 1 0 0 0 0 0 0 0 0 2 1 R 0
844 18001 19515 673 19548 646 3996 1 0 0 0 0 0 0 0 0 1 1 R 0
845 18020 17663 1425 17762 1333 3232 1 0 0 0 0 0 0 0 0 2 1 R 0
846 18040 19161 1427 19198 1389 5034 1 0 0 0 0 0 0 0 0 1 1 R 0
847 18060 18037 1329 18101 1268 3857 1 0 0 0 0 0 0 0 0 2 1 R 0
848 18082 20508 659 20531 632 4394 1 0 0 0 0 0 0 0 0 1 1 R 0
849 18103 21163 814 19829 721 3961 1 0 1 0 0 0 0 0 0 2 1 R 0
850 18123 18679 842 18734 867 3334 1 0 0 0 0 0 0 0 0 2 1 R 0
851 18141 17734 681 17725 617 3014 1 0 0 0 0 0 0 0 0 1 1 R 0
852 18160 17506 645 17565 585 3804 1 0 0 0 0 0 0 0 0 2 1 R 0
853 18184 23851 602 23880 578 6287 1 0 0 0 0 0 0 0 0 2 1 R 0
854 18209 24347 636 24379 600 8454 1 0 0 0 0 0 0 0 0 1 1 R 0
855 18230 20405 2110 20086 2140 3229 1 0 1 0 0 0 0 0 0 2 1 R 0
856 18251 19148 838 19111 814 3231 1 0 0 0 0 0 0 0 0 1 1 R 0
857 18273 20478 703 20521 654 3047 1 0 0 0 0 0 0 0 0 1 1 R 0
858 18297 23398 591 22263 567 3781 1 0 2 0 0 0 0 0 0 2 1 R 0
859 18318 20671 1040 20726 996 4966 1 0 0 0 0 0 0 0 0 1 1 R 0
860 18340 20756 1155 20872 1034 3782 1 0 0 0 0 0 0 0 0 2 1 R 0
861 18358 17019 725 17075 660 3253 1 0 0 0 0 0 0 0 0 2 1 R 0
862 18377 18523 631 18565 605 3213 1 0 0 0 0 0 0 0 0 1 1 R 0
863 18400 21751 595 21766 563 7130 1 0 0 0 0 0 0 0 0 2 1 R 0
864 18421 20618 672 20651 634 3675 1 0 0 0 0 0 0 0 0 1 1 R 0
865 18440 18485 1085 18588 1020 3329 1 0 0 0 0 0 0 0 0 2 1 R 0
866 18458 16816 682 16821 645 3307 1 0 0 0 0 0 0 0 0 0 1 R 0
867 18480 20917 681 20960 652 5919 1 0 0 0 0 0 0 0 0 3 1 R 0
868 18502 22222 584 20981 550 4825 1 0 1 0 0 0 0 0 0 1 1 R 0
869 18526 23080 589 23115 551 7451 1 0 0 0 0 0 0 0 0 2 1 R 0
870 18545 18717 732 18788 675 4045 1 0 0 0 0 0 0 0 0 2 1 R 0
871 18564 17930 724 17993 663 3684 1 0 0 0 0 0 0 0 0 0 1 R 0
872 18586 20681 577 20698 548 4392 1 0 0 0 0 0 0 0 0 3 1 R 0
873 18606 19527 586 19563 550 4273 1 0 0 0 0 0 0 0 0 1 1 R 0
874 18625 19036 584 19069 550 4042 1 0 0 0 0 0 0 0 0 1 1 R 0
875 18645 18963 935 19067 851 3548 1 0 0 0 0 0 0 0 0 1 1 R 0
876 18662 16707 623 16738 574 3513 1 0 0 0 0 0 0 0 0 2 1 R 0
877 18685 22297 572 22326 542 7122 1 0 0 0 0 0 0 0 0 1 1 R 0
878 18706 20456 595 19148 559 4338 1 0 1 0 0 0 0 0 0 1 1 R 0
879 18727 19929 587 19964 555 4249 1 0 0 0 0 0 0 0 0 2 1 R 0
880 18746 18240 922 18350 804 3550 1 0 0 0 0 0 0 0 0 1 1 R 0
881 18765 17943 750 18003 712 3652 1 0 0 0 0 0 0 0 0 2 1 R 0
882 18784 19034 1169 19082 1131 4133 1 0 0 0 0 0 0 0 0 1 1 R 0
883 18806 20087 593 20092 563 4267 1 0 0 0 0 0 0 0 0 2 1 R 0
884 18828 21610 643 21639 623 7754 1 0 0 0 0 0 0 0 0 1 1 R 0
885 18846 17772 775 17808 727 3469 1 0 0 0 0 0 0 0 0 1 1 R 0
886 18866 18444 640 18068 592 3721 1 0 1 0 0 0 0 0 0 2 1 R 0
887 18886 20309 821 20380 766 6514 1 0 0 0 0 0 0 0 0 2 1 R 0
888 18909 22009 604 21003 569 5649 1 0 1 0 0 0 0 0 0 1 1 R 0
889 18929 19594 578 19622 544 3917 1 0 0 0 0 0 0 0 0 1 1 R 0
890 18947 17068 764 17141 701 3725 1 0 0 0 0 0 0 0 0 1 1 R 0
891 18968 19919 937 19971 893 6165 1 0 0 0 0 0 0 0 0 2 1 R 0
892 18988 18760 715 18792 680 3411 1 0 0 0 0 0 0 0 0 2 1 R 0
893 19009 20273 595 20296 563 3889 1 0 0 0 0 0 0 0 0 1 1 R 0
894 19028 18478 792 18523 753 3760 1 0 0 0 0 0 0 0 0 2 1 R 0
895 19046 17649 735 17716 666 3064 1 0 0 0 0 0 0 0 0 1 1 R 0
896 19065 17877 714 17922 675 4177 1 0 0 0 0 0 0 0 0 2 1 R 0
897 19085 19938 878 20012 815 4707 1 0 0 0 0 0 0 0 0 2 1 R 0
898 19107 21089 717 19436 658 4442 1 0 1 0 0 0 0 0 0 1 1 R 0
899 19130 21580 603 21611 571 9031 1 0 0 0 0 0 0 0 0 1 1 R 0
900 19147 16967 851 17043 785 3252 1 0 0 0 0 0 0 0 0 2 1 R 0
901 19166 17735 546 17772 507 4450 1 0 0 0 0 0 0 0 0 1 1 R 0
902 19197 30328 591 18230 562 19641 1 2 0 0 0 0 0 0 0 2 1 R 0
903 19216 18875 583 18904 551 4362 1 0 0 0 0 0 0 0 0 1 1 R 0
904 19236 18880 722 18927 686 4403 1 0 0 0 0 0 0 0 0 2 1 R 0
905 19255 18569 736 18650 664 3669 1 0 0 0 0 0 0 0 0 1 1 R 0
906 19274 18180 671 18213 619 3612 1 0 0 0 0 0 0 0 0 2 1 R 0
907 19293 18742 829 18820 760 3143 1 0 0 0 0 0 0 0 0 2 1 R 0
908 19316 21697 588 20651 561 5882 1 0 1 0 0 0 0 0 0 1 1 R 0
909 19335 19052 582 19080 551 4452 1 0 0 0 0 0 0 0 0 1 1 R 0
910 19354 17688 775 17747 727 3562 1 0 0 0 0 0 0 0 0 1 1 R 0
911 19372 17474 512 17492 485 3291 1 0 0 0 0 0 0 0 0 2 1 R 0
912 19392 19814 1821 19867 1780 5954 1 0 0 0 0 1 0 0 0 2 1 R 0
913 19415 20873 569 20885 542 5724 1 0 0 0 0 0 0 0 0 1 1 R 0
914 19438 22565 622 22600 589 8272 1 0 0 0 0 0 0 0 0 2 1 R 0
915 19459 20602 732 19797 684 3366 1 0 1 0 0 0 0 0 0 1 1 R 0
916 19477 17028 626 17070 595 3118 1 0 0 0 0 0 0 0 0 2 1 R 0
917 19499 21573 3235 21606 1321 7077 1 0 0 0 1 0 0 0 0 2 1 R 0
918 19521 18960 554 18963 529 3722 1 0 0 0 0 0 0 0 0 1 1 R 0
919 19542 19782 557 19814 525 3849 1 0 0 0 0 0 0 0 0 1 1 R 0
920 19560 17265 738 17321 692 3243 1 0 0 0 0 0 0 0 0 1 1 R 0
921 19578 17727 524 17750 497 3269 1 0 0 0 0 0 0 0 0 2 1 R 0
922 19609 30419 645 19040 590 18891 1 1 0 0 0 0 0 0 0 2 1 R 0
923 19628 18821 576 18856 542 3847 1 0 0 0 0 0 0 0 0 1 1 R 0
924 19649 19996 703 20036 666 3763 1 0 0 0 0 0 0 0 0 2 1 R 0
925 19668 18001 1045 18062 993 3026 1 0 0 0 0 0 0 0 0 1 1 R 0
926 19687 18139 681 18179 634 3089 1 0 0 0 0 1 0 0 0 1 1 R 0
927 19708 20352 712 19359 679 4535 1 0 1 0 0 0 0 0 0 2 1 R 0
928 19729 20591 572 20609 537 3755 1 0 0 0 0 0 0 0 0 1 1 R 0
929 19752 22208 734 22241 704 7109 1 0 0 0 0 0 0 0 0 2 1 R 0
930 19772 19297 843 19390 759 3101 1 0 0 0 0 0 0 0 0 1 1 R 0
931 19790 17056 1511 17097 1479 3114 1 0 0 0 0 0 0 0 0 2 1 R 0
932 19810 18831 1501 18878 1467 3597 1 0 0 0 0 0 0 0 0 1 1 R 0
933 19833 21339 623 20881 588 3840 1 0 1 0 0 0 0 0 0 1 1 R 0
934 19853 19486 564 19514 533 3761 1 0 0 0 0 0 0 0 0 1 1 R 0
935 19872 17739 748 17818 689 3086 1 0 0 0 0 0 0 0 0 2 1 R 0
936 19893 20286 699 20325 648 4808 1 0 0 0 0 0 0 0 0 2 1 R 0
937 19914 20941 649 19748 624 3023 1 0 1 0 0 0 0 0 0 2 1 R 0
938 19934 19115 583 19136 552 4471 1 0 0 0 0 0 0 0 0 1 1 R 0
939 19955 20141 895 20212 847 3807 1 0 0 0 0 0 0 0 0 1 1 R 0
940 19975 19096 941 19170 855 3538 1 0 0 0 0 0 0 0 0 2 1 R 0
941 19994 17981 713 18048 640 3439 1 0 0 0 0 0 0 0 0 2 1 R 0
942 20013 19097 757 19174 684 3323 1 0 0 0 0 0 0 0 0 1 1 R 0
943 20035 21249 585 21271 555 4129 1 0 0 0 0 0 0 0 0 1 1 R 0
944 20058 21559 789 21590 764 7580 1 0 0 0 0 0 0 0 0 1 1 R 0
945 20076 17926 753 17998 687 3441 1 0 0 0 0 0 0 0 0 2 1 R 0
946 20095 17930 578 17953 553 3462 1 0 0 0 0 0 0 0 0 2 1 R 0
947 20118 22375 945 20867 921 8731 1 0 1 0 0 0 0 0 0 2 1 R 0
948 20139 20273 593 20297 542 4428 1 0 0 0 0 0 0 0 0 1 1 R 0
949 20159 18806 585 18837 557 3798 1 0 0 0 0 0 0 0 0 1 1 R 0
950 20176 16988 602 17024 574 3200 1 0 0 0 0 0 0 0 0 1 1 R 0
951 20197 20532 755 20583 706 6887 1 0 0 0 0 0 0 0 0 2 1 R 0
952 20218 19831 984 19896 943 4557 1 0 0 0 0 0 0 0 0 2 1 R 0
953 20238 19088 580 19085 548 3814 1 0 0 0 0 0 0 0 0 1 1 R 0
954 20257 18402 955 18507 865 4118 1 0 0 0 0 0 0 0 0 1 1 R 0
955 20276 18074 990 18104 952 3495 1 0 0 0 0 0 0 0 0 2 1 R 0
956 20295 18580 722 18629 666 4005 1 0 0 0 0 0 0 0 0 2 1 R 0
957 20316 19849 704 18911 672 3589 1 0 1 0 0 0 0 0 0 1 1 R 0
958 20336 19593 577 19608 546 4153 1 0 0 0 0 0 0 0 0 2 1 R 0
959 20359 22210 589 22246 555 8319 1 0 0 0 0 0 0 0 0 1 1 R 0
960 20379 18924 726 19002 660 3067 1 0 0 0 0 0 0 0 0 1 1 R 0
961 20398 18254 540 18281 504 3386 1 0 0 0 0 0 0 0 0 2 1 R 0
962 20418 20006 1420 20110 1336 6937 1 0 0 0 0 0 0 0 0 2 1 R 0
963 20441 21619 552 21620 527 4763 1 0 0 0 0 0 0 0 0 2 1 R 0
964 20460 18385 1002 18418 976 4010 1 0 0 0 0 0 0 0 0 1 1 R 0
965 20478 16966 983 17043 900 3234 1 0 0 0 0 0 0 0 0 1 1 R 0
966 20499 19509 737 19597 666 4990 1 0 0 0 0 0 0 0 0 2 1 R 0
967 20520 20525 1445 19606 1357 3090 1 0 1 0 0 0 0 0 0 2 1 R 0
968 20540 18602 986 18624 965 3775 1 0 0 0 0 0 0 0 0 1 1 R 0
969 20560 19415 937 19438 914 3669 1 0 0 0 0 0 0 0 0 1 1 R 0
970 20580 18315 588 18337 552 3880 1 0 0 0 0 0 0 0 0 1 1 R 0
971 20600 19465 584 19501 557 4043 1 0 0 0 0 0 0 0 0 1 1 R 0
972 20618 17890 954 17938 932 3441 1 0 0 0 0 0 0 0 0 1 1 R 0
973 20639 20231 807 20294 719 3967 1 0 0 0 0 0 0 0 0 2 1 R 0
974 20662 22100 660 22140 626 7980 1 0 0 0 0 0 0 0 0 1 1 R 0
975 20681 18593 549 18603 525 3713 1 0 0 0 0 0 0 0 0 1 1 R 0
976 20699 16678 564 16711 540 3297 1 0 0 0 0 0 0 0 0 1 1 R 0
977 20723 23573 715 22005 647 7939 1 0 1 0 0 0 0 0 0 3 1 R 0
978 20744 20076 608 20146 539 4150 1 0 0 0 0 0 0 0 0 1 1 R 0
979 20764 19879 621 19907 592 3884 1 0 0 0 0 0 0 0 0 1 1 R 0
980 20784 18953 706 19034 635 3877 1 0 0 0 0 0 0 0 0 2 1 R 0
981 20803 18207 676 18251 620 3007 1 0 0 0 0 0 0 0 0 2 1 R 0
982 20821 18128 789 18195 734 3196 1 0 0 0 0 0 0 0 0 1 1 R 0
983 20844 21548 581 21569 552 4664 1 0 0 0 0 0 0 0 0 2 1 R 0
984 20864 19696 680 19186 662 3791 1 0 1 0 0 0 0 0 0 1 1 R 0
985 20884 19775 817 19837 755 4535 1 0 0 0 0 0 0 0 0 1 1 R 0
986 20904 18727 1091 18794 1047 3235 1 0 0 0 0 0 0 0 0 2 1 R 0
987 20924 19016 851 17608 810 4955 1 0 1 0 0 0 0 0 0 1 1 R 0
988 20946 20962 589 20988 557 5523 1 0 0 0 0 0 0 0 0 2 1 R 0
989 20968 21600 719 21630 694 8660 1 0 0 0 0 0 0 0 0 1 1 R 0
990 20987 18026 722 18087 665 3748 1 0 0 0 0 0 0 0 0 1 1 R 0
991 21007 19052 711 19089 673 4740 1 0 0 0 0 0 0 0 0 2 1 R 0
992 21026 18219 678 18278 615 4071 1 0 0 0 0 0 0 0 0 2 1 R 0
993 21047 21013 574 21039 550 5257 1 0 0 0 0 0 0 0 0 1 1 R 0
994 21067 18709 789 18763 745 4407 1 0 0 0 0 0 0 0 0 1 1 R 0
995 21088 20893 587 20910 554 3791 1 0 0 0 0 0 0 0 0 2 1 R 0
996 21107 18268 803 18335 740 3408 1 0 0 0 0 0 0 0 0 2 1 R 0
997 21126 18396 558 17464 513 4690 1 0 1 0 0 0 0 0 0 1 1 R 0
998 21149 22256 798 22343 716 8717 1 0 0 0 0 0 0 0 0 2 1 R 0
999 21170 19890 1268 19965 1198 3859 1 0 0 0 0 0 0 0 0 1 1 R 0
1000 21190 18431 764 18514 676 3808 1 0 0 0 0 0 0 0 0 1 1 R 0
1001 21207 17168 705 17199 683 3480 1 0 0 0 0 0 0 0 0 1 1 R 0
1002 21228 20095 850 20126 805 6229 1 0 0 0 0 0 0 0 0 2 1 R 0
1003 21249 19612 581 19640 553 4001 1 0 0 0 0 0 0 0 0 2 1 R 0
1004 21273 24144 593 24174 562 7615 1 0 0 0 0 0 0 0 0 1 1 R 0
1005 21294 19700 668 19733 646 3735 1 0 0 0 0 0 0 0 0 1 1 R 0
1006 21315 20313 585 19138 552 3411 1 0 1 0 0 0 0 0 0 1 1 R 0
1007 21333 17546 939 17591 914 3211 1 0 0 0 0 0 0 0 0 2 1 R 0
1008 21354 20499 698 20546 637 3618 1 0 0 0 0 0 0 0 0 2 1 R 0
1009 21374 19108 759 19132 733 4245 1 0 0 0 0 0 0 0 0 1 1 R 0
1010 21395 19863 574 19892 542 3590 1 0 0 0 0 0 0 0 0 1 1 R 0
1011 21415 19986 575 20013 549 4091 1 0 0 0 0 0 0 0 0 2 1 R 0
1012 21435 19324 591 19378 533 3855 1 0 0 0 0 0 0 0 0 2 1 R 0
1013 21455 19322 593 19357 558 4261 1 0 0 0 0 0 0 0 0 1 1 R 0
1014 21475 19405 1217 19441 1192 4291 1 0 0 0 0 1 0 0 0 1 1 R 0
1015 21496 19875 669 19918 617 4211 1 0 0 0 0 0 0 0 0 1 1 R 0
1016 21518 20843 915 19975 848 4312 1 0 1 0 0 0 0 0 0 2 1 R 0
1017 21536 17744 681 17784 657 3583 1 0 0 0 0 0 0 0 0 2 1 R 0
1018 21558 20469 587 20482 557 4644 1 0 0 0 0 0 0 0 0 1 1 R 0
1019 21581 23406 567 23429 540 8375 1 0 0 0 0 1 0 0 0 1 1 R 0
1020 21600 18221 1503 18308 1462 4034 1 0 0 0 0 0 0 0 0 1 1 R 0
1021 21620 18157 1422 18178 1369 3550 1 0 0 0 0 0 0 0 0 2 1 R 0
1022 21638 16341 538 16373 495 3221 1 0 0 0 0 0 0 0 0 0 1 R 0
1023 21666 28112 592 19321 557 17029 1 2 0 0 0 0 0 0 0 2 1 R 0
1024 21686 19005 582 19033 556 4302 1 0 0 0 0 0 0 0 0 2 1 R 0
1025 21707 20775 557 20800 526 4222 1 0 0 0 0 0 0 0 0 2 1 R 0
1026 21727 18969 698 18029 639 3616 1 0 1 0 0 0 0 0 0 1 1 R 0
1027 21746 18006 756 18063 704 3753 1 0 0 0 0 0 0 0 0 2 1 R 0
1028 21767 20672 583 20702 553 5278 1 0 0 0 0 0 0 0 0 1 1 R 0
1029 21787 19821 587 19852 556 4212 1 0 0 0 0 0 0 0 0 2 1 R 0
1030 21808 19567 564 19594 535 4355 1 0 0 0 0 0 0 0 0 1 1 R 0
1031 21827 19036 746 18603 672 3487 1 0 1 0 0 0 0 0 0 1 1 R 0
1032 21846 18256 782 18293 738 3540 1 0 0 0 0 0 0 0 0 2 1 R 0
1033 21866 19232 720 19295 664 3604 1 0 0 0 0 0 0 0 0 1 1 R 0
1034 21890 23234 1100 23257 1075 8711 1 0 0 0 0 0 0 0 0 1 1 R 0
1035 21909 18000 845 18079 783 3703 1 0 0 0 0 0 0 0 0 2 1 R 0
1036 21928 18282 792 17386 715 4424 1 0 1 0 0 0 0 0 0 1 1 R 0
1037 21950 20599 1283 20170 1239 5837 1 0 1 0 0 0 0 0 0 3 1 R 0
1038 21970 19165 998 19171 981 3803 1 0 0 0 0 0 0 0 0 1 1 R 0
1039 21990 19110 1102 19129 1086 3854 1 0 0 0 0 0 0 0 0 1 1 R 0
1040 22008 17083 963 17136 908 3538 1 0 0 0 0 0 0 0 0 2 1 R 0
1041 22029 19372 805 19413 749 4404 1 0 0 0 0 0 0 0 0 1 1 R 0
1042 22048 17917 679 17963 642 3218 1 0 0 0 0 0 0 0 0 2 1 R 0
1043 22068 20079 725 20104 700 5114 1 0 0 0 0 0 0 0 0 2 1 R 0
1044 22089 19600 582 19626 549 3696 1 0 0 0 0 0 0 0 0 1 1 R 0
1045 22109 19612 583 19645 553 3226 1 0 0 0 0 0 0 0 0 1 1 R 0
1046 22129 20047 770 18967 745 3565 1 0 1 0 0 0 0 0 0 1 1 R 0
1047 22148 18072 555 18089 514 3394 1 0 0 0 0 0 0 0 0 2 1 R 0
1048 22178 28840 604 18089 572 18043 1 2 0 0 0 0 0 0 0 2 1 R 0
1049 22201 22755 550 22775 527 8106 1 0 0 0 0 0 0 0 0 1 1 R 0
1050 22219 17352 925 17451 827 3024 1 0 0 0 0 0 0 0 0 2 1 R 0
1051 22240 19921 1266 19968 1235 4831 1 0 0 0 0 0 0 0 0 1 1 R 0
1052 22258 17138 843 17203 779 3352 1 0 0 0 0 0 0 0 0 2 1 R 0
1053 22280 20857 962 20869 949 4682 1 0 0 0 0 0 0 0 0 1 1 R 0
1054 22301 19974 529 19975 511 3766 1 0 0 0 0 0 0 0 0 2 1 R 0
1055 22322 20346 563 19122 525 3799 1 0 1 0 0 0 0 0 0 1 1 R 0
1056 22339 17044 792 17087 758 3057 1 0 0 0 0 0 0 0 0 2 1 R 0
1057 22358 18087 553 18127 506 3595 1 0 0 0 0 0 0 0 0 1 1 R 0
1058 22380 21294 1458 21342 1432 5832 1 0 0 0 0 0 0 0 0 2 1 R 0
1059 22401 19551 603 19574 557 4003 1 0 0 0 0 0 0 0 0 1 1 R 0
1060 22425 23713 578 23277 541 3917 1 0 1 0 0 0 0 0 0 1 1 R 0
1061 22443 17122 814 17195 760 3690 1 0 0 0 0 0 0 0 0 2 1 R 0
1062 22464 19908 693 19939 652 5552 1 0 0 0 0 0 0 0 0 2 1 R 0
1063 22485 20086 799 20114 774 4382 1 0 0 0 0 0 0 0 0 2 1 R 0
1064 22508 22275 689 22324 642 8251 1 0 0 0 0 0 0 0 0 1 1 R 0
1065 22528 19270 722 18347 664 3685 1 0 1 0 0 0 0 0 0 1 1 R 0
1066 22546 17792 666 17835 619 3575 1 0 0 0 0 0 0 0 0 2 1 R 0
1067 22566 18772 725 18831 673 4317 1 0 0 0 0 0 0 0 0 2 1 R 0
1068 22588 21280 580 21308 551 4657 1 0 0 0 0 0 0 0 0 2 1 R 0
1069 22607 19295 592 19329 559 4292 1 0 0 0 0 0 0 0 0 1 1 R 0
1070 22627 19071 868 19208 733 4061 1 0 0 0 0 0 0 0 0 1 1 R 0
1071 22648 20050 720 20200 564 3541 1 0 0 0 0 0 0 0 0 2 1 R 0
1072 22665 16717 1033 16828 946 3713 1 0 0 0 0 0 0 0 0 2 1 R 0
1073 22688 21402 556 21415 524 5586 1 0 0 0 0 0 0 0 0 1 1 R 0
1074 22709 20150 643 19803 597 4285 1 0 1 0 0 0 0 0 0 1 1 R 0
1075 22732 22682 564 21344 526 3841 1 0 1 0 0 0 0 0 0 2 1 R 0
1076 22750 17043 713 17100 684 3244 1 0 0 0 0 0 0 0 0 1 1 R 0
1077 22769 19033 726 19065 673 3708 1 0 0 0 0 0 0 0 0 2 1 R 0
1078 22789 18829 737 18882 691 3537 1 0 0 0 0 0 0 0 0 1 1 R 0
1079 22814 24466 577 24493 545 8772 1 0 0 0 0 0 0 0 0 2 1 R 0
1080 22834 19350 727 19400 682 3561 1 0 0 0 0 0 0 0 0 1 1 R 0
1081 22856 20961 578 20989 545 4253 1 0 0 0 0 0 0 0 0 2 1 R 0
1082 22877 21121 576 20763 547 3973 1 0 1 0 0 0 0 0 0 2 1 R 0
1083 22898 20062 589 20093 558 4279 1 0 0 0 0 0 0 0 0 1 1 R 0
1084 22918 18914 598 18947 565 4445 1 0 0 0 0 0 0 0 0 1 1 R 0
1085 22938 20139 1136 19282 1076 4740 1 0 1 0 0 0 0 0 0 2 1 R 0
1086 22956 17109 574 17148 530 3395 1 0 0 0 0 0 0 0 0 0 1 R 0
1087 22978 20992 713 21040 671 6893 1 0 0 0 0 0 0 0 0 2 1 R 0
1088 22999 20006 602 20031 571 4424 1 0 0 0 0 0 0 0 0 2 1 R 0
1089 23019 19788 586 19816 553 3974 1 0 0 0 0 0 0 0 0 1 1 R 0
1090 23037 17179 817 17278 733 3438 1 0 0 0 0 0 0 0 0 1 1 R 0
1091 23058 20087 793 20119 742 5821 1 0 0 0 0 0 0 0 0 2 1 R 0
1092 23077 18344 735 18405 682 3134 1 0 0 0 0 0 0 0 0 2 1 R 0
1093 23098 20535 593 20565 559 4914 1 0 0 0 0 0 0 0 0 2 1 R 0
1094 23122 22748 567 22778 537 7397 1 0 0 0 0 0 0 0 0 1 1 R 0
1095 23142 20172 557 19067 523 3062 1 0 1 0 0 0 0 0 0 1 1 R 0
1096 23160 17264 1525 17316 1495 3056 1 0 0 0 0 0 0 0 0 2 1 R 0
1097 23180 18187 1712 18265 1638 3716 1 0 0 0 0 0 0 0 0 2 1 R 0
1098 23203 21753 582 21762 550 5708 1 0 0 0 0 0 0 0 0 1 1 R 0
1099 23223 19085 643 19118 612 3847 1 0 0 0 0 0 0 0 0 1 1 R 0
1100 23243 19323 707 19359 679 3575 1 0 0 0 0 0 0 0 0 1 1 R 0
1101 23260 16539 1549 16615 1489 3317 1 0 0 0 0 0 0 0 0 2 1 R 0
1102 23280 18254 1407 18305 1356 4242 1 0 0 0 0 0 0 0 0 2 1 R 0
1103 23300 18935 1631 19727 825 4080 1 0 0 0 0 0 0 0 0 1 1 R 0
1104 23321 18890 643 18904 622 3790 1 0 0 0 0 0 0 0 0 2 1 R 0
1105 23342 20795 709 19815 662 5666 1 0 1 0 0 0 0 0 0 1 1 R 0
1106 23361 18447 865 18494 819 3142 1 0 0 0 0 0 0 0 0 1 1 R 0
1107 23380 17518 1259 17553 1244 3097 1 0 0 0 0 0 0 0 0 2 1 R 0
1108 23402 21358 579 21355 551 3985 1 0 0 0 0 0 0 0 0 1 1 R 0
1109 23425 21862 739 21893 706 8549 1 0 0 0 0 0 0 0 0 1 1 R 0
1110 23446 19965 738 20028 690 4395 1 0 0 0 0 0 0 0 0 1 1 R 0
1111 23466 19634 683 19663 652 3994 1 0 0 0 0 0 0 0 0 2 1 R 0
1112 23485 18053 964 18091 942 3587 1 0 0 0 0 1 0 0 0 2 1 R 0
1113 23506 20467 585 20474 555 4552 1 0 0 0 0 0 0 0 0 1 1 R 0
1114 23528 21154 571 20039 538 4304 1 0 1 0 0 0 0 0 0 1 1 R 0
1115 23549 20280 559 20307 534 4267 1 0 0 0 0 0 0 0 0 2 1 R 0
1116 23567 17426 1482 17489 1426 3189 1 0 0 0 0 1 0 0 0 2 1 R 0
1117 23587 18434 744 18477 707 3198 1 0 0 0 0 0 0 0 0 2 1 R 0
1118 23608 20651 575 20671 546 5109 1 0 0 0 0 0 0 0 0 1 1 R 0
1119 23629 19860 610 19929 542 4262 1 0 0 0 0 0 0 0 0 1 1 R 0
1120 23648 18971 564 19001 530 4005 1 0 0 0 0 0 0 0 0 1 1 R 0
1121 23667 18029 709 18096 646 3564 1 0 0 0 0 0 0 0 0 2 1 R 0
1122 23686 18226 862 18285 805 3486 1 0 0 0 0 0 0 0 0 2 1 R 0
1123 23705 18329 835 18425 738 4223 1 0 0 0 0 0 0 0 0 1 1 R 0
1124 23733 26923 579 26126 545 11050 1 0 1 0 0 0 0 0 0 2 1 R 0
1125 23753 19657 565 19687 536 4027 1 0 0 0 0 0 0 0 0 2 1 R 0
1126 23770 16509 1121 16569 1074 3148 1 0 0 0 0 0 0 0 0 1 1 R 0
1127 23792 21163 699 21216 653 6169 1 0 0 0 0 0 0 0 0 2 1 R 0
1128 23813 20074 575 20087 549 4621 1 0 0 0 0 0 0 0 0 1 1 R 0
1129 23835 21376 701 20926 674 4062 1 0 1 0 0 0 0 0 0 1 1 R 0
1130 23855 19004 574 19025 542 4345 1 0 0 0 0 0 0 0 0 2 1 R 0
1131 23873 18088 671 18145 628 3200 1 0 0 0 0 0 0 0 0 1 1 R 0
1132 23892 18106 668 18149 620 3086 1 0 0 0 0 0 0 0 0 2 1 R 0
1133 23913 20607 579 20631 546 4084 1 0 0 0 0 0 0 0 0 1 1 R 0
1134 23934 20008 619 18974 597 4072 1 0 1 0 0 0 0 0 0 1 1 R 0
1135 23956 21670 653 21699 607 3507 1 0 0 0 0 0 0 0 0 2 1 R 0
1136 23975 18529 747 18599 688 3973 1 0 0 0 0 0 0 0 0 1 1 R 0
1137 23994 17944 540 17986 492 3621 1 0 0 0 0 0 0 0 0 1 1 R 0
1138 24017 22672 581 22700 555 8228 1 0 0 0 0 0 0 0 0 2 1 R 0
1139 24040 22169 1037 22200 1012 8619 1 0 0 0 0 0 0 0 0 2 1 R 0
1140 24059 18102 769 18189 681 3834 1 0 0 0 0 0 0 0 0 1 1 R 0
1141 24080 19640 723 19704 661 3628 1 0 0 0 0 0 0 0 0 2 1 R 0
1142 24098 17620 789 17658 751 3448 1 0 0 0 0 0 0 0 0 1 1 R 0
1143 24120 21001 585 21025 550 4477 1 0 0 0 0 0 0 0 0 2 1 R 0
1144 24141 21184 576 20168 543 3756 1 0 1 0 0 0 0 0 0 1 1 R 0
1145 24162 19610 655 19664 607 3854 1 0 0 0 0 0 0 0 0 2 1 R 0
1146 24179 16912 835 16976 780 3183 1 0 0 0 0 0 0 0 0 1 1 R 0
1147 24198 17424 635 17462 588 3357 1 0 0 0 0 0 0 0 0 1 1 R 0
1148 24226 27981 590 18968 559 17255 1 2 0 0 0 0 0 0 0 2 1 R 0
1149 24246 18827 561 18856 531 4246 1 0 0 0 0 0 0 0 0 1 1 R 0
1150 24266 19773 726 19860 640 4285 1 0 0 0 0 0 0 0 0 1 1 R 0
1151 24284 17007 758 17070 700 3500 1 0 0 0 0 0 0 0 0 2 1 R 0
1152 24304 19572 709 19608 672 5029 1 0 0 0 0 0 0 0 0 2 1 R 0
1153 24325 20341 583 20369 546 4652 1 0 0 0 0 0 0 0 0 1 1 R 0
1154 24349 23099 592 21677 560 9401 1 0 1 0 0 0 0 0 0 1 1 R 0
1155 24367 18206 858 18319 767 3540 1 0 0 0 0 0 0 0 0 2 1 R 0
1156 24387 18187 699 18222 660 3085 1 0 0 0 0 0 0 0 0 2 1 R 0
1157 24405 17933 568 17948 543 3719 1 0 0 0 0 0 0 0 0 1 1 R 0
1158 24428 22627 594 22651 564 8091 1 0 0 0 0 0 0 0 0 2 1 R 0
1159 24449 19572 581 19603 548 3810 1 0 0 0 0 0 0 0 0 1 1 R 0
1160 24469 19830 632 19863 595 4041 1 0 0 0 0 0 0 0 0 1 1 R 0
1161 24487 17213 554 17268 503 3462 1 0 0 0 0 0 0 0 0 1 1 R 0
1162 24507 19909 820 20001 733 6549 1 0 0 0 0 0 0 0 0 2 1 R 0
1163 24529 21272 712 21318 665 6150 1 0 0 0 0 0 0 0 0 2 1 R 0
1164 24552 22078 565 20545 534 4021 1 0 1 0 0 0 0 0 0 2 1 R 0
1165 24573 19886 626 19914 596 3835 1 0 0 0 0 0 0 0 0 2 1 R 0
1166 24590 16963 1355 17020 1313 3142 1 0 0 0 0 0 0 0 0 1 1 R 0
1167 24610 18511 1585 18556 1552 4029 1 0 0 0 0 0 0 0 0 2 1 R 0
1168 24632 20655 571 20662 540 3717 1 0 0 0 0 0 0 0 0 1 1 R 0
1169 24655 21871 677 21928 628 8528 1 0 0 0 0 0 0 0 0 1 1 R 0
1170 24674 18533 580 18553 549 4337 1 0 0 0 0 0 0 0 0 1 1 R 0
1171 24692 17027 651 17073 618 3239 1 0 0 0 0 0 0 0 0 2 1 R 0
1172 24713 20971 731 21048 648 6953 1 0 0 0 0 0 0 0 0 2 1 R 0
1173 24736 22368 591 21535 554 5410 1 0 1 0 0 0 0 0 0 1 1 R 0
1174 24756 19002 589 19037 563 4279 1 0 0 0 0 0 0 0 0 1 1 R 0
1175 24776 19355 799 19427 738 4300 1 0 0 0 0 0 0 0 0 2 1 R 0
1176 24795 18679 705 18721 653 4281 1 0 0 0 0 0 0 0 0 2 1 R 0
1177 24814 18121 675 18162 631 3708 1 0 0 0 0 0 0 0 0 1 1 R 0
1178 24835 20531 627 20568 589 4602 1 0 0 0 0 0 0 0 0 2 1 R 0
1179 24855 19262 582 19291 548 4273 1 0 0 0 0 0 0 0 0 1 1 R 0
1180 24876 20243 950 19886 894 4797 1 0 1 0 0 0 0 0 0 1 1 R 0
1181 24896 18739 692 18807 627 4076 1 0 0 0 0 0 0 0 0 2 1 R 0
1182 24914 17135 645 17175 601 3598 1 0 0 0 0 0 0 0 0 1 1 R 0
1183 24938 23879 597 22787 562 7985 1 0 1 0 0 0 0 0 0 2 1 R 0
1184 24962 23045 645 23090 602 8147 1 0 0 0 0 0 0 0 0 1 1 R 0
1185 24981 18908 643 18953 595 3809 1 0 0 0 0 0 0 0 0 2 1 R 0
1186 25000 17634 1370 17715 1323 3859 1 0 0 0 0 0 0 0 0 1 1 R 0
1187 25019 18127 707 18149 659 3362 1 0 0 0 0 0 0 0 0 2 1 R 0
1188 25039 19696 589 19721 557 3804 1 0 0 0 0 0 0 0 0 1 1 R 0
1189 25060 20126 1771 20162 1754 3859 1 0 0 0 0 0 0 0 0 2 1 R 0
1190 25080 18263 1473 18290 1440 3672 1 0 0 0 0 0 0 0 0 1 1 R 0
1191 25100 17940 674 17976 631 3794 1 0 0 0 0 0 0 0 0 1 1 R 0
1192 25118 17486 1110 17570 1044 3138 1 0 0 0 0 0 0 0 0 2 1 R 0
1193 25142 22989 662 21757 621 4263 1 0 1 0 0 0 0 0 0 2 1 R 0
1194 25161 18387 550 18405 534 3780 1 0 0 0 0 0 0 0 0 1 1 R 0
1195 25180 18081 697 18167 626 3296 1 0 0 0 0 0 0 0 0 1 1 R 0
1196 25197 16992 688 17020 653 3319 1 0 0 0 0 0 0 0 0 2 1 R 0
1197 25218 19858 1050 19932 985 6089 1 0 0 0 0 0 0 0 0 2 1 R 0
1198 25237 18244 706 18276 661 3484 1 0 0 0 0 0 0 0 0 1 1 R 0
1199 25262 24095 568 24123 539 8933 1 0 0 0 0 0 0 0 0 2 1 R 0
1200 25281 18864 701 18911 659 3500 1 0 0 0 0 0 0 0 0 1 1 R 0
1201 25300 17878 1470 17948 1408 3190 1 0 0 0 0 0 0 0 0 2 1 R 0
1202 25319 17601 778 17658 719 3161 1 0 0 0 0 0 0 0 0 1 1 R 0
1203 25342 22210 653 21144 625 3897 1 0 1 0 0 0 0 0 0 2 1 R 0
1204 25362 19186 567 19213 537 3708 1 0 0 0 0 0 0 0 0 1 1 R 0
1205 25383 21010 600 21044 563 3874 1 0 0 0 0 1 0 0 0 1 1 R 0
1206 25404 19888 598 19929 563 3820 1 0 0 0 0 0 0 0 0 1 1 R 0
1207 25424 19940 578 19967 552 3854 1 0 0 0 0 0 0 0 0 1 1 R 0
1208 25444 19291 581 19318 551 4253 1 0 0 0 0 0 0 0 0 2 1 R 0
1209 25464 19445 594 19479 561 3800 1 0 0 0 0 0 0 0 0 1 1 R 0
1210 25485 19701 845 19737 817 4548 1 0 0 0 0 0 0 0 0 2 1 R 0
1211 25503 17662 754 17725 696 3034 1 0 0 0 0 0 0 0 0 1 1 R 0
1212 25523 19492 814 19537 762 5215 1 0 0 0 0 0 0 0 0 2 1 R 0
1213 25545 20628 674 19682 623 3637 1 0 1 0 0 0 0 0 0 2 1 R 0
1214 25569 23501 601 23527 572 7904 1 0 0 0 0 0 0 0 0 1 1 R 0
1215 25588 18878 578 18909 549 3524 1 0 0 0 0 0 0 0 0 1 1 R 0
1216 25608 18950 888 19030 830 3026 1 0 0 0 0 0 0 0 0 2 1 R 0
1217 25626 17295 711 17334 669 3032 1 0 0 0 0 0 0 0 0 1 1 R 0
1218 25646 19583 703 19612 659 4485 1 0 0 0 0 0 0 0 0 2 1 R 0
1219 25667 20314 1350 20343 1328 5157 1 0 0 0 0 1 0 0 0 1 1 R 0
1220 25688 19329 593 19353 559 3812 1 0 0 0 0 0 0 0 0 1 1 R 0
1221 25707 18693 714 18763 646 2991 1 0 0 0 0 0 0 0 0 2 1 R 0
1222 25726 17985 711 18037 656 4060 1 0 0 0 0 0 0 0 0 2 1 R 0
1223 25748 21484 582 20431 552 4123 1 0 1 0 0 0 0 0 0 2 1 R 0
1224 25768 18947 791 18975 772 4045 1 0 0 0 0 0 0 0 0 1 1 R 0
1225 25790 21610 1573 21631 1557 3826 1 0 0 0 0 0 0 0 0 1 1 R 0
1226 25809 17481 722 17534 652 3144 1 0 0 0 0 0 0 0 0 2 1 R 0
1227 25829 18897 772 18534 698 3208 1 0 1 0 0 0 0 0 0 1 1 R 0
1228 25848 18101 773 18173 695 3400 1 0 0 0 0 0 0 0 0 2 1 R 0
1229 25873 24527 584 24560 553 8013 1 0 0 0 0 0 0 0 0 2 1 R 0
1230 25893 19559 740 19599 705 3853 1 0 0 0 0 0 0 0 0 1 1 R 0
1231 25912 18213 715 18246 694 3026 1 0 0 0 0 0 0 0 0 1 1 R 0
1232 25930 16866 1176 16899 1136 3178 1 0 0 0 0 0 0 0 0 2 1 R 0
1233 25955 23925 603 22576 570 6647 1 0 1 0 0 0 0 0 0 1 1 R 0
1234 25975 19092 596 19126 562 4403 1 0 0 0 0 0 0 0 0 2 1 R 0
1235 25995 19385 615 19428 581 4366 1 0 0 0 0 0 0 0 0 1 1 R 0
1236 26013 17409 973 17502 873 3037 1 0 0 0 0 0 0 0 0 1 1 R 0
1237 26033 19634 791 19717 713 5611 1 0 0 0 0 0 0 0 0 2 1 R 0
1238 26053 19390 696 19434 651 3780 1 0 0 0 0 0 0 0 0 2 1 R 0
1239 26075 20820 574 20844 547 3801 1 0 0 0 0 0 0 0 0 1 1 R 0
1240 26096 20024 582 20055 547 4238 1 0 0 0 0 0 0 0 0 1 1 R 0
1241 26115 18406 719 18481 652 3544 1 0 0 0 0 0 0 0 0 2 1 R 0
1242 26133 18181 856 18233 815 3799 1 0 0 0 0 0 0 0 0 1 1 R 0
1243 26156 21405 587 20481 552 2980 1 0 1 0 0 0 0 0 0 1 1 R 0
1244 26178 21843 601 21879 572 7932 1 0 0 0 0 0 0 0 0 1 1 R 0
1245 26198 19615 580 19643 551 3822 1 0 0 0 0 0 0 0 0 2 1 R 0
1246 26220 21128 966 21161 936 4672 1 0 0 0 0 0 0 0 0 1 1 R 0
1247 26239 18233 799 18310 742 3255 1 0 0 0 0 0 0 0 0 2 1 R 0
1248 26259 18843 794 18890 724 3546 1 0 0 0 0 0 0 0 0 1 1 R 0
1249 26278 18838 628 18867 600 3367 1 0 0 0 0 0 0 0 0 2 1 R 0
1250 26299 19470 587 19501 556 4042 1 0 0 0 0 0 0 0 0 1 1 R 0
1251 26317 17843 718 17924 650 3233 1 0 0 0 0 0 0 0 0 1 1 R 0
1252 26337 19494 703 19527 653 5112 1 0 0 0 0 0 0 0 0 2 1 R 0
1253 26357 19281 718 18425 675 5086 1 0 1 0 0 0 0 0 0 2 1 R 0
1254 26378 19731 589 19756 557 4313 1 0 0 0 0 0 0 0 0 1 1 R 0
1255 26399 20306 752 20338 734 4315 1 0 0 0 0 0 0 0 0 1 1 R 0
1256 26420 21057 993 21494 539 4742 1 0 0 0 0 0 0 0 0 2 1 R 0
1257 26444 23080 656 23123 613 4342 1 0 0 0 0 0 0 0 0 1 1 R 0
1258 26463 17883 1184 17943 1133 3119 1 0 0 0 0 0 0 0 0 2 1 R 0
1259 26487 23310 588 23334 554 7889 1 0 0 0 0 0 0 0 0 1 1 R 0
1260 26507 18938 591 18975 559 4256 1 0 0 0 0 0 0 0 0 2 1 R 0
1261 26526 18084 728 18150 667 3433 1 0 0 0 0 0 0 0 0 1 1 R 0
1262 26546 19220 626 18340 581 3513 1 0 1 0 0 0 0 0 0 1 1 R 0
1263 26568 21517 1352 21575 1308 7029 1 0 0 0 0 0 0 0 0 2 1 R 0
1264 26588 18841 657 18872 624 3767 1 0 0 0 0 0 0 0 0 1 1 R 0
1265 26608 19701 648 19747 594 4320 1 0 0 0 0 0 0 0 0 2 1 R 0
1266 26626 17426 759 17558 628 3152 1 0 0 0 0 0 0 0 0 1 1 R 0
1267 26645 17808 681 17862 618 3527 1 0 0 0 0 0 0 0 0 2 1 R 0
1268 26666 19905 714 19955 663 5001 1 0 0 0 0 0 0 0 0 2 1 R 0
1269 26686 19948 713 20012 666 3641 1 0 0 0 0 0 0 0 0 1 1 R 0
1270 26708 21384 703 21432 644 4259 1 0 0 0 0 0 0 0 0 1 1 R 0
1271 26737 27988 607 21219 574 6915 1 0 4 0 0 0 0 0 0 2 1 R 0
1272 26756 18767 630 17667 580 3647 1 0 1 0 0 0 0 0 0 1 1 R 0
1273 26780 22545 667 22593 615 7490 1 0 0 0 0 0 0 0 0 2 1 R 0
1274 26802 21897 729 21971 656 8064 1 0 0 0 0 0 0 0 0 1 1 R 0
1275 26822 19113 716 19184 658 3647 1 0 0 0 0 0 0 0 0 2 1 R 0
1276 26842 19655 766 19690 732 4151 1 0 0 0 0 0 0 0 0 1 1 R 0
1277 26860 16803 2812 16847 2198 3125 1 0 0 0 1 0 0 0 0 2 1 R 0
1278 26883 20406 593 20404 561 4023 1 0 0 0 0 0 0 0 0 2 1 R 0
1279 26903 19664 571 19696 537 3839 1 0 0 0 0 0 0 0 0 1 1 R 0
1280 26925 21198 588 20655 556 3584 1 0 1 0 0 0 0 0 0 1 1 R 0
1281 26944 18665 2416 18725 1236 3980 1 0 0 0 1 0 0 0 0 2 1 R 0
1282 26965 18181 1253 18229 1192 3589 1 0 0 0 0 0 0 0 0 2 1 R 0
1283 26986 20062 585 20079 557 4361 1 0 0 0 0 0 0 0 0 1 1 R 0
1284 27006 18651 598 18684 568 4213 1 0 0 0 0 0 0 0 0 1 1 R 0
1285 27025 19067 883 19127 846 3815 1 0 0 0 0 0 0 0 0 2 1 R 0
1286 27046 19907 697 19918 662 4151 1 0 0 0 0 0 0 0 0 1 1 R 0
1287 27064 17497 741 17552 691 3642 1 0 0 0 0 0 0 0 0 2 1 R 0
1288 27086 20718 586 20743 555 5190 1 0 0 0 0 0 0 0 0 1 1 R 0
1289 27108 21804 718 21850 670 8375 1 0 0 0 0 0 0 0 0 1 1 R 0
1290 27127 18502 659 18544 625 3767 1 0 0 0 0 0 0 0 0 1 1 R 0
1291 27149 21424 794 20339 763 5223 1 0 1 0 0 0 0 0 0 2 1 R 0
1292 27168 17480 1135 17552 1093 3195 1 0 0 0 0 0 0 0 0 2 1 R 0
1293 27188 18867 811 18895 756 3576 1 0 0 0 0 0 0 0 0 2 1 R 0
1294 27209 20632 570 20648 534 4925 1 0 0 0 0 0 0 0 0 1 1 R 0
1295 27230 20632 1135 20681 1113 3172 1 0 0 0 0 0 0 0 0 1 1 R 0
1296 27250 18280 1634 18300 1637 4038 1 0 0 0 0 0 0 0 0 2 1 R 0
1297 27268 17026 738 17210 515 3205 1 0 0 0 0 0 0 0 0 1 1 R 0
1298 27298 28748 593 19355 560 17030 1 2 0 0 0 1 0 0 0 2 1 R 0
1299 27317 18618 660 18667 618 4354 1 0 0 0 0 0 0 0 0 1 1 R 0
1300 27337 18767 690 18806 656 4239 1 0 0 0 0 0 0 0 0 2 1 R 0
1301 27357 20067 695 19129 663 4027 1 0 1 0 0 0 0 0 0 2 1 R 0
1302 27376 18144 675 18163 657 3611 1 0 0 0 0 0 0 0 0 1 1 R 0
1303 27398 20773 741 20833 680 4410 1 0 0 0 0 0 0 0 0 1 1 R 0
1304 27421 22756 551 22766 526 8204 1 0 0 0 0 0 0 0 0 2 1 R 0
1305 27440 18562 1549 18627 1503 3612 1 0 0 0 0 0 0 0 0 2 1 R 0
1306 27459 17177 759 17211 714 3158 1 0 0 0 0 0 0 0 0 1 1 R 0
1307 27478 18063 597 18109 549 3338 1 0 0 0 0 0 0 0 0 0 1 R 0
1308 27502 23889 566 23912 540 8024 1 0 0 0 0 0 0 0 0 3 1 R 0
1309 27522 19137 561 19165 535 3823 1 0 0 0 0 0 0 0 0 1 1 R 0
1310 27542 19268 635 19296 606 3832 1 0 0 0 0 0 0 0 0 2 1 R 0
1311 27564 21172 785 20240 734 3501 1 0 1 0 0 0 0 0 0 2 1 R 0
1312 27583 18564 910 18614 866 3324 1 0 0 0 0 0 0 0 0 2 1 R 0
1313 27603 19127 817 19183 756 3052 1 0 0 0 0 0 0 0 0 1 1 R 0
1314 27624 20224 581 20243 546 3819 1 0 0 0 0 0 0 0 0 1 1 R 0
1315 27644 19332 567 19368 537 3868 1 0 0 0 0 0 0 0 0 1 1 R 0
1316 27662 17813 691 17888 633 3091 1 0 0 0 0 0 0 0 0 2 1 R 0
1317 27680 17220 1632 17250 1593 3174 1 0 0 0 0 0 0 0 0 1 1 R 0
1318 27702 19760 892 19784 863 3779 1 0 0 0 0 0 0 0 0 1 1 R 0
1319 27725 22614 666 22665 611 8426 1 0 0 0 0 0 0 0 0 2 1 R 0
1320 27746 20218 698 19727 668 4328 1 0 1 0 0 0 0 0 0 2 1 R 0
1321 27766 19403 895 18133 815 5076 1 0 1 0 0 0 0 0 0 2 1 R 0
1322 27787 19593 767 19641 732 4693 1 0 0 0 0 0 0 0 0 1 1 R 0
1323 27807 19809 678 19861 617 4295 1 0 0 0 0 0 0 0 0 2 1 R 0
1324 27829 21037 602 20409 574 4214 1 0 1 0 0 0 0 0 0 1 1 R 0
1325 27849 19469 708 19560 619 3986 1 0 0 0 0 0 0 0 0 0 1 R 0
1326 27867 17253 764 17344 679 3075 1 0 0 0 0 0 0 0 0 2 1 R 0
1327 27886 18678 714 18723 655 3492 1 0 0 0 0 0 0 0 0 2 1 R 0
1328 27907 19690 741 19757 685 4631 1 0 0 0 0 0 0 0 0 1 1 R 0
1329 27927 19760 592 19784 556 4341 1 0 0 0 0 0 0 0 0 2 1 R 0
1330 27947 19560 626 19607 582 4022 1 0 0 0 0 0 0 0 0 1 1 R 0
1331 27970 21797 1112 20698 1085 5316 1 0 1 0 0 0 0 0 0 2 1 R 0
1332 27990 19177 977 19203 954 3761 1 0 0 0 0 0 0 0 0 1 1 R 0
1333 28010 19199 948 19224 931 3807 1 0 0 0 0 0 0 0 0 1 1 R 0
1334 28033 21875 657 21904 619 8871 1 0 0 0 0 0 0 0 0 2 1 R 0
1335 28053 19020 685 19061 640 3816 1 0 0 0 0 0 0 0 0 1 1 R 0
1336 28072 18601 690 18674 618 3454 1 0 0 0 0 0 0 0 0 2 1 R 0
1337 28090 17608 1389 18260 748 2985 1 0 0 0 0 0 0 0 0 1 1 R 0
1338 28113 20990 564 21005 534 3915 1 0 0 0 0 0 0 0 0 2 1 R 0
1339 28132 19073 691 19105 672 4084 1 0 0 0 0 0 0 0 0 1 1 R 0
1340 28154 20611 552 19761 529 3706 1 0 1 0 0 0 0 0 0 1 1 R 0
1341 28174 19316 572 19342 547 3830 1 0 0 0 0 0 0 0 0 1 1 R 0
1342 28193 18520 1288 18579 1243 3285 1 0 0 0 0 0 0 0 0 2 1 R 0
1343 28214 19987 573 20001 545 3604 1 0 0 0 0 0 0 0 0 1 1 R 0
1344 28234 19280 586 19312 554 4064 1 0 0 0 0 0 0 0 0 1 1 R 0
1345 28254 19445 573 19475 546 3170 1 0 0 0 0 0 0 0 0 2 1 R 0
1346 28272 17892 579 17926 544 3618 1 0 0 0 0 0 0 0 0 2 1 R 0
1347 28293 19996 740 20058 678 6548 1 0 0 0 0 0 0 0 0 0 1 R 0
1348 28314 20737 700 20783 666 6197 1 0 0 0 0 0 0 0 0 2 1 R 0
1349 28338 23098 682 23152 620 9100 1 0 0 0 0 0 0 0 0 2 1 R 0
1350 28360 20711 745 19801 709 3771 1 0 1 0 0 0 0 0 0 2 1 R 0
1351 28379 18856 722 18894 672 3593 1 0 0 0 0 0 0 0 0 1 1 R 0
1352 28398 18072 779 18133 720 3319 1 0 0 0 0 0 0 0 0 2 1 R 0
1353 28420 21393 930 21423 905 3810 1 0 0 0 0 0 0 0 0 1 1 R 0
1354 28439 18339 590 18361 558 3839 1 0 0 0 0 0 0 0 0 1 1 R 0
1355 28460 19836 988 19885 949 3559 1 0 0 0 0 0 0 0 0 2 1 R 0
1356 28479 17940 668 17989 618 3834 1 0 0 0 0 0 0 0 0 1 1 R 0
1357 28497 17686 538 17715 499 3377 1 0 0 0 0 0 0 0 0 2 1 R 0
1358 28526 28748 582 19530 550 17830 1 2 0 0 0 0 0 0 0 2 1 R 0
1359 28547 20158 590 19787 553 4160 1 0 1 0 0 0 0 0 0 1 1 R 0
1360 28569 21290 574 20329 544 4167 1 0 1 0 0 0 0 0 0 2 1 R 0
1361 28587 17798 713 17845 665 3040 1 0 0 0 0 0 0 0 0 1 1 R 0
1362 28607 18508 812 18557 779 4069 1 0 0 0 0 0 0 0 0 2 1 R 0
1363 28628 20573 569 20590 537 5035 1 0 0 0 0 0 0 0 0 1 1 R 0
1364 28652 23346 566 23373 537 8136 1 0 0 0 0 0 0 0 0 1 1 R 0
1365 28670 17698 1330 17754 1296 3368 1 0 0 0 0 0 0 0 0 2 1 R 0
1366 28690 18368 1371 18426 1321 3486 1 0 0 0 0 0 0 0 0 1 1 R 0
1367 28709 17295 654 17297 634 3049 1 0 0 0 0 0 0 0 0 2 1 R 0
1368 28730 20928 942 20950 919 3923 1 0 0 0 0 0 0 0 0 1 1 R 0
1369 28750 19299 1013 19332 989 4058 1 0 0 0 0 0 0 0 0 1 1 R 0
1370 28772 20202 571 19124 549 4942 1 0 1 0 0 0 0 0 0 2 1 R 0
1371 28789 17201 754 17250 711 3026 1 0 0 0 0 0 0 0 0 1 1 R 0
1372 28807 17349 574 17387 527 3395 1 0 0 0 0 0 0 0 0 1 1 R 0
1373 28832 23727 565 23757 536 7655 1 0 0 0 0 0 0 0 0 2 1 R 0
1374 28851 19098 722 19132 700 4013 1 0 0 0 0 0 0 0 0 2 1 R 0
1375 28874 21384 590 20864 555 3823 1 0 1 0 0 0 0 0 0 1 1 R 0
1376 28892 18180 677 18226 633 3131 1 0 0 0 0 0 0 0 0 2 1 R 0
1377 28911 18342 757 18412 693 3090 1 0 0 0 0 0 0 0 0 1 1 R 0
1378 28932 20179 692 20197 670 3922 1 0 0 0 0 0 0 0 0 1 1 R 0
1379 28955 21992 652 22027 614 8579 1 0 0 0 0 0 0 0 0 1 1 R 0
1380 28975 19905 574 18675 541 4124 1 0 1 0 0 0 0 0 0 2 1 R 0
1381 28994 18140 736 18205 674 3691 1 0 0 0 0 0 0 0 0 2 1 R 0
1382 29014 18739 1404 18782 1373 3738 1 0 0 0 0 0 0 0 0 1 1 R 0
1383 29033 18187 672 18214 647 3755 1 0 0 0 0 0 0 0 0 2 1 R 0
1384 29055 20837 778 20898 707 5167 1 0 0 0 0 0 0 0 0 1 1 R 0
1385 29074 18770 622 18790 599 4036 1 0 0 0 0 0 0 0 0 1 1 R 0
1386 29093 18142 703 18195 654 4326 1 0 0 0 0 0 0 0 0 1 1 R 0
1387 29114 19963 696 19997 663 5496 1 0 0 0 0 0 0 0 0 3 1 R 0
1388 29134 19944 585 19969 552 4464 1 0 0 0 0 0 0 0 0 1 1 R 0
1389 29154 19171 576 19200 545 4266 1 0 0 0 0 0 0 0 0 2 1 R 0
1390 29175 20481 819 19546 862 5071 1 0 1 0 0 0 0 0 0 1 1 R 0
1391 29195 19334 701 19335 610 4194 1 0 0 0 0 1 0 0 0 1 1 R 0
1392 29214 17576 710 17634 661 3520 1 0 0 0 0 0 0 0 0 2 1 R 0
1393 29235 20964 583 20989 544 4649 1 0 0 0 0 0 0 0 0 1 1 R 0
1394 29258 21679 590 21714 563 8244 1 0 0 0 0 0 0 0 0 1 1 R 0
1395 29277 18805 567 18825 546 3641 1 0 0 0 0 0 0 0 0 2 1 R 0
1396 29296 18822 889 18874 839 4045 1 0 0 0 0 0 0 0 0 1 1 R 0
1397 29314 17017 535 17053 491 3626 1 0 0 0 0 0 0 0 0 1 1 R 0
1398 29345 30382 637 18569 605 20186 1 2 0 0 0 0 0 0 0 3 1 R 0
1399 29366 20343 592 18237 556 4195 1 0 1 0 0 0 0 0 0 1 1 R 0
1400 29388 21342 721 21393 672 4192 1 0 0 0 0 0 0 0 0 2 1 R 0
1401 29407 18074 1104 18163 1021 3562 1 0 0 0 0 0 0 0 0 1 1 R 0
1402 29427 19353 709 19409 654 5408 1 0 0 0 0 0 0 0 0 2 1 R 0
1403 29450 21955 972 21977 953 3687 1 0 0 0 0 0 0 0 0 1 1 R 0
1404 29470 18562 586 18578 558 3778 1 0 0 0 0 0 0 0 0 2 1 R 0
1405 29488 17800 811 17891 737 3378 1 0 0 0 0 0 0 0 0 1 1 R 0
1406 29506 17362 751 17392 709 3071 1 0 0 0 0 0 0 0 0 2 1 R 0
1407 29527 20064 588 20092 557 4391 1 0 0 0 0 0 0 0 0 1 1 R 0
1408 29547 19076 791 19138 739 3877 1 0 0 0 0 0 0 0 0 1 1 R 0
1409 29571 23702 557 22658 529 8786 1 0 1 0 0 0 0 0 0 1 1 R 0
1410 29589 17216 817 17321 738 3598 1 0 0 0 0 0 0 0 0 2 1 R 0
1411 29609 19680 729 19720 673 4688 1 0 0 0 0 0 0 0 0 2 1 R 0
1412 29628 18182 754 18222 721 3199 1 0 0 0 0 0 0 0 0 1 1 R 0
1413 29650 20484 570 20497 544 4684 1 0 0 0 0 0 0 0 0 2 1 R 0
1414 29670 19651 586 19680 554 3759 1 0 0 0 0 0 0 0 0 1 1 R 0
1415 29690 19826 1012 19863 988 3893 1 0 0 0 0 0 0 0 0 1 1 R 0
1416 29708 16955 666 16988 622 3387 1 0 0 0 0 0 0 0 0 2 1 R 0
1417 29727 18304 803 18350 780 3148 1 0 0 0 0 0 0 0 0 2 1 R 0
1418 29748 19753 737 19785 694 4867 1 0 0 0 0 0 0 0 0 1 1 R 0
1419 29769 20749 590 19729 557 4418 1 0 1 0 0 0 0 0 0 1 1 R 0
1420 29789 19034 699 19065 671 3157 1 0 0 0 0 0 0 0 0 1 1 R 0
1421 29810 20664 957 20691 936 3503 1 0 0 0 0 0 0 0 0 3 1 R 0
1422 29830 18552 723 18248 663 3046 1 0 1 0 0 0 0 0 0 1 1 R 0
1423 29849 18251 738 18310 689 3301 1 0 0 0 0 0 0 0 0 2 1 R 0
1424 29874 24604 847 24657 789 8604 1 0 0 0 0 0 0 0 0 1 1 R 0
1425 29894 19343 630 19387 588 3573 1 0 0 0 0 0 0 0 0 1 1 R 0
1426 29913 18389 824 18438 774 3560 1 0 0 0 0 0 0 0 0 2 1 R 0
1427 29932 17991 677 18025 641 3274 1 0 0 0 0 0 0 0 0 1 1 R 0
1428 29950 17437 1626 17527 1569 3811 1 0 0 0 0 0 0 0 0 2 1 R 0
1429 29975 23049 587 21572 551 5670 1 0 1 0 0 0 0 0 0 1 1 R 0
1430 29994 19003 810 19069 748 3784 1 0 0 0 0 0 0 0 0 2 1 R 0
1431 30015 19716 578 19740 550 4080 1 0 0 0 0 0 0 0 0 1 1 R 0
1432 30035 19631 690 19767 552 4528 1 0 0 0 0 0 0 0 0 1 1 R 0
1433 30055 19395 575 19429 543 4224 1 0 0 0 0 0 0 0 0 2 1 R 0
1434 30075 19148 581 19183 548 4263 1 0 0 0 0 0 0 0 0 1 1 R 0
1435 30095 19995 754 20033 718 3945 1 0 0 0 0 0 0 0 0 1 1 R 0
1436 30115 18494 698 18544 653 4384 1 0 0 0 0 0 0 0 0 2 1 R 0
1437 30134 18735 700 18793 636 4372 1 0 0 0 0 0 0 0 0 1 1 R 0
1438 30154 19523 632 19567 586 3656 1 0 0 0 0 0 0 0 0 2 1 R 0
1439 30178 23446 595 22455 557 7799 1 0 1 0 0 0 0 0 0 1 1 R 0
1440 30198 19343 574 19377 540 3163 1 0 0 0 0 0 0 0 0 1 1 R 0
1441 30217 17806 727 17864 675 3395 1 0 0 0 0 0 0 0 0 2 1 R 0
1442 30235 17498 1368 17582 1293 3642 1 0 0 0 0 0 0 0 0 1 1 R 0
1443 30257 20504 745 20543 705 5208 1 0 0 0 0 0 0 0 0 2 1 R 0
1444 30277 19255 574 19270 544 4240 1 0 0 0 0 0 0 0 0 1 1 R 0
1445 30296 18989 615 19019 585 4298 1 0 0 0 0 0 0 0 0 1 1 R 0
1446 30317 20089 609 20140 571 3772 1 0 0 0 0 0 0 0 0 2 1 R 0
1447 30336 17746 684 17781 641 3568 1 0 0 0 0 0 0 0 0 2 1 R 0
1448 30355 19194 964 19248 914 4042 1 0 0 0 0 0 0 0 0 1 1 R 0
1449 30377 20592 592 19164 559 4284 1 0 1 0 0 0 0 0 0 1 1 R 0
1450 30397 19504 563 19532 533 4256 1 0 0 0 0 0 0 0 0 1 1 R 0
1451 30416 18417 852 18502 774 3670 1 0 0 0 0 0 0 0 0 2 1 R 0
1452 30434 17586 1047 17670 977 3591 1 0 0 0 0 0 0 0 0 2 1 R 0
1453 30454 18615 675 18650 642 4247 1 0 0 0 0 0 0 0 0 2 1 R 0
1454 30479 23725 585 23295 552 8282 1 0 1 0 0 0 0 0 0 1 1 R 0
1455 30498 18942 601 18974 568 4031 1 0 0 0 0 0 0 0 0 2 1 R 0
1456 30516 17452 793 17530 715 3758 1 0 0 0 0 0 0 0 0 1 1 R 0
1457 30537 19956 805 20042 732 3615 1 0 0 0 0 0 0 0 0 2 1 R 0
1458 30555 17025 671 17066 625 3461 1 0 0 0 0 0 0 0 0 1 1 R 0
1459 30579 23625 583 22468 551 7335 1 0 1 0 0 0 0 0 0 2 1 R 0
1460 30599 19372 580 19406 550 3994 1 0 0 0 0 0 0 0 0 1 1 R 0
1461 30617 17863 806 17922 748 3154 1 0 0 0 0 0 0 0 0 2 1 R 0
1462 30637 19120 710 19181 655 3882 1 0 0 0 0 0 0 0 0 2 1 R 0
1463 30658 20228 567 20250 532 4651 1 0 0 0 0 0 0 0 0 1 1 R 0
1464 30677 18341 683 18391 647 3119 1 0 0 0 0 0 0 0 0 1 1 R 0
1465 30698 20104 567 20128 534 4270 1 0 0 0 0 0 0 0 0 2 1 R 0
1466 30716 17646 742 17708 688 4042 1 0 0 0 0 0 0 0 0 0 1 R 0
1467 30735 18161 956 18192 926 3616 1 0 0 0 0 0 0 0 0 2 1 R 0
1468 30754 18043 687 18094 643 3519 1 0 0 0 0 0 0 0 0 2 1 R 0
1469 30778 23263 746 22292 707 6733 1 0 1 0 0 0 0 0 0 1 1 R 0
1470 30798 19172 584 19190 552 3776 1 0 0 0 0 0 0 0 0 1 1 R 0
1471 30818 19679 699 19710 669 4434 1 0 0 0 0 0 0 0 0 2 1 R 0
1472 30837 18327 818 18397 744 3228 1 0 0 0 0 0 0 0 0 2 1 R 0
1473 30856 18217 663 18271 622 4205 1 0 0 0 0 0 0 0 0 1 1 R 0
1474 30878 21026 581 20567 555 5899 1 0 1 0 0 0 0 0 0 2 1 R 0
1475 30897 18884 907 18915 890 4365 1 0 0 0 0 0 0 0 0 1 1 R 0
1476 30916 17350 863 17403 799 4207 1 0 0 0 0 0 0 0 0 2 1 R 0
1477 30937 20534 811 20604 746 5398 1 0 0 0 0 0 0 0 0 2 1 R 0
1478 30955 17503 767 17562 710 3490 1 0 0 0 0 0 0 0 0 1 1 R 0
1479 30976 20213 733 18932 686 4392 1 0 1 0 0 0 0 0 0 2 1 R 0
1480 30997 19781 848 19948 683 4175 1 0 0 0 0 0 0 0 0 1 1 R 0
1481 31018 19829 708 19877 649 3929 1 0 0 0 0 0 0 0 0 2 1 R 0
1482 31038 19534 675 19593 616 3880 1 0 0 0 0 0 0 0 0 2 1 R 0
1483 31057 18348 895 18413 842 3511 1 0 0 0 0 0 0 0 0 2 1 R 0
1484 31081 23049 555 23066 526 7603 1 0 0 0 0 0 0 0 0 2 1 R 0
1485 31101 20007 730 20043 702 4081 1 0 0 0 0 1 0 0 0 1 1 R 0
1486 31124 22099 591 22021 539 3343 1 0 1 0 0 0 0 0 0 0 1 R 0
1487 31147 22507 1530 22573 1472 4247 1 0 0 0 0 0 0 0 0 3 1 R 0
1488 31170 20721 1503 20769 1473 4657 1 0 0 0 0 0 0 0 0 0 1 R 0
1489 31192 21029 582 19571 553 3898 1 0 1 0 0 0 0 0 0 1 1 R 0
1490 31211 18681 703 18726 663 3808 1 0 0 0 0 0 0 0 0 1 1 R 0
1491 31230 17520 1408 17574 1377 3414 1 0 0 0 0 0 0 0 0 3 1 R 0
1492 31248 17454 711 17508 648 3555 1 0 0 0 0 0 0 0 0 0 1 R 0
1493 31268 18784 1119 18822 1097 3781 1 0 0 0 0 0 0 0 0 2 1 R 0
1494 31289 20107 591 20105 557 3801 1 0 0 0 0 0 0 0 0 2 1 R 0
1495 31309 19432 588 19465 561 3808 1 0 0 0 0 0 0 0 0 1 1 R 0
1496 31329 19244 651 19296 598 3816 1 0 0 0 0 0 0 0 0 1 1 R 0
1497 31348 18152 712 18195 678 3690 1 0 0 0 0 0 0 0 0 2 1 R 0
1498 31367 18261 818 18335 741 3206 1 0 0 0 0 0 0 0 0 2 1 R 0
1499 31394 26003 643 25075 614 12250 1 0 1 0 0 0 0 0 0 2 1 R 0
