# swapstamp frames 1500 skip 150 peer 2774
# f t_ms gap_us swap_us crend_us cswap_us clr_us nclr vcs_r ivcs_r vcs_s ivcs_s minf majf cpu0 cpu1 pticks pcpu pstate ctr
0 0 19902 1072 19096 714 6077 1 0 4 0 0 0 0 0 0 0 1 R 0
1 55 54380 1795 27454 1755 34947 1 2 2 0 0 0 0 1 1 4 0 R 3
2 100 43145 1003 33600 911 9905 1 1 6 0 0 0 0 1 1 1 0 R 2
3 147 45853 1458 24439 1392 9772 1 1 8 0 1 0 0 1 1 3 1 R 2
4 185 37006 1019 22602 995 8789 1 1 6 0 1 0 0 0 0 1 1 R 1
5 227 40631 1224 22468 1164 3045 1 0 5 0 1 0 0 1 1 3 1 R 1
6 276 48179 989 33562 970 4177 1 1 4 0 1 0 0 1 1 2 1 R 1
7 319 41944 802 25567 759 7211 1 1 8 0 0 0 0 0 0 1 1 R 0
8 357 36510 727 23146 712 3674 1 0 9 0 1 0 0 0 0 2 1 R 1
9 394 36392 1093 23249 1061 8998 1 0 7 0 0 0 0 0 0 1 1 R 1
10 411 16503 546 16521 519 3228 1 0 0 0 0 0 0 0 0 1 1 R 0
11 470 58188 1209 28561 1225 36372 1 2 1 0 0 0 0 1 1 3 0 R 3
12 515 44072 3549 26642 983 8981 1 1 7 0 1 0 0 1 1 2 1 R 1
13 553 34314 15590 22297 1891 12366 1 1 8 0 1 0 0 1 1 2 1 R 2
14 615 46573 2969 28740 1170 9418 1 1 7 0 1 0 0 1 1 2 1 R 1
15 663 44984 8323 23576 3348 4878 1 1 9 0 2 0 0 1 1 3 1 R 2
16 717 45124 839 25760 812 3616 1 1 6 0 1 0 0 1 1 2 1 R 1
17 757 39819 974 25186 941 11474 1 1 7 0 1 0 0 1 1 1 1 R 1
18 811 52784 1989 24965 697 9050 1 1 10 0 0 0 0 0 0 3 1 R 0
19 860 47395 1207 25262 1150 12825 1 0 13 0 1 0 0 1 1 2 1 R 1
20 899 37671 5697 20223 2544 7641 1 1 4 0 1 0 0 1 1 3 1 R 1
21 959 53931 5180 26243 1950 13017 1 1 10 0 2 0 0 1 1 1 1 R 2
22 1001 37214 10376 22128 1144 3233 1 1 7 0 0 0 0 0 0 2 1 R 0
23 1077 65234 680 26745 645 20192 1 0 16 0 0 0 0 0 0 3 1 R 0
24 1109 31699 2793 21745 1180 3058 1 0 6 0 1 0 0 0 0 2 1 R 1
25 1157 44577 1685 23975 2032 9230 1 0 8 0 1 0 0 1 1 3 1 R 2
26 1214 56047 947 27148 941 5086 1 1 11 0 0 0 0 0 0 1 1 R 0
27 1232 16589 784 16616 747 2893 1 0 0 0 0 0 0 0 0 1 1 R 0
28 1289 55817 612 25421 584 14198 1 0 7 0 0 0 0 0 0 2 1 R 2
29 1320 30972 873 20985 852 13951 1 0 1 0 0 0 0 0 0 2 1 R 0
30 1343 22013 596 20938 561 6478 1 0 4 0 0 0 0 0 0 1 1 R 0
31 1405 61198 1705 39778 1571 30204 1 2 3 0 0 0 0 1 1 3 0 R 4
32 1455 48524 1098 26136 1022 9151 1 1 13 0 0 0 0 0 0 3 1 R 0
33 1479 22780 1116 21652 1087 4225 1 0 4 0 0 0 0 0 0 1 1 R 0
34 1518 37950 589 18427 568 14009 1 0 2 0 0 0 0 0 0 2 1 R 1
35 1559 40532 2377 22804 847 14311 1 0 7 0 1 0 0 0 0 2 1 R 1
36 1615 53703 1625 25103 1222 10617 1 0 12 0 1 0 0 0 0 2 1 R 0
37 1664 46745 1833 23464 1306 6418 1 0 7 0 1 0 0 0 0 2 1 R 0
38 1690 24329 1307 22851 1289 4259 1 0 4 0 0 1 0 0 0 2 1 R 0
39 1709 17468 755 17515 701 3605 1 0 0 0 0 0 0 0 0 2 1 R 0
40 1730 20690 807 20756 746 6456 1 0 0 0 0 0 0 0 0 2 1 R 0
41 1752 21393 577 21413 548 5244 1 0 0 0 0 0 0 0 0 1 1 R 0
42 1775 22296 689 20869 673 5553 1 0 4 0 0 0 0 0 0 1 1 R 0
43 1796 20108 580 20128 548 3847 1 0 0 0 0 0 0 0 0 1 1 R 0
44 1815 18214 722 18277 666 3123 1 0 0 0 0 0 0 0 0 2 1 R 0
45 1840 24934 582 23919 552 7176 1 0 4 0 0 0 0 0 0 2 1 R 0
46 1862 20673 591 19273 559 5611 1 0 1 0 0 0 0 0 0 1 1 R 0
47 1882 19987 644 20012 618 3748 1 0 0 0 0 0 0 0 0 1 1 R 0
48 1905 22350 577 21186 548 4034 1 0 4 0 0 0 0 0 0 2 1 R 0
49 1924 17802 1349 17845 1325 3146 1 0 0 0 0 0 0 0 0 2 1 R 0
50 1943 18257 1258 18288 1221 3454 1 0 0 0 0 0 0 0 0 1 1 R 0
51 1967 22770 570 21758 545 3850 1 0 4 0 0 0 0 0 0 1 1 R 0
52 1987 19615 701 19752 561 4048 1 0 0 0 0 0 0 0 0 1 1 R 0
53 2007 18872 716 18941 664 3301 1 0 0 0 0 0 0 0 0 2 1 R 0
54 2027 19267 859 19313 796 3075 1 0 0 0 0 0 0 0 0 1 1 R 0
55 2051 22983 782 20345 757 3184 1 0 5 0 0 0 0 0 0 2 1 R 0
56 2072 20206 587 20218 556 4320 1 0 0 0 0 0 0 0 0 1 1 R 0
57 2092 19559 642 19590 607 3745 1 0 0 0 0 0 0 0 0 2 1 R 0
58 2115 22001 640 20687 606 3026 1 0 4 0 0 0 0 0 0 1 1 R 0
59 2133 17456 793 17501 752 3151 1 0 0 0 0 0 0 0 0 2 1 R 0
60 2158 24099 591 24124 559 6956 1 0 0 0 0 0 0 0 0 2 1 R 0
61 2180 21853 576 20884 546 4274 1 0 4 0 0 0 0 0 0 1 1 R 0
62 2200 19706 592 19735 563 4076 1 0 0 0 0 0 0 0 0 1 1 R 0
63 2219 18182 739 18246 689 3748 1 0 0 0 0 0 0 0 0 2 1 R 0
64 2239 19411 671 19437 631 4375 1 0 0 0 0 0 0 0 0 2 1 R 0
65 2264 24521 565 22421 539 7901 1 0 4 0 0 0 0 0 0 1 1 R 0
66 2284 19438 565 19464 538 3785 1 0 0 0 0 0 0 0 0 1 1 R 0
67 2305 20103 834 20141 793 3837 1 0 0 0 0 0 0 0 0 2 1 R 0
68 2327 21004 709 19959 660 3126 1 0 4 0 0 0 0 0 0 1 1 R 0
69 2347 18944 770 19025 689 3038 1 0 0 0 0 0 0 0 0 2 1 R 0
70 2368 20255 574 20280 546 3918 1 0 0 0 0 0 0 0 0 2 1 R 0
71 2390 21915 952 21173 882 4507 1 0 4 0 0 0 0 0 0 1 1 R 0
72 2411 19837 594 19870 561 4293 1 0 0 0 0 0 0 0 0 2 1 R 0
73 2431 19394 684 18996 640 3598 1 0 1 0 0 0 0 0 0 1 1 R 0
74 2452 20331 679 19089 628 4311 1 0 1 0 0 0 0 0 0 2 1 R 0
75 2478 25880 590 24803 560 10658 1 0 4 0 0 0 0 0 0 2 1 R 0
76 2499 20373 579 20405 544 4275 1 0 0 0 0 0 0 0 0 1 1 R 0
77 2519 18614 898 18683 842 4029 1 0 0 0 0 0 0 0 0 1 1 R 0
78 2541 21175 717 20065 670 4722 1 0 4 0 0 0 0 0 0 2 1 R 0
79 2561 19180 668 19224 641 3567 1 0 0 0 0 0 0 0 0 2 1 R 0
80 2581 19885 642 19894 618 4270 1 0 0 0 0 0 0 0 0 1 1 R 0
81 2604 21945 1011 20440 996 4334 1 0 4 0 0 0 0 0 0 1 1 R 0
82 2622 17747 645 17766 607 3086 1 0 0 0 0 0 0 0 0 2 1 R 0
83 2642 19251 702 19319 646 3752 1 0 0 0 0 0 0 0 0 1 1 R 0
84 2668 24681 543 22701 530 4747 1 0 5 0 0 1 0 0 0 2 1 R 0
85 2688 20013 634 20036 608 4540 1 0 0 0 0 0 0 0 0 1 1 R 0
86 2709 19716 576 19742 546 4283 1 0 0 0 0 0 0 0 0 3 1 R 0
87 2727 17749 645 17792 614 3620 1 0 0 0 0 0 0 0 0 0 1 R 0
88 2750 22142 707 21110 675 5512 1 0 4 0 0 1 0 0 0 2 1 R 0
89 2771 20051 753 20131 672 3795 1 0 0 0 0 0 0 0 0 2 1 R 0
90 2793 21792 608 21819 573 8279 1 0 0 0 0 0 0 0 0 1 1 R 0
91 2818 24314 579 22709 545 3831 1 0 4 0 0 0 0 0 0 2 1 R 0
92 2838 19685 1106 19788 1012 3279 1 0 0 0 0 0 0 0 0 1 1 R 0
93 2859 19883 774 18913 727 3585 1 0 1 0 0 0 0 0 0 2 1 R 0
94 2882 22247 578 21072 553 4316 1 0 4 0 0 0 0 0 0 1 1 R 0
95 2902 19637 781 19702 724 3936 1 0 0 0 0 0 0 0 0 1 1 R 0
96 2923 19464 587 19483 556 3806 1 0 0 0 0 0 0 0 0 2 1 R 0
97 2942 18189 698 18249 652 3053 1 0 0 0 0 0 0 0 0 2 1 R 0
98 2963 21153 1486 19930 1447 4433 1 0 4 0 0 0 0 0 0 1 1 R 0
99 2985 20506 572 20511 541 4048 1 0 0 0 0 0 0 0 0 2 1 R 0
100 3005 19515 565 19543 540 3850 1 0 0 0 0 0 0 0 0 1 1 R 0
101 3029 22766 577 21471 543 3770 1 0 4 0 0 0 0 0 0 2 1 R 0
102 3048 18528 614 18569 589 3912 1 0 0 0 0 0 0 0 0 1 1 R 0
103 3069 20718 863 19524 894 3585 1 0 1 0 0 0 0 0 0 2 1 R 0
104 3092 22300 585 20876 555 3722 1 0 4 0 0 0 0 0 0 1 1 R 0
105 3116 22859 757 22900 726 7639 1 0 0 0 0 0 0 0 0 1 1 R 0
106 3135 18053 741 18098 694 3314 1 0 0 0 0 0 0 0 0 2 1 R 0
107 3153 18119 3751 18165 2829 3114 1 0 0 0 4 0 0 0 0 2 1 R 0
108 3177 19797 863 19313 790 3126 1 0 0 0 0 0 0 0 0 2 1 R 0
109 3197 19516 708 19558 656 3309 1 0 0 0 0 0 0 0 0 1 1 R 0
110 3218 19784 640 19818 603 4345 1 0 0 0 0 0 0 0 0 1 1 R 0
111 3240 21826 587 20830 551 3938 1 0 4 0 0 0 0 0 0 2 1 R 0
112 3262 20736 584 19093 552 3675 1 0 1 0 0 0 0 0 0 1 1 R 0
113 3282 19411 639 19441 614 3823 1 0 0 0 0 0 0 0 0 1 1 R 0
114 3305 22825 578 21385 548 4009 1 0 4 0 0 0 0 0 0 2 1 R 0
115 3326 20025 579 20054 548 3737 1 0 0 0 0 0 0 0 0 1 1 R 0
116 3345 18619 671 18673 624 3356 1 0 0 0 0 0 0 0 0 1 1 R 0
117 3363 17710 3449 17758 2487 3114 1 0 0 0 4 0 0 0 0 2 1 R 0
118 3389 21740 570 20870 546 3233 1 0 1 0 0 0 0 0 0 1 1 R 0
119 3409 19406 583 19438 553 4460 1 0 0 0 0 0 0 0 0 1 1 R 0
120 3433 23670 597 23701 567 7772 1 0 0 0 0 0 0 0 0 1 1 R 0
121 3457 24090 574 20472 544 3028 1 0 5 0 0 0 0 0 0 2 1 R 0
122 3477 18822 702 18883 662 3247 1 0 0 0 0 0 0 0 0 2 1 R 0
123 3498 20287 577 20299 553 3777 1 0 0 0 0 0 0 0 0 1 1 R 0
124 3521 22833 602 21864 574 4550 1 0 4 0 0 0 0 0 0 2 1 R 0
125 3541 19461 578 19494 548 4159 1 0 0 0 0 0 0 0 0 1 1 R 0
126 3560 17834 760 17914 685 3132 1 0 0 0 0 0 0 0 0 2 1 R 0
127 3583 22221 759 21137 728 4729 1 0 4 0 0 0 0 0 0 2 1 R 0
128 3603 19835 1010 19849 1001 3998 1 0 0 0 0 0 0 0 0 1 1 R 0
129 3624 19425 1017 19801 617 3713 1 0 0 0 0 0 0 0 0 1 1 R 0
130 3644 18781 2513 18836 2000 3729 1 0 0 0 3 0 0 0 0 1 1 R 0
131 3668 21806 776 20095 729 3082 1 0 2 0 0 0 0 0 0 2 1 R 0
132 3687 17909 564 17936 531 3477 1 0 0 0 0 0 0 0 0 2 1 R 0
133 3750 62543 660 25823 642 41457 1 2 5 0 1 0 0 0 0 2 0 R 1
134 3780 29233 664 18421 647 6381 1 0 6 0 1 0 0 0 0 1 0 R 0
135 3809 29155 601 21886 567 12679 1 0 3 0 0 0 0 0 0 1 1 R 0
136 3830 19763 766 19808 738 4276 1 0 0 0 0 0 0 0 0 1 1 R 0
137 3849 18915 788 18937 752 3966 1 0 0 0 0 0 0 0 0 2 1 R 0
138 3873 22465 620 20470 586 6470 1 0 5 0 0 0 0 0 0 1 1 R 0
139 3892 19105 726 19164 691 3468 1 0 0 0 0 0 0 0 0 2 1 R 0
140 3913 20137 1586 20151 1576 3895 1 0 0 0 0 1 0 0 0 1 1 R 0
141 3936 21480 656 19666 619 3737 1 0 4 0 0 0 0 0 0 1 1 R 0
142 3953 16205 547 16243 511 3064 1 0 0 0 0 0 0 0 0 2 1 R 0
143 4000 45856 2554 19760 891 32485 1 2 5 0 1 0 0 0 0 2 0 R 1
144 4022 19543 594 18880 563 5001 1 0 1 0 0 0 0 1 1 1 0 R 1
145 4049 27061 584 21195 551 7879 1 1 1 0 0 0 0 0 0 1 1 R 0
146 4073 23500 1196 20946 1179 4049 1 0 5 0 0 0 0 0 0 1 1 R 0
147 4093 18450 1307 18502 1275 3173 1 0 0 0 0 0 0 0 0 3 1 R 0
148 4115 20869 638 20860 610 4192 1 0 0 0 0 0 0 0 0 1 1 R 0
149 4138 22587 578 21769 551 4142 1 0 4 0 0 0 0 0 0 2 1 R 0
150 4160 21377 588 21409 563 6563 1 0 0 0 0 0 0 0 0 0 1 R 0
151 4179 18092 650 18131 604 3534 1 0 0 0 0 0 0 0 0 2 1 R 0
152 4200 20420 687 20463 657 4443 1 0 0 0 0 0 0 0 0 2 1 R 0
153 4223 21637 597 20469 568 6697 1 0 4 0 0 0 0 0 0 1 1 R 0
154 4243 20250 1043 20282 1028 3850 1 0 0 0 0 0 0 0 0 2 1 R 0
155 4265 20213 703 18640 665 3089 1 0 1 0 0 0 0 0 0 1 1 R 0
156 4287 21842 956 20933 878 3118 1 0 4 0 0 0 0 0 0 3 1 R 0
157 4307 19157 560 19152 532 3111 1 0 0 0 0 0 0 0 0 1 1 R 0
158 4327 19474 627 19513 591 3802 1 0 0 0 0 0 0 0 0 1 1 R 0
159 4350 21875 576 20865 546 3863 1 0 4 0 0 0 0 0 0 1 1 R 0
160 4367 16910 686 16960 652 3641 1 0 0 0 0 0 0 0 0 2 1 R 0
161 4390 21507 787 21532 757 6344 1 0 0 0 0 0 0 0 0 2 1 R 0
162 4409 18887 682 18919 645 3738 1 0 0 0 0 0 0 0 0 1 1 R 0
163 4432 22519 590 20944 566 6135 1 0 5 0 0 0 0 0 0 1 1 R 0
164 4453 20289 1118 20320 1108 3922 1 0 0 0 0 0 0 0 0 1 1 R 0
165 4478 23694 889 22770 809 7435 1 0 1 0 0 0 0 0 0 2 1 R 0
166 4501 21882 653 20957 566 3966 1 0 4 0 0 0 0 0 0 2 1 R 0
167 4520 18219 712 18278 658 3674 1 0 0 0 0 0 0 0 0 1 1 R 0
168 4542 21150 581 21171 546 4316 1 0 0 0 0 0 0 0 0 2 1 R 0
169 4563 20947 1443 19621 1215 3763 1 0 4 0 0 0 0 0 0 1 1 R 0
170 4582 17563 754 17614 696 3129 1 0 0 0 0 0 0 0 0 2 1 R 0
171 4603 20436 946 20464 934 4430 1 0 0 0 0 0 0 0 0 1 1 R 0
172 4623 18542 782 18591 734 3340 1 0 0 0 0 0 0 0 0 2 1 R 0
173 4646 22438 590 20308 559 4103 1 0 4 0 0 0 0 0 0 1 1 R 0
174 4668 21237 695 20149 648 3843 1 0 1 0 0 0 0 0 0 1 1 R 0
175 4687 18575 887 18614 874 3225 1 0 0 0 0 0 0 0 0 2 1 R 0
176 4709 21219 783 20191 733 3105 1 0 4 0 0 0 0 0 0 2 1 R 0
177 4730 20036 559 20048 533 4199 1 0 0 0 0 0 0 0 0 1 1 R 0
178 4750 19739 590 19768 561 4478 1 0 0 0 0 0 0 0 0 1 1 R 0
179 4773 22136 584 20340 555 4105 1 0 4 0 0 0 0 0 0 2 1 R 0
180 4796 22317 574 22342 543 6049 1 0 0 0 0 0 0 0 0 2 1 R 0
181 4815 18317 770 18387 704 3108 1 0 0 0 0 1 0 0 0 1 1 R 0
182 4838 22740 562 21712 533 4292 1 0 4 0 0 0 0 0 0 2 1 R 0
183 4859 19672 585 19705 553 4309 1 0 0 0 0 0 0 0 0 1 1 R 0
184 4878 19250 727 17952 686 4919 1 0 1 0 0 0 0 0 0 2 1 R 0
185 4898 18864 782 18908 743 3744 1 0 0 0 0 0 0 0 0 1 1 R 0
186 4921 21702 1065 20772 1091 5290 1 0 4 0 0 0 0 0 0 2 1 R 0
187 4942 19977 584 19920 552 4190 1 0 0 0 0 0 0 0 0 1 1 R 0
188 4962 19434 648 19464 619 3838 1 0 0 0 0 0 0 0 0 2 1 R 0
189 4985 22712 566 21622 540 3092 1 0 4 0 0 0 0 0 0 2 1 R 0
190 5003 17208 693 17248 662 3250 1 0 0 0 0 0 0 0 0 2 1 R 0
191 5023 19343 686 19393 641 3873 1 0 0 0 0 0 0 0 0 1 1 R 0
192 5047 23669 561 22955 531 4442 1 0 4 0 0 0 0 0 0 2 1 R 0
193 5068 20629 576 19466 540 3735 1 0 1 0 0 0 0 0 0 1 1 R 0
194 5087 17758 788 17820 1031 3463 1 0 0 0 0 0 0 0 0 2 1 R 0
195 5110 22640 685 22386 638 7622 1 0 0 0 0 0 0 0 0 2 1 R 0
196 5131 20009 670 18999 645 5211 1 0 4 0 0 0 0 0 0 1 1 R 0
197 5152 20827 581 20844 547 4779 1 0 0 0 0 0 0 0 0 2 1 R 0
198 5173 19745 648 19778 617 3893 1 0 0 0 0 0 0 0 0 1 1 R 0
199 5196 22849 567 21913 534 3218 1 0 4 0 0 0 0 0 0 2 1 R 0
200 5216 19066 582 19100 549 3844 1 0 0 0 0 0 0 0 0 1 1 R 0
201 5236 19360 754 19443 672 4144 1 0 0 0 0 0 0 0 0 1 1 R 0
202 5258 21987 574 21278 545 3847 1 0 4 0 0 0 0 0 0 2 1 R 0
203 5281 21955 637 20955 604 4267 1 0 1 0 0 0 0 0 0 1 1 R 0
204 5300 17949 655 17988 619 3638 1 0 0 0 0 0 0 0 0 2 1 R 0
205 5319 18668 874 18730 810 4618 1 0 0 0 0 0 0 0 0 2 1 R 0
206 5344 23848 970 22960 950 7462 1 0 4 0 0 0 0 0 0 1 1 R 0
207 5363 18769 911 18788 896 3850 1 0 0 0 0 0 0 0 0 1 1 R 0
208 5384 20128 882 20093 520 3798 1 0 1 0 0 0 0 0 0 2 1 R 0
209 5408 23112 580 22146 549 3785 1 0 4 0 0 0 0 0 0 1 1 R 0
210 5431 22508 666 22585 598 6501 1 0 0 0 0 1 0 0 0 2 1 R 0
211 5451 19208 590 19234 564 3695 1 0 0 0 0 0 0 0 0 1 1 R 0
212 5477 25573 587 22855 555 4465 1 0 3 0 0 0 0 0 0 1 1 R 0
213 5496 18134 820 18210 759 3112 1 0 0 0 0 0 0 0 0 2 1 R 0
214 5517 20061 1190 20108 1131 5695 1 0 0 0 0 0 0 0 0 3 1 R 0
215 5541 22873 652 21352 637 5030 1 0 4 0 0 0 0 0 0 1 1 R 0
216 5562 19966 590 19976 556 3830 1 0 0 0 0 0 0 0 0 2 1 R 0
217 5582 19723 582 19755 554 3612 1 0 0 0 0 0 0 0 0 1 1 R 0
218 5601 18285 667 18326 628 3376 1 0 0 0 0 0 0 0 0 2 1 R 0
219 5623 21234 807 20255 760 6078 1 0 4 0 0 0 0 0 0 1 1 R 0
220 5644 19855 934 19880 916 3870 1 0 0 0 0 0 0 0 0 2 1 R 0
221 5663 18942 1009 18963 987 3741 1 0 0 0 0 0 0 0 0 1 1 R 0
222 5688 23593 568 21189 535 5321 1 0 5 0 0 0 0 0 0 1 1 R 0
223 5707 18482 688 18549 628 3143 1 0 0 0 0 0 0 0 0 2 1 R 0
224 5727 19079 842 19141 784 3253 1 0 0 0 0 0 0 0 0 2 1 R 0
225 5760 31851 793 30780 729 8177 1 0 4 0 0 0 0 0 0 1 1 R 0
226 5793 33061 1806 18809 1001 8838 1 0 4 0 0 0 0 0 0 2 1 R 0
227 5813 17444 862 17470 829 3156 1 0 0 0 0 0 0 0 0 2 1 R 0
228 5837 23700 888 21646 877 3396 1 0 4 0 0 0 0 0 0 1 1 R 0
229 5859 20668 576 20661 548 4240 1 0 0 0 0 0 0 0 0 2 1 R 0
230 5881 21889 668 20157 625 4400 1 0 1 0 0 0 0 0 0 1 1 R 0
231 5902 20436 826 19389 779 4613 1 0 4 0 0 0 0 0 0 1 1 R 0
232 5921 18313 674 18363 633 3199 1 0 0 0 0 0 0 0 0 2 1 R 0
233 5942 19990 815 20020 783 3756 1 0 0 0 0 0 0 0 0 2 1 R 0
234 5966 22736 585 21287 561 3846 1 0 4 0 0 0 0 0 0 1 1 R 0
235 5987 20258 579 20282 551 4011 1 0 0 0 0 0 0 0 0 2 1 R 0
236 6006 18823 710 18874 663 3053 1 0 0 0 0 0 0 0 0 1 1 R 0
237 6029 22564 665 21268 650 3402 1 0 4 0 0 0 0 0 0 2 1 R 0
238 6049 19523 590 19533 560 3696 1 0 0 0 0 0 0 0 0 1 1 R 0
239 6070 19628 581 19664 544 4392 1 0 0 0 0 0 0 0 0 1 1 R 0
240 6094 23463 1349 22157 1323 8172 1 0 1 0 1 0 0 0 0 1 1 R 0
241 6117 22035 717 20244 649 3275 1 0 3 0 0 0 0 0 0 2 1 R 0
242 6136 18493 637 18530 600 3295 1 0 0 0 0 0 0 0 0 2 1 R 0
243 6157 20440 1247 20468 1245 3924 1 0 0 0 0 1 0 0 0 1 1 R 0
244 6181 21998 595 20739 568 6186 1 0 4 0 0 0 0 0 0 1 1 R 0
245 6201 19868 590 19903 551 4218 1 0 0 0 0 0 0 0 0 2 1 R 0
246 6220 17981 772 18045 706 3654 1 0 0 0 0 0 0 0 0 1 1 R 0
247 6243 22773 1418 21474 1467 4373 1 0 4 0 0 0 0 0 0 2 1 R 0
248 6265 20037 705 19971 688 3764 1 0 0 0 0 0 0 0 0 2 1 R 0
249 6287 21254 613 20211 580 4019 1 0 1 0 0 0 0 0 0 1 1 R 0
250 6310 22578 559 21146 539 3607 1 0 4 0 0 0 0 0 0 2 1 R 0
251 6329 18298 651 18333 608 3596 1 0 0 0 0 0 0 0 0 1 1 R 0
252 6348 18997 693 19079 621 4334 1 0 0 0 0 0 0 0 0 2 1 R 0
253 6370 20644 571 20661 546 4854 1 0 0 0 0 0 0 0 0 1 1 R 0
254 6392 21859 608 20757 573 6456 1 0 4 0 0 0 0 0 0 1 1 R 0
255 6416 23015 570 23044 543 5952 1 0 0 0 0 0 0 0 0 2 1 R 0
256 6436 19864 669 19362 641 3414 1 0 1 0 0 0 0 0 0 2 1 R 0
257 6459 22728 593 21867 566 3203 1 0 4 0 0 0 0 0 0 1 1 R 0
258 6481 20869 637 19164 609 4285 1 0 1 0 0 0 0 0 0 2 1 R 0
259 6502 20038 579 20068 545 4292 1 0 0 0 0 0 0 0 0 2 1 R 0
260 6524 21367 996 19788 980 3337 1 0 4 0 0 0 0 0 0 1 1 R 0
261 6543 18224 682 18278 629 3215 1 0 0 0 0 0 0 0 0 2 1 R 0
262 6564 20672 566 20696 530 3665 1 0 0 0 0 0 0 0 0 1 1 R 0
263 6584 19056 3251 19649 1583 3728 1 0 1 0 3 0 0 0 0 1 1 R 0
264 6607 19925 585 19908 555 3678 1 0 0 0 0 0 0 0 0 1 1 R 0
265 6628 19998 573 20024 548 3790 1 0 0 0 0 0 0 0 0 2 1 R 0
266 6647 19039 671 19082 638 3342 1 0 0 0 0 0 0 0 0 1 1 R 0
267 6671 23409 581 22344 552 4668 1 0 4 0 0 0 0 0 0 1 1 R 0
268 6693 21000 598 20016 563 5628 1 0 1 0 0 0 0 0 0 2 1 R 0
269 6713 19825 1035 19862 1020 3789 1 0 0 0 0 0 0 0 0 1 1 R 0
270 6739 24621 673 23563 627 6253 1 0 4 0 0 0 0 0 0 2 1 R 0
271 6758 18310 860 18381 794 3546 1 0 0 0 0 0 0 0 0 1 1 R 0
272 6779 19864 617 19875 598 4219 1 0 0 0 0 0 0 0 0 1 1 R 0
273 6802 22336 589 21428 559 4266 1 0 4 0 0 0 0 0 0 2 1 R 0
274 6821 18583 935 18629 911 3153 1 0 0 0 0 1 0 0 0 2 1 R 0
275 6841 19731 955 19826 844 3153 1 0 0 0 0 0 0 0 0 1 1 R 0
276 6862 19239 569 19265 536 3784 1 0 0 0 0 0 0 0 0 1 1 R 0
277 6886 23839 583 21496 557 4658 1 0 5 0 0 0 0 0 0 1 1 R 0
278 6906 19890 583 19917 551 3823 1 0 0 0 0 0 0 0 0 2 1 R 0
279 6926 19366 858 19448 789 3080 1 0 0 0 0 0 0 0 0 2 1 R 0
280 6949 21806 581 20688 553 3050 1 0 4 0 0 0 0 0 0 1 1 R 0
281 6969 19642 593 19668 565 3809 1 0 0 0 0 0 0 0 0 2 1 R 0
282 6990 19996 574 20027 543 4282 1 0 0 0 0 0 0 0 0 1 1 R 0
283 7013 22517 576 21073 550 4300 1 0 4 0 0 0 0 0 0 1 1 R 0
284 7032 18076 676 18119 647 3048 1 0 0 0 0 0 0 0 0 2 1 R 0
285 7056 23323 831 23356 795 6172 1 0 0 0 0 0 0 0 0 1 1 R 0
286 7079 22926 719 21225 701 3911 1 0 4 0 0 0 0 0 0 2 1 R 0
287 7100 19868 818 19893 794 4259 1 0 0 0 0 0 0 0 0 1 1 R 0
288 7120 19612 732 19634 713 4465 1 0 0 0 0 0 0 0 0 1 1 R 0
289 7141 19998 592 20017 562 4118 1 0 0 0 0 0 0 0 0 1 1 R 0
290 7162 20253 665 19428 633 5250 1 0 4 0 0 0 0 0 0 2 1 R 0
291 7182 19585 676 19638 637 3394 1 0 0 0 0 0 0 0 0 1 1 R 0
292 7203 19702 904 19724 885 3994 1 0 0 0 0 0 0 0 0 2 1 R 0
293 7226 22915 578 21467 545 3763 1 0 4 0 0 0 0 0 0 1 1 R 0
294 7245 18430 749 18489 696 3162 1 0 0 0 0 0 0 0 0 1 1 R 0
295 7266 19584 703 19626 661 3527 1 0 0 0 0 0 0 0 0 2 1 R 0
296 7291 24455 577 22206 552 4559 1 0 5 0 0 0 0 0 0 1 1 R 0
297 7312 20090 576 20119 545 4234 1 0 0 0 0 0 0 0 0 2 1 R 0
298 7331 18535 763 18620 679 3283 1 0 0 0 0 0 0 0 0 1 1 R 0
299 7350 18452 693 18507 641 3555 1 0 0 0 0 0 0 0 0 2 1 R 0
300 7376 25539 581 24489 550 9148 1 0 4 0 0 0 0 0 0 2 1 R 0
301 7398 21014 587 20594 556 3761 1 0 1 0 0 0 0 0 0 1 1 R 0
302 7418 19877 578 19905 549 4303 1 0 0 0 0 0 0 0 0 2 1 R 0
303 7441 22125 722 21250 665 4913 1 0 4 0 0 0 0 0 0 2 1 R 0
304 7459 17298 767 17366 706 3161 1 0 0 0 0 0 0 0 0 1 1 R 0
305 7483 23457 561 21572 532 5984 1 0 1 0 0 0 0 0 0 2 1 R 0
306 7506 21965 589 20723 562 4028 1 0 4 0 0 0 0 0 0 1 1 R 0
307 7527 20380 574 20403 545 3657 1 0 0 0 0 0 0 0 0 2 1 R 0
308 7545 17610 756 17664 702 3141 1 0 0 0 0 0 0 0 0 1 1 R 0
309 7568 22173 791 21002 722 4074 1 0 4 0 0 0 0 0 0 2 1 R 0
310 7588 19683 591 19690 562 4063 1 0 0 0 0 0 0 0 0 1 1 R 0
311 7609 19732 575 19761 545 4240 1 0 0 0 0 0 0 0 0 1 1 R 0
312 7629 19767 711 19796 678 4262 1 0 0 0 0 0 0 0 0 1 1 R 0
313 7650 20809 669 19869 626 3881 1 0 4 0 0 0 0 0 0 2 1 R 0
314 7669 17890 840 17993 727 3615 1 0 0 0 0 0 0 0 0 2 1 R 0
315 7695 25168 570 24215 543 7449 1 0 1 0 0 0 0 0 0 2 1 R 0
316 7717 21732 581 20215 550 3858 1 0 4 0 0 0 0 0 0 1 1 R 0
317 7738 20544 576 20064 547 5377 1 0 1 0 0 0 0 0 0 2 1 R 0
318 7757 17854 737 17902 692 3627 1 0 0 0 0 0 0 0 0 2 1 R 0
319 7781 23156 562 21414 535 3899 1 0 4 0 0 0 0 0 0 2 1 R 0
320 7803 21413 3309 19363 1059 3501 1 0 2 0 0 0 0 0 0 1 1 R 0
321 7826 20234 767 20289 703 4000 1 0 0 0 0 0 0 0 0 1 1 R 0
322 7889 61664 700 18627 681 46757 1 2 4 0 1 0 0 0 0 3 0 R 1
323 7911 21710 622 19296 603 3711 1 0 1 0 0 0 0 0 0 0 1 R 0
324 7935 22916 628 22042 594 6537 1 0 4 0 0 0 0 0 0 2 1 R 0
325 7953 17840 1363 17882 1361 3281 1 0 0 0 0 0 0 0 0 2 1 R 0
326 7972 17963 735 17962 690 3147 1 0 0 0 0 0 0 0 0 1 1 R 0
327 7997 23298 576 21977 544 3356 1 0 4 0 0 0 0 0 0 2 1 R 0
328 8016 19197 584 19231 550 3802 1 0 0 0 0 0 0 0 0 1 1 R 0
329 8037 20066 734 20099 717 4018 1 0 0 0 0 0 0 0 0 1 1 R 0
330 8062 23862 576 22835 552 6371 1 0 4 0 0 0 0 0 0 2 1 R 0
331 8080 18334 757 18378 712 3278 1 0 0 0 0 0 0 0 0 2 1 R 0
332 8102 20662 722 19372 637 5583 1 0 1 0 0 0 0 0 0 2 1 R 0
333 8123 20080 588 20106 561 3815 1 0 0 0 0 0 0 0 0 1 1 R 0
334 8146 23185 583 21497 554 5704 1 0 4 0 0 0 0 0 0 1 1 R 0
335 8166 18663 678 18702 649 3308 1 0 0 0 0 0 0 0 0 2 1 R 0
336 8185 18842 866 18928 774 3627 1 0 0 0 0 0 0 0 0 2 1 R 0
337 8210 23712 601 22499 570 4013 1 0 4 0 0 1 0 0 0 1 1 R 0
338 8230 19707 575 19735 547 4260 1 0 0 0 0 0 0 0 0 1 1 R 0
339 8252 20970 579 19518 551 4392 1 0 1 0 0 0 0 0 0 2 1 R 0
340 8277 24748 573 23594 549 3188 1 0 4 0 0 0 0 0 0 2 1 R 0
341 8306 28618 846 24986 823 5954 1 1 1 0 0 3 0 0 0 1 1 R 0
342 8327 19540 732 19568 703 4005 1 0 0 0 0 3 0 0 0 0 1 R 0
343 8371 43838 2985 23794 1075 27157 1 2 3 0 1 1 0 0 0 2 0 R 1
344 8398 23572 6872 17056 827 3067 1 0 1 0 1 0 0 0 0 2 0 R 0
345 8427 22388 1485 20467 1507 4229 1 0 5 0 0 1 0 0 0 1 1 R 0
346 8448 19365 575 19345 545 4010 1 0 0 0 0 0 0 0 0 1 1 R 0
347 8467 18478 649 18519 620 3182 1 0 0 0 0 0 0 0 0 2 1 R 0
348 8491 23163 561 20533 538 3229 1 0 4 0 0 0 0 0 0 1 1 R 0
349 8511 19652 631 19678 600 4129 1 0 0 0 0 0 0 0 0 2 1 R 0
350 8531 19200 591 19232 560 4362 1 0 0 0 0 0 0 0 0 1 1 R 0
351 8551 20001 579 20032 548 4071 1 0 0 0 0 0 0 0 0 1 1 R 0
352 8572 20533 734 19526 684 4535 1 0 4 0 0 0 0 0 0 2 1 R 0
353 8592 18939 680 18981 626 3310 1 0 0 0 0 0 0 0 0 2 1 R 0
354 8613 20245 588 20279 553 3752 1 0 0 0 0 0 0 0 0 1 1 R 0
355 8636 22122 624 20644 574 3781 1 0 4 0 0 0 0 0 0 1 1 R 0
356 8656 19957 583 19990 552 3808 1 0 0 0 0 0 0 0 0 1 1 R 0
357 8677 20031 722 20058 694 3767 1 0 0 0 0 0 0 0 0 1 1 R 0
358 8700 22762 592 20216 557 3764 1 0 5 0 0 0 0 0 0 1 1 R 0
359 8720 19246 768 19279 754 4271 1 0 0 0 0 0 0 0 0 1 1 R 0
360 8744 23311 651 23319 627 8326 1 0 0 0 0 0 0 0 0 2 1 R 0
361 8764 18723 2045 18753 1490 3709 1 0 1 0 3 0 0 0 0 1 1 R 0
362 8787 20851 637 20524 607 3993 1 0 0 0 0 0 0 0 0 1 1 R 0
363 8807 19575 580 19606 553 3733 1 0 0 0 0 0 0 0 0 1 1 R 0
364 8827 19298 809 19340 794 3911 1 0 0 0 0 0 0 0 0 1 1 R 0
365 8849 21435 592 20169 559 3755 1 0 4 0 0 0 0 0 0 1 1 R 0
366 8869 19101 576 19131 547 4147 1 0 0 0 0 0 0 0 0 2 1 R 0
367 8891 21900 558 21056 533 4298 1 0 1 0 0 1 0 0 0 2 1 R 0
368 8913 21592 1307 20410 1288 4181 1 0 4 0 0 0 0 0 0 1 1 R 0
369 8933 18641 915 18634 906 3764 1 0 0 0 0 0 0 0 0 1 1 R 0
370 8953 19284 1010 19289 1001 4040 1 0 0 0 0 0 0 0 0 1 1 R 0
371 8973 18892 1841 18905 1364 3639 1 0 0 0 1 0 0 0 0 1 1 R 0
372 8998 22544 623 20783 587 3249 1 0 4 0 0 0 0 0 0 2 1 R 0
373 9017 19059 691 19111 662 3340 1 0 0 0 0 0 0 0 0 2 1 R 0
374 9038 20182 581 20190 551 4578 1 0 0 0 0 0 0 0 0 1 1 R 0
375 9063 23903 606 22784 570 10416 1 0 4 0 0 0 0 0 0 1 1 R 0
376 9082 18428 813 18484 773 3140 1 0 0 0 0 0 0 0 0 2 1 R 0
377 9103 20575 1352 19616 1337 3316 1 0 1 0 0 0 0 0 0 1 1 R 0
378 9127 22012 812 21168 754 3176 1 0 4 0 0 0 0 0 0 2 1 R 0
379 9148 20288 595 20314 566 3773 1 0 0 0 0 0 0 0 0 1 1 R 0
380 9170 21498 713 21579 634 4362 1 0 0 0 0 0 0 0 0 2 1 R 0
381 9193 22409 584 20534 556 4043 1 0 4 0 0 0 0 0 0 2 1 R 0
382 9212 18151 714 18202 666 3045 1 0 0 0 0 0 0 0 0 1 1 R 0
383 9233 20760 587 20783 555 3875 1 0 0 0 0 0 0 0 0 1 1 R 0
384 9253 19626 1190 19655 1184 4067 1 0 0 0 1 0 0 0 0 1 1 R 0
385 9277 22583 656 20741 588 3555 1 0 3 0 0 0 0 0 0 2 1 R 0
386 9298 20218 705 18815 640 3286 1 0 1 0 0 0 0 0 0 1 1 R 0
387 9317 18674 914 18756 847 3779 1 0 0 0 0 0 0 0 0 2 1 R 0
388 9340 22022 605 20986 576 6388 1 0 4 0 0 0 0 0 0 1 1 R 0
389 9361 19949 592 19983 558 4245 1 0 0 0 0 0 0 0 0 1 1 R 0
390 9383 21325 590 21356 559 6609 1 0 0 0 0 0 0 0 0 2 1 R 0
391 9408 24257 581 22650 553 3312 1 0 5 0 0 0 0 0 0 2 1 R 0
392 9428 19567 589 19593 563 3141 1 0 0 0 0 0 0 0 0 2 1 R 0
393 9448 20042 579 20070 549 4233 1 0 0 0 0 0 0 0 0 1 1 R 0
394 9472 22772 585 21257 556 4265 1 0 4 0 0 0 0 0 0 1 1 R 0
395 9490 18146 1048 18236 956 3284 1 0 0 0 0 0 0 0 0 2 1 R 0
396 9512 20190 751 18290 687 3257 1 0 1 0 0 0 0 0 0 1 1 R 0
397 9532 19993 720 20047 661 4636 1 0 0 0 0 0 0 0 0 2 1 R 0
398 9556 22912 618 21584 592 4219 1 0 4 0 0 0 0 0 0 2 1 R 0
399 9577 20130 599 20150 583 3760 1 0 0 0 0 0 0 0 0 1 1 R 0
400 9596 18834 703 18886 651 3388 1 0 0 0 0 0 0 0 0 1 1 R 0
401 9619 22168 861 21089 786 3150 1 0 4 0 0 0 0 0 0 2 1 R 0
402 9640 19750 587 19773 558 4457 1 0 0 0 0 0 0 0 0 2 1 R 0
403 9660 19626 775 19660 754 4265 1 0 0 0 0 0 0 0 0 1 1 R 0
404 9683 21884 574 20649 542 4390 1 0 4 0 0 0 0 0 0 1 1 R 0
405 9709 25382 660 24051 614 6483 1 0 2 0 0 0 0 0 0 2 1 R 0
406 9727 17868 772 17900 756 3551 1 0 0 0 0 0 0 0 0 1 1 R 0
407 9751 23137 588 22405 559 4379 1 0 4 0 0 0 0 0 0 2 1 R 0
408 9771 19495 598 19525 569 4327 1 0 0 0 0 0 0 0 0 1 1 R 0
409 9790 18389 708 18431 670 3607 1 0 0 0 0 0 0 0 0 1 1 R 0
410 9809 18557 684 18614 630 3707 1 0 0 0 0 0 0 0 0 2 1 R 0
411 9831 21288 711 20280 669 5960 1 0 4 0 0 0 0 0 0 2 1 R 0
412 9852 20018 596 20033 563 4098 1 0 0 0 0 0 0 0 0 1 1 R 0
413 9872 19845 603 19874 575 3762 1 0 0 0 0 0 0 0 0 1 1 R 0
414 9900 26739 756 22057 715 3657 1 0 7 0 0 0 0 0 0 2 1 R 0
415 9923 22026 845 22077 811 7081 1 0 0 0 0 0 0 0 0 1 1 R 0
416 9973 49600 3021 20075 1328 35443 1 2 4 0 1 1 0 0 0 3 0 R 1
417 9999 23030 2562 16433 772 2201 1 0 1 0 1 0 0 0 0 0 0 R 0
418 10030 28395 596 19048 568 5737 1 0 9 0 0 0 0 0 0 2 1 R 0
419 10050 19310 591 19337 561 4294 1 0 0 0 0 0 0 0 0 1 1 R 0
420 10073 22789 974 22819 964 8257 1 0 0 0 0 0 0 0 0 1 1 R 0
421 10094 19223 2001 19244 1649 3744 1 0 0 0 2 0 0 0 0 1 1 R 0
422 10117 21453 576 19392 542 3196 1 0 2 0 0 0 0 0 0 2 1 R 0
423 10136 18906 718 18949 680 3299 1 0 0 0 0 0 0 0 0 1 1 R 0
424 10158 20384 606 20414 571 3858 1 0 0 0 0 0 0 0 0 2 1 R 0
425 10180 21756 781 20488 696 5539 1 0 4 0 0 0 0 0 0 1 1 R 0
426 10199 18564 706 18622 658 3663 1 0 0 0 0 0 0 0 0 1 1 R 0
427 10218 18268 695 18330 638 3778 1 0 0 0 0 0 0 0 0 2 1 R 0
428 10241 22456 682 20931 657 4228 1 0 4 0 0 0 0 0 0 2 1 R 0
429 10262 19948 588 19967 557 3732 1 0 0 0 0 0 0 0 0 1 1 R 0
430 10282 19376 588 19408 555 3794 1 0 0 0 0 0 0 0 0 1 1 R 0
431 10303 20353 702 19267 667 3332 1 0 1 0 0 0 0 0 0 1 1 R 0
432 10326 22335 605 20791 578 4227 1 0 4 0 0 0 0 0 0 2 1 R 0
433 10346 19266 734 19308 705 3169 1 0 0 0 0 0 0 0 0 2 1 R 0
434 10366 19392 588 19413 554 3793 1 0 0 0 0 0 0 0 0 1 1 R 0
435 10391 24526 592 23358 554 11453 1 0 4 0 0 0 0 0 0 1 1 R 0
436 10409 17796 627 17835 588 3548 1 0 0 0 0 0 0 0 0 2 1 R 0
437 10431 20476 753 19952 699 4364 1 0 1 0 0 0 0 0 0 2 1 R 0
438 10453 21856 972 20714 1017 3774 1 0 4 0 0 0 0 0 0 1 1 R 0
439 10474 19986 587 19931 561 3823 1 0 0 0 0 0 0 0 0 1 1 R 0
440 10495 20536 783 20620 700 3761 1 0 0 0 0 0 0 0 0 1 1 R 0
441 10521 24453 726 21520 671 4550 1 0 5 0 0 0 0 0 0 2 1 R 0
442 10541 19276 596 19302 569 3894 1 0 0 0 0 0 0 0 0 2 1 R 0
443 10561 19710 572 19739 539 4263 1 0 0 0 0 0 0 0 0 1 1 R 0
444 10581 19317 595 19350 563 4440 1 0 0 0 0 0 0 0 0 1 1 R 0
445 10604 23129 588 22137 544 6707 1 0 4 0 0 0 0 0 0 2 1 R 0
446 10622 17357 673 17416 621 3142 1 0 0 0 0 0 0 0 0 2 1 R 0
447 10642 19322 2171 19378 2148 3736 1 0 0 0 0 1 0 0 0 2 1 R 0
448 10667 22445 584 21335 552 3297 1 0 4 0 0 0 0 0 0 1 1 R 0
449 10688 20134 586 20163 556 4024 1 0 0 0 0 0 0 0 0 1 1 R 0
450 10712 24110 585 22675 549 7552 1 0 1 0 0 0 0 0 0 2 1 R 0
451 10736 22511 816 21509 746 3177 1 0 4 0 0 0 0 0 0 1 1 R 0
452 10756 19633 926 19672 890 3000 1 0 0 0 0 0 0 0 0 2 1 R 0
453 10777 19754 577 19778 544 3795 1 0 0 0 0 0 0 0 0 1 1 R 0
454 10799 22062 586 21036 562 3778 1 0 4 0 0 0 0 0 0 1 1 R 0
455 10818 18315 685 18370 630 3812 1 0 0 0 0 0 0 0 0 2 1 R 0
456 10838 19148 667 19191 625 3847 1 0 0 0 0 0 0 0 0 2 1 R 0
457 10859 20240 819 20328 731 4258 1 0 0 0 0 0 0 0 0 1 1 R 0
458 10881 21293 592 20393 557 6362 1 0 4 0 0 0 0 0 0 1 1 R 0
459 10902 20046 579 20078 546 4444 1 0 0 0 0 0 0 0 0 2 1 R 0
460 10922 20059 763 18963 717 3171 1 0 1 0 0 0 0 0 0 2 1 R 0
461 10946 22710 799 21625 760 3077 1 0 4 0 0 1 0 0 0 1 1 R 0
462 10966 19636 558 19645 525 3138 1 0 0 0 0 0 0 0 0 2 1 R 0
463 10986 19704 786 19755 747 4020 1 0 0 0 0 1 0 0 0 1 1 R 0
464 11015 28204 692 25994 664 3756 1 0 4 0 0 0 0 0 0 3 1 R 0
465 11039 22745 574 22763 539 6541 1 0 0 0 0 0 0 0 0 1 1 R 0
466 11057 17989 682 18032 651 3910 1 0 0 0 0 0 0 0 0 2 1 R 0
467 11082 24103 593 22775 560 5758 1 0 5 0 0 0 0 0 0 1 1 R 0
468 11103 20255 2113 20290 858 4000 1 0 0 0 1 0 0 0 0 1 1 R 0
469 11125 19276 885 19337 825 3239 1 0 0 0 0 0 0 0 0 3 1 R 0
470 11143 17818 4820 17844 2817 3162 1 0 0 0 4 0 0 0 0 1 1 R 0
471 11168 19598 580 19561 549 3118 1 0 0 0 0 0 0 0 0 2 1 R 0
472 11188 19585 630 19622 607 4471 1 0 0 0 0 0 0 0 0 1 1 R 0
473 11208 19211 583 19228 551 4300 1 0 0 0 0 0 0 0 0 1 1 R 0
474 11230 22053 652 21134 616 3118 1 0 4 0 0 0 0 0 0 2 1 R 0
475 11249 18207 790 18248 746 3613 1 0 0 0 0 0 0 0 0 1 1 R 0
476 11270 19940 584 19968 551 4282 1 0 0 0 0 0 0 0 0 2 1 R 0
477 11292 21957 586 20842 561 4284 1 0 4 0 0 0 0 0 0 1 1 R 0
478 11314 20742 1053 19645 600 3838 1 0 1 0 0 0 0 0 0 1 1 R 0
479 11333 18494 1498 18557 1443 3252 1 0 0 0 0 0 0 0 0 2 1 R 0
480 11359 24618 555 23490 529 6205 1 0 4 0 0 0 0 0 0 1 1 R 0
481 11380 20023 588 20054 556 4233 1 0 0 0 0 0 0 0 0 2 1 R 0
482 11401 20410 832 19965 813 5448 1 0 1 0 0 0 0 0 0 1 1 R 0
483 11422 19852 610 19872 575 4587 1 0 0 0 0 0 0 0 0 1 1 R 0
484 11443 20533 752 19770 682 4982 1 0 4 0 0 0 0 0 0 2 1 R 0
485 11462 18597 667 18637 634 3190 1 0 0 0 0 0 0 0 0 2 1 R 0
486 11484 20741 1001 20764 980 4279 1 0 0 0 0 0 0 0 0 1 1 R 0
487 11509 24018 618 21541 596 3970 1 0 5 0 0 0 0 0 0 1 1 R 0
488 11529 19390 757 19461 689 4168 1 0 0 0 0 0 0 0 0 2 1 R 0
489 11548 18509 673 18546 645 3655 1 0 0 0 0 0 0 0 0 2 1 R 0
490 11570 21792 958 20443 952 4391 1 0 4 0 0 0 0 0 0 1 1 R 0
491 11591 19943 597 19946 565 4252 1 0 0 0 0 0 0 0 0 1 1 R 0
492 11612 19856 581 19891 547 4282 1 0 0 0 0 0 0 0 0 2 1 R 0
493 11631 18766 720 18829 665 3506 1 0 0 0 0 0 0 0 0 1 1 R 0
494 11652 20323 891 19284 850 4539 1 0 4 0 0 0 0 0 0 2 1 R 0
495 11676 23352 568 23368 538 6153 1 0 0 0 0 0 0 0 0 2 1 R 0
496 11696 19494 565 19525 533 3784 1 0 0 0 0 0 0 0 0 1 1 R 0
497 11720 23418 770 20171 746 3769 1 0 4 0 0 0 0 0 0 1 1 R 0
498 11739 17997 805 18050 753 3438 1 0 0 0 0 0 0 0 0 2 1 R 0
499 11759 18836 720 18860 686 3585 1 0 0 0 0 0 0 0 0 2 1 R 0
500 11781 21157 707 19803 665 3759 1 0 4 0 0 0 0 0 0 2 1 R 0
501 11801 19848 571 19873 544 4312 1 0 0 0 0 0 0 0 0 1 1 R 0
502 11821 19433 622 19462 585 4301 1 0 0 0 0 0 0 0 0 1 1 R 0
503 11840 18201 655 18244 627 3592 1 0 0 0 0 0 0 0 0 2 1 R 0
504 11861 20637 731 19856 665 5794 1 0 4 0 0 0 0 0 0 2 1 R 0
505 11881 18950 723 19013 665 3140 1 0 0 0 0 0 0 0 0 1 1 R 0
506 11902 19870 586 19890 556 3610 1 0 0 0 0 0 0 0 0 2 1 R 0
507 11926 23969 625 21629 588 3775 1 0 5 0 0 0 0 0 0 1 1 R 0
508 11946 19541 575 19575 544 3323 1 0 0 0 0 0 0 0 0 1 1 R 0
509 11969 21860 1064 21960 969 3733 1 0 0 0 0 0 0 0 0 1 1 R 0
510 12009 39237 828 30898 775 8641 1 0 7 0 0 0 0 0 0 3 1 R 0
511 12031 20839 589 20430 557 5201 1 0 1 0 0 0 0 0 0 1 1 R 0
512 12051 20143 842 19783 797 5216 1 0 1 0 0 0 0 0 0 1 1 R 0
513 12074 22024 874 20508 815 3863 1 0 4 0 0 0 0 0 0 2 1 R 0
514 12097 21510 783 20808 703 3822 1 0 2 0 0 0 0 0 0 2 1 R 0
515 12119 21231 610 20177 569 3775 1 0 1 0 0 0 0 0 0 1 1 R 0
516 12141 22136 685 20917 656 6190 1 0 4 0 0 0 0 0 0 1 1 R 0
517 12160 18282 741 18358 661 3252 1 0 0 0 0 0 0 0 0 2 1 R 0
518 12180 19095 726 19143 682 4589 1 0 0 0 0 0 0 0 0 2 1 R 0
519 12204 22587 1028 21511 1008 5081 1 0 4 0 0 0 0 0 0 1 1 R 0
520 12225 20113 624 20127 597 3850 1 0 0 0 0 0 0 0 0 1 1 R 0
521 12246 20611 661 20671 596 3765 1 0 0 0 0 0 0 0 0 2 1 R 0
522 12267 20500 1009 19217 1007 3054 1 0 4 0 0 0 0 0 0 1 1 R 0
523 12287 18732 969 18745 959 3273 1 0 0 0 0 0 0 0 0 2 1 R 0
524 12308 20017 634 20015 609 3078 1 0 0 0 0 0 0 0 0 2 1 R 0
525 12332 23405 617 22376 580 10404 1 0 1 0 0 0 0 0 0 1 1 R 0
526 12353 20782 1271 19709 1207 4600 1 0 4 0 0 0 0 0 0 1 1 R 0
527 12371 16731 707 16779 661 3249 1 0 0 0 0 0 0 0 0 2 1 R 0
528 12393 20668 710 20714 659 4895 1 0 0 0 0 0 0 0 0 2 1 R 0
529 12417 23205 633 21543 607 3779 1 0 4 0 0 0 0 0 0 1 1 R 0
530 12440 22793 594 22440 562 4029 1 0 1 0 0 0 0 0 0 1 1 R 0
531 12460 19092 822 18762 776 4413 1 0 1 0 0 0 0 0 0 2 1 R 0
532 12483 22226 787 20566 753 4346 1 0 5 0 0 0 0 0 0 2 1 R 0
533 12502 18483 703 18512 655 3462 1 0 0 0 0 0 0 0 0 2 1 R 0
534 12526 23061 579 20975 547 4240 1 0 1 0 0 0 0 0 0 1 1 R 0
535 12549 22956 579 22243 550 3695 1 0 4 0 0 0 0 0 0 2 1 R 0
536 12567 17562 788 17636 715 3608 1 0 0 0 0 0 0 0 0 2 1 R 0
537 12587 19094 886 19155 834 4793 1 0 0 0 0 0 0 0 0 1 1 R 0
538 12609 20952 565 20970 538 5038 1 0 0 0 0 0 0 0 0 2 1 R 0
539 12631 21040 599 19909 561 6203 1 0 4 0 0 0 0 0 0 1 1 R 0
540 12654 22936 653 22970 619 8141 1 0 0 0 0 0 0 0 0 1 1 R 0
541 12673 17880 709 17936 651 3171 1 0 0 0 0 0 0 0 0 2 1 R 0
542 12697 23396 949 22356 875 3714 1 0 4 0 0 0 0 0 0 2 1 R 0
543 12719 20568 579 19609 545 3776 1 0 1 0 0 0 0 0 0 1 1 R 0
544 12739 20216 632 20248 603 4410 1 0 0 0 0 0 0 0 0 1 1 R 0
545 12761 21473 589 19978 559 3900 1 0 4 0 0 0 0 0 0 2 1 R 0
546 12780 17933 697 17983 646 3196 1 0 0 0 0 0 0 0 0 2 1 R 0
547 12800 19742 688 19788 656 4152 1 0 0 0 0 0 0 0 0 1 1 R 0
548 12820 19426 724 19446 700 4295 1 0 0 0 0 0 0 0 0 2 1 R 0
549 12843 21831 592 20932 554 6470 1 0 4 0 0 0 0 0 0 0 1 R 0
550 12861 17656 1562 17709 1542 3098 1 0 0 0 0 1 0 0 0 2 1 R 0
551 12882 19348 699 19371 658 3183 1 0 0 0 0 0 0 0 0 2 1 R 0
552 12905 22516 709 21517 653 3277 1 0 4 0 0 0 0 0 0 1 1 R 0
553 12928 21745 834 20138 761 3717 1 0 1 0 0 0 0 0 0 1 1 R 0
554 12964 34800 2032 21961 1293 5839 1 0 5 0 1 1 0 0 0 2 1 R 3
555 13011 45260 641 21454 720 31578 1 2 5 0 1 0 0 0 0 3 0 R 1
556 13032 20668 579 18964 544 3838 1 0 0 0 0 0 0 0 0 1 1 R 0
557 13056 22859 626 21389 596 5465 1 0 4 0 0 0 0 0 0 2 1 R 0
558 13074 17341 1310 17386 1299 3022 1 0 0 0 0 0 0 0 0 1 1 R 0
559 13094 18818 1466 18836 1455 3730 1 0 0 0 0 0 0 0 0 2 1 R 0
560 13117 21938 2636 21078 1188 3203 1 0 4 0 1 0 0 0 0 1 1 R 0
561 13139 19240 603 19257 572 4213 1 0 0 0 0 0 0 0 0 1 1 R 0
562 13159 19142 727 19164 694 4063 1 0 0 0 0 0 0 0 0 2 1 R 0
563 13181 21566 583 20323 560 3825 1 0 4 0 0 0 0 0 0 1 1 R 0
564 13199 17579 810 17658 735 3657 1 0 0 0 0 0 0 0 0 2 1 R 0
565 13221 20785 722 20808 694 5416 1 0 0 0 0 0 0 0 0 1 1 R 0
566 13241 19829 569 19852 541 4398 1 0 0 0 0 0 0 0 0 2 1 R 0
567 13263 21508 1005 20364 977 6700 1 0 4 0 0 0 0 0 0 1 1 R 0
568 13284 19348 1573 20214 750 3024 1 0 0 0 0 0 0 0 0 2 1 R 0
569 13305 19890 588 19873 551 3468 1 0 0 0 0 0 0 0 0 1 1 R 0
570 13332 26007 586 23556 555 8929 1 0 5 0 0 0 0 0 0 2 1 R 0
571 13352 19748 603 19783 564 3981 1 0 0 0 0 0 0 0 0 1 1 R 0
572 13372 18831 902 18891 852 3666 1 0 0 0 0 0 0 0 0 1 1 R 0
573 13395 22418 697 21137 655 3232 1 0 4 0 0 0 0 0 0 2 1 R 0
574 13413 17934 1492 17999 1453 3044 1 0 0 0 0 0 0 0 0 2 1 R 0
575 13435 20104 576 20104 542 3946 1 0 0 0 0 0 0 0 0 1 1 R 0
576 13457 21755 1146 20808 1109 4045 1 0 4 0 0 0 0 0 0 1 1 R 0
577 13478 19882 766 19918 731 4980 1 0 0 0 0 0 0 0 0 2 1 R 0
578 13498 18421 798 18462 746 4055 1 0 0 0 0 0 0 0 0 2 1 R 0
579 13519 20475 696 20514 663 5621 1 0 0 0 0 0 0 0 0 1 1 R 0
580 13543 23181 595 20687 557 6426 1 0 5 0 0 0 0 0 0 2 1 R 0
581 13563 19309 605 19344 571 3731 1 0 0 0 0 0 0 0 0 2 1 R 0
582 13581 17669 704 17729 648 3090 1 0 0 0 0 0 0 0 0 0 1 R 0
583 13605 23311 779 22365 715 4661 1 0 4 0 0 0 0 0 0 2 1 R 0
584 13623 17548 1310 17602 1276 3043 1 0 0 0 0 0 0 0 0 3 1 R 0
585 13648 23360 610 23367 574 8113 1 0 0 0 0 0 0 0 0 1 1 R 0
586 13670 21713 583 20672 704 4435 1 0 4 0 0 0 0 0 0 1 1 R 0
587 13689 18292 668 18193 619 3552 1 0 0 0 0 0 0 0 0 2 1 R 0
588 13709 18835 686 18880 641 3942 1 0 0 0 0 0 0 0 0 2 1 R 0
589 13730 20469 741 19555 701 4309 1 0 1 0 0 0 0 0 0 1 1 R 0
590 13753 22889 1123 21675 1107 7132 1 0 4 0 0 1 0 0 0 2 1 R 0
591 13774 19881 599 19894 570 3803 1 0 0 0 0 0 0 0 0 1 1 R 0
592 13792 17392 659 17435 626 3125 1 0 0 0 0 0 0 0 0 2 1 R 0
593 13817 23944 576 23065 543 4283 1 0 4 0 0 0 0 0 0 2 1 R 0
594 13836 18632 674 18674 636 3361 1 0 0 0 0 0 0 0 0 1 1 R 0
595 13857 20384 581 20413 549 3770 1 0 0 0 0 0 0 0 0 1 1 R 0
596 13880 22076 587 20632 554 3812 1 0 4 0 0 0 0 0 0 2 1 R 0
597 13899 18409 688 18461 640 3706 1 0 0 0 0 0 0 0 0 1 1 R 0
598 13920 20086 694 20145 630 4454 1 0 0 0 0 0 0 0 0 1 1 R 0
599 13941 20414 579 19168 546 5215 1 0 1 0 0 0 0 0 0 2 1 R 0
600 13966 24696 635 23770 601 12181 1 0 4 0 0 0 0 0 0 1 1 R 0
601 13987 19745 563 19777 534 3983 1 0 0 0 0 0 0 0 0 1 1 R 0
602 14005 18307 729 18379 659 3039 1 0 0 0 0 0 0 0 0 2 1 R 0
603 14028 22153 784 20439 732 3550 1 0 5 0 0 0 0 0 0 2 1 R 0
604 14052 22513 893 22570 859 7641 1 0 0 0 0 0 0 0 0 1 1 R 0
605 14101 48982 600 19970 562 36945 1 2 4 0 0 0 0 0 0 2 1 R 1
606 14119 17357 851 17474 738 3891 1 0 0 0 0 0 0 0 0 2 1 R 0
607 14142 22099 726 20640 659 6249 1 0 1 0 0 0 0 0 0 2 1 R 0
608 14166 22844 950 20595 918 3771 1 0 3 0 0 0 0 0 0 1 1 R 0
609 14188 20809 567 20842 534 4007 1 0 0 0 0 0 0 0 0 1 1 R 0
610 14206 18126 746 18174 708 3126 1 0 0 0 0 0 0 0 0 2 1 R 0
611 14229 22283 564 20885 531 3274 1 0 4 0 0 0 0 0 0 2 1 R 0
612 14249 19406 761 19451 733 4318 1 0 0 0 0 0 0 0 0 1 1 R 0
613 14269 19221 976 19267 918 4313 1 0 0 0 0 0 0 0 0 1 1 R 0
614 14290 19462 628 19496 601 4331 1 0 0 0 0 0 0 0 0 2 1 R 0
615 14315 24503 673 23734 626 8518 1 0 4 0 0 0 0 0 0 1 1 R 0
616 14336 19923 771 19079 688 3134 1 0 1 0 0 0 0 0 0 1 1 R 0
617 14356 19794 573 19819 542 3760 1 0 0 0 0 0 0 0 0 2 1 R 0
618 14379 22087 607 20874 569 3793 1 0 4 0 0 0 0 0 0 1 1 R 0
619 14400 20131 724 20194 671 4250 1 0 0 0 0 0 0 0 0 1 1 R 0
620 14418 17748 725 17806 659 3568 1 0 0 0 0 0 0 0 0 2 1 R 0
621 14442 23434 598 21376 577 5482 1 0 5 0 0 0 0 0 0 2 1 R 0
622 14463 19820 586 19841 552 3797 1 0 0 0 0 0 0 0 0 1 1 R 0
623 14483 19707 588 19742 556 3718 1 0 0 0 0 0 0 0 0 2 1 R 0
624 14508 24493 645 23255 625 3276 1 0 5 0 0 0 0 0 0 2 1 R 0
625 14531 22418 772 20798 716 4149 1 0 3 0 0 0 0 0 0 1 1 R 0
626 14550 18522 709 18573 679 4167 1 0 0 0 0 0 0 0 0 2 1 R 0
627 14572 20643 588 20662 550 4680 1 0 0 0 0 0 0 0 0 1 1 R 0
628 14594 21436 997 20049 977 3813 1 0 4 0 0 0 0 0 0 2 1 R 0
629 14613 18245 686 18284 636 3396 1 0 0 0 0 0 0 0 0 1 1 R 0
630 14637 22925 580 22955 544 6585 1 0 0 0 0 0 0 0 0 2 1 R 0
631 14660 22674 588 21683 552 3460 1 0 4 0 0 0 0 0 0 1 1 R 0
632 14680 20009 701 20073 633 4422 1 0 0 0 0 0 0 0 0 1 1 R 0
633 14700 19326 583 19363 547 4282 1 0 0 0 0 0 0 0 0 2 1 R 0
634 14723 21942 636 20888 605 4288 1 0 4 0 0 0 0 0 0 1 1 R 0
635 14745 21549 667 20505 587 5152 1 0 1 0 0 0 0 0 0 1 1 R 0
636 14765 19647 583 19681 547 3739 1 0 0 0 0 0 0 0 0 2 1 R 0
637 14787 21387 734 20640 731 4067 1 0 4 0 0 0 0 0 0 1 1 R 0
638 14808 19354 569 19354 536 4199 1 0 0 0 0 0 0 0 0 1 1 R 0
639 14827 18789 685 18837 639 3155 1 0 0 0 0 0 0 0 0 1 1 R 0
640 14847 19208 683 19252 651 3129 1 0 0 0 0 0 0 0 0 2 1 R 0
641 14870 22352 603 21131 569 3725 1 0 4 0 0 0 0 0 0 1 1 R 0
642 14890 19666 586 19693 555 4290 1 0 0 0 0 0 0 0 0 1 1 R 0
643 14909 18750 720 18813 659 3726 1 0 0 0 0 0 0 0 0 1 1 R 0
644 14934 23552 993 20604 979 3574 1 0 5 0 0 0 0 0 0 2 1 R 0
645 14958 22989 597 23008 567 6449 1 0 0 0 0 0 0 0 0 2 1 R 0
646 14978 20050 580 20085 546 4477 1 0 0 0 0 0 0 0 0 1 1 R 0
647 15002 22635 821 21641 779 4276 1 0 4 0 0 1 0 0 0 1 1 R 0
648 15020 17713 789 17767 726 3036 1 0 0 0 0 0 0 0 0 2 1 R 0
649 15040 19067 668 19096 637 3897 1 0 0 0 0 0 0 0 0 2 1 R 0
650 15060 19390 652 19436 616 3470 1 0 0 0 0 0 0 0 0 2 1 R 0
651 15082 21091 595 19960 560 6186 1 0 4 0 0 0 0 0 0 1 1 R 0
652 15102 20035 1203 20065 1185 4011 1 0 0 0 0 1 0 0 0 1 1 R 0
653 15122 18490 690 18538 631 3336 1 0 0 0 0 0 0 0 0 2 1 R 0
654 15147 24480 575 22440 545 3358 1 0 5 0 0 0 0 0 0 2 1 R 0
655 15168 20093 635 20126 611 3866 1 0 0 0 0 0 0 0 0 1 1 R 0
656 15188 19841 618 19862 598 4426 1 0 0 0 0 0 0 0 0 1 1 R 0
657 15211 22377 670 21189 599 4227 1 0 4 0 0 0 0 0 0 2 1 R 0
658 15230 18017 679 18077 618 3071 1 0 0 0 0 0 0 0 0 1 1 R 0
659 15250 19234 708 19279 670 4270 1 0 0 0 0 0 0 0 0 2 1 R 0
660 15275 24485 1529 24509 909 8777 1 0 1 0 3 0 0 0 0 2 1 R 0
661 15298 20966 627 20618 592 3775 1 0 0 0 0 0 0 0 0 1 1 R 0
662 15317 19148 564 19181 530 4252 1 0 0 0 0 0 0 0 0 1 1 R 0
663 15339 20655 823 18668 741 3415 1 0 1 0 0 0 0 0 0 2 1 R 0
664 15360 21018 740 19978 666 4332 1 0 4 0 0 0 0 0 0 2 1 R 0
665 15381 19308 621 19337 590 4244 1 0 0 0 0 0 0 0 0 1 1 R 0
666 15402 21182 605 20778 585 5594 1 0 1 0 0 0 0 0 0 2 1 R 0
667 15427 23612 718 22209 686 4040 1 0 4 0 0 0 0 0 0 1 1 R 0
668 15448 20442 835 20102 802 3122 1 0 1 0 0 0 0 0 0 1 1 R 0
669 15468 19229 778 19296 710 3694 1 0 0 0 0 0 0 0 0 2 1 R 0
670 15491 22154 797 21154 765 4420 1 0 4 0 0 0 0 0 0 1 1 R 0
671 15513 21600 1266 21673 1206 4320 1 0 0 0 0 0 0 0 0 2 1 R 0
672 15532 17204 791 17228 753 3081 1 0 0 0 0 0 0 0 0 2 1 R 0
673 15552 19939 699 18503 652 3140 1 0 1 0 0 0 0 0 0 2 1 R 0
674 15577 23723 572 22020 542 3282 1 0 4 0 0 0 0 0 0 1 1 R 0
675 15599 22025 791 22060 761 8295 1 0 0 0 0 0 0 0 0 2 1 R 0
676 15620 19437 577 19464 544 4475 1 0 0 0 0 0 0 0 0 1 1 R 0
677 15641 20645 651 19867 611 5449 1 0 4 0 0 0 0 0 0 2 1 R 0
678 15660 18757 743 18827 683 3465 1 0 0 0 0 0 0 0 0 1 1 R 0
679 15681 19698 595 19721 562 4219 1 0 0 0 0 0 0 0 0 1 1 R 0
680 15703 21675 605 20499 571 4391 1 0 4 0 0 0 0 0 0 2 1 R 0
681 15723 19584 567 19616 536 3801 1 0 0 0 0 0 0 0 0 1 1 R 0
682 15745 21465 880 20484 817 3312 1 0 1 0 0 0 0 0 0 2 1 R 0
683 15766 20168 1571 19561 982 3068 1 0 2 0 2 0 0 0 0 1 1 R 0
684 15787 19150 969 19172 962 3205 1 0 0 0 0 0 0 0 0 2 1 R 0
685 15808 20378 581 20375 551 3818 1 0 0 0 0 0 0 0 0 1 1 R 0
686 15828 19510 580 19543 543 4310 1 0 0 0 0 0 0 0 0 1 1 R 0
687 15850 21247 702 20370 656 3878 1 0 4 0 0 0 0 0 0 2 1 R 0
688 15869 18313 699 18350 663 3591 1 0 0 0 0 0 0 0 0 2 1 R 0
689 15891 20803 573 20833 538 4176 1 0 0 0 0 0 0 0 0 1 1 R 0
690 15916 24471 596 23377 568 8121 1 0 4 0 0 0 0 0 0 1 1 R 0
691 15935 18800 887 18866 832 3254 1 0 0 0 0 0 0 0 0 2 1 R 0
692 15956 20282 812 19054 770 3090 1 0 1 0 0 0 0 0 0 1 1 R 0
693 15979 21639 1069 20328 994 3189 1 0 4 0 0 0 0 0 0 2 1 R 0
694 16000 19904 580 19925 544 4307 1 0 0 0 0 0 0 0 0 1 1 R 0
695 16020 19471 616 19505 581 4306 1 0 0 0 0 0 0 0 0 1 1 R 0
696 16042 21159 915 20927 862 4497 1 0 1 0 0 0 0 0 0 2 1 R 0
697 16065 22893 563 21433 536 3527 1 0 4 0 0 0 0 0 0 2 1 R 0
698 16091 24825 989 21749 909 3128 1 0 2 0 0 0 0 0 0 1 1 R 0
699 16112 20599 635 20425 568 4023 1 0 1 0 0 0 0 0 0 1 1 R 0
700 16146 33375 543 23661 501 9942 1 0 7 0 0 0 0 0 0 2 1 R 0
701 16198 50796 686 21234 667 35451 1 2 6 0 1 0 0 0 0 3 0 R 1
702 16219 20236 806 18684 739 2126 1 0 0 0 0 0 0 0 0 0 1 R 0
703 16240 20091 576 20119 541 4082 1 0 0 0 0 0 0 0 0 3 1 R 0
704 16260 20390 695 18732 648 3707 1 0 4 0 0 0 0 0 0 0 1 R 0
705 16284 22539 1067 23069 533 6485 1 0 0 0 0 0 0 0 0 2 1 R 0
706 16305 19948 580 19983 544 4024 1 0 0 0 0 0 0 0 0 1 1 R 0
707 16328 22802 1365 22020 1315 3741 1 0 4 0 0 0 0 0 0 2 1 R 0
708 16356 26553 572 25217 543 4838 1 0 1 0 0 0 0 0 0 2 1 R 0
709 16377 20881 752 20926 723 3382 1 0 0 0 0 0 0 0 0 1 1 R 0
710 16404 25511 1313 24057 625 4381 1 0 4 0 0 0 0 0 0 2 1 R 0
711 16427 22108 627 21568 579 3789 1 0 1 0 0 0 0 0 0 1 1 R 0
712 16446 18633 685 18685 634 3152 1 0 0 0 0 0 0 0 0 2 1 R 0
713 16469 21780 894 20750 828 3110 1 0 4 0 0 0 0 0 0 2 1 R 0
714 16490 19791 794 19814 767 3567 1 0 0 0 0 0 0 0 0 2 1 R 0
715 16510 19512 578 19535 546 4198 1 0 0 0 0 0 0 0 0 1 1 R 0
716 16531 20469 581 20502 546 4351 1 0 0 0 0 1 0 0 0 1 1 R 0
717 16554 22134 1116 20094 1092 5544 1 0 5 0 0 0 0 0 0 2 1 R 0
718 16573 17758 674 17801 630 3057 1 0 0 0 0 0 0 0 0 1 1 R 0
719 16593 19724 1813 19789 1756 3675 1 0 0 0 0 0 0 0 0 2 1 R 0
720 16619 24381 594 23260 559 8910 1 0 4 0 0 0 0 0 0 1 1 R 0
721 16640 19803 561 19832 532 4117 1 0 0 0 0 0 0 0 0 1 1 R 0
722 16661 20477 577 20508 543 4463 1 0 0 0 0 0 0 0 0 2 1 R 0
723 16683 21459 848 20184 804 3548 1 0 4 0 0 0 0 0 0 2 1 R 0
724 16703 19704 1221 19775 1164 4133 1 0 0 0 0 0 0 0 0 1 1 R 0
725 16724 19324 991 19337 976 3721 1 0 0 0 0 0 0 0 0 1 1 R 0
726 16748 23601 578 20793 548 3707 1 0 4 0 0 0 0 0 0 2 1 R 0
727 16767 18189 701 18258 631 3793 1 0 0 0 0 0 0 0 0 2 1 R 0
728 16787 19270 949 19310 934 4715 1 0 0 0 0 0 0 0 0 2 1 R 0
729 16809 20851 571 20860 541 4426 1 0 0 0 0 0 0 0 0 1 1 R 0
730 16831 21448 604 20502 566 5567 1 0 4 0 0 0 0 0 0 1 1 R 0
731 16852 20071 567 20106 535 4560 1 0 0 0 0 0 0 0 0 2 1 R 0
732 16871 18565 988 18622 951 3527 1 0 0 0 0 0 0 0 0 1 1 R 0
733 16893 21135 717 20064 682 3176 1 0 4 0 0 0 0 0 0 2 1 R 0
734 16914 20116 955 20137 933 3794 1 0 0 0 0 0 0 0 0 0 1 R 0
735 16937 22482 752 22501 737 8469 1 0 0 0 0 0 0 0 0 2 1 R 0
736 16961 23504 590 21212 553 4368 1 0 5 0 0 0 0 0 0 1 1 R 0
737 16980 18156 918 18246 835 3746 1 0 0 0 0 0 0 0 0 2 1 R 0
738 17000 18822 745 18893 681 4453 1 0 0 0 0 0 0 0 0 2 1 R 0
739 17021 20648 649 20667 629 4794 1 0 0 0 0 0 0 0 0 1 1 R 0
740 17045 23168 600 21959 574 5617 1 0 4 0 0 1 0 0 0 1 1 R 0
741 17063 17528 1195 17568 1176 3041 1 0 0 0 0 0 0 0 0 2 1 R 0
742 17083 18620 743 18666 662 3932 1 0 0 0 0 0 0 0 0 2 1 R 0
743 17107 22875 594 21816 562 3870 1 0 4 0 0 0 0 0 0 2 1 R 0
744 17127 19423 636 19475 587 3832 1 0 0 0 0 0 0 0 0 1 1 R 0
745 17149 21809 569 21002 539 3816 1 0 1 0 0 0 0 0 0 1 1 R 0
746 17171 21872 800 20281 767 3671 1 0 4 0 0 0 0 0 0 2 1 R 0
747 17191 18347 693 18391 636 3039 1 0 0 0 0 0 0 0 0 2 1 R 0
748 17210 19064 693 19111 661 4296 1 0 0 0 0 0 0 0 0 1 1 R 0
749 17231 20195 578 20213 553 4618 1 0 0 0 0 0 0 0 0 2 1 R 0
750 17257 25429 586 24360 549 11954 1 0 4 0 0 0 0 0 0 1 1 R 0
751 17277 18925 689 18972 644 3144 1 0 0 0 0 0 0 0 0 1 1 R 0
752 17296 18945 675 18997 634 3227 1 0 0 0 0 0 0 0 0 2 1 R 0
753 17319 22283 619 21122 591 3183 1 0 4 0 0 0 0 0 0 3 1 R 0
754 17340 20254 1658 20283 1634 4273 1 0 0 0 0 1 0 0 0 1 1 R 0
755 17363 20679 635 19664 607 5162 1 0 1 0 0 0 0 0 0 1 1 R 0
756 17387 23360 705 21915 684 3273 1 0 5 0 0 0 0 0 0 1 1 R 0
757 17407 19517 577 19535 546 3805 1 0 0 0 0 0 0 0 0 1 1 R 0
758 17427 20089 563 20120 536 3103 1 0 0 0 0 0 0 0 0 2 1 R 0
759 17450 22076 583 21302 553 3765 1 0 4 0 0 0 0 0 0 1 1 R 0
760 17473 22488 1052 22525 1039 4338 1 0 0 0 0 0 0 0 0 1 1 R 0
761 17496 21670 638 21694 598 3864 1 0 0 0 0 0 0 0 0 2 1 R 0
762 17518 21441 949 19609 861 3163 1 0 4 0 0 0 0 0 0 2 1 R 0
763 17539 19788 577 19817 546 4382 1 0 0 0 0 0 0 0 0 1 1 R 0
764 17561 21794 593 20749 555 4331 1 0 1 0 0 0 0 0 0 1 1 R 0
765 17583 21456 1475 21508 1444 6656 1 0 0 0 1 0 0 0 0 2 1 R 0
766 17606 21246 774 19915 687 3316 1 0 3 0 0 0 0 0 0 2 1 R 0
767 17627 20157 585 20180 553 3734 1 0 0 0 0 0 0 0 0 1 1 R 0
768 17647 19860 659 19893 633 3817 1 0 0 0 0 0 0 0 0 2 1 R 0
769 17672 24068 603 22788 570 4670 1 0 4 0 0 0 0 0 0 1 1 R 0
770 17691 18125 697 18186 639 3117 1 0 0 0 0 0 0 0 0 2 1 R 0
771 17710 18888 673 18933 626 4085 1 0 0 0 0 0 0 0 0 1 1 R 0
772 17733 21737 838 20186 802 4325 1 0 4 0 0 0 0 0 0 3 1 R 0
773 17756 22184 587 20846 553 4012 1 0 1 0 0 0 0 0 0 1 1 R 0
774 17776 19285 732 19362 659 3717 1 0 0 0 0 0 0 0 0 1 1 R 0
775 17794 17364 4360 18566 1655 3232 1 0 2 0 2 0 0 0 0 2 1 R 0
776 17817 18619 779 18618 732 3026 1 0 0 0 0 0 0 0 0 2 1 R 0
777 17838 20029 707 20062 687 3840 1 0 0 0 0 0 0 0 0 1 1 R 0
778 17858 19430 600 19451 569 4315 1 0 0 0 0 0 0 0 0 1 1 R 0
779 17882 23470 642 22052 621 4503 1 0 4 0 0 0 0 0 0 2 1 R 0
780 17903 20616 707 20657 653 6216 1 0 0 0 0 0 0 0 0 2 1 R 0
781 17925 21223 683 21274 639 3825 1 0 0 0 0 0 0 0 0 1 1 R 0
782 17947 21361 583 19759 554 3758 1 0 4 0 0 0 0 0 0 1 1 R 0
783 17969 21463 626 20406 597 5742 1 0 1 0 0 0 0 0 0 2 1 R 0
784 17988 18396 649 18432 612 3675 1 0 0 0 0 0 0 0 0 1 1 R 0
785 18010 21576 563 20551 531 3459 1 0 4 0 0 0 0 0 0 2 1 R 0
786 18030 19168 587 19199 556 3656 1 0 0 0 0 0 0 0 0 1 1 R 0
787 18050 19384 560 19420 536 4335 1 0 0 0 0 0 0 0 0 1 1 R 0
788 18070 19377 579 19401 543 4323 1 0 0 0 0 0 0 0 0 2 1 R 0
789 18090 20026 704 19057 649 5251 1 0 4 0 0 0 0 0 0 1 1 R 0
790 18109 17826 746 17871 697 3726 1 0 0 0 0 0 0 0 0 2 1 R 0
791 18129 19336 844 19402 769 4633 1 0 0 0 0 0 0 0 0 2 1 R 0
792 18155 24699 574 22759 542 5172 1 0 5 0 0 0 0 0 0 1 1 R 0
793 18180 25020 832 21873 788 3678 1 0 2 0 0 0 0 0 0 2 1 R 0
794 18199 17802 555 17853 507 3904 1 0 0 0 0 0 0 0 0 0 1 R 0
795 18265 65341 2718 20431 864 54484 1 2 3 0 1 0 0 0 0 4 0 R 1
796 18294 26224 1325 17156 1313 2396 1 0 5 0 1 0 0 0 0 0 0 R 0
797 18312 17018 837 15435 748 2181 1 0 0 0 0 0 0 0 0 1 1 R 0
798 18336 23251 803 23328 733 5574 1 0 0 0 0 0 0 0 0 1 1 R 0
799 18359 22533 591 19814 559 3799 1 0 4 0 0 0 0 0 0 2 1 R 0
800 18380 19931 1300 19998 1240 4302 1 0 0 0 0 0 0 0 0 1 1 R 0
801 18400 19024 788 19089 721 4454 1 0 0 0 0 0 0 0 0 2 1 R 0
802 18419 17525 1104 17592 1035 3605 1 0 0 0 0 0 0 0 0 2 1 R 0
803 18443 23620 1013 22624 997 7526 1 0 4 0 0 0 0 0 0 1 1 R 0
804 18464 19223 907 19236 887 3821 1 0 0 0 0 0 0 0 0 1 1 R 0
805 18483 18624 576 18643 544 3470 1 0 0 0 0 0 0 0 0 1 1 R 0
806 18505 21596 951 20608 864 3416 1 0 4 0 0 0 0 0 0 2 1 R 0
807 18525 18771 830 18830 763 3211 1 0 0 0 0 0 0 0 0 2 1 R 0
808 18549 23471 568 21183 543 3411 1 0 2 0 0 0 0 0 0 1 1 R 0
809 18574 24430 561 22035 530 5546 1 0 5 0 0 0 0 0 0 1 1 R 0
810 18599 24347 1554 24385 1541 7803 1 0 0 0 0 0 0 0 0 3 1 R 0
811 18631 30279 1918 29253 1844 3703 1 0 1 0 0 0 0 0 0 1 1 R 0
812 18666 32726 843 24315 777 4308 1 0 5 0 0 0 0 0 0 1 1 R 0
813 18686 19232 627 19273 593 3773 1 0 0 0 0 0 0 0 0 1 1 R 0
814 18726 39763 809 26912 798 4147 1 0 9 0 1 0 0 0 0 2 1 R 0
815 18764 36675 1350 27043 1330 11176 1 0 5 0 0 0 0 0 0 2 1 R 0
816 18799 33533 762 23222 742 3675 1 0 5 0 1 0 0 0 0 2 0 R 0
817 18835 36117 6751 23927 786 11578 1 0 3 0 1 0 0 0 0 2 0 R 0
818 18863 21062 7355 17814 1222 4251 1 0 5 0 1 0 0 0 0 0 0 R 0
819 18906 35336 900 28754 882 10636 1 0 5 0 1 0 0 0 0 1 0 R 0
820 18967 59721 1556 35406 1527 15205 1 0 9 0 1 0 0 0 0 3 0 R 0
821 19004 35381 1187 20902 1170 4031 1 0 7 0 0 0 0 0 0 1 1 R 1
822 19022 17590 731 17638 673 3058 1 0 0 0 0 0 0 0 0 2 1 R 0
823 19057 34266 1193 23703 1135 3648 1 0 7 0 0 0 0 0 0 2 1 R 0
824 19085 26136 817 24447 790 7499 1 0 3 0 0 0 0 0 0 1 1 R 0
825 19133 47881 3630 27511 1407 22308 1 0 4 0 1 0 0 0 0 2 1 R 0
826 19156 19293 578 19286 532 3103 1 0 0 0 0 0 0 0 0 1 1 R 0
827 19215 57957 2828 28329 1015 27881 1 2 7 0 1 0 0 0 0 2 0 R 1
828 19271 53869 1606 35262 2148 9698 1 0 12 0 1 0 0 0 0 2 0 R 0
829 19334 61348 987 34822 967 13587 1 0 14 0 1 0 0 0 0 3 0 R 0
830 19405 69533 1034 37982 980 16079 1 0 14 0 0 0 0 0 0 2 0 R 0
831 19451 44593 1595 28720 2061 3958 1 0 8 0 1 0 0 0 0 2 0 R 0
832 19508 55639 733 35300 703 15925 1 0 14 0 1 0 0 0 0 2 1 R 1
833 19576 67427 593 27235 564 5995 1 0 5 0 1 1 0 0 0 2 1 R 0
834 19620 43703 680 22509 647 16110 1 0 7 0 0 0 0 0 0 2 1 R 0
835 19675 54074 3254 23702 1131 33905 1 0 6 0 1 0 0 0 0 2 0 R 1
836 19732 54101 2293 23552 1314 11261 1 0 10 0 0 0 0 0 0 2 1 R 1
837 19787 52345 1180 28398 1129 3873 1 0 11 0 0 0 0 0 0 1 1 R 3
838 19841 52392 4767 28456 823 15857 1 0 15 0 0 0 0 0 0 3 1 R 3
839 19890 44452 2205 26374 894 5986 1 0 10 0 1 0 0 0 0 2 1 R 2
840 19947 55125 4554 29675 2478 20819 1 0 16 0 1 0 0 1 1 2 1 R 3
841 20005 53495 574 24953 546 14709 1 1 9 0 0 0 0 0 0 2 1 R 0
842 20057 50861 2556 25958 995 5449 1 0 6 0 1 0 0 0 0 2 1 R 2
843 20112 53005 576 27802 551 14482 1 0 15 0 1 0 0 0 0 2 1 R 3
844 20166 53184 3714 24565 902 10043 1 0 14 0 1 0 0 0 0 3 1 R 0
845 20211 41316 1302 30847 1243 12956 1 0 7 0 1 0 0 1 1 2 1 R 1
846 20278 65230 4074 31527 1514 7295 1 1 19 0 1 0 0 0 0 3 1 R 0
847 20339 57450 5891 23020 1667 27448 1 0 7 0 2 0 0 0 0 2 0 R 0
848 20395 50094 3026 26997 1301 15373 1 0 11 0 1 0 0 0 0 1 1 R 4
849 20447 48444 702 25858 635 16220 1 0 9 0 0 0 0 0 0 1 1 R 2
850 20481 33980 8639 19083 3044 7687 1 0 4 0 2 0 0 0 0 3 1 R 1
851 20539 49578 618 23673 594 10363 1 0 12 0 0 0 0 0 0 1 1 R 0
852 20596 56048 9256 25815 1148 16349 1 0 15 0 1 0 0 0 0 3 1 R 1
853 20649 43569 6511 33088 2451 4484 1 0 4 0 2 0 0 1 1 3 1 R 1
854 20713 57468 3676 28750 1802 10492 1 1 13 0 1 0 0 1 1 2 1 R 2
855 20812 95921 3495 49944 1299 21981 1 1 21 0 1 0 0 0 0 3 0 R 1
856 20867 51188 1163 23754 1156 12843 1 0 15 0 1 1 0 0 0 1 1 R 1
857 20910 41761 1141 29953 1098 12753 1 0 5 0 1 0 0 1 1 1 1 R 2
858 20969 57881 5749 35957 4659 13969 1 1 9 0 2 0 0 1 1 3 1 R 1
859 21029 54098 854 27975 758 22301 1 1 8 0 0 0 0 0 0 2 1 R 0
860 21059 29158 597 25055 557 5599 1 0 6 0 0 1 0 0 0 1 1 R 0
861 21141 81166 1443 24426 1421 52437 1 2 11 0 1 0 0 0 1 3 0 R 3
862 21173 30944 637 20091 1348 6315 1 1 6 0 1 0 0 0 0 1 1 R 0
863 21200 25967 587 22167 554 3149 1 0 5 0 0 0 0 0 0 2 1 R 0
864 21221 20954 594 20658 561 5502 1 0 1 0 0 0 0 0 0 1 1 R 0
865 21243 21263 600 20899 563 5230 1 0 1 0 0 0 0 0 0 2 1 R 0
866 21266 21927 792 21002 752 3235 1 0 4 0 0 0 0 0 0 2 1 R 0
867 21285 18907 1190 18981 1115 3277 1 0 0 0 0 0 0 0 0 1 1 R 0
868 21307 20227 576 20251 546 3787 1 0 0 0 0 0 0 0 0 2 1 R 0
869 21329 21783 586 20524 555 3677 1 0 4 0 0 0 0 0 0 2 1 R 0
870 21352 22742 588 22777 553 8135 1 0 0 0 0 0 0 0 0 1 1 R 0
871 21373 19847 588 19883 557 3761 1 0 0 0 0 0 0 0 0 1 1 R 0
872 21398 24458 637 21783 627 3576 1 0 6 0 0 0 0 0 0 1 1 R 0
873 21419 19949 612 19963 589 4322 1 0 0 0 0 0 0 0 0 1 1 R 0
874 21439 20279 581 20302 552 4455 1 0 0 0 0 0 0 0 0 1 1 R 0
875 21460 19867 587 19895 564 4426 1 0 0 0 0 0 0 0 0 1 1 R 0
876 21481 20503 798 19606 752 5374 1 0 4 0 0 0 0 0 0 2 1 R 0
877 21500 18208 727 18256 677 3032 1 0 0 0 0 0 0 0 0 2 1 R 0
878 21520 19214 729 19269 672 4057 1 0 0 0 0 0 0 0 0 2 1 R 0
879 21544 22989 1033 21509 1016 4277 1 0 4 0 0 0 0 0 0 1 1 R 0
880 21563 18600 1285 18636 1248 3771 1 0 0 0 0 0 0 0 0 1 1 R 0
881 21586 21713 576 20666 539 3796 1 0 1 0 0 0 0 0 0 2 1 R 0
882 21609 22109 574 21241 518 3808 1 0 4 0 0 0 0 0 0 1 1 R 0
883 21629 19639 585 19674 553 3764 1 0 0 0 0 0 0 0 0 1 1 R 0
884 21650 20090 583 20119 551 4408 1 0 0 0 0 0 0 0 0 1 1 R 0
885 21672 22054 581 22088 543 6785 1 0 0 0 0 0 0 0 0 2 1 R 0
886 21695 21893 664 20585 627 3285 1 0 4 0 0 0 0 0 0 2 1 R 0
887 21715 19697 565 19718 532 3091 1 0 0 0 0 0 0 0 0 1 1 R 0
888 21735 19225 645 19255 631 4013 1 0 0 0 0 0 0 0 0 1 1 R 0
889 21759 23261 582 20745 547 3993 1 0 3 0 0 0 0 0 0 1 1 R 0
890 21780 20245 774 19188 720 3712 1 0 1 0 0 0 0 0 0 2 1 R 0
891 21799 18363 691 18408 650 3568 1 0 0 0 0 0 0 0 0 2 1 R 0
892 21822 22028 594 20951 565 4285 1 0 4 0 0 0 0 0 0 1 1 R 0
893 21842 19939 584 19971 551 3746 1 0 0 0 0 0 0 0 0 1 1 R 0
894 21862 19206 570 19239 534 3545 1 0 0 0 0 0 0 0 0 2 1 R 0
895 21881 18165 832 18258 750 3283 1 0 0 0 0 0 0 0 0 2 1 R 0
896 21903 21339 704 20089 643 6578 1 0 4 0 0 0 0 0 0 2 1 R 0
897 21923 19791 956 19826 938 3533 1 0 0 0 0 0 0 0 0 1 1 R 0
898 21944 20056 613 20066 590 3802 1 0 0 0 0 0 0 0 0 1 1 R 0
899 21966 21245 573 19864 543 3507 1 0 4 0 0 0 0 0 0 1 1 R 0
900 21991 24072 590 22715 552 7700 1 0 1 0 0 0 0 0 0 2 1 R 0
901 22010 18396 677 18445 640 3738 1 0 0 0 0 0 0 0 0 2 1 R 0
902 22033 22815 1010 21391 991 5005 1 0 4 0 0 0 0 0 0 1 1 R 0
903 22055 20206 617 20221 596 4024 1 0 0 0 0 0 0 0 0 1 1 R 0
904 22075 19285 586 19316 546 3811 1 0 0 0 0 0 0 0 0 1 1 R 0
905 22095 20079 2317 20109 1349 3391 1 0 1 0 3 0 0 0 0 2 1 R 0
906 22118 20013 1028 20110 935 3069 1 0 0 0 0 0 0 0 0 1 1 R 0
907 22138 19585 580 19596 549 4409 1 0 0 0 0 0 0 0 0 2 1 R 0
908 22158 19379 573 19414 544 4313 1 0 0 0 0 0 0 0 0 2 1 R 0
909 22183 24169 554 22157 532 4361 1 0 5 0 0 0 0 0 0 1 1 R 0
910 22202 18371 670 18414 633 3313 1 0 0 0 0 0 0 0 0 2 1 R 0
911 22221 19023 742 19083 682 3105 1 0 0 0 0 0 0 0 0 2 1 R 0
912 22245 22440 582 20707 552 3677 1 0 4 0 0 0 0 0 0 2 1 R 0
913 22265 19881 618 19914 584 3788 1 0 0 0 0 0 0 0 0 1 1 R 0
914 22283 17121 699 17178 654 3009 1 0 0 0 0 0 0 0 0 1 1 R 0
915 22309 25711 654 24771 635 6609 1 0 4 0 0 0 0 0 0 2 1 R 0
916 22327 17314 629 17351 596 3585 1 0 0 0 0 0 0 0 0 2 1 R 0
917 22380 52480 2881 28687 887 29713 1 2 7 0 1 0 0 0 0 1 0 R 0
918 22413 29333 623 19053 607 5645 1 0 8 0 1 0 0 0 0 1 0 R 0
919 22431 18084 555 15923 519 2149 1 0 2 0 0 0 0 0 0 0 1 R 0
920 22466 34387 625 18591 612 21836 1 2 3 0 1 0 0 0 0 3 0 R 1
921 22491 24616 717 16508 694 2292 1 0 2 0 1 0 0 0 0 0 0 R 0
922 22508 16308 552 14516 506 2191 1 0 0 0 0 0 0 0 0 0 1 R 0
923 22545 35691 661 18461 643 25339 1 2 2 0 1 0 0 0 0 3 0 R 1
924 22569 23282 579 18544 548 6148 1 0 2 0 0 0 0 0 0 1 1 R 0
925 22593 23470 567 20004 543 4111 1 0 5 0 0 0 0 0 0 2 1 R 0
926 22611 18092 695 18134 658 3155 1 0 0 0 0 1 0 0 0 2 1 R 0
927 22632 20058 675 20092 647 3556 1 0 0 0 0 0 0 0 0 2 1 R 0
928 22653 19924 595 19946 559 4010 1 0 0 0 0 0 0 0 0 1 1 R 0
929 22676 22490 641 20689 608 3832 1 0 4 0 0 0 0 0 0 2 1 R 0
930 22698 21435 934 21492 887 6504 1 0 0 0 0 0 0 0 0 1 1 R 0
931 22717 18367 738 18397 716 3687 1 0 0 0 0 0 0 0 0 2 1 R 0
932 22740 22286 596 21383 564 3364 1 0 4 0 0 0 0 0 0 1 1 R 0
933 22761 19680 588 19713 556 4219 1 0 0 0 0 0 0 0 0 1 1 R 0
934 22781 19667 579 19698 544 4461 1 0 0 0 0 0 0 0 0 1 1 R 0
935 22803 21713 1493 19712 1465 4960 1 0 5 0 0 0 0 0 0 2 1 R 0
936 22822 17553 666 17565 629 3073 1 0 0 0 0 0 0 0 0 2 1 R 0
937 22842 19302 677 19350 634 3253 1 0 0 0 0 0 0 0 0 2 1 R 0
938 22863 20622 2201 20652 1512 4628 1 0 0 0 3 0 0 0 0 1 1 R 0
939 22887 21286 582 20388 552 3854 1 0 1 0 0 0 0 0 0 1 1 R 0
940 22906 18487 650 18529 602 3073 1 0 0 0 0 0 0 0 0 2 1 R 0
941 22926 19188 684 19260 616 3075 1 0 0 0 0 0 0 0 0 2 1 R 0
942 22949 22156 813 21357 739 3241 1 0 4 0 0 0 0 0 0 1 1 R 0
943 22969 20033 576 20055 544 4292 1 0 0 0 0 0 0 0 0 2 1 R 0
944 22991 20632 578 19197 552 4163 1 0 1 0 0 0 0 0 0 2 1 R 0
945 23016 24806 582 23378 548 6510 1 0 4 0 0 0 0 0 0 1 1 R 0
946 23036 19125 635 19161 602 4040 1 0 0 0 0 0 0 0 0 2 1 R 0
947 23056 19906 561 19936 526 3376 1 0 0 0 0 0 0 0 0 1 1 R 0
948 23079 21702 709 20982 686 3818 1 0 4 0 0 0 0 0 0 1 1 R 0
949 23099 19850 568 19872 538 4202 1 0 0 0 0 0 0 0 0 1 1 R 0
950 23118 18409 762 18465 715 3733 1 0 0 0 0 0 0 0 0 2 1 R 0
951 23138 18995 702 19033 654 3689 1 0 0 0 0 0 0 0 0 2 1 R 0
952 23161 22213 582 21338 552 5721 1 0 4 0 0 0 0 0 0 1 1 R 0
953 23181 19307 589 19340 555 4238 1 0 0 0 0 0 0 0 0 1 1 R 0
954 23203 21436 627 20454 596 4382 1 0 1 0 0 0 0 0 0 2 1 R 0
955 23225 21540 672 20556 641 3147 1 0 4 0 0 0 0 0 0 2 1 R 0
956 23243 17515 671 17562 629 3156 1 0 0 0 0 0 0 0 0 2 1 R 0
957 23265 21234 753 21291 680 4248 1 0 0 0 0 0 0 0 0 1 1 R 0
958 23288 22292 1364 21295 1355 4006 1 0 4 0 0 1 0 0 0 1 1 R 0
959 23308 18692 681 18718 642 3532 1 0 0 0 0 0 0 0 0 2 1 R 0
960 23331 21876 771 21967 685 6527 1 0 0 0 0 0 0 0 0 2 1 R 0
961 23349 17548 760 17607 699 3573 1 0 0 0 0 0 0 0 0 1 1 R 0
962 23373 23165 1196 22071 1188 7526 1 0 4 0 0 0 0 0 0 1 1 R 0
963 23398 23780 577 22230 551 3762 1 0 2 0 0 0 0 0 0 2 1 R 0
964 23418 19569 705 19092 666 3134 1 0 1 0 0 0 0 0 0 2 1 R 0
965 23440 21741 867 20500 838 5361 1 0 4 0 0 0 0 0 0 2 1 R 0
966 23461 19974 627 19985 598 4176 1 0 0 0 0 0 0 0 0 1 1 R 0
967 23481 19503 595 19534 562 4240 1 0 0 0 0 0 0 0 0 1 1 R 0
968 23505 22724 575 21056 558 3960 1 0 4 0 0 0 0 0 0 1 1 R 0
969 23523 17810 1227 17870 1181 3105 1 0 0 0 0 0 0 0 0 2 1 R 0
970 23542 18030 713 18082 648 3651 1 0 0 0 0 0 0 0 0 2 1 R 0
971 23565 21704 1540 21730 938 4158 1 0 1 0 3 0 0 0 0 2 1 R 0
972 23587 20194 632 19917 609 4040 1 0 0 0 0 0 0 0 0 1 1 R 0
973 23609 21350 593 20288 561 5624 1 0 1 0 0 0 0 0 0 1 1 R 0
974 23627 18190 704 18232 662 3606 1 0 0 0 0 0 0 0 0 2 1 R 0
975 23653 25105 578 24237 547 9583 1 0 4 0 0 0 0 0 0 1 1 R 0
976 23673 19537 1568 19636 1483 3216 1 0 0 0 0 0 0 0 0 2 1 R 0
977 23694 18900 953 18917 935 3753 1 0 0 0 0 0 0 0 0 1 1 R 0
978 23717 22119 623 20631 592 3815 1 0 4 0 0 0 0 0 0 1 1 R 0
979 23736 18562 685 18626 625 3387 1 0 0 0 0 0 0 0 0 2 1 R 0
980 23756 19211 789 19246 759 3447 1 0 0 0 0 0 0 0 0 2 1 R 0
981 23780 22924 569 22158 541 3927 1 0 4 0 0 0 0 0 0 1 1 R 0
982 23801 20920 588 19585 555 4463 1 0 1 0 0 0 0 0 0 1 1 R 0
983 23819 17845 675 17903 629 3544 1 0 0 0 0 0 0 0 0 2 1 R 0
984 23839 19182 759 19220 716 4233 1 0 0 0 0 0 0 0 0 2 1 R 0
985 23861 20544 674 19481 633 5673 1 0 4 0 0 0 0 0 0 2 1 R 0
986 23881 19727 608 19754 576 4129 1 0 0 0 0 0 0 0 0 1 1 R 0
987 23901 19677 604 19712 566 4195 1 0 0 0 0 0 0 0 0 1 1 R 0
988 23924 21769 1016 20337 1010 4029 1 0 4 0 0 0 0 0 0 2 1 R 0
989 23943 17781 722 17826 648 3113 1 0 0 0 0 0 0 0 0 1 1 R 0
990 23966 22757 743 22783 711 6017 1 0 0 0 0 0 0 0 0 2 1 R 0
991 23989 22317 578 21547 548 4001 1 0 4 0 0 0 0 0 0 1 1 R 0
992 24010 20845 722 19529 683 5644 1 0 1 0 0 0 0 0 0 2 1 R 0
993 24030 19274 686 19325 644 3657 1 0 0 0 0 0 0 0 0 1 1 R 0
994 24049 18306 677 18347 632 3539 1 0 0 0 0 0 0 0 0 2 1 R 0
995 24072 21465 801 20365 752 6321 1 0 4 0 0 0 0 0 0 2 1 R 0
996 24093 20159 590 20189 557 3772 1 0 0 0 0 0 0 0 0 1 1 R 0
997 24113 19517 576 19548 541 3883 1 0 0 0 0 0 0 0 0 0 1 R 0
998 24136 23242 562 22154 529 3232 1 0 4 0 0 0 0 0 0 3 1 R 0
999 24157 19785 576 19816 545 3297 1 0 0 0 0 0 0 0 0 1 1 R 0
1000 24177 19853 558 19886 526 3394 1 0 0 0 0 0 0 0 0 1 1 R 0
1001 24200 22502 579 20998 550 3784 1 0 4 0 0 0 0 0 0 1 1 R 0
1002 24222 20592 579 20625 547 4629 1 0 0 0 0 0 0 0 0 2 1 R 0
1003 24240 18292 700 18336 666 3212 1 0 0 0 0 0 0 0 0 2 1 R 0
1004 24260 18639 741 18706 671 4278 1 0 0 0 0 0 0 0 0 2 1 R 0
1005 24287 26308 594 25443 559 13114 1 0 4 0 0 0 0 0 0 1 1 R 0
1006 24307 19602 570 19633 541 3798 1 0 0 0 0 0 0 0 0 1 1 R 0
1007 24327 19777 576 19805 545 3805 1 0 0 0 0 0 0 0 0 2 1 R 0
1008 24350 22208 569 21197 538 3179 1 0 4 0 0 0 0 0 0 2 1 R 0
1009 24369 17975 667 18021 643 3759 1 0 0 0 0 0 0 0 0 1 1 R 0
1010 24393 23597 1316 23666 1240 4510 1 0 0 0 0 0 0 0 0 2 1 R 0
1011 24432 37558 699 27233 637 4790 1 0 10 0 0 0 0 0 0 2 1 R 0
1012 24469 36531 2890 24488 1049 3664 1 0 4 0 0 0 0 0 0 2 1 R 0
1013 24493 21395 1693 20085 1253 4710 1 0 4 0 1 0 0 0 0 2 1 R 0
1014 24515 20151 578 20144 543 3864 1 0 0 0 0 0 0 0 0 1 1 R 0
1015 24534 18015 1810 18947 903 3616 1 0 0 0 0 0 0 0 0 1 1 R 0
1016 24557 21316 785 20258 751 3318 1 0 4 0 0 0 0 0 0 2 1 R 0
1017 24577 19003 774 19055 713 3159 1 0 0 0 0 0 0 0 0 2 1 R 0
1018 24599 21399 569 20539 543 3678 1 0 1 0 0 0 0 0 0 1 1 R 0
1019 24622 22771 606 21599 571 4332 1 0 4 0 0 1 0 0 0 1 1 R 0
1020 24645 22678 769 22749 701 6095 1 0 0 0 0 0 0 0 0 2 1 R 0
1021 24665 18474 663 18508 634 3103 1 0 0 0 0 0 0 0 0 1 1 R 0
1022 24688 22259 698 21462 676 4489 1 0 4 0 0 0 0 0 0 2 1 R 0
1023 24708 19897 581 19920 547 4238 1 0 0 0 0 0 0 0 0 1 1 R 0
1024 24730 20755 584 20793 547 4376 1 0 0 0 0 0 0 0 0 1 1 R 0
1025 24750 19805 888 19899 804 4211 1 0 0 0 0 0 0 0 0 2 1 R 0
1026 24771 20626 808 19794 768 5573 1 0 4 0 0 0 0 0 0 2 1 R 0
1027 24791 18361 706 18400 668 3087 1 0 0 0 0 0 0 0 0 1 1 R 0
1028 24813 21619 626 20662 589 5954 1 0 1 0 0 0 0 0 0 2 1 R 0
1029 24836 22165 582 20450 547 3922 1 0 4 0 0 0 0 0 0 1 1 R 0
1030 24856 19714 775 19325 704 3417 1 0 1 0 0 0 0 0 0 2 1 R 0
1031 24876 18847 702 18898 649 3039 1 0 0 0 0 0 0 0 0 1 1 R 0
1032 24899 22884 635 22161 603 3799 1 0 4 0 0 0 0 0 0 2 1 R 0
1033 24920 19893 588 19926 552 4356 1 0 0 0 0 0 0 0 0 1 1 R 0
1034 24940 19980 584 20015 549 4316 1 0 0 0 0 0 0 0 0 2 1 R 0
1035 24962 21366 785 21461 696 6445 1 0 0 0 0 0 0 0 0 2 1 R 0
1036 24985 21981 904 20178 863 3704 1 0 5 0 0 0 0 0 0 1 1 R 0
1037 25008 22216 579 21204 542 3687 1 0 1 0 0 0 0 0 0 1 1 R 0
1038 25029 20230 586 20268 549 4387 1 0 0 0 0 0 0 0 0 2 1 R 0
1039 25051 21192 579 20085 543 4403 1 0 4 0 0 0 0 0 0 1 1 R 0
1040 25070 18903 688 18577 637 3676 1 0 1 0 0 0 0 0 0 2 1 R 0
1041 25091 19859 721 19913 680 3666 1 0 0 0 0 0 0 0 0 1 1 R 0
1042 25114 22072 1032 21053 1006 3859 1 0 4 0 0 0 0 0 0 2 1 R 0
1043 25134 19607 695 19628 657 3806 1 0 0 0 0 0 0 0 0 1 1 R 0
1044 25152 17474 794 17519 760 3263 1 0 0 0 0 0 0 0 0 1 1 R 0
1045 25172 19052 670 19088 629 3062 1 0 0 0 0 0 0 0 0 1 1 R 0
1046 25196 23460 587 21921 558 3388 1 0 4 0 0 0 0 0 0 2 1 R 0
1047 25218 20989 585 19929 555 5724 1 0 1 0 0 0 0 0 0 1 1 R 0
1048 25238 19701 570 19730 541 4434 1 0 0 0 0 0 0 0 0 1 1 R 0
1049 25261 22007 651 20995 544 4268 1 0 4 0 0 0 0 0 0 2 1 R 0
1050 25282 20768 836 20828 791 6310 1 0 0 0 0 0 0 0 0 2 1 R 0
1051 25303 20121 1135 20161 1237 3889 1 0 0 0 0 0 0 0 0 2 1 R 0
1052 25326 21408 579 20073 548 3814 1 0 4 0 0 0 0 0 0 1 1 R 0
1053 25347 20507 591 20542 559 3622 1 0 0 0 0 0 0 0 0 1 1 R 0
1054 25365 17851 803 17919 754 3190 1 0 0 0 0 0 0 0 0 2 1 R 0
1055 25389 22970 583 21181 556 4115 1 0 4 0 0 0 0 0 0 2 1 R 0
1056 25410 20706 648 19451 615 4285 1 0 1 0 0 0 0 0 0 1 1 R 0
1057 25431 19917 592 19957 551 4341 1 0 0 0 0 0 0 0 0 1 1 R 0
1058 25453 21801 1301 20756 1298 4570 1 0 1 0 1 0 0 0 0 2 1 R 0
1059 25478 23512 574 21328 541 3124 1 0 4 0 0 0 0 0 0 1 1 R 0
1060 25497 18173 808 18217 774 3037 1 0 0 0 0 0 0 0 0 2 1 R 0
1061 25518 19820 1283 19840 1291 4197 1 0 0 0 0 1 0 0 0 1 1 R 0
1062 25541 21766 592 20459 557 6535 1 0 4 0 0 0 0 0 0 1 1 R 0
1063 25560 18536 668 18583 626 3641 1 0 0 0 0 0 0 0 0 2 1 R 0
1064 25580 19320 911 19365 875 3819 1 0 0 0 0 0 0 0 0 2 1 R 0
1065 25607 26053 585 23081 555 6616 1 0 5 0 0 0 0 0 0 1 1 R 0
1066 25628 20398 617 20438 580 3833 1 0 0 0 0 0 0 0 0 2 1 R 0
1067 25649 20810 640 20841 610 4313 1 0 0 0 0 0 0 0 0 1 1 R 0
1068 25676 25898 582 22653 547 4494 1 0 7 0 0 0 0 0 0 1 1 R 0
1069 25696 19515 886 19553 872 3045 1 0 0 0 0 0 0 0 0 2 1 R 0
1070 25728 31150 583 24368 551 3750 1 0 5 0 0 0 0 0 0 1 1 R 0
1071 25750 21903 592 20895 552 5828 1 0 4 0 0 0 0 0 0 2 1 R 0
1072 25769 17966 676 18026 624 3733 1 0 0 0 0 0 0 0 0 1 1 R 0
1073 25789 19362 793 19403 748 3670 1 0 0 0 0 0 0 0 0 2 1 R 0
1074 25813 23412 582 21161 549 4278 1 0 5 0 0 0 0 0 0 2 1 R 0
1075 25839 25805 2255 22746 2206 3796 1 0 2 0 0 0 0 1 1 3 0 S 2
1076 25887 45046 989 26531 857 3217 1 1 10 0 0 0 0 1 1 1 0 R 1
1077 25913 25143 2347 17501 793 7832 1 1 3 0 1 0 0 0 1 0 0 R 1
1078 25942 27132 1003 18187 949 7140 1 1 6 0 1 0 0 0 1 2 0 R 1
1079 25968 25167 579 19191 538 6644 1 1 4 0 0 0 0 0 0 1 1 R 0
1080 25992 22916 564 22950 531 7043 1 0 0 0 0 0 0 0 0 2 1 R 0
1081 26013 20555 2149 18987 1999 3165 1 0 1 0 3 0 0 0 0 2 1 R 0
1082 26037 21346 576 20271 545 4023 1 0 1 0 0 0 0 0 0 1 1 R 0
1083 26057 19673 573 19705 540 3812 1 0 0 0 0 0 0 0 0 1 1 R 0
1084 26076 18685 657 18746 599 3265 1 0 0 0 0 0 0 0 0 2 1 R 0
1085 26099 22289 721 21283 670 3719 1 0 4 0 0 0 0 0 0 2 1 R 0
1086 26120 20346 583 19887 551 4032 1 0 1 0 0 0 0 0 0 1 1 R 0
1087 26141 19913 590 19946 556 4258 1 0 0 0 0 0 0 0 0 1 1 R 0
1088 26164 22310 1001 21155 979 4331 1 0 4 0 0 0 0 0 0 1 1 R 0
1089 26183 18275 821 18326 759 3416 1 0 0 0 0 0 0 0 0 2 1 R 0
1090 26203 19686 1408 19193 1407 3148 1 0 1 0 0 0 0 0 0 2 1 R 0
1091 26229 23888 653 21765 771 4592 1 0 5 0 0 0 0 0 0 2 1 R 0
1092 26249 19690 630 19573 611 4265 1 0 0 0 0 0 0 0 0 1 1 R 0
1093 26270 20706 576 20727 541 4507 1 0 0 0 0 0 0 0 0 1 1 R 0
1094 26289 18611 683 18671 638 3804 1 0 0 0 0 0 0 0 0 2 1 R 0
1095 26314 24336 556 23382 530 8686 1 0 4 0 0 0 0 0 0 2 1 R 0
1096 26335 19628 827 19670 801 3794 1 0 0 0 0 0 0 0 0 1 1 R 0
1097 26357 21044 575 20628 540 4015 1 0 1 0 0 0 0 0 0 1 1 R 0
1098 26379 21882 584 20872 549 3848 1 0 4 0 0 0 0 0 0 1 1 R 0
1099 26399 18958 644 18991 619 3759 1 0 0 0 0 0 0 0 0 2 1 R 0
1100 26420 21060 721 20037 693 3698 1 0 1 0 0 0 0 0 0 2 1 R 0
1101 26444 23504 641 21909 621 5286 1 0 5 0 0 0 0 0 0 1 1 R 0
1102 26465 19817 689 19828 666 3875 1 0 0 0 0 0 0 0 0 1 1 R 0
1103 26489 23424 965 21082 898 6426 1 0 1 0 0 0 0 0 0 1 1 R 0
1104 26514 23673 1625 21614 1620 4052 1 0 4 0 0 0 0 0 0 2 1 R 0
1105 26561 45442 2385 20648 677 30856 1 2 3 0 1 0 0 0 0 4 0 R 1
1106 26587 23672 712 21697 695 3463 1 0 5 0 0 0 0 0 0 1 1 R 0
1107 26608 20486 673 19909 641 3142 1 0 1 0 0 0 0 0 0 2 1 R 0
1108 26630 21193 788 19683 739 4226 1 0 2 0 0 0 0 0 0 2 1 R 0
1109 26653 22133 595 20924 565 4255 1 0 4 0 0 0 0 0 0 1 1 R 0
1110 26677 23557 571 23588 539 7218 1 0 0 0 0 0 0 0 0 1 1 R 0
1111 26696 18661 692 18724 628 3036 1 0 0 0 0 0 0 0 0 2 1 R 0
1112 26719 22056 1017 20947 984 3165 1 0 4 0 0 1 0 0 0 1 1 R 0
1113 26740 20380 596 20410 557 4379 1 0 0 0 0 0 0 0 0 2 1 R 0
1114 26760 19208 588 19243 556 4273 1 0 0 0 0 0 0 0 0 1 1 R 0
1115 26781 19949 578 19982 545 4339 1 0 0 0 0 0 0 0 0 1 1 R 0
1116 26802 20284 696 19257 641 5765 1 0 4 0 0 0 0 0 0 2 1 R 0
1117 26825 22959 561 21940 530 3163 1 0 1 0 0 0 0 0 0 2 1 R 0
1118 26845 19569 582 19601 552 3783 1 0 0 0 0 0 0 0 0 1 1 R 0
1119 26868 22488 591 20989 558 3823 1 0 4 0 0 0 0 0 0 1 1 R 0
1120 26889 19813 624 19895 533 4365 1 0 0 0 0 0 0 0 0 1 1 R 0
1121 26909 19523 987 19615 907 3719 1 0 0 0 0 0 0 0 0 2 1 R 0
1122 26931 21426 605 20030 575 3456 1 0 4 0 0 0 0 0 0 2 1 R 0
1123 26951 19424 587 19457 553 3987 1 0 0 0 0 0 0 0 0 1 1 R 0
1124 26972 19842 607 19873 577 3927 1 0 0 0 0 0 0 0 0 1 1 R 0
1125 26997 24509 909 23780 663 6437 1 0 4 0 0 0 0 0 0 2 1 R 0
1126 27018 20346 676 18207 635 3082 1 0 1 0 0 0 0 0 0 2 1 R 0
1127 27038 19054 759 19102 726 3846 1 0 0 0 0 0 0 0 0 2 1 R 0
1128 27059 20058 582 20078 547 4155 1 0 0 0 0 0 0 0 0 1 1 R 0
1129 27081 21471 597 20287 561 6245 1 0 4 0 0 0 0 0 0 1 1 R 0
1130 27101 19751 769 19822 716 3774 1 0 0 0 0 0 0 0 0 2 1 R 0
1131 27120 18376 691 18410 646 3119 1 0 0 0 0 0 0 0 0 2 1 R 0
1132 27143 22107 589 20712 562 3547 1 0 4 0 0 0 0 0 0 1 1 R 0
1133 27164 19804 940 19833 923 3818 1 0 0 0 0 0 0 0 0 2 1 R 0
1134 27184 19230 1139 19251 1117 3793 1 0 0 0 0 0 0 0 0 1 1 R 0
1135 27204 18899 2124 18920 1491 4027 1 0 1 0 2 0 0 0 0 1 1 R 0
1136 27229 22769 587 20330 554 3788 1 0 2 0 0 0 0 0 0 1 1 R 0
1137 27249 19726 583 19757 554 4313 1 0 0 0 0 0 0 0 0 2 1 R 0
1138 27269 19803 644 19835 613 4309 1 0 0 0 0 0 0 0 0 1 1 R 0
1139 27292 21935 590 21058 552 6277 1 0 4 0 0 0 0 0 0 1 1 R 0
1140 27314 21846 615 21885 584 6275 1 0 0 0 0 0 0 0 0 2 1 R 0
1141 27333 18054 711 18095 671 3258 1 0 0 0 0 0 0 0 0 1 1 R 0
1142 27357 23153 585 21315 551 4135 1 0 5 0 0 0 0 0 0 2 1 R 0
1143 27377 19862 741 19901 717 3750 1 0 0 0 0 0 0 0 0 1 1 R 0
1144 27399 20733 583 20327 545 3917 1 0 1 0 0 0 0 0 0 1 1 R 0
1145 27422 22711 646 19748 621 3630 1 0 4 0 0 0 0 0 0 2 1 R 0
1146 27441 18140 686 18180 649 3098 1 0 0 0 0 0 0 0 0 2 1 R 0
1147 27462 20457 594 20484 561 4032 1 0 0 0 0 0 0 0 0 1 1 R 0
1148 27483 20000 578 20033 544 3779 1 0 0 0 0 0 0 0 0 1 1 R 0
1149 27506 22398 588 20819 557 4610 1 0 4 0 0 0 0 0 0 2 1 R 0
1150 27525 18638 687 18700 629 3132 1 0 0 0 0 0 0 0 0 1 1 R 0
1151 27544 18160 1415 18205 1394 3229 1 0 0 0 0 0 0 0 0 2 1 R 0
1152 27568 22550 593 21039 558 3923 1 0 4 0 0 0 0 0 0 1 1 R 0
1153 27588 19836 586 19868 559 4431 1 0 0 0 0 0 0 0 0 1 1 R 0
1154 27609 20058 642 20105 591 4434 1 0 0 0 0 0 0 0 0 1 1 R 0
1155 27635 25707 666 23310 618 7740 1 0 5 0 0 0 0 0 0 3 1 R 0
1156 27655 19330 565 19363 533 3297 1 0 0 0 0 0 0 0 0 1 1 R 0
1157 27675 19593 578 19629 543 3744 1 0 0 0 0 0 0 0 0 1 1 R 0
1158 27698 22445 788 21471 779 3874 1 0 4 0 0 0 0 0 0 1 1 R 0
1159 27717 17994 744 18020 709 3662 1 0 0 0 0 0 0 0 0 2 1 R 0
1160 27737 18985 697 19020 655 3559 1 0 0 0 0 0 0 0 0 2 1 R 0
1161 27758 20618 567 20647 534 3028 1 0 0 0 0 0 0 0 0 1 1 R 0
1162 27780 20954 603 19850 571 5652 1 0 4 0 0 0 0 0 0 1 1 R 0
1163 27800 20036 1194 20068 1167 4148 1 0 0 0 0 1 0 0 0 2 1 R 0
1164 27822 20649 705 19104 668 3931 1 0 1 0 0 0 0 0 0 1 1 R 0
1165 27846 23437 583 22098 539 3166 1 0 4 0 0 0 0 0 0 3 1 R 0
1166 27866 19617 586 19650 557 3778 1 0 0 0 0 0 0 0 0 1 1 R 0
1167 27887 20022 570 20049 537 4037 1 0 0 0 0 0 0 0 0 1 1 R 0
1168 27910 22345 571 21371 551 3881 1 0 4 0 0 0 0 0 0 1 1 R 0
1169 27929 18544 794 18603 731 3683 1 0 0 0 0 0 0 0 0 2 1 R 0
1170 27952 22030 804 22122 714 6974 1 0 0 0 0 0 0 0 0 2 1 R 0
1171 27972 18867 714 18923 669 3345 1 0 0 0 0 0 0 0 0 0 1 R 0
1172 27995 23108 617 21956 599 4093 1 0 4 0 0 0 0 0 0 3 1 R 0
1173 28016 19870 696 19913 642 3681 1 0 0 0 0 0 0 0 0 0 1 R 0
1174 28037 19986 766 18774 709 4672 1 0 1 0 0 0 0 0 0 3 1 R 0
1175 28060 22361 657 21275 547 3045 1 0 4 0 0 0 0 0 0 1 1 R 0
1176 28080 19616 582 19648 552 4288 1 0 0 0 0 0 0 0 0 2 1 R 0
1177 28100 19620 587 19653 553 4272 1 0 0 0 0 0 0 0 0 1 1 R 0
1178 28122 21367 579 20082 550 3875 1 0 4 0 0 0 0 0 0 1 1 R 0
1179 28141 18519 705 18576 652 3417 1 0 0 0 0 0 0 0 0 2 1 R 0
1180 28161 18703 769 18748 724 3207 1 0 0 0 0 0 0 0 0 2 1 R 0
1181 28182 20403 581 20431 543 4362 1 0 0 0 0 0 0 0 0 1 1 R 0
1182 28205 22336 567 21185 535 5570 1 0 4 0 0 0 0 0 0 1 1 R 0
1183 28225 20097 898 18934 836 3104 1 0 1 0 0 0 0 0 0 2 1 R 0
1184 28244 17452 1399 18111 753 3139 1 0 0 0 0 0 0 0 0 1 1 R 0
1185 28271 25500 791 23567 774 9948 1 0 5 0 0 0 0 0 0 2 1 R 0
1186 28291 19527 876 19569 827 4314 1 0 0 0 0 0 0 0 0 1 1 R 0
1187 28311 19008 592 19032 555 4339 1 0 0 0 0 0 0 0 0 1 1 R 0
1188 28333 21343 698 19938 675 3876 1 0 4 0 0 0 0 0 0 1 1 R 0
1189 28351 17382 698 17445 643 3362 1 0 0 0 0 0 0 0 0 2 1 R 0
1190 28374 22080 1086 22145 1026 6445 1 0 0 0 0 0 0 0 0 2 1 R 0
1191 28394 18976 1898 19028 1316 3782 1 0 1 0 0 0 0 0 0 1 1 R 0
1192 28419 23910 681 22607 647 3910 1 0 4 0 0 0 0 0 0 1 1 R 0
1193 28443 22695 750 20926 678 5537 1 0 3 0 0 0 0 0 0 3 1 R 0
1194 28463 19167 732 18932 691 3145 1 0 1 0 0 0 0 0 0 1 1 R 0
1195 28488 24007 709 21063 686 3905 1 0 4 0 0 0 0 0 0 2 1 R 0
1196 28508 19529 648 19551 612 4346 1 0 0 0 0 0 0 0 0 1 1 R 0
1197 28528 20061 577 20091 547 4160 1 0 0 0 0 0 0 0 0 1 1 R 0
1198 28557 27534 852 22650 794 3685 1 0 3 0 0 0 0 0 0 2 1 R 0
1199 28577 19959 867 19442 844 3396 1 0 1 0 0 0 0 0 0 1 1 R 0
1200 28616 38181 647 29029 623 12422 1 0 7 0 0 0 0 0 0 2 1 R 0
1201 28638 20531 1084 19450 1030 3313 1 0 1 0 0 0 0 0 0 2 1 R 0
1202 28657 18276 774 18310 719 4329 1 0 0 0 0 0 0 0 0 1 1 R 0
1203 28680 21928 796 22013 713 5782 1 0 0 0 0 0 0 0 0 2 1 R 0
1204 28702 21251 594 20136 561 6367 1 0 4 0 0 0 0 0 0 1 1 R 0
1205 28722 20116 583 20148 553 3593 1 0 0 0 0 1 0 0 0 2 1 R 0
1206 28741 18283 848 18360 786 3168 1 0 0 0 0 0 0 0 0 1 1 R 0
1207 28765 22620 830 21585 813 3154 1 0 4 0 0 0 0 0 0 2 1 R 0
1208 28785 19739 575 19756 540 3928 1 0 0 0 0 0 0 0 0 1 1 R 0
1209 28805 19446 574 19482 538 4061 1 0 0 0 0 0 0 0 0 1 1 R 0
1210 28829 22986 703 20809 680 3517 1 0 4 0 0 0 0 0 0 2 1 R 0
1211 28848 18586 752 18624 697 3541 1 0 0 0 0 0 0 0 0 1 1 R 0
1212 28868 18554 679 18601 646 3653 1 0 0 0 0 0 0 0 0 2 1 R 0
1213 28890 21502 582 21521 551 5000 1 0 0 0 0 0 0 0 0 2 1 R 0
1214 28911 20716 593 19479 558 6268 1 0 4 0 0 0 0 0 0 1 1 R 0
1215 28936 24602 688 24648 640 7610 1 0 0 0 0 0 0 0 0 1 1 R 0
1216 28956 18856 745 18914 695 3037 1 0 0 0 0 0 0 0 0 2 1 R 0
1217 28979 22443 935 21647 853 3488 1 0 4 0 0 0 0 0 0 2 1 R 0
1218 28999 19084 588 19089 554 4433 1 0 0 0 0 0 0 0 0 1 1 R 0
1219 29019 19837 665 19873 629 4407 1 0 0 0 0 0 0 0 0 2 1 R 0
1220 29043 22736 594 20510 564 3991 1 0 5 0 0 0 0 0 0 1 1 R 0
1221 29061 17854 749 17908 693 3250 1 0 0 0 0 0 0 0 0 2 1 R 0
1222 29081 19266 760 19364 676 3465 1 0 0 0 0 0 0 0 0 2 1 R 0
1223 29102 20170 593 20192 561 3953 1 0 0 0 0 0 0 0 0 1 1 R 0
1224 29126 23062 757 21501 732 5575 1 0 4 0 0 0 0 0 0 1 1 R 0
1225 29145 18063 750 18120 692 3053 1 0 0 0 0 0 0 0 0 2 1 R 0
1226 29163 17681 1247 17736 1216 3055 1 0 0 0 0 0 0 0 0 1 1 R 0
1227 29188 23209 696 22339 673 3895 1 0 4 0 0 0 0 0 0 2 1 R 0
1228 29208 19715 637 19747 593 4289 1 0 0 0 0 0 0 0 0 1 1 R 0
1229 29230 21095 659 20281 634 4277 1 0 1 0 0 0 0 0 0 1 1 R 0
1230 29255 25060 667 23609 621 6559 1 0 4 0 0 0 0 0 0 2 1 R 0
1231 29274 18264 758 18329 708 3108 1 0 0 0 0 0 0 0 0 2 1 R 0
1232 29293 18134 1277 18181 1235 3241 1 0 0 0 0 0 0 0 0 1 1 R 0
1233 29316 21091 1419 21182 779 4224 1 0 1 0 3 0 0 0 0 2 1 R 0
1234 29337 20072 576 19674 541 3760 1 0 0 0 0 0 0 0 0 1 1 R 0
1235 29356 18576 675 18626 636 3159 1 0 0 0 0 0 0 0 0 2 1 R 0
1236 29377 19795 713 19837 664 3516 1 0 0 0 0 0 0 0 0 1 1 R 0
1237 29399 21516 717 20389 656 3124 1 0 4 0 0 0 0 0 0 2 1 R 0
1238 29419 19615 726 19651 703 4590 1 0 0 0 0 0 0 0 0 1 1 R 0
1239 29443 22790 681 21782 607 4395 1 0 1 0 0 0 0 0 0 2 1 R 0
1240 29467 23192 761 22402 680 3303 1 0 4 0 0 0 0 0 0 2 1 R 0
1241 29488 20643 587 20130 558 5513 1 0 1 0 0 0 0 0 0 1 1 R 0
1242 29508 19240 764 19314 698 3239 1 0 0 0 0 0 0 0 0 1 1 R 0
1243 29530 21559 647 20339 625 4298 1 0 4 0 0 0 0 0 0 1 1 R 0
1244 29551 20141 588 20164 556 4301 1 0 0 0 0 0 0 0 0 2 1 R 0
1245 29573 21345 707 21408 647 6493 1 0 0 0 0 0 0 0 0 2 1 R 0
1246 29591 17786 1175 17874 1091 3220 1 0 0 0 0 0 0 0 0 2 1 R 0
1247 29616 23572 558 21965 535 4062 1 0 4 0 0 0 0 0 0 2 1 R 0
1248 29638 20961 697 19987 675 4062 1 0 1 0 0 0 0 0 0 1 1 R 0
1249 29657 18354 671 18392 635 3136 1 0 0 0 0 0 0 0 0 1 1 R 0
1250 29679 21812 833 20762 799 3062 1 0 4 0 0 0 0 0 0 2 1 R 0
1251 29699 19320 800 19391 736 3550 1 0 0 0 0 0 0 0 0 2 1 R 0
1252 29720 19551 585 19568 554 4418 1 0 0 0 0 0 0 0 0 1 1 R 0
1253 29743 22436 598 20794 567 4369 1 0 4 0 0 0 0 0 0 1 1 R 0
1254 29762 18745 714 18796 668 3069 1 0 0 0 0 0 0 0 0 2 1 R 0
1255 29781 18406 665 18438 640 3237 1 0 0 0 0 0 0 0 0 2 1 R 0
1256 29801 19440 699 19481 658 3686 1 0 0 0 0 0 0 0 0 1 1 R 0
1257 29824 22359 673 21456 653 5886 1 0 4 0 0 0 0 0 0 1 1 R 0
1258 29846 20867 631 19808 601 5359 1 0 1 0 0 0 0 0 0 2 1 R 0
1259 29865 18666 687 18712 640 3220 1 0 0 0 0 0 0 0 0 1 1 R 0
1260 29890 24066 651 23132 611 8187 1 0 4 0 0 0 0 0 0 2 1 R 0
1261 29910 19335 592 19365 564 3619 1 0 0 0 0 0 0 0 0 1 1 R 0
1262 29930 19261 624 19286 604 4295 1 0 0 0 0 0 0 0 0 1 1 R 0
1263 29953 22036 598 20809 559 4283 1 0 4 0 0 0 0 0 0 1 1 R 0
1264 29971 18284 705 18331 669 3118 1 0 0 0 0 0 0 0 0 2 1 R 0
1265 29991 19147 1457 19187 1413 3628 1 0 0 0 0 1 0 0 0 2 1 R 0
1266 30017 23983 715 23275 698 3774 1 0 4 0 0 0 0 0 0 1 1 R 0
1267 30039 21515 705 20499 629 4006 1 0 1 0 0 0 0 0 0 1 1 R 0
1268 30059 19586 635 19628 596 4278 1 0 0 0 0 0 0 0 0 2 1 R 0
1269 30078 17925 639 17968 593 3517 1 0 0 0 0 0 0 0 0 2 1 R 0
1270 30100 21438 953 20430 881 5093 1 0 4 0 0 0 0 0 0 1 1 R 0
1271 30119 18323 791 18365 748 3633 1 0 0 0 0 0 0 0 0 2 1 R 0
1272 30140 20061 581 20090 548 4210 1 0 0 0 0 0 0 0 0 1 1 R 0
1273 30163 22787 905 21409 880 4460 1 0 4 0 0 0 0 0 0 2 1 R 0
1274 30182 17526 701 17578 637 3178 1 0 0 0 0 0 0 0 0 1 1 R 0
1275 30206 23991 847 24069 780 6555 1 0 0 0 0 0 0 0 0 2 1 R 0
1276 30229 21238 588 20537 557 3835 1 0 4 0 0 0 0 0 0 1 1 R 0
1277 30250 21172 589 19707 554 5752 1 0 1 0 0 0 0 0 0 1 1 R 0
1278 30269 18291 858 18364 784 3836 1 0 0 0 0 0 0 0 0 2 1 R 0
1279 30289 19015 642 19059 608 3484 1 0 0 0 0 0 0 0 0 2 1 R 0
1280 30311 21464 733 20556 673 5993 1 0 4 0 0 0 0 0 0 2 1 R 0
1281 30332 19864 582 19890 557 3725 1 0 0 0 0 0 0 0 0 1 1 R 0
1282 30352 20074 585 20104 549 3972 1 0 0 0 0 0 0 0 0 1 1 R 0
1283 30376 22520 583 21336 548 3275 1 0 4 0 0 0 0 0 0 2 1 R 0
1284 30395 18687 679 18752 636 3154 1 0 0 0 0 0 0 0 0 1 1 R 0
1285 30415 19194 780 19237 720 3440 1 0 0 0 0 0 0 0 0 2 1 R 0
1286 30439 23915 572 21953 545 3918 1 0 5 0 0 0 0 0 0 2 1 R 0
1287 30460 19886 577 19921 541 4412 1 0 0 0 0 0 0 0 0 1 1 R 0
1288 30479 18111 742 18165 707 3619 1 0 0 0 0 0 0 0 0 1 1 R 0
1289 30499 19312 669 19355 620 4458 1 0 0 0 0 0 0 0 0 2 1 R 0
1290 30525 26080 586 25028 553 9475 1 0 4 0 0 0 0 0 0 2 1 R 0
1291 30545 19189 564 19218 532 3821 1 0 0 0 0 0 0 0 0 1 1 R 0
1292 30566 20279 588 20313 554 3698 1 0 0 0 0 0 0 0 0 2 1 R 0
1293 30589 22436 654 21373 609 3366 1 0 4 0 0 0 0 0 0 2 1 R 0
1294 30607 17731 761 17773 729 3623 1 0 0 0 0 0 0 0 0 2 1 R 0
1295 30629 21209 958 21286 881 5025 1 0 0 0 0 0 0 0 0 1 1 R 0
1296 30656 25775 767 23533 718 7112 1 0 5 0 0 0 0 0 0 1 1 R 0
1297 30693 36266 3112 25145 924 19556 1 0 3 0 0 0 0 0 0 3 1 R 0
1298 30716 20192 2435 19322 1392 3021 1 0 3 0 0 1 0 0 0 1 1 R 0
1299 30740 20869 593 20536 563 4443 1 0 1 0 0 0 0 0 0 1 1 R 0
1300 30761 20628 582 20657 555 4534 1 0 0 0 0 0 0 0 0 2 1 R 0
1301 30780 18663 672 18702 638 4017 1 0 0 0 0 0 0 0 0 1 1 R 0
1302 30801 19926 679 19037 646 5515 1 0 4 0 0 0 0 0 0 2 1 R 0
1303 30820 18310 704 18346 654 3980 1 0 0 0 0 0 0 0 0 2 1 R 0
1304 30843 22433 584 21131 551 5037 1 0 1 0 0 0 0 0 0 1 1 R 0
1305 30869 25342 616 23933 577 7807 1 0 4 0 0 0 0 0 0 1 1 R 0
1306 30887 17963 891 18014 863 3515 1 0 0 0 0 0 0 0 0 2 1 R 0
1307 30907 19054 644 19089 600 4278 1 0 0 0 0 0 0 0 0 2 1 R 0
1308 30931 22900 575 21444 545 4417 1 0 4 0 0 0 0 0 0 2 1 R 0
1309 30951 19371 590 19400 558 4245 1 0 0 0 0 0 0 0 0 1 1 R 0
1310 30971 19657 693 19795 556 4364 1 0 0 0 0 0 0 0 0 1 1 R 0
1311 30990 18460 690 18511 642 3545 1 0 0 0 0 0 0 0 0 2 1 R 0
1312 31011 20308 684 19495 634 5391 1 0 4 0 0 0 0 0 0 1 1 R 0
1313 31032 19970 910 20076 816 3300 1 0 0 0 0 0 0 0 0 2 1 R 0
1314 31054 20843 1073 19832 1053 5336 1 0 1 0 0 0 0 0 0 1 1 R 0
1315 31077 22187 576 20699 543 3706 1 0 4 0 0 0 0 0 0 1 1 R 0
1316 31096 18300 761 18375 697 3150 1 0 0 0 0 0 0 0 0 2 1 R 0
1317 31116 19120 682 19150 647 3155 1 0 0 0 0 0 0 0 0 2 1 R 0
1318 31136 19989 2100 19653 1311 3616 1 0 2 0 2 0 0 0 0 1 1 R 0
1319 31159 20811 580 20201 550 5266 1 0 1 0 0 0 0 0 0 2 1 R 0
1320 31182 22453 583 22483 545 7809 1 0 0 0 0 0 0 0 0 1 1 R 0
1321 31201 18552 696 18619 650 3354 1 0 0 0 0 0 0 0 0 1 1 R 0
1322 31226 23538 1030 22017 874 4690 1 0 5 0 0 0 0 0 0 2 1 R 0
1323 31248 21381 574 20288 540 3842 1 0 1 0 0 0 0 0 0 2 1 R 0
1324 31268 19415 578 19446 550 4300 1 0 0 0 0 0 0 0 0 1 1 R 0
1325 31292 22942 590 21980 558 4659 1 0 4 0 0 0 0 0 0 1 1 R 0
1326 31310 18180 693 18233 651 3215 1 0 0 0 0 0 0 0 0 2 1 R 0
1327 31330 18659 672 18691 631 3504 1 0 0 0 0 0 0 0 0 1 1 R 0
1328 31353 22105 580 20479 552 3652 1 0 4 0 0 0 0 0 0 2 1 R 0
1329 31373 19636 590 19667 564 3757 1 0 0 0 0 0 0 0 0 1 1 R 0
1330 31397 23851 680 23543 594 3944 1 0 1 0 0 0 0 0 0 2 1 R 0
1331 31420 21739 680 19631 640 3109 1 0 4 0 0 0 0 0 0 2 1 R 0
1332 31440 19472 2283 19510 1200 3613 1 0 0 0 1 0 0 0 0 2 1 R 0
1333 31462 19604 602 19621 581 3682 1 0 0 0 0 0 0 0 0 1 1 R 0
1334 31482 19708 595 19733 561 3840 1 0 0 0 0 0 0 0 0 1 1 R 0
1335 31508 25004 582 24163 546 8051 1 0 4 0 0 0 0 0 0 1 1 R 0
1336 31527 18517 686 18559 654 3156 1 0 0 0 0 0 0 0 0 3 1 R 0
1337 31548 20700 578 20722 548 3805 1 0 0 0 0 0 0 0 0 1 1 R 0
1338 31570 21489 589 20096 552 5556 1 0 4 0 0 0 0 0 0 1 1 R 0
1339 31591 20444 694 20482 656 4019 1 0 0 0 0 0 0 0 0 1 1 R 0
1340 31610 17926 686 17969 651 3481 1 0 0 0 0 0 0 0 0 2 1 R 0
1341 31632 21933 789 20392 751 4016 1 0 4 0 0 0 0 0 0 2 1 R 0
1342 31655 22012 622 20961 589 4001 1 0 1 0 0 0 0 0 0 0 1 R 0
1343 31676 19949 575 19985 539 3768 1 0 0 0 0 0 0 0 0 2 1 R 0
1344 31698 22105 560 21446 533 3948 1 0 4 0 0 0 0 0 0 1 1 R 0
1345 31718 18877 680 18920 652 3965 1 0 0 0 0 0 0 0 0 2 1 R 0
1346 31737 18744 1014 18774 987 3838 1 0 0 0 0 0 0 0 0 1 1 R 0
1347 31758 20090 577 20100 546 4284 1 0 0 0 0 0 0 0 0 2 1 R 0
1348 31782 22869 580 21893 547 4772 1 0 4 0 0 0 0 0 0 1 1 R 0
1349 31802 19344 635 19383 597 4000 1 0 0 0 0 0 0 0 0 1 1 R 0
1350 31825 22174 680 22211 657 5913 1 0 0 0 0 0 0 0 0 2 1 R 0
1351 31849 23274 580 20358 550 3236 1 0 5 0 0 0 0 0 0 2 1 R 0
1352 31868 19185 577 19220 540 3859 1 0 0 0 0 0 0 0 0 1 1 R 0
1353 31889 20585 666 20621 633 4406 1 0 0 0 0 0 0 0 0 1 1 R 0
1354 31911 21336 601 19857 551 3692 1 0 4 0 0 0 0 0 0 2 1 R 0
1355 31931 18645 707 18700 658 3306 1 0 0 0 0 0 0 0 0 1 1 R 0
1356 31950 18966 700 19017 638 4053 1 0 0 0 0 0 0 0 0 2 1 R 0
1357 31971 20356 588 20386 557 4779 1 0 0 0 0 0 0 0 0 2 1 R 0
1358 31994 22398 652 21468 650 5901 1 0 4 0 0 0 0 0 0 1 1 R 0
1359 32013 17923 680 17946 648 3076 1 0 0 0 0 0 0 0 0 2 1 R 0
1360 32034 20701 557 20713 527 3891 1 0 0 0 0 0 0 0 0 1 1 R 0
1361 32058 23099 628 20168 571 4008 1 0 4 0 0 0 0 0 0 1 1 R 0
1362 32079 20105 564 20136 533 4398 1 0 0 0 0 0 0 0 0 1 1 R 0
1363 32099 19708 617 19742 585 4251 1 0 0 0 0 0 0 0 0 2 1 R 0
1364 32121 21001 1186 19641 1190 3706 1 0 4 0 0 0 0 0 0 1 1 R 0
1365 32145 23092 611 23087 574 6297 1 0 0 0 0 0 0 0 0 2 1 R 0
1366 32163 17312 718 17370 664 3062 1 0 0 0 0 0 0 0 0 2 1 R 0
1367 32187 23222 698 22350 680 4342 1 0 4 0 0 0 0 0 0 1 1 R 0
1368 32207 19847 1230 19866 1205 3643 1 0 0 0 0 1 0 0 0 1 1 R 0
1369 32228 18938 894 19015 823 3198 1 0 0 0 0 0 0 0 0 2 1 R 0
1370 32249 20158 807 19157 740 3049 1 0 1 0 0 0 0 0 0 2 1 R 0
1371 32271 22074 572 20903 541 6487 1 0 4 0 0 0 0 0 0 1 1 R 0
1372 32292 19544 726 19623 652 3931 1 0 0 0 0 0 0 0 0 1 1 R 0
1373 32312 20045 627 20074 593 3750 1 0 0 0 0 0 0 0 0 2 1 R 0
1374 32335 22401 578 21136 545 3802 1 0 4 0 0 0 0 0 0 1 1 R 0
1375 32353 17481 1510 17558 1478 3159 1 0 0 0 0 0 0 0 0 2 1 R 0
1376 32376 21378 576 21363 545 4938 1 0 0 0 0 0 0 0 0 1 1 R 0
1377 32399 21880 593 20764 561 3756 1 0 4 0 0 0 0 0 0 1 1 R 0
1378 32421 21262 758 21295 732 5176 1 0 0 0 0 0 0 0 0 2 1 R 0
1379 32441 19557 777 19161 712 4799 1 0 1 0 0 0 0 0 0 2 1 R 0
1380 32469 27655 559 25896 539 7569 1 0 5 0 0 0 0 0 0 1 1 R 0
1381 32490 19987 602 20013 574 4208 1 0 0 0 0 0 0 0 0 2 1 R 0
1382 32510 19613 579 19642 546 4243 1 0 0 0 0 0 0 0 0 1 1 R 0
1383 32530 19224 778 19278 738 3723 1 0 0 0 0 0 0 0 0 2 1 R 0
1384 32551 20188 698 19236 661 5360 1 0 4 0 0 0 0 0 0 1 1 R 0
1385 32572 20494 586 20521 553 3333 1 0 0 0 0 0 0 0 0 2 1 R 0
1386 32592 19391 592 19424 559 3840 1 0 0 0 0 0 0 0 0 1 1 R 0
1387 32616 23027 651 21414 618 3816 1 0 4 0 0 0 0 0 0 1 1 R 0
1388 32634 17297 1434 17342 1393 3278 1 0 0 0 0 0 0 0 0 2 1 R 0
1389 32657 21861 722 20841 671 3367 1 0 1 0 0 0 0 0 0 2 1 R 0
1390 32680 22416 577 21691 545 3809 1 0 4 0 0 0 0 0 0 1 1 R 0
1391 32704 23528 766 23574 755 4319 1 0 0 0 0 1 0 0 0 2 1 R 0
1392 32740 35086 1074 25755 1055 4078 1 0 3 0 1 0 0 0 0 1 0 R 0
1393 32777 35468 656 21397 639 11077 1 0 7 0 1 0 0 0 0 1 0 R 0
1394 32806 28530 591 19382 560 4022 1 0 5 0 0 0 0 1 1 1 0 R 1
1395 32836 29432 572 23327 544 17042 1 1 5 0 0 0 0 0 0 2 1 R 0
1396 32857 20753 676 19623 641 3040 1 0 1 0 0 0 0 0 0 1 1 R 0
1397 32878 20370 567 20390 540 3070 1 0 0 0 0 0 0 0 0 3 1 R 0
1398 32899 20649 592 19532 558 6024 1 0 4 0 0 0 0 0 0 1 1 R 0
1399 32920 19945 571 19980 539 4401 1 0 0 0 0 0 0 0 0 1 1 R 0
1400 32939 18550 676 18596 627 3623 1 0 0 0 0 0 0 0 0 2 1 R 0
1401 32962 21979 674 20480 640 4165 1 0 4 0 0 0 0 0 0 2 1 R 0
1402 32982 19965 574 19989 542 3209 1 0 0 0 0 0 0 0 0 0 1 R 0
1403 33002 19345 597 19378 564 4047 1 0 0 0 0 0 0 0 0 1 1 R 0
1404 33023 19862 597 19895 562 3741 1 0 0 0 0 0 0 0 0 2 1 R 0
1405 33045 22062 775 20460 738 3804 1 0 4 0 0 0 0 0 0 2 1 R 0
1406 33066 20230 845 19303 783 4559 1 0 1 0 0 0 0 0 0 1 1 R 0
1407 33086 18664 714 18695 660 3292 1 0 0 0 0 0 0 0 0 3 1 R 0
1408 33109 22266 615 21059 579 3838 1 0 4 0 0 0 0 0 0 1 1 R 0
1409 33130 20076 588 20110 554 4276 1 0 0 0 0 0 0 0 0 1 1 R 0
1410 33151 20996 700 21043 663 6805 1 0 0 0 0 0 0 0 0 2 1 R 0
1411 33175 23501 686 22578 609 3302 1 0 4 0 0 0 0 0 0 2 1 R 0
1412 33195 19354 580 19387 548 3874 1 0 0 0 0 0 0 0 0 1 1 R 0
1413 33216 20052 568 20087 532 3769 1 0 0 0 0 0 0 0 0 1 1 R 0
1414 33238 21807 686 20848 656 4071 1 0 4 0 0 0 0 0 0 1 1 R 0
1415 33259 20291 793 19121 739 3538 1 0 1 0 0 0 0 0 0 2 1 R 0
1416 33278 17917 683 17943 645 3600 1 0 0 0 0 0 0 0 0 2 1 R 0
1417 33299 19752 796 19827 725 4218 1 0 0 0 0 0 0 0 0 1 1 R 0
1418 33321 21327 854 20290 828 6211 1 0 4 0 0 0 0 0 0 2 1 R 0
1419 33341 19378 570 19400 537 3975 1 0 0 0 0 0 0 0 0 1 1 R 0
1420 33359 17776 690 17832 646 3601 1 0 0 0 0 0 0 0 0 2 1 R 0
1421 33383 22973 749 21545 682 4318 1 0 4 0 0 0 0 0 0 2 1 R 0
1422 33403 19568 1665 19035 1620 3344 1 0 1 0 0 0 0 0 0 1 1 R 0
1423 33425 20138 567 20151 532 3841 1 0 0 0 0 0 0 0 0 1 1 R 0
1424 33449 23151 736 22077 726 4076 1 0 4 0 0 0 0 0 0 2 1 R 0
1425 33474 24797 564 23171 540 8120 1 0 1 0 0 0 0 0 0 2 1 R 0
1426 33493 18563 1011 18596 992 3850 1 0 0 0 0 0 0 0 0 1 1 R 0
1427 33515 20259 1663 19932 1122 3764 1 0 1 0 3 0 0 0 0 1 1 R 0
1428 33536 19560 571 19540 542 3903 1 0 0 0 0 0 0 0 0 1 1 R 0
1429 33555 18698 680 18755 635 3152 1 0 0 0 0 0 0 0 0 2 1 R 0
1430 33573 17590 1326 17624 1302 3103 1 0 0 0 0 0 0 0 0 1 1 R 0
1431 33597 22494 590 21265 555 3735 1 0 4 0 0 0 0 0 0 2 1 R 0
1432 33618 20087 582 20118 549 4388 1 0 0 0 0 0 0 0 0 1 1 R 0
1433 33638 19526 574 19559 540 4178 1 0 0 0 0 0 0 0 0 1 1 R 0
1434 33662 23268 574 19595 541 3152 1 0 5 0 0 0 0 0 0 2 1 R 0
1435 33681 18200 761 18260 707 3179 1 0 0 0 0 0 0 0 0 2 1 R 0
1436 33702 20075 585 20099 554 5067 1 0 0 0 0 0 0 0 0 1 1 R 0
1437 33722 20080 596 20113 561 3813 1 0 0 0 0 0 0 0 0 1 1 R 0
1438 33746 22919 702 21977 661 4694 1 0 4 0 0 0 0 0 0 2 1 R 0
1439 33764 17115 1509 17147 1473 3079 1 0 0 0 0 0 0 0 0 1 1 R 0
1440 33787 22213 893 22277 829 6133 1 0 0 0 0 0 0 0 0 3 1 R 0
1441 33810 22331 587 21059 557 5275 1 0 4 0 0 0 0 0 0 1 1 R 0
1442 33830 19369 597 19402 565 4260 1 0 0 0 0 0 0 0 0 1 1 R 0
1443 33850 19346 577 19377 543 4269 1 0 0 0 0 0 0 0 0 1 1 R 0
1444 33874 22666 992 20279 975 5526 1 0 5 0 0 0 0 0 0 2 1 R 0
1445 33893 18162 694 18203 771 3221 1 0 0 0 0 0 0 0 0 2 1 R 0
1446 33913 19855 923 19759 901 3821 1 0 0 0 0 0 0 0 0 1 1 R 0
1447 33935 20881 1193 20430 880 3746 1 0 3 0 1 0 0 0 0 1 1 R 0
1448 33956 19753 576 19761 547 3378 1 0 0 0 0 0 0 0 0 1 1 R 0
1449 33976 18915 678 18950 643 3262 1 0 0 0 0 0 0 0 0 2 1 R 0
1450 33995 19144 657 19184 623 3180 1 0 0 0 0 0 0 0 0 2 1 R 0
1451 34018 22268 594 21055 556 3712 1 0 4 0 0 0 0 0 0 1 1 R 0
1452 34038 19430 584 19462 551 4430 1 0 0 0 0 0 0 0 0 1 1 R 0
1453 34060 20919 582 19350 565 3877 1 0 1 0 0 0 0 0 0 2 1 R 0
1454 34082 21148 716 19784 649 3691 1 0 4 0 0 0 0 0 0 1 1 R 0
1455 34103 21132 1715 21183 1711 6168 1 0 0 0 0 0 0 0 0 2 1 R 0
1456 34125 19853 646 19841 626 3919 1 0 0 0 0 0 0 0 0 1 1 R 0
1457 34147 21714 559 20684 524 3796 1 0 4 0 0 0 0 0 0 2 1 R 0
1458 34166 18353 679 18403 634 3088 1 0 0 0 0 0 0 0 0 1 1 R 0
1459 34186 19255 686 19292 647 3376 1 0 0 0 0 0 0 0 0 3 1 R 0
1460 34206 18905 720 18950 677 3050 1 0 0 0 0 0 0 0 0 1 1 R 0
1461 34230 23041 709 21963 673 3890 1 0 4 0 0 0 0 0 0 1 1 R 0
1462 34250 19263 588 19279 556 4313 1 0 0 0 0 0 0 0 0 2 1 R 0
1463 34272 21458 627 20405 593 4441 1 0 1 0 0 0 0 0 0 1 1 R 0
1464 34294 21495 1021 19875 1025 3208 1 0 4 0 0 0 0 0 0 2 1 R 0
1465 34314 19568 759 19572 720 3745 1 0 0 0 0 0 0 0 0 1 1 R 0
1466 34335 19791 562 19825 527 3812 1 0 0 0 0 0 0 0 0 1 1 R 0
1467 34356 20107 2100 20142 1162 3801 1 0 1 0 3 0 0 0 0 2 1 R 0
1468 34376 18706 626 18721 592 3006 1 0 0 0 0 0 0 0 0 1 1 R 0
1469 34396 19031 653 19071 632 3331 1 0 0 0 0 0 0 0 0 2 1 R 0
1470 34419 22792 592 22804 558 8006 1 0 0 0 0 0 0 0 0 2 1 R 0
1471 34442 22435 596 21443 559 6509 1 0 4 0 0 0 0 0 0 1 1 R 0
1472 34465 22045 808 20994 768 3838 1 0 1 0 0 0 0 0 0 1 1 R 0
1473 34484 17801 1612 17851 1593 3213 1 0 0 0 0 0 0 0 0 2 1 R 0
1474 34507 21631 648 20698 544 3235 1 0 4 0 0 0 0 0 0 1 1 R 0
1475 34528 20292 581 20327 551 3824 1 0 0 0 0 0 0 0 0 2 1 R 0
1476 34548 19968 576 19998 544 4287 1 0 0 0 0 0 0 0 0 1 1 R 0
1477 34571 21862 762 20733 734 4463 1 0 4 0 0 0 0 0 0 1 1 R 0
1478 34589 17703 865 17758 803 3492 1 0 0 0 0 0 0 0 0 2 1 R 0
1479 34610 19370 837 19435 800 4376 1 0 0 0 0 0 0 0 0 1 1 R 0
1480 34633 22454 762 22500 705 4800 1 0 0 0 0 0 0 0 0 3 1 R 0
1481 34657 22873 574 20699 542 6408 1 0 4 0 0 0 0 0 0 1 1 R 0
1482 34677 19924 689 18983 650 4490 1 0 1 0 0 0 0 0 0 1 1 R 0
1483 34696 18704 642 18728 617 3179 1 0 0 0 0 0 0 0 0 2 1 R 0
1484 34720 23272 587 22172 554 3644 1 0 4 0 0 0 0 0 0 2 1 R 0
1485 34743 22161 598 22195 561 8472 1 0 0 0 0 0 0 0 0 1 1 R 0
1486 34765 20975 642 21025 595 3771 1 0 0 0 0 0 0 0 0 1 1 R 0
1487 34789 23898 523 19775 495 3175 1 0 6 0 0 0 0 0 0 1 1 R 0
1488 34834 44038 1628 27300 962 15923 1 0 12 0 0 0 0 0 0 4 1 R 0
1489 34860 24721 620 23379 589 4023 1 0 5 0 0 0 0 0 0 1 1 R 0
1490 34883 22498 1390 19657 1055 7261 1 0 2 0 1 0 0 0 0 2 1 R 0
1491 34907 22395 695 21527 650 3751 1 0 1 0 0 0 0 0 0 2 1 R 0
1492 34929 21415 817 20399 765 3045 1 0 4 0 0 0 0 0 0 1 1 R 0
1493 34950 19978 576 20005 544 4343 1 0 0 0 0 0 0 0 0 2 1 R 0
1494 34970 19312 580 19344 547 4260 1 0 0 0 0 0 0 0 0 1 1 R 0
1495 34993 22708 640 21287 595 4109 1 0 4 0 0 0 0 0 0 2 1 R 0
1496 35012 17830 694 17869 661 3103 1 0 0 0 0 0 0 0 0 1 1 R 0
1497 35033 20908 939 20931 919 3777 1 0 0 0 0 0 0 0 0 1 1 R 0
1498 35053 19252 2154 19274 1487 4027 1 0 0 0 2 0 0 0 0 2 1 R 0
1499 35079 23105 661 19722 621 4110 1 0 4 0 0 0 0 0 0 1 1 R 0
