# swapstamp frames 1500 skip 300 peer 797
# f t_ms gap_us swap_us crend_us cswap_us clr_us nclr vcs_r ivcs_r vcs_s ivcs_s minf majf cpu0 cpu1 pticks pcpu pstate ctr
0 0 20194 912 20262 866 6699 1 0 0 0 0 0 0 0 0 0 1 R 0
1 21 20276 610 19256 583 4289 1 0 1 0 0 0 0 0 0 1 1 R 0
2 44 22268 556 20889 534 3793 1 0 4 0 0 0 0 0 0 2 1 R 0
3 61 16587 677 16645 629 3019 1 0 0 0 0 0 0 0 0 1 1 R 0
4 80 18991 689 19032 641 3989 1 0 0 0 0 0 0 0 0 2 1 R 0
5 101 19952 590 19977 565 3802 1 0 0 0 0 0 0 0 0 1 1 R 0
6 123 20947 950 19974 925 6020 1 0 4 0 0 0 0 0 0 1 1 R 0
7 144 20490 636 20020 592 3922 1 0 1 0 0 0 0 0 0 2 1 R 0
8 161 16654 785 16715 737 3024 1 0 0 0 0 0 0 0 0 1 1 R 0
9 185 22537 738 21666 682 3377 1 0 4 0 0 0 0 0 0 2 1 R 0
10 203 17287 1272 17316 1249 3119 1 0 0 0 0 0 0 0 0 1 1 R 0
11 225 20789 631 19704 593 5312 1 0 1 0 0 0 0 0 0 1 1 R 0
12 246 21090 720 20233 713 3778 1 0 4 0 0 0 0 0 0 2 1 R 0
13 264 17193 664 17223 626 3166 1 0 0 0 0 0 0 0 0 1 1 R 0
14 284 19344 680 19409 619 3994 1 0 0 0 0 0 0 0 0 3 1 R 0
15 307 22243 588 22268 562 8114 1 0 0 0 0 0 0 0 0 1 1 R 0
16 329 20733 626 19620 603 5992 1 0 4 0 0 0 0 0 0 1 1 R 0
17 348 19010 582 19035 556 4241 1 0 0 0 0 0 0 0 0 1 1 R 0
18 366 17399 687 17440 658 3573 1 0 0 0 0 0 0 0 0 2 1 R 0
19 389 22018 800 20599 765 4554 1 0 4 0 0 0 0 0 0 2 1 R 0
20 409 18802 578 18827 555 4205 1 0 0 0 0 0 0 0 0 1 1 R 0
21 430 20925 776 19320 757 4333 1 0 1 0 0 0 0 0 0 1 1 R 0
22 450 18776 568 18794 547 4237 1 0 0 0 0 0 0 0 0 1 1 R 0
23 470 20044 722 19217 685 5448 1 0 4 0 0 0 0 0 0 2 1 R 0
24 490 19343 581 19359 560 3764 1 0 0 0 0 0 0 0 0 1 1 R 0
25 510 19139 625 19162 599 4252 1 0 0 0 0 0 0 0 0 2 1 R 0
26 532 21116 599 20052 576 4206 1 0 4 0 0 0 0 0 0 1 1 R 0
27 551 18198 906 18246 862 3769 1 0 0 0 0 0 0 0 0 1 1 R 0
28 569 17486 798 17543 746 3106 1 0 0 0 0 0 0 0 0 2 1 R 0
29 588 18634 730 18670 691 4421 1 0 0 0 0 0 0 0 0 2 1 R 0
30 617 27541 618 25491 589 13143 1 0 5 0 0 0 0 0 0 1 1 R 0
31 637 19412 569 19437 547 4312 1 0 0 0 0 0 0 0 0 1 1 R 0
32 656 18970 582 18994 556 3776 1 0 0 0 0 0 0 0 0 2 1 R 0
33 677 20227 721 19261 676 3045 1 0 4 0 0 0 0 0 0 1 1 R 0
34 695 17640 779 17667 739 3605 1 0 0 0 0 0 0 0 0 2 1 R 0
35 715 19204 805 19238 777 4185 1 0 0 0 0 0 0 0 0 1 1 R 0
36 738 21843 666 20804 622 3794 1 0 4 0 0 0 0 0 0 2 1 R 0
37 759 20225 597 20254 571 4410 1 0 0 0 0 0 0 0 0 1 1 R 0
38 777 17451 701 17504 650 3831 1 0 0 0 0 0 0 0 0 2 1 R 0
39 797 19114 715 19160 672 5031 1 0 0 0 0 0 0 0 0 1 1 R 0
40 821 23818 700 20749 653 5961 1 0 5 0 0 0 0 0 0 2 1 R 0
41 841 19349 698 19403 648 3889 1 0 0 0 0 0 0 0 0 1 1 R 0
42 861 18561 567 18581 545 3725 1 0 0 0 0 0 0 0 0 1 1 R 0
43 881 19859 719 18847 682 3112 1 0 4 0 0 0 0 0 0 1 1 R 0
44 900 18294 801 18367 720 3107 1 0 0 0 0 0 0 0 0 2 1 R 0
45 924 23554 569 23573 553 8387 1 0 0 0 0 0 0 0 0 1 1 R 0
46 946 21515 659 20744 651 3788 1 0 4 0 0 0 0 0 0 2 1 R 0
47 966 18804 610 18817 582 3144 1 0 0 0 0 0 0 0 0 2 1 R 0
48 984 17765 638 17829 583 3257 1 0 0 0 0 0 0 0 0 1 1 R 0
49 1003 17738 1412 17816 1348 3896 1 0 0 0 0 0 0 0 0 2 1 R 0
50 1027 23264 591 20990 568 4231 1 0 4 0 0 0 0 0 0 2 1 R 0
51 1047 19443 579 19465 549 4226 1 0 0 0 0 0 0 0 0 1 1 R 0
52 1067 19002 579 19033 550 3881 1 0 0 0 0 0 0 0 0 1 1 R 0
53 1088 20820 1063 19572 1025 3167 1 0 4 0 0 0 0 0 0 2 1 R 0
54 1107 17088 696 17140 648 3545 1 0 0 0 0 0 0 0 0 2 1 R 0
55 1127 20186 587 20206 561 5195 1 0 0 0 0 0 0 0 0 1 1 R 0
56 1148 19644 581 19672 556 4242 1 0 0 0 0 0 0 0 0 1 1 R 0
57 1169 21067 592 19932 567 4961 1 0 4 0 0 0 0 0 0 1 1 R 0
58 1188 18520 741 18111 683 4421 1 0 1 0 0 0 0 0 0 1 1 R 0
59 1207 18268 680 18308 648 4434 1 0 0 0 0 0 0 0 0 2 1 R 0
60 1235 26877 584 24657 550 10619 1 0 5 0 0 0 0 0 0 2 1 R 0
61 1255 19026 610 19048 589 3914 1 0 0 0 0 0 0 0 0 1 1 R 0
62 1273 17471 1358 17549 1306 3097 1 0 0 0 0 0 0 0 0 2 1 R 0
63 1291 16569 744 16614 673 3044 1 0 0 0 0 0 0 0 0 1 1 R 0
64 1313 21192 1421 19894 1395 4059 1 0 4 0 0 0 0 0 0 2 1 R 0
65 1333 18622 975 18625 960 3731 1 0 0 0 0 0 0 0 0 1 1 R 0
66 1352 18835 939 18853 922 3777 1 0 0 0 0 1 0 0 0 1 1 R 0
67 1375 21904 592 20500 572 3873 1 0 4 0 0 0 0 0 0 2 1 R 0
68 1393 16772 1356 16803 1330 3071 1 0 0 0 0 0 0 0 0 1 1 R 0
69 1412 17753 675 17775 659 3635 1 0 0 0 0 0 0 0 0 2 1 R 0
70 1437 24484 631 22526 610 5825 1 0 5 0 0 0 0 0 0 1 1 R 0
71 1457 19118 587 19150 559 4297 1 0 0 0 0 0 0 0 0 1 1 R 0
72 1476 19116 560 19136 534 3624 1 0 0 0 0 0 0 0 0 2 1 R 0
73 1495 17644 658 17679 630 3095 1 0 0 0 0 0 0 0 0 2 1 R 0
74 1517 21782 719 20639 699 3495 1 0 4 0 0 0 0 0 0 1 1 R 0
75 1539 21650 583 21652 559 6655 1 0 0 0 0 0 0 0 0 1 1 R 0
76 1559 19499 579 19522 556 4354 1 0 0 0 0 0 0 0 0 1 1 R 0
77 1581 20981 587 19563 554 3909 1 0 4 0 0 0 0 0 0 2 1 R 0
78 1599 17879 706 17929 670 3054 1 0 0 0 0 0 0 0 0 1 1 R 0
79 1620 19881 650 18611 638 3803 1 0 1 0 0 0 0 0 0 2 1 R 0
80 1640 19666 579 19685 555 3780 1 0 0 0 0 0 0 0 0 1 1 R 0
81 1662 21279 1024 20366 1009 6623 1 0 4 0 0 0 0 0 0 2 1 R 0
82 1681 17850 885 17877 849 3303 1 0 0 0 0 0 0 0 0 1 1 R 0
83 1699 17242 856 17321 767 2996 1 0 0 0 0 0 0 0 0 2 1 R 0
84 1722 22178 1070 20928 1059 5022 1 0 4 0 0 0 0 0 0 1 1 R 0
85 1741 17427 738 17470 680 3147 1 0 0 0 0 0 0 0 0 1 1 R 0
86 1762 20092 630 20134 588 3771 1 0 0 0 0 0 0 0 0 2 1 R 0
87 1782 19665 595 19698 563 3925 1 0 0 0 0 0 0 0 0 2 1 R 0
88 1805 22250 774 20424 730 3061 1 0 4 0 0 1 0 0 0 1 1 R 0
89 1825 19967 702 18654 667 3097 1 0 1 0 0 0 0 0 0 1 1 R 0
90 1848 22184 583 22205 555 6589 1 0 0 0 0 0 0 0 0 2 1 R 0
91 1870 20942 766 19749 742 6410 1 0 4 0 0 0 0 0 0 1 1 R 0
92 1889 18336 817 18385 761 3770 1 0 0 0 0 0 0 0 0 1 1 R 0
93 1907 17692 1599 17736 1596 3478 1 0 0 0 0 1 0 0 0 2 1 R 0
94 1932 22538 589 20840 558 5180 1 0 5 0 0 0 0 0 0 1 1 R 0
95 1950 18210 891 18277 829 3287 1 0 0 0 0 0 0 0 0 2 1 R 0
96 1971 20016 586 20042 560 3800 1 0 0 0 0 0 0 0 0 1 1 R 0
97 1990 18117 830 18165 785 3082 1 0 0 0 0 0 0 0 0 1 1 R 0
98 2011 20538 693 19485 651 4564 1 0 4 0 0 0 0 0 0 3 1 R 0
99 2031 19178 712 18185 672 3009 1 0 1 0 0 0 0 0 0 1 1 R 0
100 2052 19522 616 19542 590 3753 1 0 0 0 0 0 0 0 0 1 1 R 0
101 2075 22886 591 21028 563 3836 1 0 4 0 0 0 0 0 0 1 1 R 0
102 2094 18060 820 18097 792 3198 1 0 0 0 0 0 0 0 0 1 1 R 0
103 2112 17054 675 17103 629 3010 1 0 0 0 0 0 0 0 0 3 1 R 0
104 2131 18838 746 18867 716 3947 1 0 0 0 0 0 0 0 0 2 1 R 0
105 2158 26332 595 24510 562 8741 1 0 4 0 0 0 0 0 0 1 1 R 0
106 2178 19423 649 19449 629 4229 1 0 0 0 0 0 0 0 0 2 1 R 0
107 2197 18177 688 18210 663 4005 1 0 0 0 0 0 0 0 0 1 1 R 0
108 2219 20822 1267 19865 1190 4320 1 0 4 0 0 0 0 0 0 2 1 R 0
109 2239 18957 765 18045 730 4849 1 0 1 0 0 0 0 0 0 1 1 R 0
110 2258 18988 572 19000 546 3666 1 0 0 0 0 0 0 0 0 2 1 R 0
111 2281 22095 589 20541 557 4387 1 0 4 0 0 0 0 0 0 1 1 R 0
112 2300 18394 710 18446 667 3601 1 0 0 0 0 0 0 0 0 1 1 R 0
113 2320 19407 872 19427 850 3363 1 0 0 0 0 0 0 0 0 2 1 R 0
114 2340 19081 580 19106 550 3827 1 0 0 0 0 0 0 0 0 1 1 R 0
115 2362 20974 595 19887 568 6103 1 0 4 0 0 0 0 0 0 1 1 R 0
116 2384 21927 621 21953 593 3747 1 0 0 0 0 0 0 0 0 1 1 R 0
117 2407 22074 695 19051 656 7708 1 0 2 0 0 0 0 0 0 2 1 R 0
118 2430 22057 559 19503 540 4157 1 0 5 0 0 0 0 0 0 2 1 R 0
119 2449 18911 865 19005 771 3457 1 0 0 0 0 0 0 0 0 2 1 R 0
120 2471 21174 586 21203 553 7964 1 0 0 0 0 0 0 0 0 1 1 R 0
121 2494 22008 569 20634 550 3888 1 0 4 0 0 0 0 0 0 1 1 R 0
122 2512 17363 776 17401 752 3152 1 0 0 0 0 0 0 0 0 2 1 R 0
123 2531 18389 744 18433 683 3750 1 0 0 0 0 0 0 0 0 1 1 R 0
124 2550 18694 932 18760 871 3133 1 0 0 0 0 0 0 0 0 1 1 R 0
125 2572 21109 979 20064 960 6057 1 0 4 0 0 0 0 0 0 2 1 R 0
126 2592 18356 590 18373 572 3874 1 0 0 0 0 0 0 0 0 1 1 R 0
127 2610 17290 766 17343 711 3229 1 0 0 0 0 0 0 0 0 2 1 R 0
128 2634 24082 572 21890 527 3612 1 0 4 0 0 0 0 0 0 2 1 R 0
129 2652 16698 810 16767 756 3163 1 0 0 0 0 0 0 0 0 1 1 R 0
130 2673 19965 931 19981 908 4300 1 0 0 0 0 0 0 0 0 1 1 R 0
131 2692 18183 823 18237 771 3896 1 0 0 0 0 0 0 0 0 1 1 R 0
132 2714 21676 687 19831 666 4938 1 0 4 0 0 0 0 0 0 2 1 R 0
133 2732 17018 692 17075 657 3030 1 0 0 0 0 0 0 0 0 2 1 R 0
134 2752 18962 791 18996 749 3585 1 0 0 0 0 0 0 0 0 1 1 R 0
135 2778 25327 576 23888 556 7934 1 0 4 0 0 0 0 0 0 1 1 R 0
136 2798 19853 688 19910 637 4230 1 0 0 0 0 0 0 0 0 1 1 R 0
137 2817 17803 858 17873 790 4116 1 0 0 0 0 0 0 0 0 2 1 R 0
138 2842 24374 583 21767 561 4851 1 0 5 0 0 0 0 0 0 2 1 R 0
139 2859 17103 678 17146 642 3041 1 0 0 0 0 0 0 0 0 2 1 R 0
140 2880 20328 583 20346 561 4804 1 0 0 0 0 0 0 0 0 1 1 R 0
141 2900 18539 583 18564 554 4182 1 0 0 0 0 0 0 0 0 1 1 R 0
142 2921 20981 575 20179 555 5521 1 0 4 0 0 0 0 0 0 2 1 R 0
143 2939 17441 704 17485 661 3160 1 0 0 0 0 0 0 0 0 2 1 R 0
144 2959 18719 704 18772 657 3929 1 0 0 0 0 0 0 0 0 2 1 R 0
145 2981 22106 602 20285 574 4267 1 0 4 0 0 0 0 0 0 1 1 R 0
146 3001 19199 596 19227 568 3754 1 0 0 0 0 0 0 0 0 1 1 R 0
147 3020 18063 714 18104 668 3427 1 0 0 0 0 0 0 0 0 1 1 R 0
148 3041 20459 584 19327 554 3274 1 0 1 0 0 0 0 0 0 1 1 R 0
149 3063 21039 944 20194 925 4915 1 0 4 0 0 0 0 0 0 2 1 R 0
150 3085 21118 547 21138 529 7356 1 0 0 0 0 0 0 0 0 1 1 R 0
151 3105 19625 568 19641 545 3845 1 0 0 0 0 0 0 0 0 1 1 R 0
152 3126 20848 694 19863 645 3257 1 0 4 0 0 0 0 0 0 2 1 R 0
153 3145 17585 746 17670 670 3091 1 0 0 0 0 0 0 0 0 1 1 R 0
154 3165 19728 670 19755 641 4127 1 0 0 0 0 0 0 0 0 2 1 R 0
155 3188 22557 561 21343 541 3846 1 0 5 0 0 0 0 0 0 1 1 R 0
156 3208 19214 577 19236 558 4297 1 0 0 0 0 0 0 0 0 1 1 R 0
157 3226 17228 720 17273 667 3619 1 0 0 0 0 0 0 0 0 2 1 R 0
158 3247 20059 661 18562 618 3454 1 0 1 0 0 0 0 0 0 2 1 R 0
159 3268 20406 773 19458 737 2999 1 0 4 0 0 0 0 0 0 1 1 R 0
160 3288 19889 575 19899 550 4172 1 0 0 0 0 0 0 0 0 2 1 R 0
161 3308 18822 574 18849 551 4270 1 0 0 0 0 0 0 0 0 1 1 R 0
162 3330 21799 578 20413 556 4040 1 0 4 0 0 0 0 0 0 1 1 R 0
163 3348 17674 726 17726 678 3526 1 0 0 0 0 0 0 0 0 2 1 R 0
164 3369 19362 814 19466 707 4004 1 0 0 0 0 0 0 0 0 1 1 R 0
165 3391 22157 598 22183 570 8404 1 0 0 0 0 0 0 0 0 2 1 R 0
166 3414 22246 653 20869 629 3762 1 0 4 0 0 0 0 0 0 1 1 R 0
167 3435 20224 583 19176 546 3212 1 0 1 0 0 0 0 0 0 1 1 R 0
168 3454 18448 933 18482 906 3016 1 0 0 0 0 0 0 0 0 2 1 R 0
169 3476 20801 690 19759 648 3043 1 0 4 0 0 0 0 0 0 2 1 R 0
170 3496 19003 575 19025 551 3770 1 0 0 0 0 0 0 0 0 1 1 R 0
171 3516 19353 578 19376 555 3830 1 0 0 0 0 0 0 0 0 1 1 R 0
172 3538 21707 543 20330 528 3234 1 0 4 0 0 0 0 0 0 1 1 R 0
173 3556 17521 695 17565 659 3546 1 0 0 0 0 0 0 0 0 2 1 R 0
174 3576 19422 626 19436 606 3826 1 0 0 0 0 0 0 0 0 1 1 R 0
175 3596 19346 584 19367 561 3845 1 0 0 0 0 0 0 0 0 1 1 R 0
176 3618 21555 609 20640 585 3734 1 0 4 0 0 0 0 0 0 1 1 R 0
177 3639 19770 755 18652 676 3516 1 0 1 0 0 0 0 0 0 2 1 R 0
178 3657 17427 662 17461 640 3562 1 0 0 0 0 0 0 0 0 2 1 R 0
179 3679 21618 588 20306 563 4231 1 0 4 0 0 0 0 0 0 1 1 R 0
180 3702 22229 666 22267 630 7996 1 0 0 0 0 0 0 0 0 2 1 R 0
181 3722 19938 1206 19962 1176 3232 1 0 0 0 0 1 0 0 0 1 1 R 0
182 3741 17342 759 17405 705 3261 1 0 0 0 0 0 0 0 0 1 1 R 0
183 3765 23568 640 22128 549 3569 1 0 4 0 0 0 0 0 0 2 1 R 0
184 3786 19870 572 19897 548 3719 1 0 0 0 0 0 0 0 0 1 1 R 0
185 3805 18900 579 18923 552 3864 1 0 0 0 0 0 0 0 0 1 1 R 0
186 3828 21872 589 20710 562 3176 1 0 4 0 0 0 0 0 0 3 1 R 0
187 3847 18819 749 17523 720 4735 1 0 1 0 0 0 0 0 0 1 1 R 0
188 3866 18086 660 18123 627 3584 1 0 0 0 0 0 0 0 0 2 1 R 0
189 3890 23211 647 22399 605 4794 1 0 4 0 0 0 0 0 0 1 1 R 0
190 3909 18675 872 18721 844 4166 1 0 0 0 0 0 0 0 0 2 1 R 0
191 3929 19104 581 19111 554 4079 1 0 0 0 0 0 0 0 0 0 1 R 0
192 3948 18319 692 18356 663 3630 1 0 0 0 0 0 0 0 0 2 1 R 0
193 3969 19994 798 18970 759 5792 1 0 4 0 0 0 0 0 0 2 1 R 0
194 3991 21570 648 21605 604 5524 1 0 0 0 0 1 0 0 0 1 1 R 0
195 4015 23534 594 23561 568 8036 1 0 0 0 0 0 0 0 0 1 1 R 0
196 4039 23021 1418 20942 1381 3705 1 0 5 0 0 1 0 0 0 2 1 R 0
197 4058 17237 713 17280 659 3499 1 0 0 0 0 0 0 0 0 1 1 R 0
198 4077 18809 692 18858 655 4479 1 0 0 0 0 0 0 0 0 2 1 R 0
199 4100 21994 587 20830 567 5216 1 0 4 0 0 0 0 0 0 1 1 R 0
200 4119 18919 581 18939 558 4220 1 0 0 0 0 0 0 0 0 1 1 R 0
201 4141 20923 595 20227 572 4156 1 0 1 0 0 0 0 0 0 2 1 R 0
202 4159 17339 782 17370 757 3082 1 0 0 0 0 0 0 0 0 2 1 R 0
203 4180 20944 788 20126 750 6509 1 0 4 0 0 0 0 0 0 1 1 R 0
204 4201 19852 567 19853 542 3716 1 0 0 0 0 0 0 0 0 2 1 R 0
205 4221 19404 583 19430 559 3884 1 0 0 0 0 0 0 0 0 1 1 R 0
206 4245 23611 637 20549 587 3556 1 0 4 0 0 0 0 0 0 1 1 R 0
207 4262 16459 1390 16516 1356 3055 1 0 0 0 0 0 0 0 0 2 1 R 0
208 4282 17915 673 17935 657 3816 1 0 0 0 0 0 0 0 0 1 1 R 0
209 4307 24313 560 22953 540 4525 1 0 5 0 0 0 0 0 0 2 1 R 0
210 4330 22585 609 22617 579 7915 1 0 0 0 0 0 0 0 0 1 1 R 0
211 4349 18084 791 18133 746 4148 1 0 0 0 0 0 0 0 0 2 1 R 0
212 4367 17896 701 17935 674 3544 1 0 0 0 0 0 0 0 0 2 1 R 0
213 4389 21262 716 20232 682 6478 1 0 4 0 0 0 0 0 0 2 1 R 0
214 4409 19119 608 19129 588 3737 1 0 0 0 0 0 0 0 0 1 1 R 0
215 4429 19511 601 19535 571 4319 1 0 0 0 0 0 0 0 0 1 1 R 0
216 4452 22328 609 20124 569 3508 1 0 5 0 0 0 0 0 0 2 1 R 0
217 4470 17182 873 17251 797 3172 1 0 0 0 0 0 0 0 0 1 1 R 0
218 4490 18958 712 19024 664 4521 1 0 0 0 0 0 0 0 0 2 1 R 0
219 4510 19357 580 19369 556 4649 1 0 0 0 0 0 0 0 0 1 1 R 0
220 4531 20843 609 19686 573 6232 1 0 4 0 0 0 0 0 0 1 1 R 0
221 4550 18091 714 18146 669 2994 1 0 0 0 0 0 0 0 0 1 1 R 0
222 4570 19399 1254 19434 1210 3523 1 0 0 0 0 0 0 0 0 2 1 R 0
223 4591 20071 699 18694 673 3093 1 0 4 0 0 0 0 0 0 2 1 R 0
224 4611 19225 604 19232 582 3798 1 0 0 0 0 0 0 0 0 1 1 R 0
225 4634 22598 564 22616 543 7684 1 0 0 0 0 0 0 0 0 1 1 R 0
226 4658 23003 674 21153 665 4676 1 0 5 0 0 0 0 0 0 2 1 R 0
227 4676 17713 843 17736 819 3735 1 0 0 0 0 0 0 0 0 1 1 R 0
228 4696 19236 701 19271 660 4384 1 0 0 0 0 0 0 0 0 2 1 R 0
229 4717 19661 579 19683 555 4207 1 0 0 0 0 0 0 0 0 1 1 R 0
230 4738 20756 766 19732 735 5104 1 0 4 0 0 0 0 0 0 1 1 R 0
231 4758 18597 695 18658 639 3915 1 0 0 0 0 0 0 0 0 2 1 R 0
232 4776 17311 717 17345 692 3508 1 0 0 0 0 0 0 0 0 1 1 R 0
233 4798 21706 788 20489 762 5068 1 0 4 0 0 0 0 0 0 2 1 R 0
234 4818 19233 594 19248 566 4256 1 0 0 0 0 0 0 0 0 1 1 R 0
235 4838 19112 2125 19150 1051 4306 1 0 0 0 1 0 0 0 0 1 1 R 0
236 4858 18482 568 18491 545 3627 1 0 0 0 0 0 0 0 0 2 1 R 0
237 4879 20208 719 19297 669 4300 1 0 4 0 0 0 0 0 0 1 1 R 0
238 4898 17929 848 18008 774 3561 1 0 0 0 0 0 0 0 0 2 1 R 0
239 4919 20590 583 20607 560 5349 1 0 0 0 0 0 0 0 0 1 1 R 0
240 4945 24967 579 23430 550 8179 1 0 4 0 0 0 0 0 0 2 1 R 0
241 4965 19313 562 19336 541 3688 1 0 0 0 0 0 0 0 0 1 1 R 0
242 4982 17182 1341 17222 1318 3253 1 0 0 0 0 0 0 0 0 1 1 R 0
243 5001 17705 822 17733 783 3334 1 0 0 0 0 0 0 0 0 2 1 R 0
244 5026 23769 572 21190 554 3858 1 0 4 0 0 0 0 0 0 1 1 R 0
245 5047 20402 626 19370 598 3876 1 0 1 0 0 0 0 0 0 1 1 R 0
246 5067 19160 784 19215 741 4137 1 0 0 0 0 0 0 0 0 2 1 R 0
247 5088 20668 692 18939 685 3045 1 0 4 0 0 0 0 0 0 1 1 R 0
248 5107 17935 677 17959 649 3444 1 0 0 0 0 0 0 0 0 2 1 R 0
249 5128 19992 578 20009 552 4302 1 0 0 0 0 0 0 0 0 1 1 R 0
250 5147 19025 586 19047 565 4212 1 0 0 0 0 0 0 0 0 1 1 R 0
251 5171 22860 586 21121 554 7598 1 0 4 0 0 0 0 0 0 2 1 R 0
252 5190 18377 685 17996 650 3533 1 0 1 0 0 0 0 0 0 1 1 R 0
253 5209 18399 734 18442 700 3944 1 0 0 0 0 0 0 0 0 2 1 R 0
254 5230 20947 586 19882 560 4155 1 0 4 0 0 0 0 0 0 1 1 R 0
255 5254 23590 568 21992 553 10931 1 0 1 0 0 0 0 0 0 2 1 R 0
256 5272 17365 1416 17407 1382 3345 1 0 0 0 0 0 0 0 0 1 1 R 0
257 5291 16726 784 16790 716 3145 1 0 0 0 0 0 0 0 0 2 1 R 0
258 5314 22391 554 20651 539 3410 1 0 4 0 0 0 0 0 0 1 1 R 0
259 5333 19035 585 19052 561 3834 1 0 0 0 0 0 0 0 0 1 1 R 0
260 5352 18429 925 18460 904 3783 1 0 0 0 0 0 0 0 0 1 1 R 0
261 5375 21268 609 19923 583 3358 1 0 4 0 0 0 0 0 0 2 1 R 0
262 5392 16500 738 16542 692 3038 1 0 0 0 0 0 0 0 0 1 1 R 0
263 5411 18442 720 18476 700 3778 1 0 0 0 0 0 0 0 0 1 1 R 0
264 5431 19660 817 19690 771 3740 1 0 0 0 0 0 0 0 0 2 1 R 0
265 5455 22642 575 20376 559 4312 1 0 5 0 0 0 0 0 0 1 1 R 0
266 5474 18354 676 18382 644 3249 1 0 0 0 0 0 0 0 0 1 1 R 0
267 5491 16810 690 16867 632 3090 1 0 0 0 0 0 0 0 0 3 1 R 0
268 5514 22372 669 21332 645 3584 1 0 4 0 0 0 0 0 0 2 1 R 0
269 5534 19343 599 19350 577 3741 1 0 0 0 0 0 0 0 0 0 1 R 0
270 5556 21208 576 21238 548 8090 1 0 0 0 0 0 0 0 0 1 1 R 0
271 5578 21234 624 19953 612 3130 1 0 4 0 0 0 0 0 0 3 1 R 0
272 5596 17681 675 17729 626 3464 1 0 0 0 0 0 0 0 0 0 1 R 0
273 5617 19854 715 19907 670 5163 1 0 0 0 0 0 0 0 0 2 1 R 0
274 5637 20137 570 20148 552 3802 1 0 0 0 0 1 0 0 0 1 1 R 0
275 5659 21471 585 19098 556 8114 1 0 4 0 0 0 0 0 0 1 1 R 0
276 5679 18822 571 18850 548 3907 1 0 0 0 0 0 0 0 0 2 1 R 0
277 5697 17517 831 17574 777 3661 1 0 0 0 0 0 0 0 0 2 1 R 0
278 5720 22459 681 20952 648 4834 1 0 4 0 0 0 0 0 0 1 1 R 0
279 5740 18891 642 18911 627 3332 1 0 0 0 0 0 0 0 0 2 1 R 0
280 5760 19634 819 19698 751 4314 1 0 0 0 0 0 0 0 0 1 1 R 0
281 5781 19687 594 19706 569 4653 1 0 0 0 0 0 0 0 0 2 1 R 0
282 5801 20069 760 18911 715 4719 1 0 4 0 0 0 0 0 0 2 1 R 0
283 5821 19378 689 19439 630 3068 1 0 0 0 0 0 0 0 0 1 1 R 0
284 5841 18520 857 18571 805 3236 1 0 0 0 0 0 0 0 0 2 1 R 0
285 5867 25378 635 23234 600 13004 1 0 5 0 0 0 0 0 0 1 1 R 0
286 5886 18630 668 18674 624 4121 1 0 0 0 0 0 0 0 0 1 1 R 0
287 5905 18286 692 18326 658 3092 1 0 0 0 0 0 0 0 0 1 1 R 0
288 5927 21170 828 20073 812 3087 1 0 4 0 0 0 0 0 0 2 1 R 0
289 5947 19405 579 19426 552 4318 1 0 0 0 0 0 0 0 0 1 1 R 0
290 5967 18978 574 19003 553 4159 1 0 0 0 0 0 0 0 0 1 1 R 0
291 5986 18538 693 18570 657 3287 1 0 0 0 0 0 0 0 0 1 1 R 0
292 6007 20692 824 19743 770 3078 1 0 4 0 0 0 0 0 0 2 1 R 0
293 6026 17765 721 17797 681 3567 1 0 0 0 0 0 0 0 0 1 1 R 0
294 6046 19506 2040 19533 886 3829 1 0 0 0 1 0 0 0 0 3 1 R 0
295 6070 21487 676 20646 651 4291 1 0 4 0 0 0 0 0 0 1 1 R 0
296 6089 18851 820 18907 769 4108 1 0 0 0 0 0 0 0 0 1 1 R 0
297 6107 17174 796 17266 705 3506 1 0 0 0 0 0 0 0 0 2 1 R 0
298 6127 18687 1682 18728 1662 4764 1 0 0 0 0 1 0 0 0 2 1 R 0
299 6151 22497 601 21108 580 7274 1 0 4 0 0 0 0 0 0 1 1 R 0
300 6174 22863 567 22881 543 7693 1 0 0 0 0 0 0 0 0 1 1 R 0
301 6195 20274 574 20295 551 3486 1 0 0 0 0 0 0 0 0 2 1 R 0
302 6217 21173 872 20138 807 3058 1 0 4 0 0 0 0 0 0 1 1 R 0
303 6237 19153 581 19157 563 3853 1 0 0 0 0 0 0 0 0 1 1 R 0
304 6258 20220 658 19151 631 4258 1 0 1 0 0 0 0 0 0 2 1 R 0
305 6280 21243 576 20028 546 4283 1 0 4 0 0 0 0 0 0 1 1 R 0
306 6298 17876 857 17941 803 3590 1 0 0 0 0 0 0 0 0 1 1 R 0
307 6318 18755 724 18803 673 4328 1 0 0 0 0 0 0 0 0 2 1 R 0
308 6337 18899 691 18932 674 3710 1 0 0 0 0 0 0 0 0 2 1 R 0
309 6359 21191 595 20123 569 6466 1 0 4 0 0 0 0 0 0 1 1 R 0
310 6378 18726 696 18778 656 4260 1 0 0 0 0 0 0 0 0 0 1 R 0
311 6398 18428 678 18458 653 3926 1 0 0 0 0 0 0 0 0 2 1 R 0
312 6420 21433 653 19979 633 3814 1 0 4 0 0 0 0 0 0 2 1 R 0
313 6438 17460 691 17488 650 3374 1 0 0 0 0 0 0 0 0 2 1 R 0
314 6460 21695 861 20063 836 4955 1 0 1 0 0 0 0 0 0 1 1 R 0
315 6486 24431 551 23668 530 8000 1 0 4 0 0 0 0 0 0 1 1 R 0
316 6504 18175 630 18202 609 3058 1 0 0 0 0 0 0 0 0 2 1 R 0
317 6522 17243 1360 17281 1341 3188 1 0 0 0 0 0 0 0 0 2 1 R 0
318 6542 18370 697 18387 668 3687 1 0 0 0 0 0 0 0 0 2 1 R 0
319 6565 22510 590 21221 559 3889 1 0 4 0 0 0 0 0 0 1 1 R 0
320 6585 19244 617 19271 596 3770 1 0 0 0 0 0 0 0 0 1 1 R 0
321 6603 17184 1215 17261 1150 3462 1 0 0 0 0 0 0 0 0 2 1 R 0
322 6622 17740 681 17787 618 3121 1 0 0 0 0 1 0 0 0 2 1 R 0
323 6645 22376 770 20666 736 3439 1 0 4 0 0 0 0 0 0 1 1 R 0
324 6666 20394 577 19332 551 3641 1 0 1 0 0 0 0 0 0 2 1 R 0
325 6685 19007 565 19027 542 3873 1 0 0 0 0 0 0 0 0 1 1 R 0
326 6708 22214 582 21264 556 3770 1 0 4 0 0 0 0 0 0 1 1 R 0
327 6726 16979 680 17019 644 3556 1 0 0 0 0 0 0 0 0 2 1 R 0
328 6746 19221 804 19261 768 3923 1 0 0 0 0 0 0 0 0 2 1 R 0
329 6768 21916 714 20405 685 3395 1 0 4 0 0 0 0 0 0 1 1 R 0
330 6792 23285 1140 23307 1120 7589 1 0 0 0 0 0 0 0 0 1 1 R 0
331 6810 16437 756 16476 711 3119 1 0 0 0 0 0 0 0 0 1 1 R 0
332 6831 20255 718 20305 671 5427 1 0 0 0 0 0 0 0 0 2 1 R 0
333 6856 23954 595 20992 571 4780 1 0 5 0 0 0 0 0 0 1 1 R 0
334 6875 18859 781 18883 759 3759 1 0 0 0 0 0 0 0 0 1 1 R 0
335 6896 19647 658 19669 639 3667 1 0 0 0 0 0 0 0 0 2 1 R 0
336 6918 21610 579 20453 558 3063 1 0 4 0 0 0 0 0 0 2 1 R 0
337 6935 16807 938 16852 894 3606 1 0 0 0 0 0 0 0 0 2 1 R 0
338 6955 19208 662 19233 643 4343 1 0 0 0 0 0 0 0 0 2 1 R 0
339 6979 23413 570 22254 553 5214 1 0 4 0 0 0 0 0 0 1 1 R 0
340 6999 18922 773 18961 726 3798 1 0 0 0 0 0 0 0 0 1 1 R 0
341 7017 17355 787 17416 749 3578 1 0 0 0 0 0 0 0 0 2 1 R 0
342 7036 18445 657 18472 609 4318 1 0 0 0 0 0 0 0 0 2 1 R 0
343 7059 22141 706 19830 632 3116 1 0 5 0 0 0 0 0 0 2 1 R 0
344 7079 19279 597 19306 576 4403 1 0 0 0 0 0 0 0 0 0 1 R 0
345 7101 21509 579 21529 552 7113 1 0 0 0 0 0 0 0 0 2 1 R 0
346 7123 20887 1083 19453 1060 3132 1 0 4 0 0 0 0 0 0 2 1 R 0
347 7142 18607 1019 18637 1019 3882 1 0 0 0 0 0 0 0 0 1 1 R 0
348 7161 18139 626 18141 583 3758 1 0 0 0 0 0 0 0 0 1 1 R 0
349 7183 20492 2208 20048 1474 3864 1 0 1 0 3 0 0 0 0 1 1 R 0
350 7204 19665 574 19349 549 3272 1 0 1 0 0 0 0 0 0 1 1 R 0
351 7222 16500 689 16554 643 3036 1 0 0 0 0 0 0 0 0 2 1 R 0
352 7242 19708 704 19741 667 4753 1 0 0 0 0 0 0 0 0 1 1 R 0
353 7267 24153 616 21095 575 3123 1 0 4 0 0 0 0 0 0 1 1 R 0
354 7288 20446 829 20473 806 4807 1 0 0 0 0 0 0 0 0 2 1 R 0
355 7310 21288 576 21310 550 3879 1 0 0 0 0 0 0 0 0 2 1 R 0
356 7333 22733 713 21201 663 3530 1 0 4 0 0 0 0 0 0 2 1 R 0
357 7353 18603 1250 18659 1209 3110 1 0 0 0 0 0 0 0 0 1 1 R 0
358 7375 21605 544 21282 524 3760 1 0 1 0 0 0 0 0 0 1 1 R 0
359 7399 23391 1289 22544 1285 3872 1 0 4 0 0 0 0 0 0 2 1 R 0
360 7425 24153 575 24163 553 7044 1 0 0 0 0 0 0 0 0 1 1 R 0
361 7442 16691 1181 16725 1173 3027 1 0 0 0 0 0 0 0 0 2 1 R 0
362 7467 24022 633 21294 610 4207 1 0 5 0 0 0 0 0 0 1 1 R 0
363 7487 19491 583 19518 560 4274 1 0 0 0 0 0 0 0 0 1 1 R 0
364 7507 19361 571 19379 550 4264 1 0 0 0 0 0 0 0 0 1 1 R 0
365 7526 18302 785 18339 762 4068 1 0 0 0 0 0 0 0 0 2 1 R 0
366 7548 21341 694 20308 638 3077 1 0 4 0 0 0 0 0 0 1 1 R 0
367 7568 18884 595 18907 570 3481 1 0 0 0 0 1 0 0 0 2 1 R 0
368 7588 19107 566 19132 544 4128 1 0 0 0 0 0 0 0 0 1 1 R 0
369 7610 21573 676 20600 642 4342 1 0 4 0 0 0 0 0 0 1 1 R 0
370 7628 17681 710 17722 669 3785 1 0 0 0 0 0 0 0 0 2 1 R 0
371 7647 17839 654 17877 624 3729 1 0 0 0 0 0 0 0 0 1 1 R 0
372 7668 20873 802 19944 747 4657 1 0 1 0 0 0 0 0 0 2 1 R 0
373 7691 21959 592 20752 568 7060 1 0 4 0 0 0 0 0 0 1 1 R 0
374 7711 18895 562 18915 538 3803 1 0 0 0 0 0 0 0 0 2 1 R 0
375 7733 22351 600 22379 569 6460 1 0 0 0 0 0 0 0 0 2 1 R 0
376 7755 21038 803 20123 782 3075 1 0 4 0 0 0 0 0 0 1 1 R 0
377 7775 19411 558 19415 538 3258 1 0 0 0 0 0 0 0 0 1 1 R 0
378 7795 18900 568 18921 544 3755 1 0 0 0 0 0 0 0 0 2 1 R 0
379 7817 21726 544 20698 529 3860 1 0 4 0 0 0 0 0 0 1 1 R 0
380 7836 18035 691 18090 633 3222 1 0 0 0 0 0 0 0 0 1 1 R 0
381 7855 18318 777 18380 724 3544 1 0 0 0 0 0 0 0 0 2 1 R 0
382 7877 21251 577 20299 555 5086 1 0 1 0 0 0 0 0 0 2 1 R 0
383 7898 21150 594 19873 565 4543 1 0 4 0 0 0 0 0 0 1 1 R 0
384 7919 19838 563 19859 540 4140 1 0 0 0 0 0 0 0 0 1 1 R 0
385 7937 17419 860 17473 813 3561 1 0 0 0 0 0 0 0 0 2 1 R 0
386 7959 21210 776 19796 749 3573 1 0 4 0 0 0 0 0 0 2 1 R 0
387 7979 19556 579 19579 553 3999 1 0 0 0 0 0 0 0 0 1 1 R 0
388 7999 18732 577 18758 553 4191 1 0 0 0 0 0 0 0 0 1 1 R 0
389 8019 19432 623 19466 584 4240 1 0 0 0 0 0 0 0 0 1 1 R 0
390 8042 23213 980 22266 962 8580 1 0 4 0 0 0 0 0 0 2 1 R 0
391 8062 18847 1162 17735 1157 3181 1 0 1 0 0 0 0 0 0 2 1 R 0
392 8082 18952 1150 18983 1101 3366 1 0 0 0 0 0 0 0 0 1 1 R 0
393 8105 21392 582 19921 561 3838 1 0 4 0 0 0 0 0 0 2 1 R 0
394 8124 18813 573 18833 552 3530 1 0 0 0 0 0 0 0 0 1 1 R 0
395 8144 19293 646 18961 621 3269 1 0 1 0 0 0 0 0 0 1 1 R 0
396 8167 22612 537 21757 510 4135 1 0 4 0 0 0 0 0 0 1 1 R 0
397 8187 19415 571 19445 545 4173 1 0 0 0 0 0 0 0 0 3 1 R 0
398 8207 18954 573 18973 553 4216 1 0 0 0 0 0 0 0 0 1 1 R 0
399 8227 19236 609 19261 592 4261 1 0 0 0 0 0 0 0 0 1 1 R 0
400 8248 20512 689 19497 639 3110 1 0 4 0 0 0 0 0 0 2 1 R 0
401 8268 19279 1672 18330 1641 3509 1 0 1 0 0 1 0 0 0 1 1 R 0
402 8289 20056 567 20053 537 4193 1 0 0 0 0 0 0 0 0 2 1 R 0
403 8311 20834 580 19637 553 4327 1 0 4 0 0 0 0 0 0 1 1 R 0
404 8330 18928 654 19025 554 3158 1 0 0 0 0 0 0 0 0 0 1 R 0
405 8352 20573 817 20633 761 6059 1 0 0 0 0 0 0 0 0 2 1 R 0
406 8371 18201 1182 18277 1115 3202 1 0 0 0 0 0 0 0 0 2 1 R 0
407 8395 22909 562 21467 543 4770 1 0 4 0 0 0 0 0 0 1 1 R 0
408 8415 19332 564 19355 540 3740 1 0 0 0 0 0 0 0 0 2 1 R 0
409 8435 19369 679 19422 628 3414 1 0 0 0 0 0 0 0 0 1 1 R 0
410 8457 22056 576 20956 548 3099 1 0 4 0 0 0 0 0 0 1 1 R 0
411 8477 19325 878 17965 805 5021 1 0 1 0 0 0 0 0 0 3 1 R 0
412 8497 19019 562 19038 538 4192 1 0 0 0 0 0 0 0 0 1 1 R 0
413 8519 21605 577 20824 552 4388 1 0 4 0 0 0 0 0 0 1 1 R 0
414 8539 19648 605 19674 582 4115 1 0 0 0 0 0 0 0 0 1 1 R 0
415 8557 17152 672 17188 647 3494 1 0 0 0 0 0 0 0 0 2 1 R 0
416 8577 18846 695 18893 645 4780 1 0 0 0 0 0 0 0 0 2 1 R 0
417 8600 22467 588 21290 563 7275 1 0 4 0 0 0 0 0 0 1 1 R 0
418 8619 18791 583 18816 557 4291 1 0 0 0 0 0 0 0 0 1 1 R 0
419 8640 20395 604 20415 584 4196 1 0 0 0 0 0 0 0 0 2 1 R 0
420 8666 25213 547 23353 525 6338 1 0 5 0 0 0 0 0 0 2 1 R 0
421 8685 18488 740 18574 671 3095 1 0 0 0 0 0 0 0 0 1 1 R 0
422 8705 19432 575 19445 548 3751 1 0 0 0 0 0 0 0 0 1 1 R 0
423 8728 21662 573 20400 548 3937 1 0 4 0 0 0 0 0 0 1 1 R 0
424 8749 21037 595 21066 560 5454 1 0 0 0 0 0 0 0 0 2 1 R 0
425 8768 18323 771 18410 690 3817 1 0 0 0 0 0 0 0 0 1 1 R 0
426 8786 17134 720 17166 682 4100 1 0 0 0 0 0 0 0 0 2 1 R 0
427 8810 23754 575 22871 553 7399 1 0 4 0 0 0 0 0 0 2 1 R 0
428 8830 19022 617 19060 578 4249 1 0 0 0 0 0 0 0 0 1 1 R 0
429 8849 18324 615 18347 597 3843 1 0 0 0 0 0 0 0 0 2 1 R 0
430 8872 21925 866 19265 787 3476 1 0 4 0 0 0 0 0 0 1 1 R 0
431 8890 17333 661 17351 648 3100 1 0 0 0 0 0 0 0 0 1 1 R 0
432 8911 20200 582 20219 552 4213 1 0 0 0 0 0 0 0 0 1 1 R 0
433 8931 19623 588 19649 562 3888 1 0 0 0 0 0 0 0 0 2 1 R 0
434 8952 20891 897 19681 877 4948 1 0 4 0 0 0 0 0 0 1 1 R 0
435 8975 21543 799 21568 768 5893 1 0 0 0 0 0 0 0 0 2 1 R 0
436 8994 18476 811 18509 782 3097 1 0 0 0 0 0 0 0 0 1 1 R 0
437 9016 21423 663 20144 627 3246 1 0 4 0 0 0 0 0 0 2 1 R 0
438 9036 18774 575 18797 551 3772 1 0 0 0 0 0 0 0 0 1 1 R 0
439 9055 19107 662 19138 636 3362 1 0 0 0 0 0 0 0 0 1 1 R 0
440 9079 22800 530 20607 518 3037 1 0 5 0 0 0 0 0 0 1 1 R 0
441 9096 16765 791 16831 738 3450 1 0 0 0 0 0 0 0 0 2 1 R 0
442 9118 21430 632 21440 606 5763 1 0 0 0 0 0 0 0 0 3 1 R 0
443 9138 18939 578 18968 552 4296 1 0 0 0 0 0 0 0 0 1 1 R 0
444 9162 23329 703 22096 636 7258 1 0 4 0 0 0 0 0 0 1 1 R 0
445 9182 19617 1475 19105 1412 3142 1 0 1 0 0 0 0 0 0 2 1 R 0
446 9203 19047 924 19067 902 3776 1 0 0 0 0 0 0 0 0 1 1 R 0
447 9224 20741 603 19258 578 3270 1 0 4 0 0 0 0 0 0 1 1 R 0
448 9244 18825 598 18847 581 3778 1 0 0 0 0 0 0 0 0 1 1 R 0
449 9262 17906 1547 17959 1498 3524 1 0 0 0 0 0 0 0 0 2 1 R 0
450 9290 26113 692 23788 636 7815 1 0 5 0 0 1 0 0 0 1 1 R 0
451 9309 18039 853 18090 810 3598 1 0 0 0 0 0 0 0 0 2 1 R 0
452 9329 19083 582 19102 552 4235 1 0 0 0 0 0 0 0 0 1 1 R 0
453 9349 20030 598 19786 570 5105 1 0 1 0 0 0 0 0 0 1 1 R 0
454 9371 20770 582 19627 556 5696 1 0 4 0 0 0 0 0 0 2 1 R 0
455 9389 17584 803 17622 786 3033 1 0 0 0 0 0 0 0 0 2 1 R 0
456 9409 18954 907 18969 958 3643 1 0 0 0 0 0 0 0 0 1 1 R 0
457 9431 21593 604 19926 584 4342 1 0 4 0 0 0 0 0 0 1 1 R 0
458 9451 19329 589 19348 559 3820 1 0 0 0 0 0 0 0 0 2 1 R 0
459 9472 20487 557 19144 535 3602 1 0 1 0 0 0 0 0 0 1 1 R 0
460 9490 17588 695 17630 666 3094 1 0 0 0 0 0 0 0 0 1 1 R 0
461 9514 23316 568 21666 551 5228 1 0 4 0 0 1 0 0 0 2 1 R 0
462 9534 19157 560 19173 541 3721 1 0 0 0 0 0 0 0 0 1 1 R 0
463 9554 19730 571 19750 545 3949 1 0 0 0 0 0 0 0 0 1 1 R 0
464 9576 21575 573 20381 547 3504 1 0 4 0 0 0 0 0 0 1 1 R 0
465 9598 21495 581 21524 555 6452 1 0 0 0 0 0 0 0 0 3 1 R 0
466 9618 19176 599 19197 577 3668 1 0 0 0 0 0 0 0 0 1 1 R 0
467 9640 20752 580 19589 554 4305 1 0 4 0 0 0 0 0 0 1 1 R 0
468 9660 19727 583 19752 561 4062 1 0 0 0 0 0 0 0 0 2 1 R 0
469 9679 18926 701 17911 644 3493 1 0 1 0 0 0 0 0 0 1 1 R 0
470 9698 17916 656 17957 621 3831 1 0 0 0 0 0 0 0 0 2 1 R 0
471 9719 20241 731 19264 672 5957 1 0 4 0 0 0 0 0 0 2 1 R 0
472 9739 19392 560 19409 541 4157 1 0 0 0 0 0 0 0 0 1 1 R 0
473 9759 18994 726 19030 692 4322 1 0 0 0 0 0 0 0 0 1 1 R 0
474 9781 21676 604 20354 569 4066 1 0 4 0 0 0 0 0 0 2 1 R 0
475 9799 17091 836 17159 763 3057 1 0 0 0 0 0 0 0 0 0 1 R 0
476 9819 19176 810 19244 745 4775 1 0 0 0 0 0 0 0 0 2 1 R 0
477 9840 20307 589 20328 569 4928 1 0 0 0 0 0 0 0 0 1 1 R 0
478 9862 21371 588 20212 566 6745 1 0 4 0 0 0 0 0 0 2 1 R 0
479 9882 19543 726 18581 700 3328 1 0 1 0 0 0 0 0 0 2 1 R 0
480 9905 22356 628 22360 608 7473 1 0 0 0 0 0 0 0 0 1 1 R 0
481 9927 20997 593 19386 571 3838 1 0 4 0 0 0 0 0 0 1 1 R 0
482 9947 19386 573 19403 554 3745 1 0 0 0 0 0 0 0 0 1 1 R 0
483 9966 18850 599 18869 577 3672 1 0 0 0 0 0 0 0 0 1 1 R 0
484 9988 21885 648 21085 635 3629 1 0 4 0 0 0 0 0 0 2 1 R 0
485 10007 17604 672 17639 643 3589 1 0 0 0 0 0 0 0 0 2 1 R 0
486 10027 19911 803 19946 764 4436 1 0 0 0 0 0 0 0 0 1 1 R 0
487 10047 18730 578 18752 557 4349 1 0 0 0 0 0 0 0 0 1 1 R 0
488 10069 21586 590 20424 568 5136 1 0 4 0 0 0 0 0 0 2 1 R 0
489 10090 20139 576 18587 549 5772 1 0 1 0 0 0 0 0 0 1 1 R 0
490 10108 17365 778 17413 741 3600 1 0 0 0 0 0 0 0 0 2 1 R 0
491 10131 22120 736 20462 701 4494 1 0 4 0 0 0 0 0 0 2 1 R 0
492 10152 20432 631 20010 603 4571 1 0 1 0 0 0 0 0 0 1 1 R 0
493 10172 19167 559 19187 537 3827 1 0 0 0 0 0 0 0 0 1 1 R 0
494 10190 17444 748 17480 727 3114 1 0 0 0 0 0 0 0 0 1 1 R 0
495 10214 24113 570 23163 550 8764 1 0 4 0 0 0 0 0 0 2 1 R 0
496 10235 19538 564 19560 539 3474 1 0 0 0 0 0 0 0 0 2 1 R 0
497 10254 19118 564 19142 536 3903 1 0 0 0 0 0 0 0 0 1 1 R 0
498 10278 22983 572 20762 550 3595 1 0 5 0 0 0 0 0 0 2 1 R 0
499 10296 17283 854 17358 789 3528 1 0 0 0 0 0 0 0 0 2 1 R 0
500 10316 19540 730 19588 681 3819 1 0 0 0 0 0 0 0 0 1 1 R 0
501 10338 21268 614 20027 599 3355 1 0 4 0 0 0 0 0 0 1 1 R 0
502 10358 19112 583 19136 556 4243 1 0 0 0 0 0 0 0 0 1 1 R 0
503 10377 18773 1235 18796 1225 4044 1 0 0 0 0 1 0 0 0 2 1 R 0
504 10395 16937 1089 17004 1011 3554 1 0 0 0 0 0 0 0 0 1 1 R 0
505 10419 22955 706 22049 662 5248 1 0 4 0 0 0 0 0 0 2 1 R 0
506 10438 17767 653 17813 609 3712 1 0 0 0 0 0 0 0 0 2 1 R 0
507 10459 20241 611 20259 586 5550 1 0 0 0 0 0 0 0 0 1 1 R 0
508 10481 22212 579 19334 550 4024 1 0 4 0 0 0 0 0 0 2 1 R 0
509 10500 18088 712 18160 639 3553 1 0 0 0 0 0 0 0 0 1 1 R 0
510 10522 20723 806 20773 771 5962 1 0 0 0 0 0 0 0 0 1 1 R 0
511 10542 19551 577 19556 556 3757 1 0 0 0 0 0 0 0 0 2 1 R 0
512 10564 21455 555 19970 532 4409 1 0 4 0 0 0 0 0 0 1 1 R 0
513 10582 17807 1394 17858 1346 3150 1 0 0 0 0 0 0 0 0 1 1 R 0
514 10601 17146 770 17200 726 3439 1 0 0 0 0 0 0 0 0 1 1 R 0
515 10634 32818 562 22279 535 3163 1 0 6 0 0 0 0 0 0 2 1 R 1
516 10669 34075 650 20395 607 22852 1 2 0 0 0 0 0 0 0 2 1 R 0
517 10692 21985 602 19717 573 3965 1 0 5 0 0 0 0 0 0 1 1 R 0
518 10710 17177 673 17232 637 3158 1 0 0 0 0 0 0 0 0 2 1 R 0
519 10730 19738 1007 19787 944 4630 1 0 0 0 0 0 0 0 0 2 1 R 0
520 10750 19211 585 19236 558 4185 1 0 0 0 0 0 0 0 0 1 1 R 0
521 10771 20369 746 19318 697 6218 1 0 4 0 0 0 0 0 0 1 1 R 0
522 10792 20538 1091 20563 1069 3807 1 0 0 0 0 0 0 0 0 2 1 R 0
523 10810 16721 804 16806 722 3319 1 0 0 0 0 0 0 0 0 1 1 R 0
524 10835 23585 789 22721 744 4450 1 0 4 0 0 0 0 0 0 2 1 R 0
525 10857 21518 642 21562 605 6598 1 0 0 0 0 0 0 0 0 1 1 R 0
526 10877 19370 2010 19392 888 4296 1 0 0 0 1 0 0 0 0 1 1 R 0
527 10899 20428 567 19328 544 3908 1 0 4 0 0 0 0 0 0 1 1 R 0
528 10918 17830 653 17870 626 3642 1 0 0 0 0 0 0 0 0 2 1 R 0
529 10936 17952 690 17979 652 4242 1 0 0 0 0 0 0 0 0 2 1 R 0
530 10958 20757 573 20781 547 5308 1 0 0 0 0 0 0 0 0 1 1 R 0
531 10980 21743 584 20673 554 5689 1 0 4 0 0 0 0 0 0 1 1 R 0
532 11000 19035 565 19059 538 4116 1 0 0 0 0 0 0 0 0 2 1 R 0
533 11018 18068 762 17706 716 3464 1 0 1 0 0 0 0 0 0 2 1 R 0
534 11042 22385 579 20762 557 4627 1 0 4 0 0 0 0 0 0 1 1 R 0
535 11061 18742 576 18765 554 3828 1 0 0 0 0 0 0 0 0 2 1 R 0
536 11082 20393 580 19556 555 3775 1 0 1 0 0 0 0 0 0 1 1 R 0
537 11101 19026 667 19059 630 3638 1 0 0 0 0 0 0 0 0 1 1 R 0
538 11122 20019 1208 18865 1190 3938 1 0 4 0 0 0 0 0 0 2 1 R 0
539 11141 17987 679 18003 653 3761 1 0 0 0 0 0 0 0 0 1 1 R 0
540 11166 23546 566 23559 538 8050 1 0 0 0 0 0 0 0 0 2 1 R 0
541 11187 21259 571 19790 613 3900 1 0 4 0 0 0 0 0 0 1 1 R 0
542 11207 18734 700 18688 679 3581 1 0 0 0 0 0 0 0 0 1 1 R 0
543 11225 17674 661 17709 627 3045 1 0 0 0 0 0 0 0 0 1 1 R 0
544 11245 18969 3363 19827 1191 3583 1 0 2 0 2 0 0 0 0 2 1 R 0
545 11268 19601 595 19603 566 4235 1 0 0 0 0 0 0 0 0 1 1 R 0
546 11289 20642 576 19535 549 4197 1 0 1 0 0 0 0 0 0 2 1 R 0
547 11308 18469 567 18494 540 3720 1 0 0 0 0 0 0 0 0 1 1 R 0
548 11329 20531 754 19628 682 5263 1 0 4 0 0 0 0 0 0 2 1 R 0
549 11348 18174 699 18222 656 3747 1 0 0 0 0 0 0 0 0 1 1 R 0
550 11368 19066 611 19078 585 4232 1 0 0 0 0 0 0 0 0 2 1 R 0
551 11390 22072 587 20873 562 4279 1 0 4 0 0 0 0 0 0 1 1 R 0
552 11409 18508 626 18542 591 3812 1 0 0 0 0 0 0 0 0 1 1 R 0
553 11427 17245 730 17320 666 3502 1 0 0 0 0 0 0 0 0 2 1 R 0
554 11448 19556 683 19583 654 4791 1 0 0 0 0 1 0 0 0 2 1 R 0
555 11474 25334 561 24232 543 11641 1 0 4 0 0 0 0 0 0 1 1 R 0
556 11495 20403 557 19340 530 3792 1 0 1 0 0 0 0 0 0 1 1 R 0
557 11514 19181 734 19228 689 3125 1 0 0 0 0 0 0 0 0 2 1 R 0
558 11536 20755 886 19771 806 3062 1 0 4 0 0 0 0 0 0 1 1 R 0
559 11555 17936 660 17976 619 3020 1 0 0 0 0 0 0 0 0 2 1 R 0
560 11575 19755 602 19770 578 3735 1 0 0 0 0 0 0 0 0 1 1 R 0
561 11597 21449 787 20610 714 3859 1 0 4 0 0 0 0 0 0 1 1 R 0
562 11616 18413 803 18439 771 3041 1 0 0 0 0 0 0 0 0 1 1 R 0
563 11635 17620 777 17665 725 3115 1 0 0 0 0 0 0 0 0 2 1 R 0
564 11654 18909 649 18938 631 4026 1 0 0 0 0 0 0 0 0 1 1 R 0
565 11677 21836 570 20739 548 3419 1 0 4 0 0 0 0 0 0 3 1 R 0
566 11698 20604 569 18996 546 5876 1 0 1 0 0 0 0 0 0 1 1 R 0
567 11717 18425 563 18448 541 3736 1 0 0 0 0 0 0 0 0 1 1 R 0
568 11738 20730 615 19046 605 3098 1 0 4 0 0 0 0 0 0 2 1 R 0
569 11756 17387 720 17407 685 3681 1 0 0 0 0 0 0 0 0 2 1 R 0
570 11781 23761 579 23785 552 9073 1 0 0 0 0 0 0 0 0 1 1 R 0
571 11801 19544 808 19573 789 3861 1 0 0 0 0 0 0 0 0 1 1 R 0
572 11825 23247 599 21756 576 3769 1 0 4 0 0 0 0 0 0 1 1 R 0
573 11843 16832 1516 16899 1458 3210 1 0 0 0 0 0 0 0 0 2 1 R 0
574 11864 19991 654 20018 625 4729 1 0 0 0 0 0 0 0 0 1 1 R 0
575 11887 22771 579 20578 552 3324 1 0 5 0 0 0 0 0 0 2 1 R 0
576 11907 19452 563 19478 536 4185 1 0 0 0 0 0 0 0 0 1 1 R 0
577 11927 19279 703 19308 677 4203 1 0 0 0 0 1 0 0 0 1 1 R 0
578 11949 21154 590 19900 562 3657 1 0 4 0 0 0 0 0 0 2 1 R 0
579 11967 17261 676 17311 630 3684 1 0 0 0 0 0 0 0 0 1 1 R 0
580 11989 20894 583 20915 566 5236 1 0 0 0 0 0 0 0 0 2 1 R 0
581 12008 18748 585 18771 565 4316 1 0 0 0 0 0 0 0 0 1 1 R 0
582 12030 21331 649 20196 611 4525 1 0 4 0 0 0 0 0 0 2 1 R 0
583 12048 17193 758 17259 703 3510 1 0 0 0 0 0 0 0 0 1 1 R 0
584 12069 20315 587 20330 564 5521 1 0 0 0 0 0 0 0 0 2 1 R 0
585 12095 25277 598 22687 575 7372 1 0 4 0 0 0 0 0 0 1 1 R 0
586 12114 19196 557 19216 541 3772 1 0 0 0 0 0 0 0 0 1 1 R 0
587 12132 17332 2607 17369 2002 3429 1 0 0 0 1 0 0 0 0 1 1 R 0
588 12152 16785 804 16828 731 3100 1 0 0 0 0 0 0 0 0 2 1 R 0
589 12176 23721 567 20966 545 3926 1 0 4 0 0 0 0 0 0 3 1 R 0
590 12195 18643 561 18671 534 3767 1 0 0 0 0 0 0 0 0 1 1 R 0
591 12216 19662 548 19686 526 3914 1 0 0 0 0 0 0 0 0 1 1 R 0
592 12238 21936 572 21023 544 3724 1 0 4 0 0 0 0 0 0 1 1 R 0
593 12256 16859 758 16939 701 3500 1 0 0 0 0 0 0 0 0 2 1 R 0
594 12277 20576 778 20629 705 4895 1 0 0 0 0 0 0 0 0 2 1 R 0
595 12300 22275 605 19830 575 4445 1 0 5 0 0 0 0 0 0 1 1 R 0
596 12320 19282 570 19304 549 4190 1 0 0 0 0 0 0 0 0 1 1 R 0
597 12339 18750 585 18776 562 4076 1 0 0 0 0 0 0 0 0 2 1 R 0
598 12358 18202 865 18275 798 3769 1 0 0 0 0 0 0 0 0 1 1 R 0
599 12380 20992 708 19969 664 6182 1 0 4 0 0 0 0 0 0 1 1 R 0
600 12405 23984 557 24000 533 7418 1 0 0 0 0 0 0 0 0 3 1 R 0
601 12424 19048 560 19070 536 3624 1 0 0 0 0 0 0 0 0 1 1 R 0
602 12445 20776 943 19812 844 3018 1 0 4 0 0 0 0 0 0 1 1 R 0
603 12465 18261 736 18291 699 3029 1 0 0 0 0 0 0 0 0 2 1 R 0
604 12483 18069 725 18128 666 3010 1 0 0 0 0 0 0 0 0 1 1 R 0
605 12508 23916 1201 22079 1197 5809 1 0 5 0 0 1 0 0 0 1 1 R 0
606 12530 21069 590 20146 561 3660 1 0 1 0 0 0 0 0 0 2 1 R 0
607 12548 16645 787 16719 722 3686 1 0 0 0 0 0 0 0 0 1 1 R 0
608 12570 21262 890 21323 840 5689 1 0 0 0 0 0 0 0 0 2 1 R 0
609 12594 23691 685 22573 641 6235 1 0 4 0 0 0 0 0 0 3 1 R 0
610 12616 20786 602 20840 545 3789 1 0 0 0 0 0 0 0 0 2 1 R 0
611 12635 18664 629 18706 591 3807 1 0 0 0 0 0 0 0 0 2 1 R 0
612 12657 21201 649 20289 622 3155 1 0 4 0 0 0 0 0 0 1 1 R 0
613 12675 17662 791 17730 743 3046 1 0 0 0 0 0 0 0 0 2 1 R 0
614 12698 21852 612 20787 587 4579 1 0 1 0 0 0 0 0 0 1 1 R 0
615 12722 23836 1189 22728 1178 8143 1 0 4 0 0 0 0 0 0 2 1 R 0
616 12744 20975 669 20996 623 5302 1 0 0 0 0 0 0 0 0 1 1 R 0
617 12762 17138 1841 17194 1803 3424 1 0 0 0 0 0 0 0 0 1 1 R 0
618 12782 17572 715 17604 673 3253 1 0 0 0 0 0 0 0 0 2 1 R 0
619 12805 23094 608 21532 577 4151 1 0 4 0 0 0 0 0 0 1 1 R 0
620 12826 19465 580 19499 552 3767 1 0 0 0 0 0 0 0 0 2 1 R 0
621 12844 18184 830 18238 775 3170 1 0 0 0 0 0 0 0 0 1 1 R 0
622 12865 20300 699 19327 658 3015 1 0 4 0 0 0 0 0 0 1 1 R 0
623 12884 17772 653 17813 618 3044 1 0 0 0 0 0 0 0 0 2 1 R 0
624 12906 21451 576 20284 549 6632 1 0 1 0 0 0 0 0 0 1 1 R 0
625 12928 21702 559 20920 537 3866 1 0 4 0 0 0 0 0 0 1 1 R 0
626 12947 18448 694 18500 653 3564 1 0 0 0 0 0 0 0 0 2 1 R 0
627 12966 17548 739 17611 681 3405 1 0 0 0 0 0 0 0 0 2 1 R 0
628 12985 18729 712 18760 669 3989 1 0 0 0 0 0 0 0 0 1 1 R 0
629 13008 22037 597 20899 567 4572 1 0 4 0 0 0 0 0 0 2 1 R 0
630 13031 22398 585 22426 562 8072 1 0 0 0 0 0 0 0 0 1 1 R 0
631 13049 17781 712 17847 647 3006 1 0 0 0 0 0 0 0 0 2 1 R 0
632 13071 20965 681 19850 620 3466 1 0 4 0 0 0 0 0 0 2 1 R 0
633 13089 17566 690 17612 653 3268 1 0 0 0 0 0 0 0 0 1 1 R 0
634 13110 20204 684 18145 644 3128 1 0 1 0 0 0 0 0 0 2 1 R 0
635 13130 19726 612 19734 590 4314 1 0 0 0 0 0 0 0 0 1 1 R 0
636 13151 19832 580 18782 549 5443 1 0 4 0 0 0 0 0 0 1 1 R 0
637 13169 17260 813 17325 767 3114 1 0 0 0 0 0 0 0 0 2 1 R 0
638 13190 20163 709 19753 682 5311 1 0 1 0 0 0 0 0 0 2 1 R 0
639 13212 21330 661 20350 617 4396 1 0 4 0 0 0 0 0 0 1 1 R 0
640 13231 18928 566 18946 535 3763 1 0 0 0 0 0 0 0 0 1 1 R 0
641 13251 19371 629 19418 582 3828 1 0 0 0 0 0 0 0 0 1 1 R 0
642 13269 17360 648 17410 610 3103 1 0 0 0 0 0 0 0 0 1 1 R 0
643 13292 22179 604 21059 579 6853 1 0 4 0 0 0 0 0 0 2 1 R 0
644 13314 20955 551 19817 525 3722 1 0 1 0 0 0 0 0 0 1 1 R 0
645 13336 22225 594 22255 566 8340 1 0 0 0 0 0 0 0 0 1 1 R 0
646 13358 21198 575 20155 551 3509 1 0 4 0 0 0 0 0 0 2 1 R 0
647 13378 18940 734 19008 665 4111 1 0 0 0 0 1 0 0 0 1 1 R 0
648 13396 17700 693 17741 657 3564 1 0 0 0 0 0 0 0 0 2 1 R 0
649 13418 21278 662 20172 646 4492 1 0 4 0 0 0 0 0 0 1 1 R 0
650 13439 19871 573 19889 552 4444 1 0 0 0 0 0 0 0 0 1 1 R 0
651 13458 18810 678 18873 606 3856 1 0 0 0 0 0 0 0 0 2 1 R 0
652 13477 18213 762 18306 682 3820 1 0 0 0 0 0 0 0 0 1 1 R 0
653 13501 23088 581 20847 558 3075 1 0 5 0 0 0 0 0 0 2 1 R 0
654 13520 19010 564 19033 538 3744 1 0 0 0 0 0 0 0 0 1 1 R 0
655 13540 18860 578 18890 552 4314 1 0 0 0 0 0 0 0 0 1 1 R 0
656 13562 21672 601 20149 574 4097 1 0 4 0 0 0 0 0 0 2 1 R 0
657 13580 17650 725 17717 655 3327 1 0 0 0 0 0 0 0 0 1 1 R 0
658 13599 18044 721 18106 679 3410 1 0 0 0 0 0 0 0 0 2 1 R 0
659 13621 21007 581 21017 554 5258 1 0 0 0 0 0 0 0 0 1 1 R 0
660 13646 24859 571 23618 545 11402 1 0 4 0 0 0 0 0 0 1 1 R 0
661 13665 18297 676 18347 629 3036 1 0 0 0 0 0 0 0 0 3 1 R 0
662 13684 18023 684 18071 647 3035 1 0 0 0 0 0 0 0 0 1 1 R 0
663 13708 23729 592 21111 568 3626 1 0 4 0 0 0 0 0 0 2 1 R 0
664 13728 19145 584 19164 559 4178 1 0 0 0 0 0 0 0 0 1 1 R 0
665 13748 19887 587 19915 559 4290 1 0 0 0 0 0 0 0 0 1 1 R 0
666 13772 22922 572 21676 543 4952 1 0 4 0 0 0 0 0 0 2 1 R 0
667 13789 16949 743 16996 712 3171 1 0 0 0 0 0 0 0 0 0 1 R 0
668 13810 20377 716 20418 670 6318 1 0 0 0 0 0 0 0 0 2 1 R 0
669 13831 19731 585 19748 561 3923 1 0 0 0 0 0 0 0 0 2 1 R 0
670 13854 22548 588 21266 570 3793 1 0 4 0 0 0 0 0 0 1 1 R 0
671 13872 17718 1459 17764 1407 3768 1 0 0 0 0 0 0 0 0 1 1 R 0
672 13892 18227 666 18268 627 3166 1 0 0 0 0 0 0 0 0 3 1 R 0
673 13916 23475 580 21425 556 4484 1 0 5 0 0 0 0 0 0 0 1 R 0
674 13937 19790 561 19814 540 3802 1 0 0 0 0 0 0 0 0 3 1 R 0
675 13959 21708 620 21733 595 7725 1 0 0 0 0 0 0 0 0 1 1 R 0
676 13980 20932 686 19616 629 3695 1 0 4 0 0 0 0 0 0 1 1 R 0
677 13999 17504 675 17561 637 3076 1 0 0 0 0 0 0 0 0 1 1 R 0
678 14019 19924 739 19942 704 4574 1 0 0 0 0 0 0 0 0 2 1 R 0
679 14039 19359 588 19387 561 4427 1 0 0 0 0 0 0 0 0 1 1 R 0
680 14061 20630 571 19464 546 6271 1 0 4 0 0 0 0 0 0 2 1 R 0
681 14080 18506 636 18602 537 3946 1 0 0 0 0 0 0 0 0 1 1 R 0
682 14099 19215 642 18142 618 3574 1 0 1 0 0 0 0 0 0 2 1 R 0
683 14122 22136 893 20711 885 3510 1 0 4 0 0 0 0 0 0 2 1 R 0
684 14142 19380 1083 18814 1061 3745 1 0 1 0 0 0 0 0 0 1 1 R 0
685 14163 19110 954 19129 938 3870 1 0 0 0 0 0 0 0 0 1 1 R 0
686 14181 17228 709 17264 669 3295 1 0 0 0 0 0 0 0 0 1 1 R 0
687 14202 20767 1534 19934 1479 4486 1 0 4 0 0 0 0 0 0 2 1 R 0
688 14222 18162 691 18197 1307 3072 1 0 0 0 0 0 0 0 0 2 1 R 0
689 14242 18901 611 18259 588 3892 1 0 0 0 0 0 0 0 0 1 1 R 0
690 14268 25831 608 23889 579 7698 1 0 5 0 0 0 0 0 0 0 1 R 0
691 14287 18087 711 18162 652 3598 1 0 0 0 0 0 0 0 0 2 1 R 0
692 14308 20720 675 19771 618 3713 1 0 1 0 0 0 0 0 0 2 1 R 0
693 14330 21217 755 20013 690 3562 1 0 4 0 0 0 0 0 0 1 1 R 0
694 14349 18526 616 18555 588 4184 1 0 0 0 0 0 0 0 0 1 1 R 0
695 14369 18753 749 18787 718 4211 1 0 0 0 0 0 0 0 0 1 1 R 0
696 14389 19641 626 19368 542 4694 1 0 1 0 0 0 0 0 0 2 1 R 0
697 14409 19175 732 18162 692 5339 1 0 4 0 0 0 0 0 0 2 1 R 0
698 14430 19881 558 19899 533 3606 1 0 0 0 0 0 0 0 0 1 1 R 0
699 14449 18686 592 18713 565 4304 1 0 0 0 0 0 0 0 0 1 1 R 0
700 14471 21447 580 20276 554 4204 1 0 4 0 0 0 0 0 0 2 1 R 0
701 14489 17966 713 18012 668 3367 1 0 0 0 0 0 0 0 0 1 1 R 0
702 14510 19720 752 18522 714 3576 1 0 1 0 0 0 0 0 0 2 1 R 0
703 14530 19081 809 19167 734 3958 1 0 0 0 0 0 0 0 0 2 1 R 0
704 14551 20462 581 19329 550 6262 1 0 4 0 0 0 0 0 0 1 1 R 0
705 14575 23264 568 23287 545 7391 1 0 0 0 0 0 0 0 0 1 1 R 0
706 14592 17060 1410 17101 1384 3041 1 0 0 0 0 0 0 0 0 2 1 R 0
707 14615 21074 772 20060 732 3239 1 0 4 0 0 0 0 0 0 1 1 R 0
708 14634 18831 1228 18841 1221 3020 1 0 0 0 0 1 0 0 0 2 1 R 0
709 14655 18889 663 18923 612 3873 1 0 0 0 0 0 0 0 0 1 1 R 0
710 14676 20640 738 19807 726 3754 1 0 4 0 0 0 0 0 0 1 1 R 0
711 14695 18188 690 18214 663 3299 1 0 0 0 0 0 0 0 0 1 1 R 0
712 14716 19962 657 18878 636 3099 1 0 1 0 0 0 0 0 0 3 1 R 0
713 14735 18861 769 18906 716 3052 1 0 0 0 0 0 0 0 0 1 1 R 0
714 14757 21397 588 20320 555 3822 1 0 4 0 0 0 0 0 0 1 1 R 0
715 14778 19973 582 19998 560 4343 1 0 0 0 0 0 0 0 0 1 1 R 0
716 14796 18043 676 18099 635 3943 1 0 0 0 0 0 0 0 0 2 1 R 0
717 14819 21994 641 20288 610 4739 1 0 4 0 0 0 0 0 0 2 1 R 0
718 14838 18077 676 18125 628 3473 1 0 0 0 0 0 0 0 0 1 1 R 0
719 14859 20172 579 20197 552 4770 1 0 0 0 0 0 0 0 0 2 1 R 0
720 14881 22229 586 22257 558 7619 1 0 0 0 0 0 0 0 0 1 1 R 0
721 14905 23138 562 20679 542 3955 1 0 5 0 0 0 0 0 0 2 1 R 0
722 14924 17991 752 18038 710 3040 1 0 0 0 0 0 0 0 0 1 1 R 0
723 14942 17516 1474 17568 1444 3532 1 0 0 0 0 0 0 0 0 2 1 R 0
724 14966 22827 578 21313 535 4509 1 0 4 0 0 0 0 0 0 1 1 R 0
725 14986 18962 733 19025 674 3428 1 0 0 0 0 0 0 0 0 1 1 R 0
726 15004 17433 636 17470 612 3013 1 0 0 0 0 0 0 0 0 2 1 R 0
727 15026 21467 558 20727 539 3995 1 0 4 0 0 0 0 0 0 1 1 R 0
728 15047 19963 583 19988 558 3757 1 0 0 0 0 0 0 0 0 1 1 R 0
729 15066 18693 579 18717 557 3779 1 0 0 0 0 0 0 0 0 1 1 R 0
730 15086 19512 573 19535 545 3801 1 0 0 0 0 0 0 0 0 2 1 R 0
731 15109 22793 577 20481 556 3117 1 0 5 0 0 0 0 0 0 1 1 R 0
732 15128 18371 782 18464 693 3554 1 0 0 0 0 0 0 0 0 2 1 R 0
733 15146 17218 716 17253 679 3484 1 0 0 0 0 0 0 0 0 2 1 R 0
734 15170 22641 583 21550 561 5545 1 0 4 0 0 0 0 0 0 1 1 R 0
735 15194 23539 703 23115 690 8221 1 0 1 0 0 0 0 0 0 2 1 R 0
736 15211 16558 580 16597 535 3227 1 0 0 0 0 0 0 0 0 1 1 R 0
737 15246 34412 622 23404 585 17120 1 2 4 0 0 0 0 0 0 2 1 R 0
738 15266 19735 552 19757 531 3631 1 0 0 0 0 0 0 0 0 1 1 R 0
739 15286 19378 571 19397 549 3847 1 0 0 0 0 0 0 0 0 1 1 R 0
740 15310 23151 565 20506 542 3635 1 0 4 0 0 1 0 0 0 1 1 R 0
741 15328 17103 767 17158 718 3520 1 0 0 0 0 0 0 0 0 2 1 R 0
742 15348 19917 824 19970 770 4710 1 0 0 0 0 0 0 0 0 2 1 R 0
743 15368 18999 599 19018 574 4208 1 0 0 0 0 0 0 0 0 1 1 R 0
744 15390 21262 585 20318 558 6354 1 0 4 0 0 0 0 0 0 1 1 R 0
745 15409 18411 722 18470 665 4073 1 0 0 0 0 0 0 0 0 2 1 R 0
746 15427 17425 670 17479 615 3562 1 0 0 0 0 0 0 0 0 2 1 R 0
747 15450 22463 672 20862 651 4632 1 0 4 0 0 0 0 0 0 1 1 R 0
748 15470 18807 588 18830 565 3774 1 0 0 0 0 0 0 0 0 2 1 R 0
749 15489 18972 579 18995 551 4316 1 0 0 0 0 0 0 0 0 1 1 R 0
750 15512 22468 2405 21411 1782 7052 1 0 1 0 4 0 0 0 0 0 1 R 0
751 15534 19601 717 19290 684 3027 1 0 0 0 0 0 0 0 0 2 1 R 0
752 15552 16741 792 16780 742 3137 1 0 0 0 0 0 0 0 0 3 1 R 0
753 15573 19838 918 19866 893 4736 1 0 0 0 0 0 0 0 0 1 1 R 0
754 15595 21724 584 20338 546 3802 1 0 4 0 0 0 0 0 0 1 1 R 0
755 15615 18967 585 18995 569 3612 1 0 0 0 0 0 0 0 0 1 1 R 0
756 15632 16482 684 16529 644 3067 1 0 0 0 0 0 0 0 0 2 1 R 0
757 15650 17843 915 17900 851 3568 1 0 0 0 0 0 0 0 0 1 1 R 0
758 15674 22335 640 21159 609 5784 1 0 4 0 0 0 0 0 0 2 1 R 0
759 15692 18168 970 18196 946 3883 1 0 0 0 0 0 0 0 0 1 1 R 0
760 15714 20444 610 19352 580 3091 1 0 1 0 0 0 0 0 0 2 1 R 0
761 15735 20289 634 19256 616 3006 1 0 4 0 0 0 0 0 0 1 1 R 0
762 15755 19266 595 19316 542 3761 1 0 0 0 0 0 0 0 0 1 1 R 0
763 15774 18764 558 18781 533 3260 1 0 0 0 0 0 0 0 0 1 1 R 0
764 15795 20147 1433 19575 1223 3753 1 0 4 0 0 0 0 0 0 2 1 R 0
765 15819 22495 679 22528 637 8181 1 0 0 0 0 0 0 0 0 1 1 R 0
766 15837 17525 866 17612 790 3873 1 0 0 0 0 0 0 0 0 2 1 R 0
767 15859 21700 569 21717 540 6234 1 0 0 0 0 0 0 0 0 2 1 R 0
768 15881 20730 587 19796 561 5958 1 0 4 0 0 0 0 0 0 1 1 R 0
769 15901 19443 585 19470 555 3820 1 0 0 0 0 0 0 0 0 1 1 R 0
770 15922 20282 804 19304 775 3736 1 0 1 0 0 0 0 0 0 1 1 R 0
771 15942 19546 769 18581 715 3061 1 0 4 0 0 0 0 0 0 2 1 R 0
772 15961 18469 771 18503 732 3059 1 0 0 0 0 0 0 0 0 1 1 R 0
773 15981 19317 574 19341 548 3884 1 0 0 0 0 0 0 0 0 2 1 R 0
774 16001 19108 621 19137 596 3779 1 0 0 0 0 0 0 0 0 1 1 R 0
775 16022 20654 927 19460 903 3721 1 0 4 0 0 0 0 0 0 1 1 R 0
776 16040 17158 703 17214 641 3390 1 0 0 0 0 0 0 0 0 2 1 R 0
777 16060 18634 896 18686 854 3283 1 0 0 0 0 0 0 0 0 2 1 R 0
778 16082 21588 583 20535 553 4265 1 0 4 0 0 0 0 0 0 1 1 R 0
779 16102 19091 625 19118 600 3830 1 0 0 0 0 0 0 0 0 1 1 R 0
780 16126 23709 601 22634 569 7856 1 0 1 0 0 0 0 0 0 2 1 R 0
781 16149 21904 556 20370 540 3049 1 0 5 0 0 0 0 0 0 1 1 R 0
782 16167 18281 696 18357 629 3448 1 0 0 0 0 0 0 0 0 2 1 R 0
783 16187 19090 592 19106 560 4267 1 0 0 0 0 0 0 0 0 1 1 R 0
784 16207 18914 626 18955 604 4266 1 0 0 0 0 0 0 0 0 1 1 R 0
785 16228 20913 650 19649 613 3394 1 0 4 0 0 0 0 0 0 1 1 R 0
786 16248 18822 756 18908 677 3814 1 0 0 0 0 0 0 0 0 1 1 R 0
787 16266 17796 783 17834 745 3632 1 0 0 0 0 0 0 0 0 3 1 R 0
788 16289 21975 678 21173 638 4141 1 0 4 0 0 0 0 0 0 1 1 R 0
789 16309 19506 629 19530 616 4320 1 0 0 0 0 0 0 0 0 1 1 R 0
790 16330 20538 573 19447 544 3757 1 0 1 0 0 0 0 0 0 1 1 R 0
791 16348 17035 661 17074 621 3107 1 0 0 0 0 0 0 0 0 2 1 R 0
792 16370 20922 712 19972 679 6368 1 0 4 0 0 0 0 0 0 2 1 R 0
793 16391 20629 581 19685 550 5542 1 0 1 0 0 0 0 0 0 1 1 R 0
794 16411 19039 565 19068 539 3802 1 0 0 0 0 0 0 0 0 1 1 R 0
795 16436 24357 675 22904 646 6679 1 0 4 0 0 0 0 0 0 1 1 R 0
796 16454 18248 776 18307 730 3075 1 0 0 0 0 0 0 0 0 2 1 R 0
797 16474 18522 909 18543 881 3100 1 0 0 0 0 0 0 0 0 1 1 R 0
798 16496 21400 540 20631 521 3724 1 0 4 0 0 0 0 0 0 1 1 R 0
799 16517 20188 581 18407 559 3843 1 0 1 0 0 0 0 0 0 1 1 R 0
800 16537 19430 728 19469 688 3543 1 0 0 0 0 0 0 0 0 3 1 R 0
801 16556 18772 676 18829 624 3134 1 0 0 0 0 0 0 0 0 1 1 R 0
802 16578 21448 626 20451 586 3110 1 0 4 0 0 0 0 0 0 1 1 R 0
803 16598 18741 588 18766 564 4294 1 0 0 0 0 0 0 0 0 1 1 R 0
804 16618 19219 574 19236 556 4316 1 0 0 0 0 0 0 0 0 2 1 R 0
805 16640 21514 572 20219 541 4086 1 0 4 0 0 0 0 0 0 1 1 R 0
806 16658 17531 674 17580 641 3496 1 0 0 0 0 0 0 0 0 2 1 R 0
807 16678 19103 684 19133 654 4599 1 0 0 0 0 0 0 0 0 1 1 R 0
808 16698 19408 570 19423 551 3991 1 0 0 0 0 0 0 0 0 2 1 R 0
809 16721 22735 656 20289 632 4511 1 0 5 0 0 0 0 0 0 1 1 R 0
810 16744 22025 1356 22046 1362 6780 1 0 0 0 0 1 0 0 0 1 1 R 0
811 16762 16915 1395 16947 1358 3097 1 0 0 0 0 0 0 0 0 2 1 R 0
812 16785 21867 592 20693 563 3161 1 0 4 0 0 0 0 0 0 1 1 R 0
813 16805 19124 567 19146 540 3903 1 0 0 0 0 0 0 0 0 1 1 R 0
814 16825 19165 555 19192 529 3805 1 0 0 0 0 0 0 0 0 2 1 R 0
815 16844 19024 1793 19058 986 3603 1 0 1 0 2 0 0 0 0 1 1 R 0
816 16865 19322 691 18078 647 3026 1 0 1 0 0 0 0 0 0 1 1 R 0
817 16885 19245 801 19333 714 3128 1 0 0 0 0 0 0 0 0 2 1 R 0
818 16905 18760 568 18781 542 3758 1 0 0 0 0 0 0 0 0 1 1 R 0
819 16928 22788 593 19823 571 3880 1 0 4 0 0 0 0 0 0 1 1 R 0
820 16946 17636 695 17681 652 3781 1 0 0 0 0 0 0 0 0 2 1 R 0
821 16965 17913 769 17941 732 3048 1 0 0 0 0 0 0 0 0 2 1 R 0
822 16988 22160 812 20691 794 3777 1 0 4 0 0 0 0 0 0 2 1 R 0
823 17008 18899 581 18917 556 4413 1 0 0 0 0 0 0 0 0 1 1 R 0
824 17028 19560 615 19607 566 4192 1 0 0 0 0 0 0 0 0 1 1 R 0
825 17050 21163 577 21192 546 7253 1 0 0 0 0 0 0 0 0 1 1 R 0
826 17071 20760 667 19728 624 5711 1 0 4 0 0 0 0 0 0 2 1 R 0
827 17090 18331 804 18409 734 3289 1 0 0 0 0 0 0 0 0 1 1 R 0
828 17109 18257 569 18278 545 4187 1 0 0 0 0 0 0 0 0 1 1 R 0
829 17132 22515 663 20193 945 4344 1 0 5 0 0 0 0 0 0 2 1 R 0
830 17150 17539 658 17275 613 3321 1 0 0 0 0 0 0 0 0 1 1 R 0
831 17169 17667 800 17745 722 3164 1 0 0 0 0 0 0 0 0 2 1 R 0
832 17190 20382 675 20053 653 5798 1 0 1 0 0 0 0 0 0 1 1 R 0
833 17214 23116 558 21799 537 3919 1 0 4 0 0 1 0 0 0 2 1 R 0
834 17234 19948 555 19973 529 3785 1 0 0 0 0 0 0 0 0 1 1 R 0
835 17252 17605 1500 17649 1472 3658 1 0 0 0 0 0 0 0 0 1 1 R 0
836 17276 22186 888 21242 831 3492 1 0 4 0 0 0 0 0 0 3 1 R 0
837 17295 18089 633 18119 603 3111 1 0 0 0 0 0 0 0 0 2 1 R 0
838 17316 20065 558 20092 531 4287 1 0 0 0 0 0 0 0 0 1 1 R 0
839 17338 22194 571 20126 549 5837 1 0 5 0 0 0 0 0 0 1 1 R 0
840 17361 21862 609 21891 581 6903 1 0 0 0 0 0 0 0 0 2 1 R 0
841 17379 17668 721 17710 688 3521 1 0 0 0 0 0 0 0 0 1 1 R 0
842 17401 21054 576 21073 551 3372 1 0 0 0 0 0 0 0 0 1 1 R 0
843 17424 22177 565 20920 546 5322 1 0 4 0 0 0 0 0 0 1 1 R 0
844 17443 18395 1162 18430 1146 3626 1 0 0 0 0 0 0 0 0 2 1 R 0
845 17460 16679 683 16708 656 3161 1 0 0 0 0 0 0 0 0 1 1 R 0
846 17482 21346 1346 20373 1300 3946 1 0 4 0 0 0 0 0 0 2 1 R 0
847 17500 16143 723 16168 702 3168 1 0 0 0 0 0 0 0 0 1 1 R 0
848 17525 24476 602 22745 572 5944 1 0 1 0 0 0 0 0 0 2 1 R 0
849 17547 21145 641 19980 634 3599 1 0 4 0 0 0 0 0 0 1 1 R 0
850 17566 18048 788 18116 721 3024 1 0 0 0 0 0 0 0 0 2 1 R 0
851 17584 17896 694 17923 667 3140 1 0 0 0 0 0 0 0 0 1 1 R 0
852 17605 20000 560 20013 534 3911 1 0 0 0 0 0 0 0 0 3 1 R 0
853 17627 21595 595 20208 568 3856 1 0 4 0 0 0 0 0 0 1 1 R 0
854 17647 19147 779 19186 743 4057 1 0 0 0 0 0 0 0 0 1 1 R 0
855 17668 20786 869 20831 825 6391 1 0 0 0 0 0 0 0 0 2 1 R 0
856 17689 19945 688 18529 639 3543 1 0 4 0 0 0 0 0 0 2 1 R 0
857 17707 17450 684 17487 648 3483 1 0 0 0 0 0 0 0 0 1 1 R 0
858 17730 21471 578 20392 549 5442 1 0 1 0 0 0 0 0 0 1 1 R 0
859 17756 25401 1269 22404 782 7462 1 0 4 0 2 0 0 0 0 2 1 R 0
860 17775 18652 868 18683 819 3114 1 0 0 0 0 0 0 0 0 2 1 R 0
861 17795 18536 685 18572 652 3161 1 0 0 0 0 0 0 0 0 1 1 R 0
862 17815 19820 575 19841 551 3875 1 0 0 0 0 0 0 0 0 1 1 R 0
863 17837 21277 585 20115 559 3768 1 0 4 0 0 0 0 0 0 1 1 R 0
864 17857 19191 565 19213 537 4220 1 0 0 0 0 0 0 0 0 1 1 R 0
865 17876 18719 690 18802 630 3051 1 0 0 0 0 0 0 0 0 2 1 R 0
866 17898 20888 784 19672 769 3371 1 0 4 0 0 0 0 0 0 1 1 R 0
867 17916 17527 650 17564 614 3424 1 0 0 0 0 0 0 0 0 2 1 R 0
868 17938 21330 596 19902 584 5978 1 0 1 0 0 0 0 0 0 1 1 R 0
869 17958 19036 759 19112 676 3918 1 0 0 0 0 0 0 0 0 1 1 R 0
870 17982 22992 658 21958 618 8103 1 0 4 0 0 0 0 0 0 2 1 R 0
871 17999 17185 775 17218 747 3052 1 0 0 0 0 0 0 0 0 2 1 R 0
872 18020 19927 570 19946 542 5142 1 0 0 0 0 0 0 0 0 1 1 R 0
873 18042 21501 1155 19907 1130 4348 1 0 4 0 0 0 0 0 0 2 1 R 0
874 18061 18055 643 18141 540 3708 1 0 0 0 0 0 0 0 0 1 1 R 0
875 18079 16587 794 16674 718 3118 1 0 0 0 0 0 0 0 0 1 1 R 0
876 18099 19384 748 19424 707 5547 1 0 0 0 0 0 0 0 0 2 1 R 0
877 18120 20382 701 19532 670 6102 1 0 4 0 0 0 0 0 0 2 1 R 0
878 18142 21821 999 20371 971 5124 1 0 2 0 0 0 0 0 0 1 1 R 0
879 18162 18324 740 18376 701 3480 1 0 0 0 0 0 0 0 0 2 1 R 0
880 18185 22779 615 21654 586 3173 1 0 4 0 0 0 0 0 0 2 1 R 0
881 18204 17896 735 17930 701 3201 1 0 0 0 0 0 0 0 0 1 1 R 0
882 18224 19845 558 19870 535 3745 1 0 0 0 0 0 0 0 0 1 1 R 0
883 18245 20338 559 19590 537 3878 1 0 4 0 0 0 0 0 0 1 1 R 0
884 18266 20312 605 20342 579 3562 1 0 0 0 0 0 0 0 0 1 1 R 0
885 18287 20569 715 20620 660 6310 1 0 0 0 0 0 0 0 0 2 1 R 0
886 18306 17766 677 17816 643 3569 1 0 0 0 0 0 0 0 0 2 1 R 0
887 18330 23717 587 21637 563 6427 1 0 5 0 0 0 0 0 0 1 1 R 0
888 18350 19127 647 19177 599 4085 1 0 0 0 0 0 0 0 0 1 1 R 0
889 18369 18499 618 18522 594 4241 1 0 0 0 0 0 0 0 0 2 1 R 0
890 18391 20909 653 19435 629 3502 1 0 4 0 0 0 0 0 0 1 1 R 0
891 18409 17894 1071 17972 1001 3066 1 0 0 0 0 0 0 0 0 2 1 R 0
892 18430 19436 575 19456 548 4475 1 0 0 0 0 0 0 0 0 1 1 R 0
893 18450 19430 612 19494 552 4133 1 0 0 0 0 0 0 0 0 1 1 R 0
894 18472 22032 909 20903 886 6468 1 0 4 0 0 0 0 0 0 2 1 R 0
895 18490 16816 728 16853 683 3154 1 0 0 0 0 0 0 0 0 1 1 R 0
896 18509 18432 709 18497 646 4312 1 0 0 0 0 0 0 0 0 2 1 R 0
897 18534 23848 569 21387 543 5103 1 0 4 0 0 0 0 0 0 2 1 R 0
898 18554 19240 806 19298 750 3773 1 0 0 0 0 0 0 0 0 1 1 R 0
899 18572 18031 1208 18129 1126 3661 1 0 0 0 0 0 0 0 0 1 1 R 0
900 18597 23927 864 23149 761 6104 1 0 4 0 0 0 0 0 0 2 1 R 0
901 18616 17478 704 17507 692 3482 1 0 0 0 0 0 0 0 0 1 1 R 0
902 18636 19942 570 19945 542 4641 1 0 0 0 0 0 0 0 0 2 1 R 0
903 18656 19132 598 19161 567 3909 1 0 0 0 0 0 0 0 0 1 1 R 0
904 18678 21601 573 20537 547 3584 1 0 4 0 0 0 0 0 0 1 1 R 0
905 18696 17084 686 17115 658 3433 1 0 0 0 0 0 0 0 0 2 1 R 0
906 18716 19276 622 19305 599 4640 1 0 0 0 0 0 0 0 0 2 1 R 0
907 18740 23718 591 21079 563 4774 1 0 5 0 0 0 0 0 0 1 1 R 0
908 18760 18988 564 19013 537 4185 1 0 0 0 0 0 0 0 0 1 1 R 0
909 18784 24001 688 24052 637 4503 1 0 0 0 0 0 0 0 0 2 1 R 0
910 18809 23397 611 21782 586 3248 1 0 4 0 0 0 0 0 0 2 1 R 0
911 18826 17132 774 17225 679 3661 1 0 0 0 0 0 0 0 0 2 1 R 0
912 18848 21111 1296 21129 1290 5929 1 0 0 0 0 1 0 0 0 1 1 R 0
913 18869 19376 570 19385 539 4209 1 0 0 0 0 0 0 0 0 2 1 R 0
914 18890 20772 581 19799 560 5757 1 0 4 0 0 0 0 0 0 1 1 R 0
915 18911 20059 877 20124 817 6301 1 0 0 0 0 0 0 0 0 2 1 R 0
916 18932 20265 1077 19160 1066 3075 1 0 1 0 0 0 0 0 0 2 1 R 0
917 18954 21351 563 20231 539 3823 1 0 4 0 0 0 0 0 0 1 1 R 0
918 18975 19570 563 19593 540 3765 1 0 0 0 0 0 0 0 0 1 1 R 0
919 18994 18737 707 18798 667 3782 1 0 0 0 0 0 0 0 0 2 1 R 0
920 19012 17580 2907 17646 2377 3059 1 0 0 0 4 0 0 0 0 1 1 R 0
921 19036 20478 567 19740 541 3423 1 0 0 0 0 0 0 0 0 1 1 R 0
922 19055 19347 569 19372 546 3798 1 0 0 0 0 0 0 0 0 1 1 R 0
923 19075 19374 569 19396 544 3886 1 0 0 0 0 0 0 0 0 2 1 R 0
924 19098 22216 560 21242 539 3629 1 0 4 0 0 0 0 0 0 1 1 R 0
925 19116 17399 707 17426 682 3511 1 0 0 0 0 0 0 0 0 2 1 R 0
926 19138 21264 600 19625 575 3362 1 0 1 0 0 1 0 0 0 1 1 R 0
927 19160 20990 580 19835 556 4282 1 0 4 0 0 0 0 0 0 2 1 R 0
928 19181 20754 573 20398 548 4344 1 0 1 0 0 0 0 0 0 1 1 R 0
929 19200 18403 701 18442 657 3537 1 0 0 0 0 0 0 0 0 1 1 R 0
930 19222 20810 721 20871 675 6360 1 0 0 0 0 0 0 0 0 2 1 R 0
931 19246 23312 932 21417 868 3406 1 0 4 0 0 0 0 0 0 2 1 R 0
932 19266 19169 545 19189 523 3719 1 0 0 0 0 0 0 0 0 1 1 R 0
933 19285 18881 584 18905 558 3582 1 0 0 0 0 0 0 0 0 1 1 R 0
934 19308 22651 627 21699 600 3252 1 0 4 0 0 0 0 0 0 2 1 R 0
935 19326 16870 522 16894 494 3548 1 0 0 0 0 0 0 0 0 1 1 R 0
936 19359 32717 587 19396 558 21759 1 2 1 0 0 0 0 0 0 2 1 R 0
937 19381 21590 587 20545 566 6483 1 0 4 0 0 0 0 0 0 1 1 R 0
938 19403 20871 1039 20508 1019 3671 1 0 1 0 0 0 0 0 0 2 1 R 0
939 19424 20679 743 20274 697 3194 1 0 1 0 0 0 0 0 0 2 1 R 0
940 19447 21475 568 20441 542 3185 1 0 4 0 0 0 0 0 0 1 1 R 0
941 19466 19274 579 19302 556 4289 1 0 0 0 0 0 0 0 0 1 1 R 0
942 19486 18819 567 18842 539 3756 1 0 0 0 0 0 0 0 0 1 1 R 0
943 19508 21298 569 20001 551 3749 1 0 4 0 0 0 0 0 0 1 1 R 0
944 19525 17147 804 17227 729 3567 1 0 0 0 0 0 0 0 0 2 1 R 0
945 19551 24743 587 23808 560 9014 1 0 1 0 0 0 0 0 0 3 1 R 0
946 19570 18617 574 18643 549 3797 1 0 0 0 0 0 0 0 0 1 1 R 0
947 19592 21561 1002 20618 978 6328 1 0 4 0 0 0 0 0 0 1 1 R 0
948 19611 17425 677 17454 650 3113 1 0 0 0 0 0 0 0 0 2 1 R 0
949 19629 17975 778 18024 733 3349 1 0 0 0 0 0 0 0 0 1 1 R 0
950 19651 20904 666 19992 646 4148 1 0 4 0 0 0 0 0 0 2 1 R 0
951 19672 19820 594 19831 566 3836 1 0 0 0 0 0 0 0 0 1 1 R 0
952 19692 19774 607 19795 590 3795 1 0 0 0 0 0 0 0 0 1 1 R 0
953 19710 17507 700 17548 665 3418 1 0 0 0 0 0 0 0 0 2 1 R 0
954 19730 19651 713 18759 672 4360 1 0 4 0 0 0 0 0 0 1 1 R 0
955 19752 20537 816 19609 735 4448 1 0 1 0 0 0 0 0 0 2 1 R 0
956 19771 18550 581 18577 554 3790 1 0 0 0 0 0 0 0 0 1 1 R 0
957 19794 22683 660 21148 623 3873 1 0 4 0 0 0 0 0 0 2 1 R 0
958 19813 17622 1509 17668 1506 3472 1 0 0 0 0 0 0 0 0 1 1 R 0
959 19831 17187 690 17201 779 3066 1 0 0 0 0 0 0 0 0 2 1 R 0
960 19858 25784 542 24840 526 7287 1 0 4 0 0 0 0 0 0 1 1 R 0
961 19878 19366 586 19398 555 4294 1 0 0 0 0 0 0 0 0 2 1 R 0
962 19897 19085 576 19109 554 4190 1 0 0 0 0 0 0 0 0 1 1 R 0
963 19917 18745 702 18801 647 3938 1 0 0 0 0 0 0 0 0 1 1 R 0
964 19940 22602 573 20248 555 4579 1 0 5 0 0 0 0 0 0 2 1 R 0
965 19960 19071 561 19087 539 3493 1 0 0 0 0 0 0 0 0 1 1 R 0
966 19979 19091 586 19119 557 4332 1 0 0 0 0 0 0 0 0 1 1 R 0
967 20002 22524 954 21307 935 4254 1 0 4 0 0 0 0 0 0 2 1 R 0
968 20021 17412 713 17449 683 3158 1 0 0 0 0 0 0 0 0 1 1 R 0
969 20040 18661 825 18691 788 3288 1 0 0 0 0 0 0 0 0 2 1 R 0
970 20061 19585 850 19631 814 3011 1 0 0 0 0 0 0 0 0 1 1 R 0
971 20083 21127 1046 19882 1021 5511 1 0 4 0 0 0 0 0 0 1 1 R 0
972 20102 18543 974 18584 951 3753 1 0 0 0 0 0 0 0 0 2 1 R 0
973 20121 17797 743 17827 709 3549 1 0 0 0 0 0 0 0 0 1 1 R 0
974 20145 23577 560 20849 535 3066 1 0 5 0 0 0 0 0 0 2 1 R 0
975 20168 21915 605 21943 576 6963 1 0 0 0 0 0 0 0 0 1 1 R 0
976 20187 18473 569 18503 544 4150 1 0 0 0 0 0 0 0 0 1 1 R 0
977 20209 21682 565 20460 547 3708 1 0 4 0 0 0 0 0 0 1 1 R 0
978 20229 19013 713 19068 664 3606 1 0 0 0 0 0 0 0 0 2 1 R 0
979 20249 19615 568 19632 545 4192 1 0 0 0 0 0 0 0 0 1 1 R 0
980 20268 18861 608 18885 581 4141 1 0 0 0 0 0 0 0 0 1 1 R 0
981 20290 20780 597 19533 570 6347 1 0 4 0 0 0 0 0 0 2 1 R 0
982 20313 22987 649 19753 622 7198 1 0 3 0 0 0 0 0 0 1 1 R 0
983 20335 20634 777 20393 736 3450 1 0 1 0 0 0 0 0 0 1 1 R 0
984 20358 22578 591 20443 553 4462 1 0 5 0 0 0 0 0 0 2 1 R 0
985 20378 19869 632 19901 603 4306 1 0 0 0 0 0 0 0 0 1 1 R 0
986 20398 19344 579 19368 554 4427 1 0 0 0 0 0 0 0 0 2 1 R 0
987 20421 22260 706 20401 683 4236 1 0 4 0 0 0 0 0 0 1 1 R 0
988 20439 17355 711 17387 678 3065 1 0 0 0 0 0 0 0 0 2 1 R 0
989 20459 18517 674 18550 658 4739 1 0 0 0 0 0 0 0 0 1 1 R 0
990 20482 22574 559 22576 537 7325 1 0 0 0 0 0 0 0 0 2 1 R 0
991 20504 21866 607 20314 581 4305 1 0 4 0 0 0 0 0 0 1 1 R 0
992 20523 18389 596 18422 558 3579 1 0 0 0 0 0 0 0 0 1 1 R 0
993 20543 18868 1468 17772 1470 3323 1 0 1 0 0 0 0 0 0 2 1 R 0
994 20566 21462 661 20470 606 3310 1 0 4 0 0 0 0 0 0 1 1 R 0
995 20585 18749 606 18791 567 3794 1 0 0 0 0 0 0 0 0 1 1 R 0
996 20604 18639 565 18656 539 3836 1 0 0 0 0 0 0 0 0 1 1 R 0
997 20627 22193 626 20986 606 3899 1 0 4 0 0 0 0 0 0 1 1 R 0
998 20646 18332 726 18370 690 4339 1 0 0 0 0 0 0 0 0 2 1 R 0
999 20665 18194 642 18227 610 3063 1 0 0 0 0 0 0 0 0 2 1 R 0
1000 20686 20110 582 20134 555 3917 1 0 0 0 0 0 0 0 0 2 1 R 0
1001 20707 21251 597 19927 568 3863 1 0 4 0 0 0 0 0 0 1 1 R 0
1002 20729 20838 642 20871 601 4310 1 0 0 0 0 0 0 0 0 1 1 R 0
1003 20749 19597 736 18671 701 3655 1 0 1 0 0 0 0 0 0 2 1 R 0
1004 20772 22186 574 20746 555 4253 1 0 4 0 0 0 0 0 0 1 1 R 0
1005 20795 21936 572 21950 552 7987 1 0 0 0 0 0 0 0 0 1 1 R 0
1006 20816 20709 609 20733 591 3884 1 0 0 0 0 0 0 0 0 2 1 R 0
1007 20839 22777 572 21861 551 4479 1 0 4 0 0 0 0 0 0 2 1 R 0
1008 20861 21065 589 21094 560 4869 1 0 0 0 0 0 0 0 0 1 1 R 0
1009 20883 21082 1100 21132 1057 4420 1 0 0 0 0 0 0 0 0 1 1 R 0
1010 20902 18427 612 18455 576 3770 1 0 0 0 1 0 0 0 0 1 1 R 0
1011 20925 21847 606 20183 582 3614 1 0 3 0 0 0 0 0 0 1 1 R 0
1012 20945 19725 637 17893 614 3029 1 0 1 0 0 0 0 0 0 1 1 R 0
1013 20964 18325 891 18387 828 3064 1 0 0 0 0 0 0 0 0 3 1 R 0
1014 20987 21901 585 20595 557 3423 1 0 4 0 0 0 0 0 0 1 1 R 0
1015 21006 18825 1225 18849 1212 3850 1 0 0 0 0 1 0 0 0 1 1 R 0
1016 21027 19487 559 19499 537 4117 1 0 0 0 0 0 0 0 0 1 1 R 0
1017 21048 20794 617 19390 579 3359 1 0 4 0 0 0 0 0 0 2 1 R 0
1018 21066 17470 660 17519 618 3507 1 0 0 0 0 0 0 0 0 2 1 R 0
1019 21085 18326 750 18363 712 3139 1 0 0 0 0 1 0 0 0 0 1 R 0
1020 21109 22638 588 22660 557 8405 1 0 0 0 0 0 0 0 0 2 1 R 0
1021 21131 21368 898 20577 839 5807 1 0 4 0 0 0 0 0 0 2 1 R 0
1022 21151 19186 698 18284 657 3104 1 0 1 0 0 0 0 0 0 2 1 R 0
1023 21170 18392 785 18458 727 3290 1 0 0 0 0 0 0 0 0 0 1 R 0
1024 21195 24276 604 21696 583 5850 1 0 5 0 0 0 0 0 0 2 1 R 0
1025 21214 18866 608 18893 578 3879 1 0 0 0 0 0 0 0 0 1 1 R 0
1026 21234 18906 815 18938 784 3178 1 0 0 0 0 0 0 0 0 1 1 R 0
1027 21251 16768 803 16815 761 3119 1 0 0 0 0 0 0 0 0 3 1 R 0
1028 21275 23328 658 21678 641 3853 1 0 4 0 0 0 0 0 0 2 1 R 0
1029 21296 19364 576 19382 556 3915 1 0 0 0 0 0 0 0 0 1 1 R 0
1030 21315 19305 560 19329 534 3761 1 0 0 0 0 0 0 0 0 1 1 R 0
1031 21337 21434 583 20319 555 3233 1 0 4 0 0 0 0 0 0 1 1 R 0
1032 21358 19861 782 18971 704 3731 1 0 1 0 0 0 0 0 0 1 1 R 0
1033 21376 17760 690 17797 656 3675 1 0 0 0 0 0 0 0 0 2 1 R 0
1034 21398 21316 584 20174 563 4205 1 0 4 0 0 0 0 0 0 1 1 R 0
1035 21422 22736 594 22758 567 8203 1 0 0 0 0 0 0 0 0 2 1 R 0
1036 21441 19057 618 19095 580 3792 1 0 0 0 0 0 0 0 0 2 1 R 0
1037 21459 17250 708 17294 678 3116 1 0 0 0 0 0 0 0 0 1 1 R 0
1038 21481 20776 894 19783 944 6158 1 0 4 0 0 0 0 0 0 1 1 R 0
1039 21499 17692 674 17638 656 3063 1 0 0 0 0 0 0 0 0 2 1 R 0
1040 21520 20378 892 20394 862 5069 1 0 0 0 0 0 0 0 0 1 1 R 0
1041 21543 21343 1057 19949 1033 3200 1 0 4 0 0 0 0 0 0 2 1 R 0
1042 21562 18178 708 17240 671 4477 1 0 1 0 0 0 0 0 0 1 1 R 0
1043 21580 17831 938 17876 893 3319 1 0 0 0 0 0 0 0 0 2 1 R 0
1044 21600 19018 697 19057 674 3616 1 0 0 0 0 0 0 0 0 1 1 R 0
1045 21624 22873 629 21844 612 6114 1 0 4 0 0 0 0 0 0 2 1 R 0
1046 21644 19771 567 19787 544 3182 1 0 0 0 0 0 0 0 0 1 1 R 0
1047 21662 16750 696 16791 662 3119 1 0 0 0 0 0 0 0 0 2 1 R 0
1048 21685 22877 594 21283 571 4385 1 0 4 0 0 0 0 0 0 1 1 R 0
1049 21706 19765 569 19786 548 3897 1 0 0 0 0 0 0 0 0 1 1 R 0
1050 21727 21340 1016 21392 968 8033 1 0 0 0 0 0 0 0 0 1 1 R 0
1051 21750 21874 577 19537 556 4006 1 0 5 0 0 0 0 0 0 1 1 R 0
1052 21768 16946 1327 17035 1245 3529 1 0 0 0 0 0 0 0 0 2 1 R 0
1053 21788 18602 795 18656 736 4795 1 0 0 0 0 0 0 0 0 2 1 R 0
1054 21808 18997 698 19054 646 4873 1 0 0 0 0 0 0 0 0 2 1 R 0
1055 21830 22073 731 21139 657 6901 1 0 4 0 0 0 0 0 0 1 1 R 0
1056 21850 19022 792 19046 764 3728 1 0 0 0 0 0 0 0 0 1 1 R 0
1057 21868 17069 684 17134 631 3529 1 0 0 0 0 0 0 0 0 2 1 R 0
1058 21891 22239 721 21005 661 5267 1 0 4 0 0 0 0 0 0 2 1 R 0
1059 21911 19193 646 19237 611 3922 1 0 0 0 0 0 0 0 0 1 1 R 0
1060 21930 18475 613 18507 661 3760 1 0 0 0 0 0 0 0 0 1 1 R 0
1061 21951 20099 561 18745 542 3864 1 0 1 0 0 0 0 0 0 2 1 R 0
1062 21972 20307 703 19434 659 5146 1 0 4 0 0 0 0 0 0 1 1 R 0
1063 21990 17594 729 17633 695 3076 1 0 0 0 0 0 0 0 0 2 1 R 0
1064 22009 18493 694 18522 663 4523 1 0 0 0 0 0 0 0 0 2 1 R 0
1065 22036 25843 617 24575 581 8809 1 0 4 0 0 0 0 0 0 1 1 R 0
1066 22055 18988 563 19017 539 3675 1 0 0 0 0 0 0 0 0 1 1 R 0
1067 22072 16734 1500 16816 1439 3060 1 0 0 0 0 0 0 0 0 2 1 R 0
1068 22092 18444 3631 18481 2617 4027 1 0 0 0 4 0 0 0 0 2 1 R 0
1069 22116 20291 577 19716 551 3844 1 0 0 0 0 0 0 0 0 1 1 R 0
1070 22138 20653 731 20377 677 3816 1 0 1 0 0 0 0 0 0 1 1 R 0
1071 22159 20222 587 18599 562 4176 1 0 1 0 0 0 0 0 0 1 1 R 0
1072 22178 19326 814 18463 747 5090 1 0 4 0 0 0 0 0 0 2 1 R 0
1073 22197 17562 625 17596 602 3589 1 0 0 0 0 0 0 0 0 2 1 R 0
1074 22218 20157 568 20170 543 5163 1 0 0 0 0 0 0 0 0 1 1 R 0
1075 22240 22154 594 20803 567 4312 1 0 4 0 0 0 0 0 0 1 1 R 0
1076 22259 18309 764 18354 733 3840 1 0 0 0 0 0 0 0 0 2 1 R 0
1077 22278 17503 766 17567 699 3366 1 0 0 0 0 0 0 0 0 2 1 R 0
1078 22297 18890 751 18911 731 4467 1 0 0 0 0 0 0 0 0 2 1 R 0
1079 22320 21848 580 20770 552 4325 1 0 4 0 0 0 0 0 0 1 1 R 0
1080 22343 22194 1025 22251 974 8107 1 0 0 0 0 0 0 0 0 1 1 R 0
1081 22365 21067 589 20023 562 3805 1 0 1 0 0 0 0 0 0 1 1 R 0
1082 22386 20867 569 19721 543 3165 1 0 4 0 0 0 0 0 0 1 1 R 0
1083 22406 18909 664 18944 655 3147 1 0 0 0 0 0 0 0 0 3 1 R 0
1084 22426 19563 567 19561 542 3766 1 0 0 0 0 0 0 0 0 1 1 R 0
1085 22448 21844 568 20911 532 3888 1 0 4 0 0 0 0 0 0 1 1 R 0
1086 22468 18852 571 18875 547 4085 1 0 0 0 0 0 0 0 0 1 1 R 0
1087 22486 18045 754 18120 671 3625 1 0 0 0 0 0 0 0 0 2 1 R 0
1088 22505 18285 654 18329 622 3036 1 0 0 0 0 0 0 0 0 2 1 R 0
1089 22527 21209 861 20167 819 3140 1 0 4 0 0 0 0 0 0 1 1 R 0
1090 22548 19511 586 19532 557 4192 1 0 0 0 0 0 0 0 0 1 1 R 0
1091 22568 19900 583 18418 556 5573 1 0 1 0 0 0 0 0 0 1 1 R 0
1092 22590 21866 601 20655 567 4066 1 0 4 0 0 0 0 0 0 2 1 R 0
1093 22609 17486 775 17574 694 3190 1 0 0 0 0 0 0 0 0 2 1 R 0
1094 22629 19648 573 19666 548 4668 1 0 0 0 0 0 0 0 0 1 1 R 0
1095 22652 22276 743 22302 717 8165 1 0 0 0 0 0 0 0 0 2 1 R 0
1096 22674 21860 915 20176 867 5113 1 0 4 0 0 0 0 0 0 1 1 R 0
1097 22692 16811 1509 16907 1425 3071 1 0 0 0 0 0 0 0 0 1 1 R 0
1098 22711 17467 750 17512 700 3380 1 0 0 0 0 0 0 0 0 2 1 R 0
1099 22735 23169 610 21446 583 4610 1 0 4 0 0 0 0 0 0 1 1 R 0
1100 22756 20175 562 19353 540 3778 1 0 1 0 0 0 0 0 0 1 1 R 0
1101 22777 20984 585 21011 564 3948 1 0 0 0 0 0 0 0 0 2 1 R 0
1102 22800 21809 548 20270 528 4005 1 0 4 0 0 0 0 0 0 2 1 R 0
1103 22818 17393 764 17444 723 3714 1 0 0 0 0 0 0 0 0 1 1 R 0
1104 22838 19846 898 19890 850 4937 1 0 0 0 0 0 0 0 0 2 1 R 0
1105 22859 19306 587 19325 564 4388 1 0 0 0 0 0 0 0 0 1 1 R 0
1106 22880 20616 612 19736 607 5306 1 0 4 0 0 0 0 0 0 1 1 R 0
1107 22898 17321 679 17334 659 3491 1 0 0 0 0 0 0 0 0 2 1 R 0
1108 22918 19343 970 19394 916 4838 1 0 0 0 0 0 0 0 0 2 1 R 0
1109 22940 21210 588 19985 558 4441 1 0 4 0 0 0 0 0 0 1 1 R 0
1110 22965 24259 563 22772 536 8058 1 0 1 0 0 0 0 0 0 1 1 R 0
1111 22983 17327 1403 17371 1376 3190 1 0 0 0 0 0 0 0 0 1 1 R 0
1112 23002 17864 843 17915 1737 3059 1 0 0 0 1 1 0 0 0 2 1 R 0
1113 23025 22711 572 20204 555 3485 1 0 3 0 0 0 0 0 0 1 1 R 0
1114 23045 19428 559 19449 535 3834 1 0 0 0 0 0 0 0 0 1 1 R 0
1115 23065 18881 569 18904 546 3856 1 0 0 0 0 0 0 0 0 1 1 R 0
1116 23087 21767 589 20563 562 3416 1 0 4 0 0 0 0 0 0 2 1 R 0
1117 23106 17694 1459 17738 1448 3066 1 0 0 0 0 1 0 0 0 1 1 R 0
1118 23126 18612 856 18635 818 3192 1 0 0 0 0 0 0 0 0 2 1 R 0
1119 23148 21262 682 20444 668 3780 1 0 4 0 0 0 0 0 0 1 1 R 0
1120 23169 20487 573 19455 547 4164 1 0 1 0 0 0 0 0 0 2 1 R 0
1121 23189 19387 581 19003 559 4581 1 0 1 0 0 0 0 0 0 1 1 R 0
1122 23207 17843 707 17897 664 3716 1 0 0 0 0 0 0 0 0 2 1 R 0
1123 23230 21571 577 20431 552 5311 1 0 4 0 0 0 0 0 0 1 1 R 0
1124 23249 18624 619 18658 585 4266 1 0 0 0 0 0 0 0 0 1 1 R 0
1125 23271 21708 596 21734 568 8304 1 0 0 0 0 0 0 0 0 1 1 R 0
1126 23293 20919 1027 19601 981 3160 1 0 4 0 0 0 0 0 0 2 1 R 0
1127 23310 16750 679 16781 661 3124 1 0 0 0 0 0 0 0 0 2 1 R 0
1128 23330 18531 681 18537 670 3354 1 0 0 0 0 0 0 0 0 1 1 R 0
1129 23350 19711 605 19722 581 4169 1 0 0 0 0 0 0 0 0 1 1 R 0
1130 23372 21170 591 19349 558 7765 1 0 5 0 0 0 0 0 0 1 1 R 0
1131 23391 19115 571 19139 546 3221 1 0 0 0 0 0 0 0 0 1 1 R 0
1132 23409 17206 661 17248 630 3153 1 0 0 0 0 0 0 0 0 3 1 R 0
1133 23431 21023 684 20032 659 4499 1 0 4 0 0 0 0 0 0 2 1 R 0
1134 23451 19275 719 19306 682 3129 1 0 0 0 0 0 0 0 0 0 1 R 0
1135 23471 19354 591 19373 567 3834 1 0 0 0 0 0 0 0 0 1 1 R 0
1136 23491 19596 571 19617 548 3732 1 0 0 0 0 0 0 0 0 2 1 R 0
1137 23512 19850 736 18592 705 4542 1 0 4 0 0 0 0 0 0 1 1 R 0
1138 23532 19830 570 19841 548 3766 1 0 0 0 0 0 0 0 0 2 1 R 0
1139 23551 18700 577 18723 552 3839 1 0 0 0 0 0 0 0 0 1 1 R 0
1140 23578 26082 613 23563 588 12149 1 0 5 0 0 0 0 0 0 1 1 R 0
1141 23597 18328 790 18366 750 3512 1 0 0 0 0 0 0 0 0 2 1 R 0
1142 23616 18119 727 18176 686 3041 1 0 0 0 0 0 0 0 0 2 1 R 0
1143 23638 21577 649 20583 554 3291 1 0 4 0 0 0 0 0 0 1 1 R 0
1144 23658 18794 565 18806 543 3587 1 0 0 0 0 0 0 0 0 1 1 R 0
1145 23677 19050 570 19074 545 4277 1 0 0 0 0 0 0 0 0 1 1 R 0
1146 23698 20469 641 20512 598 4333 1 0 0 0 0 0 0 0 0 2 1 R 0
1147 23720 20841 755 19864 726 5270 1 0 4 0 0 0 0 0 0 1 1 R 0
1148 23740 19252 876 19276 851 3128 1 0 0 0 0 0 0 0 0 2 1 R 0
1149 23761 20529 556 19240 536 3950 1 0 1 0 0 0 0 0 0 2 1 R 0
1150 23784 22014 568 20711 544 3758 1 0 4 0 0 0 0 0 0 1 1 R 0
1151 23802 17167 895 17207 856 3053 1 0 0 0 0 0 0 0 0 1 1 R 0
1152 23821 18285 674 18321 643 3160 1 0 0 0 0 0 0 0 0 2 1 R 0
1153 23840 18962 808 19054 712 3171 1 0 0 0 0 0 0 0 0 2 1 R 0
1154 23862 21172 1038 20281 1019 5040 1 0 4 0 0 0 0 0 0 1 1 R 0
1155 23885 21628 604 21648 580 8622 1 0 0 0 0 0 0 0 0 1 1 R 0
1156 23905 19394 671 19444 620 3092 1 0 0 0 0 0 0 0 0 1 1 R 0
1157 23927 21185 585 19921 556 3012 1 0 4 0 0 0 0 0 0 2 1 R 0
1158 23946 18578 611 18625 582 3174 1 0 0 0 0 0 0 0 0 2 1 R 0
1159 23967 20011 610 18845 583 3125 1 0 1 0 0 0 0 0 0 1 1 R 0
1160 23989 21913 563 21023 545 3763 1 0 4 0 0 0 0 0 0 1 1 R 0
1161 24008 18592 785 18676 701 3708 1 0 0 0 0 0 0 0 0 2 1 R 0
1162 24026 17144 741 17199 686 3497 1 0 0 0 0 0 0 0 0 2 1 R 0
1163 24047 19776 837 19827 779 5105 1 0 0 0 0 0 0 0 0 1 1 R 0
1164 24068 20904 596 19815 569 6006 1 0 4 0 0 0 0 0 0 2 1 R 0
1165 24089 19453 578 19478 549 4377 1 0 0 0 0 0 0 0 0 1 1 R 0
1166 24108 19020 585 19047 558 3783 1 0 0 0 0 0 0 0 0 1 1 R 0
1167 24129 20393 671 18944 636 3503 1 0 4 0 0 0 0 0 0 2 1 R 0
1168 24152 22195 669 19553 642 4360 1 0 2 0 1 0 0 0 0 2 1 S 0
1169 24179 26294 4949 17662 810 7680 1 0 5 0 0 0 0 0 0 0 1 R 0
1170 24220 35803 747 20827 752 23964 1 2 2 0 1 0 0 0 0 2 0 R 0
1171 24240 19466 703 17809 661 2998 1 0 0 0 0 0 0 0 0 1 1 R 0
1172 24258 17771 657 17794 628 3581 1 0 0 0 0 0 0 0 0 2 1 R 0
1173 24282 22800 591 21683 564 7734 1 0 4 0 0 0 0 0 0 1 1 R 0
1174 24301 18886 576 18912 550 3684 1 0 0 0 0 0 0 0 0 2 1 R 0
1175 24320 17928 793 17995 725 3160 1 0 0 0 0 0 0 0 0 1 1 R 0
1176 24341 20649 701 19602 675 3526 1 0 4 0 0 0 0 0 0 2 1 R 0
1177 24360 17986 689 18014 656 3037 1 0 0 0 0 0 0 0 0 1 1 R 0
1178 24382 21252 569 19937 542 3709 1 0 1 0 0 0 0 0 0 2 1 R 0
1179 24401 18702 641 18792 558 3810 1 0 0 0 0 0 0 0 0 1 1 R 0
1180 24422 20665 1220 19742 1116 5380 1 0 4 0 0 0 0 0 0 2 1 R 0
1181 24442 18228 596 18244 577 3302 1 0 0 0 0 0 0 0 0 0 1 R 0
1182 24463 20149 1139 19794 1096 3837 1 0 1 0 0 0 0 0 0 1 1 R 0
1183 24485 21216 602 19950 578 3718 1 0 4 0 0 0 0 0 0 3 1 R 0
1184 24505 19639 595 19660 571 3776 1 0 0 0 0 0 0 0 0 1 1 R 0
1185 24527 21320 585 21345 559 6794 1 0 0 0 0 0 0 0 0 1 1 R 0
1186 24549 21300 673 20006 659 3561 1 0 4 0 0 0 0 0 0 2 1 R 0
1187 24570 19996 589 18926 567 3698 1 0 1 0 0 0 0 0 0 1 1 R 0
1188 24590 19207 587 19231 565 4261 1 0 0 0 0 0 0 0 0 1 1 R 0
1189 24609 18472 573 18493 544 4134 1 0 0 0 0 0 0 0 0 1 1 R 0
1190 24629 19878 788 18863 763 5337 1 0 4 0 0 0 0 0 0 2 1 R 0
1191 24647 17561 766 17618 718 3436 1 0 0 0 0 0 0 0 0 2 1 R 0
1192 24668 19909 886 19975 813 4716 1 0 0 0 0 0 0 0 0 1 1 R 0
1193 24690 21469 584 20275 560 4318 1 0 4 0 0 0 0 0 0 1 1 R 0
1194 24710 19153 591 19179 561 3826 1 0 0 0 0 0 0 0 0 2 1 R 0
1195 24728 17366 639 17409 603 3672 1 0 0 0 0 0 0 0 0 1 1 R 0
1196 24747 17785 785 17817 749 3799 1 0 0 0 0 0 0 0 0 2 1 R 0
1197 24770 22979 719 20516 693 6703 1 0 5 0 0 0 0 0 0 2 1 R 0
1198 24790 19267 955 19286 928 3772 1 0 0 0 0 0 0 0 0 1 1 R 0
1199 24810 18552 2161 18613 2114 3880 1 0 0 0 0 0 0 0 0 1 1 R 0
1200 24838 25668 662 24513 622 6611 1 0 4 0 0 0 0 0 0 2 1 R 0
1201 24856 17876 700 17918 679 3724 1 0 0 0 0 0 0 0 0 1 1 R 0
1202 24875 18348 680 18375 637 3092 1 0 0 0 0 0 0 0 0 2 1 R 0
1203 24898 22447 549 21646 531 4004 1 0 4 0 0 0 0 0 0 1 1 R 0
1204 24918 18918 571 18942 551 3949 1 0 0 0 0 0 0 0 0 1 1 R 0
1205 24936 17831 696 17868 657 3462 1 0 0 0 0 1 0 0 0 2 1 R 0
1206 24956 19072 804 19114 766 3137 1 0 0 0 0 0 0 0 0 1 1 R 0
1207 24979 22512 674 20059 648 3881 1 0 5 0 0 0 0 0 0 1 1 R 0
1208 24999 19049 565 19073 544 4174 1 0 0 0 0 0 0 0 0 1 1 R 0
1209 25019 19704 575 19726 551 4151 1 0 0 0 0 0 0 0 0 3 1 R 0
1210 25041 21243 575 19945 554 3788 1 0 4 0 0 0 0 0 0 1 1 R 0
1211 25059 17488 731 17520 711 3102 1 0 0 0 0 0 0 0 0 1 1 R 0
1212 25080 20377 577 20387 557 4604 1 0 0 0 0 0 0 0 0 2 1 R 0
1213 25100 18749 582 18776 550 4259 1 0 0 0 0 0 0 0 0 1 1 R 0
1214 25122 21587 582 20421 557 6511 1 0 4 0 0 0 0 0 0 1 1 R 0
1215 25145 22116 630 22143 601 6372 1 0 0 0 0 0 0 0 0 2 1 R 0
1216 25162 17163 1201 17197 1194 3047 1 0 0 0 0 0 0 0 0 1 1 R 0
1217 25188 24622 608 21928 584 5302 1 0 5 0 0 0 0 0 0 3 1 R 0
1218 25208 18898 567 18920 546 4161 1 0 0 0 0 0 0 0 0 1 1 R 0
1219 25227 18864 1347 18889 1334 3541 1 0 0 0 0 1 0 0 0 1 1 R 0
1220 25249 20573 633 19031 615 3533 1 0 4 0 0 0 0 0 0 2 1 R 0
1221 25267 17712 702 17726 690 3442 1 0 0 0 0 0 0 0 0 2 1 R 0
1222 25289 20625 563 20630 534 5108 1 0 0 0 0 0 0 0 0 1 1 R 0
1223 25308 19032 573 19061 549 4363 1 0 0 0 0 0 0 0 0 1 1 R 0
1224 25329 20496 590 19572 567 5775 1 0 4 0 0 0 0 0 0 1 1 R 0
1225 25347 17470 757 17500 736 3901 1 0 0 0 0 0 0 0 0 2 1 R 0
1226 25366 17770 1046 17813 992 3892 1 0 0 0 0 0 0 0 0 2 1 R 0
1227 25390 23262 589 20682 560 6260 1 0 5 0 0 0 0 0 0 1 1 R 0
1228 25410 19221 590 19248 568 4251 1 0 0 0 0 0 0 0 0 1 1 R 0
1229 25431 19942 588 19963 566 4025 1 0 0 0 0 0 0 0 0 1 1 R 0
1230 25452 20566 760 20602 726 5943 1 0 0 0 0 0 0 0 0 2 1 R 0
1231 25476 23557 583 21236 563 3837 1 0 5 0 0 0 0 0 0 2 1 R 0
1232 25498 21199 590 20899 564 3848 1 0 1 0 0 0 0 0 0 1 1 R 0
1233 25518 19887 604 19474 571 5218 1 0 1 0 0 0 0 0 0 1 1 R 0
1234 25540 21410 845 20169 824 6685 1 0 4 0 0 0 0 0 0 2 1 R 0
1235 25559 18106 804 17734 742 3316 1 0 1 0 0 0 0 0 0 2 1 R 0
1236 25580 19942 710 19001 674 4354 1 0 1 0 0 0 0 0 0 1 1 R 0
1237 25604 22874 574 21352 549 3919 1 0 4 0 0 0 0 0 0 2 1 R 0
1238 25623 19218 541 19235 524 3747 1 0 0 0 0 0 0 0 0 1 1 R 0
1239 25642 18243 986 18269 969 3817 1 0 0 0 0 0 0 0 0 1 1 R 0
1240 25660 16972 929 17034 866 3073 1 0 0 0 0 0 0 0 0 1 1 R 0
1241 25682 21014 1231 19819 1215 3859 1 0 4 0 0 0 0 0 0 2 1 R 0
1242 25701 17301 822 17319 804 3253 1 0 0 0 0 0 0 0 0 1 1 R 0
1243 25722 20420 634 20427 613 3846 1 0 0 0 0 0 0 0 0 2 1 R 0
1244 25747 24229 767 22328 717 4046 1 0 4 0 0 0 0 0 0 1 1 R 0
1245 25770 22515 577 22021 555 6506 1 0 1 0 0 0 0 0 0 2 1 R 0
1246 25790 19629 701 18108 669 3154 1 0 1 0 0 0 0 0 0 1 1 R 0
1247 25813 22290 627 20704 581 3903 1 0 4 0 0 0 0 0 0 2 1 R 0
1248 25832 18431 1094 18478 1054 3752 1 0 0 0 0 0 0 0 0 1 1 R 0
1249 25851 17310 710 17352 675 3265 1 0 0 0 0 0 0 0 0 1 1 R 0
1250 25870 18201 675 18250 624 3122 1 0 0 0 0 0 0 0 0 2 1 R 0
1251 25890 19865 831 18783 784 5892 1 0 4 0 0 0 0 0 0 2 1 R 0
1252 25910 19405 593 19422 564 3720 1 0 0 0 0 0 0 0 0 0 1 R 0
1253 25930 18969 799 19014 753 4374 1 0 0 0 0 0 0 0 0 1 1 R 0
1254 25952 20865 594 19769 566 4021 1 0 4 0 0 0 0 0 0 3 1 R 0
1255 25970 18094 793 18177 711 3088 1 0 0 0 0 0 0 0 0 0 1 R 0
1256 25991 20336 624 19339 597 5135 1 0 1 0 0 0 0 0 0 1 1 R 0
1257 26011 19204 570 19226 548 3878 1 0 0 0 0 0 0 0 0 2 1 R 0
1258 26034 21775 559 20339 538 5497 1 0 4 0 0 0 0 0 0 1 1 R 0
1259 26054 19397 554 19417 535 3623 1 0 0 0 0 0 0 0 0 1 1 R 0
1260 26076 21496 630 21584 543 5892 1 0 0 0 0 0 0 0 0 2 1 R 0
1261 26098 21859 577 20725 552 3447 1 0 4 0 0 0 0 0 0 1 1 R 0
1262 26118 18873 573 18902 546 4275 1 0 0 0 0 0 0 0 0 1 1 R 0
1263 26138 20314 577 19943 556 4299 1 0 1 0 0 0 0 0 0 3 1 R 0
1264 26160 21072 585 19678 555 3694 1 0 4 0 0 0 0 0 0 1 1 R 0
1265 26180 19073 700 17890 658 3547 1 0 1 0 0 0 0 0 0 2 1 R 0
1266 26198 17400 770 17471 703 4091 1 0 0 0 0 0 0 0 0 1 1 R 0
1267 26219 20488 590 20507 566 5564 1 0 0 0 0 0 0 0 0 2 1 R 0
1268 26241 21008 589 19833 563 6226 1 0 4 0 0 0 0 0 0 1 1 R 0
1269 26259 17654 714 17697 681 3012 1 0 0 0 0 0 0 0 0 0 1 R 0
1270 26278 18028 639 18044 618 3616 1 0 0 0 0 0 0 0 0 2 1 R 0
1271 26300 21613 980 20198 914 4679 1 0 4 0 0 0 0 0 0 2 1 R 0
1272 26320 19099 581 19124 557 3786 1 0 0 0 0 0 0 0 0 1 1 R 0
1273 26340 19529 577 19550 556 4485 1 0 0 0 0 0 0 0 0 1 1 R 0
1274 26359 18416 579 18436 557 3960 1 0 0 0 0 0 0 0 0 2 1 R 0
1275 26386 26350 586 23367 555 8354 1 0 5 0 0 0 0 0 0 2 1 R 0
1276 26405 18069 663 18114 622 3056 1 0 0 0 0 0 0 0 0 1 1 R 0
1277 26425 20138 581 20165 553 3939 1 0 0 0 0 0 0 0 0 2 1 R 0
1278 26447 21224 655 20054 621 3771 1 0 4 0 0 0 0 0 0 1 1 R 0
1279 26466 18217 717 18261 675 3715 1 0 0 0 0 0 0 0 0 1 1 R 0
1280 26485 18580 744 18655 678 3131 1 0 0 0 0 0 0 0 0 2 1 R 0
1281 26507 20478 1028 19259 1007 3066 1 0 4 0 0 0 0 0 0 1 1 R 0
1282 26527 19267 610 19284 592 3802 1 0 0 0 0 0 0 0 0 2 1 R 0
1283 26547 18984 586 19007 559 4368 1 0 0 0 0 0 0 0 0 1 1 R 0
1284 26567 19754 570 19778 546 3259 1 0 0 0 0 0 0 0 0 1 1 R 0
1285 26590 22637 592 20516 563 3092 1 0 5 0 0 0 0 0 0 2 1 R 0
1286 26609 18730 677 18764 658 3655 1 0 0 0 0 0 0 0 0 1 1 R 0
1287 26629 19175 593 19185 566 4351 1 0 0 0 0 0 0 0 0 1 1 R 0
1288 26651 21554 578 19994 553 4173 1 0 4 0 0 0 0 0 0 2 1 R 0
1289 26670 18154 736 18197 697 3392 1 0 0 0 0 0 0 0 0 1 1 R 0
1290 26693 22551 598 22574 561 5984 1 0 0 0 0 0 0 0 0 2 1 R 0
1291 26711 17333 694 17385 656 3032 1 0 0 0 0 0 0 0 0 1 1 R 0
1292 26735 22457 566 20807 539 4097 1 0 4 0 0 0 0 0 0 1 1 R 0
1293 26755 19450 658 19475 628 3930 1 0 0 0 0 0 0 0 0 2 1 R 0
1294 26777 21541 570 21124 543 3606 1 0 1 0 0 0 0 0 0 2 1 R 0
1295 26799 21966 714 19892 632 5471 1 0 5 0 0 0 0 0 0 1 1 R 0
1296 26819 18689 1069 18776 985 3743 1 0 0 0 0 0 0 0 0 2 1 R 0
1297 26839 19109 583 19135 553 4272 1 0 0 0 0 0 0 0 0 1 1 R 0
1298 26861 21869 568 20652 544 4204 1 0 4 0 0 1 0 0 0 1 1 R 0
1299 26880 17855 703 17894 666 3393 1 0 0 0 0 0 0 0 0 2 1 R 0
1300 26897 16929 1095 17026 1004 3486 1 0 0 0 0 0 0 0 0 2 1 R 0
1301 26918 19029 671 19067 624 5074 1 0 0 0 0 0 0 0 0 1 1 R 0
1302 26941 22663 579 21672 554 7202 1 0 4 0 0 0 0 0 0 2 1 R 0
1303 26960 18910 646 18932 647 3891 1 0 0 0 0 0 0 0 0 1 1 R 0
1304 26980 18553 2796 19034 560 3775 1 0 1 0 0 0 0 0 0 2 1 R 0
1305 27007 24160 580 23260 551 5830 1 0 4 0 0 0 0 0 0 2 1 R 0
1306 27026 19390 563 19420 605 3160 1 0 0 0 0 0 0 0 0 1 1 R 0
1307 27046 18830 581 18787 558 3850 1 0 0 0 0 0 0 0 0 1 1 R 0
1308 27068 21865 564 20378 546 3766 1 0 4 0 0 0 0 0 0 2 1 R 0
1309 27086 17163 986 17252 910 3598 1 0 0 0 0 0 0 0 0 1 1 R 0
1310 27107 19466 803 19499 772 4853 1 0 0 0 0 0 0 0 0 2 1 R 0
1311 27126 18744 1100 18839 997 2997 1 0 0 0 0 0 0 0 0 2 1 R 0
1312 27148 20535 586 19315 553 3767 1 0 4 0 0 0 0 0 0 1 1 R 0
1313 27168 19655 578 19675 557 4251 1 0 0 0 0 0 0 0 0 1 1 R 0
1314 27190 21094 583 18624 557 4057 1 0 2 0 0 0 0 0 0 1 1 R 0
1315 27211 20952 791 19556 743 3457 1 0 4 0 0 0 0 0 0 2 1 R 0
1316 27231 18588 654 18629 623 3309 1 0 0 0 0 0 0 0 0 2 1 R 0
1317 27250 18702 1152 18746 1102 3881 1 0 0 0 0 0 0 0 0 1 1 R 0
1318 27270 18817 569 18838 544 4183 1 0 0 0 0 0 0 0 0 1 1 R 0
1319 27290 19850 762 19044 717 5590 1 0 4 0 0 0 0 0 0 2 1 R 0
1320 27312 20908 1169 20946 1131 5995 1 0 0 0 0 0 0 0 0 1 1 R 0
1321 27330 16795 781 16873 707 3129 1 0 0 0 0 0 0 0 0 1 1 R 0
1322 27354 23711 576 22108 553 5501 1 0 4 0 0 0 0 0 0 2 1 R 0
1323 27375 19582 564 19598 545 3885 1 0 0 0 0 0 0 0 0 1 1 R 0
1324 27395 19687 730 18807 678 3181 1 0 1 0 0 0 0 0 0 2 1 R 0
1325 27417 21912 608 20633 593 3119 1 0 4 0 0 0 0 0 0 2 1 R 0
1326 27437 19187 586 19208 571 3868 1 0 0 0 0 0 0 0 0 1 1 R 0
1327 27457 18877 563 18895 537 4308 1 0 0 0 0 0 0 0 0 1 1 R 0
1328 27476 19103 725 19146 688 4449 1 0 0 0 0 0 0 0 0 1 1 R 0
1329 27498 21190 575 20114 549 3150 1 0 4 0 0 0 0 0 0 2 1 R 0
1330 27517 17648 685 17707 635 3568 1 0 0 0 0 0 0 0 0 1 1 R 0
1331 27535 18219 815 18257 777 3157 1 0 0 0 0 0 0 0 0 2 1 R 0
1332 27559 22444 688 21401 643 4989 1 0 4 0 0 0 0 0 0 2 1 R 0
1333 27579 19781 603 19808 586 4193 1 0 0 0 0 0 0 0 0 1 1 R 0
1334 27599 19411 698 18413 652 5086 1 0 1 0 0 0 0 0 0 2 1 R 0
1335 27620 20500 686 20539 650 6328 1 0 0 0 0 0 0 0 0 1 1 R 0
1336 27644 22777 586 21453 564 4264 1 0 4 0 0 0 0 0 0 2 1 R 0
1337 27663 18195 935 18222 918 3915 1 0 0 0 0 0 0 0 0 1 1 R 0
1338 27682 18936 951 18949 932 3669 1 0 0 0 0 0 0 0 0 1 1 R 0
1339 27705 21617 561 20730 543 3126 1 0 4 0 0 0 0 0 0 2 1 R 0
1340 27724 18037 707 18095 649 3395 1 0 0 0 0 0 0 0 0 1 1 R 0
1341 27742 17969 1296 18039 1227 3222 1 0 0 0 0 0 0 0 0 1 1 R 0
1342 27762 18242 579 18265 553 3829 1 0 0 0 0 0 0 0 0 2 1 R 0
1343 27786 23441 1453 21419 523 3709 1 0 6 0 0 0 0 0 0 1 1 R 0
1344 27807 19801 645 19397 624 3138 1 0 1 0 0 0 0 0 0 2 1 R 0
1345 27825 17206 1079 17242 1033 3588 1 0 0 0 0 0 0 0 0 2 1 R 0
1346 27848 21657 725 20654 683 4584 1 0 4 0 0 0 0 0 0 1 1 R 0
1347 27868 19753 611 19784 572 4282 1 0 0 0 0 0 0 0 0 1 1 R 0
1348 27888 19453 741 19479 719 3779 1 0 0 0 0 0 0 0 0 2 1 R 0
1349 27909 19921 653 18323 619 3435 1 0 4 0 0 0 0 0 0 1 1 R 0
1350 27932 22091 736 22161 662 6530 1 0 0 0 0 0 0 0 0 3 1 R 0
1351 27951 18842 590 18869 564 3771 1 0 0 0 0 0 0 0 0 1 1 R 0
1352 27972 19746 575 19770 549 3761 1 0 0 0 0 0 0 0 0 1 1 R 0
1353 27996 23503 575 21044 546 4411 1 0 5 0 0 0 0 0 0 1 1 R 0
1354 28014 18028 776 18100 711 3176 1 0 0 0 0 0 0 0 0 2 1 R 0
1355 28034 18817 762 18873 701 3821 1 0 0 0 0 0 0 0 0 2 1 R 0
1356 28056 21667 673 20616 643 3241 1 0 4 0 0 0 0 0 0 1 1 R 0
1357 28076 18868 636 18882 614 3950 1 0 0 0 0 0 0 0 0 1 1 R 0
1358 28096 19321 634 19367 578 3467 1 0 0 0 0 0 0 0 0 1 1 R 0
1359 28114 17727 2450 17770 1409 3014 1 0 2 0 2 0 0 0 0 2 1 R 0
1360 28137 20227 673 19487 634 3149 1 0 1 0 0 0 0 0 0 2 1 R 0
1361 28158 20059 581 20088 553 4247 1 0 0 0 0 0 0 0 0 1 1 R 0
1362 28177 18985 556 19007 533 4208 1 0 0 0 0 0 0 0 0 1 1 R 0
1363 28201 23195 585 21082 553 4142 1 0 5 0 0 0 0 0 0 2 1 R 0
1364 28219 17491 723 17552 670 3143 1 0 0 0 0 0 0 0 0 1 1 R 0
1365 28241 21097 777 21199 686 6725 1 0 0 0 0 0 0 0 0 2 1 R 0
1366 28264 22383 565 21151 542 3759 1 0 4 0 0 0 0 0 0 2 1 R 0
1367 28284 19614 561 19633 540 3829 1 0 0 0 0 0 0 0 0 1 1 R 0
1368 28306 20990 586 20823 554 3857 1 0 1 0 0 0 0 0 0 1 1 R 0
1369 28327 21111 614 19321 599 3216 1 0 4 0 0 0 0 0 0 1 1 R 0
1370 28345 16960 757 16996 717 3571 1 0 0 0 0 0 0 0 0 2 1 R 0
1371 28366 20262 679 20297 655 4682 1 0 0 0 0 0 0 0 0 2 1 R 0
1372 28387 19920 552 19933 523 3813 1 0 0 0 0 0 0 0 0 1 1 R 0
1373 28409 21984 629 20019 595 5534 1 0 5 0 0 0 0 0 0 1 1 R 0
1374 28427 17514 720 17567 674 3483 1 0 0 0 0 0 0 0 0 2 1 R 0
1375 28446 18284 760 18353 692 4833 1 0 0 0 0 0 0 0 0 2 1 R 0
1376 28469 22443 583 21184 560 5562 1 0 4 0 0 0 0 0 0 1 1 R 0
1377 28490 19428 593 19456 564 4416 1 0 0 0 0 0 0 0 0 1 1 R 0
1378 28509 18744 600 18768 583 4161 1 0 0 0 0 0 0 0 0 1 1 R 0
1379 28526 17015 893 17067 837 3655 1 0 0 0 0 0 0 0 0 2 1 R 0
1380 28552 24592 776 23787 735 9717 1 0 4 0 0 0 0 0 0 2 1 R 0
1381 28570 17766 705 17807 667 3187 1 0 0 0 0 0 0 0 0 1 1 R 0
1382 28592 21106 995 20277 977 3788 1 0 1 0 0 0 0 0 0 1 1 R 0
1383 28614 21118 936 19773 903 3663 1 0 4 0 0 0 0 0 0 2 1 R 0
1384 28632 16944 1474 17002 1436 3050 1 0 0 0 0 0 0 0 0 1 1 R 0
1385 28654 19791 689 19827 635 4354 1 0 0 0 0 0 0 0 0 2 1 R 0
1386 28672 18185 2900 18274 1971 3083 1 0 0 0 3 0 0 0 0 1 1 R 0
1387 28695 19730 611 19440 586 3880 1 0 1 0 0 0 0 0 0 1 1 R 0
1388 28715 19521 556 19543 536 3631 1 0 0 0 0 0 0 0 0 2 1 R 0
1389 28733 16837 1516 16899 1473 3089 1 0 0 0 0 0 0 0 0 1 1 R 0
1390 28757 22642 576 21133 548 4724 1 0 4 0 0 0 0 0 0 1 1 R 0
1391 28776 18489 734 18521 707 3063 1 0 0 0 0 1 0 0 0 3 1 R 0
1392 28798 21031 616 19962 589 3783 1 0 1 0 0 0 0 0 0 1 1 R 0
1393 28819 21045 580 19749 553 4083 1 0 4 0 0 0 0 0 0 1 1 R 0
1394 28837 17538 708 17582 672 3476 1 0 0 0 0 0 0 0 0 2 1 R 0
1395 28860 22060 799 22152 709 7351 1 0 0 0 0 0 0 0 0 1 1 R 0
1396 28880 19094 572 19110 550 3746 1 0 0 0 0 0 0 0 0 2 1 R 0
1397 28902 21307 667 20351 641 6572 1 0 4 0 0 0 0 0 0 1 1 R 0
1398 28922 19710 900 19730 882 3980 1 0 0 0 0 0 0 0 0 0 1 R 0
1399 28940 16582 772 16664 697 3150 1 0 0 0 0 0 0 0 0 3 1 R 0
1400 28962 21481 731 20331 1568 4728 1 0 4 0 0 0 0 0 0 1 1 R 0
1401 28982 19340 605 18488 585 3762 1 0 0 0 0 0 0 0 0 1 1 R 0
1402 29003 19900 921 17926 900 3734 1 0 1 0 0 0 0 0 0 1 1 R 0
1403 29022 18549 566 18564 541 3602 1 0 0 0 0 0 0 0 0 1 1 R 0
1404 29044 21354 557 20282 533 3898 1 0 4 0 0 0 0 0 0 2 1 R 0
1405 29064 19428 551 19451 527 3348 1 0 0 0 0 0 0 0 0 1 1 R 0
1406 29084 19049 552 19071 531 3720 1 0 0 0 0 0 0 0 0 1 1 R 0
1407 29106 21929 716 20632 661 3896 1 0 4 0 0 0 0 0 0 1 1 R 0
1408 29127 20052 656 20084 630 3418 1 0 0 0 0 0 0 0 0 2 1 R 0
1409 29145 17854 679 17881 642 3025 1 0 0 0 0 0 0 0 0 1 1 R 0
1410 29171 24639 570 23503 542 6665 1 0 4 0 0 0 0 0 0 3 1 R 0
1411 29191 20037 599 19518 567 4235 1 0 1 0 0 0 0 0 0 1 1 R 0
1412 29212 20393 928 19378 906 5212 1 0 1 0 0 0 0 0 0 1 1 R 0
1413 29231 17571 778 17626 726 3587 1 0 0 0 0 0 0 0 0 2 1 R 0
1414 29252 20743 1400 19862 1322 4605 1 0 4 0 0 0 0 0 0 0 1 R 0
1415 29271 16874 754 16949 686 3101 1 0 0 0 0 0 0 0 0 3 1 R 0
1416 29292 20296 566 20310 587 4421 1 0 0 0 0 0 0 0 0 1 1 R 0
1417 29314 22169 608 20431 587 3845 1 0 4 0 0 0 0 0 0 2 1 R 0
1418 29334 18965 711 19024 660 3332 1 0 0 0 0 0 0 0 0 1 1 R 0
1419 29352 17157 779 17200 732 3064 1 0 0 0 0 0 0 0 0 2 1 R 0
1420 29371 18408 705 18442 681 3722 1 0 0 0 0 0 0 0 0 1 1 R 0
1421 29395 23594 1691 22387 839 4204 1 0 4 0 1 0 0 0 0 2 1 R 0
1422 29416 19033 568 19062 537 3756 1 0 0 0 0 0 0 0 0 1 1 R 0
1423 29435 18772 742 18847 680 3081 1 0 0 0 0 0 0 0 0 1 1 R 0
1424 29457 21096 694 20059 668 3114 1 0 4 0 0 0 0 0 0 2 1 R 0
1425 29480 21849 634 21879 590 6366 1 0 0 0 0 0 0 0 0 1 1 R 0
1426 29500 19489 585 19120 562 4186 1 0 1 0 0 0 0 0 0 1 1 R 0
1427 29525 24330 729 22811 720 4504 1 0 5 0 0 0 0 0 0 2 1 R 0
1428 29543 17051 2154 17074 1618 3155 1 0 0 0 1 0 0 0 0 1 1 R 0
1429 29562 17299 1633 17353 1586 3089 1 0 0 0 0 0 0 0 0 2 1 R 0
1430 29587 23535 635 22416 619 4740 1 0 4 0 0 0 0 0 0 2 1 R 0
1431 29608 20627 596 19173 575 4369 1 0 1 0 0 0 0 0 0 1 1 R 0
1432 29628 19197 585 19221 560 4078 1 0 0 0 0 0 0 0 0 1 1 R 0
1433 29646 17064 769 17105 738 3476 1 0 0 0 0 0 0 0 0 2 1 R 0
1434 29668 21437 774 20488 704 6089 1 0 4 0 0 0 0 0 0 2 1 R 0
1435 29688 19331 580 19346 553 3516 1 0 0 0 0 0 0 0 0 1 1 R 0
1436 29708 18949 563 18976 536 4227 1 0 0 0 0 0 0 0 0 1 1 R 0
1437 29730 21268 569 20166 551 4249 1 0 4 0 0 0 0 0 0 1 1 R 0
1438 29750 19390 573 19411 546 4022 1 0 0 0 0 0 0 0 0 2 1 R 0
1439 29767 17326 705 17383 669 3468 1 0 0 0 0 0 0 0 0 1 1 R 0
1440 29790 22067 581 22074 554 7194 1 0 0 0 0 0 0 0 0 2 1 R 0
1441 29814 23053 631 20901 592 7722 1 0 5 0 0 0 0 0 0 1 1 R 0
1442 29832 17788 1172 17875 1092 3417 1 0 0 0 0 0 0 0 0 1 1 R 0
1443 29850 16756 691 16793 644 3081 1 0 0 0 0 0 0 0 0 2 1 R 0
1444 29874 22910 859 22027 815 3674 1 0 4 0 0 0 0 0 0 2 1 R 0
1445 29891 16645 654 16692 601 3088 1 0 0 0 0 0 0 0 0 1 1 R 0
1446 29915 22595 582 21785 555 3767 1 0 1 0 0 0 0 0 0 2 1 R 0
1447 29936 20412 1868 20172 1022 3684 1 0 2 0 2 0 0 0 0 1 1 R 0
1448 29956 18226 673 18260 620 3053 1 0 0 0 0 0 0 0 0 2 1 R 0
1449 29974 18139 611 18169 680 3301 1 0 0 0 0 0 0 0 0 2 1 R 0
1450 29994 19082 796 19022 753 3958 1 0 0 0 0 0 0 0 0 1 1 R 0
1451 30019 23625 616 21118 579 7252 1 0 5 0 0 0 0 0 0 2 1 R 0
1452 30038 18834 576 18861 552 4298 1 0 0 0 0 0 0 0 0 1 1 R 0
1453 30057 18195 716 18265 651 3928 1 0 0 0 0 0 0 0 0 2 1 R 0
1454 30078 20668 548 19651 528 3122 1 0 4 0 0 0 0 0 0 1 1 R 0
1455 30101 21927 594 21959 563 8205 1 0 0 0 0 0 0 0 0 1 1 R 0
1456 30120 18845 583 18874 555 3749 1 0 0 0 0 0 0 0 0 1 1 R 0
1457 30141 20455 658 19699 642 4040 1 0 1 0 0 0 0 0 0 2 1 R 0
1458 30162 20114 699 19292 661 4933 1 0 4 0 0 0 0 0 0 1 1 R 0
1459 30180 17853 715 17920 658 3264 1 0 0 0 0 0 0 0 0 2 1 R 0
1460 30204 22680 577 21380 543 4485 1 0 1 0 0 0 0 0 0 1 1 R 0
1461 30226 21717 588 19978 570 3900 1 0 4 0 0 0 0 0 0 1 1 R 0
1462 30248 21147 566 21170 537 3657 1 0 0 0 0 0 0 0 0 2 1 R 0
1463 30268 19198 777 19282 691 3754 1 0 0 0 0 0 0 0 0 2 1 R 0
1464 30290 21558 573 20145 552 3830 1 0 4 0 0 0 0 0 0 2 1 R 0
1465 30310 19410 633 19431 623 4281 1 0 0 0 0 0 0 0 0 1 1 R 0
1466 30329 18645 990 18688 930 4184 1 0 0 0 0 0 0 0 0 1 1 R 0
1467 30350 19479 591 19506 566 4062 1 0 0 0 0 0 0 0 0 1 1 R 0
1468 30370 19986 739 18896 712 5532 1 0 4 0 0 0 0 0 0 2 1 R 0
1469 30388 17435 698 17488 638 3120 1 0 0 0 0 0 0 0 0 1 1 R 0
1470 30415 25370 563 23892 537 7524 1 0 1 0 0 0 0 0 0 2 1 R 0
1471 30436 20894 592 19360 557 3822 1 0 4 0 0 0 0 0 0 1 1 R 0
1472 30455 18809 557 18837 528 3649 1 0 0 0 0 0 0 0 0 2 1 R 0
1473 30475 18965 692 18991 676 3808 1 0 0 0 0 0 0 0 0 1 1 R 0
1474 30494 18737 3014 18811 1508 3183 1 0 2 0 2 0 0 0 0 2 1 R 0
1475 30516 19146 576 19153 555 4259 1 0 0 0 0 0 0 0 0 1 1 R 0
1476 30537 19805 575 19826 549 3777 1 0 0 0 0 0 0 0 0 1 1 R 0
1477 30556 18625 570 18650 544 4308 1 0 0 0 0 0 0 0 0 1 1 R 0
1478 30578 21757 703 20768 621 3099 1 0 4 0 0 0 0 0 0 2 1 R 0
1479 30596 17227 679 17260 647 3641 1 0 0 0 0 0 0 0 0 2 1 R 0
1480 30618 20819 771 19911 740 5804 1 0 1 0 0 0 0 0 0 2 1 R 0
1481 30641 22032 585 20666 560 4324 1 0 4 0 0 0 0 0 0 1 1 R 0
1482 30660 18960 567 18985 544 3504 1 0 0 0 0 0 0 0 0 1 1 R 0
1483 30677 16622 1318 16700 1236 3475 1 0 0 0 0 0 0 0 0 2 1 R 0
1484 30698 18905 786 18976 730 5169 1 0 0 0 0 0 0 0 0 2 1 R 0
1485 30724 25654 639 24523 623 13300 1 0 4 0 0 0 0 0 0 1 1 R 0
1486 30744 19104 633 19139 597 3800 1 0 0 0 0 0 0 0 0 1 1 R 0
1487 30767 22623 589 22642 565 4587 1 0 0 0 0 0 0 0 0 2 1 R 0
1488 30789 20988 738 19702 695 3088 1 0 4 0 0 0 0 0 0 1 1 R 0
1489 30809 19906 661 18910 635 3716 1 0 1 0 0 0 0 0 0 2 1 R 0
1490 30831 20609 580 20625 559 5110 1 0 0 0 0 0 0 0 0 2 1 R 0
1491 30852 21025 965 19760 933 4242 1 0 4 0 0 0 0 0 0 1 1 R 0
1492 30871 18371 845 18419 788 3747 1 0 0 0 0 0 0 0 0 1 1 R 0
1493 30890 17509 682 17542 652 3102 1 0 0 0 0 0 0 0 0 1 1 R 0
1494 30909 18151 737 18192 687 4360 1 0 0 0 0 0 0 0 0 2 1 R 0
1495 30931 21981 616 20822 591 7181 1 0 4 0 0 0 0 0 0 2 1 R 0
1496 30951 19409 610 19448 567 3711 1 0 0 0 0 0 0 0 0 1 1 R 0
1497 30970 17909 692 17960 647 3043 1 0 0 0 0 0 0 0 0 1 1 R 0
1498 30992 21268 854 19878 1159 3413 1 0 4 0 0 0 0 0 0 3 1 R 0
1499 31013 19929 1020 18559 998 3863 1 0 1 0 0 0 0 0 0 1 1 R 0
