# swapstamp frames 1500 skip 300 peer 965
# f t_ms gap_us swap_us crend_us cswap_us clr_us nclr vcs_r ivcs_r vcs_s ivcs_s minf majf cpu0 cpu1 pticks pcpu pstate ctr
0 0 22612 585 22636 554 9213 1 0 0 0 0 0 0 0 0 0 1 R 0
1 19 19280 663 19346 598 4310 1 0 0 0 0 0 0 0 0 1 1 R 0
2 38 17914 966 18003 882 3512 1 0 0 0 0 0 0 0 0 2 1 R 0
3 58 19405 712 19455 669 5202 1 0 0 0 0 0 0 0 0 2 1 R 0
4 78 18658 695 18687 653 4595 1 0 0 0 0 0 0 0 0 2 1 R 0
5 99 20343 586 20371 559 4200 1 0 0 0 0 0 0 0 0 1 1 R 0
6 119 19513 575 19538 548 4164 1 0 0 0 0 0 0 0 0 1 1 R 0
7 139 19285 584 19313 559 3775 1 0 0 0 0 0 0 0 0 2 1 R 0
8 157 17638 723 17678 691 3563 1 0 0 0 0 0 0 0 0 2 1 R 0
9 179 20919 1780 19978 1733 5629 1 0 1 0 0 0 0 0 0 2 1 R 0
10 199 18751 713 18789 671 3711 1 0 0 0 0 0 0 0 0 1 1 R 0
11 219 19624 589 19646 561 4200 1 0 0 0 0 0 0 0 0 1 1 R 0
12 239 19245 583 19271 555 4122 1 0 0 0 0 0 0 0 0 1 1 R 0
13 258 18440 714 18506 655 3646 1 0 0 0 0 0 0 0 0 2 1 R 0
14 279 19725 581 19748 553 4275 1 0 0 0 0 0 0 0 0 1 1 R 0
15 301 21923 593 21952 565 6683 1 0 0 0 0 0 0 0 0 1 1 R 0
16 321 19292 825 19318 794 3908 1 0 0 0 0 0 0 0 0 1 1 R 0
17 342 19959 737 19998 705 3501 1 0 0 0 0 0 0 0 0 2 1 R 0
18 360 17760 668 17804 625 3272 1 0 0 0 0 0 0 0 0 0 1 R 0
19 381 19556 710 18305 662 3120 1 0 1 0 0 0 0 0 0 2 1 R 0
20 402 20203 586 20226 558 3878 1 0 0 0 0 0 0 0 0 1 1 R 0
21 422 20071 589 20103 554 3755 1 0 0 0 0 0 0 0 0 2 1 R 0
22 444 21715 570 21742 550 3956 1 0 0 0 0 0 0 0 0 1 1 R 0
23 462 16467 754 16532 688 3183 1 0 0 0 0 0 0 0 0 1 1 R 0
24 485 22737 780 22776 743 5020 1 0 0 0 0 0 0 0 0 3 1 R 0
25 527 41195 719 25962 668 3747 1 0 8 0 0 0 0 0 0 1 1 R 0
26 548 20498 633 20537 605 3674 1 0 0 0 0 0 0 0 0 2 1 R 0
27 570 20876 719 18891 692 3481 1 0 1 0 0 0 0 0 0 3 1 R 0
28 588 17698 715 17751 657 3633 1 0 0 0 0 0 0 0 0 2 1 R 0
29 609 19829 915 19871 878 4719 1 0 0 0 0 0 0 0 0 0 1 R 0
30 632 22609 594 22632 565 8497 1 0 0 0 0 0 0 0 0 2 1 R 0
31 654 20783 642 20803 626 3083 1 0 0 0 0 0 0 0 0 1 1 R 0
32 672 17275 692 17312 651 3139 1 0 0 0 0 0 0 0 0 2 1 R 0
33 691 19200 689 19248 644 3619 1 0 0 0 0 0 0 0 0 2 1 R 0
34 712 19920 587 19947 556 4018 1 0 0 0 0 0 0 0 0 1 1 R 0
35 734 21595 561 21015 536 3736 1 0 1 0 0 0 0 0 0 1 1 R 0
36 753 18068 1466 18121 1425 3068 1 0 0 0 0 0 0 0 0 1 1 R 0
37 774 19861 719 18830 675 3126 1 0 1 0 0 0 0 0 0 2 1 R 0
38 793 18125 1568 18212 1497 3382 1 0 0 0 0 0 0 0 0 2 1 R 0
39 816 21735 556 21411 536 5131 1 0 1 0 0 0 0 0 0 1 1 R 0
40 837 20074 586 20107 555 3862 1 0 0 0 0 0 0 0 0 1 1 R 0
41 857 19741 757 19783 719 3148 1 0 0 0 0 0 0 0 0 1 1 R 0
42 875 16598 667 16655 618 3201 1 0 0 0 0 0 0 0 0 2 1 R 0
43 896 20845 884 20901 831 5646 1 0 0 0 0 0 0 0 0 2 1 R 0
44 917 19487 583 19501 552 3820 1 0 0 0 0 0 0 0 0 2 1 R 0
45 941 23541 585 23569 558 7861 1 0 0 0 0 0 0 0 0 1 1 R 0
46 962 20800 571 19954 551 5884 1 0 1 0 0 0 0 0 0 1 1 R 0
47 982 19563 730 18561 673 3094 1 0 1 0 0 0 0 0 0 2 1 R 0
48 1001 17906 602 17940 562 3151 1 0 0 0 0 0 0 0 0 1 1 R 0
49 1023 21584 1539 21638 1495 6882 1 0 0 0 0 0 0 0 0 2 1 R 0
50 1044 19713 563 19731 535 4104 1 0 0 0 0 0 0 0 0 1 1 R 0
51 1063 18270 1507 18954 834 3178 1 0 0 0 0 1 0 0 0 2 1 R 0
52 1082 17176 599 17211 552 3624 1 0 0 0 0 0 0 0 0 0 1 R 0
53 1104 21960 632 21995 601 6196 1 0 0 0 0 0 0 0 0 3 1 R 0
54 1125 19885 570 19910 542 3814 1 0 0 0 0 0 0 0 0 2 1 R 0
55 1145 19829 718 19889 659 4001 1 0 0 0 0 0 0 0 0 1 1 R 0
56 1166 20385 559 20413 533 3140 1 0 0 0 0 0 0 0 0 2 1 R 0
57 1186 19168 669 18136 633 4931 1 0 1 0 0 0 0 0 0 2 1 R 0
58 1207 20174 822 20245 797 3066 1 0 0 0 0 0 0 0 0 1 1 R 0
59 1226 18756 778 18796 701 3339 1 0 0 0 0 0 0 0 0 1 1 R 0
60 1250 22346 582 22366 556 8288 1 0 0 0 0 0 0 0 0 1 1 R 0
61 1269 18537 774 18617 690 3774 1 0 0 0 0 0 0 0 0 2 1 R 0
62 1287 17382 630 17424 584 3606 1 0 0 0 0 0 0 0 0 1 1 R 0
63 1309 21438 699 21493 657 7019 1 0 0 0 0 0 0 0 0 2 1 R 0
64 1330 19998 796 20049 742 4367 1 0 0 0 0 0 0 0 0 1 1 R 0
65 1350 19214 580 19235 548 4272 1 0 0 0 0 0 0 0 0 1 1 R 0
66 1368 18106 876 18194 802 3624 1 0 0 0 0 0 0 0 0 2 1 R 0
67 1391 21675 630 20117 601 3250 1 0 1 0 0 0 0 0 0 1 1 R 0
68 1409 17934 772 18008 702 3369 1 0 0 0 0 0 0 0 0 2 1 R 0
69 1431 20379 579 20405 554 4490 1 0 0 0 0 0 0 0 0 1 1 R 0
70 1451 20226 595 20248 569 4357 1 0 0 0 0 0 0 0 0 1 1 R 0
71 1473 20844 1067 20871 1048 3813 1 0 0 0 0 0 0 0 0 1 1 R 0
72 1495 20878 612 20899 580 3906 1 0 0 0 0 0 0 0 0 2 1 R 0
73 1515 19620 877 19666 840 3734 1 0 0 0 0 0 0 0 0 2 1 R 0
74 1536 20369 607 20398 571 3504 1 0 0 0 0 0 0 0 0 1 1 R 0
75 1559 21813 582 21842 553 8068 1 0 0 0 0 0 0 0 0 1 1 R 0
76 1582 22407 591 20371 562 4235 1 0 1 0 0 0 0 0 0 1 1 R 0
77 1601 18859 614 18889 593 3686 1 0 0 0 0 0 0 0 0 2 1 R 0
78 1621 19518 596 19539 566 3451 1 0 0 0 0 0 0 0 0 1 1 R 0
79 1641 18961 585 18990 556 3795 1 0 0 0 0 0 0 0 0 1 1 R 0
80 1662 20893 575 20917 550 4464 1 0 0 0 0 0 0 0 0 1 1 R 0
81 1681 18491 715 18538 676 3503 1 0 0 0 0 0 0 0 0 2 1 R 0
82 1701 18511 736 18569 682 3056 1 0 0 0 0 0 0 0 0 1 1 R 0
83 1720 18478 881 18517 850 3490 1 0 0 0 0 0 0 0 0 2 1 R 0
84 1741 20028 584 20039 556 4186 1 0 0 0 0 0 0 0 0 1 1 R 0
85 1761 19516 709 19548 687 4497 1 0 0 0 0 0 0 0 0 1 1 R 0
86 1783 21382 1444 19902 1410 3268 1 0 2 0 0 0 0 0 0 2 1 R 0
87 1801 16886 565 16924 516 3042 1 0 0 0 0 0 0 0 0 1 1 R 0
88 1823 20976 1428 21027 1404 5920 1 0 0 0 0 1 0 0 0 2 1 R 0
89 1845 21149 573 21149 542 5397 1 0 0 0 0 0 0 0 0 2 1 R 0
90 1869 23532 643 23572 604 7712 1 0 0 0 0 0 0 0 0 1 1 R 0
91 1888 17370 772 17431 715 3591 1 0 0 0 0 0 0 0 0 2 1 R 0
92 1907 18933 1435 18982 1402 3868 1 0 0 0 0 1 0 0 0 1 1 R 0
93 1928 19189 753 19256 670 3544 1 0 0 0 0 0 0 0 0 2 1 R 0
94 1949 20222 587 20244 560 4367 1 0 0 0 0 0 0 0 0 1 1 R 0
95 1969 19259 618 19302 578 4225 1 0 0 0 0 0 0 0 0 1 1 R 0
96 1990 20647 605 19758 555 4128 1 0 1 0 0 0 0 0 0 2 1 R 0
97 2009 18204 1103 18277 1042 3509 1 0 0 0 0 0 0 0 0 2 1 R 0
98 2029 18948 702 18981 663 3684 1 0 0 0 0 0 0 0 0 1 1 R 0
99 2050 20070 597 20096 567 4183 1 0 0 0 0 0 0 0 0 1 1 R 0
100 2070 19515 647 19549 614 4325 1 0 0 0 0 0 0 0 0 2 1 R 0
101 2091 20273 673 20321 631 3974 1 0 0 0 0 0 0 0 0 1 1 R 0
102 2109 17426 1179 17509 1091 3668 1 0 0 0 0 0 0 0 0 2 1 R 0
103 2129 18702 830 18783 752 5035 1 0 0 0 0 0 0 0 0 2 1 R 0
104 2151 21591 577 21616 547 5524 1 0 0 0 0 0 0 0 0 1 1 R 0
105 2176 23978 584 24003 556 7426 1 0 0 0 0 0 0 0 0 1 1 R 0
106 2197 21143 573 19448 544 3371 1 0 1 0 0 0 0 0 0 2 1 R 0
107 2216 18612 797 18700 714 3197 1 0 0 0 0 0 0 0 0 1 1 R 0
108 2238 20747 551 20772 517 3162 1 0 0 0 0 0 0 0 0 2 1 R 0
109 2258 19840 582 19871 556 4383 1 0 0 0 0 0 0 0 0 1 1 R 0
110 2279 19877 579 19901 551 4178 1 0 0 0 0 0 0 0 0 2 1 R 0
111 2298 18370 713 18408 689 3739 1 0 0 0 0 0 0 0 0 1 1 R 0
112 2316 17403 532 17423 501 3604 1 0 0 0 0 0 0 0 0 2 1 R 0
113 2343 26583 1090 23049 1076 6384 1 0 1 0 0 0 0 0 0 1 1 R 0
114 2368 23997 596 21319 569 6348 1 0 2 0 0 0 0 0 0 2 1 R 0
115 2391 22285 780 21321 755 4504 1 0 1 0 0 0 0 0 0 1 1 R 0
116 2410 18324 741 18370 690 3322 1 0 0 0 0 0 0 0 0 1 1 R 0
117 2428 17560 690 17601 658 3839 1 0 0 0 0 0 0 0 0 2 1 R 0
118 2451 21966 586 21987 552 5603 1 0 0 0 0 0 0 0 0 1 1 R 0
119 2471 19625 596 19656 566 3751 1 0 0 0 0 0 0 0 0 1 1 R 0
120 2495 23133 606 23162 579 6813 1 0 0 0 0 0 0 0 0 2 1 R 0
121 2512 16852 1266 16910 1238 3075 1 0 0 0 0 0 0 0 0 2 1 R 0
122 2532 18536 717 18549 682 3505 1 0 0 0 0 0 0 0 0 1 1 R 0
123 2553 19643 1460 19679 1432 3810 1 0 0 0 0 0 0 0 0 1 1 R 0
124 2573 18999 937 19011 918 3908 1 0 0 0 0 0 0 0 0 2 1 R 0
125 2594 20250 596 19120 556 5264 1 0 1 0 0 0 0 0 0 1 1 R 0
126 2612 16862 555 16897 515 3089 1 0 0 0 0 0 0 0 0 2 1 R 0
127 2634 22044 640 22078 613 6138 1 0 0 0 0 0 0 0 0 2 1 R 0
128 2656 21394 588 21417 559 4731 1 0 0 0 0 0 0 0 0 1 1 R 0
129 2677 19544 696 19581 665 3843 1 0 0 0 0 0 0 0 0 1 1 R 0
130 2697 19553 558 19573 533 3868 1 0 0 0 0 0 0 0 0 1 1 R 0
131 2715 18128 685 18187 639 3113 1 0 0 0 0 0 0 0 0 3 1 R 0
132 2735 19112 822 19144 788 3215 1 0 0 0 0 0 0 0 0 1 1 R 0
133 2755 18510 725 18548 680 3087 1 0 0 0 0 0 0 0 0 2 1 R 0
134 2777 21335 586 21360 562 5248 1 0 0 0 0 0 0 0 0 1 1 R 0
135 2802 25003 723 23872 691 9726 1 0 1 0 0 0 0 0 0 1 1 R 0
136 2822 18938 693 18299 668 3165 1 0 1 0 0 0 0 0 0 2 1 R 0
137 2845 22469 821 22486 794 5127 1 0 0 0 0 0 0 0 0 2 1 R 0
138 2866 19818 583 19836 556 3871 1 0 0 0 0 0 0 0 0 1 1 R 0
139 2886 19713 601 19738 582 3753 1 0 0 0 0 0 0 0 0 1 1 R 0
140 2906 18946 744 19004 685 3038 1 0 0 0 0 0 0 0 0 1 1 R 0
141 2924 17615 706 17666 660 3248 1 0 0 0 0 0 0 0 0 2 1 R 0
142 2943 17894 1559 17933 1551 3552 1 0 0 0 0 0 0 0 0 2 1 R 0
143 2965 20928 582 20918 555 3792 1 0 0 0 0 0 0 0 0 1 1 R 0
144 2987 21013 572 19979 546 3893 1 0 1 0 0 0 0 0 0 1 1 R 0
145 3006 18921 564 18951 531 3127 1 0 0 0 0 0 0 0 0 2 1 R 0
146 3025 18383 854 18441 1124 3057 1 0 0 0 0 0 0 0 0 1 1 R 0
147 3043 17199 1013 16916 985 3281 1 0 0 0 0 0 0 0 0 2 1 R 0
148 3067 23159 584 23174 559 6392 1 0 0 0 0 0 0 0 0 1 1 R 0
149 3087 18893 587 18920 558 4205 1 0 0 0 0 0 0 0 0 1 1 R 0
150 3111 23279 874 23339 830 6834 1 0 0 0 0 0 0 0 0 2 1 R 0
151 3129 17831 966 17865 942 3231 1 0 0 0 0 0 0 0 0 2 1 R 0
152 3149 19048 708 19067 672 3840 1 0 0 0 0 0 0 0 0 2 1 R 0
153 3171 20564 579 20582 552 4366 1 0 0 0 0 0 0 0 0 1 1 R 0
154 3192 20806 594 18742 565 4372 1 0 1 0 0 0 0 0 0 1 1 R 0
155 3212 19325 568 19353 539 3487 1 0 0 0 0 0 0 0 0 1 1 R 0
156 3231 18198 754 18244 724 3115 1 0 0 0 0 0 0 0 0 1 1 R 0
157 3250 18287 819 18372 726 3179 1 0 0 0 0 0 0 0 0 2 1 R 0
158 3273 22277 944 22297 927 6502 1 0 0 0 0 0 0 0 0 2 1 R 0
159 3292 18638 601 18658 568 3768 1 0 0 0 0 0 0 0 0 1 1 R 0
160 3312 18931 815 18978 778 3500 1 0 0 0 0 0 0 0 0 2 1 R 0
161 3331 18434 698 18475 660 3175 1 0 0 0 0 0 0 0 0 1 1 R 0
162 3351 18923 711 18963 680 3252 1 0 0 0 0 0 0 0 0 2 1 R 0
163 3371 19989 644 19991 622 3888 1 0 0 0 0 0 0 0 0 1 1 R 0
164 3395 22402 571 20712 545 3870 1 0 1 0 0 0 0 0 0 1 1 R 0
165 3419 23874 605 23905 577 8100 1 0 0 0 0 0 0 0 0 2 1 R 0
166 3438 18184 921 18273 845 3811 1 0 0 0 0 0 0 0 0 2 1 R 0
167 3460 21104 779 21128 749 5046 1 0 0 0 0 0 0 0 0 1 1 R 0
168 3481 20273 581 20291 552 4330 1 0 0 0 0 0 0 0 0 2 1 R 0
169 3501 19268 681 19300 661 4421 1 0 0 0 0 0 0 0 0 1 1 R 0
170 3520 18929 1033 19018 941 3191 1 0 0 0 0 0 0 0 0 1 1 R 0
171 3539 17409 544 17441 503 3279 1 0 0 0 0 0 0 0 0 1 1 R 0
172 3561 21237 680 21300 626 7017 1 0 0 0 0 0 0 0 0 3 1 R 0
173 3582 20518 573 20537 547 4251 1 0 0 0 0 0 0 0 0 1 1 R 0
174 3605 22859 565 21834 535 5307 1 0 1 0 0 0 0 0 0 2 1 R 0
175 3624 18477 719 18534 673 3320 1 0 0 0 0 0 0 0 0 1 1 R 0
176 3643 17931 1271 18009 1210 3295 1 0 0 0 0 0 0 0 0 2 1 R 0
177 3662 18067 689 18087 649 3640 1 0 0 0 0 0 0 0 0 1 1 R 0
178 3685 22011 574 22033 545 3826 1 0 0 0 0 0 0 0 0 2 1 R 0
179 3706 20018 630 20046 599 3776 1 0 0 0 0 1 0 0 0 1 1 R 0
180 3728 21837 584 21869 551 6947 1 0 0 0 0 0 0 0 0 1 1 R 0
181 3747 18303 534 18337 503 3473 1 0 0 0 0 1 0 0 0 1 1 R 0
182 3768 20520 857 20593 797 6368 1 0 0 0 0 0 0 0 0 3 1 R 0
183 3792 23290 590 21872 559 6733 1 0 2 0 0 0 0 0 0 1 1 R 0
184 3815 21964 573 21991 549 4101 1 0 0 0 0 0 0 0 0 2 1 R 0
185 3832 17268 1167 17316 1162 3256 1 0 0 0 0 0 0 0 0 1 1 R 0
186 3852 18338 701 18347 654 3094 1 0 0 0 0 0 0 0 0 2 1 R 0
187 3871 18506 689 18550 646 3437 1 0 0 0 0 0 0 0 0 2 1 R 0
188 3892 20625 1152 20665 1121 4542 1 0 0 0 0 0 0 0 0 2 1 R 0
189 3912 18464 729 18505 677 3968 1 0 0 0 0 0 0 0 0 1 1 R 0
190 3933 19790 1316 19838 1278 3605 1 0 0 0 0 0 0 0 0 2 1 R 0
191 3954 19934 561 19942 534 3796 1 0 0 0 0 0 0 0 0 1 1 R 0
192 3974 20003 562 20035 530 3885 1 0 0 0 0 0 0 0 0 1 1 R 0
193 3995 20302 584 19221 554 3984 1 0 1 0 0 0 0 0 0 1 1 R 0
194 4016 19746 1250 19774 1235 3896 1 0 0 0 0 1 0 0 0 1 1 R 0
195 4039 22443 707 22490 659 7540 1 0 0 0 0 0 0 0 0 2 1 R 0
196 4059 18617 773 18680 700 3516 1 0 0 0 0 0 0 0 0 2 1 R 0
197 4079 20068 734 20102 707 4698 1 0 0 0 0 0 0 0 0 1 1 R 0
198 4101 20308 581 20326 553 4508 1 0 0 0 0 0 0 0 0 1 1 R 0
199 4120 18790 576 18821 544 4273 1 0 0 0 0 0 0 0 0 2 1 R 0
200 4139 18651 692 18710 649 3974 1 0 0 0 0 0 0 0 0 2 1 R 0
201 4160 19877 580 19892 553 4349 1 0 0 0 0 0 0 0 0 1 1 R 0
202 4180 19411 1077 19469 1050 4218 1 0 0 0 0 0 0 0 0 0 1 R 0
203 4202 20824 605 19062 573 4260 1 0 1 0 0 0 0 0 0 1 1 R 0
204 4222 19636 591 19666 563 3902 1 0 0 0 0 0 0 0 0 2 1 R 0
205 4240 17665 806 17723 751 3671 1 0 0 0 0 0 0 0 0 1 1 R 0
206 4262 20886 708 20929 668 6528 1 0 0 0 0 0 0 0 0 2 1 R 0
207 4282 19208 778 19248 743 3185 1 0 0 0 0 0 0 0 0 2 1 R 0
208 4302 19886 593 19907 563 3909 1 0 0 0 0 0 0 0 0 1 1 R 0
209 4323 19925 1611 19976 1567 3739 1 0 0 0 0 0 0 0 0 2 1 R 0
210 4348 23690 621 23707 592 6890 1 0 0 0 0 0 0 0 0 2 1 R 0
211 4367 18007 679 18065 625 3783 1 0 0 0 0 0 0 0 0 1 1 R 0
212 4388 20881 772 20962 698 3816 1 0 0 0 0 0 0 0 0 2 1 R 0
213 4410 20464 603 19074 569 5524 1 0 1 0 0 0 0 0 0 1 1 R 0
214 4429 19092 785 19119 775 3947 1 0 0 0 0 0 0 0 0 1 1 R 0
215 4450 19889 864 19973 771 3670 1 0 0 0 0 0 0 0 0 2 1 R 0
216 4468 16884 772 16968 689 3639 1 0 0 0 0 0 0 0 0 1 1 R 0
217 4490 21084 586 21107 556 5998 1 0 0 0 0 0 0 0 0 2 1 R 0
218 4510 19360 592 19389 560 4282 1 0 0 0 0 0 0 0 0 1 1 R 0
219 4530 20055 596 20090 560 4345 1 0 0 0 0 0 0 0 0 1 1 R 0
220 4550 19490 645 19534 603 3883 1 0 0 0 0 0 0 0 0 2 1 R 0
221 4568 17426 759 17471 713 3442 1 0 0 0 0 0 0 0 0 2 1 R 0
222 4589 20367 580 20392 555 4143 1 0 0 0 0 0 0 0 0 0 1 R 0
223 4611 21332 588 20296 556 5701 1 0 1 0 0 0 0 0 0 2 1 R 0
224 4632 19802 579 19833 547 3914 1 0 0 0 0 0 0 0 0 1 1 R 0
225 4655 22928 573 22957 543 6465 1 0 0 0 0 0 0 0 0 2 1 R 0
226 4673 17137 1392 17195 1365 3143 1 0 0 0 0 0 0 0 0 2 1 R 0
227 4693 18229 1508 18301 1435 3442 1 0 0 0 0 0 0 0 0 1 1 R 0
228 4715 21223 591 21228 561 5257 1 0 0 0 0 0 0 0 0 2 1 R 0
229 4735 19404 638 19432 608 3769 1 0 0 0 0 0 0 0 0 1 1 R 0
230 4753 17132 1115 17534 745 3417 1 0 0 0 0 0 0 0 0 2 1 R 0
231 4776 22147 677 22152 648 5965 1 0 0 0 0 0 0 0 0 1 1 R 0
232 4798 20593 574 19402 547 3229 1 0 1 0 0 0 0 0 0 1 1 R 0
233 4819 20893 578 19929 552 4341 1 0 1 0 0 0 0 0 0 1 1 R 0
234 4839 19446 583 19472 556 3940 1 0 0 0 0 0 0 0 0 1 1 R 0
235 4858 17976 816 18021 777 3676 1 0 0 0 0 0 0 0 0 2 1 R 0
236 4877 18469 691 18508 657 3727 1 0 0 0 0 0 0 0 0 2 1 R 0
237 4897 19613 711 19653 665 3446 1 0 0 0 0 0 0 0 0 1 1 R 0
238 4918 19890 588 19908 561 4316 1 0 0 0 0 0 0 0 0 1 1 R 0
239 4939 20101 588 20130 559 4317 1 0 0 0 0 0 0 0 0 1 1 R 0
240 4964 24875 727 24922 685 7510 1 0 0 0 0 0 0 0 0 3 1 R 0
241 4982 17155 813 17247 720 3114 1 0 0 0 0 0 0 0 0 1 1 R 0
242 5004 21590 633 20285 600 3773 1 0 1 0 0 0 0 0 0 2 1 R 0
243 5023 17975 1036 17999 1021 3745 1 0 0 0 0 0 0 0 0 1 1 R 0
244 5042 18340 689 18372 645 3379 1 0 0 0 0 0 0 0 0 1 1 R 0
245 5061 18403 827 18458 788 3435 1 0 0 0 0 0 0 0 0 1 1 R 0
246 5081 18551 702 18588 666 3171 1 0 0 0 0 0 0 0 0 2 1 R 0
247 5102 20590 780 20643 723 3227 1 0 0 0 0 0 0 0 0 1 1 R 0
248 5123 19670 587 19688 559 3914 1 0 0 0 0 0 0 0 0 1 1 R 0
249 5142 18486 810 18584 715 3831 1 0 0 0 0 0 0 0 0 3 1 R 0
250 5162 19499 801 19532 769 3893 1 0 0 0 0 0 0 0 0 0 1 R 0
251 5180 16896 693 16923 666 3472 1 0 0 0 0 0 0 0 0 2 1 R 0
252 5211 30741 596 18802 567 19751 1 2 1 0 0 0 0 0 0 2 1 R 0
253 5230 18363 597 18389 569 4224 1 0 0 0 0 0 0 0 0 1 1 R 0
254 5251 20177 561 20203 540 3835 1 0 0 0 0 0 0 0 0 1 1 R 0
255 5272 20554 792 20599 747 6871 1 0 0 0 0 0 0 0 0 2 1 R 0
256 5291 18005 739 18067 672 3136 1 0 0 0 0 0 0 0 0 2 1 R 0
257 5310 18372 748 18431 698 3751 1 0 0 0 0 0 0 0 0 2 1 R 0
258 5332 21719 639 21749 602 5599 1 0 0 0 0 0 0 0 0 1 1 R 0
259 5352 18699 627 18724 600 3215 1 0 0 0 0 0 0 0 0 1 1 R 0
260 5370 17763 738 17795 722 3099 1 0 0 0 0 0 0 0 0 1 1 R 0
261 5389 18249 726 18274 687 4129 1 0 0 0 0 0 0 0 0 2 1 R 0
262 5412 22311 824 21318 791 4011 1 0 1 0 0 0 0 0 0 1 1 R 0
263 5432 18689 590 18711 564 3762 1 0 0 0 0 0 0 0 0 1 1 R 0
264 5454 22014 614 22045 577 3775 1 0 0 0 0 0 0 0 0 2 1 R 0
265 5472 16877 631 16918 594 3183 1 0 0 0 0 0 0 0 0 1 1 R 0
266 5494 21748 1032 21802 981 6104 1 0 0 0 0 0 0 0 0 3 1 R 0
267 5516 20865 563 20883 541 4995 1 0 0 0 0 0 0 0 0 1 1 R 0
268 5536 19710 605 19733 588 3920 1 0 0 0 0 0 0 0 0 1 1 R 0
269 5556 19358 611 19390 573 3424 1 0 0 0 0 0 0 0 0 1 1 R 0
270 5578 21630 589 21659 563 6798 1 0 0 0 0 0 0 0 0 2 1 R 0
271 5597 17667 654 17705 612 3512 1 0 0 0 0 0 0 0 0 1 1 R 0
272 5620 23060 579 21897 552 4241 1 0 1 0 0 0 0 0 0 2 1 R 0
273 5640 18887 585 18916 556 4235 1 0 0 0 0 0 0 0 0 1 1 R 0
274 5661 20149 582 20178 554 4030 1 0 0 0 0 1 0 0 0 2 1 R 0
275 5679 17752 703 17800 659 3650 1 0 0 0 0 0 0 0 0 1 1 R 0
276 5698 18463 583 18501 538 3967 1 0 0 0 0 0 0 0 0 1 1 R 0
277 5721 22322 887 22373 844 7436 1 0 0 0 0 0 0 0 0 3 1 R 0
278 5741 19422 592 19447 560 3913 1 0 0 0 0 0 0 0 0 1 1 R 0
279 5762 20130 569 20155 550 3645 1 0 0 0 0 0 0 0 0 1 1 R 0
280 5782 19826 1214 19411 1186 3221 1 0 1 0 0 0 0 0 0 2 1 R 0
281 5803 19244 1276 18178 1256 3220 1 0 1 0 0 0 0 0 0 2 1 R 0
282 5824 19752 734 19797 672 3971 1 0 0 0 0 0 0 0 0 1 1 R 0
283 5843 18498 945 18870 584 4011 1 0 0 0 0 0 0 0 0 1 1 R 0
284 5862 18260 635 18283 600 3577 1 0 0 0 0 0 0 0 0 1 1 R 0
285 5884 21502 631 21539 597 6373 1 0 0 0 0 0 0 0 0 1 1 R 0
286 5902 16765 533 16795 499 3113 1 0 0 0 0 0 0 0 0 2 1 R 0
287 5925 22185 684 22227 641 6218 1 0 0 0 0 0 0 0 0 2 1 R 0
288 5945 20073 578 20101 548 4747 1 0 0 0 0 0 0 0 0 1 1 R 0
289 5966 19825 697 19866 663 3473 1 0 0 0 0 0 0 0 0 2 1 R 0
290 5985 18724 692 18758 657 3247 1 0 0 0 0 0 0 0 0 1 1 R 0
291 6006 20569 728 18563 698 3200 1 0 1 0 0 0 0 0 0 2 1 R 0
292 6026 18758 696 18792 653 3205 1 0 0 0 0 0 0 0 0 1 1 R 0
293 6047 20737 583 20760 554 4305 1 0 0 0 0 0 0 0 0 2 1 R 0
294 6068 19780 580 19807 555 4358 1 0 0 0 0 0 0 0 0 1 1 R 0
295 6087 18277 645 18317 609 3623 1 0 0 0 0 0 0 0 0 2 1 R 0
296 6108 20745 667 20778 634 3783 1 0 0 0 0 0 0 0 0 1 1 R 0
297 6128 18874 1237 18899 1217 4315 1 0 0 0 0 1 0 0 0 1 1 R 0
298 6149 20127 573 20146 545 4261 1 0 0 0 0 0 0 0 0 1 1 R 0
299 6169 19732 580 19763 550 4183 1 0 0 0 0 0 0 0 0 2 1 R 0
300 6190 20617 794 20713 707 6954 1 0 0 0 0 0 0 0 0 2 1 R 0
301 6212 20957 758 20100 692 4767 1 0 1 0 0 0 0 0 0 1 1 R 0
302 6234 20987 544 21011 523 3892 1 0 0 0 0 0 0 0 0 1 1 R 0
303 6254 19945 559 19973 528 3805 1 0 0 0 0 0 0 0 0 2 1 R 0
304 6274 19490 553 19520 523 3901 1 0 0 0 0 0 0 0 0 1 1 R 0
305 6292 17108 767 17161 717 3472 1 0 0 0 0 0 0 0 0 2 1 R 0
306 6312 18934 697 18978 655 3689 1 0 0 0 0 1 0 0 0 1 1 R 0
307 6332 19012 677 19050 638 3744 1 0 0 0 0 0 0 0 0 2 1 R 0
308 6354 22096 556 22123 528 4903 1 0 0 0 0 0 0 0 0 1 1 R 0
309 6375 20028 575 20071 533 3635 1 0 0 0 0 0 0 0 0 2 1 R 0
310 6393 17342 2733 17418 2270 3490 1 0 0 0 1 0 0 0 0 1 1 R 0
311 6417 21601 804 20673 766 4145 1 0 1 0 0 0 0 0 0 2 1 R 0
312 6437 18677 698 18701 664 3194 1 0 0 0 0 0 0 0 0 2 1 R 0
313 6457 19963 590 19989 559 4501 1 0 0 0 0 0 0 0 0 1 1 R 0
314 6478 19637 847 19700 803 3522 1 0 0 0 0 0 0 0 0 2 1 R 0
315 6500 21441 583 21450 553 6550 1 0 0 0 0 0 0 0 0 1 1 R 0
316 6518 17526 706 17581 651 3445 1 0 0 0 0 0 0 0 0 2 1 R 0
317 6537 18590 643 18654 585 4678 1 0 0 0 0 0 0 0 0 2 1 R 0
318 6561 22942 612 22968 597 7326 1 0 0 0 0 0 0 0 0 1 1 R 0
319 6581 19413 590 19427 559 3465 1 0 0 0 0 0 0 0 0 2 1 R 0
320 6599 17792 744 17859 676 3588 1 0 0 0 0 0 0 0 0 1 1 R 0
321 6621 20880 727 19928 694 5464 1 0 1 0 0 0 0 0 0 1 1 R 0
322 6641 19388 649 19425 605 3877 1 0 0 0 0 0 0 0 0 2 1 R 0
323 6660 18582 582 18611 554 3976 1 0 0 0 0 0 0 0 0 1 1 R 0
324 6682 20941 578 20970 552 4358 1 0 0 0 0 0 0 0 0 1 1 R 0
325 6700 17505 708 17556 659 3146 1 0 0 0 0 0 0 0 0 1 1 R 0
326 6718 17774 800 17868 706 3630 1 0 0 0 0 0 0 0 0 2 1 R 0
327 6739 20261 732 20338 654 4943 1 0 0 0 0 0 0 0 0 2 1 R 0
328 6760 19846 590 19868 561 4226 1 0 0 0 0 0 0 0 0 1 1 R 0
329 6779 18934 734 18965 712 4274 1 0 0 0 0 0 0 0 0 1 1 R 0
330 6802 21770 624 21791 597 7191 1 0 0 0 0 0 0 0 0 2 1 R 0
331 6822 19645 711 18250 670 4421 1 0 2 0 0 0 0 0 0 1 1 R 0
332 6845 22519 559 22527 532 5887 1 0 0 0 0 0 0 0 0 1 1 R 0
333 6865 18534 565 18560 540 3770 1 0 0 0 0 0 0 0 0 1 1 R 0
334 6888 23004 552 22644 527 3886 1 0 1 0 0 0 0 0 0 2 1 R 0
335 6907 17937 702 18008 636 3612 1 0 0 0 0 0 0 0 0 2 1 R 0
336 6926 18855 737 18918 668 3552 1 0 0 0 0 0 0 0 0 2 1 R 0
337 6946 18941 1135 19003 1087 3908 1 0 0 0 0 0 0 0 0 2 1 R 0
338 6968 20849 572 20863 547 3963 1 0 0 0 0 0 0 0 0 1 1 R 0
339 6988 19418 578 19444 547 4226 1 0 0 0 0 0 0 0 0 1 1 R 0
340 7010 21419 534 20291 513 4159 1 0 1 0 0 0 0 0 0 2 1 R 0
341 7031 20328 692 20372 650 3568 1 0 0 0 0 0 0 0 0 2 1 R 0
342 7051 19545 577 19568 554 3976 1 0 0 0 0 0 0 0 0 1 1 R 0
343 7071 19205 588 19234 559 3787 1 0 0 0 0 0 0 0 0 1 1 R 0
344 7091 19540 574 19563 551 4173 1 0 0 0 0 0 0 0 0 2 1 R 0
345 7112 20582 789 20662 711 6844 1 0 0 0 0 0 0 0 0 1 1 R 0
346 7132 19664 688 19716 641 4058 1 0 0 0 0 0 0 0 0 2 1 R 0
347 7151 18375 763 18411 721 3611 1 0 0 0 0 0 0 0 0 2 1 R 0
348 7174 22130 699 22160 669 4500 1 0 0 0 0 0 0 0 0 1 1 R 0
349 7193 18036 1500 18085 1456 3612 1 0 0 0 0 0 0 0 0 1 1 R 0
350 7216 21317 620 20052 583 3429 1 0 1 0 0 0 0 0 0 2 1 R 0
351 7235 18012 701 18089 627 3135 1 0 0 0 0 0 0 0 0 2 1 R 0
352 7256 20647 733 20724 657 3651 1 0 0 0 0 0 0 0 0 1 1 R 0
353 7277 20038 580 20062 552 4322 1 0 0 0 0 0 0 0 0 1 1 R 0
354 7297 19831 579 19856 552 3743 1 0 0 0 0 0 0 0 0 1 1 R 0
355 7316 18670 811 18766 725 3371 1 0 0 0 0 0 0 0 0 2 1 R 0
356 7338 20368 684 20398 651 3034 1 0 0 0 0 0 0 0 0 1 1 R 0
357 7358 20062 573 20088 541 3962 1 0 0 0 0 0 0 0 0 2 1 R 0
358 7378 18961 575 18989 547 4384 1 0 0 0 0 0 0 0 0 1 1 R 0
359 7398 19870 633 19904 605 4077 1 0 0 0 0 0 0 0 0 1 1 R 0
360 7422 22714 692 21779 638 6799 1 0 1 0 0 0 0 0 0 2 1 R 0
361 7441 18517 669 18544 636 3189 1 0 0 0 0 0 0 0 0 2 1 R 0
362 7463 21047 618 21070 591 4570 1 0 0 0 0 0 0 0 0 2 1 R 0
363 7483 19589 960 19617 942 3845 1 0 0 0 0 0 0 0 0 0 1 R 0
364 7503 19435 911 19450 893 3168 1 0 0 0 0 0 0 0 0 2 1 R 0
365 7521 16775 819 16815 791 3040 1 0 0 0 0 0 0 0 0 1 1 R 0
366 7541 19001 792 19029 749 3759 1 0 0 0 0 0 0 0 0 2 1 R 0
367 7560 18379 547 18414 505 3619 1 0 0 0 0 1 0 0 0 1 1 R 0
368 7584 23932 561 23957 535 7761 1 0 0 0 0 0 0 0 0 2 1 R 0
369 7603 18224 1009 18252 992 3363 1 0 0 0 0 0 0 0 0 1 1 R 0
370 7623 18801 1396 17857 1342 3486 1 0 1 0 0 0 0 0 0 2 1 R 0
371 7643 18783 1382 18818 1341 5033 1 0 0 0 0 0 0 0 0 2 1 R 0
372 7665 20272 655 20309 611 3801 1 0 0 0 0 0 0 0 0 1 1 R 0
373 7684 18968 694 19010 651 3787 1 0 0 0 0 0 0 0 0 1 1 R 0
374 7705 20021 695 20077 631 3692 1 0 0 0 0 0 0 0 0 1 1 R 0
375 7727 21597 644 21640 610 6888 1 0 0 0 0 0 0 0 0 3 1 R 0
376 7746 17991 936 18018 916 3237 1 0 0 0 0 0 0 0 0 1 1 R 0
377 7766 19241 716 19278 667 3107 1 0 0 0 0 0 0 0 0 1 1 R 0
378 7788 21210 589 20826 563 3848 1 0 1 0 0 0 0 0 0 2 1 R 0
379 7809 20034 588 20065 555 4032 1 0 0 0 0 0 0 0 0 1 1 R 0
380 7831 21745 971 20563 1001 5069 1 0 2 0 0 0 0 0 0 2 1 R 0
381 7851 19047 824 18480 742 3374 1 0 1 0 0 0 0 0 0 1 1 R 0
382 7872 20543 582 20568 553 4829 1 0 0 0 0 0 0 0 0 1 1 R 0
383 7893 19530 583 19561 553 3783 1 0 0 0 0 0 0 0 0 2 1 R 0
384 7915 21504 541 21526 515 3500 1 0 0 0 0 0 0 0 0 1 1 R 0
385 7932 17113 670 17161 625 3084 1 0 0 0 0 0 0 0 0 3 1 R 0
386 7952 19081 662 19122 625 3685 1 0 0 0 0 0 0 0 0 2 1 R 0
387 7972 19644 578 19667 550 3997 1 0 0 0 0 0 0 0 0 1 1 R 0
388 7993 20030 964 20090 925 3944 1 0 0 0 0 0 0 0 0 1 1 R 0
389 8012 18170 558 18178 531 3714 1 0 0 0 0 0 0 0 0 1 1 R 0
390 8037 23943 568 22954 538 6040 1 0 1 0 0 0 0 0 0 2 1 R 0
391 8055 18234 1037 18296 985 3072 1 0 0 0 0 0 0 0 0 1 1 R 0
392 8077 20595 573 20612 545 3729 1 0 0 0 0 0 0 0 0 1 1 R 0
393 8098 20417 569 20250 547 4349 1 0 1 0 0 0 0 0 0 1 1 R 0
394 8118 19370 640 19395 625 3587 1 0 0 0 0 0 0 0 0 2 1 R 0
395 8136 17541 536 17564 497 3464 1 0 0 0 0 0 0 0 0 1 1 R 0
396 8158 21717 686 21765 642 7291 1 0 0 0 0 0 0 0 0 2 1 R 0
397 8179 20314 785 20342 769 5445 1 0 0 0 0 0 0 0 0 2 1 R 0
398 8201 20428 595 20444 567 4212 1 0 0 0 0 0 0 0 0 1 1 R 0
399 8222 20545 2133 19445 2118 3501 1 0 1 0 0 1 0 0 0 1 1 R 0
400 8242 17953 721 17985 666 3241 1 0 0 0 0 0 0 0 0 2 1 R 0
401 8261 18584 830 18668 742 3902 1 0 0 0 0 0 0 0 0 2 1 R 0
402 8285 22551 557 22566 530 4600 1 0 0 0 0 0 0 0 0 1 1 R 0
403 8304 19387 937 19463 861 3813 1 0 0 0 0 0 0 0 0 2 1 R 0
404 8325 19405 563 19432 539 3706 1 0 0 0 0 0 0 0 0 1 1 R 0
405 8348 22418 727 22457 687 6649 1 0 0 0 0 0 0 0 0 1 1 R 0
406 8365 16936 665 17014 604 3528 1 0 0 0 0 0 0 0 0 2 1 R 0
407 8388 21875 577 21887 549 6808 1 0 0 0 0 0 0 0 0 1 1 R 0
408 8409 20000 579 20031 549 4300 1 0 0 0 0 0 0 0 0 2 1 R 0
409 8432 23039 779 20775 735 4419 1 0 2 0 0 0 0 0 0 2 1 R 0
410 8453 20087 1513 19767 1479 3141 1 0 1 0 0 0 0 0 0 2 1 R 0
411 8472 17165 677 17205 630 3121 1 0 0 0 0 0 0 0 0 1 1 R 0
412 8494 21755 557 21774 533 4261 1 0 0 0 0 0 0 0 0 1 1 R 0
413 8514 19699 606 19728 577 3952 1 0 0 0 0 0 0 0 0 2 1 R 0
414 8533 18115 1516 18941 698 3526 1 0 0 0 0 0 0 0 0 1 1 R 0
415 8552 17668 758 17714 708 3091 1 0 0 0 0 0 0 0 0 2 1 R 0
416 8571 17757 613 17792 580 3398 1 0 0 0 0 0 0 0 0 0 1 R 0
417 8595 23363 566 23388 537 6816 1 0 0 0 0 0 0 0 0 3 1 R 0
418 8616 20344 575 20374 544 3846 1 0 0 0 0 0 0 0 0 1 1 R 0
419 8638 21257 680 20286 600 5792 1 0 1 0 0 0 0 0 0 1 1 R 0
420 8660 21352 779 21430 704 6463 1 0 0 0 0 0 0 0 0 2 1 R 0
421 8678 17769 975 17845 911 3565 1 0 0 0 0 0 0 0 0 2 1 R 0
422 8700 21321 565 21330 538 3926 1 0 0 0 0 0 0 0 0 1 1 R 0
423 8720 18790 642 18830 610 4180 1 0 0 0 0 0 0 0 0 1 1 R 0
424 8740 19073 641 19152 552 3703 1 0 0 0 0 0 0 0 0 2 1 R 0
425 8758 17743 681 17788 636 3529 1 0 0 0 0 0 0 0 0 1 1 R 0
426 8777 18287 533 18321 501 4383 1 0 0 0 0 0 0 0 0 2 1 R 0
427 8799 21775 757 21825 706 6829 1 0 0 0 0 0 0 0 0 2 1 R 0
428 8822 22370 563 21031 541 4307 1 0 2 0 0 0 0 0 0 1 1 R 0
429 8844 20931 668 20976 629 3306 1 0 0 0 0 0 0 0 0 1 1 R 0
430 8864 19883 560 19906 532 3221 1 0 0 0 0 0 0 0 0 1 1 R 0
431 8884 18974 665 19022 626 3813 1 0 0 0 0 0 0 0 0 1 1 R 0
432 8904 19581 687 19609 654 3204 1 0 0 0 0 0 0 0 0 3 1 R 0
433 8925 19695 567 19718 539 3857 1 0 0 0 0 0 0 0 0 1 1 R 0
434 8945 19916 552 19941 525 3526 1 0 0 0 0 1 0 0 0 1 1 R 0
435 8967 21473 569 21503 540 6392 1 0 0 0 0 0 0 0 0 1 1 R 0
436 8986 18077 671 18111 641 3149 1 0 0 0 0 0 0 0 0 2 1 R 0
437 9015 28821 597 18928 572 18468 1 2 0 0 0 0 0 0 0 2 1 R 0
438 9037 20820 578 19547 553 5472 1 0 1 0 0 0 0 0 0 1 1 R 0
439 9055 18212 711 18311 620 3494 1 0 0 0 0 0 0 0 0 1 1 R 0
440 9076 20286 691 20326 641 5750 1 0 0 0 0 0 0 0 0 2 1 R 0
441 9096 18586 827 18684 739 3746 1 0 0 0 0 0 0 0 0 2 1 R 0
442 9117 20568 643 20583 616 4804 1 0 0 0 0 0 0 0 0 2 1 R 0
443 9138 20113 992 20191 918 3787 1 0 0 0 0 0 0 0 0 1 1 R 0
444 9158 18805 712 18857 671 3976 1 0 0 0 0 0 0 0 0 1 1 R 0
445 9178 19631 594 19643 566 4285 1 0 0 0 0 0 0 0 0 2 1 R 0
446 9199 20637 655 20662 628 4307 1 0 0 0 0 0 0 0 0 1 1 R 0
447 9219 18762 584 18792 558 4254 1 0 0 0 0 0 0 0 0 1 1 R 0
448 9240 21207 578 19743 548 5770 1 0 1 0 0 0 0 0 0 1 1 R 0
449 9259 17912 717 17981 654 4011 1 0 0 0 0 0 0 0 0 2 1 R 0
450 9280 20166 1088 20228 1047 6641 1 0 0 0 0 0 0 0 0 1 1 R 0
451 9301 19965 796 20049 692 5514 1 0 0 0 0 0 0 0 0 2 1 R 0
452 9323 21230 983 21252 963 4312 1 0 0 0 0 0 0 0 0 2 1 R 0
453 9343 18655 1275 18714 1251 3700 1 0 0 0 0 0 0 0 0 1 1 R 0
454 9362 18490 822 18507 763 3636 1 0 0 0 0 0 0 0 0 2 1 R 0
455 9382 18486 703 18547 639 3230 1 0 0 0 0 0 0 0 0 1 1 R 0
456 9402 19556 748 19639 674 3270 1 0 0 0 0 0 0 0 0 2 1 R 0
457 9422 19753 588 19776 557 3834 1 0 0 0 0 0 0 0 0 1 1 R 0
458 9444 21399 1362 20234 1357 4112 1 0 1 0 0 0 0 0 0 1 1 R 0
459 9467 21047 638 20675 597 3458 1 0 1 0 0 0 0 0 0 2 1 R 0
460 9487 19204 727 18935 690 3073 1 0 1 0 0 0 0 0 0 1 1 R 0
461 9509 21711 577 21737 550 6237 1 0 0 0 0 1 0 0 0 2 1 R 0
462 9529 19668 590 19693 745 4363 1 0 0 0 0 0 0 0 0 1 1 R 0
463 9550 20257 636 20100 610 4082 1 0 0 0 0 0 0 0 0 1 1 R 0
464 9568 17604 731 17643 697 3484 1 0 0 0 0 0 0 0 0 2 1 R 0
465 9591 21428 692 21465 650 6919 1 0 0 0 0 0 0 0 0 1 1 R 0
466 9609 18103 709 18152 667 3310 1 0 0 0 0 0 0 0 0 2 1 R 0
467 9633 22545 601 20968 971 5253 1 0 1 0 0 0 0 0 0 2 1 R 0
468 9652 18903 576 18522 555 3248 1 0 0 0 0 0 0 0 0 1 1 R 0
469 9670 17439 701 17500 633 3165 1 0 0 0 0 0 0 0 0 2 1 R 0
470 9689 18452 754 18519 691 4130 1 0 0 0 0 0 0 0 0 1 1 R 0
471 9710 19968 717 20032 663 4864 1 0 0 0 0 0 0 0 0 2 1 R 0
472 9731 20139 588 20155 563 4859 1 0 0 0 0 0 0 0 0 1 1 R 0
473 9750 19054 615 19079 592 4231 1 0 0 0 0 0 0 0 0 1 1 R 0
474 9772 20420 826 20518 735 4311 1 0 0 0 0 0 0 0 0 3 1 R 0
475 9791 18441 824 18148 759 3388 1 0 1 0 0 0 0 0 0 1 1 R 0
476 9813 21244 963 21259 946 4343 1 0 0 0 0 0 0 0 0 2 1 R 0
477 9834 20140 538 19019 518 3765 1 0 1 0 0 0 0 0 0 1 1 R 0
478 9857 22172 557 21611 529 3870 1 0 1 0 0 0 0 0 0 2 1 R 0
479 9875 17848 743 17941 654 3396 1 0 0 0 0 0 0 0 0 1 1 R 0
480 9899 22718 573 22741 550 6686 1 0 0 0 0 0 0 0 0 1 1 R 0
481 9918 18940 584 18967 557 3946 1 0 0 0 0 0 0 0 0 2 1 R 0
482 9939 20177 585 20205 554 4336 1 0 0 0 0 0 0 0 0 1 1 R 0
483 9959 19173 591 19207 557 4006 1 0 0 0 0 0 0 0 0 1 1 R 0
484 9978 18632 910 18691 849 3887 1 0 0 0 0 0 0 0 0 1 1 R 0
485 9996 17583 1194 17639 1162 3520 1 0 0 0 0 0 0 0 0 2 1 R 0
486 10018 20158 868 20190 828 3765 1 0 0 0 0 0 0 0 0 1 1 R 0
487 10039 20052 571 18454 542 4220 1 0 1 0 0 0 0 0 0 1 1 R 0
488 10059 19677 674 19702 649 4319 1 0 0 0 0 0 0 0 0 1 1 R 0
489 10077 17458 691 17498 658 3943 1 0 0 0 0 0 0 0 0 2 1 R 0
490 10099 21262 699 21311 645 6194 1 0 0 0 0 0 0 0 0 2 1 R 0
491 10119 19039 687 19120 608 3490 1 0 0 0 0 0 0 0 0 1 1 R 0
492 10139 19936 585 19959 557 4311 1 0 0 0 0 0 0 0 0 1 1 R 0
493 10159 19138 577 19166 545 4266 1 0 0 0 0 0 0 0 0 2 1 R 0
494 10178 18855 763 18903 734 4147 1 0 0 0 0 0 0 0 0 2 1 R 0
495 10201 21814 850 21897 762 6532 1 0 0 0 0 0 0 0 0 2 1 R 0
496 10220 18523 703 18557 662 3211 1 0 0 0 0 0 0 0 0 1 1 R 0
497 10242 21197 584 20098 553 3938 1 0 1 0 0 0 0 0 0 1 1 R 0
498 10263 19742 584 19773 869 4067 1 0 0 0 0 0 0 0 0 2 1 R 0
499 10283 19985 1306 20273 708 3695 1 0 0 0 0 0 0 0 0 1 1 R 0
500 10302 17383 713 17451 645 3127 1 0 0 0 0 0 0 0 0 2 1 R 0
501 10322 19122 2249 19178 2207 3272 1 0 0 0 0 1 0 0 0 2 1 R 0
502 10343 18852 959 18862 936 3878 1 0 0 0 0 0 0 0 0 1 1 R 0
503 10363 19346 2368 19394 2340 3840 1 0 0 0 0 0 0 0 0 1 1 R 0
504 10386 20430 578 20039 558 3569 1 0 1 0 0 0 0 0 0 1 1 R 0
505 10406 19394 740 19085 672 3147 1 0 1 0 0 0 0 0 0 2 1 R 0
506 10427 20011 653 20019 633 3034 1 0 0 0 0 0 0 0 0 1 1 R 0
507 10448 20444 572 19425 542 5878 1 0 1 0 0 0 0 0 0 1 1 R 0
508 10467 19178 616 19204 590 4314 1 0 0 0 0 0 0 0 0 1 1 R 0
509 10486 18178 682 18218 654 4050 1 0 0 0 0 0 0 0 0 2 1 R 0
510 10508 20653 710 20679 695 6698 1 0 0 0 0 0 0 0 0 1 1 R 0
511 10530 21204 884 21272 804 6210 1 0 0 0 0 0 0 0 0 2 1 R 0
512 10550 19280 604 19296 580 4240 1 0 0 0 0 0 0 0 0 1 1 R 0
513 10570 19582 575 19606 548 4317 1 0 0 0 0 0 0 0 0 2 1 R 0
514 10588 17756 705 17825 635 4015 1 0 0 0 0 0 0 0 0 1 1 R 0
515 10609 20568 684 20634 618 6843 1 0 0 0 0 0 0 0 0 2 1 R 0
516 10629 18734 807 18779 763 4694 1 0 0 0 0 0 0 0 0 2 1 R 0
517 10652 22224 592 20239 556 6228 1 0 1 0 0 0 0 0 0 1 1 R 0
518 10672 19309 663 19355 619 3893 1 0 0 0 0 0 0 0 0 2 1 R 0
519 10691 18384 700 18435 657 3612 1 0 0 0 0 0 0 0 0 1 1 R 0
520 10710 17969 825 18051 740 3327 1 0 0 0 0 0 0 0 0 2 1 R 0
521 10730 19400 877 19431 869 4858 1 0 0 0 0 0 0 0 0 2 1 R 0
522 10752 21230 585 21230 557 5574 1 0 0 0 0 0 0 0 0 1 1 R 0
523 10771 18918 590 18950 560 3761 1 0 0 0 0 0 0 0 0 1 1 R 0
524 10790 18252 689 18305 639 3127 1 0 0 0 0 0 0 0 0 2 1 R 0
525 10813 22049 2564 22093 1785 8228 1 0 0 0 1 0 0 0 0 1 1 R 0
526 10836 20844 541 19817 519 3134 1 0 1 0 0 0 0 0 0 2 1 R 0
527 10857 19873 622 19908 593 3766 1 0 0 0 0 0 0 0 0 1 1 R 0
528 10877 19283 574 19304 545 3884 1 0 0 0 0 0 0 0 0 1 1 R 0
529 10896 18372 670 18437 624 3794 1 0 0 0 0 0 0 0 0 2 1 R 0
530 10915 18693 655 18722 613 3042 1 0 0 0 0 0 0 0 0 2 1 R 0
531 10935 19760 686 19797 655 3458 1 0 0 0 0 0 0 0 0 1 1 R 0
532 10957 20895 562 20915 531 4442 1 0 0 0 0 0 0 0 0 2 1 R 0
533 10976 18872 578 18903 549 3759 1 0 0 0 0 0 0 0 0 1 1 R 0
534 10997 20208 666 20232 643 4095 1 0 0 0 0 0 0 0 0 1 1 R 0
535 11017 18660 566 18683 538 4216 1 0 0 0 0 0 0 0 0 1 1 R 0
536 11038 21279 767 19990 750 3069 1 0 1 0 0 0 0 0 0 1 1 R 0
537 11058 18908 584 18938 556 4261 1 0 0 0 0 0 0 0 0 1 1 R 0
538 11079 20722 770 20746 757 4435 1 0 0 0 0 0 0 0 0 2 1 R 0
539 11099 18982 789 19000 759 4181 1 0 0 0 0 0 0 0 0 1 1 R 0
540 11122 21928 793 21994 817 6403 1 0 0 0 0 0 0 0 0 2 1 R 0
541 11141 18290 908 18268 855 3169 1 0 0 0 0 0 0 0 0 1 1 R 0
542 11163 21003 1044 21015 1025 5310 1 0 0 0 0 0 0 0 0 2 1 R 0
543 11182 18563 570 18579 543 3791 1 0 0 0 0 0 0 0 0 1 1 R 0
544 11201 18150 693 18200 654 3257 1 0 0 0 0 0 0 0 0 2 1 R 0
545 11220 17642 548 17672 508 3285 1 0 0 0 0 0 0 0 0 1 1 R 0
546 11251 31178 617 18376 575 20385 1 2 1 0 0 0 0 0 0 2 1 R 0
547 11270 18340 708 18393 658 3756 1 0 0 0 0 0 0 0 0 1 1 R 0
548 11291 20238 560 20258 533 3864 1 0 0 0 0 0 0 0 0 1 1 R 0
549 11309 17723 677 17774 642 3369 1 0 0 0 0 0 0 0 0 2 1 R 0
550 11328 17993 690 18021 648 3833 1 0 0 0 0 0 0 0 0 1 1 R 0
551 11349 20301 664 20340 629 4477 1 0 0 0 0 0 0 0 0 2 1 R 0
552 11369 19519 558 19540 531 4414 1 0 0 0 0 0 0 0 0 1 1 R 0
553 11390 20212 582 20246 557 4274 1 0 0 0 0 0 0 0 0 1 1 R 0
554 11411 20399 589 20006 563 5087 1 0 1 0 0 1 0 0 0 2 1 R 0
555 11434 22507 672 22305 583 6800 1 0 1 0 0 0 0 0 0 2 1 R 0
556 11458 23567 808 22173 756 7027 1 0 1 0 0 0 0 0 0 2 1 S 1
557 11488 28556 567 19005 528 5598 1 0 4 0 0 0 0 0 0 0 1 R 2
558 11528 39470 585 19963 554 28363 1 2 0 0 0 1 0 0 0 3 1 R 0
559 11546 17270 840 17324 794 3186 1 0 0 0 0 0 0 0 0 2 1 R 0
560 11567 20444 570 20468 539 3882 1 0 0 0 0 0 0 0 0 1 1 R 0
561 11587 19933 579 19960 552 3843 1 0 0 0 0 0 0 0 0 1 1 R 0
562 11607 19050 575 19076 549 3259 1 0 0 0 0 0 0 0 0 1 1 R 0
563 11626 17968 661 18024 624 3085 1 0 0 0 0 0 0 0 0 2 1 R 0
564 11648 21684 1001 20750 832 3698 1 0 1 0 0 0 0 0 0 1 1 R 0
565 11668 18952 689 19003 629 3506 1 0 0 0 0 0 0 0 0 2 1 R 0
566 11688 19729 591 19758 563 4310 1 0 0 0 0 0 0 0 0 1 1 R 0
567 11708 19402 679 19431 650 4032 1 0 0 0 0 0 0 0 0 1 1 R 0
568 11726 17327 550 17368 510 3489 1 0 0 0 0 0 0 0 0 1 1 R 0
569 11758 31096 626 19216 581 20424 1 2 0 0 0 0 0 0 0 3 1 R 0
570 11781 22735 855 22507 784 7931 1 0 1 0 0 0 0 0 0 1 1 R 0
571 11802 19419 803 19498 728 3499 1 0 0 0 0 0 0 0 0 2 1 R 0
572 11821 18403 679 18445 636 3115 1 0 0 0 0 0 0 0 0 1 1 R 0
573 11841 19171 2000 19195 836 3773 1 0 0 0 1 0 0 0 0 1 1 R 0
574 11863 20103 957 20126 942 4064 1 0 0 0 0 0 0 0 0 1 1 R 0
575 11883 18873 567 18886 544 3630 1 0 0 0 0 0 0 0 0 1 1 R 0
576 11902 19139 625 19198 566 3887 1 0 0 0 0 0 0 0 0 2 1 R 0
577 11921 17990 1055 18047 997 3546 1 0 0 0 0 0 0 0 0 2 1 R 0
578 11940 18150 531 18178 499 3093 1 0 0 0 0 0 0 0 0 1 1 R 0
579 11962 21488 734 21544 690 7147 1 0 0 0 0 0 0 0 0 1 1 R 0
580 11983 19992 1038 20019 1014 3901 1 0 0 0 0 0 0 0 0 2 1 R 0
581 12002 18320 615 18333 590 3769 1 0 0 0 0 0 0 0 0 1 1 R 0
582 12021 17718 636 17753 620 3462 1 0 0 0 0 0 0 0 0 2 1 R 0
583 12042 20588 2835 20631 1159 5389 1 0 0 0 1 0 0 0 0 1 1 R 0
584 12062 17712 861 17745 1396 3064 1 0 0 0 0 0 0 0 0 2 1 R 0
585 12087 23988 573 23436 544 8350 1 0 0 0 0 0 0 0 0 1 1 R 0
586 12107 19746 599 19774 566 4659 1 0 0 0 0 0 0 0 0 2 1 R 0
587 12126 18061 752 18106 717 4131 1 0 0 0 0 0 0 0 0 1 1 R 0
588 12145 18589 676 18653 613 3273 1 0 0 0 0 0 0 0 0 2 1 R 0
589 12166 19851 677 19890 651 3535 1 0 0 0 0 0 0 0 0 2 1 R 0
590 12186 19711 581 19720 551 3877 1 0 0 0 0 0 0 0 0 1 1 R 0
591 12206 19448 568 19478 540 3807 1 0 0 0 0 0 0 0 0 1 1 R 0
592 12227 20368 666 20407 634 3190 1 0 0 0 0 0 0 0 0 2 1 R 0
593 12248 20038 668 18689 621 3314 1 0 1 0 0 0 0 0 0 2 1 R 0
594 12268 19008 790 19060 749 3488 1 0 0 0 0 0 0 0 0 1 1 R 0
595 12289 20337 595 20356 570 4432 1 0 0 0 0 0 0 0 0 1 1 R 0
596 12309 19938 812 19986 771 4236 1 0 0 0 0 0 0 0 0 1 1 R 0
597 12329 18408 676 18451 635 4011 1 0 0 0 0 0 0 0 0 2 1 R 0
598 12348 18959 857 19025 790 3675 1 0 0 0 0 0 0 0 0 2 1 R 0
599 12368 18627 703 18679 652 3847 1 0 0 0 0 0 0 0 0 1 1 R 0
600 12392 23283 570 23298 542 7667 1 0 0 0 0 0 0 0 0 2 1 R 0
601 12412 19955 580 19987 550 4046 1 0 0 0 0 0 0 0 0 1 1 R 0
602 12438 25350 576 23237 550 4821 1 0 2 0 0 0 0 0 0 1 1 R 0
603 12466 26820 1270 24421 1238 7866 1 0 1 0 0 1 0 0 0 1 1 R 0
604 12487 19703 565 19724 537 3890 1 0 0 0 0 0 0 0 0 2 1 R 0
605 12507 19638 577 19670 544 3778 1 0 0 0 0 0 0 0 0 1 1 R 0
606 12527 20081 800 20135 756 3747 1 0 0 0 0 0 0 0 0 1 1 R 0
607 12546 17806 966 17847 936 3474 1 0 0 0 0 0 0 0 0 2 1 R 0
608 12567 20227 623 20253 590 3501 1 0 0 0 0 0 0 0 0 2 1 R 0
609 12588 19657 562 19669 540 4361 1 0 0 0 0 0 0 0 0 1 1 R 0
610 12608 20050 573 20077 541 4286 1 0 0 0 0 0 0 0 0 1 1 R 0
611 12627 18700 689 18777 621 4278 1 0 0 0 0 0 0 0 0 1 1 R 0
612 12647 18422 2896 18692 1158 3997 1 0 0 0 1 0 0 0 0 2 1 R 0
613 12666 17037 739 17063 713 3534 1 0 0 0 0 0 0 0 0 2 1 R 0
614 12690 22643 570 22653 548 6974 1 0 0 0 0 0 0 0 0 1 1 R 0
615 12713 22149 586 22173 562 8762 1 0 0 0 0 0 0 0 0 2 1 R 0
616 12731 18339 723 18376 710 3427 1 0 0 0 0 0 0 0 0 1 1 R 0
617 12750 17822 536 17830 496 3622 1 0 0 0 0 0 0 0 0 1 1 R 0
618 12771 20787 698 20840 658 7102 1 0 0 0 0 0 0 0 0 2 1 R 0
619 12793 20661 890 20678 875 5029 1 0 0 0 0 0 0 0 0 2 1 R 0
620 12815 21790 659 21601 531 4077 1 0 1 0 0 0 0 0 0 1 1 R 0
621 12835 19017 552 19043 525 3421 1 0 0 0 0 0 0 0 0 1 1 R 0
622 12857 21303 768 20065 676 3086 1 0 1 0 0 0 0 0 0 2 1 R 0
623 12877 18856 869 18890 847 3181 1 0 0 0 0 0 0 0 0 2 1 R 0
624 12897 19867 572 19874 544 4396 1 0 0 0 0 0 0 0 0 1 1 R 0
625 12917 18947 571 18978 545 4243 1 0 0 0 0 0 0 0 0 1 1 R 0
626 12941 23843 592 23872 560 5079 1 0 0 0 0 0 0 0 0 1 1 R 0
627 12959 17635 629 17693 575 3485 1 0 0 0 0 0 0 0 0 2 1 R 0
628 12986 25694 682 25733 651 8201 1 0 0 0 0 0 0 0 0 2 1 R 0
629 13007 20357 589 20375 557 3747 1 0 0 0 0 0 0 0 0 1 1 R 0
630 13031 23229 579 23259 554 7757 1 0 0 0 0 0 0 0 0 1 1 R 0
631 13049 18186 719 18234 671 3608 1 0 0 0 1 0 0 0 0 2 1 R 0
632 13070 19966 811 18698 751 3105 1 0 0 0 0 0 0 0 0 2 1 R 0
633 13090 19062 565 19090 535 3533 1 0 0 0 0 0 0 0 0 2 1 R 0
634 13111 20207 579 20235 553 4209 1 0 0 0 0 0 0 0 0 0 1 R 0
635 13131 19293 575 19319 547 4357 1 0 0 0 0 0 0 0 0 2 1 R 0
636 13151 19610 770 19663 719 4046 1 0 0 0 0 0 0 0 0 1 1 R 0
637 13169 17589 601 17620 584 3112 1 0 0 0 0 0 0 0 0 2 1 R 0
638 13192 22109 806 22168 737 6872 1 0 0 0 0 0 0 0 0 1 1 R 0
639 13212 19375 583 19400 548 3947 1 0 0 0 0 0 0 0 0 2 1 R 0
640 13232 19325 571 19355 543 3927 1 0 0 0 0 0 0 0 0 1 1 R 0
641 13250 17571 722 17631 679 3714 1 0 0 0 0 0 0 0 0 1 1 R 0
642 13272 21664 1321 19665 1287 3983 1 0 1 0 0 0 0 0 0 3 1 R 0
643 13292 18110 710 18133 663 3180 1 0 0 0 0 0 0 0 0 1 1 R 0
644 13314 21515 557 21538 527 4068 1 0 0 0 0 0 0 0 0 1 1 R 0
645 13337 22499 748 22543 707 7615 1 0 0 0 0 0 0 0 0 2 1 R 0
646 13359 21254 676 21301 629 3476 1 0 0 0 0 0 0 0 0 1 1 R 0
647 13377 17265 685 17293 657 3674 1 0 0 0 0 1 0 0 0 2 1 R 0
648 13408 30275 591 19696 562 18849 1 2 0 0 0 0 0 0 0 1 1 R 0
649 13428 18951 568 18983 535 4249 1 0 0 0 0 0 0 0 0 1 1 R 0
650 13448 19543 611 19568 589 4490 1 0 0 0 0 0 0 0 0 1 1 R 0
651 13467 18839 785 17883 740 4843 1 0 1 0 0 0 0 0 0 2 1 R 0
652 13489 20860 711 20921 654 6491 1 0 0 0 0 0 0 0 0 2 1 R 0
653 13510 20257 601 20288 569 4694 1 0 0 0 0 0 0 0 0 1 1 R 0
654 13530 19123 714 19151 690 4329 1 0 0 0 0 0 0 0 0 1 1 R 0
655 13550 19363 785 19421 724 4122 1 0 0 0 0 0 0 0 0 2 1 R 0
656 13569 18352 680 18395 633 3696 1 0 0 0 0 0 0 0 0 1 1 R 0
657 13588 18894 687 18956 631 4320 1 0 0 0 0 0 0 0 0 2 1 R 0
658 13611 22172 575 22199 545 5710 1 0 0 0 0 0 0 0 0 2 1 R 0
659 13631 19418 625 19485 559 3762 1 0 0 0 0 0 0 0 0 1 1 R 0
660 13658 26309 621 25519 591 8275 1 0 1 0 0 0 0 0 0 1 1 R 0
661 13677 17758 1069 17805 1027 3508 1 0 0 0 0 0 0 0 0 2 1 R 0
662 13696 18333 1088 18397 1057 3670 1 0 0 0 0 0 0 0 0 2 1 R 0
663 13717 20488 582 20473 551 5451 1 0 0 0 0 0 0 0 0 1 1 R 0
664 13738 19875 639 19905 610 4318 1 0 0 0 0 0 0 0 0 1 1 R 0
665 13758 19476 698 19529 654 3939 1 0 0 0 0 0 0 0 0 2 1 R 0
666 13778 19074 665 18566 631 3708 1 0 1 0 0 0 0 0 0 2 1 R 0
667 13799 20544 731 20630 642 4237 1 0 0 0 0 0 0 0 0 2 1 R 0
668 13819 18990 569 19012 544 3725 1 0 0 0 0 0 0 0 0 1 1 R 0
669 13840 20272 580 20301 551 4261 1 0 0 0 0 0 0 0 0 1 1 R 0
670 13861 20478 583 19439 552 3884 1 0 1 0 0 0 0 0 0 1 1 R 0
671 13879 17928 693 17971 652 3984 1 0 0 0 0 0 0 0 0 2 1 R 0
672 13900 19826 989 19894 931 3517 1 0 0 0 0 0 0 0 0 1 1 R 0
673 13920 19190 590 19208 562 4125 1 0 0 0 0 0 0 0 0 2 1 R 0
674 13940 19818 587 19845 559 4508 1 0 0 0 0 0 0 0 0 1 1 R 0
675 13963 22061 969 22092 950 7815 1 0 0 0 0 0 0 0 0 1 1 R 0
676 13981 16952 610 16969 589 3223 1 0 0 0 0 0 0 0 0 1 1 R 0
677 14005 23717 575 23738 545 6420 1 0 0 0 0 0 0 0 0 3 1 R 0
678 14025 19092 572 19119 545 3857 1 0 0 0 0 0 0 0 0 1 1 R 0
679 14046 20763 709 20791 690 3995 1 0 0 0 0 0 0 0 0 1 1 R 0
680 14068 20643 580 19613 553 3060 1 0 1 0 0 0 0 0 0 1 1 R 0
681 14086 18083 696 18136 646 3177 1 0 0 0 0 0 0 0 0 2 1 R 0
682 14107 20581 726 20642 679 3825 1 0 0 0 0 0 0 0 0 1 1 R 0
683 14127 19198 574 19206 547 4333 1 0 0 0 0 0 0 0 0 1 1 R 0
684 14148 20057 1017 20093 989 4414 1 0 0 0 0 0 0 0 0 2 1 R 0
685 14170 20716 594 20740 560 4293 1 0 0 0 0 0 0 0 0 1 1 R 0
686 14188 17314 552 17361 506 3453 1 0 0 0 0 0 0 0 0 1 1 R 0
687 14219 30882 579 18930 546 19553 1 2 0 0 0 0 0 0 0 2 1 R 0
688 14238 18664 580 18694 548 4232 1 0 0 0 0 0 0 0 0 1 1 R 0
689 14261 22058 555 20777 531 4101 1 0 1 0 0 0 0 0 0 2 1 R 0
690 14284 22845 564 22875 535 7010 1 0 0 0 0 0 0 0 0 1 1 R 0
691 14302 17195 696 17244 652 3123 1 0 0 0 0 0 0 0 0 2 1 R 0
692 14321 18499 858 18600 778 3275 1 0 0 0 0 0 0 0 0 1 1 R 0
693 14344 21810 558 21811 531 5780 1 0 0 0 0 0 0 0 0 2 1 R 0
694 14364 19526 578 19548 556 3369 1 0 0 0 0 0 0 0 0 2 1 R 0
695 14382 17737 687 17786 647 3089 1 0 0 0 0 0 0 0 0 1 1 R 0
696 14401 17915 636 17954 592 3293 1 0 0 0 0 0 0 0 0 1 1 R 0
697 14424 22784 677 22826 635 6662 1 0 0 0 0 0 0 0 0 2 1 R 0
698 14448 22501 682 22551 632 4157 1 0 0 0 0 0 0 0 0 2 1 R 0
699 14475 26201 643 23491 603 3913 1 0 2 0 0 0 0 0 0 2 1 R 0
700 14495 20256 572 19894 549 4097 1 0 1 0 0 0 0 0 0 2 1 R 0
701 14514 18163 635 18219 583 3199 1 0 0 0 0 0 0 0 0 2 1 R 0
702 14534 19278 718 19310 683 3212 1 0 0 0 0 0 0 0 0 1 1 R 0
703 14555 19882 698 19933 654 3735 1 0 0 0 0 0 0 0 0 1 1 R 0
704 14574 18680 601 18701 570 3769 1 0 0 0 0 0 0 0 0 1 1 R 0
705 14596 21059 558 21087 526 6270 1 0 0 0 0 0 0 0 0 2 1 R 0
706 14614 17476 1860 17515 1885 3101 1 0 0 0 0 1 0 0 0 1 1 R 0
707 14638 21920 573 21891 540 6500 1 0 0 0 0 0 0 0 0 2 1 R 0
708 14658 20064 568 20094 540 4349 1 0 0 0 0 0 0 0 0 1 1 R 0
709 14680 20918 713 19845 697 5115 1 0 1 0 0 0 0 0 0 1 1 R 0
710 14699 18130 682 18174 637 3463 1 0 0 0 0 0 0 0 0 2 1 R 0
711 14717 18036 778 18091 724 4156 1 0 0 0 0 0 0 0 0 1 1 R 0
712 14738 20497 899 20535 865 4750 1 0 0 0 0 0 0 0 0 2 1 R 0
713 14759 19559 645 19596 601 4146 1 0 0 0 0 0 0 0 0 1 1 R 0
714 14778 18883 663 18931 618 4283 1 0 0 0 0 0 0 0 0 1 1 R 0
715 14797 18302 687 18344 637 3528 1 0 0 0 0 0 0 0 0 2 1 R 0
716 14819 20769 926 20029 891 3597 1 0 1 0 0 0 0 0 0 1 1 R 0
717 14839 19434 579 19432 551 4239 1 0 0 0 0 0 0 0 0 2 1 R 0
718 14860 19804 637 19836 608 4467 1 0 0 0 0 0 0 0 0 1 1 R 0
719 14880 20059 696 18734 616 5557 1 0 1 0 0 0 0 0 0 1 1 R 0
720 14902 21172 773 21026 679 6545 1 0 1 0 0 0 0 0 0 2 1 R 0
721 14922 19144 707 19197 659 4563 1 0 0 0 0 0 0 0 0 2 1 R 0
722 14944 21337 556 21357 530 3983 1 0 0 0 0 0 0 0 0 1 1 R 0
723 14965 19912 590 19941 561 3889 1 0 0 0 0 0 0 0 0 1 1 R 0
724 14985 19341 569 19367 546 3694 1 0 0 0 0 0 0 0 0 2 1 R 0
725 15002 17058 728 17122 670 3145 1 0 0 0 0 0 0 0 0 1 1 R 0
726 15021 18490 750 18534 711 3762 1 0 0 0 0 0 0 0 0 2 1 R 0
727 15044 21688 561 21698 539 4133 1 0 0 0 0 0 0 0 0 1 1 R 0
728 15063 18546 1169 18612 1112 4081 1 0 0 0 0 0 0 0 0 2 1 R 0
729 15086 22014 571 20417 538 3923 1 0 1 0 0 0 0 0 0 1 1 R 0
730 15108 21105 656 21133 632 3120 1 0 0 0 0 0 0 0 0 1 1 R 0
731 15127 18019 660 18056 636 3541 1 0 0 0 0 0 0 0 0 2 1 R 0
732 15147 20075 587 20087 561 4433 1 0 0 0 0 0 0 0 0 1 1 R 0
733 15167 18969 610 19012 563 3702 1 0 0 0 0 0 0 0 0 1 1 R 0
734 15187 19846 819 19900 768 3890 1 0 0 0 0 0 0 0 0 1 1 R 0
735 15209 21049 718 21114 671 6354 1 0 0 0 0 0 0 0 0 2 1 R 0
736 15228 17851 719 17890 666 3691 1 0 0 0 0 0 0 0 0 2 1 R 0
737 15250 21646 562 21671 532 5014 1 0 0 0 0 0 0 0 0 1 1 R 0
738 15271 20545 599 19306 569 4317 1 0 1 0 0 0 0 0 0 1 1 R 0
739 15291 19348 584 19379 552 3721 1 0 0 0 0 0 0 0 0 2 1 R 0
740 15309 17714 760 17760 721 3219 1 0 0 0 0 1 0 0 0 1 1 R 0
741 15328 17609 555 17646 510 4141 1 0 0 0 0 0 0 0 0 1 1 R 0
742 15352 23419 584 23447 556 8236 1 0 0 0 0 0 0 0 0 3 1 R 0
743 15371 19091 608 19121 578 3800 1 0 0 0 0 0 0 0 0 1 1 R 0
744 15396 23471 600 22959 577 3936 1 0 1 0 0 0 0 0 0 1 1 R 0
745 15415 19327 672 18995 633 3159 1 0 1 0 0 0 0 0 0 2 1 R 0
746 15435 18891 717 18921 677 3071 1 0 0 0 0 0 0 0 0 2 1 R 0
747 15455 19098 669 19145 625 3052 1 0 0 0 0 0 0 0 0 1 1 R 0
748 15477 21978 562 20399 533 3888 1 0 1 0 0 0 0 0 0 1 1 R 0
749 15497 18710 562 18731 538 4213 1 0 0 0 0 0 0 0 0 1 1 R 0
750 15518 21125 816 21190 762 6413 1 0 0 0 0 0 0 0 0 2 1 R 0
751 15539 19310 816 19355 765 3532 1 0 0 0 0 0 0 0 0 2 1 R 0
752 15559 19345 585 19370 560 4217 1 0 0 0 0 0 0 0 0 1 1 R 0
753 15578 19062 684 19104 645 4291 1 0 0 0 0 0 0 0 0 1 1 R 0
754 15598 19335 651 19368 612 4302 1 0 0 0 0 0 0 0 0 1 1 R 0
755 15616 17010 759 17077 712 3532 1 0 0 0 0 0 0 0 0 2 1 R 0
756 15639 21787 583 21793 556 6424 1 0 0 0 0 0 0 0 0 1 1 R 0
757 15659 19371 576 19399 547 4272 1 0 0 0 0 0 0 0 0 2 1 R 0
758 15681 21375 578 20120 549 4345 1 0 1 0 0 0 0 0 0 1 1 R 0
759 15701 19687 599 19719 568 4327 1 0 0 0 0 0 0 0 0 1 1 R 0
760 15719 17715 778 17764 733 3251 1 0 0 0 0 0 0 0 0 2 1 R 0
761 15739 18792 743 18846 688 4470 1 0 0 0 0 0 0 0 0 1 1 R 0
762 15761 21211 692 21252 653 5104 1 0 0 0 0 0 0 0 0 2 1 R 0
763 15781 20006 587 19527 558 4261 1 0 1 0 0 0 0 0 0 1 1 R 0
764 15802 20046 584 20076 551 3882 1 0 0 0 0 0 0 0 0 2 1 R 0
765 15823 20406 1391 20465 1360 6011 1 0 0 0 0 0 0 0 0 1 1 R 0
766 15844 20003 626 20016 587 4958 1 0 0 0 0 0 0 0 0 3 1 R 0
767 15863 18088 1359 18124 1351 3120 1 0 0 0 0 0 0 0 0 1 1 R 0
768 15887 22656 721 21585 693 3890 1 0 1 0 0 0 0 0 0 1 1 R 0
769 15907 19305 736 19432 611 4137 1 0 0 0 0 0 0 0 0 2 1 R 0
770 15926 18206 659 18246 627 3062 1 0 0 0 0 0 0 0 0 2 1 R 0
771 15945 18779 686 18821 634 3450 1 0 0 0 0 0 0 0 0 1 1 R 0
772 15967 20844 676 20884 639 3917 1 0 0 0 0 0 0 0 0 1 1 R 0
773 15987 19157 582 19182 555 3780 1 0 0 0 0 0 0 0 0 1 1 R 0
774 16008 20212 575 20237 548 3897 1 0 0 0 0 0 0 0 0 2 1 R 0
775 16026 17526 791 17567 755 3183 1 0 0 0 0 0 0 0 0 1 1 R 0
776 16045 18231 693 18275 643 3682 1 0 0 0 0 0 0 0 0 2 1 R 0
777 16067 21486 706 21534 664 6623 1 0 0 0 0 0 0 0 0 2 1 R 0
778 16089 21316 571 20245 541 5667 1 0 1 0 0 0 0 0 0 1 1 R 0
779 16110 20317 569 20345 544 4232 1 0 0 0 0 0 0 0 0 1 1 R 0
780 16133 22626 927 22653 908 6933 1 0 0 0 0 0 0 0 0 2 1 R 0
781 16152 18178 697 18243 628 3710 1 0 0 0 0 0 0 0 0 2 1 R 0
782 16173 19651 587 19674 563 3864 1 0 0 0 0 0 0 0 0 2 1 R 0
783 16192 19292 580 19317 554 3779 1 0 0 0 0 0 0 0 0 1 1 R 0
784 16212 18838 832 18883 794 4047 1 0 0 0 0 0 0 0 0 1 1 R 0
785 16229 16821 1011 16845 1001 3131 1 0 0 0 0 0 0 0 0 2 1 R 0
786 16249 18347 689 18354 663 4148 1 0 0 0 0 0 0 0 0 1 1 R 0
787 16271 21855 574 21877 549 7477 1 0 0 0 0 0 0 0 0 2 1 R 0
788 16293 20933 1082 19815 1056 3833 1 0 1 0 0 0 0 0 0 1 1 R 0
789 16312 17819 958 17879 901 3998 1 0 0 0 0 0 0 0 0 1 1 R 0
790 16330 16991 658 17010 643 3500 1 0 0 0 0 0 0 0 0 1 1 R 0
791 16351 20451 1178 20553 1079 6728 1 0 0 0 0 0 0 0 0 2 1 R 0
792 16374 21737 541 21746 518 5152 1 0 0 0 0 0 0 0 0 2 1 R 0
793 16395 20509 566 20549 525 3824 1 0 0 0 0 0 0 0 0 1 1 R 0
794 16416 20793 560 20821 532 3948 1 0 0 0 0 0 0 0 0 1 1 R 0
795 16439 21794 886 21844 852 6466 1 0 0 0 0 0 0 0 0 2 1 R 0
796 16460 20342 546 20355 518 3493 1 0 0 0 0 0 0 0 0 2 1 R 0
797 16481 20631 579 19624 553 4250 1 0 1 0 0 0 0 0 0 1 1 R 0
798 16501 19400 588 19431 557 4340 1 0 0 0 0 0 0 0 0 1 1 R 0
799 16519 17768 775 17862 682 3945 1 0 0 0 0 0 0 0 0 2 1 R 0
800 16538 17892 643 17938 600 3729 1 0 0 0 0 0 0 0 0 1 1 R 0
801 16559 20884 705 20946 642 7195 1 0 0 0 0 0 0 0 0 2 1 R 0
802 16581 20545 578 20573 548 5237 1 0 0 0 0 0 0 0 0 2 1 R 0
803 16601 19561 642 19593 607 4212 1 0 0 0 0 0 0 0 0 1 1 R 0
804 16620 18851 694 18897 650 3804 1 0 0 0 0 0 0 0 0 1 1 R 0
805 16639 17969 663 18010 632 3876 1 0 0 0 0 0 0 0 0 2 1 R 0
806 16659 19088 719 19139 662 4096 1 0 0 0 0 0 0 0 0 1 1 R 0
807 16681 21198 581 20104 556 4596 1 0 1 0 0 0 0 0 0 2 1 R 0
808 16701 20094 2152 20165 2099 4108 1 0 0 0 0 1 0 0 0 1 1 R 0
809 16722 18390 910 18436 859 3870 1 0 0 0 0 0 0 0 0 2 1 R 0
810 16745 22686 576 22696 553 6309 1 0 0 0 0 0 0 0 0 1 1 R 0
811 16763 16751 1051 16777 1058 3131 1 0 0 0 0 0 0 0 0 2 1 R 0
812 16787 23223 584 23217 557 7135 1 0 0 0 0 0 0 0 0 1 1 R 0
813 16807 19424 859 19455 837 4342 1 0 0 0 0 0 0 0 0 2 1 R 0
814 16829 21455 849 21010 826 4976 1 0 1 0 0 0 0 0 0 1 1 R 0
815 16848 17833 802 17876 757 3679 1 0 0 0 0 0 0 0 0 1 1 R 0
816 16868 18955 748 19003 702 4589 1 0 0 0 0 0 0 0 0 2 1 R 0
817 16890 21835 591 20822 560 4660 1 0 1 0 0 0 0 0 0 2 1 R 0
818 16911 19656 592 19685 562 4401 1 0 0 0 0 0 0 0 0 1 1 R 0
819 16933 21847 1082 21403 1062 5111 1 0 1 0 0 0 0 0 0 2 1 R 0
820 16953 18695 1759 18238 1751 3101 1 0 1 0 0 0 0 0 0 1 1 R 0
821 16973 18076 1514 18100 1478 3082 1 0 0 0 0 0 0 0 0 2 1 R 0
822 16995 20847 563 20850 538 4927 1 0 0 0 0 0 0 0 0 1 1 R 0
823 17015 19316 570 19345 540 3723 1 0 0 0 0 0 0 0 0 1 1 R 0
824 17035 19109 675 19143 639 3286 1 0 0 0 0 0 0 0 0 1 1 R 0
825 17056 20168 756 20257 675 6433 1 0 0 0 0 0 0 0 0 2 1 R 0
826 17076 19981 690 20025 655 4964 1 0 0 0 0 0 0 0 0 2 1 R 0
827 17098 21176 576 19618 546 3864 1 0 1 0 0 0 0 0 0 1 1 R 0
828 17119 20113 571 20139 543 4292 1 0 0 0 0 0 0 0 0 1 1 R 0
829 17139 19370 644 19472 545 3467 1 0 0 0 0 0 0 0 0 2 1 R 0
830 17158 18199 679 18237 648 3555 1 0 0 0 0 0 0 0 0 2 1 R 0
831 17177 19156 857 19202 808 3495 1 0 0 0 0 0 0 0 0 1 1 R 0
832 17198 20174 589 20195 558 4287 1 0 0 0 0 0 0 0 0 1 1 R 0
833 17218 19198 645 19239 619 4181 1 0 0 0 0 1 0 0 0 2 1 R 0
834 17240 20708 588 20728 554 4434 1 0 0 0 0 0 0 0 0 1 1 R 0
835 17258 17523 536 17570 490 3628 1 0 0 0 0 0 0 0 0 1 1 R 0
836 17291 32310 582 19478 550 19313 1 2 1 0 0 0 0 0 0 2 1 R 0
837 17311 19452 575 19480 545 3871 1 0 0 0 0 0 0 0 0 1 1 R 0
838 17331 19351 722 19392 699 4072 1 0 0 0 0 0 0 0 0 2 1 R 0
839 17350 18456 721 18493 679 3212 1 0 0 0 0 0 0 0 0 1 1 R 0
840 17372 21270 966 21303 929 6534 1 0 0 0 0 0 0 0 0 2 1 R 0
841 17394 21267 559 21285 532 3407 1 0 0 0 0 0 0 0 0 2 1 R 0
842 17413 18436 954 18468 935 4095 1 0 0 0 0 0 0 0 0 1 1 R 0
843 17436 21871 573 21885 548 3623 1 0 0 0 0 0 0 0 0 1 1 R 0
844 17455 19106 777 19163 720 3134 1 0 0 0 0 0 0 0 0 2 1 R 0
845 17474 17935 528 17972 492 3311 1 0 0 0 0 0 0 0 0 1 1 R 0
846 17506 31437 572 19237 550 20374 1 2 0 0 0 0 0 0 0 2 1 R 0
847 17526 19237 578 19262 550 3760 1 0 0 0 0 0 0 0 0 1 1 R 0
848 17546 19532 929 19579 908 3653 1 0 0 0 0 0 0 0 0 2 1 R 0
849 17565 18210 678 18235 636 3178 1 0 0 0 0 0 0 0 0 2 1 R 0
850 17586 20501 685 20552 628 3711 1 0 0 0 0 0 0 0 0 1 1 R 0
851 17608 20487 572 20511 546 3765 1 0 0 0 0 0 0 0 0 2 1 R 0
852 17628 19584 581 19614 555 4309 1 0 0 0 0 0 0 0 0 1 1 R 0
853 17647 18783 569 18804 548 3929 1 0 0 0 0 0 0 0 0 1 1 R 0
854 17667 19098 772 19171 701 3077 1 0 0 0 0 0 0 0 0 1 1 R 0
855 17690 22844 722 21452 666 6456 1 0 1 0 0 0 0 0 0 2 1 R 0
856 17713 21473 1002 21098 972 4415 1 0 1 0 0 0 0 0 0 2 1 R 0
857 17732 18744 585 18751 550 3782 1 0 0 0 0 0 0 0 0 1 1 R 0
858 17753 20099 1033 20174 970 3148 1 0 0 0 0 0 0 0 0 2 1 R 0
859 17771 16686 708 16728 666 3178 1 0 0 0 0 0 0 0 0 1 1 R 0
860 17792 20589 841 20269 808 3820 1 0 1 0 0 0 0 0 0 2 1 R 0
861 17812 19407 576 19423 548 3962 1 0 0 0 0 0 0 0 0 1 1 R 0
862 17833 20131 963 20156 950 3824 1 0 0 0 0 0 0 0 0 1 1 R 0
863 17852 17704 876 17752 823 3385 1 0 0 0 0 0 0 0 0 1 1 R 0
864 17870 17708 669 17744 633 3116 1 0 0 0 0 0 0 0 0 2 1 R 0
865 17890 19604 814 18695 782 4232 1 0 1 0 0 0 0 0 0 2 1 R 0
866 17915 23396 563 23396 537 6256 1 0 0 0 0 0 0 0 0 1 1 R 0
867 17934 19026 648 19062 610 3770 1 0 0 0 0 0 0 0 0 1 1 R 0
868 17954 18992 698 19033 654 3807 1 0 0 0 0 0 0 0 0 2 1 R 0
869 17972 16900 565 16949 518 3289 1 0 0 0 0 0 0 0 0 0 1 R 0
870 17999 26447 674 26513 616 10550 1 0 0 0 0 0 0 0 0 3 1 R 0
871 18018 18613 583 18635 556 4235 1 0 0 0 0 0 0 0 0 1 1 R 0
872 18039 20703 960 20729 945 4399 1 0 0 0 0 0 0 0 0 2 1 R 0
873 18060 19931 596 19947 568 4706 1 0 0 0 0 0 0 0 0 1 1 R 0
874 18080 19150 874 19196 861 4065 1 0 0 0 0 0 0 0 0 2 1 R 0
875 18101 20230 715 19297 659 5191 1 0 1 0 0 0 0 0 0 2 1 R 0
876 18121 19100 695 19144 661 3837 1 0 0 0 0 0 0 0 0 1 1 R 0
877 18141 19784 831 19802 800 3763 1 0 0 0 0 0 0 0 0 1 1 R 0
878 18160 18150 691 18200 649 3277 1 0 0 0 0 0 0 0 0 1 1 R 0
879 18178 17286 565 17359 486 3499 1 0 0 0 0 0 0 0 0 2 1 R 0
880 18203 23911 1702 22540 1647 7064 1 0 1 0 0 0 0 0 0 2 1 R 0
881 18226 21393 666 21435 612 3771 1 0 0 0 0 0 0 0 0 2 1 R 0
882 18247 20584 662 20603 635 4139 1 0 0 0 0 0 0 0 0 2 1 R 0
883 18266 18695 756 18738 717 3090 1 0 0 0 0 0 0 0 0 1 1 R 0
884 18286 18671 2751 18735 1207 3099 1 0 1 0 0 0 0 0 0 2 1 R 0
885 18310 21335 575 21337 545 6777 1 0 0 0 0 0 0 0 0 1 1 R 0
886 18330 19372 975 19431 950 4045 1 0 0 0 0 0 0 0 0 2 1 R 0
887 18350 19356 575 19354 545 4204 1 0 0 0 0 0 0 0 0 1 1 R 0
888 18369 18472 686 18517 643 3653 1 0 0 0 0 0 0 0 0 2 1 R 0
889 18388 17793 721 17839 682 3519 1 0 0 0 0 0 0 0 0 2 1 R 0
890 18409 20695 866 20784 783 5516 1 0 0 0 0 0 0 0 0 1 1 R 0
891 18429 19388 575 19400 549 4264 1 0 0 0 0 0 0 0 0 2 1 R 0
892 18450 20566 596 20595 566 4491 1 0 0 0 0 0 0 0 0 1 1 R 0
893 18470 19472 688 19523 639 4766 1 0 0 0 0 0 0 0 0 1 1 R 0
894 18495 23655 554 21883 531 3552 1 0 2 0 0 0 0 0 0 2 1 R 0
895 18515 19740 625 19823 549 3175 1 0 0 0 0 0 0 0 0 1 1 R 0
896 18536 19756 603 19783 566 3869 1 0 0 0 0 0 0 0 0 2 1 R 0
897 18556 19585 566 19612 540 3757 1 0 0 0 0 0 0 0 0 1 1 R 0
898 18575 19124 725 19210 649 3202 1 0 0 0 0 0 0 0 0 1 1 R 0
899 18593 16908 1346 16967 1296 3273 1 0 0 0 0 0 0 0 0 2 1 R 0
900 18618 23206 790 23232 762 6623 1 0 0 0 0 0 0 0 0 1 1 R 0
901 18638 19707 578 19719 550 4417 1 0 0 0 0 0 0 0 0 1 1 R 0
902 18658 19701 576 19726 551 4361 1 0 0 0 0 0 0 0 0 1 1 R 0
903 18679 19937 555 19960 533 3856 1 0 0 0 0 0 0 0 0 2 1 R 0
904 18700 20594 1153 19646 1101 3842 1 0 1 0 0 0 0 0 0 2 1 R 0
905 18720 18337 912 18374 876 3174 1 0 0 0 0 0 0 0 0 1 1 R 0
906 18740 19590 569 19605 545 4322 1 0 0 0 0 0 0 0 0 1 1 R 0
907 18760 18994 738 19064 665 4265 1 0 0 0 0 0 0 0 0 2 1 R 0
908 18780 19184 891 19269 817 3983 1 0 0 0 0 0 0 0 0 1 1 R 0
909 18798 17934 720 17969 673 3502 1 0 0 0 0 0 0 0 0 2 1 R 0
910 18821 21761 1583 21218 1539 4383 1 0 1 0 0 1 0 0 0 2 1 R 0
911 18841 19094 562 19104 536 3864 1 0 0 0 0 0 0 0 0 1 1 R 0
912 18862 19548 584 19572 557 4036 1 0 0 0 0 0 0 0 0 1 1 R 0
913 18881 18531 793 18586 740 3126 1 0 0 0 0 0 0 0 0 1 1 R 0
914 18901 19171 665 18182 616 3265 1 0 1 0 0 0 0 0 0 1 1 R 0
915 18926 24762 681 24804 642 8942 1 0 0 0 0 0 0 0 0 3 1 R 0
916 18946 19582 726 19608 710 4045 1 0 0 0 0 0 0 0 0 1 1 R 0
917 18967 19493 721 19540 668 3832 1 0 0 0 0 0 0 0 0 2 1 R 0
918 18985 18161 552 18192 512 3704 1 0 0 0 0 0 0 0 0 1 1 R 0
919 19054 67910 718 23969 706 50814 1 4 2 0 1 115 0 0 0 2 0 R 0
920 19082 27430 647 17627 619 2596 1 0 2 0 1 47 0 0 0 1 0 R 0
921 19106 23042 696 18026 657 2186 1 0 4 0 0 0 0 1 1 1 0 R 0
922 19128 21103 1188 21124 1169 3705 1 0 0 0 0 0 0 1 1 1 0 R 0
923 19149 20224 584 20242 563 5086 1 0 0 0 0 0 0 1 1 1 0 R 0
924 19175 25897 615 24434 591 4190 1 0 4 0 0 0 0 1 1 1 0 R 0
925 19203 27078 1505 27602 984 6408 1 0 0 0 0 0 0 1 1 1 0 R 0
926 19233 28113 3093 28136 2114 7419 1 0 0 0 3 1 0 1 1 1 0 R 0
927 19256 19951 586 19721 561 4156 1 0 1 0 0 0 0 1 1 1 0 R 0
928 19279 22363 594 22388 569 4746 1 0 0 0 0 0 0 1 1 1 0 R 0
929 19313 33461 1751 31911 1720 6932 1 0 4 0 0 0 0 1 1 1 0 R 0
930 19342 27704 614 27723 584 12901 1 0 0 0 0 0 0 1 1 1 0 R 0
931 19362 18649 587 18670 566 3885 1 0 0 0 0 0 0 1 1 2 0 R 0
932 19390 28048 1278 26146 1272 4368 1 0 4 0 0 0 0 1 1 1 0 R 0
933 19413 21167 903 21171 883 5922 1 0 0 0 0 0 0 1 1 1 0 R 0
934 19435 21110 1181 21123 1173 3798 1 0 0 0 0 0 0 1 1 1 0 R 0
935 19458 22584 594 20128 569 4239 1 0 4 0 0 0 0 1 1 1 0 R 0
936 19482 23061 706 23113 654 4184 1 0 0 0 0 0 0 1 1 1 0 R 0
937 19511 28332 1032 28355 1015 6016 1 0 0 0 0 1 0 1 1 1 0 R 0
938 19539 26905 678 21972 658 4039 1 1 4 0 1 0 0 0 0 1 0 R 1
939 19560 20167 578 18580 548 4226 1 0 0 0 0 0 0 0 0 2 1 R 0
940 19580 19509 681 19646 547 4357 1 0 0 0 0 0 0 0 0 1 1 R 0
941 19598 17771 690 17839 628 3918 1 0 0 0 0 0 0 0 0 1 1 R 0
942 19619 19596 694 19643 647 5798 1 0 0 0 0 0 0 0 0 3 1 R 0
943 19639 19483 705 19527 667 4450 1 0 0 0 0 0 0 0 0 1 1 R 0
944 19659 19383 576 19400 544 4345 1 0 0 0 0 0 0 0 0 1 1 R 0
945 19682 22702 615 22747 569 7868 1 0 0 0 0 0 0 0 0 1 1 R 0
946 19704 20726 828 19049 792 3385 1 0 1 0 0 0 0 0 0 2 1 R 0
947 19721 17024 684 17070 634 3055 1 0 0 0 0 0 0 0 0 2 1 R 0
948 19740 18160 539 18196 505 3667 1 0 0 0 0 0 0 0 0 1 1 R 0
949 19765 24042 564 24068 532 7593 1 0 0 0 0 0 0 0 0 2 1 R 0
950 19786 20773 565 20295 540 3843 1 0 1 0 0 0 0 0 0 1 1 R 0
951 19807 19828 1134 19907 1061 3720 1 0 0 0 0 0 0 0 0 2 1 R 0
952 19824 16602 640 16636 606 3294 1 0 0 0 0 0 0 0 0 2 1 R 0
953 19846 20799 660 20833 623 6803 1 0 0 0 0 0 0 0 0 2 1 R 0
954 19867 20419 586 20444 559 5101 1 0 0 0 0 0 0 0 0 1 1 R 0
955 19888 20591 860 20704 755 3862 1 0 0 0 0 0 0 0 0 2 1 R 0
956 19909 20280 574 19323 549 3957 1 0 1 0 0 0 0 0 0 1 1 R 0
957 19929 19187 587 19216 554 4286 1 0 0 0 0 0 0 0 0 1 1 R 0
958 19950 20861 579 20639 550 5090 1 0 1 0 0 0 0 0 0 1 1 R 0
959 19970 19443 584 19472 557 4260 1 0 0 0 0 0 0 0 0 1 1 R 0
960 19993 21752 994 21777 978 7688 1 0 0 0 0 0 0 0 0 2 1 R 0
961 20011 17613 710 17660 654 3632 1 0 0 0 0 0 0 0 0 1 1 R 0
962 20029 17321 577 17361 540 3336 1 0 0 0 0 1 0 0 0 1 1 R 0
963 20052 22010 950 22070 891 6479 1 0 0 0 0 0 0 0 0 2 1 R 0
964 20072 19133 594 19154 567 3776 1 0 0 0 0 0 0 0 0 1 1 R 0
965 20093 20483 997 20841 637 3848 1 0 0 0 0 0 0 0 0 1 1 R 0
966 20115 21176 551 20123 521 5010 1 0 1 0 0 0 0 0 0 2 1 R 0
967 20133 17163 1311 17220 1293 3038 1 0 0 0 0 0 0 0 0 3 1 R 0
968 20155 20459 713 20446 699 4083 1 0 0 0 0 0 0 0 0 1 1 R 0
969 20174 18893 560 18910 531 3748 1 0 0 0 0 0 0 0 0 1 1 R 0
970 20194 18713 640 18748 609 4031 1 0 0 0 0 0 0 0 0 1 1 R 0
971 20212 17761 766 17822 708 3319 1 0 0 0 0 0 0 0 0 1 1 R 0
972 20231 17976 545 18014 499 3210 1 0 0 0 0 0 0 0 0 2 1 R 0
973 20253 21579 1391 21645 1349 6443 1 0 0 0 0 0 0 0 0 2 1 R 0
974 20274 19883 562 19888 536 3833 1 0 0 0 0 0 0 0 0 1 1 R 0
975 20298 23049 566 23078 535 8797 1 0 0 0 0 0 0 0 0 1 1 R 0
976 20319 20078 943 18996 893 4097 1 0 1 0 0 0 0 0 0 2 1 R 0
977 20337 17657 683 17705 626 3441 1 0 0 0 0 0 0 0 0 2 1 R 0
978 20358 20157 918 20302 787 4443 1 0 0 0 0 0 0 0 0 1 1 R 0
979 20378 19627 579 19647 551 4244 1 0 0 0 0 0 0 0 0 1 1 R 0
980 20398 19381 626 19413 600 4244 1 0 0 0 0 0 0 0 0 2 1 R 0
981 20420 20510 582 20092 556 5037 1 0 1 0 0 0 0 0 0 1 1 R 0
982 20440 20124 1123 19768 1081 4530 1 0 1 0 0 0 0 0 0 2 1 R 0
983 20460 18212 793 18283 707 3242 1 0 0 0 0 0 0 0 0 1 1 R 0
984 20480 19366 738 19390 719 4784 1 0 0 0 0 0 0 0 0 1 1 R 0
985 20500 19917 1665 19936 815 4285 1 0 0 0 1 0 0 0 0 1 1 R 0
986 20522 19610 706 19656 680 3460 1 0 0 0 0 0 0 0 0 2 1 R 0
987 20540 17827 676 17844 650 3101 1 0 0 0 0 0 0 0 0 2 1 R 0
988 20560 18755 816 18809 765 4454 1 0 0 0 0 0 0 0 0 1 1 R 0
989 20580 19467 688 19481 664 4289 1 0 0 0 0 0 0 0 0 1 1 R 0
990 20604 23592 631 23624 595 7865 1 0 0 0 0 0 0 0 0 2 1 R 0
991 20624 18684 564 18711 533 3724 1 0 0 0 0 0 0 0 0 1 1 R 0
992 20643 19041 1078 19518 597 3783 1 0 0 0 0 0 0 0 0 2 1 R 0
993 20662 17868 708 17933 654 3240 1 0 0 0 0 0 0 0 0 1 1 R 0
994 20683 20017 981 20036 964 4360 1 0 0 0 0 0 0 0 0 1 1 R 0
995 20705 20867 597 19968 533 3882 1 0 1 0 0 0 0 0 0 1 1 R 0
996 20723 17248 1268 17299 1261 3168 1 0 0 0 0 0 0 0 0 1 1 R 0
997 20741 17098 579 17101 534 3443 1 0 0 0 0 0 0 0 0 1 1 R 0
998 20773 31064 586 18194 560 20426 1 2 0 0 0 0 0 0 0 3 1 R 0
999 20792 19235 687 19262 665 3818 1 0 0 0 0 0 0 0 0 1 1 R 0
1000 20811 18302 739 18376 663 3545 1 0 0 0 0 0 0 0 0 1 1 R 0
1001 20832 20343 1363 19817 1279 3490 1 0 1 0 0 0 0 0 0 2 1 R 0
1002 20851 17156 666 17185 630 3087 1 0 0 0 0 0 0 0 0 2 1 R 0
1003 20873 21042 1009 21057 996 3282 1 0 0 0 0 0 0 0 0 2 1 R 0
1004 20892 18781 567 18798 538 3859 1 0 0 0 0 0 0 0 0 1 1 R 0
1005 20916 23410 581 22110 549 7256 1 0 1 0 0 0 0 0 0 1 1 R 0
1006 20936 18485 663 18544 613 3170 1 0 0 0 0 0 0 0 0 2 1 R 0
1007 20953 16758 973 16796 940 3274 1 0 0 0 0 0 0 0 0 2 1 R 0
1008 20976 21868 597 21878 575 6104 1 0 0 0 0 0 0 0 0 1 1 R 0
1009 20995 19066 562 19086 539 4022 1 0 0 0 0 0 0 0 0 1 1 R 0
1010 21016 19715 697 19770 658 3787 1 0 0 0 0 0 0 0 0 1 1 R 0
1011 21036 19384 693 19427 641 3692 1 0 0 0 0 0 0 0 0 2 1 R 0
1012 21055 18875 1839 18919 1813 3086 1 0 0 0 0 1 0 0 0 1 1 R 0
1013 21076 19075 689 19089 656 3092 1 0 0 0 0 0 0 0 0 1 1 R 0
1014 21097 20106 620 20138 582 4013 1 0 0 0 0 0 0 0 0 2 1 R 0
1015 21118 20670 714 19402 685 3829 1 0 1 0 0 0 0 0 0 1 1 R 0
1016 21138 18992 809 19066 856 4008 1 0 0 0 0 0 0 0 0 1 1 R 0
1017 21157 18110 1038 18037 998 3535 1 0 0 0 0 0 0 0 0 2 1 R 0
1018 21177 18946 735 18988 684 3694 1 0 0 0 0 0 0 0 0 2 1 R 0
1019 21198 20533 595 20565 562 4327 1 0 0 0 0 1 0 0 0 1 1 R 0
1020 21221 22004 582 22035 552 7749 1 0 0 0 0 0 0 0 0 2 1 R 0
1021 21241 19703 708 19749 662 4043 1 0 0 0 0 0 0 0 0 1 1 R 0
1022 21259 17582 654 17615 633 3267 1 0 0 0 0 0 0 0 0 2 1 R 0
1023 21279 18933 753 19023 663 4515 1 0 0 0 0 0 0 0 0 1 1 R 0
1024 21301 21661 595 21675 570 4311 1 0 0 0 0 0 0 0 0 1 1 R 0
1025 21323 20538 589 19490 564 5437 1 0 1 0 0 0 0 0 0 2 1 R 0
1026 21342 18590 741 18637 695 3856 1 0 0 0 0 0 0 0 0 1 1 R 0
1027 21361 18169 774 18229 710 3330 1 0 0 0 0 0 0 0 0 2 1 R 0
1028 21381 19885 976 19976 900 3723 1 0 0 0 0 0 0 0 0 2 1 R 0
1029 21403 20226 578 20237 552 4298 1 0 0 0 0 0 0 0 0 1 1 R 0
1030 21422 19064 589 19092 558 3833 1 0 0 0 0 0 0 0 0 2 1 R 0
1031 21446 23270 594 22896 561 3878 1 0 1 0 0 0 0 0 0 1 1 R 0
1032 21465 18867 685 18938 614 3090 1 0 0 0 0 0 0 0 0 2 1 R 0
1033 21486 20296 577 20325 549 4009 1 0 0 0 0 0 0 0 0 1 1 R 0
1034 21508 21414 541 20328 517 3781 1 0 1 0 0 0 0 0 0 1 1 R 0
1035 21531 21969 587 22001 562 7252 1 0 0 0 0 0 0 0 0 1 1 R 0
1036 21549 17791 704 17852 647 3111 1 0 0 0 0 0 0 0 0 2 1 R 0
1037 21568 17861 674 17903 629 3700 1 0 0 0 0 0 0 0 0 2 1 R 0
1038 21587 18715 546 18751 506 4444 1 0 0 0 0 0 0 0 0 1 1 R 0
1039 21615 27607 563 18608 536 16889 1 2 0 0 0 0 0 0 0 2 1 R 0
1040 21635 19015 551 19037 527 3176 1 0 0 0 0 0 0 0 0 1 1 R 0
1041 21652 16645 541 16689 504 3053 1 0 0 0 0 0 0 0 0 1 1 R 0
1042 21673 19817 1251 19866 1233 5933 1 0 0 0 0 0 0 0 0 3 1 R 0
1043 21696 21776 568 21769 541 5548 1 0 0 0 0 0 0 0 0 1 1 R 0
1044 21717 20908 572 19821 547 3798 1 0 1 0 0 0 0 0 0 1 1 R 0
1045 21738 19868 569 19896 542 3191 1 0 0 0 0 0 0 0 0 2 1 R 0
1046 21756 17838 685 17876 647 3111 1 0 0 0 0 0 0 0 0 1 1 R 0
1047 21777 19953 621 19359 586 3445 1 0 1 0 0 0 0 0 0 2 1 R 0
1048 21798 21210 569 21231 551 3677 1 0 0 0 0 0 0 0 0 2 1 R 0
1049 21818 18721 585 18746 554 4260 1 0 0 0 0 0 0 0 0 1 1 R 0
1050 21841 22245 581 22272 554 7237 1 0 0 0 0 0 0 0 0 2 1 R 0
1051 21858 17091 660 17116 639 3500 1 0 0 0 0 0 0 0 0 1 1 R 0
1052 21879 20547 1178 20625 1101 6242 1 0 0 0 0 0 0 0 0 3 1 R 0
1053 21902 21122 593 21143 571 6008 1 0 0 0 0 0 0 0 0 1 1 R 0
1054 21922 20114 589 19086 559 3827 1 0 1 0 0 0 0 0 0 1 1 R 0
1055 21942 18724 740 18769 704 3648 1 0 0 0 0 0 0 0 0 1 1 R 0
1056 21962 19198 658 19232 620 4417 1 0 0 0 0 0 0 0 0 2 1 R 0
1057 21981 18754 695 18808 649 3295 1 0 0 0 0 0 0 0 0 2 1 R 0
1058 22003 20836 885 20852 872 4132 1 0 0 0 0 0 0 0 0 2 1 R 0
1059 22022 18778 590 18789 562 3977 1 0 0 0 0 0 0 0 0 1 1 R 0
1060 22043 20083 1195 20134 1156 3451 1 0 0 0 0 0 0 0 0 1 1 R 0
1061 22062 18204 712 18253 658 3436 1 0 0 0 0 0 0 0 0 2 1 R 0
1062 22081 17923 550 17955 508 3273 1 0 0 0 0 0 0 0 0 0 1 R 0
1063 22116 34362 583 20480 551 22501 1 2 1 0 0 1 0 0 0 3 1 R 0
1064 22136 19744 609 19767 588 3769 1 0 0 0 0 0 0 0 0 1 1 R 0
1065 22159 21662 606 21689 579 6566 1 0 0 0 0 0 0 0 0 1 1 R 0
1066 22177 17604 813 17660 758 3552 1 0 0 0 0 0 0 0 0 2 1 R 0
1067 22196 18622 1002 18686 974 3932 1 0 0 0 0 0 0 0 0 1 1 R 0
1068 22217 20303 587 20295 557 4187 1 0 0 0 0 0 0 0 0 2 1 R 0
1069 22238 20004 581 20035 551 4371 1 0 0 0 0 0 0 0 0 1 1 R 0
1070 22257 18396 752 18490 669 3463 1 0 0 0 0 0 0 0 0 1 1 R 0
1071 22277 18705 661 18733 621 3094 1 0 0 0 0 0 0 0 0 2 1 R 0
1072 22296 18825 695 18858 669 3777 1 0 0 0 0 0 0 0 0 1 1 R 0
1073 22320 23241 585 21661 557 6350 1 0 1 0 0 0 0 0 0 3 1 R 0
1074 22340 19565 584 19593 555 4251 1 0 0 0 0 0 0 0 0 1 1 R 0
1075 22361 20028 653 20071 612 3570 1 0 0 0 0 0 0 0 0 2 1 R 0
1076 22379 17385 692 17465 622 3601 1 0 0 0 0 0 0 0 0 1 1 R 0
1077 22399 19640 833 19737 728 4509 1 0 0 0 0 0 0 0 0 2 1 R 0
1078 22422 21934 704 21987 647 4606 1 0 0 0 0 0 0 0 0 1 1 R 0
1079 22444 21045 657 21071 628 3688 1 0 0 0 0 0 0 0 0 3 1 R 0
1080 22469 24343 783 24407 720 8314 1 0 0 0 0 0 0 0 0 2 1 R 0
1081 22490 20586 658 20368 599 3766 1 0 1 0 0 0 0 0 0 2 1 R 0
1082 22508 17082 456 17120 418 3758 1 0 0 0 0 0 0 0 0 1 1 R 0
1083 22532 24124 588 21738 561 9179 1 0 1 0 0 0 0 0 0 3 1 R 0
1084 22553 19937 949 19965 930 3831 1 0 0 0 0 0 0 0 0 1 1 R 0
1085 22571 17223 800 17265 767 3467 1 0 0 0 0 0 0 0 0 1 1 R 0
1086 22592 20321 679 20346 635 5185 1 0 0 0 0 0 0 0 0 2 1 R 0
1087 22612 19563 1317 19633 1261 3777 1 0 0 0 0 0 0 0 0 2 1 R 0
1088 22632 18534 577 18549 549 3828 1 0 0 0 0 0 0 0 0 1 1 R 0
1089 22652 19417 699 19464 662 3969 1 0 0 0 0 0 0 0 0 1 1 R 0
1090 22672 18658 722 18706 670 3682 1 0 0 0 0 0 0 0 0 2 1 R 0
1091 22690 18066 658 18104 611 3127 1 0 0 0 0 0 0 0 0 2 1 R 0
1092 22710 19411 789 19493 729 3676 1 0 0 0 0 0 0 0 0 1 1 R 0
1093 22734 23193 564 21647 538 6312 1 0 1 0 0 0 0 0 0 2 1 R 0
1094 22754 19356 567 19380 545 3830 1 0 0 0 0 0 0 0 0 1 1 R 0
1095 22777 21908 565 21935 535 7164 1 0 0 0 0 0 0 0 0 2 1 R 0
1096 22795 17432 702 17494 660 3321 1 0 0 0 0 0 0 0 0 1 1 R 0
1097 22818 22808 581 22323 558 6110 1 0 1 0 0 0 0 0 0 2 1 R 0
1098 22839 19752 586 19781 555 4329 1 0 0 0 0 0 0 0 0 1 1 R 0
1099 22860 20374 705 20412 663 4296 1 0 0 0 0 0 0 0 0 1 1 R 0
1100 22880 19606 761 19668 709 3956 1 0 0 0 0 0 0 0 0 2 1 R 0
1101 22898 17751 709 17804 657 3541 1 0 0 0 0 0 0 0 0 1 1 R 0
1102 22920 21366 573 20129 549 4157 1 0 1 0 0 0 0 0 0 2 1 R 0
1103 22941 19637 993 19703 956 4042 1 0 0 0 0 0 0 0 0 2 1 R 0
1104 22961 19408 582 19411 564 4013 1 0 0 0 0 0 0 0 0 1 1 R 0
1105 22980 18254 1098 18307 1052 3610 1 0 0 0 0 0 0 0 0 1 1 R 0
1106 22999 17849 658 17865 627 3155 1 0 0 0 0 0 0 0 0 1 1 R 0
1107 23021 21671 721 21716 685 7094 1 0 0 0 0 0 0 0 0 2 1 R 0
1108 23041 19095 639 19114 613 3782 1 0 0 0 0 0 0 0 0 1 1 R 0
1109 23061 19241 585 19268 551 4000 1 0 0 0 0 0 0 0 0 2 1 R 0
1110 23083 21016 1189 21058 1176 7064 1 0 0 0 0 0 0 0 0 2 1 R 0
1111 23102 17946 797 17990 734 3715 1 0 0 0 0 0 0 0 0 1 1 R 0
1112 23125 22415 693 21162 675 4200 1 0 1 0 0 1 0 0 0 2 1 R 0
1113 23146 20333 570 20352 544 4116 1 0 0 0 0 0 0 0 0 1 1 R 0
1114 23166 19981 574 20007 549 3842 1 0 0 0 0 0 0 0 0 2 1 R 0
1115 23187 19579 1214 19602 1201 3734 1 0 0 0 0 1 0 0 0 1 1 R 0
1116 23206 17786 665 17829 610 3153 1 0 0 0 0 0 0 0 0 2 1 R 0
1117 23227 20612 687 20677 633 3746 1 0 0 0 0 0 0 0 0 1 1 R 0
1118 23247 19294 579 19315 549 4576 1 0 0 0 0 0 0 0 0 1 1 R 0
1119 23267 19615 567 19644 535 3865 1 0 0 0 0 0 0 0 0 2 1 R 0
1120 23288 20085 672 20109 655 3614 1 0 0 0 0 0 0 0 0 2 1 R 0
1121 23306 17812 793 17866 738 3620 1 0 0 0 0 0 0 0 0 1 1 R 0
1122 23329 21805 589 20281 559 3767 1 0 1 0 0 0 0 0 0 2 1 R 0
1123 23348 19116 587 19146 556 4259 1 0 0 0 0 0 0 0 0 1 1 R 0
1124 23369 20361 860 20408 821 4371 1 0 0 0 0 0 0 0 0 2 1 R 0
1125 23392 21472 575 21493 545 7035 1 0 0 0 0 0 0 0 0 1 1 R 0
1126 23410 17327 668 17380 618 3358 1 0 0 0 0 0 0 0 0 1 1 R 0
1127 23433 22375 1006 22399 991 4703 1 0 0 0 0 0 0 0 0 2 1 R 0
1128 23452 18640 598 18657 567 3841 1 0 0 0 0 0 0 0 0 1 1 R 0
1129 23472 19431 569 19461 541 3918 1 0 0 0 0 0 0 0 0 2 1 R 0
1130 23492 18592 716 18648 662 3809 1 0 0 0 0 0 0 0 0 1 1 R 0
1131 23510 17801 554 17844 510 3535 1 0 0 0 0 0 0 0 0 1 1 R 0
1132 23541 30540 873 19018 850 19295 1 2 0 0 0 0 0 0 0 3 1 R 0
1133 23561 18701 634 18753 588 3983 1 0 0 0 0 0 0 0 0 1 1 R 0
1134 23580 18425 932 18461 902 3374 1 0 0 0 0 0 0 0 0 2 1 R 0
1135 23600 18847 669 18889 618 4398 1 0 0 0 0 0 0 0 0 1 1 R 0
1136 23619 18543 706 18594 657 4152 1 0 0 0 0 0 0 0 0 2 1 R 0
1137 23638 18705 706 18731 689 4541 1 0 0 0 0 0 0 0 0 2 1 R 0
1138 23662 23025 585 23040 556 7549 1 0 0 0 0 0 0 0 0 1 1 R 0
1139 23681 18845 577 18874 548 3274 1 0 0 0 0 0 0 0 0 1 1 R 0
1140 23703 21042 1273 21154 1176 6004 1 0 0 0 0 0 0 0 0 2 1 R 0
1141 23721 16572 549 16588 536 3012 1 0 0 0 0 0 0 0 0 1 1 R 0
1142 23747 25277 665 23874 642 7593 1 0 1 0 0 0 0 0 0 2 1 R 0
1143 23767 19182 706 19209 680 3859 1 0 0 0 0 0 0 0 0 1 1 R 0
1144 23788 21215 571 20792 545 3540 1 0 1 0 0 0 0 0 0 2 1 R 0
1145 23807 17617 679 17671 625 3544 1 0 0 0 0 0 0 0 0 1 1 R 0
1146 23827 19319 679 19361 644 4676 1 0 0 0 0 0 0 0 0 2 1 R 0
1147 23847 20154 578 20172 554 4512 1 0 0 0 0 0 0 0 0 1 1 R 0
1148 23868 20057 571 20079 547 4201 1 0 0 0 0 0 0 0 0 2 1 R 0
1149 23888 19762 578 19789 548 3701 1 0 0 0 0 0 0 0 0 1 1 R 0
1150 23907 17636 680 17679 642 3506 1 0 0 0 0 0 0 0 0 2 1 R 0
1151 23929 22042 917 20838 880 4610 1 0 1 0 0 0 0 0 0 2 1 R 0
1152 23950 19621 630 19638 594 4403 1 0 0 0 0 0 0 0 0 1 1 R 0
1153 23970 19148 572 19174 546 4198 1 0 0 0 0 0 0 0 0 1 1 R 0
1154 23989 18850 579 18875 549 3693 1 0 0 0 0 0 0 0 0 1 1 R 0
1155 24012 22218 745 22269 711 7692 1 0 0 0 0 0 0 0 0 2 1 R 0
1156 24030 17303 1111 17367 1049 3104 1 0 0 0 0 0 0 0 0 1 1 R 0
1157 24052 20934 578 20947 548 5498 1 0 0 0 0 0 0 0 0 2 1 R 0
1158 24073 20130 922 20156 907 3801 1 0 0 0 0 0 0 0 0 1 1 R 0
1159 24092 18612 702 18660 647 3345 1 0 0 0 0 0 0 0 0 2 1 R 0
1160 24111 18225 691 18278 649 3230 1 0 0 0 0 0 0 0 0 1 1 R 0
1161 24133 20821 1173 19878 1172 3527 1 0 1 0 0 0 0 0 0 2 1 R 0
1162 24151 17115 559 17126 516 3301 1 0 0 0 0 0 0 0 0 0 1 R 0
1163 24175 23222 619 23249 597 6597 1 0 0 0 0 0 0 0 0 3 1 R 0
1164 24195 19405 562 19423 538 3463 1 0 0 0 0 0 0 0 0 1 1 R 0
1165 24212 16905 517 16936 485 3057 1 0 0 0 0 0 0 0 0 1 1 R 0
1166 24234 21329 683 21378 633 5742 1 0 0 0 0 0 0 0 0 2 1 R 0
1167 24256 21696 576 21725 550 5072 1 0 0 0 0 0 0 0 0 2 1 R 0
1168 24276 19058 568 19082 542 3869 1 0 0 0 0 0 0 0 0 1 1 R 0
1169 24296 19209 643 19248 609 3519 1 0 0 0 0 0 0 0 0 1 1 R 0
1170 24319 22348 574 22370 548 7182 1 0 0 0 0 0 0 0 0 2 1 R 0
1171 24339 19464 710 18551 655 3393 1 0 1 0 0 0 0 0 0 2 1 R 0
1172 24361 21133 575 21149 552 4327 1 0 0 0 0 0 0 0 0 1 1 R 0
1173 24381 19527 653 19552 643 4506 1 0 0 0 0 0 0 0 0 2 1 R 0
1174 24401 19638 911 19671 871 3723 1 0 0 0 0 0 0 0 0 1 1 R 0
1175 24420 17541 685 17588 627 3102 1 0 0 0 0 0 0 0 0 1 1 R 0
1176 24438 18037 556 18085 508 4482 1 0 0 0 0 0 0 0 0 1 1 R 0
1177 24468 28863 571 18940 541 17568 1 1 0 0 0 0 0 0 0 3 1 R 0
1178 24487 19008 708 19067 661 4273 1 0 0 0 0 0 0 0 0 1 1 R 0
1179 24507 19306 652 19334 622 4211 1 0 0 0 0 0 0 0 0 1 1 R 0
1180 24526 17848 649 17878 617 3543 1 0 0 0 0 0 0 0 0 2 1 R 0
1181 24547 19995 858 18180 831 3609 1 0 1 0 0 0 0 0 0 2 1 R 0
1182 24568 20373 622 20383 594 4236 1 0 0 0 0 0 0 0 0 1 1 R 0
1183 24588 20051 579 20081 549 4267 1 0 0 0 0 0 0 0 0 1 1 R 0
1184 24609 19817 561 19847 533 4285 1 0 0 0 0 0 0 0 0 2 1 R 0
1185 24631 21212 695 21261 644 6445 1 0 0 0 0 0 0 0 0 1 1 R 0
1186 24649 17711 746 17752 706 3375 1 0 0 0 0 0 0 0 0 2 1 R 0
1187 24671 20942 815 21034 735 5774 1 0 0 0 0 0 0 0 0 1 1 R 0
1188 24692 20229 577 20245 550 3830 1 0 0 0 0 0 0 0 0 2 1 R 0
1189 24711 18379 822 18429 924 3926 1 0 0 0 0 0 0 0 0 2 1 R 0
1190 24729 17238 605 17122 579 3183 1 0 0 0 1 0 0 0 0 1 1 R 0
1191 24752 22460 693 21382 626 6792 1 0 0 0 0 0 0 0 0 3 1 R 0
1192 24774 21880 550 21903 527 5222 1 0 0 0 0 0 0 0 0 1 1 R 0
1193 24794 18994 677 19040 627 4069 1 0 0 0 0 0 0 0 0 1 1 R 0
1194 24813 18366 2688 18456 2156 3770 1 0 0 0 1 0 0 0 0 2 1 R 0
1195 24834 18446 745 18490 675 3057 1 0 0 0 0 0 0 0 0 1 1 R 0
1196 24852 17447 722 17486 689 3085 1 0 0 0 0 0 0 0 0 2 1 R 0
1197 24875 21870 566 21883 541 4091 1 0 0 0 0 0 0 0 0 1 1 R 0
1198 24895 19167 594 19217 549 4008 1 0 0 0 0 0 0 0 0 1 1 R 0
1199 24915 19764 558 19787 528 3785 1 0 0 0 0 0 0 0 0 2 1 R 0
1200 24940 24128 565 22658 539 6636 1 0 1 0 0 0 0 0 0 1 1 R 0
1201 24958 17866 758 17928 703 3565 1 0 0 0 0 0 0 0 0 2 1 R 0
1202 24979 20023 660 19712 567 3878 1 0 1 0 0 0 0 0 0 1 1 R 0
1203 24999 19769 644 19805 602 4604 1 0 0 0 0 0 0 0 0 1 1 R 0
1204 25019 18776 700 18832 641 4103 1 0 0 0 0 0 0 0 0 2 1 R 0
1205 25038 18445 777 18496 727 3436 1 0 0 0 0 1 0 0 0 1 1 R 0
1206 25057 18619 788 18669 740 4335 1 0 0 0 0 0 0 0 0 2 1 R 0
1207 25080 21744 696 21771 678 5521 1 0 0 0 0 0 0 0 0 2 1 R 0
1208 25100 19175 580 19193 552 4224 1 0 0 0 0 0 0 0 0 1 1 R 0
1209 25120 19834 588 19863 559 4388 1 0 0 0 0 0 0 0 0 1 1 R 0
1210 25140 19755 696 18239 655 3701 1 0 1 0 0 0 0 0 0 2 1 R 0
1211 25159 17651 673 17701 604 3947 1 0 0 0 0 0 0 0 0 1 1 R 0
1212 25183 23041 576 23067 554 7690 1 0 0 0 0 0 0 0 0 2 1 R 0
1213 25202 19168 589 19199 561 3917 1 0 0 0 0 0 0 0 0 1 1 R 0
1214 25224 21556 681 21615 622 3871 1 0 0 0 0 0 0 0 0 2 1 R 0
1215 25246 21189 686 21211 672 6869 1 0 0 0 0 0 0 0 0 2 1 R 0
1216 25265 18021 656 18052 614 3126 1 0 0 0 0 0 0 0 0 1 1 R 0
1217 25287 21031 1219 21052 1207 4042 1 0 0 0 0 1 0 0 0 2 1 R 0
1218 25307 19572 548 19588 518 4321 1 0 0 0 0 0 0 0 0 1 1 R 0
1219 25326 18313 750 18398 671 4204 1 0 0 0 0 0 0 0 0 1 1 R 0
1220 25347 19554 900 18627 852 3237 1 0 1 0 0 0 0 0 0 2 1 R 0
1221 25365 17231 597 17248 563 3093 1 0 0 0 0 0 0 0 0 1 1 R 0
1222 25396 30552 584 19425 558 20226 1 2 0 0 0 0 0 0 0 2 1 R 0
1223 25416 19256 684 19306 639 3834 1 0 0 0 0 0 0 0 0 1 1 R 0
1224 25436 19713 697 19739 670 3069 1 0 0 0 0 0 0 0 0 2 1 R 0
1225 25454 16891 650 16940 626 3254 1 0 0 0 0 0 0 0 0 1 1 R 0
1226 25475 20622 649 20630 616 5687 1 0 0 0 0 0 0 0 0 2 1 R 0
1227 25496 20156 568 20174 543 3707 1 0 0 0 0 0 0 0 0 1 1 R 0
1228 25516 19804 574 19832 546 3843 1 0 0 0 0 0 0 0 0 1 1 R 0
1229 25538 21262 549 19795 530 3191 1 0 1 0 0 0 0 0 0 3 1 R 0
1230 25560 21807 604 21838 572 7795 1 0 0 0 0 0 0 0 0 1 1 R 0
1231 25582 20674 581 20700 552 4337 1 0 0 0 0 0 0 0 0 1 1 R 0
1232 25601 18821 579 18854 545 3775 1 0 0 0 0 0 0 0 0 1 1 R 0
1233 25622 19965 593 19995 568 3923 1 0 0 0 0 0 0 0 0 1 1 R 0
1234 25641 18393 680 18436 632 3518 1 0 0 0 0 0 0 0 0 2 1 R 0
1235 25659 17286 559 17340 508 3399 1 0 0 0 0 0 0 0 0 1 1 R 0
1236 25690 30531 582 19279 552 19671 1 2 0 0 0 0 0 0 0 2 1 R 0
1237 25709 18991 581 19022 554 4293 1 0 0 0 0 0 0 0 0 1 1 R 0
1238 25729 18694 701 18750 642 3884 1 0 0 0 0 0 0 0 0 2 1 R 0
1239 25750 20417 707 19497 662 3556 1 0 1 0 0 0 0 0 0 2 1 R 0
1240 25768 17533 667 17576 624 3721 1 0 0 0 0 0 0 0 0 1 1 R 0
1241 25791 22089 577 21697 546 5431 1 0 1 0 0 0 0 0 0 2 1 R 0
1242 25811 19570 603 19627 560 4353 1 0 0 0 0 0 0 0 0 1 1 R 0
1243 25838 26991 626 16292 588 2577 1 0 3 0 0 0 0 0 0 0 1 R 0
1244 25876 36948 616 18890 589 26366 1 2 0 0 0 0 0 0 0 3 1 R 0
1245 25899 22691 559 22720 534 8048 1 0 0 0 0 0 0 0 0 1 1 R 0
1246 25919 19194 577 19216 550 4244 1 0 0 0 0 0 0 0 0 2 1 R 0
1247 25940 20748 655 19661 621 4100 1 0 1 0 0 0 0 0 0 1 1 R 0
1248 25959 17709 694 17753 650 3502 1 0 0 0 0 0 0 0 0 2 1 R 0
1249 25978 18665 782 18720 734 4663 1 0 0 0 0 0 0 0 0 1 1 R 0
1250 26001 21864 571 21879 547 5380 1 0 0 0 0 0 0 0 0 2 1 R 0
1251 26021 19714 582 19743 552 3914 1 0 0 0 0 0 0 0 0 1 1 R 0
1252 26041 19675 587 19706 561 3833 1 0 0 0 0 0 0 0 0 2 1 R 0
1253 26061 19401 853 19428 822 3322 1 0 0 0 0 0 0 0 0 1 1 R 0
1254 26081 19323 577 19349 553 3894 1 0 0 0 0 0 0 0 0 0 1 R 0
1255 26101 19192 667 19231 637 3696 1 0 0 0 0 0 0 0 0 2 1 R 0
1256 26120 18426 588 18445 559 3838 1 0 0 0 0 0 0 0 0 1 1 R 0
1257 26143 22244 1014 20482 996 3649 1 0 1 0 0 0 0 0 0 2 1 R 0
1258 26161 17097 696 17146 650 3276 1 0 0 0 0 0 0 0 0 1 1 R 0
1259 26181 18838 883 18887 840 3560 1 0 0 0 0 0 0 0 0 2 1 R 0
1260 26206 24289 558 24289 535 7650 1 0 0 0 0 0 0 0 0 1 1 R 0
1261 26226 19046 573 19076 547 3884 1 0 0 0 0 0 0 0 0 1 1 R 0
1262 26245 19242 559 19267 531 3929 1 0 0 0 0 0 0 0 0 2 1 R 0
1263 26264 17957 736 18008 688 3102 1 0 0 0 0 0 0 0 0 1 1 R 0
1264 26282 17731 531 17758 496 3459 1 0 0 0 0 0 0 0 0 2 1 R 0
1265 26307 23914 567 23946 540 7468 1 0 0 0 0 0 0 0 0 2 1 R 0
1266 26326 18560 577 18590 548 3803 1 0 0 0 0 0 0 0 0 1 1 R 0
1267 26349 22966 572 21382 543 3569 1 0 1 0 0 0 0 0 0 2 1 R 0
1268 26368 17560 702 17607 659 3675 1 0 0 0 0 0 0 0 0 1 1 R 0
1269 26387 18838 699 18887 653 4355 1 0 0 0 0 0 0 0 0 2 1 R 0
1270 26409 21124 585 21149 560 5370 1 0 0 0 0 0 0 0 0 2 1 R 0
1271 26429 19386 666 19412 642 4190 1 0 0 0 0 0 0 0 0 1 1 R 0
1272 26453 23103 1055 22436 1035 4166 1 0 1 0 0 0 0 0 0 1 1 R 0
1273 26472 18171 644 17826 605 3233 1 0 1 0 0 0 0 0 0 2 1 R 0
1274 26491 18312 699 18354 653 3304 1 0 0 0 0 0 0 0 0 1 1 R 0
1275 26518 26335 582 26366 553 10603 1 0 0 0 0 0 0 0 0 3 1 R 0
1276 26538 19119 582 19147 559 4255 1 0 0 0 0 0 0 0 0 1 1 R 0
1277 26560 21805 574 20379 546 5530 1 0 1 0 0 0 0 0 0 1 1 R 0
1278 26579 18826 596 18862 561 4275 1 0 0 0 0 0 0 0 0 1 1 R 0
1279 26598 17559 757 17601 723 3486 1 0 0 0 0 0 0 0 0 2 1 R 0
1280 26619 20211 582 20235 556 4940 1 0 0 0 0 0 0 0 0 1 1 R 0
1281 26639 20009 582 20033 558 4249 1 0 0 0 0 0 0 0 0 1 1 R 0
1282 26659 19272 599 19306 564 3953 1 0 0 0 0 0 0 0 0 1 1 R 0
1283 26678 17995 681 18041 642 3524 1 0 0 0 0 0 0 0 0 2 1 R 0
1284 26696 17948 1427 18023 1359 3491 1 0 0 0 0 0 0 0 0 2 1 R 0
1285 26718 20403 572 20419 541 4444 1 0 0 0 0 0 0 0 0 1 1 R 0
1286 26738 19246 577 19277 546 4283 1 0 0 0 0 0 0 0 0 1 1 R 0
1287 26759 20715 580 19733 547 5440 1 0 1 0 0 0 0 0 0 2 1 R 0
1288 26777 17005 528 17038 497 3890 1 0 0 0 0 0 0 0 0 1 1 R 0
1289 26808 30311 573 30341 541 19119 1 0 0 0 0 0 0 0 0 2 1 R 0
1290 26831 22563 579 22227 550 9999 1 0 1 0 0 0 0 0 0 1 1 R 0
1291 26851 19296 669 19337 650 4052 1 0 0 0 0 0 0 0 0 2 1 R 0
1292 26870 18313 707 18344 664 3573 1 0 0 0 0 0 0 0 0 1 1 R 0
1293 26889 18357 635 18388 600 3676 1 0 0 0 0 0 0 0 0 2 1 R 0
1294 26908 18356 605 18391 575 4351 1 0 0 0 0 0 0 0 0 2 1 R 0
1295 26932 23502 579 23522 554 7870 1 0 0 0 0 0 0 0 0 2 1 R 0
1296 26953 20692 1015 19272 1000 3835 1 0 1 0 0 0 0 0 0 1 1 R 0
1297 26972 17819 716 17847 688 3556 1 0 0 0 0 0 0 0 0 2 1 R 0
1298 26991 18231 628 18259 593 3389 1 0 0 0 0 1 0 0 0 1 1 R 0
1299 27021 29755 590 18338 560 18326 1 2 0 0 0 0 0 0 0 2 1 R 0
1300 27040 18563 574 18592 546 4182 1 0 0 0 0 0 0 0 0 1 1 R 0
1301 27060 18885 688 18932 657 3823 1 0 0 0 0 0 0 0 0 2 1 R 0
1302 27079 18250 678 18286 640 4358 1 0 0 0 0 0 0 0 0 1 1 R 0
1303 27098 18610 683 18641 637 3755 1 0 0 0 0 0 0 0 0 2 1 R 0
1304 27119 20180 638 20233 587 4523 1 0 0 0 0 0 0 0 0 1 1 R 0
1305 27142 22246 599 22281 563 7888 1 0 0 0 0 0 0 0 0 2 1 R 0
1306 27163 20540 968 19212 955 5053 1 0 1 0 0 0 0 0 0 1 1 R 0
1307 27181 17169 666 17208 621 3208 1 0 0 0 0 0 0 0 0 2 1 R 0
1308 27200 18394 570 18409 549 3096 1 0 0 0 0 0 0 0 0 1 1 R 0
1309 27222 21786 699 21848 641 6630 1 0 0 0 0 0 0 0 0 1 1 R 0
1310 27243 19798 1041 19820 1021 3845 1 0 0 0 0 0 0 0 0 2 1 R 0
1311 27262 18211 776 18248 739 3915 1 0 0 0 0 0 0 0 0 1 1 R 0
1312 27281 17871 976 17954 886 3969 1 0 0 0 0 0 0 0 0 1 1 R 0
1313 27302 19902 690 19945 646 3648 1 0 0 0 0 0 0 0 0 2 1 R 0
1314 27321 18612 1012 18676 967 3157 1 0 0 0 0 0 0 0 0 2 1 R 0
1315 27343 20734 1021 20745 1003 3846 1 0 0 0 0 0 0 0 0 1 1 R 0
1316 27366 22064 585 21030 544 5449 1 0 1 0 0 0 0 0 0 1 1 R 0
1317 27387 20445 674 20170 647 3905 1 0 1 0 0 0 0 0 0 2 1 R 0
1318 27408 20013 869 19705 798 3053 1 0 1 0 0 0 0 0 0 1 1 R 0
1319 27428 19606 811 19660 765 3958 1 0 0 0 0 0 0 0 0 2 1 R 0
1320 27451 22456 588 22469 558 8535 1 0 0 0 0 0 0 0 0 1 1 R 0
1321 27471 19069 580 19097 552 3217 1 0 0 0 0 0 0 0 0 2 1 R 0
1322 27489 17477 648 17529 595 3060 1 0 0 0 0 0 0 0 0 1 1 R 0
1323 27510 20666 724 20723 670 6981 1 0 0 0 0 0 0 0 0 2 1 R 0
1324 27533 21578 923 21602 911 4861 1 0 0 0 0 0 0 0 0 1 1 R 0
1325 27555 21012 673 19909 655 3882 1 0 1 0 0 0 0 0 0 2 1 R 0
1326 27574 18867 647 18912 596 3271 1 0 0 0 0 0 0 0 0 1 1 R 0
1327 27592 17390 708 17464 633 3037 1 0 0 0 0 0 0 0 0 2 1 R 0
1328 27612 18667 689 18733 630 3904 1 0 0 0 0 0 0 0 0 1 1 R 0
1329 27631 18859 836 18907 784 3830 1 0 0 0 0 0 0 0 0 2 1 R 0
1330 27655 22761 608 22787 585 6179 1 0 0 0 0 0 0 0 0 2 1 R 0
1331 27674 18932 564 18952 538 3426 1 0 0 0 0 0 0 0 0 1 1 R 0
1332 27692 17517 706 17574 657 3386 1 0 0 0 0 0 0 0 0 1 1 R 0
1333 27711 17653 551 17693 504 3521 1 0 0 0 0 0 0 0 0 1 1 R 0
1334 27732 20878 697 20923 654 6813 1 0 0 0 0 0 0 0 0 3 1 R 0
1335 27759 25999 586 24376 552 8923 1 0 1 0 0 0 0 0 0 1 1 R 0
1336 27779 19966 672 19600 633 3761 1 0 1 0 0 0 0 0 0 2 1 R 0
1337 27799 18871 719 18919 673 3866 1 0 0 0 0 0 0 0 0 2 1 R 0
1338 27819 19717 570 19742 543 4657 1 0 0 0 0 0 0 0 0 1 1 R 0
1339 27840 20399 568 20426 539 4261 1 0 0 0 0 0 0 0 0 1 1 R 0
1340 27860 18761 584 18789 556 3855 1 0 0 0 0 0 0 0 0 1 1 R 0
1341 27880 20212 603 20260 558 3845 1 0 0 0 0 0 0 0 0 2 1 R 0
1342 27900 18997 741 18684 685 4518 1 0 1 0 0 0 0 0 0 2 1 R 0
1343 27919 18420 551 18171 500 4545 1 0 1 0 0 0 0 0 0 1 1 R 0
1344 27942 22114 821 22182 769 7524 1 0 0 0 0 0 0 0 0 2 1 R 0
1345 27964 21510 563 19390 537 4014 1 0 1 0 0 0 0 0 0 1 1 R 0
1346 27984 19424 676 19458 655 3245 1 0 0 0 0 0 0 0 0 2 1 R 0
1347 28002 17542 691 17584 640 3221 1 0 0 0 0 0 0 0 0 1 1 R 0
1348 28021 18203 657 18229 637 3472 1 0 0 0 0 0 0 0 0 2 1 R 0
1349 28041 18916 982 18970 922 3759 1 0 0 0 0 0 0 0 0 2 1 R 0
1350 28067 24760 603 24783 579 7923 1 0 0 0 0 0 0 0 0 1 1 R 0
1351 28087 19575 606 19601 578 3245 1 0 0 0 0 0 0 0 0 2 1 R 0
1352 28105 17808 646 17852 604 3019 1 0 0 0 0 0 0 0 0 2 1 R 0
1353 28125 19276 699 19331 650 3697 1 0 0 0 0 0 0 0 0 1 1 R 0
1354 28147 21171 571 21190 547 3779 1 0 0 0 0 0 0 0 0 2 1 R 0
1355 28168 19991 583 19008 551 3842 1 0 1 0 0 0 0 0 0 1 1 R 0
1356 28187 18937 578 18958 555 3285 1 0 0 0 0 0 0 0 0 1 1 R 0
1357 28209 20913 708 19595 660 3350 1 0 1 0 0 0 0 0 0 2 1 R 0
1358 28227 17940 704 17985 654 3520 1 0 0 0 0 0 0 0 0 1 1 R 0
1359 28249 20844 614 20875 581 5440 1 0 0 0 0 0 0 0 0 2 1 R 0
1360 28269 19635 572 19657 549 4180 1 0 0 0 0 0 0 0 0 1 1 R 0
1361 28289 19879 590 19911 556 3844 1 0 0 0 0 0 0 0 0 1 1 R 0
1362 28308 17657 819 17743 736 3727 1 0 0 0 0 0 0 0 0 2 1 R 0
1363 28329 20364 892 20449 815 6266 1 0 0 0 0 0 0 0 0 2 1 R 0
1364 28352 21945 700 21989 648 5633 1 0 0 0 0 0 0 0 0 1 1 R 0
1365 28377 24233 630 23287 597 9348 1 0 1 0 0 0 0 0 0 1 1 R 0
1366 28397 19378 698 19403 676 4567 1 0 0 0 0 0 0 0 0 1 1 R 0
1367 28415 17227 535 17267 485 3187 1 0 0 0 0 0 0 0 0 1 1 R 0
1368 28436 20506 834 20592 753 5834 1 0 0 0 0 0 0 0 0 3 1 R 0
1369 28458 21885 589 21913 559 6020 1 0 0 0 0 0 0 0 0 1 1 R 0
1370 28478 18902 722 18975 648 4301 1 0 0 0 0 0 0 0 0 1 1 R 0
1371 28498 19475 714 19532 654 4116 1 0 0 0 0 0 0 0 0 2 1 R 0
1372 28517 18416 707 18454 684 4275 1 0 0 0 0 0 0 0 0 1 1 R 0
1373 28536 18460 707 18501 657 3687 1 0 0 0 0 0 0 0 0 2 1 R 0
1374 28560 22600 670 21495 629 4982 1 0 1 0 0 0 0 0 0 2 1 R 0
1375 28579 18872 605 18896 583 4366 1 0 0 0 0 0 0 0 0 1 1 R 0
1376 28600 20351 560 20375 527 4026 1 0 0 0 0 0 0 0 0 1 1 R 0
1377 28618 17349 687 17401 638 3494 1 0 0 0 0 0 0 0 0 2 1 R 0
1378 28637 17895 533 17925 504 4201 1 0 0 0 0 0 0 0 0 1 1 R 0
1379 28659 22105 796 22177 731 7357 1 0 0 0 0 0 0 0 0 2 1 R 0
1380 28683 22392 1293 22453 1228 8174 1 0 0 0 0 0 0 0 0 2 1 R 0
1381 28705 20980 566 21001 539 3844 1 0 0 0 0 0 0 0 0 1 1 R 0
1382 28722 16841 733 16928 643 3120 1 0 0 0 0 0 0 0 0 2 1 R 0
1383 28742 18741 778 18815 706 3642 1 0 0 0 0 0 0 0 0 1 1 R 0
1384 28765 22282 601 21297 534 4042 1 0 1 0 0 0 0 0 0 2 1 R 0
1385 28785 20057 560 20073 532 3852 1 0 0 0 0 0 0 0 0 1 1 R 0
1386 28805 19348 589 19383 551 3707 1 0 0 0 0 0 0 0 0 1 1 R 0
1387 28825 18962 694 18607 642 3106 1 0 1 0 0 0 0 0 0 1 1 R 0
1388 28843 17125 971 17163 948 3336 1 0 0 0 0 0 0 0 0 2 1 R 0
1389 28867 23439 576 23451 549 8107 1 0 0 0 0 0 0 0 0 2 1 R 0
1390 28888 19868 719 19932 651 3861 1 0 0 0 0 0 0 0 0 1 1 R 0
1391 28910 21383 607 21417 575 4242 1 0 0 0 0 1 0 0 0 2 1 R 0
1392 28928 17683 683 17732 649 3654 1 0 0 0 0 0 0 0 0 2 1 R 0
1393 28948 19022 672 19065 621 4034 1 0 0 0 0 0 0 0 0 0 1 R 0
1394 28971 22206 669 21081 642 5322 1 0 1 0 0 0 0 0 0 3 1 R 0
1395 28994 23112 561 23120 536 7994 1 0 0 0 0 0 0 0 0 0 1 R 0
1396 29014 19640 673 19682 636 3962 1 0 0 0 0 0 0 0 0 2 1 R 0
1397 29033 17400 1156 17455 1124 3089 1 0 0 0 0 0 0 0 0 1 1 R 0
1398 29052 18070 606 18082 565 3491 1 0 0 0 0 0 0 0 0 1 1 R 0
1399 29076 23245 575 23272 548 6526 1 0 0 0 0 0 0 0 0 2 1 R 0
1400 29095 19160 670 19218 621 4025 1 0 0 0 0 0 0 0 0 1 1 R 0
1401 29116 19619 632 19647 594 3778 1 0 0 0 0 0 0 0 0 2 1 R 0
1402 29136 19626 698 19685 655 3706 1 0 0 0 0 0 0 0 0 2 1 R 0
1403 29155 18508 656 18535 619 3003 1 0 0 0 0 0 0 0 0 1 1 R 0
1404 29176 20434 891 19527 791 4423 1 0 1 0 0 0 0 0 0 2 1 R 0
1405 29199 21767 717 21815 663 4109 1 0 0 0 0 0 0 0 0 1 1 R 0
1406 29222 22866 667 22912 624 4855 1 0 0 0 0 0 0 0 0 3 1 R 0
1407 29241 17886 852 17932 803 3100 1 0 0 0 0 0 0 0 0 2 1 R 0
1408 29260 18226 536 18264 499 3338 1 0 0 0 0 0 0 0 0 1 1 R 0
1409 29282 21858 1564 21918 1523 6688 1 0 0 0 0 0 0 0 0 2 1 R 0
1410 29307 22487 592 22496 563 8620 1 0 0 0 0 0 0 0 0 1 1 R 0
1411 29327 19814 744 19861 707 3347 1 0 0 0 0 0 0 0 0 2 1 R 0
1412 29345 17639 687 17691 644 3323 1 0 0 0 0 0 0 0 0 1 1 R 0
1413 29368 22389 663 21280 636 4114 1 0 1 0 0 0 0 0 0 2 1 R 0
1414 29388 19021 575 19045 552 4072 1 0 0 0 0 0 0 0 0 1 1 R 0
1415 29409 20744 778 20837 688 4314 1 0 0 0 0 0 0 0 0 2 1 R 0
1416 29433 22302 594 21790 568 6434 1 0 1 0 0 0 0 0 0 1 1 R 0
1417 29450 17265 561 17310 513 3161 1 0 0 0 0 0 0 0 0 2 1 R 0
1418 29472 21250 640 21299 608 6942 1 0 0 0 0 0 0 0 0 1 1 R 0
1419 29497 24290 575 24302 549 7120 1 0 0 0 0 0 0 0 0 3 1 R 0
1420 29517 19038 570 19062 546 3608 1 0 0 0 0 0 0 0 0 1 1 R 0
1421 29537 19787 642 19807 628 3447 1 0 0 0 0 1 0 0 0 2 1 R 0
1422 29555 17216 520 17239 491 3093 1 0 0 0 0 0 0 0 0 1 1 R 0
1423 29579 23525 588 21475 561 8949 1 0 1 0 0 0 0 0 0 2 1 R 0
1424 29599 19526 585 19552 557 4338 1 0 0 0 0 0 0 0 0 1 1 R 0
1425 29622 22782 583 22813 552 7303 1 0 0 0 0 0 0 0 0 0 1 R 0
1426 29641 17922 731 18001 659 3045 1 0 0 0 0 0 0 0 0 3 1 R 0
1427 29660 18004 677 18042 637 3252 1 0 0 0 0 0 0 0 0 2 1 R 0
1428 29680 19710 696 19735 671 4365 1 0 0 0 0 0 0 0 0 0 1 R 0
1429 29701 20031 583 20057 554 4233 1 0 0 0 0 0 0 0 0 2 1 R 0
1430 29720 18682 679 18744 618 4241 1 0 0 0 0 0 0 0 0 1 1 R 0
1431 29739 18113 964 18189 886 3994 1 0 0 0 0 0 0 0 0 1 1 R 0
1432 29758 17939 592 17988 541 3466 1 0 0 0 0 0 0 0 0 2 1 R 0
1433 29783 24581 992 22737 972 8031 1 0 2 0 0 0 0 0 0 2 1 R 0
1434 29803 18893 921 18910 906 3835 1 0 0 0 0 0 0 0 0 1 1 R 0
1435 29822 18190 627 18258 553 3845 1 0 0 0 0 0 0 0 0 1 1 R 0
1436 29841 18050 787 18137 715 3711 1 0 0 0 0 0 0 0 0 2 1 R 0
1437 29861 19447 758 19514 673 4395 1 0 0 0 0 0 0 0 0 2 1 R 0
1438 29880 18345 1003 18397 976 3670 1 0 0 0 0 0 0 0 0 2 1 R 0
1439 29902 20719 588 20722 557 4755 1 0 0 0 0 0 0 0 0 1 1 R 0
1440 29925 22878 702 22902 673 7448 1 0 0 0 0 0 0 0 0 1 1 R 0
1441 29945 19057 670 19095 633 3714 1 0 0 0 0 0 0 0 0 2 1 R 0
1442 29963 17345 1434 17393 1401 3158 1 0 0 0 0 0 0 0 0 1 1 R 0
1443 29986 22056 797 20230 760 3350 1 0 1 0 0 0 0 0 0 1 1 R 0
1444 30006 18982 582 19001 555 3793 1 0 0 0 0 0 0 0 0 1 1 R 0
1445 30028 21694 724 21510 664 3899 1 0 1 0 0 0 0 0 0 2 1 R 0
1446 30047 17456 920 17520 873 3776 1 0 0 0 0 0 0 0 0 1 1 R 0
1447 30068 20468 787 20522 724 6086 1 0 0 0 0 0 0 0 0 2 1 R 0
1448 30088 18973 1069 19049 991 3618 1 0 0 0 0 0 0 0 0 2 1 R 0
1449 30109 20262 584 20288 554 4389 1 0 0 0 0 0 0 0 0 1 1 R 0
1450 30130 20076 717 20106 695 4413 1 0 0 0 0 0 0 0 0 2 1 R 0
1451 30149 18355 707 18398 671 3972 1 0 0 0 0 0 0 0 0 1 1 R 0
1452 30167 17656 2079 18008 776 3508 1 0 1 0 0 0 0 0 0 2 1 R 0
1453 30189 19545 707 19579 659 3905 1 0 0 0 0 0 0 0 0 1 1 R 0
1454 30210 19948 575 19974 547 4781 1 0 0 0 0 0 0 0 0 2 1 R 0
1455 30233 22474 572 22503 542 7846 1 0 0 0 0 0 0 0 0 1 1 R 0
1456 30251 17525 664 17567 624 3555 1 0 0 0 0 0 0 0 0 1 1 R 0
1457 30272 20387 678 20425 641 5758 1 0 0 0 0 0 0 0 0 2 1 R 0
1458 30292 19347 823 19405 780 3739 1 0 0 0 0 0 0 0 0 2 1 R 0
1459 30312 19088 594 19099 560 4020 1 0 0 0 0 0 0 0 0 1 1 R 0
1460 30333 20725 966 20773 932 3821 1 0 0 0 0 0 0 0 0 2 1 R 0
1461 30352 18103 754 18142 716 3635 1 0 0 0 0 0 0 0 0 1 1 R 0
1462 30372 19605 679 18059 654 3177 1 0 1 0 0 0 0 0 0 2 1 R 0
1463 30391 18371 710 18425 667 3212 1 0 0 0 0 0 0 0 0 1 1 R 0
1464 30412 19454 683 19485 647 4372 1 0 0 0 0 0 0 0 0 2 1 R 0
1465 30434 21577 616 21591 592 4201 1 0 0 0 0 0 0 0 0 1 1 R 0
1466 30453 18255 1280 18352 1222 3218 1 0 0 0 0 0 0 0 0 1 1 R 0
1467 30471 16568 671 16567 643 3102 1 0 0 0 0 0 0 0 0 2 1 R 0
1468 30493 21209 1298 21256 1289 5948 1 0 0 0 0 0 0 0 0 1 1 R 0
1469 30513 19120 993 19105 972 4083 1 0 0 0 0 0 0 0 0 3 1 R 0
1470 30536 22109 648 22151 599 8525 1 0 0 0 0 0 0 0 0 1 1 R 0
1471 30556 19104 747 19186 663 3130 1 0 0 0 0 0 0 0 0 1 1 R 0
1472 30577 20223 663 18887 614 3100 1 0 1 0 0 0 0 0 0 2 1 R 0
1473 30596 18454 700 18493 666 3228 1 0 0 0 0 0 0 0 0 1 1 R 0
1474 30617 20474 573 20488 550 3816 1 0 0 0 0 0 0 0 0 1 1 R 0
1475 30637 19507 659 19536 633 3894 1 0 0 0 0 0 0 0 0 1 1 R 0
1476 30657 19181 571 19203 543 3289 1 0 0 0 0 0 0 0 0 1 1 R 0
1477 30676 18092 1418 18157 1364 3087 1 0 0 0 0 0 0 0 0 2 1 R 0
1478 30695 17659 850 17717 785 3437 1 0 0 0 0 0 0 0 0 1 1 R 0
1479 30719 23649 786 23704 734 6320 1 0 0 0 0 0 0 0 0 2 1 R 0
1480 30741 20899 755 20958 700 4387 1 0 0 0 0 0 0 0 0 2 1 R 0
1481 30762 20155 517 20187 477 3393 1 0 0 0 0 0 0 0 0 3 1 R 0
1482 30781 18808 699 17816 655 3135 1 0 1 0 0 0 0 0 0 1 1 R 0
1483 30801 18942 730 18984 700 3146 1 0 0 0 0 0 0 0 0 2 1 R 0
1484 30822 20175 600 19692 570 3876 1 0 1 0 0 0 0 0 0 1 1 R 0
1485 30847 24271 839 24301 815 8201 1 0 0 0 0 1 0 0 0 2 1 R 0
1486 30866 18727 764 18792 714 3675 1 0 0 0 0 0 0 0 0 1 1 R 0
1487 30885 18195 706 18227 663 3115 1 0 0 0 0 0 0 0 0 1 1 R 0
1488 30906 20031 646 20051 622 3419 1 0 0 0 0 0 0 0 0 2 1 R 0
1489 30926 19526 578 19547 550 3765 1 0 0 0 0 0 0 0 0 1 1 R 0
1490 30946 19028 569 19054 541 4025 1 0 0 0 0 0 0 0 0 1 1 R 0
1491 30965 19017 698 19073 646 3130 1 0 0 0 0 0 0 0 0 2 1 R 0
1492 30985 18870 727 17851 687 3110 1 0 1 0 0 0 0 0 0 1 1 R 0
1493 31006 20579 701 20622 646 6182 1 0 0 0 0 0 0 0 0 2 1 R 0
1494 31027 19746 560 19768 535 4230 1 0 0 0 0 0 0 0 0 2 1 R 0
1495 31047 20186 615 20248 551 4076 1 0 0 0 0 0 0 0 0 1 1 R 0
1496 31066 18098 751 18173 679 3166 1 0 0 0 0 0 0 0 0 2 1 R 0
1497 31086 19546 644 19579 609 4467 1 0 0 0 0 0 0 0 0 1 1 R 0
1498 31106 18604 750 18666 700 3093 1 0 0 0 0 0 0 0 0 2 1 R 0
1499 31126 19772 562 19789 536 3844 1 0 0 0 0 0 0 0 0 1 1 R 0
