# swapstamp frames 1500 skip 300 peer 916
# f t_ms gap_us swap_us crend_us cswap_us clr_us nclr vcs_r ivcs_r vcs_s ivcs_s minf majf cpu0 cpu1 pticks pcpu pstate ctr
0 0 23062 574 22957 556 10037 1 0 0 0 0 0 0 1 1 0 0 R 0
1 19 18848 773 18874 744 3734 1 0 0 0 0 0 0 1 1 1 0 R 0
2 44 23830 731 23863 704 4592 1 0 0 0 0 0 0 1 1 1 0 R 0
3 74 30057 975 30169 979 7144 1 0 0 0 0 0 0 1 1 1 0 R 0
4 97 21610 596 21521 571 6080 1 0 0 0 0 0 0 1 1 1 0 R 0
5 117 19406 572 19426 554 3788 1 0 0 0 0 0 0 1 1 1 0 R 0
6 141 23650 589 23668 565 5369 1 0 0 0 0 0 0 1 1 1 0 R 0
7 171 29475 1006 29594 888 6354 1 0 0 0 0 0 0 1 1 2 0 R 0
8 200 27542 571 27559 552 7032 1 0 0 0 0 0 0 1 1 1 0 R 0
9 220 19191 658 19222 630 3956 1 0 0 0 0 0 0 1 1 2 0 R 0
10 243 23111 660 23139 636 3800 1 0 0 0 0 0 0 1 1 0 0 R 0
11 271 26941 977 26955 964 5150 1 0 0 0 0 0 0 1 1 1 0 R 0
12 295 23589 618 23609 595 7114 1 0 0 0 0 0 0 1 1 1 0 R 0
13 315 19352 581 19377 555 4578 1 0 0 0 0 0 0 1 1 1 0 R 0
14 336 19623 590 19649 559 4147 1 0 0 0 0 0 0 1 1 2 0 R 0
15 368 31486 1699 31514 1685 13675 1 0 0 0 0 0 0 1 1 1 0 R 0
16 393 23930 616 23943 592 7577 1 0 0 0 0 0 0 1 1 1 0 R 0
17 414 20033 576 20053 556 5128 1 0 0 0 0 0 0 1 1 2 0 R 0
18 436 21614 591 21643 562 4216 1 0 0 0 0 0 0 1 1 1 0 R 0
19 463 25859 1167 25982 1047 5214 1 0 0 0 0 0 0 1 1 1 0 R 0
20 493 28740 814 28850 711 7048 1 0 0 0 0 0 0 1 1 1 0 R 0
21 513 19610 606 19623 587 4423 1 0 0 0 0 0 0 1 1 1 0 R 0
22 535 20970 883 20561 858 4324 1 0 1 0 0 0 0 1 1 1 0 R 0
23 562 26146 1011 26169 999 4950 1 0 0 0 0 0 0 1 1 1 0 R 0
24 592 29512 1018 29523 1000 6041 1 0 0 0 0 0 0 1 1 2 0 R 0
25 614 20396 580 20418 557 4222 1 0 0 0 0 0 0 1 1 1 0 R 0
26 633 18944 580 18967 555 4249 1 0 0 0 0 0 0 1 1 1 0 R 0
27 657 23261 1203 23287 1184 5855 1 0 0 0 0 0 0 1 1 1 0 R 0
28 684 25601 1009 25620 988 4523 1 0 0 0 0 0 0 1 1 1 0 R 0
29 712 26960 1034 26982 1013 7290 1 0 0 0 0 0 0 1 1 1 0 R 0
30 737 24599 765 24648 710 8874 1 0 0 0 0 0 0 1 1 3 0 R 0
31 763 25144 1014 25166 991 3963 1 0 0 0 0 0 0 1 1 1 0 R 0
32 793 28624 1118 28736 1012 7039 1 0 0 0 0 0 0 1 1 1 0 R 0
33 818 23810 825 23830 802 6742 1 0 0 0 0 0 0 1 1 1 0 R 0
34 837 18768 575 18787 559 3893 1 0 0 0 0 0 0 1 1 1 0 R 0
35 862 24009 872 24029 858 5409 1 0 0 0 0 0 0 1 1 1 0 R 0
36 888 25242 930 25257 910 6600 1 0 0 0 0 0 0 1 1 1 0 R 0
37 907 18064 1224 18079 1219 3769 1 0 0 0 0 0 0 1 1 1 0 R 0
38 930 21697 576 21700 559 4996 1 0 0 0 0 0 0 1 1 1 0 R 0
39 952 21069 597 21089 574 3813 1 0 0 0 0 0 0 1 1 2 0 R 0
40 978 26269 1612 26549 1454 5588 1 0 0 0 0 0 0 1 1 1 0 R 0
41 1008 27673 1713 27574 1706 5804 1 0 0 0 0 0 0 1 1 1 0 R 0
42 1032 22135 598 22142 575 6746 1 0 0 0 0 0 0 1 1 1 0 R 0
43 1053 20977 658 21010 627 3731 1 0 0 0 0 0 0 1 1 1 0 R 0
44 1081 27614 1086 27629 1174 6219 1 0 0 0 0 0 0 1 1 2 0 R 0
45 1115 32414 1003 32480 918 12940 1 0 0 0 0 0 0 1 1 1 0 R 0
46 1138 22237 988 22176 967 4297 1 0 0 0 0 0 0 1 1 1 0 R 0
47 1161 22270 1290 22321 1232 3792 1 0 0 0 0 0 0 1 1 1 0 R 0
48 1186 22765 648 22792 623 5580 1 0 0 0 0 0 0 1 1 1 0 R 0
49 1206 19456 584 19478 559 4278 1 0 0 0 0 0 0 1 1 1 0 R 0
50 1228 21768 629 21790 609 4238 1 0 0 0 0 0 0 1 1 1 0 R 0
51 1247 18805 588 18828 565 3774 1 0 0 0 0 0 0 1 1 1 0 R 0
52 1272 24212 1009 24230 1000 4598 1 0 0 0 0 0 0 1 1 1 0 R 0
53 1303 29858 1012 29873 986 7252 1 0 0 0 0 0 0 1 1 1 0 R 0
54 1330 25682 574 25705 558 7485 1 0 0 0 0 0 0 1 1 1 0 R 0
55 1350 19984 607 19998 587 3861 1 0 0 0 0 0 0 1 1 2 0 R 0
56 1375 23891 998 23917 972 4611 1 0 0 0 0 0 0 1 1 1 0 R 0
57 1403 26776 768 26801 745 5674 1 0 0 0 0 0 0 1 1 1 0 R 0
58 1425 21877 599 21905 571 5909 1 0 0 0 0 0 0 1 1 1 0 R 0
59 1445 19391 579 19413 556 4400 1 0 0 0 0 0 0 1 1 1 0 R 0
60 1471 25421 595 25442 571 9324 1 0 0 0 0 0 0 1 1 1 0 R 0
61 1501 29413 998 28903 984 8111 1 0 1 0 0 0 0 1 1 2 0 R 0
62 1530 27667 583 27679 562 7182 1 0 0 0 0 0 0 1 1 1 0 R 0
63 1550 19393 651 19421 623 4063 1 0 0 0 0 1 0 1 1 1 0 R 0
64 1575 24171 604 24198 580 4785 1 0 0 0 0 0 0 1 1 1 0 R 0
65 1599 23257 1017 23282 987 6947 1 0 0 0 0 0 0 1 1 1 0 R 0
66 1618 18697 888 18722 872 3785 1 0 0 0 0 0 0 1 1 1 0 R 0
67 1642 22513 589 22530 569 4310 1 0 0 0 0 0 0 1 1 1 0 R 0
68 1664 21927 603 21949 577 3857 1 0 0 0 0 0 0 1 1 2 0 R 0
69 1691 26269 1209 26300 1182 4659 1 0 0 0 0 0 0 1 1 1 0 R 0
70 1719 27034 1038 27189 879 7203 1 0 0 0 0 0 0 1 1 1 0 R 0
71 1742 21504 591 21532 564 3836 1 0 0 0 0 0 0 1 1 2 0 R 0
72 1762 19371 1865 19402 1950 4651 1 0 0 0 0 0 0 1 1 1 0 R 0
73 1785 20863 1037 20768 1017 5054 1 0 0 0 0 0 0 1 1 1 0 R 0
74 1814 28399 1019 28422 1117 6284 1 0 0 0 0 0 0 1 1 1 0 R 0
75 1842 26838 598 26740 574 13495 1 0 0 0 0 0 0 1 1 1 0 R 0
76 1861 19003 572 19023 554 3917 1 0 0 0 0 0 0 1 1 1 0 R 0
77 1884 22314 1032 22427 918 6034 1 0 0 0 0 0 0 1 1 1 0 R 0
78 1916 30686 1025 30711 1003 6484 1 0 0 0 0 0 0 1 1 1 0 R 0
79 1940 23374 598 23393 578 5104 1 0 0 0 0 0 0 1 1 1 0 R 0
80 1959 18399 565 18413 548 3790 1 0 0 0 0 0 0 1 1 1 0 R 0
81 1985 24594 580 24616 560 3817 1 0 0 0 0 0 0 1 1 2 0 R 0
82 2014 28504 1020 28530 1109 7260 1 0 0 0 0 0 0 1 1 1 0 R 0
83 2038 23708 1357 23644 1317 7421 1 0 0 0 0 0 0 1 1 1 0 R 0
84 2059 18776 1486 18876 1397 3221 1 0 0 0 0 0 0 1 1 1 0 R 0
85 2084 24094 877 24200 748 4171 1 0 0 0 0 0 0 1 1 1 0 R 0
86 2112 26986 876 27009 854 5213 1 0 0 0 0 0 0 1 1 1 0 R 0
87 2135 22353 597 22378 567 5885 1 0 0 0 0 0 0 1 1 1 0 R 0
88 2155 19325 597 19356 571 4714 1 0 0 0 0 1 0 1 1 1 0 R 0
89 2177 20995 722 21046 675 4217 1 0 0 0 0 0 0 1 1 1 0 R 0
90 2208 30340 1739 30457 1733 8681 1 0 0 0 0 0 0 1 1 2 0 R 0
91 2237 27221 586 27129 562 7945 1 0 0 0 0 0 0 1 1 2 0 R 0
92 2257 19793 582 19812 563 4239 1 0 0 0 0 0 0 1 1 1 0 R 0
93 2278 20699 1588 20726 1572 3779 1 0 0 0 0 1 0 1 1 1 0 R 0
94 2306 25830 1023 25845 995 5204 1 0 0 0 0 0 0 1 1 1 0 R 0
95 2336 28877 1197 28920 1162 6313 1 0 0 0 0 0 0 1 1 1 0 R 0
96 2359 22411 572 22420 549 6809 1 0 0 0 0 0 0 1 1 1 0 R 0
97 2381 21417 625 21440 606 3817 1 0 0 0 0 0 0 1 1 1 0 R 0
98 2407 25317 1029 25346 1006 4018 1 0 0 0 0 0 0 1 1 2 0 R 0
99 2436 27668 1162 27774 1049 5862 1 0 0 0 0 0 0 1 1 0 0 R 0
100 2457 19571 738 19608 708 4093 1 0 0 0 0 0 0 1 1 1 0 R 0
101 2477 19043 640 19078 599 3638 1 0 0 0 0 0 0 1 1 2 0 R 0
102 2502 24783 847 24902 846 4612 1 0 0 0 0 0 0 1 1 1 0 R 0
103 2532 29402 1288 28771 1191 6422 1 0 1 0 0 0 0 1 1 1 0 R 0
104 2555 21513 594 21520 571 6416 1 0 0 0 0 0 0 1 1 1 0 R 0
105 2577 21859 575 21880 553 8448 1 0 0 0 0 0 0 1 1 1 0 R 0
106 2602 23924 1060 23947 1039 5553 1 0 0 0 0 0 0 1 1 2 0 R 0
107 2631 27941 1174 28049 1207 7296 1 0 0 0 0 0 0 1 1 1 0 R 0
108 2655 23359 647 23248 616 6548 1 0 0 0 0 0 0 1 1 1 0 R 0
109 2676 19604 580 19625 558 4164 1 0 0 0 0 0 0 1 1 1 0 R 0
110 2698 22110 1373 22147 1341 4425 1 0 0 0 0 0 0 1 1 1 0 R 0
111 2725 24827 952 24851 921 4693 1 0 0 0 0 0 0 1 1 1 0 R 0
112 2751 25596 592 25617 574 4798 1 0 0 0 0 0 0 1 1 1 0 R 0
113 2771 19682 587 19704 564 4166 1 0 0 0 0 0 0 1 1 1 0 R 0
114 2792 20217 594 20241 568 3837 1 0 0 0 0 0 0 1 1 1 0 R 0
115 2818 24945 1462 24970 1450 5592 1 0 0 0 0 0 0 1 1 1 0 R 0
116 2846 26693 855 26710 824 7373 1 0 0 0 0 0 0 1 1 1 0 R 0
117 2866 19576 601 19609 574 3955 1 0 0 0 0 0 0 1 1 1 0 R 0
118 2887 19722 584 19745 560 3901 1 0 0 0 0 0 0 1 1 1 0 R 0
119 2912 24533 1014 24557 1000 4407 1 0 0 0 0 0 0 1 1 1 0 R 0
120 2946 32788 1672 32805 1662 13690 1 0 0 0 0 0 0 1 1 2 0 R 0
121 2972 24267 581 24276 557 5977 1 0 0 0 0 0 0 1 1 1 0 R 0
122 2993 20342 1021 20365 994 3828 1 0 0 0 0 0 0 1 1 1 0 R 0
123 3019 25854 1084 25882 1053 4174 1 0 0 0 0 0 0 1 1 1 0 R 0
124 3045 24366 1045 24395 1024 5270 1 0 0 0 0 0 0 1 1 1 0 R 0
125 3070 24520 574 24536 557 5880 1 0 0 0 0 0 0 1 1 1 0 R 0
126 3090 18776 662 18799 632 4124 1 0 0 0 0 0 0 1 1 1 0 R 0
127 3113 22132 873 22159 852 5761 1 0 0 0 0 0 0 1 1 1 0 R 0
128 3140 26735 999 26847 880 5930 1 0 0 0 0 0 0 1 1 1 0 R 0
129 3163 21449 909 21549 913 4217 1 0 0 0 0 0 0 1 1 1 0 R 0
130 3184 20246 586 20172 561 4981 1 0 0 0 0 0 0 1 1 1 0 R 0
131 3206 21584 835 21604 1048 4581 1 0 0 0 0 0 0 1 1 2 0 R 0
132 3234 26970 1028 26769 995 4600 1 0 0 0 0 0 0 1 1 1 0 R 0
133 3264 29397 951 29421 934 6760 1 0 0 0 0 0 0 1 1 1 0 R 0
134 3287 21431 603 21452 574 5105 1 0 0 0 0 0 0 1 1 1 0 R 0
135 3314 26909 597 26934 577 7692 1 0 0 0 0 0 0 1 1 1 0 R 0
136 3343 27948 1142 28056 1035 6003 1 0 0 0 0 0 0 1 1 2 0 R 0
137 3373 28947 886 29049 782 7284 1 0 0 0 0 0 0 1 1 1 0 R 0
138 3393 19652 586 19675 563 4532 1 0 0 0 0 0 0 1 1 1 0 R 0
139 3416 22545 1050 22588 1006 4360 1 0 0 0 0 0 0 1 1 1 0 R 0
140 3445 27396 587 27420 561 5866 1 0 0 0 0 0 0 1 1 1 0 R 0
141 3465 19133 596 19158 570 4174 1 0 0 0 0 0 0 1 1 1 0 R 0
142 3488 23045 991 22321 971 6166 1 0 1 0 0 0 0 1 1 1 0 R 0
143 3510 20957 701 20978 674 3789 1 0 0 0 0 0 0 1 1 1 0 R 0
144 3537 26007 1036 26032 1014 6043 1 0 0 0 0 0 0 1 1 1 0 R 0
145 3563 24691 580 24710 559 6975 1 0 0 0 0 0 0 1 1 1 0 R 0
146 3583 19917 600 19942 572 4140 1 0 0 0 0 0 0 1 1 2 0 R 0
147 3603 19142 576 19166 557 4184 1 0 0 0 0 0 0 1 1 1 0 R 0
148 3624 20847 1417 20999 1393 5845 1 0 0 0 0 0 0 1 1 1 0 R 0
149 3656 29869 1136 29857 1025 6864 1 0 0 0 0 0 0 1 1 1 0 R 0
150 3682 25377 593 25389 573 11990 1 0 0 0 0 0 0 1 1 1 0 R 0
151 3701 18718 606 18739 582 3763 1 0 0 0 0 0 0 1 1 1 0 R 0
152 3725 22913 602 22939 580 3853 1 0 0 0 0 0 0 1 1 1 0 R 0
153 3755 29466 1156 29581 1039 7053 1 0 0 0 0 0 0 1 1 1 0 R 0
154 3779 22881 976 22908 963 6671 1 0 0 0 0 0 0 1 1 2 0 R 0
155 3800 19665 566 19668 549 3741 1 0 0 0 0 0 0 1 1 1 0 R 0
156 3821 20694 994 20711 978 3852 1 0 0 0 0 0 0 1 1 1 0 R 0
157 3851 28949 1010 28964 1116 5130 1 0 0 0 0 0 0 1 1 1 0 R 0
158 3877 24972 819 24878 790 6903 1 0 0 0 0 0 0 1 1 1 0 R 0
159 3897 19714 579 19734 561 4207 1 0 0 0 0 0 0 1 1 1 0 R 0
160 3918 20186 949 20212 931 3815 1 0 0 0 0 0 0 1 1 1 0 R 0
161 3945 25932 1171 26043 1064 4824 1 0 0 0 0 0 0 1 1 2 0 R 0
162 3971 24694 828 24703 905 6595 1 0 0 0 0 0 0 1 1 1 0 R 0
163 3992 20221 573 20145 550 3901 1 0 0 0 0 0 0 1 1 1 0 R 0
164 4012 19614 747 19664 698 4268 1 0 0 0 0 0 0 1 1 1 0 R 0
165 4041 28417 1023 28437 1005 10931 1 0 0 0 0 0 0 1 1 1 0 R 0
166 4071 28827 1013 28844 1001 6535 1 0 0 0 0 0 0 1 1 1 0 R 0
167 4092 20218 711 20248 679 4586 1 0 0 0 0 0 0 1 1 1 0 R 0
168 4114 20488 719 20530 675 3839 1 0 0 0 0 0 0 1 1 2 0 R 0
169 4145 31030 1099 31078 1162 6156 1 0 0 0 0 0 0 1 1 4 0 R 0
170 4175 28932 1760 28934 1654 6731 1 0 0 0 0 0 0 1 1 1 0 R 0
171 4197 19859 658 19890 620 3822 1 0 0 0 0 0 0 1 1 1 0 R 0
172 4217 19480 584 19504 560 3824 1 0 0 0 0 0 0 1 1 1 0 R 0
173 4241 23395 999 23414 988 4075 1 0 0 0 0 0 0 1 1 1 0 R 0
174 4268 26018 1531 26034 1624 5066 1 0 0 0 0 0 0 1 1 2 0 R 0
175 4296 26417 592 26325 571 7876 1 0 0 0 0 0 0 1 1 1 0 R 0
176 4315 18737 619 18754 592 4579 1 0 0 0 0 0 0 1 1 1 0 R 0
177 4337 21468 730 21500 703 4120 1 0 0 0 0 0 0 1 1 1 0 R 0
178 4367 28911 1178 29035 1074 5280 1 0 0 0 0 0 0 1 1 1 0 R 0
179 4392 23685 593 23689 568 6732 1 0 0 0 0 0 0 1 1 1 0 R 0
180 4414 21858 579 21883 558 8059 1 0 0 0 0 0 0 1 1 1 0 R 0
181 4437 22240 1005 22262 973 4187 1 0 0 0 0 1 0 1 1 2 0 R 0
182 4466 28129 1013 28162 986 4633 1 0 0 0 0 0 0 1 1 1 0 R 0
183 4494 26400 799 26455 742 6746 1 0 0 0 0 0 0 1 1 1 0 R 0
184 4513 18931 588 18955 561 4904 1 0 0 0 0 0 0 1 1 1 0 R 0
185 4535 21137 594 20683 569 4074 1 0 1 0 0 0 0 1 1 1 0 R 0
186 4562 26377 1017 26398 1007 5322 1 0 0 0 0 0 0 1 1 1 0 R 0
187 4591 28119 1111 28214 1011 7632 1 0 0 0 0 0 0 1 1 1 0 R 0
188 4614 21109 590 21131 564 6962 1 0 0 0 0 0 0 1 1 1 0 R 0
189 4635 20593 597 20617 572 4093 1 0 0 0 0 0 0 1 1 1 0 R 0
190 4663 27290 1006 27316 987 5319 1 0 0 0 0 0 0 1 1 2 0 R 0
191 4692 28217 592 28230 582 7087 1 0 0 0 0 1 0 1 1 1 0 R 0
192 4713 20319 584 20330 562 4036 1 0 0 0 0 0 0 1 1 1 0 R 0
193 4734 20305 1008 20330 986 4670 1 0 0 0 0 0 0 1 1 1 0 R 0
194 4760 24937 1026 24953 1008 4253 1 0 0 0 0 0 0 1 1 1 0 R 0
195 4794 33377 1235 33403 1224 13653 1 0 0 0 0 1 0 1 1 1 0 R 0
196 4815 19483 626 19492 605 4417 1 0 0 0 0 0 0 1 1 2 0 R 0
197 4835 19789 727 19807 701 4167 1 0 0 0 0 0 0 1 1 0 0 R 0
198 4861 25279 1021 25402 1030 4304 1 0 0 0 0 0 0 1 1 1 0 R 0
199 4890 28228 739 28120 722 6233 1 0 0 0 0 0 0 1 1 1 0 R 0
200 4912 21072 578 21095 553 5458 1 0 0 0 0 0 0 1 1 1 0 R 0
201 4932 18987 581 19010 558 3709 1 0 0 0 0 0 0 1 1 1 0 R 0
202 4954 21932 604 21962 578 5822 1 0 0 0 0 0 0 1 1 2 0 R 0
203 4983 27726 1338 27834 1252 5115 1 0 0 0 0 0 0 1 1 1 0 R 0
204 5006 22458 598 22459 569 7065 1 0 0 0 0 0 0 1 1 1 0 R 0
205 5026 18941 589 18969 569 3774 1 0 0 0 0 0 0 1 1 1 0 R 0
206 5046 19709 597 19730 570 4302 1 0 0 0 0 0 0 1 1 1 0 R 0
207 5073 26086 1005 26205 1003 5237 1 0 0 0 0 0 0 1 1 2 0 R 0
208 5102 28031 593 27938 571 7353 1 0 0 0 0 0 0 1 1 1 0 R 0
209 5122 19746 687 19787 652 4354 1 0 0 0 0 0 0 1 1 1 0 R 0
210 5150 27447 1033 27484 991 8315 1 0 0 0 0 0 0 1 1 3 0 R 0
211 5186 34914 1070 34966 1121 5530 1 0 0 0 0 0 0 1 1 3 0 R 0
212 5217 29952 887 29919 826 5476 1 0 0 0 0 0 0 1 1 2 0 S 0
213 5237 19163 734 19220 690 4059 1 0 0 0 0 0 0 1 1 2 0 R 0
214 5264 25507 877 25605 752 5032 1 0 0 0 0 0 0 1 1 1 0 R 0
215 5294 29211 1146 29343 1017 6536 1 0 0 0 0 0 0 1 1 1 0 R 0
216 5321 26232 581 26252 562 6776 1 0 0 0 0 0 0 1 1 1 0 R 0
217 5341 19186 568 19203 548 4025 1 0 0 0 0 0 0 1 1 1 0 R 0
218 5364 22547 644 22575 622 5951 1 0 0 0 0 0 0 1 1 2 0 R 0
219 5393 28036 1007 28052 992 5996 1 0 0 0 0 0 0 1 1 1 0 R 0
220 5417 23604 1007 23626 994 6323 1 0 0 0 0 0 0 1 1 1 0 R 0
221 5437 18881 603 18895 580 3823 1 0 0 0 0 0 0 1 1 1 0 R 0
222 5459 20682 1530 20702 1514 3873 1 0 0 0 0 0 0 1 1 1 0 R 0
223 5497 36796 1058 36287 1115 4822 1 0 1 0 0 0 0 1 1 3 0 R 0
224 5525 26715 631 26630 607 6492 1 0 0 0 0 0 0 1 1 1 0 R 0
225 5548 22547 607 22572 588 8764 1 0 0 0 0 0 0 1 1 2 0 R 0
226 5572 23811 1019 23828 999 5309 1 0 0 0 0 0 0 1 1 1 0 R 0
227 5602 28822 1161 28960 1022 7266 1 0 0 0 0 0 0 1 1 1 0 R 0
228 5629 25306 940 25333 915 6388 1 0 0 0 0 0 0 1 1 1 0 R 0
229 5649 19127 984 19472 647 4024 1 0 0 0 0 0 0 1 1 1 0 R 0
230 5672 22767 878 22780 856 5426 1 0 0 0 0 0 0 1 1 1 0 R 0
231 5700 27041 575 27055 556 6587 1 0 0 0 0 0 0 1 1 1 0 R 0
232 5721 20261 941 20282 927 4554 1 0 0 0 0 0 0 1 1 2 0 R 0
233 5743 21019 633 21039 608 5462 1 0 0 0 0 0 0 1 1 1 0 R 0
234 5764 20515 585 20534 564 4188 1 0 0 0 0 0 0 1 1 1 0 R 0
235 5787 22144 609 22173 582 5491 1 0 0 0 0 0 0 1 1 1 0 R 0
236 5816 28130 1031 28154 1024 5199 1 0 0 0 0 0 0 1 1 1 0 R 0
237 5837 20117 605 20122 578 3917 1 0 0 0 0 0 0 1 1 2 0 R 0
238 5856 18542 798 18608 735 3879 1 0 0 0 0 0 0 1 1 1 0 R 0
239 5881 24442 1015 24463 993 4308 1 0 0 0 0 0 0 1 1 1 0 R 0
240 5917 34259 619 34285 594 14698 1 0 0 0 0 0 0 1 1 1 0 R 0
241 5941 23681 583 23703 562 6900 1 0 0 0 0 0 0 1 1 1 0 R 0
242 5960 18422 1721 18446 1724 3836 1 0 0 0 0 0 0 1 1 1 0 R 0
243 5985 23821 858 23820 834 4015 1 0 0 0 0 0 0 1 1 1 0 R 0
244 6015 28937 1043 28961 1017 6521 1 0 0 0 0 0 0 1 1 1 0 R 0
245 6042 25479 586 25499 566 6579 1 0 0 0 0 0 0 1 1 2 0 R 0
246 6062 19356 575 19374 552 3875 1 0 0 0 0 0 0 1 1 1 0 R 0
247 6087 24791 1392 24935 1271 5031 1 0 0 0 0 0 0 1 1 1 0 R 0
248 6110 21307 582 21304 570 5999 1 0 0 0 0 0 0 1 1 1 0 R 0
249 6129 18334 920 18678 570 3853 1 0 0 0 0 0 0 1 1 1 0 R 0
250 6150 20891 574 20912 554 5518 1 0 0 0 0 0 0 1 1 1 0 R 0
251 6172 21012 1306 21033 1293 4174 1 0 0 0 0 0 0 1 1 1 0 R 0
252 6201 27486 993 27594 878 5626 1 0 0 0 0 0 0 1 1 1 0 R 0
253 6231 29426 1031 29446 1316 7306 1 0 0 0 0 0 0 1 1 1 0 R 0
254 6253 20376 583 20093 562 4193 1 0 0 0 0 0 0 1 1 2 0 R 0
255 6277 23585 925 23606 908 7946 1 0 0 0 0 0 0 1 1 0 0 R 0
256 6305 27159 1017 27177 995 4679 1 0 0 0 0 0 0 1 1 2 0 R 0
257 6335 29555 1437 29576 1441 5822 1 0 0 0 0 0 0 1 1 1 0 R 0
258 6357 20376 589 20373 566 4759 1 0 0 0 0 0 0 1 1 1 0 R 0
259 6378 20472 979 20501 947 3818 1 0 0 0 0 0 0 1 1 1 0 R 0
260 6407 27419 1062 27447 1040 5191 1 0 0 0 0 0 0 1 1 1 0 R 0
261 6435 27161 603 27185 576 6580 1 0 0 0 0 0 0 1 1 1 0 R 0
262 6456 20248 593 20266 572 4250 1 0 0 0 0 0 0 1 1 2 0 R 0
263 6477 20503 640 20532 609 4452 1 0 0 0 0 0 0 1 1 1 0 R 0
264 6499 20959 925 20983 900 4731 1 0 0 0 0 0 0 1 1 1 0 R 0
265 6525 25331 883 24857 864 3795 1 0 1 0 0 0 0 1 1 1 0 R 0
266 6547 21850 596 21881 567 5179 1 0 0 0 0 0 0 1 1 1 0 R 0
267 6567 18690 588 18713 566 3811 1 0 0 0 0 0 0 1 1 1 0 R 0
268 6591 23710 592 23727 571 3853 1 0 0 0 0 0 0 1 1 1 0 R 0
269 6620 28243 1000 28261 977 6135 1 0 0 0 0 0 0 1 1 2 0 R 0
270 6646 25440 960 25473 936 13086 1 0 0 0 0 0 0 1 1 1 0 R 0
271 6667 20051 610 20069 596 3801 1 0 0 0 0 0 0 1 1 1 0 R 0
272 6688 19980 1514 19998 1496 3883 1 0 0 0 0 0 0 1 1 1 0 R 0
273 6716 26411 1062 26433 1039 4571 1 0 0 0 0 0 0 1 1 1 0 R 0
274 6747 29658 959 29682 929 8539 1 0 0 0 0 1 0 1 1 1 0 R 0
275 6768 20834 935 20865 912 4292 1 0 0 0 0 0 0 1 1 2 0 R 0
276 6791 21721 889 21733 983 3899 1 0 0 0 0 0 0 1 1 1 0 R 0
277 6820 28391 1049 28299 1027 4358 1 0 0 0 0 0 0 1 1 1 0 R 0
278 6849 27956 951 27987 930 6884 1 0 0 0 0 0 0 1 1 1 0 R 0
279 6871 21199 707 21229 665 4713 1 0 0 0 0 0 0 1 1 1 0 R 0
280 6892 20226 1080 20252 1064 4207 1 0 0 0 0 0 0 1 1 1 0 R 0
281 6917 23897 781 23916 764 5035 1 0 0 0 0 0 0 1 1 2 0 R 0
282 6937 19037 580 19052 556 3889 1 0 0 0 0 0 0 1 1 1 0 R 0
283 6960 21780 797 21801 777 4109 1 0 0 0 0 0 0 1 1 1 0 R 0
284 6980 19880 617 19898 600 3824 1 0 0 0 0 0 0 1 1 1 0 R 0
285 7007 26356 614 26380 585 10608 1 0 0 0 0 0 0 1 1 1 0 R 0
286 7037 29176 1042 29203 1133 5598 1 0 0 0 0 0 0 1 1 2 0 R 0
287 7063 25315 957 25263 889 6571 1 0 0 0 0 0 0 1 1 1 0 R 0
288 7085 20741 595 20771 567 4943 1 0 0 0 0 0 0 1 1 1 0 R 0
289 7110 23912 995 23927 979 4175 1 0 0 0 0 0 0 1 1 1 0 R 0
290 7137 26901 1034 26928 1015 6911 1 0 0 0 0 0 0 1 1 1 0 R 0
291 7162 23135 578 23150 557 7354 1 0 0 0 0 0 0 1 1 1 0 R 0
292 7181 19223 594 19244 574 3769 1 0 0 0 0 0 0 1 1 1 0 R 0
293 7204 21821 587 21844 565 3787 1 0 0 0 0 0 0 1 1 1 0 R 0
294 7232 27643 1027 27663 1020 5499 1 0 0 0 0 0 0 1 1 1 0 R 0
295 7257 23960 645 23972 622 8066 1 0 0 0 0 0 0 1 1 1 0 R 0
296 7277 19369 630 19386 605 4250 1 0 0 0 0 0 0 1 1 2 0 R 0
297 7298 20728 1085 20762 1061 3696 1 0 0 0 0 0 0 1 1 1 0 R 0
298 7326 25976 1639 25997 1625 5845 1 0 0 0 0 1 0 1 1 1 0 R 0
299 7355 27604 595 27615 573 6615 1 0 0 0 0 0 0 1 1 1 0 R 0
300 7378 22564 648 22585 625 8386 1 0 0 0 0 0 0 1 1 1 0 R 0
301 7399 20388 604 20432 558 3716 1 0 0 0 0 0 0 1 1 1 0 R 0
302 7425 24965 976 24995 953 4413 1 0 0 0 0 0 0 1 1 1 0 R 0
303 7453 27969 1030 27989 1008 6311 1 0 0 0 0 0 0 1 1 1 0 R 0
304 7475 20055 599 20078 575 4585 1 0 0 0 0 0 0 1 1 2 0 R 0
305 7494 18623 616 18644 592 4403 1 0 0 0 0 0 0 1 1 1 0 R 0
306 7516 21813 1129 21927 1032 5491 1 0 0 0 0 0 0 1 1 1 0 R 0
307 7543 25184 589 25194 563 5931 1 0 0 0 0 0 0 1 1 1 0 R 0
308 7567 24278 601 23223 574 5504 1 0 1 0 0 0 0 1 1 1 0 R 0
309 7587 19233 693 19298 625 3730 1 0 0 0 0 0 0 1 1 1 0 R 0
310 7608 20480 1333 20498 1311 3847 1 0 0 0 0 0 0 1 1 1 0 R 0
311 7636 25791 977 25910 862 4255 1 0 0 0 0 0 0 1 1 2 0 R 0
312 7663 26687 597 26711 570 5898 1 0 0 0 0 0 0 1 1 1 0 R 0
313 7683 19461 700 19484 676 4463 1 0 0 0 0 0 0 1 1 1 0 R 0
314 7705 21114 587 21140 564 4622 1 0 0 0 0 0 0 1 1 1 0 R 0
315 7735 29572 1290 29596 1275 9313 1 0 0 0 0 0 0 1 1 1 0 R 0
316 7764 27469 584 27484 558 6639 1 0 0 0 0 0 0 1 1 1 0 R 0
317 7785 20483 588 20506 564 4378 1 0 0 0 0 0 0 1 1 2 0 R 0
318 7810 24539 936 24572 919 4395 1 0 0 0 0 2 0 1 1 1 0 R 0
319 7874 62540 745 32673 708 32937 1 4 0 0 0 33 0 1 1 2 0 R 0
320 7897 22679 718 22724 688 7550 1 0 0 0 0 11 0 1 1 2 0 R 0
321 7920 22276 913 22277 896 3823 1 0 0 0 0 0 0 1 1 1 0 R 0
322 7948 27415 1699 27438 1797 5051 1 0 0 0 0 0 0 1 1 0 0 R 0
323 7974 23884 608 23790 586 7858 1 0 0 0 0 0 0 1 1 1 0 R 0
324 7995 20322 593 20340 569 4579 1 0 0 0 0 0 0 1 1 2 0 R 0
325 8015 19860 587 19882 565 4158 1 0 0 0 0 0 0 1 1 1 0 R 0
326 8043 27331 1085 27351 1202 6650 1 0 0 0 0 0 0 1 1 1 0 R 0
327 8073 28474 681 28382 645 7641 1 0 0 0 0 0 0 1 1 1 0 R 0
328 8095 21347 762 21375 723 4610 1 0 0 0 0 0 0 1 1 2 0 R 0
329 8116 20543 603 20573 576 4192 1 0 0 0 0 0 0 1 1 2 0 R 0
330 8153 36594 996 34812 875 14440 1 0 2 0 0 0 0 1 1 1 0 R 0
331 8179 24967 573 24986 552 7089 1 0 0 0 0 0 0 1 1 1 0 R 0
332 8200 19779 725 19807 699 4168 1 0 0 0 0 0 0 1 1 1 0 R 0
333 8221 20390 585 20409 568 3853 1 0 0 0 0 0 0 1 1 1 0 R 0
334 8247 26063 1032 26087 1868 6264 1 0 0 0 0 0 0 1 1 2 0 R 0
335 8277 28325 658 27488 643 8144 1 0 0 0 0 0 0 1 1 1 0 R 0
336 8297 19638 591 19650 567 4015 1 0 0 0 0 0 0 1 1 1 0 R 0
337 8320 21871 688 21889 673 3804 1 0 0 0 0 0 0 1 1 1 0 R 0
338 8345 25073 600 25098 573 4358 1 0 0 0 0 0 0 1 1 1 0 R 0
339 8370 24444 1158 24463 1144 4122 1 0 0 0 0 0 0 1 1 1 0 R 0
340 8396 24077 596 24095 571 7432 1 0 0 0 0 0 0 1 1 1 0 R 0
341 8416 19578 593 19601 570 4455 1 0 0 0 0 0 0 1 1 1 0 R 0
342 8440 23992 1019 24014 999 5870 1 0 0 0 0 0 0 1 1 1 0 R 0
343 8468 26880 1492 26993 1511 6289 1 0 0 0 0 0 0 1 1 1 0 R 0
344 8494 23731 653 23624 629 6605 1 0 0 0 0 0 0 1 1 2 0 R 0
345 8516 21788 626 21811 605 8976 1 0 0 0 0 0 0 1 1 1 0 R 0
346 8543 26145 1050 24796 1038 7308 1 0 1 0 0 0 0 1 1 1 0 R 0
347 8572 28224 1000 28334 1007 5781 1 0 0 0 0 0 0 1 1 1 0 R 0
348 8595 22202 594 22098 568 6828 1 0 0 0 0 0 0 1 1 1 0 R 0
349 8615 19192 573 19213 557 4146 1 0 0 0 0 0 0 1 1 2 0 R 0
350 8639 23758 686 23787 652 4114 1 0 0 0 0 0 0 1 1 2 0 R 0
351 8663 22751 952 22776 933 5465 1 0 0 0 0 0 0 1 1 1 0 R 0
352 8689 25577 958 25600 932 5922 1 0 0 0 0 0 0 1 1 1 0 R 0
353 8711 20353 604 20389 565 4097 1 0 0 0 0 0 0 1 1 1 0 R 0
354 8732 20522 590 20547 566 3754 1 0 0 0 0 0 0 1 1 1 0 R 0
355 8758 25488 1717 25516 1792 6346 1 0 0 0 0 0 0 1 1 1 0 R 0
356 8788 28499 619 28425 595 6856 1 0 0 0 0 0 0 1 1 1 0 R 0
357 8808 18926 602 18950 576 4005 1 0 0 0 0 0 0 1 1 1 0 R 0
358 8827 18921 623 18944 2065 3814 1 0 0 0 0 0 0 1 1 2 0 R 0
359 8854 26482 1028 25039 1010 3964 1 0 0 0 0 0 0 1 1 1 0 R 0
360 8889 34017 1163 34026 1160 12379 1 0 0 0 0 0 0 1 1 1 0 R 0
361 8913 22535 594 22552 570 7969 1 0 0 0 0 0 0 1 1 1 0 R 0
362 8935 21170 600 21191 579 4375 1 0 0 0 0 0 0 1 1 1 0 R 0
363 8961 25816 1005 25832 995 5134 1 0 0 0 0 0 0 1 1 1 0 R 0
364 8991 29134 1063 29139 1062 6502 1 0 0 0 0 0 0 1 1 1 0 R 0
365 9011 18965 575 18972 551 3960 1 0 0 0 0 0 0 1 1 2 0 R 0
366 9031 19097 612 19118 602 3783 1 0 0 0 0 0 0 1 1 1 0 R 0
367 9055 23194 693 23224 663 5757 1 0 0 0 0 1 0 1 1 1 0 R 0
368 9076 20903 1024 20939 989 4493 1 0 0 0 0 0 0 1 1 1 0 R 0
369 9099 21786 1155 21792 1137 4196 1 0 0 0 0 0 0 1 1 2 0 R 0
370 9120 19937 624 19957 602 4199 1 0 0 0 0 0 0 1 1 1 0 R 0
371 9141 20518 590 20541 570 4200 1 0 0 0 0 0 0 1 1 1 0 R 0
372 9165 23141 690 22372 657 4015 1 0 1 0 0 0 0 1 1 1 0 R 0
373 9192 25775 1097 25877 991 4657 1 0 0 0 0 0 0 1 1 1 0 R 0
374 9215 21828 582 21843 566 4743 1 0 0 0 0 0 0 1 1 1 0 R 0
375 9237 21993 2176 22010 2163 8772 1 0 0 0 0 0 0 1 1 2 0 R 0
376 9265 25298 1012 25310 994 3836 1 0 0 0 0 0 0 1 1 1 0 R 0
377 9295 29082 1164 29199 1048 7200 1 0 0 0 0 0 0 1 1 1 0 R 0
378 9317 20856 591 20877 568 3796 1 0 0 0 0 0 0 1 1 1 0 R 0
379 9336 18413 834 18465 788 3661 1 0 0 0 0 0 0 1 1 1 0 R 0
380 9358 21558 964 21576 945 5612 1 0 0 0 0 0 0 1 1 1 0 R 0
381 9383 24292 1169 24561 1007 4264 1 0 0 0 0 0 0 1 1 2 0 R 0
382 9413 28724 797 28631 782 6319 1 0 0 0 0 0 0 1 1 1 0 R 0
383 9434 19771 670 19803 632 4556 1 0 0 0 0 0 0 1 1 1 0 R 0
384 9456 21032 940 21054 919 4298 1 0 0 0 0 0 0 1 1 1 0 R 0
385 9488 31016 1012 30366 982 5485 1 0 1 0 0 0 0 1 1 2 0 R 0
386 9512 23406 591 23431 569 6458 1 0 0 0 0 0 0 1 1 0 0 R 0
387 9533 20037 569 20055 547 3827 1 0 0 0 0 0 0 1 1 2 0 R 0
388 9553 20057 593 20083 570 4311 1 0 0 0 0 0 0 1 1 1 0 R 0
389 9581 26787 1052 26806 1044 5211 1 0 0 0 0 0 0 1 1 1 0 R 0
390 9611 29760 825 29772 809 13136 1 0 0 0 0 0 0 1 1 1 0 R 0
391 9632 19461 579 19476 561 4158 1 0 0 0 0 0 0 1 1 1 0 R 0
392 9653 21174 597 21197 576 4403 1 0 0 0 0 0 0 1 1 1 0 R 0
393 9681 27421 1152 27437 1146 5930 1 0 0 0 0 0 0 1 1 1 0 R 0
394 9711 28496 1004 28501 993 7228 1 0 0 0 0 0 0 1 1 1 0 R 0
395 9733 21284 589 21300 568 6849 1 0 0 0 0 0 0 1 1 1 0 R 0
396 9754 20460 599 20484 577 4157 1 0 0 0 0 0 0 1 1 2 0 R 0
397 9782 27118 1195 27135 1297 5729 1 0 0 0 0 0 0 1 1 1 0 R 0
398 9812 28716 574 28611 555 7798 1 0 0 0 0 0 0 1 1 1 0 R 0
399 9832 19363 1651 19385 1672 4062 1 0 0 0 0 0 0 1 1 1 0 R 0
400 9855 21340 1602 21324 1596 4795 1 0 0 0 0 1 0 1 1 1 0 R 0
401 9883 26173 1033 26173 1018 4804 1 0 0 0 0 0 0 1 1 1 0 R 0
402 9913 28832 898 28846 1170 6175 1 0 0 0 0 0 0 1 1 1 0 R 0
403 9936 22481 991 22214 967 7235 1 0 0 0 0 0 0 1 1 1 0 R 0
404 9958 21359 1012 21381 992 3876 1 0 0 0 0 0 0 1 1 1 0 R 0
405 9989 29215 1675 29868 1024 11100 1 0 0 0 0 0 0 1 1 2 0 R 0
406 10018 27966 1723 28005 1693 7534 1 0 0 0 0 0 0 1 1 1 0 R 0
407 10042 22442 640 22451 618 6212 1 0 0 0 0 0 0 1 1 1 0 R 0
408 10063 20223 606 20249 575 3796 1 0 0 0 0 0 0 1 1 1 0 R 0
409 10091 27081 808 27130 759 6281 1 0 0 0 0 0 0 1 1 1 0 R 0
410 10110 18471 606 18494 591 3777 1 0 0 0 0 0 0 1 1 1 0 R 0
411 10133 21776 782 21794 764 3751 1 0 0 0 0 0 0 1 1 1 0 R 0
412 10153 19324 583 19346 555 4501 1 0 0 0 0 0 0 1 1 1 0 R 0
413 10177 23295 598 23320 572 5262 1 0 0 0 0 0 0 1 1 2 0 R 0
414 10208 30330 1065 30361 1044 5755 1 0 0 0 0 0 0 1 1 1 0 R 0
415 10232 23335 576 23348 561 7268 1 0 0 0 0 0 0 1 1 1 0 R 0
416 10251 18983 579 19001 555 3822 1 0 0 0 0 0 0 1 1 1 0 R 0
417 10273 20537 1002 20652 1000 3801 1 0 0 0 0 0 0 1 1 1 0 R 0
418 10303 29396 1315 29400 1211 4945 1 0 0 0 0 0 0 1 1 2 0 R 0
419 10330 25264 572 25270 554 7076 1 0 0 0 0 0 0 1 1 1 0 R 0
420 10352 21524 592 21546 572 8623 1 0 0 0 0 0 0 1 1 1 0 R 0
421 10373 20927 1046 20948 1033 3785 1 0 0 0 0 0 0 1 1 1 0 R 0
422 10401 27245 987 27345 999 5176 1 0 0 0 0 0 0 1 1 1 0 R 0
423 10429 26562 689 26483 648 7213 1 0 0 0 0 0 0 1 1 1 0 R 0
424 10450 20261 604 20307 560 3872 1 0 0 0 0 0 0 1 1 2 0 R 0
425 10471 20294 576 20307 561 3780 1 0 0 0 0 0 0 1 1 1 0 R 0
426 10496 24450 1043 24476 1124 4715 1 0 0 0 0 0 0 1 1 1 0 R 0
427 10528 30847 1155 30383 1056 6949 1 0 1 0 0 0 0 1 1 1 0 R 0
428 10548 19028 608 19032 588 4101 1 0 0 0 0 0 0 1 1 1 0 R 0
429 10568 19253 599 19277 575 3838 1 0 0 0 0 0 0 1 1 1 0 R 0
430 10594 25397 1022 25515 1224 3946 1 0 0 0 0 0 0 1 1 1 0 R 0
431 10624 29055 1031 28755 1014 7409 1 0 0 0 0 0 0 1 1 1 0 R 0
432 10646 21008 592 21024 569 5144 1 0 0 0 0 0 0 1 1 1 0 R 0
433 10666 19338 585 19363 565 3999 1 0 0 0 0 0 0 1 1 2 0 R 0
434 10689 22944 904 22959 900 5460 1 0 0 0 0 0 0 1 1 1 0 R 0
435 10724 33238 1023 33251 998 12719 1 0 0 0 0 0 0 1 1 1 0 R 0
436 10747 22171 628 22190 609 6890 1 0 0 0 0 0 0 1 1 1 0 R 0
437 10766 18737 679 18779 637 3828 1 0 0 0 0 0 0 1 1 1 0 R 0
438 10790 23156 649 23175 625 4206 1 0 0 0 0 0 0 1 1 1 0 R 0
439 10818 27675 1519 27702 1500 5467 1 0 0 0 0 0 0 1 1 2 0 R 0
440 10848 27798 893 27818 869 7418 1 0 0 0 0 0 0 1 1 1 0 R 0
441 10868 19981 947 20008 925 4145 1 0 0 0 0 0 0 1 1 1 0 R 0
442 10893 23322 596 23342 574 3856 1 0 0 0 0 0 0 1 1 1 0 R 0
443 10919 25197 1853 25313 1751 5927 1 0 0 0 0 0 0 1 1 1 0 R 0
444 10949 28987 858 28986 847 8427 1 0 0 0 0 0 0 1 1 1 0 R 0
445 10970 19823 579 19837 560 3843 1 0 0 0 0 0 0 1 1 1 0 R 0
446 10993 22803 876 22823 855 3854 1 0 0 0 0 0 0 1 1 2 0 R 0
447 11023 28733 1028 28895 867 6114 1 0 0 0 0 1 0 1 1 1 0 R 0
448 11043 18478 593 18499 570 4210 1 0 0 0 0 0 0 1 1 1 0 R 0
449 11064 20928 591 20952 566 6899 1 0 0 0 0 0 0 1 1 1 0 R 0
450 11088 23293 1025 23321 1008 7652 1 0 0 0 0 0 0 1 1 1 0 R 0
451 11116 26938 1036 27057 1037 5424 1 0 0 0 0 0 0 1 1 1 0 R 0
452 11145 28170 594 28062 570 6333 1 0 0 0 0 0 0 1 1 1 0 R 0
453 11165 19005 591 19029 567 4453 1 0 0 0 0 0 0 1 1 1 0 R 0
454 11186 20951 818 21073 701 4211 1 0 0 0 0 0 0 1 1 1 0 R 0
455 11212 25301 583 19763 559 12804 1 0 2 0 0 0 0 1 1 1 0 R 0
456 11234 21021 586 21050 567 3889 1 0 0 0 0 0 0 1 1 2 0 R 0
457 11256 21364 874 21382 850 4304 1 0 0 0 0 0 0 1 1 1 0 R 0
458 11278 21001 645 21021 626 4707 1 0 0 0 0 0 0 1 1 1 0 R 0
459 11302 23932 590 23955 566 3653 1 0 0 0 0 0 0 1 1 1 0 R 0
460 11331 27994 976 28103 990 6689 1 0 0 0 0 0 0 1 1 1 0 R 0
461 11355 23215 599 23120 572 7393 1 0 0 0 0 1 0 1 1 1 0 R 0
462 11375 19086 581 19106 559 4290 1 0 0 0 0 0 0 1 1 2 0 R 0
463 11396 20680 616 20701 601 4330 1 0 0 0 0 0 0 1 1 1 0 R 0
464 11425 28045 1014 28067 988 4987 1 0 0 0 0 0 0 1 1 1 0 R 0
465 11455 28803 761 28833 732 13602 1 0 0 0 0 0 0 1 1 1 0 R 0
466 11474 19071 674 19106 637 4518 1 0 0 0 0 0 0 1 1 1 0 R 0
467 11497 21499 603 21133 576 5053 1 0 1 0 0 0 0 1 1 1 0 R 0
468 11524 26914 1193 26934 1188 5101 1 0 0 0 0 0 0 1 1 1 0 R 0
469 11553 27905 601 27912 585 7021 1 0 0 0 0 0 0 1 1 1 0 R 0
470 11574 20117 589 20131 570 4882 1 0 0 0 0 0 0 1 1 1 0 R 0
471 11596 21138 900 21159 876 4238 1 0 0 0 0 0 0 1 1 1 0 R 0
472 11622 25612 1037 25632 1023 4545 1 0 0 0 0 0 0 1 1 2 0 R 0
473 11653 29950 1034 29969 1015 6294 1 0 0 0 0 0 0 1 1 1 0 R 0
474 11677 22329 630 22349 608 7390 1 0 0 0 0 0 0 1 1 1 0 R 0
475 11698 21126 1310 21241 1191 3822 1 0 0 0 0 0 0 1 1 1 0 R 0
476 11725 25038 1045 25062 1027 4169 1 0 0 0 0 0 0 1 1 1 0 R 0
477 11756 29810 1027 29828 1004 6323 1 0 0 0 0 0 0 1 1 1 0 R 0
478 11777 19965 592 19989 567 4400 1 0 0 0 0 0 0 1 1 1 0 R 0
479 11796 19053 568 19071 549 3773 1 0 0 0 0 0 0 1 1 1 0 R 0
480 11826 28798 1517 28916 1410 10996 1 0 0 0 0 0 0 1 1 1 0 R 0
481 11856 29066 1005 29080 978 6622 1 0 0 0 0 0 0 1 1 1 0 R 0
482 11881 23436 640 23469 605 6666 1 0 0 0 0 0 0 1 1 2 0 R 0
483 11901 20102 982 20212 873 3826 1 0 0 0 0 0 0 1 1 1 0 R 0
484 11929 26260 1476 26738 1139 4475 1 0 0 0 0 1 0 1 1 1 0 R 0
485 11959 28582 1309 28782 1102 7378 1 0 0 0 0 0 0 1 1 1 0 R 0
486 11981 21274 576 21166 550 4592 1 0 0 0 0 0 0 1 1 1 0 R 0
487 12000 18615 890 18649 862 3838 1 0 0 0 0 0 0 1 1 2 0 R 0
488 12025 23815 1068 23837 1051 5937 1 0 0 0 0 0 0 1 1 1 0 R 0
489 12056 29839 1060 29945 961 6643 1 0 0 0 0 0 0 1 1 1 0 R 0
490 12078 21141 986 21150 974 5361 1 0 0 0 0 0 0 1 1 1 0 R 0
491 12098 19043 1049 19075 1007 3849 1 0 0 0 0 0 0 1 1 1 0 R 0
492 12122 22982 593 23004 569 4700 1 0 0 0 0 0 0 1 1 1 0 R 0
493 12151 28166 997 28186 990 7612 1 0 0 0 0 0 0 1 1 1 0 R 0
494 12176 23739 614 23757 580 7738 1 0 0 0 0 0 0 1 1 1 0 R 0
495 12200 23934 577 23956 559 9202 1 0 0 0 0 0 0 1 1 2 0 R 0
496 12224 23008 609 23034 584 3867 1 0 0 0 0 0 0 1 1 1 0 R 0
497 12251 26941 1008 26959 996 6514 1 0 0 0 0 0 0 1 1 1 0 R 0
498 12276 23504 964 23519 938 6562 1 0 0 0 0 0 0 1 1 1 0 R 0
499 12296 19020 577 19041 559 3772 1 0 0 0 0 0 0 1 1 1 0 R 0
500 12317 20288 605 20313 580 4259 1 0 0 0 0 0 0 1 1 1 0 R 0
501 12337 19607 589 19629 567 4170 1 0 0 0 0 0 0 1 1 1 0 R 0
502 12358 20829 902 20847 883 4188 1 0 0 0 0 0 0 1 1 1 0 R 0
503 12380 20503 1240 20517 1233 3992 1 0 0 0 0 1 0 1 1 2 0 R 0
504 12400 19185 629 19199 602 3885 1 0 0 0 0 0 0 1 1 1 0 R 0
505 12421 20342 850 20360 835 3837 1 0 0 0 0 0 0 1 1 1 0 R 0
506 12445 22889 1203 22911 1197 4618 1 0 0 0 0 0 0 1 1 1 0 R 0
507 12473 26762 1198 26764 1203 5144 1 0 0 0 0 0 0 1 1 1 0 R 0
508 12496 22345 593 22343 568 7323 1 0 0 0 0 0 0 1 1 1 0 R 0
509 12518 20602 688 20630 661 3868 1 0 0 0 0 0 0 1 1 1 0 R 0
510 12552 33445 1064 32356 1144 11175 1 0 1 0 0 0 0 1 1 1 0 R 0
511 12588 34670 1040 34713 1394 6706 1 0 0 0 0 0 0 1 1 4 0 R 0
512 12611 22206 662 21753 614 3825 1 0 0 0 0 0 0 1 1 2 0 R 0
513 12634 22685 595 22706 573 4764 1 0 0 0 0 0 0 1 1 1 0 R 0
514 12664 29116 1008 29233 1013 7644 1 0 0 0 0 0 0 1 1 2 0 R 0
515 12686 21173 952 21075 932 4252 1 0 0 0 0 0 0 1 1 1 0 R 0
516 12708 20814 644 20840 611 4293 1 0 0 0 0 0 0 1 1 1 0 R 0
517 12730 21760 1017 21871 910 3780 1 0 0 0 0 0 0 1 1 1 0 R 0
518 12758 26482 2007 26506 1992 4311 1 0 0 0 0 0 0 1 1 1 0 R 0
519 12787 27137 942 27150 923 7575 1 0 0 0 0 0 0 1 1 1 0 R 0
520 12809 21516 567 21529 548 4673 1 0 0 0 0 0 0 1 1 1 0 R 0
521 12832 21615 581 21634 558 3763 1 0 0 0 0 0 0 1 1 1 0 R 0
522 12861 28520 1045 28557 1015 5046 1 0 0 0 0 0 0 1 1 2 0 R 0
523 12887 25060 605 25088 576 7161 1 0 0 0 0 0 0 1 1 1 0 R 0
524 12907 19867 586 19887 563 3997 1 0 0 0 0 0 0 1 1 1 0 R 0
525 12933 25242 908 25267 890 7412 1 0 0 0 0 0 0 1 1 1 0 R 0
526 12963 28668 1026 28683 1128 5431 1 0 0 0 0 0 0 1 1 2 0 R 0
527 12992 28710 932 28611 912 7308 1 0 0 0 0 0 0 1 1 1 0 R 0
528 13015 21605 597 21628 574 5511 1 0 0 0 0 0 0 1 1 1 0 R 0
529 13037 21554 763 21575 742 4242 1 0 0 0 0 0 0 1 1 1 0 R 0
530 13066 27899 1009 28020 1014 4072 1 0 0 0 0 0 0 1 1 1 0 R 0
531 13093 25984 834 25883 814 6558 1 0 0 0 0 0 0 1 1 1 0 R 0
532 13113 19479 804 19511 763 4536 1 0 0 0 0 0 0 1 1 1 0 R 0
533 13135 20713 1773 20751 1754 4379 1 0 0 0 0 0 0 1 1 1 0 R 0
534 13163 26822 1020 26829 1003 5830 1 0 0 0 0 0 0 1 1 2 0 R 0
535 13195 30931 1040 30947 1031 6538 1 0 0 0 0 0 0 1 1 1 0 R 0
536 13218 21500 595 21515 569 5323 1 0 0 0 0 0 0 1 1 1 0 R 0
537 13239 20312 1169 20337 1142 3831 1 0 0 0 0 0 0 1 1 1 0 R 0
538 13267 27599 1041 27626 1018 5170 1 0 0 0 0 0 0 1 1 2 0 R 0
539 13295 26780 607 26796 584 6671 1 0 0 0 0 0 0 1 1 0 0 R 0
540 13319 23474 690 23515 651 8659 1 0 0 0 0 0 0 1 1 1 0 R 0
541 13343 22727 1018 22766 977 3837 1 0 0 0 0 0 0 1 1 2 0 R 0
542 13379 34963 1627 35457 1136 5445 1 0 0 0 0 0 0 1 1 5 0 R 0
543 13407 27166 771 27222 727 7277 1 0 0 0 0 0 0 1 1 1 0 R 0
544 13427 18839 636 18849 610 3731 1 0 0 0 0 0 0 1 1 2 0 R 0
545 13449 20877 1301 21517 663 3825 1 0 0 0 0 0 0 1 1 1 0 R 0
546 13471 21603 1140 21718 1028 3912 1 0 0 0 0 0 0 1 1 1 0 R 0
547 13504 31078 933 30183 835 9583 1 0 1 0 0 0 0 1 1 1 0 R 0
548 13526 21885 600 21903 574 5465 1 0 0 0 0 0 0 1 1 2 0 R 0
549 13548 21123 1666 21258 1537 3808 1 0 0 0 0 0 0 1 1 2 0 R 0
550 13577 27468 1211 27602 1088 4396 1 0 0 0 0 0 0 1 1 0 0 R 0
551 13614 35564 617 35574 595 8324 1 0 0 0 0 0 0 1 1 2 0 R 0
552 13634 19335 599 19358 574 4604 1 0 0 0 0 0 0 1 1 2 0 R 0
553 13657 22769 598 22794 571 4179 1 0 0 0 0 0 0 1 1 0 0 R 0
554 13687 29323 1056 29351 1036 5869 1 0 0 0 0 1 0 1 1 1 0 R 0
555 13713 24926 845 25017 751 7796 1 0 0 0 0 0 0 1 1 2 0 R 0
556 13734 20285 679 20326 636 4359 1 0 0 0 0 0 0 1 1 1 0 R 0
557 13756 20636 591 20658 565 4219 1 0 0 0 0 0 0 1 1 1 0 R 0
558 13784 27589 1149 27709 1033 4051 1 0 0 0 0 0 0 1 1 1 0 R 0
559 13811 25510 616 25545 595 7227 1 0 0 0 0 0 0 1 1 1 0 R 0
560 13830 19211 580 19214 563 4198 1 0 0 0 0 0 0 1 1 1 0 R 0
561 13852 20623 584 20640 570 3815 1 0 0 0 0 0 0 1 1 1 0 R 0
562 13877 24747 1054 24769 1032 5660 1 0 0 0 0 0 0 1 1 2 0 R 0
563 13908 29719 1207 29790 1143 6616 1 0 0 0 0 0 0 1 1 1 0 R 0
564 13928 19139 960 19153 942 3974 1 0 0 0 0 0 0 1 1 1 0 R 0
565 13950 20719 1024 20727 1008 3785 1 0 0 0 0 0 0 1 1 1 0 R 0
566 13972 21620 713 21644 694 4591 1 0 0 0 0 0 0 1 1 1 0 R 0
567 14000 27347 1323 27453 1233 5707 1 0 0 0 0 0 0 1 1 1 0 R 0
568 14024 22507 607 22515 582 6554 1 0 0 0 0 0 0 1 1 1 0 R 0
569 14044 18947 620 18965 604 4139 1 0 0 0 0 0 0 1 1 1 0 R 0
570 14070 25914 1000 25929 988 10308 1 0 0 0 0 0 0 1 1 2 0 R 0
571 14101 29286 1298 29391 1200 7678 1 0 0 0 0 0 0 1 1 1 0 R 0
572 14124 22111 640 22120 611 7123 1 0 0 0 0 0 0 1 1 0 0 R 0
573 14144 18960 688 19004 652 4210 1 0 0 0 0 0 0 1 1 2 0 R 0
574 14168 23951 990 23973 965 4086 1 0 0 0 0 0 0 1 1 2 0 R 0
575 14196 26913 1013 26936 991 5976 1 0 0 0 0 1 0 1 1 1 0 R 0
576 14222 24778 621 24798 597 6610 1 0 0 0 0 0 0 1 1 1 0 R 0
577 14242 18939 570 18961 553 4209 1 0 0 0 0 0 0 1 1 1 0 R 0
578 14263 21157 662 21191 625 3753 1 0 0 0 0 0 0 1 1 1 0 R 0
579 14293 28624 973 28734 986 5853 1 0 0 0 0 0 0 1 1 1 0 R 0
580 14321 27177 586 27074 567 7031 1 0 0 0 0 0 0 1 1 1 0 R 0
581 14341 19714 586 19733 561 4131 1 0 0 0 0 0 0 1 1 1 0 R 0
582 14363 21111 589 21137 569 4311 1 0 0 0 0 0 0 1 1 2 0 R 0
583 14388 24690 1552 24725 1629 4962 1 0 0 0 0 0 0 1 1 1 0 R 0
584 14415 25893 1000 25802 978 4890 1 0 0 0 0 0 0 1 1 0 0 R 0
585 14441 24277 605 24297 583 8626 1 0 0 0 0 0 0 1 1 2 0 R 0
586 14460 18379 1525 18397 1625 3787 1 0 0 0 0 0 0 1 1 1 0 R 0
587 14486 25072 999 25075 982 4335 1 0 0 0 0 0 0 1 1 1 0 R 0
588 14517 29412 1179 29581 1020 6485 1 0 0 0 0 0 0 1 1 1 0 R 0
589 14543 25456 595 24341 570 8810 1 0 1 0 0 0 0 1 1 1 0 R 0
590 14565 20556 776 20673 659 4223 1 0 0 0 0 0 0 1 1 1 0 R 0
591 14590 25096 989 25115 975 4035 1 0 0 0 0 0 0 1 1 1 0 R 0
592 14617 25901 1217 26054 1058 7138 1 0 0 0 0 0 0 1 1 2 0 R 0
593 14643 24807 585 24833 557 7787 1 0 0 0 0 0 0 1 1 0 0 R 0
594 14663 18871 593 18897 572 4575 1 0 0 0 0 0 0 1 1 2 0 R 0
595 14687 23931 1024 23958 1107 5010 1 0 0 0 0 0 0 1 1 1 0 R 0
596 14711 22490 650 22419 613 6227 1 0 0 0 0 0 0 1 1 1 0 R 0
597 14731 19196 580 19232 538 3862 1 0 0 0 0 0 0 1 1 1 0 R 0
598 14753 21545 608 21575 579 6931 1 0 0 0 0 0 0 1 1 1 0 R 0
599 14774 20503 619 20528 599 4147 1 0 0 0 0 0 0 1 1 1 0 R 0
600 14806 31438 1133 31545 1030 10581 1 0 0 0 0 0 0 1 1 1 0 R 0
601 14837 29755 957 29775 933 6492 1 0 0 0 0 0 0 1 1 1 0 R 0
602 14860 21866 571 21881 552 4064 1 0 0 0 0 0 0 1 1 1 0 R 0
603 14881 20976 1004 20994 991 3869 1 0 0 0 0 0 0 1 1 2 0 R 0
604 14911 28792 986 28806 974 5583 1 0 0 0 0 0 0 1 1 1 0 R 0
605 14937 25108 1432 25162 1385 6688 1 0 0 0 0 1 0 1 1 1 0 R 0
606 14957 18630 597 18643 572 4146 1 0 0 0 0 0 0 1 1 1 0 R 0
607 14979 21517 563 21529 547 3719 1 0 0 0 0 0 0 1 1 1 0 R 0
608 15006 26447 1361 26475 1644 5270 1 0 0 0 0 0 0 1 1 2 0 R 0
609 15036 28433 991 28148 969 6157 1 0 0 0 0 0 0 1 1 0 0 R 0
610 15059 21520 1015 21844 688 6017 1 0 0 0 0 0 0 1 1 1 0 R 0
611 15080 20786 581 20806 558 3687 1 0 0 0 0 0 0 1 1 2 0 R 0
612 15106 25312 1001 25340 989 5120 1 0 0 0 0 0 0 1 1 1 0 R 0
613 15137 29787 1144 29900 1025 5916 1 0 0 0 0 0 0 1 1 1 0 R 0
614 15161 22804 587 22816 570 6208 1 0 0 0 0 0 0 1 1 1 0 R 0
615 15185 23687 603 23707 575 8001 1 0 0 0 0 0 0 1 1 1 0 R 0
616 15213 27049 589 27078 567 4844 1 0 0 0 0 0 0 1 1 1 0 R 0
617 15232 18907 602 18954 552 4329 1 0 0 0 0 0 0 1 1 1 0 R 0
618 15254 21290 873 21311 862 3837 1 0 0 0 0 0 0 1 1 1 0 R 0
619 15275 20008 592 20019 572 4439 1 0 0 0 0 0 0 1 1 2 0 R 0
620 15298 22103 1541 22126 1524 6084 1 0 0 0 0 0 0 1 1 1 0 R 0
621 15328 28348 1683 28366 1669 7688 1 0 0 0 0 0 0 1 1 1 0 R 0
622 15352 22885 589 22898 565 8902 1 0 0 0 0 0 0 1 1 2 0 R 0
623 15372 19013 586 19035 568 3819 1 0 0 0 0 0 0 1 1 1 0 R 0
624 15394 21842 680 21858 657 3745 1 0 0 0 0 0 0 1 1 1 0 R 0
625 15421 26209 1032 26233 1129 4886 1 0 0 0 0 0 0 1 1 1 0 R 0
626 15447 24873 601 24782 574 7589 1 0 0 0 0 0 0 1 1 1 0 R 0
627 15467 19075 673 19118 631 4220 1 0 0 0 0 0 0 1 1 1 0 R 0
628 15491 23324 588 22798 569 3882 1 0 1 0 0 0 0 1 1 1 0 R 0
629 15516 24782 2314 25396 1718 6327 1 0 0 0 0 0 0 1 1 2 0 R 0
630 15552 33853 667 33927 568 13117 1 0 0 0 0 0 0 1 1 0 0 R 0
631 15574 20722 703 20770 653 6046 1 0 0 0 0 0 0 1 1 1 0 R 0
632 15595 19973 599 19998 577 4391 1 0 0 0 0 0 0 1 1 2 0 R 0
633 15623 28237 978 28348 868 5850 1 0 0 0 0 0 0 1 1 1 0 R 0
634 15651 26853 593 26875 570 7148 1 0 0 0 0 0 0 1 1 1 0 R 0
635 15671 19687 578 19709 558 3772 1 0 0 0 0 0 0 1 1 1 0 R 0
636 15693 20511 676 20531 654 3737 1 0 0 0 0 0 0 1 1 2 0 R 0
637 15718 24810 1930 24853 1913 5536 1 0 0 0 0 0 0 1 1 1 0 R 0
638 15748 27716 1885 27812 1798 7884 1 0 0 0 0 0 0 1 1 1 0 R 0
639 15770 20744 578 20730 560 4039 1 0 0 0 0 0 0 1 1 1 0 R 0
640 15790 19583 1544 19598 1534 3830 1 0 0 0 0 0 0 1 1 1 0 R 0
641 15814 21712 1073 21846 935 4352 1 0 0 0 0 0 0 1 1 1 0 R 0
642 15842 27144 1118 27253 1007 6274 1 0 0 0 0 0 0 1 1 1 0 R 0
643 15864 20946 601 20967 579 6610 1 0 0 0 0 0 0 1 1 1 0 R 0
644 15884 19318 586 19337 567 4242 1 0 0 0 0 0 0 1 1 1 0 R 0
645 15911 26530 585 26549 563 9658 1 0 0 0 0 0 0 1 1 1 0 R 0
646 15937 25102 1117 25220 1002 6614 1 0 0 0 0 0 0 1 1 1 0 R 0
647 15966 28505 1234 28921 819 7379 1 0 0 0 0 1 0 1 1 1 0 R 0
648 15988 20190 604 20210 577 3830 1 0 0 0 0 0 0 1 1 1 0 R 0
649 16011 23005 649 23026 634 3693 1 0 0 0 0 0 0 1 1 1 0 R 0
650 16035 22793 919 22814 893 6085 1 0 0 0 0 0 0 1 1 2 0 R 0
651 16065 28987 959 29013 936 5445 1 0 0 0 0 0 0 1 1 1 0 R 0
652 16087 21160 610 21187 580 4577 1 0 0 0 0 0 0 1 1 1 0 R 0
653 16109 21020 2211 21044 2192 3752 1 0 0 0 0 0 0 1 1 2 0 R 0
654 16139 27842 1722 27860 1709 4331 1 0 0 0 0 0 0 1 1 1 0 R 0
655 16165 24336 1012 24351 1004 8195 1 0 0 0 0 0 0 1 1 1 0 R 0
656 16187 20985 786 21009 761 6217 1 0 0 0 0 0 0 1 1 1 0 R 0
657 16207 19790 596 19801 564 3802 1 0 0 0 0 0 0 1 1 1 0 R 0
658 16235 27696 1480 27721 1604 5816 1 0 0 0 0 0 0 1 1 1 0 R 0
659 16267 29845 1394 29734 1378 6630 1 0 0 0 0 0 0 1 1 1 0 R 0
660 16292 23936 598 23943 573 11239 1 0 0 0 0 0 0 1 1 1 0 R 0
661 16313 20672 1026 20694 1006 3867 1 0 0 0 0 0 0 1 1 1 0 R 0
662 16343 28932 1279 28950 1272 4881 1 0 0 0 0 0 0 1 1 1 0 R 0
663 16370 25212 773 25216 755 7233 1 0 0 0 0 0 0 1 1 1 0 R 0
664 16390 19043 669 19059 651 4178 1 0 0 0 0 0 0 1 1 2 0 R 0
665 16411 20162 600 20180 584 3603 1 0 0 0 0 0 0 1 1 1 0 R 0
666 16437 25442 1004 25563 1001 4975 1 0 0 0 0 0 0 1 1 1 0 R 0
667 16467 29509 814 29416 793 6284 1 0 0 0 0 0 0 1 1 1 0 R 0
668 16487 19337 595 19356 574 4066 1 0 0 0 0 0 0 1 1 1 0 R 0
669 16506 18401 1075 18419 1052 3733 1 0 0 0 0 0 0 1 1 1 0 R 0
670 16536 28676 1003 27667 1011 4082 1 0 1 0 0 0 0 1 1 1 0 R 0
671 16565 27911 995 27906 878 6505 1 0 0 0 0 0 0 1 1 1 0 R 0
672 16586 20484 629 20508 602 4015 1 0 0 0 0 0 0 1 1 1 0 R 0
673 16606 19335 590 19364 565 3803 1 0 0 0 0 0 0 1 1 1 0 R 0
674 16631 24282 1387 24402 1267 5455 1 0 0 0 0 0 0 1 1 2 0 R 0
675 16665 32519 1003 32544 981 12889 1 0 0 0 0 0 0 1 1 1 0 R 0
676 16688 22104 1009 22124 990 4595 1 0 0 0 0 0 0 1 1 1 0 R 0
677 16708 18495 589 18511 567 3689 1 0 0 0 0 0 0 1 1 1 0 R 0
678 16732 23217 1179 23240 1160 5292 1 0 0 0 0 0 0 1 1 1 0 R 0
679 16762 28982 979 28997 966 5836 1 0 0 0 0 0 0 1 1 1 0 R 0
680 16784 21041 636 21060 610 5754 1 0 0 0 0 0 0 1 1 1 0 R 0
681 16804 19416 573 19436 556 4208 1 0 0 0 0 0 0 1 1 1 0 R 0
682 16825 20885 1020 20905 1007 4394 1 0 0 0 0 0 0 1 1 1 0 R 0
683 16854 27633 988 27736 876 4172 1 0 0 0 0 0 0 1 1 1 0 R 0
684 16882 26692 947 26726 918 7036 1 0 0 0 0 0 0 1 1 2 0 R 0
685 16901 18947 582 18962 559 4181 1 0 0 0 0 0 0 1 1 1 0 R 0
686 16923 21046 604 21070 581 3841 1 0 0 0 0 0 0 1 1 1 0 R 0
687 16951 26889 861 26911 841 5438 1 0 0 0 0 0 0 1 1 1 0 R 0
688 16980 28405 581 28418 565 6768 1 0 0 0 0 0 0 1 1 1 0 R 0
689 17000 19367 575 19382 560 4035 1 0 0 0 0 0 0 1 1 1 0 R 0
690 17024 23511 677 23532 655 7889 1 0 0 0 0 0 0 1 1 1 0 R 0
691 17048 23335 1638 23448 1533 4712 1 0 0 0 0 0 0 1 1 2 0 R 0
692 17077 27560 792 27675 666 7395 1 0 0 0 0 0 0 1 1 1 0 R 0
693 17100 21892 685 21932 647 4191 1 0 0 0 0 0 0 1 1 2 0 R 0
694 17118 17882 954 17917 925 3821 1 0 0 0 0 0 0 1 1 1 0 R 0
695 17143 23400 999 23420 972 5370 1 0 0 0 0 0 0 1 1 1 0 R 0
696 17174 29876 1049 29920 1006 7207 1 0 0 0 0 0 0 1 1 1 0 R 0
697 17200 25404 558 25426 533 7064 1 0 0 0 0 0 0 1 1 1 0 R 0
698 17219 18383 619 18411 592 3814 1 0 0 0 0 0 0 1 1 1 0 R 0
699 17241 21282 589 21303 573 4457 1 0 0 0 0 0 0 1 1 1 0 R 0
700 17268 26407 1676 26527 1569 5050 1 0 0 0 0 0 0 1 1 1 0 R 0
701 17292 22541 600 22548 581 4966 1 0 0 0 0 0 0 1 1 1 0 R 0
702 17313 20240 595 20259 576 4220 1 0 0 0 0 0 0 1 1 1 0 R 0
703 17334 20773 596 20791 583 4754 1 0 0 0 0 0 0 1 1 2 0 R 0
704 17360 24659 1005 24668 994 5627 1 0 0 0 0 0 0 1 1 1 0 R 0
705 17388 27260 1580 27285 1581 12860 1 0 0 0 0 0 0 1 1 1 0 R 0
706 17408 18592 615 18586 604 3955 1 0 0 0 0 0 0 1 1 1 0 R 0
707 17428 19076 1642 19083 1646 3858 1 0 0 0 0 1 0 1 1 1 0 R 0
708 17452 22212 656 22204 639 4056 1 0 0 0 0 0 0 1 1 1 0 R 0
709 17476 23995 696 24018 671 5447 1 0 0 0 0 0 0 1 1 1 0 R 0
710 17502 24791 772 24287 753 8629 1 0 1 0 0 0 0 1 1 1 0 R 0
711 17522 19456 564 19470 544 3804 1 0 0 0 0 0 0 1 1 2 0 R 0
712 17544 21619 1003 21740 885 4105 1 0 0 0 0 0 0 1 1 1 0 R 0
713 17573 27845 983 27954 996 5064 1 0 0 0 0 0 0 1 1 1 0 R 0
714 17600 25973 576 25865 560 6096 1 0 0 0 0 0 0 1 1 1 0 R 0
715 17620 19480 576 19499 555 4184 1 0 0 0 0 0 0 1 1 1 0 R 0
716 17641 20490 576 20509 558 3735 1 0 0 0 0 0 0 1 1 1 0 R 0
717 17667 25514 1255 25764 1005 6226 1 0 0 0 0 0 0 1 1 2 0 R 0
718 17697 28781 1004 28897 1022 8242 1 0 0 0 0 0 0 1 1 1 0 R 0
719 17721 22926 571 22814 551 7652 1 0 0 0 0 0 0 1 1 1 0 R 0
720 17746 23967 784 23991 771 7787 1 0 0 0 0 0 0 1 1 1 0 R 0
721 17775 28609 1145 28618 1137 5244 1 0 0 0 0 0 0 1 1 1 0 R 0
722 17803 26511 599 26521 576 6489 1 0 0 0 0 0 0 1 1 1 0 R 0
723 17823 19671 580 19691 559 4515 1 0 0 0 0 0 0 1 1 1 0 R 0
724 17844 20354 658 20396 619 4247 1 0 0 0 0 0 0 1 1 1 0 R 0
725 17871 26335 946 26351 936 5318 1 0 0 0 0 0 0 1 1 1 0 R 0
726 17901 29538 581 29546 563 7172 1 0 0 0 0 0 0 1 1 1 0 R 0
727 17921 19263 587 19283 566 4013 1 0 0 0 0 0 0 1 1 1 0 R 0
728 17943 20733 1015 20759 1001 3767 1 0 0 0 0 0 0 1 1 2 0 R 0
729 17968 24791 1894 24803 1910 5296 1 0 0 0 0 0 0 1 1 1 0 R 0
730 17997 26649 1190 26635 1171 5850 1 0 0 0 0 0 0 1 1 2 0 R 0
731 18020 21912 577 21926 557 4681 1 0 0 0 0 0 0 1 1 1 0 R 0
732 18041 19948 580 19969 562 3776 1 0 0 0 0 0 0 1 1 1 0 R 0
733 18064 22636 1122 22751 1009 5481 1 0 0 0 0 0 0 1 1 1 0 R 0
734 18094 29600 1032 29618 1015 6301 1 0 0 0 0 0 0 1 1 1 0 R 0
735 18125 29459 1122 29518 1103 13770 1 0 0 0 0 0 0 1 1 1 0 R 0
736 18146 19549 578 19526 555 4308 1 0 0 0 0 0 0 1 1 1 0 R 0
737 18173 26712 1016 26737 1003 4611 1 0 0 0 0 0 0 1 1 1 0 R 0
738 18203 29402 1011 29414 992 7203 1 0 0 0 0 0 0 1 1 2 0 R 0
739 18225 21049 591 21069 572 4391 1 0 0 0 0 0 0 1 1 1 0 R 0
740 18245 19297 655 19315 634 4307 1 0 0 0 0 1 0 1 1 1 0 R 0
741 18270 24408 995 24426 982 6089 1 0 0 0 0 0 0 1 1 1 0 R 0
742 18301 29407 1115 29514 1006 6473 1 0 0 0 0 0 0 1 1 1 0 R 0
743 18324 21771 598 21787 575 7420 1 0 0 0 0 0 0 1 1 1 0 R 0
744 18344 19306 597 19330 576 4270 1 0 0 0 0 0 0 1 1 1 0 R 0
745 18368 23931 939 23954 918 4313 1 0 0 0 0 0 0 1 1 2 0 R 0
746 18397 27820 1052 27853 1024 6109 1 0 0 0 0 0 0 1 1 1 0 R 0
747 18426 28145 1246 28160 1232 6292 1 0 0 0 0 0 0 1 1 1 0 R 0
748 18447 19475 592 19488 568 4134 1 0 0 0 0 0 0 1 1 2 0 R 0
749 18470 23151 585 23172 567 3819 1 0 0 0 0 0 0 1 1 1 0 R 0
750 18504 32857 1012 32878 995 12946 1 0 0 0 0 0 0 1 1 1 0 R 0
751 18527 22327 678 22359 644 7146 1 0 0 0 0 0 0 1 1 1 0 R 0
752 18548 19872 599 19337 574 3877 1 0 1 0 0 0 0 1 1 1 0 R 0
753 18572 23548 613 23564 592 3845 1 0 0 0 0 0 0 1 1 1 0 R 0
754 18597 23920 603 23952 573 6601 1 0 0 0 0 0 0 1 1 1 0 R 0
755 18622 24629 597 24656 566 6504 1 0 0 0 0 0 0 1 1 1 0 R 0
756 18642 20118 580 20145 557 4197 1 0 0 0 0 0 0 1 1 1 0 R 0
757 18663 19953 587 19977 565 3818 1 0 0 0 0 0 0 1 1 1 0 R 0
758 18689 24938 1505 25054 1515 5671 1 0 0 0 0 0 0 1 1 1 0 R 0
759 18720 30050 1187 30208 1018 8222 1 0 0 0 0 0 0 1 1 1 0 R 0
760 18744 22491 633 22402 607 7739 1 0 0 0 0 0 0 1 1 1 0 R 0
761 18766 21763 599 21787 571 4163 1 0 0 0 0 0 0 1 1 2 0 R 0
762 18794 27062 1232 27087 1213 4869 1 0 0 0 0 0 0 1 1 1 0 R 0
763 18821 26382 939 26394 1029 5791 1 0 0 0 0 0 0 1 1 1 0 R 0
764 18842 19842 678 19767 648 3984 1 0 0 0 0 0 0 1 1 1 0 R 0
765 18866 23477 771 23499 747 8710 1 0 0 0 0 0 0 1 1 1 0 R 0
766 18892 25202 991 25222 974 4306 1 0 0 0 0 0 0 1 1 1 0 R 0
767 18922 28847 1023 28866 1010 7416 1 0 0 0 0 0 0 1 1 1 0 R 0
768 18944 20842 701 20876 656 4262 1 0 0 0 0 0 0 1 1 2 0 R 0
769 18964 19080 577 19101 558 4206 1 0 0 0 0 0 0 1 1 1 0 R 0
770 18989 24806 994 24818 991 4687 1 0 0 0 0 0 0 1 1 1 0 R 0
771 19018 27864 1438 27879 1561 7734 1 0 0 0 0 0 0 1 1 1 0 R 0
772 19041 21370 602 21240 589 5340 1 0 0 0 0 0 0 1 1 1 0 R 0
773 19061 19266 593 19294 560 3789 1 0 0 0 0 0 0 1 1 1 0 R 0
774 19084 22671 600 22694 579 3818 1 0 0 0 0 0 0 1 1 1 0 R 0
775 19113 28043 1150 28060 1143 6069 1 0 0 0 0 0 0 1 1 1 0 R 0
776 19143 29254 594 29268 571 6360 1 0 0 0 0 0 0 1 1 1 0 R 0
777 19164 19859 613 19880 589 4795 1 0 0 0 0 0 0 1 1 3 0 R 0
778 19187 23137 708 23183 668 4184 1 0 0 0 0 0 0 1 1 1 0 R 0
779 19216 27938 632 27959 608 5407 1 0 0 0 0 0 0 1 1 0 0 R 0
780 19242 25063 1015 25084 1001 13336 1 0 0 0 0 0 0 1 1 1 0 R 0
781 19262 19006 562 19015 546 3800 1 0 0 0 0 0 0 1 1 1 0 R 0
782 19283 20751 1107 20859 1009 3810 1 0 0 0 0 0 0 1 1 1 0 R 0
783 19313 28530 1029 28537 1015 4933 1 0 0 0 0 0 0 1 1 1 0 R 0
784 19339 25008 961 25362 602 7078 1 0 0 0 0 0 0 1 1 1 0 R 0
785 19359 18949 1001 18972 980 4307 1 0 0 0 0 0 0 1 1 1 0 R 0
786 19381 21125 586 21139 572 3856 1 0 0 0 0 0 0 1 1 2 0 R 0
787 19405 23930 1036 23952 1011 5188 1 0 0 0 0 0 0 1 1 1 0 R 0
788 19435 28654 775 28678 747 6513 1 0 0 0 0 0 0 1 1 1 0 R 0
789 19458 22854 951 22884 920 6553 1 0 0 0 0 0 0 1 1 1 0 R 0
790 19483 23200 569 22736 551 3833 1 0 1 0 0 0 0 1 1 1 0 R 0
791 19506 22619 1369 22641 1348 4318 1 0 0 0 0 0 0 1 1 1 0 R 0
792 19536 28492 1216 28514 1201 6690 1 0 0 0 0 0 0 1 1 1 0 R 0
793 19561 24383 575 24394 557 6062 1 0 0 0 0 0 0 1 1 2 0 R 0
794 19583 21526 677 21549 654 4244 1 0 0 0 0 0 0 1 1 1 0 R 0
795 19613 28604 674 28712 567 10691 1 0 0 0 0 0 0 1 1 1 0 R 0
796 19635 21559 642 21585 615 7257 1 0 0 0 0 0 0 1 1 1 0 R 0
797 19657 21789 590 21810 571 4124 1 0 0 0 0 0 0 1 1 1 0 R 0
798 19677 18793 592 18815 572 4147 1 0 0 0 0 0 0 1 1 1 0 R 0
799 19701 23222 821 23236 800 4872 1 0 0 0 0 0 0 1 1 2 0 R 0
800 19729 27741 1134 27869 1010 7202 1 0 0 0 0 0 0 1 1 1 0 R 0
801 19754 23689 995 23709 978 7415 1 0 0 0 0 0 0 1 1 1 0 R 0
802 19773 18555 788 18582 750 4172 1 0 0 0 0 0 0 1 1 1 0 R 0
803 19794 19793 1104 19836 1069 4346 1 0 0 0 0 0 0 1 1 1 0 R 0
804 19823 27528 1018 27545 995 5278 1 0 0 0 0 0 0 1 1 1 0 R 0
805 19850 26603 587 26623 572 7366 1 0 0 0 0 0 0 1 1 1 0 R 0
806 19871 20136 594 20153 578 4152 1 0 0 0 0 0 0 1 1 1 0 R 0
807 19893 21262 570 21278 550 3789 1 0 0 0 0 0 0 1 1 1 0 R 0
808 19918 24812 2123 24956 2001 5845 1 0 0 0 0 0 0 1 1 2 0 R 0
809 19949 28970 571 28964 554 7723 1 0 0 0 0 0 0 1 1 1 0 R 0
810 19973 22560 1309 22582 1309 9019 1 0 0 0 0 1 0 1 1 1 0 R 0
811 19994 20512 588 20513 568 4260 1 0 0 0 0 0 0 1 1 1 0 R 0
812 20021 26025 1041 26040 1025 4844 1 0 0 0 0 0 0 1 1 1 0 R 0
813 20052 29765 588 29782 569 6270 1 0 0 0 0 0 0 1 1 1 0 R 0
814 20072 19452 587 19472 568 3986 1 0 0 0 0 0 0 1 1 2 0 R 0
815 20091 18728 569 18745 548 3762 1 0 0 0 0 0 0 1 1 1 0 R 0
816 20117 24901 1154 25023 1038 4549 1 0 0 0 0 0 0 1 1 1 0 R 0
817 20147 28870 1270 28925 1214 6500 1 0 0 0 0 0 0 1 1 1 0 R 0
818 20169 21116 705 21146 671 5044 1 0 0 0 0 0 0 1 1 2 0 R 0
819 20188 18032 801 18077 762 3562 1 0 0 0 0 0 0 1 1 1 0 R 0
820 20212 23701 595 23717 572 4699 1 0 0 0 0 0 0 1 1 1 0 R 0
821 20241 28201 1497 28251 1451 6891 1 0 0 0 0 0 0 1 1 1 0 R 0
822 20266 23062 1080 23085 1055 4658 1 0 0 0 0 0 0 1 1 2 0 R 0
823 20287 20121 731 20179 688 4463 1 0 0 0 0 0 0 1 1 1 0 R 0
824 20309 21070 2004 21586 1488 3788 1 0 0 0 0 0 0 1 1 1 0 R 0
825 20343 32661 1028 32667 1008 11338 1 0 0 0 0 0 0 1 1 1 0 R 0
826 20367 22990 643 23013 622 6852 1 0 0 0 0 0 0 1 1 1 0 R 0
827 20388 20438 1002 20458 977 3705 1 0 0 0 0 0 0 1 1 1 0 R 0
828 20410 20876 1104 20921 1159 3822 1 0 0 0 0 0 0 1 1 1 0 R 0
829 20438 26592 1542 26519 1529 4181 1 0 0 0 0 0 0 1 1 1 0 R 0
830 20464 24930 602 24945 572 8138 1 0 0 0 0 0 0 1 1 1 0 R 0
831 20484 19431 589 19458 561 4599 1 0 0 0 0 0 0 1 1 1 0 R 0
832 20506 20783 605 20815 581 4147 1 0 0 0 0 0 0 1 1 1 0 R 0
833 20534 27703 1032 26652 1012 4865 1 0 1 0 0 1 0 1 1 1 0 R 0
834 20565 29639 1021 29666 997 7195 1 0 0 0 0 0 0 1 1 1 0 R 0
835 20589 23468 706 23502 668 6220 1 0 0 0 0 0 0 1 1 2 0 R 0
836 20611 20584 1318 20604 1305 3867 1 0 0 0 0 0 0 1 1 1 0 R 0
837 20638 26276 1602 26297 1705 6243 1 0 0 0 0 0 0 1 1 1 0 R 0
838 20668 28374 1566 28271 1544 7762 1 0 0 0 0 0 0 1 1 2 0 R 0
839 20691 21145 607 21163 585 6893 1 0 0 0 0 0 0 1 1 1 0 R 0
840 20714 22778 738 22833 683 7839 1 0 0 0 0 0 0 1 1 1 0 R 0
841 20745 29707 774 29760 718 6071 1 0 0 0 0 0 0 1 1 1 0 R 0
842 20766 20144 742 20195 695 4432 1 0 0 0 0 0 0 1 1 2 0 R 0
843 20791 24660 690 24699 658 4151 1 0 0 0 0 0 0 1 1 4 0 R 0
844 20813 20817 685 20829 666 3831 1 0 0 0 0 0 0 1 1 2 0 R 0
845 20838 24991 1671 25115 1557 4763 1 0 0 0 0 0 0 1 1 1 0 R 0
846 20867 27601 1020 27615 1000 7416 1 0 0 0 0 0 0 1 1 1 0 R 0
847 20889 20961 588 20973 575 3751 1 0 0 0 0 0 0 1 1 1 0 R 0
848 20908 17813 628 17828 609 3812 1 0 0 0 0 0 0 1 1 1 0 R 0
849 20933 24221 1022 24242 1005 5399 1 0 0 0 0 0 0 1 1 1 0 R 0
850 20964 30680 916 30699 894 6291 1 0 0 0 0 0 0 1 1 1 0 R 0
851 20990 25120 582 25139 559 7126 1 0 0 0 0 0 0 1 1 1 0 R 0
852 21011 19999 680 20020 659 3856 1 0 0 0 0 0 0 1 1 1 0 R 0
853 21033 21232 926 21256 910 5956 1 0 0 0 0 0 0 1 1 1 0 R 0
854 21062 28049 1151 28154 1047 6069 1 0 0 0 0 0 0 1 1 1 0 R 0
855 21088 24686 619 24706 592 10852 1 0 0 0 0 0 0 1 1 1 0 R 0
856 21107 18850 597 18878 574 3794 1 0 0 0 0 0 0 1 1 2 0 R 0
857 21132 24359 584 24374 563 3806 1 0 0 0 0 0 0 1 1 1 0 R 0
858 21158 25267 1026 25298 1014 6223 1 0 0 0 0 0 0 1 1 1 0 R 0
859 21183 24432 614 24440 587 5975 1 0 0 0 0 0 0 1 1 1 0 R 0
860 21203 18986 593 19009 572 4845 1 0 0 0 0 0 0 1 1 2 0 R 0
861 21224 20757 586 20778 564 4138 1 0 0 0 0 0 0 1 1 1 0 R 0
862 21248 23371 1809 23487 1700 5111 1 0 0 0 0 0 0 1 1 1 0 R 0
863 21278 27864 1558 27884 1646 7417 1 0 0 0 0 0 0 1 1 1 0 R 0
864 21300 20342 574 20243 559 4034 1 0 0 0 0 0 0 1 1 1 0 R 0
865 21319 18879 567 18893 549 3833 1 0 0 0 0 0 0 1 1 1 0 R 0
866 21345 24669 1067 24696 1040 4203 1 0 0 0 0 0 0 1 1 1 0 R 0
867 21376 30470 1139 30590 1024 6579 1 0 0 0 0 0 0 1 1 2 0 R 0
868 21398 21012 923 21035 897 4498 1 0 0 0 0 0 0 1 1 1 0 R 0
869 21418 18483 593 18504 578 3838 1 0 0 0 0 0 0 1 1 1 0 R 0
870 21446 27231 783 27248 873 11449 1 0 0 0 0 0 0 1 1 1 0 R 0
871 21475 28642 867 28556 845 6432 1 0 0 0 0 0 0 1 1 1 0 R 0
872 21499 23386 703 22899 664 7995 1 0 1 0 0 0 0 1 1 1 0 R 0
873 21518 17961 1102 18037 1033 3686 1 0 0 0 0 0 0 1 1 1 0 R 0
874 21543 23514 592 23528 569 3777 1 0 0 0 0 0 0 1 1 2 0 R 0
875 21572 28763 1029 28783 1019 6285 1 0 0 0 0 0 0 1 1 1 0 R 0
876 21595 22506 644 22523 621 6954 1 0 0 0 0 0 0 1 1 1 0 R 0
877 21615 18701 648 18721 632 4251 1 0 0 0 0 0 0 1 1 1 0 R 0
878 21635 19687 598 19703 576 4243 1 0 0 0 0 0 0 1 1 1 0 R 0
879 21664 28407 1114 28518 1007 6008 1 0 0 0 0 0 0 1 1 1 0 R 0
880 21693 27811 1122 27919 1011 6529 1 0 0 0 0 0 0 1 1 1 0 R 0
881 21716 21973 573 21989 555 6387 1 0 0 0 0 0 0 1 1 2 0 R 0
882 21737 20608 596 20632 569 4191 1 0 0 0 0 0 0 1 1 1 0 R 0
883 21765 26692 1203 26717 1303 5820 1 0 0 0 0 0 0 1 1 1 0 R 0
884 21795 29405 1031 29306 1011 6121 1 0 0 0 0 0 0 1 1 1 0 R 0
885 21821 24879 583 24895 563 11191 1 0 0 0 0 0 0 1 1 1 0 R 0
886 21842 20617 904 20639 892 3836 1 0 0 0 0 0 0 1 1 1 0 R 0
887 21869 26097 602 26103 586 5328 1 0 0 0 0 0 0 1 1 1 0 R 0
888 21888 18095 1041 18116 1039 3775 1 0 0 0 0 0 0 1 1 1 0 R 0
889 21911 21600 613 21596 591 3797 1 0 0 0 0 0 0 1 1 1 0 R 0
890 21932 20296 580 20323 560 3873 1 0 0 0 0 0 0 1 1 2 0 R 0
891 21955 22794 1021 22814 1011 5828 1 0 0 0 0 0 0 1 1 1 0 R 0
892 21985 28860 1172 28978 1047 6004 1 0 0 0 0 0 0 1 1 1 0 R 0
893 22010 24112 566 24129 543 5779 1 0 0 0 0 0 0 1 1 1 0 R 0
894 22030 18840 658 18879 616 3866 1 0 0 0 0 0 0 1 1 1 0 R 0
895 22049 19210 580 19232 557 3808 1 0 0 0 0 0 0 1 1 1 0 R 0
896 22072 21893 776 22011 664 3838 1 0 0 0 0 0 0 1 1 1 0 R 0
897 22099 25865 1477 26282 1176 5554 1 0 0 0 0 0 0 1 1 2 0 R 0
898 22122 21842 611 21748 587 7240 1 0 0 0 0 0 0 1 1 1 0 R 0
899 22143 20701 792 20723 769 3774 1 0 0 0 0 0 0 1 1 1 0 R 0
900 22174 29992 764 30018 852 10460 1 0 0 0 0 0 0 1 1 1 0 R 0
901 22203 28637 589 28546 569 6377 1 0 0 0 0 0 0 1 1 1 0 R 0
902 22224 19936 586 19958 564 4808 1 0 0 0 0 0 0 1 1 1 0 R 0
903 22244 19648 1049 19691 1013 4210 1 0 0 0 0 0 0 1 1 1 0 R 0
904 22271 25629 1122 25742 1014 4333 1 0 0 0 0 0 0 1 1 2 0 R 0
905 22300 27936 886 27939 1001 7021 1 0 0 0 0 0 0 1 1 1 0 R 0
906 22324 23371 600 23266 576 7714 1 0 0 0 0 0 0 1 1 1 0 R 0
907 22344 19592 1415 19608 1524 4264 1 0 0 0 0 0 0 1 1 1 0 R 0
908 22378 32484 1662 32497 1530 4010 1 0 0 0 0 0 0 1 1 2 0 R 0
909 22409 29326 1222 29350 1206 7629 1 0 0 0 0 0 0 1 1 1 0 R 0
910 22432 21538 601 21548 579 5991 1 0 0 0 0 0 0 1 1 1 0 R 0
911 22454 21221 678 21235 658 3824 1 0 0 0 0 0 0 1 1 1 0 R 0
912 22481 26895 1230 26913 1226 6033 1 0 0 0 0 1 0 1 1 1 0 R 0
913 22501 18878 644 18910 606 3803 1 0 0 0 0 0 0 1 1 1 0 R 0
914 22524 22097 593 21590 565 3795 1 0 1 0 0 0 0 1 1 1 0 R 0
915 22547 22488 586 22515 564 8190 1 0 0 0 0 0 0 1 1 2 0 R 0
916 22573 24854 1048 24874 1027 4371 1 0 0 0 0 0 0 1 1 2 0 R 0
917 22602 28281 1002 28301 991 7159 1 0 0 0 0 0 0 1 1 0 0 R 0
918 22625 21960 628 21976 607 7190 1 0 0 0 0 0 0 1 1 2 0 R 0
919 22644 18739 585 18756 563 4265 1 0 0 0 0 0 0 1 1 1 0 R 0
920 22668 23042 615 23066 1065 4204 1 0 0 0 0 0 0 1 1 1 0 R 0
921 22697 28295 880 27937 766 5602 1 0 0 0 0 0 0 1 1 1 0 R 0
922 22722 23860 603 23879 583 6256 1 0 0 0 0 0 0 1 1 1 0 R 0
923 22742 19371 571 19390 550 3818 1 0 0 0 0 0 0 1 1 1 0 R 0
924 22763 20659 843 20708 795 4252 1 0 0 0 0 0 0 1 1 1 0 R 0
925 22792 27841 1153 27962 1038 5206 1 0 0 0 0 0 0 1 1 1 0 R 0
926 22819 26476 565 26488 549 5174 1 0 0 0 0 1 0 1 1 1 0 R 0
927 22840 20598 578 20616 564 3769 1 0 0 0 0 0 0 1 1 2 0 R 0
928 22861 20501 658 20545 617 3850 1 0 0 0 0 0 0 1 1 1 0 R 0
929 22886 23751 1028 23766 1006 4617 1 0 0 0 0 0 0 1 1 1 0 R 0
930 22921 33762 1006 33778 1009 13296 1 0 0 0 0 0 0 1 1 1 0 R 0
931 22943 21843 591 21846 567 7529 1 0 0 0 0 0 0 1 1 1 0 R 0
932 22965 20992 843 21040 791 4190 1 0 0 0 0 0 0 1 1 1 0 R 0
933 22993 26821 762 26849 739 5387 1 0 0 0 0 0 0 1 1 2 0 R 0
934 23021 27736 608 27756 587 6976 1 0 0 0 0 0 0 1 1 1 0 R 0
935 23041 19547 580 19567 560 4008 1 0 0 0 0 0 0 1 1 1 0 R 0
936 23061 18554 667 18587 642 3789 1 0 0 0 0 0 0 1 1 1 0 R 0
937 23086 24862 1242 24876 1227 5221 1 0 0 0 0 0 0 1 1 1 0 R 0
938 23117 30059 1058 30074 1042 6318 1 0 0 0 0 0 0 1 1 1 0 R 0
939 23140 21491 581 21503 557 4647 1 0 0 0 0 0 0 1 1 1 0 R 0
940 23158 17997 2177 18030 1311 3816 1 0 0 0 1 0 0 1 1 1 0 R 0
941 23185 24188 1015 24202 994 6276 1 0 0 0 0 0 0 1 1 1 0 R 0
942 23215 28977 1136 29095 1037 6529 1 0 0 0 0 0 0 1 1 2 0 R 0
943 23238 22047 920 22047 911 5894 1 0 0 0 0 0 0 1 1 1 0 R 0
944 23259 20039 602 20052 575 3820 1 0 0 0 0 0 0 1 1 1 0 R 0
945 23285 25279 980 25304 958 10585 1 0 0 0 0 0 0 1 1 1 0 R 0
946 23314 28593 882 28615 860 6500 1 0 0 0 0 0 0 1 1 1 0 R 0
947 23336 20265 591 20288 569 4384 1 0 0 0 0 0 0 1 1 1 0 R 0
948 23356 19606 597 19630 575 4542 1 0 0 0 0 0 0 1 1 2 0 R 0
949 23377 20175 600 20198 579 4177 1 0 0 0 0 0 0 1 1 1 0 R 0
950 23406 28552 1015 28570 1003 5388 1 0 0 0 0 0 0 1 1 1 0 R 0
951 23436 29639 1122 29651 1101 6491 1 0 0 0 0 0 0 1 1 1 0 R 0
952 23458 20630 955 20657 933 5105 1 0 0 0 0 0 0 1 1 1 0 R 0
953 23482 22997 1006 22565 996 3605 1 0 1 0 0 0 0 1 1 1 0 R 0
954 23512 28447 902 28459 880 4933 1 0 0 0 0 0 0 1 1 1 0 R 0
955 23538 25465 1134 25518 1091 7125 1 0 0 0 0 0 0 1 1 1 0 R 0
956 23558 18897 600 18912 577 4175 1 0 0 0 0 0 0 1 1 2 0 R 0
957 23580 21297 575 21314 1512 3792 1 0 0 0 0 0 0 1 1 1 0 R 0
958 23607 26650 994 25816 995 4259 1 0 0 0 0 0 0 1 1 2 0 R 0
959 23636 27515 603 27422 579 6498 1 0 0 0 0 0 0 1 1 1 0 R 0
960 23659 22799 625 22827 602 8295 1 0 0 0 0 0 0 1 1 1 0 R 0
961 23681 21554 577 21566 562 3790 1 0 0 0 0 0 0 1 1 1 0 R 0
962 23707 25758 1727 25873 1755 4715 1 0 0 0 0 0 0 1 1 1 0 R 0
963 23735 25692 1178 25565 1168 4964 1 0 0 0 0 0 0 1 1 1 0 R 0
964 23756 19691 594 19704 572 4009 1 0 0 0 0 0 0 1 1 2 0 R 0
965 23776 19565 581 19584 559 4323 1 0 0 0 0 0 0 1 1 1 0 R 0
966 23801 24187 978 24299 986 6065 1 0 0 0 0 0 0 1 1 1 0 R 0
967 23832 30320 996 30320 1008 6107 1 0 0 0 0 0 0 1 1 1 0 R 0
968 23854 20695 620 20591 592 4857 1 0 0 0 0 0 0 1 1 1 0 R 0
969 23873 18720 578 18740 560 4214 1 0 0 0 0 0 0 1 1 1 0 R 0
970 23898 23920 597 23944 572 4408 1 0 0 0 0 0 0 1 1 1 0 R 0
971 23926 27968 1178 28082 1063 6018 1 0 0 0 0 0 0 1 1 1 0 R 0
972 23951 23229 642 23248 619 5600 1 0 0 0 0 0 0 1 1 1 0 R 0
973 23970 18933 566 18953 551 3733 1 0 0 0 0 0 0 1 1 1 0 R 0
974 23992 21217 596 21237 577 4270 1 0 0 0 0 0 0 1 1 1 0 R 0
975 24025 32519 1047 32542 1024 11595 1 0 0 0 0 0 0 1 1 2 0 R 0
976 24051 24993 592 25014 568 7042 1 0 0 0 0 0 0 1 1 1 0 R 0
977 24071 19875 573 19896 556 4170 1 0 0 0 0 0 0 1 1 1 0 R 0
978 24093 20769 580 20786 566 3820 1 0 0 0 0 0 0 1 1 1 0 R 0
979 24121 27836 999 27851 989 6062 1 0 0 0 0 0 0 1 1 1 0 R 0
980 24150 27270 569 27280 550 7175 1 0 0 0 0 0 0 1 1 1 0 R 0
981 24170 20170 585 20188 562 3918 1 0 0 0 0 0 0 1 1 1 0 R 0
982 24192 21559 583 21582 568 3921 1 0 0 0 0 0 0 1 1 2 0 R 0
983 24218 25451 1923 25471 1907 5959 1 0 0 0 0 0 0 1 1 1 0 R 0
984 24250 29897 587 29906 565 7931 1 0 0 0 0 0 0 1 1 1 0 R 0
985 24270 19171 599 19192 578 3992 1 0 0 0 0 0 0 1 1 1 0 R 0
986 24289 18541 565 18559 545 3853 1 0 0 0 0 0 0 1 1 1 0 R 0
987 24315 25184 1325 25304 1225 4258 1 0 0 0 0 0 0 1 1 1 0 R 0
988 24345 28967 1037 28972 1022 6478 1 0 0 0 0 0 0 1 1 1 0 R 0
989 24369 22265 1020 22303 977 4647 1 0 0 0 0 0 0 1 1 1 0 R 0
990 24392 22423 668 22461 630 7920 1 0 0 0 0 0 0 1 1 2 0 R 0
991 24415 21988 870 22101 764 4470 1 0 0 0 0 0 0 1 1 1 0 R 0
992 24444 28812 1047 28825 1030 6394 1 0 0 0 0 0 0 1 1 1 0 R 0
993 24470 25036 608 25052 584 6825 1 0 0 0 0 0 0 1 1 1 0 R 0
994 24490 19149 566 19170 549 4109 1 0 0 0 0 0 0 1 1 1 0 R 0
995 24513 22494 587 22514 568 4900 1 0 0 0 0 0 0 1 1 1 0 R 0
996 24543 29591 901 29119 860 9526 1 0 1 0 0 0 0 1 1 1 0 R 0
997 24567 22422 934 22450 911 7087 1 0 0 0 0 0 0 1 1 1 0 R 0
998 24587 19803 568 19816 553 3827 1 0 0 0 0 0 0 1 1 2 0 R 0
999 24610 21886 584 21900 567 3849 1 0 0 0 0 0 0 1 1 1 0 R 0
1000 24637 26535 1035 26556 1019 4107 1 0 0 0 0 0 0 1 1 1 0 R 0
1001 24663 25201 594 25221 574 6255 1 0 0 0 0 0 0 1 1 1 0 R 0
1002 24683 19197 588 19215 566 4640 1 0 0 0 0 0 0 1 1 1 0 R 0
1003 24706 22174 612 22202 584 4183 1 0 0 0 0 0 0 1 1 2 0 R 0
1004 24735 28118 1018 28140 993 5682 1 0 0 0 0 0 0 1 1 1 0 R 0
1005 24765 29775 591 29803 566 13668 1 0 0 0 0 0 0 1 1 1 0 R 0
1006 24786 20027 973 20049 949 4137 1 0 0 0 0 0 0 1 1 1 0 R 0
1007 24807 20369 639 20393 617 3659 1 0 0 0 0 0 0 1 1 2 0 R 0
1008 24834 26293 1216 26315 1204 4829 1 0 0 0 0 0 0 1 1 1 0 R 0
1009 24866 30123 974 30226 860 7672 1 0 0 0 0 0 0 1 1 1 0 R 0
1010 24887 19981 606 20008 581 3744 1 0 0 0 0 0 0 1 1 1 0 R 0
1011 24909 21420 1083 21444 1061 3911 1 0 0 0 0 0 0 1 1 0 0 R 0
1012 24934 24644 1039 24664 1021 4228 1 0 0 0 0 0 0 1 1 3 0 R 0
1013 24964 28821 1171 28842 1145 7544 1 0 0 0 0 0 0 1 1 1 0 R 0
1014 24986 20247 588 20270 561 4415 1 0 0 0 0 0 0 1 1 1 0 R 0
1015 25006 20043 2395 20068 2394 4693 1 0 0 0 0 1 0 1 1 0 0 R 0
1016 25033 24508 991 24509 970 3823 1 0 0 0 0 0 0 1 1 1 0 R 0
1017 25063 28574 987 28594 974 7326 1 0 0 0 0 0 0 1 1 1 0 R 0
1018 25085 21565 596 21581 575 5170 1 0 0 0 0 0 0 1 1 2 0 R 0
1019 25105 19139 582 19156 564 4211 1 0 0 0 0 1 0 1 1 1 0 R 0
1020 25132 26325 1151 26432 1055 10631 1 0 0 0 0 0 0 1 1 1 0 R 0
1021 25163 30289 1042 30298 1021 6354 1 0 0 0 0 0 0 1 1 1 0 R 0
1022 25185 20871 646 20894 619 5796 1 0 0 0 0 0 0 1 1 1 0 R 0
1023 25205 18940 591 18966 564 4223 1 0 0 0 0 0 0 1 1 1 0 R 0
1024 25228 22877 961 22904 936 4119 1 0 0 0 0 0 0 1 1 1 0 R 0
1025 25256 27111 1003 27138 979 6207 1 0 0 0 0 0 0 1 1 2 0 R 0
1026 25281 24069 651 24088 627 6698 1 0 0 0 0 0 0 1 1 1 0 R 0
1027 25301 18978 576 18999 561 4222 1 0 0 0 0 0 0 1 1 1 0 R 0
1028 25322 20730 592 20748 569 3833 1 0 0 0 0 0 0 1 1 1 0 R 0
1029 25351 27857 984 27971 990 6308 1 0 0 0 0 0 0 1 1 1 0 R 0
1030 25378 26396 1238 26322 1196 7382 1 0 0 0 0 0 0 1 1 2 0 R 0
1031 25399 19841 637 19867 606 4273 1 0 0 0 0 0 0 1 1 0 0 R 0
1032 25421 21209 583 21228 565 3743 1 0 0 0 0 0 0 1 1 1 0 R 0
1033 25447 25753 1161 25875 1544 4436 1 0 0 0 0 0 0 1 1 2 0 R 0
1034 25477 27976 1004 27498 983 7387 1 0 0 0 0 0 0 1 1 0 0 R 0
1035 25504 26585 594 26606 567 13357 1 0 0 0 0 0 0 1 1 2 0 R 0
1036 25525 20617 597 20641 577 4273 1 0 0 0 0 0 0 1 1 1 0 R 0
1037 25552 25554 1019 25570 1014 5490 1 0 0 0 0 0 0 1 1 1 0 R 0
1038 25585 32843 1447 32047 1435 8512 1 0 1 0 0 0 0 1 1 1 0 R 0
1039 25608 20928 607 20937 585 5474 1 0 0 0 0 0 0 1 1 2 0 R 0
1040 25629 21079 693 21111 662 3854 1 0 0 0 0 0 0 1 1 1 0 R 0
1041 25656 26014 593 26039 571 5381 1 0 0 0 0 0 0 1 1 1 0 R 0
1042 25683 26549 553 20727 540 4179 1 0 2 0 0 0 0 1 1 1 0 R 0
1043 25707 22667 595 22692 573 5605 1 0 0 0 0 0 0 1 1 2 0 R 0
1044 25727 20247 701 20271 674 3768 1 0 0 0 0 0 0 1 1 1 0 R 0
1045 25755 26504 1082 26540 1046 5118 1 0 0 0 0 0 0 1 1 1 0 R 0
1046 25786 30603 1008 30622 986 6622 1 0 0 0 0 0 0 1 1 1 0 R 0
1047 25811 23512 619 23543 589 6409 1 0 0 0 0 0 0 1 1 2 0 R 0
1048 25832 21081 586 21103 564 3758 1 0 0 0 0 0 0 1 1 1 0 R 0
1049 25860 26935 1010 26952 993 6012 1 0 0 0 0 0 0 1 1 1 0 R 0
1050 25895 33645 947 33666 928 13339 1 0 0 0 0 0 0 1 1 1 0 R 0
1051 25917 21175 650 21196 632 5081 1 0 0 0 0 0 0 1 1 1 0 R 0
1052 25938 20658 1172 20675 1166 3856 1 0 0 0 0 0 0 1 1 1 0 R 0
1053 25966 26767 630 26772 615 4703 1 0 0 0 0 0 0 1 1 1 0 R 0
1054 25987 20479 579 20495 551 4142 1 0 0 0 0 0 0 1 1 2 0 R 0
1055 26009 20822 1152 20847 1132 3853 1 0 0 0 0 0 0 1 1 1 0 R 0
1056 26028 17931 585 17949 563 3871 1 0 0 0 0 0 0 1 1 1 0 R 0
1057 26055 26335 1010 26357 995 5423 1 0 0 0 0 0 0 1 1 1 0 R 0
1058 26084 28369 845 28387 826 6362 1 0 0 0 0 0 0 1 1 1 0 R 0
1059 26106 21700 597 21722 569 5890 1 0 0 0 0 0 0 1 1 1 0 R 0
1060 26126 19313 609 19335 585 3860 1 0 0 0 0 0 0 1 1 1 0 R 0
1061 26151 24438 586 24462 562 3820 1 0 0 0 0 0 0 1 1 2 0 R 0
1062 26181 29250 1023 29270 1012 6685 1 0 0 0 0 0 0 1 1 1 0 R 0
1063 26205 22968 927 22983 904 6146 1 0 0 0 0 0 0 1 1 1 0 R 0
1064 26225 18896 597 18920 576 4225 1 0 0 0 0 0 0 1 1 1 0 R 0
1065 26252 25998 581 26015 561 9132 1 0 0 0 0 0 0 1 1 1 0 R 0
1066 26280 27233 571 27252 549 5512 1 0 0 0 0 0 0 1 1 2 0 R 0
1067 26303 23308 589 23334 563 4522 1 0 0 0 0 0 0 1 1 1 0 R 0
1068 26323 18992 585 19016 565 4537 1 0 0 0 0 0 0 1 1 1 0 R 0
1069 26344 20900 580 20921 558 4156 1 0 0 0 0 0 0 1 1 1 0 R 0
1070 26371 25988 976 26098 860 5645 1 0 0 0 0 0 0 1 1 1 0 R 0
1071 26401 29060 576 29086 552 6990 1 0 0 0 0 0 0 1 1 1 0 R 0
1072 26421 19468 582 19491 560 4374 1 0 0 0 0 0 0 1 1 1 0 R 0
1073 26440 18442 570 18459 556 3775 1 0 0 0 0 0 0 1 1 1 0 R 0
1074 26466 24970 1258 25008 1220 3960 1 0 0 0 0 0 0 1 1 1 0 R 0
1075 26496 28989 1471 29011 1454 5774 1 0 0 0 0 0 0 1 1 2 0 R 0
1076 26518 21014 1320 21032 1302 4407 1 0 0 0 1 0 0 1 1 1 0 R 0
1077 26539 19724 616 19319 582 3857 1 0 0 0 0 0 0 1 1 1 0 R 0
1078 26561 21339 617 21362 598 5327 1 0 0 0 0 0 0 1 1 1 0 R 0
1079 26592 30157 1002 30177 990 7048 1 0 0 0 0 0 0 1 1 2 0 R 0
1080 26619 25341 986 25357 965 13020 1 0 0 0 0 0 0 1 1 1 0 R 0
1081 26638 18647 1133 18664 1113 3795 1 0 0 0 0 0 0 1 1 1 0 R 0
1082 26662 22822 581 22838 562 3819 1 0 0 0 0 0 0 1 1 1 0 R 0
1083 26691 27916 1025 27937 1010 5887 1 0 0 0 0 0 0 1 1 1 0 R 0
1084 26720 28351 908 28364 899 7401 1 0 0 0 0 0 0 1 1 1 0 R 0
1085 26740 18690 818 18719 785 4049 1 0 0 0 0 0 0 1 1 2 0 R 0
1086 26764 23382 598 23401 572 3783 1 0 0 0 0 0 0 1 1 1 0 R 0
1087 26791 26681 994 26795 994 6416 1 0 0 0 0 0 0 1 1 1 0 R 0
1088 26822 29522 767 29427 744 6992 1 0 0 0 0 0 0 1 1 1 0 R 0
1089 26842 19679 576 19703 560 3892 1 0 0 0 0 0 0 1 1 1 0 R 0
1090 26866 23345 693 23365 667 3851 1 0 0 0 0 0 0 1 1 1 0 R 0
1091 26894 26958 629 26980 613 5712 1 0 0 0 0 0 0 1 1 2 0 R 0
1092 26913 18573 586 18590 566 4229 1 0 0 0 0 0 0 1 1 1 0 R 0
1093 26936 22611 589 22634 566 6014 1 0 0 0 0 0 0 1 1 1 0 R 0
1094 26957 20733 680 20755 657 4369 1 0 0 0 0 0 0 1 1 1 0 R 0
1095 26987 28562 1024 28585 1007 7971 1 0 0 0 0 0 0 1 1 1 0 R 0
1096 27015 27400 602 27421 574 5516 1 0 0 0 0 0 0 1 1 1 0 R 0
1097 27035 19328 603 19352 586 4352 1 0 0 0 0 0 0 1 1 2 0 R 0
1098 27055 19177 1476 19193 1574 4254 1 0 0 0 0 0 0 1 1 1 0 R 0
1099 27081 24588 1016 24482 1011 3814 1 0 0 0 0 0 0 1 1 1 0 R 0
1100 27111 28838 1020 28847 1006 6773 1 0 0 0 0 0 0 1 1 1 0 R 0
1101 27133 20957 587 20974 564 5593 1 0 0 0 0 0 0 1 1 1 0 R 0
1102 27151 18234 576 18256 555 4156 1 0 0 0 0 0 0 1 1 1 0 R 0
1103 27176 23976 606 24002 581 3807 1 0 0 0 0 0 0 1 1 1 0 R 0
1104 27206 29541 1021 29565 997 5607 1 0 0 0 0 0 0 1 1 1 0 R 0
1105 27234 27285 595 27307 572 6818 1 0 0 0 0 0 0 1 1 1 0 R 0
1106 27255 20307 595 20334 567 4504 1 0 0 0 0 0 0 1 1 2 0 R 0
1107 27278 21807 693 21834 672 5526 1 0 0 0 0 0 0 1 1 1 0 R 0
1108 27308 29243 1717 29356 1611 6641 1 0 0 0 0 0 0 1 1 1 0 R 0
1109 27333 23097 581 23108 561 5826 1 0 0 0 0 0 0 1 1 1 0 R 0
1110 27354 21317 591 21336 573 8009 1 0 0 0 0 0 0 1 1 1 0 R 0
1111 27378 23157 1093 23179 1066 4338 1 0 0 0 0 0 0 1 1 1 0 R 0
1112 27408 28634 1586 28658 1577 5765 1 0 0 0 0 1 0 1 1 1 0 R 0
1113 27432 22991 624 23000 603 5986 1 0 0 0 0 0 0 1 1 1 0 R 0
1114 27453 19694 615 19709 604 4232 1 0 0 0 0 0 0 1 1 1 0 R 0
1115 27473 19908 596 19923 577 4166 1 0 0 0 0 0 0 1 1 1 0 R 0
1116 27504 29812 1015 29207 1001 8225 1 0 1 0 0 0 0 1 1 2 0 R 0
1117 27534 29491 1947 29586 1873 7258 1 0 0 0 0 1 0 1 1 1 0 R 0
1118 27557 20392 602 20390 574 4278 1 0 0 0 0 0 0 1 1 1 0 R 0
1119 27581 23411 1106 23428 1089 4159 1 0 0 0 0 0 0 1 1 1 0 R 0
1120 27610 28467 1136 28580 1021 4224 1 0 0 0 0 0 0 1 1 1 0 R 0
1121 27635 23617 622 23643 594 7060 1 0 0 0 0 0 0 1 1 1 0 R 0
1122 27654 18774 616 18799 595 4581 1 0 0 0 0 0 0 1 1 1 0 R 0
1123 27676 20866 590 20891 570 4185 1 0 0 0 0 0 0 1 1 2 0 R 0
1124 27701 24273 1107 24373 1009 5621 1 0 0 0 0 0 0 1 1 1 0 R 0
1125 27734 31819 586 31835 564 12969 1 0 0 0 0 0 0 1 1 1 0 R 0
1126 27754 19447 591 19467 570 4385 1 0 0 0 0 0 0 1 1 1 0 R 0
1127 27775 20922 888 21034 773 4586 1 0 0 0 0 0 0 1 1 1 0 R 0
1128 27803 26862 1013 26885 998 4798 1 0 0 0 0 0 0 1 1 1 0 R 0
1129 27832 27646 1025 27657 1017 6517 1 0 0 0 0 0 0 1 1 1 0 R 0
1130 27856 23063 599 23078 577 7516 1 0 0 0 0 0 0 1 1 1 0 R 0
1131 27877 20293 1052 20317 1141 4172 1 0 0 0 0 0 0 1 1 1 0 R 0
1132 27902 24028 1033 24064 1017 3824 1 0 0 0 0 0 0 1 1 1 0 R 0
1133 27931 27961 1044 27846 1026 7278 1 0 0 0 0 0 0 1 1 1 0 R 0
1134 27955 23826 602 23853 575 9246 1 0 0 0 0 0 0 1 1 1 0 R 0
1135 27975 19120 682 19161 642 4296 1 0 0 0 0 0 0 1 1 2 0 R 0
1136 28002 25683 1190 25697 1195 4123 1 0 0 0 0 0 0 1 1 1 0 R 0
1137 28024 21306 583 21308 562 5640 1 0 0 0 0 0 0 1 1 1 0 R 0
1138 28043 18806 1237 18825 1218 4670 1 0 0 0 0 0 0 1 1 1 0 R 0
1139 28065 20822 596 20844 576 6034 1 0 0 0 0 0 0 1 1 1 0 R 0
1140 28091 24780 1012 24792 1001 7775 1 0 0 0 0 0 0 1 1 1 0 R 0
1141 28121 28779 1020 28790 1013 4785 1 0 0 0 0 0 0 1 1 1 0 R 0
1142 28152 29986 960 29991 944 7033 1 0 0 0 0 0 0 1 1 1 0 R 0
1143 28172 19645 575 19667 553 4513 1 0 0 0 0 0 0 1 1 2 0 R 0
1144 28195 21736 1391 21934 1191 3823 1 0 0 0 0 0 0 1 1 1 0 R 0
1145 28231 34694 1041 34739 1115 5579 1 0 0 0 0 0 0 1 1 3 0 R 0
1146 28258 26210 609 26117 584 7478 1 0 0 0 0 0 0 1 1 1 0 R 0
1147 28277 18576 646 18597 621 4093 1 0 0 0 0 0 0 1 1 2 0 R 0
1148 28302 24454 624 24482 600 3871 1 0 0 0 0 0 0 1 1 1 0 R 0
1149 28325 22311 606 22337 579 7161 1 0 0 0 0 0 0 1 1 1 0 R 0
1150 28345 18958 585 18978 570 4340 1 0 0 0 0 0 0 1 1 1 0 R 0
1151 28367 21486 607 21508 583 4685 1 0 0 0 0 0 0 1 1 1 0 R 0
1152 28388 20915 1593 21036 1479 3847 1 0 0 0 0 0 0 1 1 1 0 R 0
1153 28414 23647 1237 23662 1338 3838 1 0 0 0 0 0 0 1 1 1 0 R 0
1154 28444 28798 1167 28813 1027 7157 1 0 0 0 0 0 0 1 1 1 0 R 0
1155 28475 29992 721 30033 679 14649 1 0 0 0 0 0 0 1 1 3 0 R 0
1156 28498 22700 1953 22743 2014 4313 1 0 0 0 0 0 0 1 1 3 0 R 0
1157 28538 38169 1702 37660 1554 4850 1 0 1 0 0 0 0 1 1 3 0 R 0
1158 28566 25849 1030 25866 1021 7424 1 0 0 0 0 0 0 1 1 1 0 R 0
1159 28587 19733 584 19738 565 3901 1 0 0 0 0 0 0 1 1 2 0 R 0
1160 28611 23662 1035 23695 1006 5427 1 0 0 0 0 0 0 1 1 1 0 R 0
1161 28634 21645 641 21664 620 7430 1 0 0 0 0 0 0 1 1 1 0 R 0
1162 28653 18956 578 18971 556 4131 1 0 0 0 0 0 0 1 1 1 0 R 0
1163 28675 21508 594 21533 573 5694 1 0 0 0 0 0 0 1 1 1 0 R 0
1164 28697 21028 779 21143 664 4438 1 0 0 0 0 0 0 1 1 1 0 R 0
1165 28725 27138 1004 27251 996 4119 1 0 0 0 0 0 0 1 1 1 0 R 0
1166 28757 30772 1117 30775 1017 6635 1 0 0 0 0 0 0 1 1 2 0 R 0
1167 28780 22168 644 22183 622 6191 1 0 0 0 0 0 0 1 1 0 0 R 0
1168 28801 20763 570 20773 559 3730 1 0 0 0 0 0 0 1 1 2 0 R 0
1169 28828 25757 1800 25795 1913 4915 1 0 0 0 0 0 0 1 1 1 0 R 0
1170 28858 29061 1733 29023 1737 12535 1 0 0 0 0 0 0 1 1 2 0 R 0
1171 28883 22407 591 22306 567 7614 1 0 0 0 0 0 0 1 1 1 0 R 0
1172 28904 20623 593 20648 571 4259 1 0 0 0 0 0 0 1 1 1 0 R 0
1173 28931 26550 1002 26566 995 5426 1 0 0 0 0 0 0 1 1 1 0 R 0
1174 28953 20938 579 20949 557 6850 1 0 0 0 0 0 0 1 1 1 0 R 0
1175 28974 21024 870 21048 848 4233 1 0 0 0 0 0 0 1 1 1 0 R 0
1176 28995 20134 599 20157 579 4666 1 0 0 0 0 0 0 1 1 1 0 R 0
1177 29020 24245 1004 24354 1009 5403 1 0 0 0 0 0 0 1 1 2 0 R 0
1178 29049 27990 1025 27885 1011 7186 1 0 0 0 0 0 0 1 1 1 0 R 0
1179 29073 22313 968 22672 615 7766 1 0 0 0 0 0 0 1 1 1 0 R 0
1180 29092 18569 590 18583 573 4259 1 0 0 0 0 0 0 1 1 1 0 R 0
1181 29114 21453 1108 21564 1001 3831 1 0 0 0 0 0 0 1 1 1 0 R 0
1182 29144 28303 1025 28319 1001 4833 1 0 0 0 0 0 0 1 1 1 0 R 0
1183 29170 25266 780 25286 762 6863 1 0 0 0 0 0 0 1 1 1 0 R 0
1184 29190 19374 570 19389 554 4201 1 0 0 0 0 0 0 1 1 1 0 R 0
1185 29215 24664 1053 24689 1039 8126 1 0 0 0 0 0 0 1 1 1 0 R 0
1186 29245 28559 1133 28667 1036 4288 1 0 0 0 0 0 0 1 1 2 0 R 0
1187 29276 29492 930 29493 910 6481 1 0 0 0 0 0 0 1 1 1 0 R 0
1188 29297 20424 601 20451 576 4311 1 0 0 0 0 0 0 1 1 1 0 R 0
1189 29320 22627 1024 22637 1009 3737 1 0 0 0 0 0 0 1 1 1 0 R 0
1190 29351 29371 1038 29391 1020 4404 1 0 0 0 0 0 0 1 1 1 0 R 0
1191 29376 23966 600 23993 573 7463 1 0 0 0 0 0 0 1 1 1 0 R 0
1192 29396 19835 603 19859 580 4636 1 0 0 0 0 0 0 1 1 1 0 R 0
1193 29418 21515 950 21541 932 4260 1 0 0 0 0 0 0 1 1 1 0 R 0
1194 29446 27109 1014 27221 1000 5650 1 0 0 0 0 0 0 1 1 2 0 R 0
1195 29477 29724 1590 29735 1489 6643 1 0 0 0 1 0 0 1 1 1 0 R 0
1196 29502 23007 586 22466 563 4538 1 0 0 0 0 0 0 1 1 1 0 R 0
1197 29522 20233 1179 20254 1163 3807 1 0 0 0 0 0 0 1 1 1 0 R 0
1198 29552 28546 1182 28576 1144 5199 1 0 0 0 0 0 0 1 1 1 0 R 0
1199 29583 29627 695 29685 639 7928 1 0 0 0 0 0 0 1 1 3 0 R 0
1200 29605 21927 596 21949 577 9670 1 0 0 0 0 0 0 1 1 1 0 R 0
1201 29631 24585 679 24598 665 4193 1 0 0 0 0 0 0 1 1 1 0 R 0
1202 29660 28253 1010 28267 994 5060 1 0 0 0 0 0 0 1 1 2 0 R 0
1203 29688 27580 1397 27605 1371 7416 1 0 0 0 0 0 0 1 1 1 0 R 0
1204 29710 20430 573 20449 554 3815 1 0 0 0 0 0 0 1 1 1 0 R 0
1205 29734 23184 573 23203 558 3825 1 0 0 0 0 1 0 1 1 1 0 R 0
1206 29763 28243 983 28352 873 6553 1 0 0 0 0 0 0 1 1 1 0 R 0
1207 29787 22995 595 23014 572 7206 1 0 0 0 0 0 0 1 1 1 0 R 0
1208 29806 18764 593 18787 577 4231 1 0 0 0 0 0 0 1 1 1 0 R 0
1209 29828 21915 1026 21936 1001 4245 1 0 0 0 0 0 0 1 1 1 0 R 0
1210 29854 24697 1383 24812 1280 4052 1 0 0 0 0 0 0 1 1 2 0 R 0
1211 29882 26501 578 26504 560 5059 1 0 0 0 0 0 0 1 1 1 0 R 0
1212 29903 20572 622 20593 604 4701 1 0 0 0 0 0 0 1 1 1 0 R 0
1213 29925 21393 1032 21413 1008 4375 1 0 0 0 0 0 0 1 1 1 0 R 0
1214 29952 25730 1017 25750 1000 4521 1 0 0 0 0 0 0 1 1 1 0 R 0
1215 29985 32484 1021 32504 1014 13318 1 0 0 0 0 0 0 1 1 1 0 R 0
1216 30010 23272 602 23273 587 6268 1 0 0 0 0 0 0 1 1 2 0 R 0
1217 30031 20826 578 20844 557 3976 1 0 0 0 0 0 0 1 1 1 0 R 0
1218 30057 25712 2394 25755 2372 5913 1 0 0 0 0 0 0 1 1 1 0 R 0
1219 30087 26821 1371 26824 1368 7428 1 0 0 0 0 1 0 1 1 1 0 R 0
1220 30107 19208 594 19216 566 4049 1 0 0 0 0 0 0 1 1 1 0 R 0
1221 30129 21336 570 21348 558 3674 1 0 0 0 0 0 0 1 1 1 0 R 0
1222 30154 24637 996 24658 973 4161 1 0 0 0 0 0 0 1 1 2 0 R 0
1223 30185 30067 1537 30097 1517 6473 1 0 0 0 0 0 0 1 1 1 0 R 0
1224 30207 19747 584 19759 563 3856 1 0 0 0 0 0 0 1 1 1 0 R 0
1225 30226 18876 605 18897 585 3827 1 0 0 0 0 0 0 1 1 1 0 R 0
1226 30251 23856 1036 23886 1004 5797 1 0 0 0 0 0 0 1 1 2 0 R 0
1227 30281 28887 1013 28910 1008 7248 1 0 0 0 0 0 0 1 1 1 0 R 0
1228 30303 21825 597 21833 578 7013 1 0 0 0 0 0 0 1 1 1 0 R 0
1229 30323 19200 612 19215 604 4609 1 0 0 0 0 0 0 1 1 1 0 R 0
1230 30350 25928 603 25935 587 9963 1 0 0 0 0 0 0 1 1 1 0 R 0
1231 30380 29680 1164 29697 1154 7876 1 0 0 0 0 0 0 1 1 1 0 R 0
1232 30403 21975 1065 22011 1052 7547 1 0 0 0 0 0 0 1 1 1 0 R 0
1233 30424 19313 573 19301 551 4216 1 0 0 0 0 0 0 1 1 1 0 R 0
1234 30445 20368 1114 20476 1008 4294 1 0 0 0 0 0 0 1 1 1 0 R 0
1235 30474 28109 591 28133 568 4967 1 0 0 0 0 0 0 1 1 1 0 R 0
1236 30500 25934 583 25953 565 6782 1 0 0 0 0 0 0 1 1 1 0 R 0
1237 30521 20126 558 19809 539 4131 1 0 1 0 0 0 0 1 1 2 0 R 0
1238 30542 20581 620 20604 599 3814 1 0 0 0 0 0 0 1 1 1 0 R 0
1239 30568 25038 1688 25154 1595 5784 1 0 0 0 0 0 0 1 1 1 0 R 0
1240 30596 26479 1211 26598 1075 7009 1 0 0 0 0 0 0 1 1 1 0 R 0
1241 30619 21355 1271 21429 1203 3968 1 0 0 0 0 0 0 1 1 1 0 R 0
1242 30638 18376 2244 18399 2236 3780 1 0 0 0 0 0 0 1 1 0 0 R 0
1243 30684 43182 688 21411 665 31901 1 3 4 0 1 1 0 0 0 2 0 R 1
1244 30710 26180 2531 17084 785 9677 1 0 3 0 1 0 0 0 0 1 0 R 0
1245 30733 20129 822 20172 765 4753 1 0 0 0 0 0 0 0 0 1 1 R 0
1246 30755 21278 595 20200 561 4506 1 0 4 0 0 0 0 0 0 1 1 R 0
1247 30774 18270 878 18328 818 4124 1 0 0 0 0 0 0 0 0 1 1 R 0
1248 30793 17895 694 17939 657 3569 1 0 0 0 0 0 0 0 0 2 1 R 0
1249 30816 22263 554 20566 533 4137 1 0 4 0 0 0 0 0 0 2 1 R 0
1250 30838 21133 578 20101 554 4355 1 0 1 0 0 0 0 0 0 1 1 R 0
1251 30858 19789 716 19204 1014 4204 1 0 1 0 0 0 0 0 0 2 1 R 0
1252 30876 17722 853 17471 786 3668 1 0 0 0 0 0 0 0 0 1 1 R 0
1253 30898 21239 1504 20345 1453 4246 1 0 4 0 0 0 0 0 0 2 1 R 0
1254 30918 17842 728 17904 677 3274 1 0 0 0 0 0 0 0 0 2 1 R 0
1255 30938 19708 984 19722 962 3852 1 0 0 0 0 0 0 0 0 1 1 R 0
1256 30966 26797 513 22902 493 4046 1 0 5 0 0 0 0 0 0 1 1 S 1
1257 30990 23633 739 16974 682 10573 1 0 1 0 0 0 0 0 0 2 1 R 0
1258 31011 20287 659 20317 614 5490 1 0 0 0 0 0 0 0 0 2 1 R 0
1259 31036 23958 585 21433 553 3514 1 0 5 0 0 0 0 0 0 1 1 R 0
1260 31058 21870 1000 21904 977 8670 1 0 0 0 0 0 0 0 0 1 1 R 0
1261 31082 22428 547 21747 524 3346 1 0 2 0 0 0 0 0 0 2 1 R 0
1262 31104 21447 862 20256 811 3165 1 0 4 0 0 0 0 0 0 1 1 R 0
1263 31123 18718 628 18734 602 3531 1 0 0 0 0 0 0 0 0 1 1 R 0
1264 31143 18966 633 19007 595 4575 1 0 0 0 0 0 0 0 0 1 1 R 0
1265 31165 21524 626 20479 560 4309 1 0 4 0 0 0 0 0 0 2 1 R 0
1266 31184 17934 788 17979 759 3918 1 0 0 0 0 0 0 0 0 1 1 R 0
1267 31203 18459 683 18491 639 3751 1 0 0 0 0 0 0 0 0 2 1 R 0
1268 31222 18443 664 18487 634 3800 1 0 0 0 0 0 0 0 0 2 1 R 0
1269 31245 22762 585 20362 557 8193 1 0 5 0 0 0 0 0 0 1 1 R 0
1270 31265 19023 571 19052 541 4357 1 0 0 0 0 0 0 0 0 1 1 R 0
1271 31284 18285 745 18329 715 4086 1 0 0 0 0 0 0 0 0 2 1 R 0
1272 31306 21086 663 19631 631 3592 1 0 4 0 0 0 0 0 0 1 1 R 0
1273 31325 18261 728 18321 668 3858 1 0 0 0 0 0 0 0 0 2 1 R 0
1274 31345 19931 592 19960 565 4369 1 0 0 0 0 0 0 0 0 1 1 R 0
1275 31368 21873 578 21904 547 8060 1 0 0 0 0 0 0 0 0 2 1 R 0
1276 31390 21894 712 20188 677 5252 1 0 4 0 0 0 0 0 0 1 1 R 0
1277 31410 18943 606 18984 562 4027 1 0 0 0 0 0 0 0 0 1 1 R 0
1278 31427 16713 3243 16758 1213 3056 1 0 0 0 1 0 0 0 0 2 1 R 0
1279 31452 21790 652 20068 612 3836 1 0 4 0 0 0 0 0 0 1 1 R 0
1280 31472 19209 686 19231 663 3843 1 0 0 0 0 0 0 0 0 1 1 R 0
1281 31491 18445 841 18506 781 3773 1 0 0 0 0 0 0 0 0 2 1 R 0
1282 31513 21331 1008 20131 999 3071 1 0 4 0 0 0 0 0 0 1 1 R 0
1283 31532 17751 736 17786 682 3480 1 0 0 0 0 0 0 0 0 2 1 R 0
1284 31553 20204 585 20223 554 4805 1 0 0 0 0 0 0 0 0 1 1 R 0
1285 31573 19802 577 19377 544 4933 1 0 1 0 0 0 0 0 0 2 1 R 0
1286 31596 21820 714 20897 670 4461 1 0 4 0 0 0 0 0 0 1 1 R 0
1287 31615 18681 579 18707 549 3522 1 0 0 0 0 0 0 0 0 2 1 R 0
1288 31636 20128 627 19103 609 4250 1 0 1 0 0 0 0 0 0 1 1 R 0
1289 31658 20931 585 19724 556 4365 1 0 4 0 0 0 0 0 0 1 1 R 0
1290 31681 22759 580 22782 556 6876 1 0 0 0 0 0 0 0 0 1 1 R 0
1291 31699 17123 1347 17164 1318 3050 1 0 0 0 0 0 0 0 0 2 1 R 0
1292 31717 17547 746 17597 692 3446 1 0 0 0 0 0 0 0 0 2 1 R 0
1293 31741 22614 835 20811 811 3329 1 0 4 0 0 0 0 0 0 1 1 R 0
1294 31761 18904 684 18923 665 4156 1 0 0 0 0 0 0 0 0 1 1 R 0
1295 31781 19739 562 19757 530 3784 1 0 0 0 0 0 0 0 0 1 1 R 0
1296 31803 21430 591 20489 562 3370 1 0 4 0 0 0 0 0 0 2 1 R 0
1297 31822 18128 725 18170 685 3164 1 0 0 0 0 0 0 0 0 1 1 R 0
1298 31844 21450 713 20381 692 4011 1 0 1 0 0 1 0 0 0 2 1 R 0
1299 31866 21686 571 20391 545 4296 1 0 4 0 0 0 0 0 0 1 1 R 0
1300 31886 18910 630 18936 602 3257 1 0 0 0 0 0 0 0 0 2 1 R 0
1301 31904 17379 665 17430 613 3462 1 0 0 0 0 0 0 0 0 1 1 R 0
1302 31924 19149 683 19196 640 4743 1 0 0 0 0 0 0 0 0 2 1 R 0
1303 31947 22801 594 21775 564 5939 1 0 4 0 0 0 0 0 0 1 1 R 0
1304 31967 19238 588 19268 558 3857 1 0 0 0 0 0 0 0 0 2 1 R 0
1305 31990 22281 688 22336 645 6707 1 0 0 0 0 0 0 0 0 1 1 R 0
1306 32012 21074 571 20174 545 3266 1 0 4 0 0 0 0 0 0 2 1 R 0
1307 32030 18273 680 18320 649 3059 1 0 0 0 0 0 0 0 0 1 1 R 0
1308 32052 21327 572 19683 544 4275 1 0 1 0 0 0 0 0 0 1 1 R 0
1309 32074 21066 642 20154 599 3799 1 0 4 0 0 0 0 0 0 1 1 R 0
1310 32094 19714 657 19757 616 4443 1 0 0 0 0 0 0 0 0 2 1 R 0
1311 32113 17992 669 18031 632 3413 1 0 0 0 0 0 0 0 0 1 1 R 0
1312 32134 20397 905 20078 794 4226 1 0 1 0 0 0 0 0 0 2 1 R 0
1313 32156 21296 599 20344 564 6292 1 0 4 0 0 0 0 0 0 1 1 R 0
1314 32176 19542 586 19572 556 4440 1 0 0 0 0 0 0 0 0 2 1 R 0
1315 32198 21430 1005 20631 982 3957 1 0 1 0 0 0 0 0 0 1 1 R 0
1316 32222 22133 716 20953 637 3295 1 0 4 0 0 0 0 0 0 2 1 R 0
1317 32242 19627 802 18677 768 3104 1 0 1 0 0 0 0 0 0 1 1 R 0
1318 32263 20098 586 20121 555 4290 1 0 0 0 0 0 0 0 0 2 1 R 0
1319 32285 21376 643 20077 578 4401 1 0 4 0 0 0 0 0 0 1 1 R 0
1320 32306 20916 582 20949 547 6473 1 0 0 0 0 0 0 0 0 1 1 R 0
1321 32324 17316 672 17365 639 3312 1 0 0 0 0 0 0 0 0 2 1 R 0
1322 32344 18805 1093 18839 1076 4695 1 0 0 0 0 0 0 0 0 2 1 R 0
1323 32367 22014 592 20797 559 6380 1 0 4 0 0 0 0 0 0 1 1 R 0
1324 32387 19424 631 19454 604 3874 1 0 0 0 0 0 0 0 0 1 1 R 0
1325 32406 18166 807 18220 762 3091 1 0 0 0 0 0 0 0 0 1 1 R 0
1326 32427 20836 1100 19340 1055 3648 1 0 4 0 0 0 0 0 0 2 1 R 0
1327 32448 19579 1374 18529 1335 3141 1 0 1 0 0 0 0 0 0 2 1 R 0
1328 32468 18378 875 18402 1243 3489 1 0 0 0 0 0 0 0 0 1 1 R 0
1329 32488 19469 1128 19083 1120 3789 1 0 0 0 2 0 0 0 0 1 1 R 0
1330 32510 20598 558 19111 531 3290 1 0 2 0 0 0 0 0 0 2 1 R 0
1331 32530 19790 698 19518 664 3062 1 0 1 0 0 0 0 0 0 1 1 R 0
1332 32548 16973 1311 16992 1290 3050 1 0 0 0 0 0 0 0 0 2 1 R 0
1333 32571 21538 573 19768 546 3750 1 0 4 0 0 0 0 0 0 1 1 R 0
1334 32590 18995 568 19020 539 3849 1 0 0 0 0 0 0 0 0 1 1 R 0
1335 32613 22044 569 22072 540 7018 1 0 0 0 0 0 0 0 0 2 1 R 0
1336 32635 21132 560 19858 534 3086 1 0 4 0 0 0 0 0 0 1 1 R 0
1337 32654 19043 774 17790 725 3480 1 0 1 0 0 0 0 0 0 2 1 R 0
1338 32675 19890 582 19913 550 4413 1 0 0 0 0 0 0 0 0 1 1 R 0
1339 32695 19226 587 19256 559 4409 1 0 0 0 0 0 0 0 0 1 1 R 0
1340 32716 20714 629 19651 599 5603 1 0 4 0 0 0 0 0 0 2 1 R 0
1341 32734 17635 654 17671 629 3692 1 0 0 0 0 0 0 0 0 1 1 R 0
1342 32753 18434 678 18476 629 4193 1 0 0 0 0 0 0 0 0 2 1 R 0
1343 32777 22670 578 21230 550 4578 1 0 4 0 0 0 0 0 0 1 1 R 0
1344 32797 19798 594 19827 563 3865 1 0 0 0 0 0 0 0 0 1 1 R 0
1345 32816 18446 803 18492 776 3067 1 0 0 0 0 0 0 0 0 2 1 R 0
1346 32835 18263 801 18291 759 3111 1 0 0 0 0 0 0 0 0 1 1 R 0
1347 32858 21927 602 19873 570 6974 1 0 5 0 0 0 0 0 0 1 1 R 0
1348 32878 19042 704 19179 573 3439 1 0 0 0 0 0 0 0 0 2 1 R 0
1349 32897 19093 580 19117 550 3882 1 0 0 0 0 0 0 0 0 1 1 R 0
1350 32923 25234 581 23371 549 6574 1 0 4 0 0 0 0 0 0 1 1 R 0
1351 32942 17893 835 17957 774 3767 1 0 0 0 0 0 0 0 0 2 1 R 0
1352 32962 19218 674 19274 620 3150 1 0 0 0 0 0 0 0 0 2 1 R 0
1353 32984 21807 554 20987 531 3840 1 0 4 0 0 0 0 0 0 1 1 R 0
1354 33004 19503 678 19563 619 4448 1 0 0 0 0 0 0 0 0 1 1 R 0
1355 33024 18743 677 18788 630 3696 1 0 0 0 0 0 0 0 0 1 1 R 0
1356 33044 19337 1062 17987 1050 3667 1 0 1 0 0 0 0 0 0 2 1 R 0
1357 33065 20756 697 19633 623 5532 1 0 4 0 0 0 0 0 0 2 1 R 0
1358 33085 19225 612 19254 579 4272 1 0 0 0 0 0 0 0 0 1 1 R 0
1359 33105 19147 629 19178 599 4224 1 0 0 0 0 0 0 0 0 1 1 R 0
1360 33130 23950 558 22575 540 5297 1 0 4 0 0 0 0 0 0 1 1 R 0
1361 33147 16634 728 16714 644 3093 1 0 0 0 0 0 0 0 0 1 1 R 0
1362 33168 19982 661 20018 642 4748 1 0 0 0 0 0 0 0 0 3 1 R 0
1363 33191 22330 806 21752 582 4090 1 0 4 0 0 0 0 0 0 1 1 R 0
1364 33211 19299 663 19324 644 4042 1 0 0 0 0 0 0 0 0 1 1 R 0
1365 33234 22709 573 22731 538 7797 1 0 0 0 0 0 0 0 0 2 1 R 0
1366 33253 18816 699 17857 647 4965 1 0 1 0 0 0 0 0 0 1 1 R 0
1367 33276 22207 590 21096 558 6597 1 0 4 0 0 0 0 0 0 2 1 R 0
1368 33296 19345 594 19376 563 3857 1 0 0 0 0 0 0 0 0 1 1 R 0
1369 33317 20176 733 20209 705 3683 1 0 0 0 0 0 0 0 0 2 1 R 0
1370 33340 22528 780 21616 662 3080 1 0 4 0 0 0 0 0 0 1 1 R 0
1371 33358 17084 1416 17196 1316 3355 1 0 0 0 0 0 0 0 0 2 1 R 0
1372 33378 18618 1267 18647 1241 3997 1 0 0 0 0 0 0 0 0 2 1 R 0
1373 33402 22173 548 21385 517 4538 1 0 4 0 0 0 0 0 0 1 1 R 0
1374 33422 19574 575 19605 546 3240 1 0 0 0 0 0 0 0 0 2 1 R 0
1375 33440 17767 2611 17820 1190 3137 1 0 0 0 1 0 0 0 0 2 1 R 0
1376 33461 18482 685 18499 640 3220 1 0 0 0 0 0 0 0 0 1 1 R 0
1377 33484 22379 588 21292 555 3302 1 0 4 0 0 0 0 0 0 1 1 R 0
1378 33504 18782 560 18813 527 4236 1 0 0 0 0 0 0 0 0 1 1 R 0
1379 33523 19103 599 19135 568 3725 1 0 0 0 0 0 0 0 0 2 1 R 0
1380 33548 24113 1007 22563 968 6642 1 0 4 0 0 0 0 0 0 2 1 R 0
1381 33567 17990 711 17654 656 3091 1 0 1 0 0 0 0 0 0 1 1 R 0
1382 33586 18705 696 18747 657 3118 1 0 0 0 0 0 0 0 0 2 1 R 0
1383 33608 21245 1465 21263 1449 4136 1 0 0 0 1 0 0 0 0 1 1 R 0
1384 33631 21238 559 19743 531 3856 1 0 3 0 0 0 0 0 0 2 1 R 0
1385 33652 20182 1285 19312 1192 3114 1 0 1 0 0 0 0 0 0 1 1 R 0
1386 33671 17947 686 17974 657 3060 1 0 0 0 0 0 0 0 0 2 1 R 0
1387 33694 22249 717 20792 694 4000 1 0 4 0 0 0 0 0 0 1 1 R 0
1388 33714 19320 617 19339 592 4440 1 0 0 0 0 0 0 0 0 1 1 R 0
1389 33734 19637 616 19667 582 4302 1 0 0 0 0 0 0 0 0 1 1 R 0
1390 33756 20886 788 19439 761 3600 1 0 4 0 0 0 0 0 0 2 1 R 0
1391 33775 18003 672 18046 632 3293 1 0 0 0 0 1 0 0 0 1 1 R 0
1392 33796 20561 584 20575 556 4944 1 0 0 0 0 0 0 0 0 2 1 R 0
1393 33816 19373 628 19417 583 4193 1 0 0 0 0 0 0 0 0 1 1 R 0
1394 33837 20892 595 19747 564 6375 1 0 4 0 0 0 0 0 0 1 1 R 0
1395 33862 23823 650 22643 611 7564 1 0 1 0 0 0 0 0 0 2 1 R 0
1396 33880 18069 823 18107 805 3038 1 0 0 0 0 0 0 0 0 2 1 R 0
1397 33903 22181 649 21004 609 3920 1 0 4 0 0 0 0 0 0 1 1 R 0
1398 33924 19379 589 19400 564 4414 1 0 0 0 0 0 0 0 0 1 1 R 0
1399 33943 19112 597 19151 554 3686 1 0 0 0 0 0 0 0 0 1 1 R 0
1400 33966 21984 588 20411 559 4538 1 0 4 0 0 0 0 0 0 2 1 R 0
1401 33984 18011 737 18067 682 3581 1 0 0 0 0 0 0 0 0 1 1 R 0
1402 34005 19602 586 19633 552 4454 1 0 0 0 0 0 0 0 0 1 1 R 0
1403 34025 19572 577 19599 548 4599 1 0 0 0 0 0 0 0 0 1 1 R 0
1404 34048 22042 556 20141 532 5621 1 0 5 0 0 0 0 0 0 2 1 R 0
1405 34066 17956 731 18016 670 3113 1 0 0 0 0 0 0 0 0 1 1 R 0
1406 34085 18715 798 18812 717 3497 1 0 0 0 0 0 0 0 0 2 1 R 0
1407 34108 21760 588 20573 932 3801 1 0 4 0 0 0 0 0 0 1 1 R 0
1408 34128 19872 1038 19551 992 4056 1 0 0 0 0 0 0 0 0 1 1 R 0
1409 34151 21747 658 21793 609 4530 1 0 0 0 0 0 0 0 0 2 1 R 0
1410 34176 24220 581 22990 558 6540 1 0 4 0 0 0 0 0 0 2 1 R 0
1411 34196 19227 705 19269 674 3060 1 0 0 0 0 0 0 0 0 1 1 R 0
1412 34216 19583 616 19602 586 3933 1 0 0 0 0 0 0 0 0 1 1 R 0
1413 34236 18898 583 18922 556 4343 1 0 0 0 0 0 0 0 0 2 1 R 0
1414 34259 22203 990 20125 973 6061 1 0 5 0 0 0 0 0 0 2 1 R 0
1415 34277 17103 680 17135 651 3084 1 0 0 0 0 0 0 0 0 1 1 R 0
1416 34297 20131 739 20148 716 3733 1 0 0 0 0 0 0 0 0 2 1 R 0
1417 34320 21500 572 20301 543 3811 1 0 4 0 0 0 0 0 0 1 1 R 0
1418 34341 20322 562 20349 537 3829 1 0 0 0 0 0 0 0 0 1 1 R 0
1419 34359 17452 1420 18125 741 3622 1 0 0 0 0 0 0 0 0 1 1 R 0
1420 34377 17324 944 17376 914 3004 1 0 0 0 0 0 0 0 0 2 1 R 0
1421 34402 23739 564 21493 533 3413 1 0 5 0 0 0 0 0 0 2 1 R 0
1422 34422 18949 650 18991 618 3883 1 0 0 0 0 0 0 0 0 1 1 R 0
1423 34441 19264 563 19286 530 4082 1 0 0 0 0 0 0 0 0 1 1 R 0
1424 34465 22571 675 20585 630 6792 1 0 5 0 0 0 0 0 0 1 1 R 0
1425 34486 20472 718 20532 662 6422 1 0 0 0 0 0 0 0 0 2 1 R 0
1426 34506 19451 670 19480 647 4241 1 0 0 0 0 0 0 0 0 1 1 R 0
1427 34528 21725 950 20169 926 4400 1 0 3 0 0 0 0 0 0 1 1 R 0
1428 34550 20858 562 20879 540 3216 1 0 0 0 0 0 0 0 0 2 1 R 0
1429 34568 17289 1284 17357 1238 3095 1 0 0 0 0 0 0 0 0 1 1 R 0
1430 34587 17882 759 17899 717 3882 1 0 0 0 0 0 0 0 0 3 1 R 0
1431 34612 24035 613 22525 587 4248 1 0 4 0 0 0 0 0 0 1 1 R 0
1432 34632 19037 634 19076 598 3848 1 0 0 0 0 0 0 0 0 1 1 R 0
1433 34652 20175 615 18419 569 3172 1 0 1 0 0 0 0 0 0 2 1 R 0
1434 34674 20801 609 19570 576 3058 1 0 4 0 0 0 0 0 0 1 1 R 0
1435 34691 16882 1089 16944 1037 3665 1 0 0 0 0 0 0 0 0 2 1 R 0
1436 34713 20879 574 20901 546 5439 1 0 0 0 0 0 0 0 0 1 1 R 0
1437 34736 21878 774 21087 712 4245 1 0 4 0 0 0 0 0 0 1 1 R 0
1438 34756 19175 581 19200 551 4154 1 0 0 0 0 0 0 0 0 2 1 R 0
1439 34774 17456 751 17507 702 3661 1 0 0 0 0 0 0 0 0 1 1 R 0
1440 34797 22077 653 22115 616 7266 1 0 0 0 0 0 0 0 0 2 1 R 0
1441 34820 22308 555 20883 532 5557 1 0 4 0 0 0 0 0 0 1 1 R 0
1442 34838 18403 954 18443 939 3840 1 0 0 0 0 0 0 0 0 1 1 R 0
1443 34860 20311 638 18820 593 4026 1 0 1 0 0 0 0 0 0 1 1 R 0
1444 34881 20836 788 19766 748 3101 1 0 4 0 0 0 0 0 0 2 1 R 0
1445 34902 20371 669 19169 638 3108 1 0 1 0 0 0 0 0 0 2 1 R 0
1446 34923 20204 592 20221 562 4436 1 0 0 0 0 0 0 0 0 1 1 R 0
1447 34945 21476 599 20603 569 4391 1 0 4 0 0 0 0 0 0 1 1 R 0
1448 34964 18475 899 18516 859 3772 1 0 0 0 0 0 0 0 0 1 1 R 0
1449 34983 17434 687 17488 634 3613 1 0 0 0 0 0 0 0 0 2 1 R 0
1450 35003 19255 669 19299 623 4426 1 0 0 0 0 0 0 0 0 2 1 R 0
1451 35025 21649 602 20529 567 6579 1 0 4 0 0 0 0 0 0 1 1 R 0
1452 35045 19364 590 19392 562 4647 1 0 0 0 0 0 0 0 0 1 1 R 0
1453 35066 20767 577 19716 548 5585 1 0 1 0 0 0 0 0 0 2 1 R 0
1454 35088 21075 1221 19820 1162 3254 1 0 4 0 0 0 0 0 0 1 1 R 0
1455 35110 21175 1112 21215 1095 6221 1 0 0 0 0 0 0 0 0 2 1 R 0
1456 35130 18880 574 18874 547 3858 1 0 0 0 0 0 0 0 0 1 1 R 0
1457 35153 21906 550 21147 524 3821 1 0 4 0 0 0 0 0 0 1 1 R 0
1458 35173 19503 738 19561 681 4524 1 0 0 0 0 0 0 0 0 2 1 R 0
1459 35191 17478 708 17559 634 3836 1 0 0 0 0 0 0 0 0 2 1 R 0
1460 35212 19902 836 19934 799 5796 1 0 0 0 0 0 0 0 0 1 1 R 0
1461 35235 22075 667 20799 626 3759 1 0 4 0 0 0 0 0 0 2 1 R 0
1462 35256 20234 577 19383 552 4392 1 0 1 0 0 0 0 0 0 1 1 R 0
1463 35275 18663 983 18715 941 3666 1 0 0 0 0 0 0 0 0 1 1 R 0
1464 35296 20616 767 19261 708 3623 1 0 4 0 0 0 0 0 0 2 1 R 0
1465 35315 17495 697 17533 654 3115 1 0 0 0 0 0 0 0 0 2 1 R 0
1466 35335 20126 623 20162 580 4650 1 0 0 0 0 0 0 0 0 1 1 R 0
1467 35355 19061 581 19091 552 4211 1 0 0 0 0 0 0 0 0 1 1 R 0
1468 35376 20487 703 19470 660 5673 1 0 4 0 0 0 0 0 0 2 1 R 0
1469 35395 17784 671 17835 621 3100 1 0 0 0 0 0 0 0 0 1 1 R 0
1470 35417 21339 769 21433 671 6832 1 0 0 0 0 0 0 0 0 2 1 R 0
1471 35440 22695 568 21371 539 3779 1 0 4 0 0 0 0 0 0 1 1 R 0
1472 35462 20782 716 19723 676 4104 1 0 1 0 0 0 0 0 0 1 1 R 0
1473 35480 18247 685 18287 653 3070 1 0 0 0 0 0 0 0 0 2 1 R 0
1474 35500 18430 2528 18471 1494 3097 1 0 1 0 3 0 0 0 0 1 1 R 0
1475 35522 19374 706 19038 661 3035 1 0 0 0 0 0 0 0 0 2 1 R 0
1476 35541 19067 570 19091 541 3513 1 0 0 0 0 0 0 0 0 1 1 R 0
1477 35562 20435 567 20135 540 4018 1 0 1 0 0 0 0 0 0 1 1 R 0
1478 35584 21432 595 20401 562 3310 1 0 4 0 0 0 0 0 0 1 1 R 0
1479 35603 17827 655 17867 610 3659 1 0 0 0 0 0 0 0 0 2 1 R 0
1480 35622 19088 687 19144 637 4593 1 0 0 0 0 0 0 0 0 2 1 R 0
1481 35645 21661 575 20325 549 4300 1 0 4 0 0 0 0 0 0 1 1 R 0
1482 35666 20811 714 19168 685 4286 1 0 1 0 0 0 0 0 0 1 1 R 0
1483 35685 18264 700 18306 654 3305 1 0 0 0 0 0 0 0 0 2 1 R 0
1484 35704 17651 687 17707 638 3648 1 0 0 0 0 0 0 0 0 1 1 R 0
1485 35731 26390 568 25420 538 14032 1 0 4 0 0 1 0 0 0 2 1 R 0
1486 35751 19427 573 19458 547 3809 1 0 0 0 0 0 0 0 0 1 1 R 0
1487 35771 19429 563 19453 536 3807 1 0 0 0 0 0 0 0 0 2 1 R 0
1488 35793 21583 579 20560 548 3498 1 0 4 0 0 0 0 0 0 1 1 R 0
1489 35812 18716 683 18759 652 3995 1 0 0 0 0 0 0 0 0 2 1 R 0
1490 35831 18761 804 18818 758 3075 1 0 0 0 0 0 0 0 0 1 1 R 0
1491 35854 21746 549 20792 526 3812 1 0 4 0 0 0 0 0 0 1 1 R 0
1492 35876 21140 575 19868 547 4425 1 0 1 0 0 0 0 0 0 1 1 R 0
1493 35894 17905 925 17955 910 3969 1 0 0 0 0 0 0 0 0 2 1 R 0
1494 35913 17943 745 17963 697 3550 1 0 0 0 0 0 0 0 0 2 1 R 0
1495 35936 21926 587 20918 558 5794 1 0 4 0 0 0 0 0 0 1 1 R 0
1496 35955 18725 589 18757 563 4312 1 0 0 0 0 0 0 0 0 1 1 R 0
1497 35975 19526 577 19549 545 4423 1 0 0 0 0 0 0 0 0 1 1 R 0
1498 35997 21532 592 20210 559 4122 1 0 4 0 0 0 0 0 0 2 1 R 0
1499 36015 17455 739 17494 704 3149 1 0 0 0 0 0 0 0 0 1 1 R 0
