# swapstamp frames 1500 skip 300 peer 515
# f t_ms gap_us swap_us crend_us cswap_us clr_us nclr vcs_r ivcs_r vcs_s ivcs_s minf majf cpu0 cpu1 pticks pcpu pstate ctr
0 0 29132 979 29369 743 7693 1 0 0 0 0 0 0 1 1 0 0 R 0
1 29 28725 606 28751 578 7921 1 0 0 0 0 0 0 1 1 1 0 R 0
2 50 20648 582 20670 560 4184 1 0 0 0 0 0 0 1 1 2 0 R 0
3 72 21014 790 21031 769 3765 1 0 0 0 0 0 0 1 1 1 0 R 0
4 95 22326 1004 22354 985 3765 1 0 0 0 0 0 0 1 1 1 0 R 0
5 127 30373 1013 30482 899 7305 1 0 0 0 0 0 0 1 1 1 0 R 0
6 152 24113 583 24140 554 7591 1 0 0 0 0 0 0 1 1 1 0 R 0
7 175 22999 716 22173 687 3881 1 0 1 0 0 0 0 1 1 1 0 R 0
8 203 26577 1024 26606 1007 4582 1 0 0 0 0 0 0 1 1 1 0 R 0
9 233 29334 1160 29349 1149 7431 1 0 0 0 0 0 0 1 1 2 0 R 0
10 258 24021 773 24033 746 5345 1 0 0 0 0 0 0 1 1 1 0 R 0
11 280 20668 601 20702 571 4290 1 0 0 0 0 0 0 1 1 1 0 R 0
12 303 23215 1042 23236 1031 3797 1 0 0 0 0 0 0 1 1 1 0 R 0
13 330 25566 585 25584 556 6948 1 0 0 0 0 0 0 1 1 1 0 R 0
14 353 22053 586 22075 568 3780 1 0 0 0 0 0 0 1 1 2 0 R 0
15 376 22521 1447 22544 1536 8500 1 0 0 0 0 0 0 1 1 1 0 R 0
16 404 26606 1033 26611 1027 4307 1 0 0 0 0 0 0 1 1 1 0 R 0
17 434 29169 1014 29076 993 7226 1 0 0 0 0 0 0 1 1 2 0 R 0
18 460 24656 612 24688 582 7065 1 0 0 0 0 0 0 1 1 1 0 R 0
19 483 22668 574 22683 556 3863 1 0 0 0 0 0 0 1 1 1 0 R 0
20 510 26420 1165 26535 1054 4768 1 0 0 0 0 0 0 1 1 1 0 R 0
21 542 30918 680 30943 645 7787 1 0 0 0 0 0 0 1 1 1 0 R 0
22 563 20358 577 20385 556 4338 1 0 0 0 0 0 0 1 1 2 0 R 0
23 585 21201 725 21222 701 3831 1 0 0 0 0 0 0 1 1 1 0 R 0
24 611 25388 1775 25413 1755 4447 1 0 0 0 0 0 0 1 1 1 0 R 0
25 647 34084 766 31420 750 6627 1 0 1 0 1 0 0 1 1 1 0 R 0
26 674 26536 591 21259 568 4251 1 0 2 0 0 0 0 1 1 2 0 R 0
27 698 23099 846 23122 825 3820 1 0 0 0 0 0 0 1 1 1 0 R 0
28 730 30879 1010 30995 1022 6225 1 0 0 0 0 0 0 1 1 1 0 R 0
29 755 24132 1027 24030 1013 6336 1 0 0 0 0 0 0 1 1 1 0 R 0
30 778 22348 585 22358 563 8920 1 0 0 0 0 0 0 1 1 1 0 R 0
31 799 20463 1026 20489 1000 4184 1 0 0 0 0 0 0 1 1 1 0 R 0
32 830 30037 1645 30156 1532 5537 1 0 0 0 0 0 0 1 1 2 0 R 0
33 855 23559 588 23575 565 5612 1 0 0 0 0 0 0 1 1 1 0 R 0
34 876 19896 581 19915 565 4183 1 0 0 0 0 0 0 1 1 1 0 R 0
35 897 20708 589 20729 566 4222 1 0 0 0 0 0 0 1 1 1 0 R 0
36 924 26685 1188 26708 1181 5991 1 0 0 0 0 0 0 1 1 1 0 R 0
37 956 30288 947 30374 846 7672 1 0 0 0 0 0 0 1 1 1 0 R 0
38 979 21756 618 21777 595 5300 1 0 0 0 0 0 0 1 1 2 0 R 0
39 1001 21442 1059 21472 1033 4177 1 0 0 0 0 0 0 1 1 1 0 R 0
40 1029 27799 1168 27912 1055 5873 1 0 0 0 0 0 0 1 1 1 0 R 0
41 1058 27117 592 27143 563 5961 1 0 0 0 0 0 0 1 1 1 0 R 0
42 1077 19093 576 19113 556 4476 1 0 0 0 0 0 0 1 1 2 0 R 0
43 1099 21234 597 21261 567 4295 1 0 0 0 0 0 0 1 1 1 0 R 0
44 1130 30619 1569 30023 1554 3999 1 0 1 0 0 0 0 1 1 1 0 R 0
45 1161 28788 935 28804 916 12798 1 0 0 0 0 0 0 1 1 1 0 R 0
46 1183 20874 606 20887 586 4222 1 0 0 0 0 0 0 1 1 2 0 R 0
47 1204 20680 586 20704 565 3952 1 0 0 0 0 0 0 1 1 1 0 R 0
48 1231 26341 1738 26463 1622 5466 1 0 0 0 0 0 0 1 1 1 0 R 0
49 1264 30997 968 31013 944 7949 1 0 0 0 0 0 0 1 1 1 0 R 0
50 1286 21303 581 21330 555 5490 1 0 0 0 0 0 0 1 1 1 0 R 0
51 1308 21487 582 21510 555 4431 1 0 0 0 0 0 0 1 1 1 0 R 0
52 1336 27522 1144 27644 1028 4562 1 0 0 0 0 0 0 1 1 2 0 R 0
53 1367 29873 947 29897 928 6761 1 0 0 0 0 0 0 1 1 1 0 R 0
54 1390 21711 593 21731 569 5005 1 0 0 0 0 0 0 1 1 1 0 R 0
55 1411 20442 998 20466 974 3790 1 0 0 0 0 0 0 1 1 1 0 R 0
56 1437 25665 598 25687 577 5464 1 0 0 0 0 0 0 1 1 1 0 R 0
57 1459 20893 621 20911 600 4180 1 0 0 0 0 0 0 1 1 1 0 R 0
58 1481 21451 1269 22043 690 3817 1 0 0 0 0 0 0 1 1 1 0 R 0
59 1501 18225 568 18233 548 3931 1 0 0 0 0 0 0 1 1 2 0 R 0
60 1532 31225 576 31245 551 9983 1 0 0 0 0 0 0 1 1 1 0 R 0
61 1558 25263 1030 25297 1004 4475 1 0 0 0 0 0 0 1 1 1 0 R 0
62 1581 21875 926 21896 899 4618 1 0 0 0 0 0 0 1 1 2 0 R 0
63 1602 20068 565 20092 540 3889 1 0 0 0 0 1 0 1 1 1 0 R 0
64 1628 24989 1467 25013 1449 5570 1 0 0 0 0 0 0 1 1 1 0 R 0
65 1660 30831 1774 30899 1717 6732 1 0 0 0 0 0 0 1 1 1 0 R 0
66 1683 21352 580 21361 556 4629 1 0 0 0 0 0 0 1 1 1 0 R 0
67 1705 21198 580 21224 556 3960 1 0 0 0 0 0 0 1 1 2 0 R 0
68 1731 25686 1804 25711 1797 5686 1 0 0 0 0 0 0 1 1 1 0 R 0
69 1764 30980 1022 30982 1118 6826 1 0 0 0 0 0 0 1 1 1 0 R 0
70 1786 21157 694 21097 645 5150 1 0 0 0 0 0 0 1 1 1 0 R 0
71 1806 19557 574 19573 549 4264 1 0 0 0 0 0 0 1 1 1 0 R 0
72 1831 24110 1989 24251 1852 5809 1 0 0 0 0 0 0 1 1 2 0 R 0
73 1863 29887 1004 30000 1005 7459 1 0 0 0 0 0 0 1 1 1 0 R 0
74 1887 22721 672 22632 645 6041 1 0 0 0 0 0 0 1 1 1 0 R 0
75 1910 22450 691 22492 650 8351 1 0 0 0 0 0 0 1 1 2 0 R 0
76 1937 26301 1362 26325 1352 4535 1 0 0 0 0 0 0 1 1 1 0 R 0
77 1963 25313 576 25321 560 6297 1 0 0 0 0 0 0 1 1 1 0 R 0
78 1990 25857 638 25887 607 5552 1 0 0 0 0 0 0 1 1 1 0 R 0
79 2010 19497 570 19522 543 4095 1 0 0 0 0 0 0 1 1 1 0 R 0
80 2034 23005 965 23109 976 5715 1 0 0 0 0 0 0 1 1 1 0 R 0
81 2064 29767 1002 29763 1008 7039 1 0 0 0 0 0 0 1 1 1 0 R 0
82 2090 24353 590 23977 565 7382 1 0 1 0 0 0 0 1 1 1 0 R 0
83 2109 18937 568 18957 549 3781 1 0 0 0 0 0 0 1 1 1 0 R 0
84 2131 21291 2021 21313 2001 3826 1 0 0 0 0 0 0 1 1 2 0 R 0
85 2162 29475 1019 29491 996 7362 1 0 0 0 0 0 0 1 1 1 0 R 0
86 2187 23434 598 23462 569 7561 1 0 0 0 0 0 0 1 1 1 0 R 0
87 2208 20201 579 20222 563 4380 1 0 0 0 0 0 0 1 1 1 0 R 0
88 2229 20979 689 21004 660 4203 1 0 0 0 0 1 0 1 1 1 0 R 0
89 2260 29991 1150 30018 1775 5650 1 0 0 0 0 0 0 1 1 1 0 R 0
90 2289 27439 596 26814 570 13334 1 0 0 0 0 0 0 1 1 2 0 R 0
91 2309 19500 572 19521 551 4353 1 0 0 0 0 0 0 1 1 1 0 R 0
92 2330 20791 647 20833 606 4298 1 0 0 0 0 0 0 1 1 1 0 R 0
93 2358 27748 2212 27860 2119 4883 1 0 0 0 0 1 0 1 1 2 0 R 0
94 2388 27549 813 27557 796 5839 1 0 0 0 0 0 0 1 1 0 0 R 0
95 2408 19166 580 19177 559 4532 1 0 0 0 0 0 0 1 1 2 0 R 0
96 2430 20918 595 20944 565 4177 1 0 0 0 0 0 0 1 1 1 0 R 0
97 2458 28012 1019 28040 989 4081 1 0 0 0 0 0 0 1 1 1 0 R 0
98 2487 27956 588 27982 566 6026 1 0 0 0 0 0 0 1 1 1 0 R 0
99 2508 20445 685 20491 637 4547 1 0 0 0 0 0 0 1 1 1 0 R 0
100 2529 20464 1017 20588 895 4132 1 0 0 0 0 0 0 1 1 1 0 R 0
101 2557 26672 1450 26701 1426 4200 1 0 0 0 0 0 0 1 1 2 0 R 0
102 2588 29835 713 29855 696 6751 1 0 0 0 0 0 0 1 1 1 0 R 0
103 2609 19826 586 19841 560 4392 1 0 0 0 0 0 0 1 1 1 0 R 0
104 2630 20812 1576 20842 1679 3835 1 0 0 0 0 0 0 1 1 1 0 R 0
105 2662 30420 1166 30419 1155 10178 1 0 0 0 0 0 0 1 1 2 0 R 0
106 2692 28497 574 28399 556 7615 1 0 0 0 0 0 0 1 1 1 0 R 0
107 2713 20473 672 20494 651 4137 1 0 0 0 0 0 0 1 1 1 0 R 0
108 2734 20547 884 20567 862 3758 1 0 0 0 0 0 0 1 1 1 0 R 0
109 2760 24765 1025 24793 997 4959 1 0 0 0 0 0 0 1 1 1 0 R 0
110 2790 29246 2155 29277 2237 6691 1 0 0 0 0 0 0 1 1 2 0 R 0
111 2814 21142 590 21057 565 4407 1 0 0 0 0 0 0 1 1 1 0 R 0
112 2833 19335 1411 19357 1391 3797 1 0 0 0 0 0 0 1 1 1 0 R 0
113 2862 27660 985 27677 966 4944 1 0 0 0 0 0 0 1 1 2 0 R 0
114 2893 29161 1009 29193 975 6545 1 0 0 0 0 0 0 1 1 1 0 R 0
115 2917 23271 604 23306 573 7391 1 0 0 0 0 0 0 1 1 1 0 R 0
116 2938 20845 1165 20959 1053 4133 1 0 0 0 0 0 0 1 1 1 0 R 0
117 2965 25605 1023 25625 1011 4055 1 0 0 0 0 0 0 1 1 1 0 R 0
118 2996 29575 1021 29588 994 7357 1 0 0 0 0 0 0 1 1 1 0 R 0
119 3020 22822 582 22853 560 7375 1 0 0 0 0 0 0 1 1 1 0 R 0
120 3045 25231 586 25251 563 7505 1 0 0 0 0 0 0 1 1 2 0 R 0
121 3074 27906 577 27928 551 4918 1 0 0 0 0 0 0 1 1 1 0 R 0
122 3094 19323 605 19346 585 3807 1 0 0 0 0 0 0 1 1 1 0 R 0
123 3116 21908 609 21934 583 4293 1 0 0 0 0 0 0 1 1 1 0 R 0
124 3138 21403 596 20996 570 5043 1 0 1 0 0 0 0 1 1 2 0 R 0
125 3164 24888 1020 24912 1000 5993 1 0 0 0 0 0 0 1 1 1 0 R 0
126 3193 28364 1017 28382 996 7246 1 0 0 0 0 0 0 1 1 1 0 R 0
127 3220 25648 630 25692 587 7674 1 0 0 0 0 0 0 1 1 1 0 R 0
128 3240 19103 574 19126 551 3711 1 0 0 0 0 0 0 1 1 1 0 R 0
129 3266 26281 1012 26299 996 5865 1 0 0 0 0 0 0 1 1 1 0 R 0
130 3298 30989 1025 31008 1014 6282 1 0 0 0 0 0 0 1 1 1 0 R 0
131 3321 21998 748 22023 720 4770 1 0 0 0 0 0 0 1 1 2 0 R 0
132 3341 18769 1202 18847 1119 3768 1 0 0 0 0 0 0 1 1 1 0 R 0
133 3365 23242 1059 23260 1042 5587 1 0 0 0 0 0 0 1 1 1 0 R 0
134 3396 29340 1007 29361 983 7182 1 0 0 0 0 0 0 1 1 1 0 R 0
135 3422 25607 576 25627 557 12656 1 0 0 0 0 0 0 1 1 1 0 R 0
136 3443 19529 548 19545 530 4143 1 0 0 0 0 0 0 1 1 2 0 R 0
137 3467 24279 1026 24303 1007 4967 1 0 0 0 0 0 0 1 1 1 0 R 0
138 3498 29281 1164 29301 1146 6560 1 0 0 0 0 0 0 1 1 1 0 R 0
139 3522 23507 599 23525 578 6517 1 0 0 0 0 0 0 1 1 1 0 R 0
140 3542 18790 592 18806 569 3723 1 0 0 0 0 0 0 1 1 1 0 R 0
141 3564 21434 1046 21461 1023 3841 1 0 0 0 0 0 0 1 1 2 0 R 0
142 3594 28900 998 29024 990 6095 1 0 0 0 0 0 0 1 1 1 0 R 0
143 3619 24556 636 24477 600 7243 1 0 0 0 0 0 0 1 1 1 0 R 0
144 3640 19756 678 19783 649 3901 1 0 0 0 0 0 0 1 1 1 0 R 0
145 3663 22448 737 22473 712 3863 1 0 0 0 0 0 0 1 1 1 0 R 0
146 3694 30888 1019 30917 1005 4866 1 0 0 0 0 0 0 1 1 2 0 R 0
147 3732 37004 585 37013 563 8177 1 0 0 0 0 0 0 1 1 2 0 R 0
148 3753 19476 582 19500 558 3874 1 0 0 0 0 0 0 1 1 1 0 R 0
149 3779 26390 1038 26413 1026 5557 1 0 0 0 0 0 0 1 1 1 0 R 0
150 3814 33737 1124 33836 1016 13077 1 0 0 0 0 0 0 1 1 1 0 R 0
151 3837 21171 634 21193 609 4621 1 0 0 0 0 0 0 1 1 1 0 R 0
152 3857 19352 616 19370 594 4053 1 0 0 0 0 0 0 1 1 2 0 R 0
153 3884 26623 1252 26689 1197 4857 1 0 0 0 0 0 0 1 1 1 0 R 0
154 3914 29040 1008 29056 985 7331 1 0 0 0 0 0 0 1 1 1 0 R 0
155 3936 20774 606 20800 576 4811 1 0 0 0 0 0 0 1 1 1 0 R 0
156 3956 19322 588 19366 547 4255 1 0 0 0 0 0 0 1 1 1 0 R 0
157 3983 26519 992 26543 971 5954 1 0 0 0 0 0 0 1 1 1 0 R 0
158 4013 29130 1025 29150 1007 7379 1 0 0 0 0 0 0 1 1 1 0 R 0
159 4036 21640 587 21662 561 6663 1 0 0 0 0 0 0 1 1 1 0 R 0
160 4056 19367 569 19386 545 4080 1 0 0 0 0 0 0 1 1 2 0 R 0
161 4080 23696 598 23727 573 5510 1 0 0 0 0 0 0 1 1 1 0 R 0
162 4109 28783 1024 28263 1011 7063 1 0 1 0 0 0 0 1 1 1 0 R 0
163 4139 29077 585 28993 559 5802 1 0 0 0 0 0 0 1 1 1 0 R 0
164 4160 20146 584 20172 558 4090 1 0 0 0 0 0 0 1 1 1 0 R 0
165 4190 29513 1618 29541 1599 11012 1 0 0 0 0 0 0 1 1 2 0 R 0
166 4220 28324 1643 28428 1555 7743 1 0 0 0 0 0 0 1 1 1 0 R 0
167 4244 22382 660 22400 620 4673 1 0 0 0 0 0 0 1 1 1 0 R 0
168 4264 19459 918 19508 878 3901 1 0 0 0 0 0 0 1 1 1 0 R 0
169 4289 23929 1014 23943 992 5956 1 0 0 0 0 0 0 1 1 1 0 R 0
170 4320 29388 1027 29415 1014 6701 1 0 0 0 0 0 0 1 1 1 0 R 0
171 4346 25817 615 25829 586 6339 1 0 0 0 0 0 0 1 1 1 0 R 0
172 4367 19887 579 19912 559 4180 1 0 0 0 0 0 0 1 1 1 0 R 0
173 4393 25510 1036 25528 1015 5994 1 0 0 0 0 0 0 1 1 2 0 R 0
174 4424 30420 1021 30547 1005 7565 1 0 0 0 0 0 0 1 1 1 0 R 0
175 4450 24266 624 24180 599 7267 1 0 0 0 0 0 0 1 1 1 0 R 0
176 4471 20427 857 20447 836 3798 1 0 0 0 0 0 0 1 1 1 0 R 0
177 4498 26499 1025 26616 1019 4930 1 0 0 0 0 0 0 1 1 1 0 R 0
178 4521 21893 1045 21808 1018 6694 1 0 0 0 0 0 0 1 1 1 0 R 0
179 4545 22603 929 22624 909 3817 1 0 0 0 0 0 0 1 1 2 0 R 0
180 4568 22479 648 22502 623 9067 1 0 0 0 0 0 0 1 1 1 0 R 0
181 4593 23982 566 24004 546 5300 1 0 0 0 0 1 0 1 1 1 0 R 0
182 4624 30257 1313 30369 1214 8582 1 0 0 0 0 0 0 1 1 1 0 R 0
183 4648 22653 585 22667 557 7374 1 0 0 0 0 0 0 1 1 1 0 R 0
184 4667 18822 947 18870 902 4178 1 0 0 0 0 0 0 1 1 1 0 R 0
185 4691 23019 1369 23044 1346 4147 1 0 0 0 0 0 0 1 1 2 0 R 0
186 4723 30317 999 30335 987 7620 1 0 0 0 0 0 0 1 1 1 0 R 0
187 4746 22437 590 22451 565 5976 1 0 0 0 0 0 0 1 1 2 0 R 0
188 4767 19999 790 20067 727 4198 1 0 0 0 0 0 0 1 1 1 0 R 0
189 4788 20611 1321 20633 1302 4242 1 0 0 0 0 0 0 1 1 1 0 R 0
190 4810 20840 590 20859 565 4049 1 0 0 0 0 0 0 1 1 1 0 R 0
191 4834 23558 1176 23679 1064 3784 1 0 0 0 0 1 0 1 1 1 0 R 0
192 4857 21029 625 21048 597 6093 1 0 0 0 0 0 0 1 1 1 0 R 0
193 4877 20089 573 20113 552 4300 1 0 0 0 0 0 0 1 1 1 0 R 0
194 4901 23149 2159 23269 2046 5634 1 0 0 0 0 0 0 1 1 3 0 R 0
195 4936 33146 2236 33165 2232 13061 1 0 0 0 0 1 0 1 1 1 0 R 0
196 4961 22581 1059 23063 551 4422 1 0 0 0 0 0 0 1 1 1 0 R 0
197 4981 18390 863 18415 857 3879 1 0 0 0 0 0 0 1 1 1 0 R 0
198 5005 23983 1011 23991 998 5546 1 0 0 0 0 0 0 1 1 1 0 R 0
199 5037 30746 995 30762 973 7225 1 0 0 0 0 0 0 1 1 1 0 R 0
200 5063 25017 594 25039 572 7772 1 0 0 0 0 0 0 1 1 1 0 R 0
201 5085 20729 583 20746 562 4138 1 0 0 0 0 0 0 1 1 1 0 R 0
202 5112 26879 982 26991 869 4963 1 0 0 0 0 0 0 1 1 2 0 R 0
203 5145 32495 1199 31079 1184 9233 1 0 1 0 0 0 0 1 1 1 0 R 0
204 5167 20617 587 20635 566 4159 1 0 0 0 0 0 0 1 1 1 0 R 0
205 5187 18896 640 18913 621 4257 1 0 0 0 0 0 0 1 1 1 0 R 0
206 5218 30982 1294 31029 1355 5131 1 0 0 0 0 0 0 1 1 2 0 R 0
207 5255 34964 684 34887 669 6527 1 0 0 0 0 0 0 1 1 1 0 R 0
208 5277 21227 598 21232 575 4640 1 0 0 0 0 0 0 1 1 1 0 R 0
209 5298 20439 584 20459 562 4222 1 0 0 0 0 0 0 1 1 1 0 R 0
210 5330 31845 1703 31875 1696 9703 1 0 0 0 0 0 0 1 1 2 0 R 0
211 5357 24875 624 24883 593 7392 1 0 0 0 0 0 0 1 1 0 0 R 0
212 5377 20215 583 20239 561 4571 1 0 0 0 0 0 0 1 1 2 0 R 0
213 5399 21352 596 21379 570 4492 1 0 0 0 0 0 0 1 1 1 0 R 0
214 5426 26458 1007 26480 985 4023 1 0 0 0 0 0 0 1 1 1 0 R 0
215 5458 30827 1039 30851 1026 6954 1 0 0 0 0 0 0 1 1 1 0 R 0
216 5482 22772 618 22779 598 6473 1 0 0 0 0 0 0 1 1 1 0 R 0
217 5504 21049 956 21101 907 3935 1 0 0 0 0 0 0 1 1 1 0 R 0
218 5538 32902 638 28054 613 5012 1 0 2 0 0 0 0 1 1 2 0 R 0
219 5560 21724 583 21750 561 4222 1 0 0 0 0 0 0 1 1 2 0 R 0
220 5584 22967 664 22997 637 6035 1 0 0 0 0 0 0 1 1 1 0 R 0
221 5606 21653 591 21671 569 4296 1 0 0 0 0 0 0 1 1 1 0 R 0
222 5635 28639 1151 28770 1019 4957 1 0 0 0 0 0 0 1 1 1 0 R 0
223 5665 28851 1366 28873 1351 6512 1 0 0 0 0 0 0 1 1 1 0 R 0
224 5689 22505 597 22526 575 5674 1 0 0 0 0 0 0 1 1 1 0 R 0
225 5714 24328 860 24343 841 7919 1 0 0 0 0 0 0 1 1 1 0 R 0
226 5745 30216 1010 30238 990 6420 1 0 0 0 0 0 0 1 1 2 0 R 0
227 5770 23966 589 23994 559 6103 1 0 0 0 0 0 0 1 1 1 0 R 0
228 5790 19127 577 19153 554 4208 1 0 0 0 0 0 0 1 1 1 0 R 0
229 5812 22244 914 22260 898 3835 1 0 0 0 0 0 0 1 1 1 0 R 0
230 5841 27262 1397 27279 1510 5147 1 0 0 0 0 0 0 1 1 1 0 R 0
231 5873 31043 659 31009 554 7468 1 0 0 0 0 0 0 1 1 1 0 R 0
232 5895 21489 592 21518 567 5382 1 0 0 0 0 0 0 1 1 1 0 R 0
233 5916 19883 586 19907 563 4187 1 0 0 0 0 0 0 1 1 1 0 R 0
234 5936 20009 673 20033 651 4336 1 0 0 0 0 0 0 1 1 2 0 R 0
235 5957 20356 571 20374 547 4546 1 0 0 0 0 0 0 1 1 2 0 R 0
236 5977 19117 590 19146 564 4360 1 0 0 0 0 0 0 1 1 1 0 R 0
237 5998 20345 580 20372 553 4361 1 0 0 0 0 0 0 1 1 1 0 R 0
238 6019 20191 583 20217 558 4020 1 0 0 0 0 0 0 1 1 1 0 R 0
239 6041 21453 1050 21480 1027 4449 1 0 0 0 0 0 0 1 1 1 0 R 0
240 6064 21870 593 21888 572 8921 1 0 0 0 0 0 0 1 1 2 0 R 0
241 6087 22364 635 22104 612 3858 1 0 1 0 0 0 0 1 1 1 0 R 0
242 6107 19400 624 19423 603 4116 1 0 0 0 0 0 0 1 1 1 0 R 0
243 6128 20285 946 20307 926 4938 1 0 0 0 0 0 0 1 1 1 0 R 0
244 6150 21113 592 21135 563 4281 1 0 0 0 0 0 0 1 1 2 0 R 0
245 6173 22339 577 22363 554 4258 1 0 0 0 0 0 0 1 1 0 0 R 0
246 6193 19908 587 19931 565 4158 1 0 0 0 0 0 0 1 1 1 0 R 0
247 6213 19189 2165 19256 2105 3901 1 0 0 0 0 0 0 1 1 2 0 R 0
248 6239 23897 854 23919 832 4794 1 0 0 0 0 0 0 1 1 1 0 R 0
249 6268 28532 1193 28551 1179 6270 1 0 0 0 0 0 0 1 1 1 0 R 0
250 6293 23546 583 23558 561 4749 1 0 0 0 0 0 0 1 1 2 0 R 0
251 6313 19773 574 19793 554 3879 1 0 0 0 0 0 0 1 1 1 0 R 0
252 6340 26133 1044 26159 1486 4975 1 0 0 0 0 0 0 1 1 0 0 R 0
253 6371 29495 1548 29049 1535 7883 1 0 0 0 0 0 0 1 1 1 0 R 0
254 6394 22103 604 22116 574 7343 1 0 0 0 0 0 0 1 1 2 0 R 0
255 6417 22424 1518 22453 1640 9035 1 0 0 0 0 0 0 1 1 1 0 R 0
256 6445 25946 801 25847 756 3542 1 0 0 0 0 0 0 1 1 2 0 R 0
257 6475 29036 1288 29309 1019 7341 1 0 0 0 0 0 0 1 1 1 0 R 0
258 6501 24745 908 24773 882 6539 1 0 0 0 0 0 0 1 1 1 0 R 0
259 6523 21213 1023 21228 1001 3808 1 0 0 0 0 0 0 1 1 1 0 R 0
260 6549 24817 1024 24845 1006 3839 1 0 0 0 0 0 0 1 1 1 0 R 0
261 6580 30574 2257 30690 2158 6442 1 0 0 0 0 0 0 1 1 1 0 R 0
262 6601 19011 616 19016 591 4056 1 0 0 0 0 0 0 1 1 2 0 R 0
263 6621 18891 867 18908 846 3806 1 0 0 0 0 0 0 1 1 1 0 R 0
264 6646 24351 1214 24377 1313 4282 1 0 0 0 0 0 0 1 1 1 0 R 0
265 6677 29239 1033 29141 1006 7294 1 0 0 0 0 0 0 1 1 1 0 R 0
266 6701 22798 597 22830 567 5690 1 0 0 0 0 0 0 1 1 1 0 R 0
267 6721 20360 575 20381 551 3634 1 0 0 0 0 0 0 1 1 1 0 R 0
268 6747 24905 1087 24955 1159 5556 1 0 0 0 0 0 0 1 1 1 0 R 0
269 6778 29763 1018 29670 991 6463 1 0 0 0 0 0 0 1 1 2 0 R 0
270 6804 25580 586 25605 559 10983 1 0 0 0 0 0 0 1 1 1 0 R 0
271 6824 19263 574 19288 551 3869 1 0 0 0 0 0 0 1 1 1 0 R 0
272 6850 25035 1041 25068 1023 5992 1 0 0 0 0 0 0 1 1 1 0 R 0
273 6880 29547 1733 29655 1741 7360 1 0 0 0 0 0 0 1 1 1 0 R 0
274 6905 23177 753 23220 583 5192 1 0 0 0 0 1 0 1 1 1 0 R 0
275 6926 19573 603 19593 583 4214 1 0 0 0 0 0 0 1 1 1 0 R 0
276 6950 24140 1959 24264 1940 6006 1 0 0 0 0 0 0 1 1 2 0 R 0
277 6980 27636 1014 27656 1506 8057 1 0 0 0 0 0 0 1 1 1 0 R 0
278 7005 24104 626 23511 603 5861 1 0 0 0 0 0 0 1 1 1 0 R 0
279 7025 19602 562 19625 539 4209 1 0 0 0 0 0 0 1 1 1 0 R 0
280 7050 24101 1000 23748 893 5325 1 0 1 0 0 0 0 1 1 2 0 R 0
281 7081 30049 1488 30072 1468 6189 1 0 0 0 0 0 0 1 1 1 0 R 0
282 7106 22987 639 23027 590 6141 1 0 0 0 0 0 0 1 1 1 0 R 0
283 7127 21131 583 20680 559 4264 1 0 1 0 0 0 0 1 1 1 0 R 0
284 7150 21699 1005 21723 981 4237 1 0 0 0 0 0 0 1 1 2 0 R 0
285 7185 34871 1022 34895 998 13045 1 0 0 0 0 0 0 1 1 0 0 R 0
286 7209 22978 596 23005 572 6286 1 0 0 0 0 0 0 1 1 1 0 R 0
287 7230 19762 575 19783 552 3871 1 0 0 0 0 0 0 1 1 2 0 R 0
288 7252 22018 982 22039 970 3771 1 0 0 0 0 0 0 1 1 1 0 R 0
289 7283 29222 1002 29234 989 7510 1 0 0 0 0 0 0 1 1 2 0 R 0
290 7308 24180 593 24202 567 6400 1 0 0 0 0 0 0 1 1 0 0 R 0
291 7328 19889 574 19911 555 4274 1 0 0 0 0 0 0 1 1 1 0 R 0
292 7350 21034 583 21054 560 4016 1 0 0 0 0 0 0 1 1 2 0 R 0
293 7379 28484 1023 28508 998 5620 1 0 0 0 0 0 0 1 1 1 0 R 0
294 7406 26052 826 26076 804 7012 1 0 0 0 0 0 0 1 1 1 0 R 0
295 7427 20280 593 20308 563 4630 1 0 0 0 0 0 0 1 1 1 0 R 0
296 7449 20823 633 20849 609 4178 1 0 0 0 0 0 0 1 1 1 0 R 0
297 7477 27764 1324 27787 1303 4937 1 0 0 0 0 0 0 1 1 2 0 R 0
298 7506 27478 1273 27502 1264 6931 1 0 0 0 0 1 0 1 1 1 0 R 0
299 7527 19616 595 19622 573 4257 1 0 0 0 0 0 0 1 1 1 0 R 0
300 7551 23769 991 23793 968 8000 1 0 0 0 0 0 0 1 1 1 0 R 0
301 7573 20785 568 20802 546 3824 1 0 0 0 0 0 0 1 1 2 0 R 0
302 7593 19190 578 19213 553 4075 1 0 0 0 0 0 0 1 1 1 0 R 0
303 7614 20433 700 20478 654 4260 1 0 0 0 0 0 0 1 1 1 0 R 0
304 7634 19852 564 19875 544 3860 1 0 0 0 0 0 0 1 1 1 0 R 0
305 7656 21233 619 21286 570 3877 1 0 0 0 0 0 0 1 1 2 0 R 0
306 7684 27900 1056 27926 1030 5729 1 0 0 0 0 0 0 1 1 1 0 R 0
307 7710 24725 587 24752 560 5168 1 0 0 0 0 0 0 1 1 1 0 R 0
308 7730 19243 696 19268 667 4117 1 0 0 0 0 0 0 1 1 1 0 R 0
309 7753 22673 565 22697 544 3965 1 0 0 0 0 0 0 1 1 1 0 R 0
310 7779 25442 1014 25472 987 4188 1 0 0 0 0 0 0 1 1 1 0 R 0
311 7810 29609 1046 29632 1319 7556 1 0 0 0 0 0 0 1 1 1 0 R 0
312 7832 20817 572 20537 553 4036 1 0 0 0 0 0 0 1 1 2 0 R 0
313 7853 20312 1027 20330 1012 4258 1 0 0 0 0 0 0 1 1 1 0 R 0
314 7879 24870 1007 24890 985 3863 1 0 0 0 0 0 0 1 1 1 0 R 0
315 7912 31791 580 31825 543 14420 1 0 0 0 0 0 0 1 1 1 0 R 0
316 7932 20362 617 20388 593 4414 1 0 0 0 0 0 0 1 1 1 0 R 0
317 7953 19434 561 19452 544 3943 1 0 0 0 0 0 0 1 1 2 0 R 0
318 7980 26902 1020 26931 995 5134 1 0 0 0 0 0 0 1 1 2 0 R 0
319 8010 29174 2047 29314 1925 8176 1 0 0 0 0 1 0 1 1 0 0 R 0
320 8036 23549 595 23554 569 8297 1 0 0 0 0 0 0 1 1 1 0 R 0
321 8056 19426 1435 19443 1555 4177 1 0 0 0 0 0 0 1 1 2 0 R 0
322 8083 25834 1006 25722 984 4178 1 0 0 0 0 0 0 1 1 1 0 R 0
323 8116 31486 1001 30496 984 9675 1 0 1 0 0 0 0 1 1 1 0 R 0
324 8140 23423 597 23452 565 7336 1 0 0 0 0 0 0 1 1 1 0 R 0
325 8162 21854 666 21873 648 3932 1 0 0 0 0 0 0 1 1 1 0 R 0
326 8188 24754 748 24779 725 4155 1 0 0 0 0 0 0 1 1 1 0 R 0
327 8210 21790 638 21816 611 4671 1 0 0 0 0 0 0 1 1 2 0 R 0
328 8233 22048 752 22066 732 3838 1 0 0 0 0 0 0 1 1 1 0 R 0
329 8254 20016 572 20039 554 4090 1 0 0 0 0 0 0 1 1 1 0 R 0
330 8280 25524 1727 25545 1725 10286 1 0 0 0 0 0 0 1 1 2 0 R 0
331 8311 29210 1873 29308 1759 7888 1 0 0 0 0 0 0 1 1 1 0 R 0
332 8336 23560 655 23582 641 7160 1 0 0 0 0 0 0 1 1 1 0 R 0
333 8356 19376 584 19382 567 4234 1 0 0 0 0 0 0 1 1 1 0 R 0
334 8378 21489 1016 21515 988 4192 1 0 0 0 0 0 0 1 1 1 0 R 0
335 8409 29889 996 30013 1001 5941 1 0 0 0 0 0 0 1 1 2 0 R 0
336 8434 23309 580 23202 561 6686 1 0 0 0 0 0 0 1 1 1 0 R 0
337 8455 20598 574 20620 565 3919 1 0 0 0 0 0 0 1 1 1 0 R 0
338 8476 20793 617 20798 595 3787 1 0 0 0 0 0 0 1 1 1 0 R 0
339 8505 28377 998 28398 980 6119 1 0 0 0 0 0 0 1 1 1 0 R 0
340 8532 26011 576 26032 555 7244 1 0 0 0 0 0 0 1 1 1 0 R 0
341 8552 19347 571 19367 549 4184 1 0 0 0 0 0 0 1 1 1 0 R 0
342 8574 21749 583 21772 564 4183 1 0 0 0 0 0 0 1 1 2 0 R 0
343 8602 26810 1166 26835 1144 4185 1 0 0 0 0 0 0 1 1 1 0 R 0
344 8631 27573 923 27597 906 7221 1 0 0 0 0 0 0 1 1 1 0 R 0
345 8654 22776 575 22784 554 9299 1 0 0 0 0 0 0 1 1 1 0 R 0
346 8676 20806 574 20827 555 3804 1 0 0 0 0 0 0 1 1 1 0 R 0
347 8706 29969 1055 29998 1029 4699 1 0 0 0 0 0 0 1 1 2 0 R 0
348 8739 31493 967 31511 958 7142 1 0 0 0 0 0 0 1 1 1 0 R 0
349 8760 20574 575 20589 550 4772 1 0 0 0 0 0 0 1 1 1 0 R 0
350 8782 21067 557 21085 539 3841 1 0 0 0 0 0 0 1 1 2 0 R 0
351 8810 27833 1724 27864 1720 4963 1 0 0 0 0 0 0 1 1 1 0 R 0
352 8839 26815 580 26813 558 7420 1 0 0 0 0 0 0 1 1 1 0 R 0
353 8860 20648 591 20675 565 4238 1 0 0 0 0 0 0 1 1 1 0 R 0
354 8882 21743 611 21772 582 3831 1 0 0 0 0 0 0 1 1 2 0 R 0
355 8910 27065 1027 27088 1537 4405 1 0 0 0 0 0 0 1 1 1 0 R 0
356 8941 29445 1565 28935 1544 8194 1 0 0 0 0 0 0 1 1 0 0 R 0
357 8964 22198 627 22219 604 5317 1 0 0 0 0 0 0 1 1 1 0 R 0
358 8986 20765 579 20790 550 3809 1 0 0 0 0 0 0 1 1 1 0 R 0
359 9016 29233 1058 29260 1039 5074 1 0 0 0 0 0 0 1 1 2 0 R 0
360 9046 29308 591 29330 570 13693 1 0 0 0 0 0 0 1 1 1 0 R 0
361 9066 19521 652 19552 620 4573 1 0 0 0 0 0 0 1 1 1 0 R 0
362 9089 21850 582 21869 559 4118 1 0 0 0 0 0 0 1 1 1 0 R 0
363 9118 28974 1198 28998 1177 4573 1 0 0 0 0 0 0 1 1 2 0 R 0
364 9148 29105 596 28610 568 7503 1 0 1 0 0 0 0 1 1 1 0 R 0
365 9168 19402 663 19430 637 4383 1 0 0 0 0 0 0 1 1 1 0 R 0
366 9191 21753 973 21781 946 4581 1 0 0 0 0 0 0 1 1 1 0 R 0
367 9220 28294 1071 28322 1977 4623 1 0 0 0 0 1 0 1 1 2 0 R 0
368 9252 30785 916 29865 901 5984 1 0 0 0 0 0 0 1 1 1 0 R 0
369 9274 21126 581 21153 552 4470 1 0 0 0 0 0 0 1 1 2 0 R 0
370 9296 21726 597 21749 571 4262 1 0 0 0 0 0 0 1 1 1 0 R 0
371 9326 29133 1190 29159 1184 6435 1 0 0 0 0 0 0 1 1 1 0 R 0
372 9352 25029 579 25036 551 6555 1 0 0 0 0 0 0 1 1 1 0 R 0
373 9373 20625 620 20651 598 4228 1 0 0 0 0 0 0 1 1 1 0 R 0
374 9396 21714 591 21737 564 3824 1 0 0 0 0 0 0 1 1 1 0 R 0
375 9429 33015 1047 33042 1023 10932 1 0 0 0 0 0 0 1 1 2 0 R 0
376 9456 25531 587 25560 559 5794 1 0 0 0 0 0 0 1 1 1 0 R 0
377 9476 19707 678 19739 660 4737 1 0 0 0 0 0 0 1 1 1 0 R 0
378 9497 20399 578 20408 554 4239 1 0 0 0 0 0 0 1 1 1 0 R 0
379 9525 26954 767 26977 906 4714 1 0 0 0 0 0 0 1 1 1 0 R 0
380 9555 29478 1010 29340 992 7075 1 0 0 0 0 0 0 1 1 1 0 R 0
381 9579 22465 590 22488 561 6636 1 0 0 0 0 0 0 1 1 2 0 R 0
382 9600 21315 621 21347 591 4348 1 0 0 0 0 0 0 1 1 1 0 R 0
383 9629 28099 993 28208 881 4431 1 0 0 0 0 0 0 1 1 1 0 R 0
384 9654 24175 624 24200 602 7045 1 0 0 0 0 0 0 1 1 1 0 R 0
385 9677 22174 587 22200 559 5763 1 0 0 0 0 0 0 1 1 1 0 R 0
386 9699 21462 633 21491 603 4302 1 0 0 0 0 0 0 1 1 2 0 R 0
387 9727 27128 1447 27154 1424 4178 1 0 0 0 0 0 0 1 1 1 0 R 0
388 9758 29096 951 29121 926 6595 1 0 0 0 0 0 0 1 1 1 0 R 0
389 9778 19896 628 19938 581 4649 1 0 0 0 0 0 0 1 1 1 0 R 0
390 9803 24071 580 24097 554 7672 1 0 0 0 0 0 0 1 1 2 0 R 0
391 9831 26940 1689 26972 1674 4162 1 0 0 0 0 0 0 1 1 1 0 R 0
392 9860 28067 591 28080 568 7497 1 0 0 0 0 0 0 1 1 1 0 R 0
393 9881 19819 1014 19840 990 4121 1 0 0 0 0 0 0 1 1 1 0 R 0
394 9903 21076 693 21096 671 3897 1 0 0 0 0 0 0 1 1 1 0 R 0
395 9930 26185 1011 26305 1022 4562 1 0 0 0 0 0 0 1 1 2 0 R 0
396 9959 28255 1041 28152 1013 8352 1 0 0 0 0 0 0 1 1 1 0 R 0
397 9980 20125 583 20153 561 4096 1 0 0 0 0 0 0 1 1 1 0 R 0
398 10001 20247 2062 20273 2148 3789 1 0 0 0 0 0 0 1 1 1 0 R 0
399 10029 26220 991 26221 980 3987 1 0 0 0 0 0 0 1 1 1 0 R 0
400 10059 28905 2913 28823 3024 6514 1 0 0 0 0 1 0 1 1 2 0 R 0
401 10083 20577 719 20481 691 4047 1 0 0 0 0 0 0 1 1 1 0 R 0
402 10102 18782 777 18830 719 4247 1 0 0 0 0 0 0 1 1 1 0 R 0
403 10130 26547 1170 26573 1155 4506 1 0 0 0 0 0 0 1 1 1 0 R 0
404 10160 29527 3409 29651 2482 5956 1 0 0 0 1 0 0 1 1 2 0 R 0
405 10187 23843 613 23849 591 9764 1 0 0 0 0 0 0 1 1 1 0 R 0
406 10209 21039 1013 21068 983 4159 1 0 0 0 0 0 0 1 1 1 0 R 0
407 10235 25132 1064 25170 1034 3846 1 0 0 0 0 0 0 1 1 1 0 R 0
408 10266 29283 993 29297 969 7445 1 0 0 0 0 0 0 1 1 1 0 R 0
409 10291 24326 917 24354 898 6576 1 0 0 0 0 0 0 1 1 1 0 R 0
410 10314 22158 587 22175 563 3836 1 0 0 0 0 0 0 1 1 1 0 R 0
411 10343 28783 1166 28804 1156 4516 1 0 0 0 0 0 0 1 1 2 0 R 0
412 10375 30076 996 30181 892 7350 1 0 0 0 0 0 0 1 1 1 0 R 0
413 10397 21534 596 21552 571 6269 1 0 0 0 0 0 0 1 1 1 0 R 0
414 10419 20870 607 20908 572 4165 1 0 0 0 0 0 0 1 1 1 0 R 0
415 10447 27469 863 27576 757 4572 1 0 0 0 0 0 0 1 1 2 0 R 0
416 10468 20655 668 20697 628 4198 1 0 0 0 0 0 0 1 1 1 0 R 0
417 10491 22173 1184 22195 1163 4258 1 0 0 0 0 0 0 1 1 1 0 R 0
418 10512 19914 568 19927 545 3819 1 0 0 0 0 0 0 1 1 1 0 R 0
419 10537 24634 1420 24751 1426 4454 1 0 0 0 0 0 0 1 1 1 0 R 0
420 10574 35294 924 35196 907 12424 1 0 0 0 0 0 0 1 1 1 0 R 0
421 10595 20127 582 20150 554 4468 1 0 0 0 0 0 0 1 1 2 0 R 0
422 10615 19052 579 19073 562 4358 1 0 0 0 0 0 0 1 1 1 0 R 0
423 10640 24529 675 24641 565 4320 1 0 0 0 0 0 0 1 1 1 0 R 0
424 10670 29667 1707 29689 1718 6663 1 0 0 0 0 0 0 1 1 1 0 R 0
425 10697 24876 833 24884 793 8101 1 0 0 0 0 0 0 1 1 2 0 R 0
426 10717 19554 1102 19574 1093 4105 1 0 0 0 0 0 0 1 1 1 0 R 0
427 10745 26528 995 26627 999 4705 1 0 0 0 0 0 0 1 1 1 0 R 0
428 10776 30632 1153 30629 1044 6921 1 0 0 0 0 0 0 1 1 1 0 R 0
429 10802 24459 568 24474 547 8009 1 0 0 0 0 0 0 1 1 1 0 R 0
430 10824 21080 997 21099 977 4228 1 0 0 0 0 0 0 1 1 2 0 R 0
431 10850 25299 1013 25423 996 3872 1 0 0 0 0 0 0 1 1 1 0 R 0
432 10873 22411 617 22329 590 6403 1 0 0 0 0 0 0 1 1 1 0 R 0
433 10896 21869 774 21897 750 3855 1 0 0 0 0 0 0 1 1 1 0 R 0
434 10917 20667 598 20693 575 4493 1 0 0 0 0 0 0 1 1 1 0 R 0
435 10942 24455 995 24470 983 10583 1 0 0 0 0 0 0 1 1 1 0 R 0
436 10973 29226 1078 29264 1040 7209 1 0 0 0 0 0 0 1 1 1 0 R 0
437 10997 23066 611 23109 565 7198 1 0 0 0 0 0 0 1 1 1 0 R 0
438 11017 19244 589 19265 572 4108 1 0 0 0 0 0 0 1 1 2 0 R 0
439 11039 21641 607 21663 584 4389 1 0 0 0 0 0 0 1 1 1 0 R 0
440 11069 29391 996 29506 1010 5361 1 0 0 0 0 0 0 1 1 1 0 R 0
441 11095 24778 638 24673 612 7095 1 0 0 0 0 0 0 1 1 1 0 R 0
442 11115 20063 679 20089 652 4602 1 0 0 0 0 0 0 1 1 1 0 R 0
443 11138 21734 882 21525 730 4738 1 0 1 0 0 0 0 1 1 1 0 R 0
444 11166 27823 1011 27849 988 5928 1 0 0 0 0 0 0 1 1 2 0 R 0
445 11198 30950 943 30974 917 7163 1 0 0 0 0 0 0 1 1 1 0 R 0
446 11221 21299 891 21326 870 3849 1 0 0 0 0 0 0 1 1 1 0 R 0
447 11242 20571 575 20586 550 3938 1 0 0 0 0 1 0 1 1 1 0 R 0
448 11273 29938 1191 29966 1180 5849 1 0 0 0 0 0 0 1 1 2 0 R 0
449 11298 24506 580 24519 555 7260 1 0 0 0 0 0 0 1 1 1 0 R 0
450 11323 23969 677 23989 654 8257 1 0 0 0 0 0 0 1 1 1 0 R 0
451 11345 21008 588 21034 565 3924 1 0 0 0 0 0 0 1 1 1 0 R 0
452 11374 28706 1037 28729 1011 7084 1 0 0 0 0 0 0 1 1 1 0 R 0
453 11406 30734 877 30761 855 7526 1 0 0 0 0 0 0 1 1 1 0 R 0
454 11427 20055 638 20078 614 4156 1 0 0 0 0 0 0 1 1 2 0 R 0
455 11448 20956 755 20980 847 4241 1 0 0 0 0 0 0 1 1 1 0 R 0
456 11479 30090 1159 30000 1138 6503 1 0 0 0 0 0 0 1 1 1 0 R 0
457 11509 28630 799 28651 777 5941 1 0 0 0 0 0 0 1 1 1 0 R 0
458 11532 22635 669 22673 627 3810 1 0 0 0 0 0 0 1 1 1 0 R 0
459 11557 24136 1444 24257 1328 4713 1 0 0 0 0 0 0 1 1 1 0 R 0
460 11581 22384 922 22408 897 6745 1 0 0 0 0 0 0 1 1 1 0 R 0
461 11601 18875 867 18901 847 3901 1 0 0 0 0 1 0 1 1 1 0 R 0
462 11624 22947 588 22967 560 5214 1 0 0 0 0 0 0 1 1 1 0 R 0
463 11646 21247 599 21273 577 3875 1 0 0 0 0 0 0 1 1 2 0 R 0
464 11675 27628 1040 27652 1022 4442 1 0 0 0 0 0 0 1 1 1 0 R 0
465 11706 29982 607 30003 580 13748 1 0 0 0 0 0 0 1 1 1 0 R 0
466 11727 21147 589 21176 561 4530 1 0 0 0 0 0 0 1 1 1 0 R 0
467 11750 21957 600 21986 572 4820 1 0 0 0 0 0 0 1 1 1 0 R 0
468 11778 28009 1009 28034 984 4472 1 0 0 0 0 0 0 1 1 2 0 R 0
469 11808 28049 1190 28074 1167 6683 1 0 0 0 0 0 0 1 1 1 0 R 0
470 11832 22857 597 22884 564 5214 1 0 0 0 0 0 0 1 1 1 0 R 0
471 11853 20933 570 20957 549 3858 1 0 0 0 0 0 0 1 1 2 0 R 0
472 11881 26867 1689 26998 1567 4404 1 0 0 0 0 0 0 1 1 1 0 R 0
473 11913 31109 965 31122 946 7011 1 0 0 0 0 0 0 1 1 1 0 R 0
474 11936 21833 609 21853 588 5577 1 0 0 0 0 0 0 1 1 1 0 R 0
475 11958 20868 595 20893 565 4242 1 0 0 0 0 0 0 1 1 1 0 R 0
476 11986 27894 1187 28008 1076 4936 1 0 0 0 0 0 0 1 1 1 0 R 0
477 12008 20720 571 20741 551 4991 1 0 0 0 0 0 0 1 1 1 0 R 0
478 12031 22057 912 22084 889 4697 1 0 0 0 0 0 0 1 1 1 0 R 0
479 12052 20892 711 20905 700 3825 1 0 0 0 0 0 0 1 1 2 0 R 0
480 12078 24427 633 24449 610 9489 1 0 0 0 0 0 0 1 1 1 0 R 0
481 12107 29114 597 29141 569 6647 1 0 0 0 0 0 0 1 1 1 0 R 0
482 12128 20367 628 20391 605 4565 1 0 0 0 0 0 0 1 1 1 0 R 0
483 12148 19543 574 19562 554 4214 1 0 0 0 0 0 0 1 1 1 0 R 0
484 12171 22002 927 21237 902 5023 1 0 1 0 0 0 0 1 1 1 0 R 0
485 12194 21862 567 21878 550 4155 1 0 0 0 0 0 0 1 1 2 0 R 0
486 12214 19511 579 19532 555 3807 1 0 0 0 0 0 0 1 1 1 0 R 0
487 12235 20278 643 20305 619 4155 1 0 0 0 0 0 0 1 1 1 0 R 0
488 12256 20580 581 20605 554 4201 1 0 0 0 0 0 0 1 1 1 0 R 0
489 12276 19307 582 19328 565 4270 1 0 0 0 0 0 0 1 1 1 0 R 0
490 12297 20280 612 20323 566 4579 1 0 0 0 0 0 0 1 1 1 0 R 0
491 12317 20099 574 20123 549 4089 1 0 0 0 0 0 0 1 1 1 0 R 0
492 12338 20348 589 20375 564 4521 1 0 0 0 0 0 0 1 1 2 0 R 0
493 12360 20651 861 20776 734 4331 1 0 0 0 0 0 0 1 1 1 0 R 0
494 12385 24716 800 24759 761 4772 1 0 0 0 0 0 0 1 1 2 0 R 0
495 12413 27070 968 27091 959 9504 1 0 0 0 0 0 0 1 1 0 0 R 0
496 12434 20126 586 20137 559 4723 1 0 0 0 0 0 0 1 1 1 0 R 0
497 12455 20197 565 20218 545 3951 1 0 0 0 0 0 0 1 1 2 0 R 0
498 12479 23866 1011 23893 998 6491 1 0 0 0 0 0 0 1 1 1 0 R 0
499 12508 27754 585 27767 563 6472 1 0 0 0 0 0 0 1 1 1 0 R 0
500 12537 28354 581 28378 552 6250 1 0 0 0 0 0 0 1 1 1 0 R 0
501 12557 19182 574 19207 550 4552 1 0 0 0 0 0 0 1 1 1 0 R 0
502 12580 22048 1355 22075 1340 5503 1 0 0 0 0 0 0 1 1 2 0 R 0
503 12612 31526 2103 31535 2212 5821 1 0 0 0 0 1 0 1 1 1 0 R 0
504 12640 25870 681 25795 637 7235 1 0 0 0 0 0 0 1 1 1 0 R 0
505 12662 20730 541 20737 527 3919 1 0 0 0 0 0 0 1 1 1 0 R 0
506 12687 24998 1395 25138 1268 5560 1 0 0 0 0 0 0 1 1 1 0 R 0
507 12710 21529 591 21543 563 6629 1 0 0 0 0 0 0 1 1 2 0 R 0
508 12732 21470 803 21485 892 3814 1 0 0 0 0 0 0 1 1 1 0 R 0
509 12754 20846 591 20764 563 5066 1 0 0 0 0 0 0 1 1 1 0 R 0
510 12778 23543 598 23575 575 8208 1 0 0 0 0 0 0 1 1 1 0 R 0
511 12808 29781 1020 29804 996 6669 1 0 0 0 0 0 0 1 1 1 0 R 0
512 12835 25423 629 25445 603 7174 1 0 0 0 0 0 0 1 1 1 0 R 0
513 12856 19966 577 19992 552 4601 1 0 0 0 0 0 0 1 1 1 0 R 0
514 12877 20696 591 20735 550 4143 1 0 0 0 0 0 0 1 1 2 0 R 0
515 12907 29939 1013 29967 992 5477 1 0 0 0 0 0 0 1 1 1 0 R 0
516 12935 27171 828 27188 813 6506 1 0 0 0 0 0 0 1 1 1 0 R 0
517 12956 19394 623 19410 602 4657 1 0 0 0 0 0 0 1 1 1 0 R 0
518 12981 24498 1505 24547 1481 4182 1 0 0 0 0 0 0 1 1 2 0 S 0
519 13009 26282 1432 26394 1433 7524 1 0 0 0 0 0 0 1 1 1 0 R 0
520 13041 30754 1649 30643 1625 5940 1 0 0 0 0 0 0 1 1 1 0 R 0
521 13064 21149 592 21171 569 4363 1 0 0 0 0 0 0 1 1 2 0 R 0
522 13086 21761 583 21781 560 3719 1 0 0 0 0 0 0 1 1 1 0 R 0
523 13116 29144 1002 29168 985 7242 1 0 0 0 0 0 0 1 1 1 0 R 0
524 13143 26506 637 25881 603 10174 1 0 1 0 0 0 0 1 1 1 0 R 0
525 13166 22207 622 22231 594 8967 1 0 0 0 0 0 0 1 1 1 0 R 0
526 13187 20622 585 20648 565 4100 1 0 0 0 0 0 0 1 1 1 0 R 0
527 13217 29054 1266 29076 1249 6618 1 0 0 0 0 0 0 1 1 2 0 R 0
528 13244 26059 587 26078 558 6927 1 0 0 0 0 0 0 1 1 1 0 R 0
529 13265 19736 577 19758 558 4281 1 0 0 0 0 0 0 1 1 1 0 R 0
530 13286 21070 643 21096 614 3680 1 0 0 0 0 0 0 1 1 1 0 R 0
531 13314 27289 997 27313 978 4460 1 0 0 0 0 0 0 1 1 1 0 R 0
532 13344 29238 1003 29258 991 7086 1 0 0 0 0 0 0 1 1 1 0 R 0
533 13368 22443 820 22501 747 5670 1 0 0 0 0 0 0 1 1 2 0 R 0
534 13389 19863 578 19893 554 4119 1 0 0 0 0 0 0 1 1 1 0 R 0
535 13417 28294 1351 28316 1330 4561 1 0 0 0 0 0 0 1 1 1 0 R 0
536 13447 27794 608 27819 579 5766 1 0 0 0 0 0 0 1 1 1 0 R 0
537 13467 19894 580 19918 561 4521 1 0 0 0 0 0 0 1 1 1 0 R 0
538 13488 20692 596 20716 570 4128 1 0 0 0 0 0 0 1 1 1 0 R 0
539 13517 27774 1026 27795 1008 4108 1 0 0 0 0 0 0 1 1 2 0 R 0
540 13553 35172 1069 35272 964 14298 1 0 0 0 0 0 0 1 1 1 0 R 0
541 13575 21297 582 21323 559 4812 1 0 0 0 0 0 0 1 1 2 0 R 0
542 13597 20920 613 20958 575 4195 1 0 0 0 0 0 0 1 1 1 0 R 0
543 13626 28575 1135 28685 1026 5730 1 0 0 0 0 0 0 1 1 1 0 R 0
544 13653 26200 577 26222 549 6076 1 0 0 0 0 0 0 1 1 1 0 R 0
545 13673 19204 584 19230 564 4263 1 0 0 0 0 0 0 1 1 1 0 R 0
546 13695 21085 1350 21104 1331 3805 1 0 0 0 0 0 0 1 1 1 0 R 0
547 13725 28927 991 28950 967 4591 1 0 0 0 0 0 0 1 1 2 0 R 0
548 13757 30623 944 30724 936 6828 1 0 0 0 0 0 0 1 1 1 0 R 0
549 13780 22061 596 21995 571 5124 1 0 0 0 0 0 0 1 1 1 0 R 0
550 13800 20054 711 20076 684 3677 1 0 0 0 0 0 0 1 1 1 0 R 0
551 13828 27260 1064 27287 1047 5611 1 0 0 0 0 0 0 1 1 1 0 R 0
552 13860 30454 953 30472 929 6650 1 0 0 0 0 0 0 1 1 2 0 R 0
553 13882 20908 559 20923 540 4707 1 0 0 0 0 0 0 1 1 1 0 R 0
554 13904 21645 567 21668 549 3735 1 0 0 0 0 1 0 1 1 1 0 R 0
555 13937 32201 640 32223 618 13528 1 0 0 0 0 0 0 1 1 1 0 R 0
556 13956 19239 595 19260 570 4164 1 0 0 0 0 0 0 1 1 1 0 R 0
557 13979 21693 976 21766 904 6526 1 0 0 0 0 0 0 1 1 2 0 R 0
558 14000 20704 588 20732 557 3571 1 0 0 0 0 0 0 1 1 2 0 R 0
559 14027 26280 1012 26306 993 4064 1 0 0 0 0 0 0 1 1 1 0 R 0
560 14058 29510 587 29534 561 6577 1 0 0 0 0 0 0 1 1 0 0 R 0
561 14079 20349 593 20377 569 4431 1 0 0 0 0 0 0 1 1 2 0 R 0
562 14101 21719 1486 21918 942 4068 1 0 1 0 0 0 0 1 1 1 0 R 0
563 14127 24876 1140 24968 1027 4224 1 0 0 0 0 0 0 1 1 1 0 R 0
564 14159 30746 1273 30860 1172 6673 1 0 0 0 0 0 0 1 1 2 0 R 0
565 14183 22474 579 22483 558 6338 1 0 0 0 0 0 0 1 1 1 0 R 0
566 14205 21357 764 21422 695 3903 1 0 0 0 0 0 0 1 1 1 0 R 0
567 14234 28632 1179 28654 1162 4519 1 0 0 0 0 0 0 1 1 1 0 R 0
568 14266 30807 1370 30826 1360 7424 1 0 0 0 0 0 0 1 1 1 0 R 0
569 14290 22158 603 22177 573 5826 1 0 0 0 0 0 0 1 1 2 0 R 0
570 14315 24333 631 24353 613 9079 1 0 0 0 0 0 0 1 1 0 0 R 0
571 14342 26623 573 26643 547 7293 1 0 0 0 0 0 0 1 1 1 0 R 0
572 14361 18383 922 18426 883 3801 1 0 0 0 0 0 0 1 1 2 0 R 0
573 14384 21574 816 21597 798 3848 1 0 0 0 0 0 0 1 1 1 0 R 0
574 14404 19670 635 19700 601 3891 1 0 0 0 0 0 0 1 1 1 0 R 0
575 14431 25880 1654 25906 1637 4461 1 0 0 0 0 1 0 1 1 1 0 R 0
576 14462 29686 1026 29694 1021 7545 1 0 0 0 0 0 0 1 1 1 0 R 0
577 14487 23977 578 23991 550 6649 1 0 0 0 0 0 0 1 1 2 0 R 0
578 14507 18987 599 19011 576 4138 1 0 0 0 0 0 0 1 1 1 0 R 0
579 14533 26030 1305 26052 1296 4446 1 0 0 0 0 0 0 1 1 1 0 R 0
580 14566 31358 1129 31463 1012 6562 1 0 0 0 0 0 0 1 1 1 0 R 0
581 14588 20629 972 20655 948 4231 1 0 0 0 0 0 0 1 1 2 0 R 0
582 14607 18630 570 18654 543 4139 1 0 0 0 0 0 0 1 1 1 0 R 0
583 14635 26884 1217 26905 1209 5906 1 0 0 0 0 0 0 1 1 2 0 R 0
584 14665 28895 1020 28907 1004 7298 1 0 0 0 0 0 0 1 1 1 0 R 0
585 14691 25318 941 25343 915 11316 1 0 0 0 0 0 0 1 1 1 0 R 0
586 14711 18945 882 18963 867 3874 1 0 0 0 0 0 0 1 1 1 0 R 0
587 14738 26294 1621 26419 1496 4643 1 0 0 0 0 0 0 1 1 2 0 R 0
588 14770 30491 1566 30516 1656 6548 1 0 0 0 0 0 0 1 1 1 0 R 0
589 14795 23404 582 23311 557 7777 1 0 0 0 0 0 0 1 1 0 0 R 0
590 14816 20643 1297 20683 1269 4668 1 0 0 0 0 0 0 1 1 1 0 R 0
591 14843 25067 1005 25077 989 4076 1 0 0 0 0 0 0 1 1 2 0 R 0
592 14874 30183 1184 30341 1024 7188 1 0 0 0 0 0 0 1 1 1 0 R 0
593 14898 22762 581 22783 558 7326 1 0 0 0 0 0 0 1 1 1 0 R 0
594 14919 20051 983 20174 988 4035 1 0 0 0 0 0 0 1 1 1 0 R 0
595 14946 26264 1011 26161 986 3834 1 0 0 0 0 0 0 1 1 1 0 R 0
596 14968 21625 610 21648 587 4944 1 0 0 0 0 0 0 1 1 1 0 R 0
597 14992 22977 875 23031 824 4229 1 0 0 0 0 0 0 1 1 1 0 R 0
598 15014 21361 819 21412 769 4094 1 0 0 0 0 0 0 1 1 2 0 R 0
599 15040 24532 1141 24653 1020 5546 1 0 0 0 0 0 0 1 1 2 0 R 0
600 15074 33506 1014 33525 992 13294 1 0 0 0 0 0 0 1 1 1 0 R 0
601 15097 21313 606 21339 581 5444 1 0 0 0 0 0 0 1 1 1 0 R 0
602 15117 20051 580 20068 568 4183 1 0 0 0 0 0 0 1 1 1 0 R 0
603 15146 27942 1053 26415 1033 7322 1 0 1 0 0 0 0 1 1 1 0 R 0
604 15176 29115 1029 29232 1028 7268 1 0 0 0 0 0 0 1 1 2 0 R 0
605 15199 21836 2172 21744 2167 5698 1 0 0 0 0 1 0 1 1 1 0 R 0
606 15221 19774 1026 19782 995 3815 1 0 0 0 0 0 0 1 1 1 0 R 0
607 15247 24871 1028 24899 1006 5600 1 0 0 0 0 0 0 1 1 1 0 R 0
608 15278 30158 1009 30179 982 7422 1 0 0 0 0 0 0 1 1 2 0 R 0
609 15305 25634 623 25662 599 6445 1 0 0 0 0 0 0 1 1 1 0 R 0
610 15326 20412 569 20432 544 4519 1 0 0 0 0 0 0 1 1 1 0 R 0
611 15354 27440 1033 27466 1009 4441 1 0 0 0 0 0 0 1 1 1 0 R 0
612 15384 29281 1154 29399 1176 7429 1 0 0 0 0 0 0 1 1 1 0 R 0
613 15407 21558 651 21445 628 4566 1 0 0 0 0 0 0 1 1 1 0 R 0
614 15426 18638 565 18659 544 4172 1 0 0 0 0 0 0 1 1 1 0 R 0
615 15457 30664 1185 30785 1063 10815 1 0 0 0 0 0 0 1 1 2 0 R 0
616 15488 29237 1417 29265 1505 6738 1 0 0 0 0 0 0 1 1 2 0 R 0
617 15509 20476 629 20387 605 3863 1 0 0 0 0 0 0 1 1 1 0 R 0
618 15530 20411 591 20433 563 3835 1 0 0 0 0 0 0 1 1 1 0 R 0
619 15558 26785 588 26815 561 4211 1 0 0 0 0 0 0 1 1 1 0 R 0
620 15588 29297 1008 29326 975 4735 1 0 0 0 0 0 0 1 1 1 0 R 0
621 15610 21426 582 21456 558 4067 1 0 0 0 0 0 0 1 1 2 0 R 0
622 15630 19278 577 19304 550 3800 1 0 0 0 0 0 0 1 1 1 0 R 0
623 15655 24401 984 24519 866 5626 1 0 0 0 0 0 0 1 1 1 0 R 0
624 15686 30479 1032 30506 1121 6357 1 0 0 0 0 0 0 1 1 1 0 R 0
625 15710 22492 589 22402 566 6822 1 0 0 0 0 0 0 1 1 1 0 R 0
626 15729 18726 578 18747 556 3818 1 0 0 0 0 0 0 1 1 2 0 R 0
627 15756 25763 1238 25801 1212 3667 1 0 0 0 0 0 0 1 1 1 0 R 0
628 15786 28910 1057 28923 1033 7772 1 0 0 0 0 0 0 1 1 1 0 R 0
629 15810 22634 591 22660 558 6532 1 0 0 0 0 0 0 1 1 1 0 R 0
630 15833 22466 557 22491 537 7453 1 0 0 0 0 0 0 1 1 1 0 R 0
631 15856 22586 950 22700 841 4797 1 0 0 0 0 0 0 1 1 1 0 R 0
632 15886 29463 1146 29578 1039 6066 1 0 0 0 0 0 0 1 1 1 0 R 0
633 15915 27610 590 27622 569 7489 1 0 0 0 0 0 0 1 1 1 0 R 0
634 15935 19485 624 19502 605 4457 1 0 0 0 0 0 0 1 1 1 0 R 0
635 15960 24909 1501 25031 1508 5905 1 0 0 0 0 0 0 1 1 3 0 R 0
636 15990 27800 991 27700 974 7298 1 0 0 0 0 0 0 1 1 1 0 R 0
637 16014 23635 590 23646 570 6423 1 0 0 0 0 0 0 1 1 1 0 R 0
638 16034 19418 571 19436 549 3769 1 0 0 0 0 0 0 1 1 1 0 R 0
639 16056 21180 904 21203 890 3827 1 0 0 0 0 0 0 1 1 1 0 R 0
640 16086 29093 1167 29195 1061 5364 1 0 0 0 0 0 0 1 1 1 0 R 0
641 16112 24879 564 24896 545 7166 1 0 0 0 0 0 0 1 1 2 0 R 0
642 16133 19828 569 19845 551 4393 1 0 0 0 0 0 0 1 1 1 0 R 0
643 16154 20983 582 21008 562 3920 1 0 0 0 0 0 0 1 1 1 0 R 0
644 16185 30601 997 29661 971 5394 1 0 1 0 0 0 0 1 1 1 0 R 0
645 16215 28569 624 28591 598 13853 1 0 0 0 0 0 0 1 1 1 0 R 0
646 16235 19818 764 19883 704 4505 1 0 0 0 0 0 0 1 1 1 0 R 0
647 16258 21461 856 21486 829 4191 1 0 0 0 0 1 0 1 1 2 0 R 0
648 16286 27988 1030 28013 1006 5875 1 0 0 0 0 0 0 1 1 1 0 R 0
649 16315 27562 793 27588 764 5821 1 0 0 0 0 0 0 1 1 1 0 R 0
650 16335 19158 602 19180 581 4538 1 0 0 0 0 0 0 1 1 1 0 R 0
651 16357 21152 601 21173 582 4179 1 0 0 0 0 0 0 1 1 2 0 R 0
652 16385 27457 1240 27479 1228 4280 1 0 0 0 0 0 0 1 1 1 0 R 0
653 16414 28037 569 28047 550 7378 1 0 0 0 0 0 0 1 1 1 0 R 0
654 16435 20056 587 20077 561 4299 1 0 0 0 0 0 0 1 1 1 0 R 0
655 16456 21114 773 21234 656 3826 1 0 0 0 0 0 0 1 1 1 0 R 0
656 16484 26542 969 26657 859 4481 1 0 0 0 0 0 0 1 1 1 0 R 0
657 16513 28624 1023 28643 1006 7564 1 0 0 0 0 0 0 1 1 2 0 R 0
658 16534 20002 579 20024 551 4056 1 0 0 0 0 0 0 1 1 1 0 R 0
659 16555 19664 587 19692 559 3932 1 0 0 0 0 0 0 1 1 1 0 R 0
660 16588 32680 1226 32708 1207 9442 1 0 0 0 0 0 0 1 1 1 0 R 0
661 16619 30255 1028 30276 1002 6880 1 0 0 0 0 0 0 1 1 1 0 R 0
662 16643 22747 673 22779 641 6200 1 0 0 0 0 0 0 1 1 1 0 R 0
663 16665 21685 588 21707 565 3926 1 0 0 0 0 0 0 1 1 1 0 R 0
664 16695 29054 1035 29078 1017 5041 1 0 0 0 0 0 0 1 1 2 0 R 0
665 16724 27616 580 27636 555 7379 1 0 0 0 0 0 0 1 1 1 0 R 0
666 16745 20221 580 20244 557 4204 1 0 0 0 0 0 0 1 1 1 0 R 0
667 16766 21305 977 21364 919 4561 1 0 0 0 0 0 0 1 1 1 0 R 0
668 16796 28496 1030 28520 1009 4431 1 0 0 0 0 0 0 1 1 1 0 R 0
669 16824 27435 587 27457 561 7398 1 0 0 0 0 0 0 1 1 2 0 R 0
670 16846 20561 601 20591 571 4110 1 0 0 0 0 0 0 1 1 1 0 R 0
671 16868 21691 587 21721 559 4250 1 0 0 0 0 0 0 1 1 1 0 R 0
672 16895 27020 1298 27139 1186 4467 1 0 0 0 0 0 0 1 1 1 0 R 0
673 16927 30134 1408 30149 1531 7459 1 0 0 0 0 0 0 1 1 1 0 R 0
674 16951 22268 578 22146 556 6217 1 0 0 0 0 0 0 1 1 1 0 R 0
675 16976 25253 605 25277 580 8324 1 0 0 0 0 0 0 1 1 3 0 R 0
676 17006 28639 1204 28759 1094 6548 1 0 0 0 0 0 0 1 1 1 0 R 0
677 17031 24061 1056 24079 1260 6482 1 0 0 0 0 0 0 1 1 1 0 R 0
678 17051 19118 1130 18920 1115 4200 1 0 0 0 0 0 0 1 1 1 0 R 0
679 17074 21694 589 21700 566 3899 1 0 0 0 0 0 0 1 1 1 0 R 0
680 17099 24115 1011 24235 887 4239 1 0 0 0 0 0 0 1 1 1 0 R 0
681 17130 30849 592 30407 565 7113 1 0 1 0 0 0 0 1 1 2 0 R 0
682 17152 21120 612 21141 595 3910 1 0 0 0 0 0 0 1 1 1 0 R 0
683 17174 21262 584 21281 558 3953 1 0 0 0 0 0 0 1 1 1 0 R 0
684 17200 25460 1027 25496 1484 4019 1 0 0 0 0 0 0 1 1 1 0 R 0
685 17230 28877 1009 28417 984 5497 1 0 0 0 0 0 0 1 1 1 0 R 0
686 17251 19988 913 20010 887 4063 1 0 0 0 0 0 0 1 1 1 0 R 0
687 17271 19013 1019 19035 999 3867 1 0 0 0 0 0 0 1 1 1 0 R 0
688 17298 26210 1360 26473 1101 3925 1 0 0 0 0 0 0 1 1 1 0 R 0
689 17329 29424 1108 29529 999 6256 1 0 0 0 0 0 0 1 1 2 0 R 0
690 17355 24805 583 24825 564 10978 1 0 0 0 0 0 0 1 1 1 0 R 0
691 17376 20838 996 20858 977 4479 1 0 0 0 0 0 0 1 1 1 0 R 0
692 17404 26589 1006 26609 982 4090 1 0 0 0 0 0 0 1 1 1 0 R 0
693 17435 30088 1012 30113 993 5939 1 0 0 0 0 0 0 1 1 1 0 R 0
694 17456 20047 587 20066 567 4429 1 0 0 0 0 0 0 1 1 2 0 R 0
695 17476 19714 630 19732 609 4241 1 0 0 0 0 0 0 1 1 1 0 R 0
696 17503 26257 1008 26281 993 4044 1 0 0 0 0 0 0 1 1 2 0 R 0
697 17533 28428 973 28530 867 7503 1 0 0 0 0 0 0 1 1 1 0 R 0
698 17558 24834 681 24881 631 6835 1 0 0 0 0 0 0 1 1 1 0 R 0
699 17578 18989 580 19011 561 4198 1 0 0 0 0 0 0 1 1 1 0 R 0
700 17605 26301 1290 26321 1400 4019 1 0 0 0 0 0 0 1 1 1 0 R 0
701 17635 28284 1157 28266 1048 7155 1 0 0 0 0 0 0 1 1 1 0 R 0
702 17657 21505 588 21525 563 5297 1 0 0 0 0 0 0 1 1 0 0 R 0
703 17677 18919 584 18958 548 4261 1 0 0 0 0 0 0 1 1 1 0 R 0
704 17703 25308 929 25331 904 5923 1 0 0 0 0 0 0 1 1 3 0 R 0
705 17738 34795 1017 34822 990 13474 1 0 0 0 0 0 0 1 1 1 0 R 0
706 17761 21372 888 21398 867 4218 1 0 0 0 0 0 0 1 1 1 0 R 0
707 17780 18553 1835 18590 1815 3646 1 0 0 0 0 1 0 1 1 1 0 R 0
708 17807 24892 894 24895 870 5550 1 0 0 0 0 0 0 1 1 1 0 R 0
709 17839 30722 1011 30744 989 7481 1 0 0 0 0 0 0 1 1 1 0 R 0
710 17862 22326 566 22346 545 4705 1 0 0 0 0 0 0 1 1 1 0 R 0
711 17881 18583 959 18613 934 3853 1 0 0 0 0 0 0 1 1 2 0 R 0
712 17906 23748 588 23768 563 4984 1 0 0 0 0 0 0 1 1 1 0 R 0
713 17936 29594 1089 29622 1072 6942 1 0 0 0 0 0 0 1 1 1 0 R 0
714 17960 23267 730 23329 661 7300 1 0 0 0 0 0 0 1 1 1 0 R 0
715 17981 19951 880 19973 862 3777 1 0 0 0 0 0 0 1 1 1 0 R 0
716 18002 20579 1164 20751 1000 3861 1 0 0 0 0 0 0 1 1 2 0 R 0
717 18034 30016 1012 30026 1005 7770 1 0 0 0 0 0 0 1 1 1 0 R 0
718 18064 28916 733 28923 716 7565 1 0 0 0 0 0 0 1 1 1 0 R 0
719 18084 19791 582 19808 563 4140 1 0 0 0 0 0 0 1 1 1 0 R 0
720 18113 28668 1040 27570 1003 12247 1 0 1 0 0 0 0 1 1 1 0 R 0
721 18139 24633 1043 24653 1019 7178 1 0 0 0 0 0 0 1 1 1 0 R 0
722 18168 27523 584 27543 563 6681 1 0 0 0 0 0 0 1 1 1 0 R 0
723 18189 20808 594 20832 572 4664 1 0 0 0 0 0 0 1 1 1 0 R 0
724 18212 22947 1164 23057 1063 5451 1 0 0 0 0 0 0 1 1 2 0 R 0
725 18243 28978 897 28987 879 7612 1 0 0 0 0 0 0 1 1 1 0 R 0
726 18265 21138 815 21156 891 3751 1 0 0 0 0 0 0 1 1 1 0 R 0
727 18286 20846 639 20776 617 4722 1 0 0 0 0 0 0 1 1 1 0 R 0
728 18307 20443 588 20466 560 4302 1 0 0 0 0 0 0 1 1 1 0 R 0
729 18338 29673 1158 29949 1000 6356 1 0 0 0 0 0 0 1 1 1 0 R 0
730 18364 25655 590 25562 567 6680 1 0 0 0 0 0 0 1 1 2 0 R 0
731 18385 20034 614 20055 593 4877 1 0 0 0 0 0 0 1 1 1 0 R 0
732 18407 21211 623 21232 601 4150 1 0 0 0 0 0 0 1 1 1 0 R 0
733 18436 28398 1067 28421 1045 5416 1 0 0 0 0 0 0 1 1 2 0 R 0
734 18464 27388 587 27412 561 7246 1 0 0 0 0 0 0 1 1 1 0 R 0
735 18488 22754 583 22782 559 8881 1 0 0 0 0 0 0 1 1 1 0 R 0
736 18509 20581 590 20607 562 4212 1 0 0 0 0 0 0 1 1 1 0 R 0
737 18538 28832 1036 28859 1023 4660 1 0 0 0 0 0 0 1 1 1 0 R 0
738 18567 27268 599 27283 573 7123 1 0 0 0 0 0 0 1 1 1 0 R 0
739 18587 19749 585 19775 559 4627 1 0 0 0 0 0 0 1 1 1 0 R 0
740 18609 21563 601 21593 571 4365 1 0 0 0 0 1 0 1 1 2 0 R 0
741 18638 28574 1057 28597 1037 4190 1 0 0 0 0 0 0 1 1 1 0 R 0
742 18668 28929 1151 29038 1035 6482 1 0 0 0 0 0 0 1 1 1 0 R 0
743 18693 23091 570 23113 550 4927 1 0 0 0 0 0 0 1 1 1 0 R 0
744 18715 21978 747 21998 732 3783 1 0 0 0 0 0 0 1 1 1 0 R 0
745 18746 30246 1006 30269 978 5904 1 0 0 0 0 0 0 1 1 2 0 R 0
746 18773 26084 589 26111 565 7849 1 0 0 0 0 0 0 1 1 1 0 R 0
747 18793 18985 631 19002 610 4188 1 0 0 0 0 0 0 1 1 1 0 R 0
748 18815 21237 591 21265 571 3753 1 0 0 0 0 0 0 1 1 1 0 R 0
749 18843 27579 1019 27598 995 5126 1 0 0 0 0 0 0 1 1 2 0 R 0
750 18878 33717 1030 33790 971 13581 1 0 0 0 0 0 0 1 1 1 0 R 0
751 18899 20824 618 20836 595 4260 1 0 0 0 0 0 0 1 1 1 0 R 0
752 18922 21893 570 21910 548 4007 1 0 0 0 0 0 0 1 1 1 0 R 0
753 18950 27982 1788 28013 1858 6035 1 0 0 0 0 0 0 1 1 1 0 R 0
754 18978 25809 595 25739 567 6375 1 0 0 0 0 0 0 1 1 1 0 R 0
755 18998 19628 594 19650 570 4562 1 0 0 0 0 0 0 1 1 1 0 R 0
756 19019 20419 603 20450 572 4198 1 0 0 0 0 0 0 1 1 2 0 R 0
757 19045 25198 988 25222 970 4147 1 0 0 0 0 0 0 1 1 1 0 R 0
758 19075 28694 775 28812 659 7065 1 0 0 0 0 0 0 1 1 1 0 R 0
759 19096 20801 594 20818 575 4539 1 0 0 0 0 0 0 1 1 1 0 R 0
760 19117 20084 1429 20104 1410 4105 1 0 0 0 0 0 0 1 1 1 0 R 0
761 19146 27252 872 26962 846 5597 1 0 1 0 0 0 0 1 1 2 0 R 0
762 19176 29553 1176 29674 1074 6557 1 0 0 0 0 0 0 1 1 1 0 R 0
763 19197 19352 593 19357 574 4382 1 0 0 0 0 0 0 1 1 1 0 R 0
764 19217 19446 629 19482 588 4274 1 0 0 0 0 0 0 1 1 1 0 R 0
765 19247 29669 1121 29785 1003 9451 1 0 0 0 0 0 0 1 1 1 0 R 0
766 19278 30153 1066 30202 1024 7439 1 0 0 0 0 0 0 1 1 1 0 R 0
767 19300 20448 598 20476 568 4032 1 0 0 0 0 0 0 1 1 1 0 R 0
768 19319 18832 746 18922 657 3714 1 0 0 0 0 0 0 1 1 2 0 R 0
769 19349 28886 1026 28913 1004 4675 1 0 0 0 0 0 0 1 1 1 0 R 0
770 19379 29186 1205 29309 1079 6455 1 0 0 0 0 0 0 1 1 1 0 R 0
771 19401 20648 948 20680 929 4109 1 0 0 0 0 0 0 1 1 2 0 R 0
772 19422 19932 679 19959 643 4232 1 0 0 0 0 0 0 1 1 1 0 R 0
773 19447 24793 1447 24812 1555 4053 1 0 0 0 0 0 0 1 1 1 0 R 0
774 19478 29477 1012 29370 985 6001 1 0 0 0 0 0 0 1 1 1 0 R 0
775 19500 21167 591 21195 569 4731 1 0 0 0 0 0 0 1 1 1 0 R 0
776 19521 20079 846 20098 823 3854 1 0 0 0 0 0 0 1 1 2 0 R 0
777 19546 24363 1037 24478 925 5545 1 0 0 0 0 0 0 1 1 1 0 R 0
778 19577 30126 1002 30147 984 7199 1 0 0 0 0 0 0 1 1 1 0 R 0
779 19605 26382 582 26402 562 5843 1 0 0 0 0 0 0 1 1 1 0 R 0
780 19629 23626 1043 23654 1013 7932 1 0 0 0 0 0 0 1 1 1 0 R 0
781 19657 26704 1525 26724 1531 3846 1 0 0 0 0 0 0 1 1 2 0 R 0
782 19688 29416 1152 29506 1033 6688 1 0 0 0 0 0 0 1 1 1 0 R 0
783 19709 19973 576 19996 553 4443 1 0 0 0 0 0 0 1 1 1 0 R 0
784 19729 19593 589 19621 559 3711 1 0 0 0 0 0 0 1 1 1 0 R 0
785 19759 29408 1057 29434 1038 4589 1 0 0 0 0 0 0 1 1 1 0 R 0
786 19790 29940 1013 30059 997 7112 1 0 0 0 0 0 0 1 1 2 0 R 0
787 19812 21465 565 21377 544 4004 1 0 0 0 0 0 0 1 1 1 0 R 0
788 19832 18819 2045 18860 2015 3828 1 0 0 0 0 0 0 1 1 1 0 R 0
789 19872 38556 998 30593 975 4283 1 0 5 0 0 0 0 1 1 1 0 R 0
790 19903 29978 1183 29999 1165 7327 1 0 0 0 0 0 0 1 1 1 0 R 0
791 19925 20644 583 20668 557 4524 1 0 0 0 0 0 0 1 1 1 0 R 0
792 19948 21715 748 21736 732 4120 1 0 0 0 0 0 0 1 1 2 0 R 0
793 19977 29139 1012 29158 991 6122 1 0 0 0 0 0 0 1 1 1 0 R 0
794 20005 26659 582 26680 559 6984 1 0 0 0 0 0 0 1 1 1 0 R 0
795 20029 23015 615 23038 593 8288 1 0 0 0 0 0 0 1 1 1 0 R 0
796 20050 21117 592 21144 567 3821 1 0 0 0 0 0 0 1 1 1 0 R 0
797 20081 29923 3033 29950 2487 7656 1 0 1 0 0 0 0 1 1 1 0 R 0
798 20113 28859 571 28846 550 7431 1 0 0 0 0 0 0 1 1 1 0 R 0
799 20133 19197 577 19219 555 4088 1 0 0 0 0 0 0 1 1 1 0 R 0
800 20157 24117 1000 24143 976 3828 1 0 0 0 0 0 0 1 1 2 0 R 0
801 20189 30735 1129 30849 1014 6873 1 0 0 0 0 0 0 1 1 1 0 R 0
802 20217 26867 753 26934 691 6708 1 0 0 0 0 0 0 1 1 1 0 R 0
803 20237 19642 577 19656 559 4394 1 0 0 0 0 0 0 1 1 1 0 R 0
804 20262 24422 1270 24565 1250 5888 1 0 0 0 0 0 0 1 1 1 0 R 0
805 20285 21748 640 21660 606 7194 1 0 0 0 0 0 0 1 1 1 0 R 0
806 20306 19412 572 19434 552 4157 1 0 0 0 0 0 0 1 1 2 0 R 0
807 20328 21473 579 21496 549 6144 1 0 0 0 0 0 0 1 1 1 0 R 0
808 20349 21075 598 21106 574 4090 1 0 0 0 0 0 0 1 1 1 0 R 0
809 20377 27072 1454 27178 1351 4103 1 0 0 0 0 0 0 1 1 1 0 R 0
810 20413 34719 1768 34731 1766 13452 1 0 0 0 0 1 0 1 1 2 0 R 0
811 20436 21102 574 21110 551 5265 1 0 0 0 0 0 0 1 1 1 0 R 0
812 20458 21216 586 21240 562 4243 1 0 0 0 0 0 0 1 1 1 0 R 0
813 20487 28801 1111 28910 1016 6053 1 0 0 0 0 0 0 1 1 1 0 R 0
814 20518 29316 1443 29442 1305 5705 1 0 0 0 0 0 0 1 1 1 0 R 0
815 20540 21376 587 21400 561 4138 1 0 0 0 0 0 0 1 1 2 0 R 0
816 20562 21237 1168 21255 1146 3807 1 0 0 0 0 0 0 1 1 1 0 R 0
817 20590 26418 597 26453 568 7940 1 0 0 0 0 0 0 1 1 1 0 R 0
818 20610 19561 622 19583 599 3807 1 0 0 0 0 0 0 1 1 1 0 R 0
819 20633 22220 642 22251 609 4436 1 0 0 0 0 0 0 1 1 1 0 R 0
820 20654 20931 859 20954 833 3897 1 0 0 0 0 0 0 1 1 2 0 R 0
821 20680 25087 598 25115 573 5337 1 0 0 0 0 0 0 1 1 1 0 R 0
822 20710 28652 1300 28775 1185 4586 1 0 0 0 0 0 0 1 1 1 0 R 0
823 20732 20829 550 20837 531 3898 1 0 0 0 0 0 0 1 1 2 0 R 0
824 20751 18584 875 18611 853 4219 1 0 0 0 0 0 0 1 1 1 0 R 0
825 20783 31372 973 31484 858 11383 1 0 0 0 0 0 0 1 1 1 0 R 0
826 20813 29348 1054 29392 1020 6979 1 0 0 0 0 0 0 1 1 1 0 R 0
827 20835 20151 590 20170 564 3842 1 0 0 0 0 0 0 1 1 1 0 R 0
828 20855 19741 958 19805 893 3811 1 0 0 0 0 0 0 1 1 1 0 R 0
829 20881 25061 2173 25088 2158 4358 1 0 0 0 0 0 0 1 1 2 0 R 0
830 20913 30070 1183 30086 1279 7732 1 0 0 0 0 0 0 1 1 1 0 R 0
831 20938 23943 588 23849 559 7946 1 0 0 0 0 0 0 1 1 1 0 R 0
832 20958 18899 582 18922 557 4315 1 0 0 0 0 0 0 1 1 1 0 R 0
833 20988 29748 1002 29864 886 3853 1 0 0 0 0 1 0 1 1 1 0 R 0
834 21016 27281 1298 27317 1278 4674 1 0 0 0 0 0 0 1 1 1 0 R 0
835 21038 20139 591 20149 568 4441 1 0 0 0 0 0 0 1 1 1 0 R 0
836 21058 19842 581 19864 559 4157 1 0 0 0 0 0 0 1 1 1 0 R 0
837 21085 26319 1198 26340 1197 6248 1 0 0 0 0 0 0 1 1 2 0 R 0
838 21116 29336 1130 29425 1020 7133 1 0 0 0 0 0 0 1 1 2 0 R 0
839 21140 23199 584 22607 562 6398 1 0 1 0 0 0 0 1 1 1 0 R 0
840 21163 22373 1575 22393 1563 7552 1 0 0 0 0 0 0 1 1 0 0 R 0
841 21194 28917 1429 29051 1286 4338 1 0 0 0 0 0 0 1 1 2 0 R 0
842 21217 22216 584 22244 560 4651 1 0 0 0 0 0 0 1 1 2 0 R 0
843 21239 21569 747 21642 677 6239 1 0 0 0 0 0 0 1 1 1 0 R 0
844 21260 19485 585 19509 559 3830 1 0 0 0 0 0 0 1 1 1 0 R 0
845 21284 24344 999 24453 1014 4611 1 0 0 0 0 0 0 1 1 0 0 R 0
846 21315 29151 1417 29047 1408 7221 1 0 0 0 0 0 0 1 1 1 0 R 0
847 21344 27477 808 27505 774 7637 1 0 0 0 0 0 0 1 1 3 0 R 0
848 21363 18547 596 18558 577 3730 1 0 0 0 0 0 0 1 1 1 0 R 0
849 21388 24266 1023 24294 1005 5058 1 0 0 0 0 0 0 1 1 1 0 R 0
850 21419 29779 1044 29796 1022 6574 1 0 0 0 0 0 0 1 1 2 0 R 0
851 21443 23237 580 23254 559 6945 1 0 0 0 0 0 0 1 1 1 0 R 0
852 21462 19050 627 19071 605 3717 1 0 0 0 0 0 0 1 1 2 0 R 0
853 21485 22285 1335 22329 1442 3883 1 0 0 0 0 0 0 1 1 1 0 R 0
854 21514 27476 1330 27603 1063 7154 1 0 0 0 0 0 0 1 1 1 0 R 0
855 21548 32107 831 32158 784 13865 1 0 0 0 0 0 0 1 1 1 0 R 0
856 21567 18575 621 18588 597 4490 1 0 0 0 0 0 0 1 1 1 0 R 0
857 21591 23189 1628 23213 1608 5377 1 0 0 0 0 0 0 1 1 2 0 R 0
858 21623 30095 1163 30207 1174 7759 1 0 0 0 0 0 0 1 1 1 0 R 0
859 21650 26724 590 26624 564 6818 1 0 0 0 0 0 0 1 1 1 0 R 0
860 21671 19755 909 19780 883 4124 1 0 0 0 0 0 0 1 1 1 0 R 0
861 21697 25466 1150 25488 1136 5541 1 0 0 0 0 0 0 1 1 1 0 R 0
862 21718 19460 582 19477 557 4354 1 0 0 0 0 0 0 1 1 1 0 R 0
863 21738 19717 579 19740 560 4501 1 0 0 0 0 0 0 1 1 2 0 R 0
864 21761 21909 1004 21953 969 5420 1 0 0 0 0 0 0 1 1 1 0 R 0
865 21783 21285 684 21292 663 3934 1 0 0 0 0 0 0 1 1 1 0 R 0
866 21810 26680 1527 26711 1517 4574 1 0 0 0 0 0 0 1 1 1 0 R 0
867 21842 30673 1065 30671 1057 6165 1 0 0 0 0 0 0 1 1 1 0 R 0
868 21865 21164 581 21178 559 6531 1 0 0 0 0 0 0 1 1 1 0 R 0
869 21887 21387 621 21407 598 3874 1 0 0 0 0 0 0 1 1 1 0 R 0
870 21918 31159 1024 31278 1016 10079 1 0 0 0 0 0 0 1 1 1 0 R 0
871 21946 26832 590 26743 566 6456 1 0 0 0 0 0 0 1 1 1 0 R 0
872 21969 22124 662 22165 633 4613 1 0 0 0 0 0 0 1 1 2 0 R 0
873 21997 27271 1458 27307 1430 4490 1 0 0 0 0 0 0 1 1 1 0 R 0
874 22034 35510 1513 23294 1496 21765 1 3 1 0 0 0 0 1 1 2 0 R 1
875 22057 21108 615 21122 591 6479 1 0 0 0 0 0 0 1 1 1 0 R 0
876 22077 19444 605 19470 582 4324 1 0 0 0 0 0 0 1 1 1 0 R 0
877 22099 22218 988 21963 994 5013 1 0 1 0 0 0 0 1 1 2 0 R 0
878 22130 29988 1670 29986 1560 5343 1 0 0 0 0 0 0 1 1 1 0 R 0
879 22155 23352 584 23370 556 7510 1 0 0 0 0 0 0 1 1 1 0 R 0
880 22176 20047 566 20068 545 4121 1 0 0 0 0 0 0 1 1 1 0 R 0
881 22199 22146 589 22174 559 4384 1 0 0 0 0 0 0 1 1 1 0 R 0
882 22227 27843 1003 27870 976 6445 1 0 0 0 0 0 0 1 1 1 0 R 0
883 22258 30148 965 30175 1288 6780 1 0 0 0 0 0 0 1 1 1 0 R 0
884 22280 20630 577 20311 548 4110 1 0 0 0 0 0 0 1 1 1 0 R 0
885 22305 24671 588 24696 564 10331 1 0 0 0 0 0 0 1 1 2 0 R 0
886 22335 28948 1047 28971 1035 5932 1 0 0 0 0 0 0 1 1 1 0 R 0
887 22360 23792 595 23807 569 6958 1 0 0 0 0 0 0 1 1 1 0 R 0
888 22380 19391 567 19414 544 3852 1 0 0 0 0 0 0 1 1 1 0 R 0
889 22403 22940 607 22962 587 3772 1 0 0 0 0 0 0 1 1 2 0 R 0
890 22433 28945 1015 28964 1007 6542 1 0 0 0 0 0 0 1 1 1 0 R 0
891 22459 24895 627 24910 602 5061 1 0 0 0 0 0 0 1 1 1 0 R 0
892 22478 19315 605 19338 582 4191 1 0 0 0 0 0 0 1 1 1 0 R 0
893 22500 21091 596 21120 568 4330 1 0 0 0 0 0 0 1 1 1 0 R 0
894 22529 27839 1010 27861 987 4223 1 0 0 0 0 0 0 1 1 1 0 R 0
895 22558 28582 597 28606 571 7253 1 0 0 0 0 0 0 1 1 2 0 R 0
896 22579 19885 594 19909 568 4368 1 0 0 0 0 0 0 1 1 1 0 R 0
897 22603 23525 573 23548 552 4241 1 0 0 0 0 0 0 1 1 2 0 R 0
898 22629 26096 1159 26213 1045 4243 1 0 0 0 0 0 0 1 1 1 0 R 0
899 22659 28818 586 28844 560 6602 1 0 0 0 0 0 0 1 1 1 0 R 0
900 22684 23744 590 23764 569 7777 1 0 0 0 0 0 0 1 1 1 0 R 0
901 22706 21317 581 21341 559 4249 1 0 0 0 0 0 0 1 1 2 0 R 0
902 22735 29183 1706 29232 1670 4593 1 0 0 0 0 0 0 1 1 1 0 R 0
903 22764 27281 589 27289 564 7414 1 0 0 0 0 0 0 1 1 1 0 R 0
904 22785 19981 632 20005 605 3826 1 0 0 0 0 0 0 1 1 1 0 R 0
905 22808 21936 585 21966 557 4198 1 0 0 0 0 0 0 1 1 2 0 R 0
906 22834 26237 1166 26357 1052 4540 1 0 0 0 0 0 0 1 1 1 0 R 0
907 22865 29151 1003 29169 987 7451 1 0 0 0 0 0 0 1 1 1 0 R 0
908 22889 23069 632 23089 605 5988 1 0 0 0 0 0 0 1 1 1 0 R 0
909 22911 21252 954 21282 939 3850 1 0 0 0 0 0 0 1 1 1 0 R 0
910 22937 25345 1079 25356 1056 4105 1 0 0 0 0 0 0 1 1 2 0 R 0
911 22969 31438 1006 31560 880 6452 1 0 0 0 0 0 0 1 1 1 0 R 0
912 22993 22033 1855 22056 1849 5635 1 0 0 0 0 1 0 1 1 1 0 R 0
913 23016 21490 916 21499 894 3909 1 0 0 0 0 0 0 1 1 1 0 R 0
914 23043 25868 617 25887 594 6037 1 0 0 0 0 0 0 1 1 1 0 R 0
915 23065 22117 579 22139 561 8466 1 0 0 0 0 0 0 1 1 1 0 R 0
916 23088 21898 596 21925 568 4156 1 0 0 0 0 0 0 1 1 2 0 R 0
917 23108 19466 571 19488 549 4290 1 0 0 0 0 0 0 1 1 1 0 R 0
918 23135 26785 1152 26113 1023 3925 1 0 1 0 0 0 0 1 1 1 0 R 0
919 23166 29120 757 29240 638 7473 1 0 0 0 0 0 0 1 1 1 0 R 0
920 23187 20955 582 20981 554 4867 1 0 0 0 0 0 0 1 1 1 0 R 0
921 23207 19435 623 19461 598 4251 1 0 0 0 0 0 0 1 1 1 0 R 0
922 23233 25456 1002 25481 982 5954 1 0 0 0 0 0 0 1 1 1 0 R 0
923 23259 25050 652 25078 625 7218 1 0 0 0 0 0 0 1 1 2 0 R 0
924 23282 21973 577 21992 553 4852 1 0 0 0 0 0 0 1 1 1 0 R 0
925 23303 20161 559 20179 541 3881 1 0 0 0 0 0 0 1 1 1 0 R 0
926 23325 21825 591 21852 564 3853 1 0 0 0 0 1 0 1 1 1 0 R 0
927 23353 27470 1004 27491 986 5828 1 0 0 0 0 0 0 1 1 2 0 R 0
928 23384 29605 947 29627 926 7336 1 0 0 0 0 0 0 1 1 1 0 R 0
929 23406 21069 688 21107 649 4745 1 0 0 0 0 0 0 1 1 1 0 R 0
930 23430 23316 1039 23340 1019 9379 1 0 0 0 0 0 0 1 1 1 0 R 0
931 23459 28304 598 28329 569 5294 1 0 0 0 0 0 0 1 1 2 0 R 0
932 23484 24368 584 24394 557 5341 1 0 0 0 0 0 0 1 1 1 0 R 0
933 23506 20985 574 21007 552 4348 1 0 0 0 0 0 0 1 1 1 0 R 0
934 23526 20031 602 20052 579 4165 1 0 0 0 0 0 0 1 1 1 0 R 0
935 23554 27315 1041 27339 1025 5091 1 0 0 0 0 0 0 1 1 2 0 R 0
936 23583 27881 589 27899 566 7339 1 0 0 0 0 0 0 1 1 1 0 R 0
937 23605 20856 588 20878 566 4330 1 0 0 0 0 0 0 1 1 1 0 R 0
938 23627 21349 608 21382 575 3799 1 0 0 0 0 0 0 1 1 1 0 R 0
939 23654 27139 1154 27163 1135 4602 1 0 0 0 0 0 0 1 1 1 0 R 0
940 23684 28529 621 28550 595 7097 1 0 0 0 0 0 0 1 1 1 0 R 0
941 23704 19705 582 19729 559 4170 1 0 0 0 0 0 0 1 1 1 0 R 0
942 23726 21538 887 21657 766 3788 1 0 0 0 0 0 0 1 1 2 0 R 0
943 23753 25669 1019 25695 1002 4527 1 0 0 0 0 0 0 1 1 1 0 R 0
944 23781 27011 1719 27147 1707 7238 1 0 0 0 0 0 0 1 1 1 0 R 0
945 23807 24594 586 24490 563 8692 1 0 0 0 0 0 0 1 1 1 0 R 0
946 23828 20009 1052 20030 1158 4102 1 0 0 0 0 0 0 1 1 1 0 R 0
947 23854 25438 1004 25422 1003 4261 1 0 0 0 0 0 0 1 1 1 0 R 0
948 23884 28590 1187 28499 1179 7546 1 0 0 0 0 0 0 1 1 1 0 R 0
949 23908 22847 674 22863 644 7203 1 0 0 0 0 0 0 1 1 1 0 R 0
950 23929 20456 966 20484 947 4101 1 0 0 0 0 0 0 1 1 2 0 R 0
951 23957 26721 988 26736 969 4643 1 0 0 0 0 0 0 1 1 1 0 R 0
952 23986 28074 592 28099 565 7391 1 0 0 0 0 0 0 1 1 1 0 R 0
953 24012 25062 609 25091 577 6158 1 0 0 0 0 0 0 1 1 1 0 R 0
954 24031 18298 2548 18321 2540 3835 1 0 0 0 0 0 0 1 1 1 0 R 0
955 24057 24307 1148 24318 1129 4240 1 0 0 0 0 0 0 1 1 2 0 R 0
956 24082 23801 980 23820 757 6371 1 0 1 0 0 0 0 1 1 1 0 R 0
957 24105 21776 816 21796 791 3962 1 0 0 0 0 0 0 1 1 1 0 R 0
958 24126 19643 834 19711 764 4155 1 0 0 0 0 0 0 1 1 1 0 R 0
959 24149 22872 1038 22895 1026 4073 1 0 0 0 0 0 0 1 1 1 0 R 0
960 24185 34558 1050 34570 1032 13870 1 0 0 0 0 0 0 1 1 1 0 R 0
961 24212 25905 564 25919 546 7251 1 0 0 0 0 0 0 1 1 1 0 R 0
962 24232 19140 633 19159 613 4168 1 0 0 0 0 0 0 1 1 1 0 R 0
963 24256 24238 999 24358 999 5442 1 0 0 0 0 0 0 1 1 2 0 R 0
964 24288 30297 1052 30206 1032 6466 1 0 0 0 0 0 0 1 1 1 0 R 0
965 24314 25726 585 25748 560 6096 1 0 0 0 0 0 0 1 1 1 0 R 0
966 24335 19552 569 19574 545 3766 1 0 0 0 0 0 0 1 1 1 0 R 0
967 24359 24184 947 24211 927 6332 1 0 0 0 0 0 0 1 1 1 0 R 0
968 24382 21772 573 21788 552 6492 1 0 0 0 0 0 0 1 1 1 0 R 0
969 24403 20033 572 20053 548 3954 1 0 0 0 0 0 0 1 1 2 0 R 0
970 24426 22771 865 22845 802 5925 1 0 0 0 0 0 0 1 1 1 0 R 0
971 24447 20238 584 20258 560 4225 1 0 0 0 0 0 0 1 1 1 0 R 0
972 24475 27700 690 27813 721 4427 1 0 0 0 0 0 0 1 1 1 0 R 0
973 24504 28156 625 28035 598 6362 1 0 0 0 0 0 0 1 1 1 0 R 0
974 24525 20515 586 20539 564 4018 1 0 0 0 0 0 0 1 1 3 0 R 0
975 24550 24070 590 24094 567 8540 1 0 0 0 0 0 0 1 1 1 0 R 0
976 24579 28209 582 28229 557 4303 1 0 0 0 0 0 0 1 1 1 0 R 0
977 24608 28970 1032 28992 1018 4623 1 0 0 0 0 0 0 1 1 1 0 R 0
978 24632 22267 563 22278 544 5923 1 0 0 0 0 0 0 1 1 1 0 R 0
979 24654 21238 586 21259 562 3951 1 0 0 0 0 0 0 1 1 1 0 R 0
980 24681 26739 1300 26773 1284 4439 1 0 0 0 0 0 0 1 1 1 0 R 0
981 24713 30943 953 30953 941 7890 1 0 0 0 0 0 0 1 1 1 0 R 0
982 24735 21088 632 21102 605 5511 1 0 0 0 0 0 0 1 1 1 0 R 0
983 24757 20815 798 20842 771 4234 1 0 0 0 0 0 0 1 1 2 0 R 0
984 24787 29258 1017 29284 996 5631 1 0 0 0 0 0 0 1 1 2 0 R 0
985 24807 19791 577 19810 557 4595 1 0 0 0 0 0 0 1 1 1 0 R 0
986 24830 21655 601 21683 568 4036 1 0 0 0 0 0 0 1 1 1 0 R 0
987 24853 22402 887 22425 866 3703 1 0 0 0 0 0 0 1 1 1 0 R 0
988 24878 24923 1266 25000 1194 4842 1 0 0 0 0 0 0 1 1 2 0 R 0
989 24909 29716 773 29738 748 6168 1 0 0 0 0 0 0 1 1 1 0 R 0
990 24933 23113 569 23135 552 9568 1 0 0 0 0 0 0 1 1 1 0 R 0
991 24955 21167 984 21187 958 4293 1 0 0 0 0 0 0 1 1 1 0 R 0
992 24981 24488 1370 24516 1471 4419 1 0 0 0 0 0 0 1 1 1 0 R 0
993 25011 29104 1573 29117 1443 7350 1 0 0 0 0 0 0 1 1 1 0 R 0
994 25033 20595 578 20611 556 3864 1 0 0 0 0 0 0 1 1 1 0 R 0
995 25053 19709 600 19729 583 3926 1 0 0 0 0 0 0 1 1 1 0 R 0
996 25079 25054 1030 25079 1010 4497 1 0 0 0 0 0 0 1 1 2 0 R 0
997 25109 28504 1187 28614 1076 6711 1 0 0 0 0 0 0 1 1 1 0 R 0
998 25134 24475 580 23752 555 5157 1 0 1 0 0 0 0 1 1 1 0 R 0
999 25155 19669 570 19692 552 3863 1 0 0 0 0 0 0 1 1 1 0 R 0
1000 25179 24261 982 24282 965 5995 1 0 0 0 0 0 0 1 1 1 0 R 0
1001 25211 30622 1524 30646 1634 6050 1 0 0 0 0 0 0 1 1 1 0 R 0
1002 25233 20880 568 20765 544 5034 1 0 0 0 0 0 0 1 1 1 0 R 0
1003 25254 19910 617 19947 577 4277 1 0 0 0 0 0 0 1 1 2 0 R 0
1004 25277 22761 984 22880 868 4786 1 0 0 0 0 0 0 1 1 1 0 R 0
1005 25313 34606 1159 34725 1043 13042 1 0 0 0 0 0 0 1 1 1 0 R 0
1006 25337 22826 577 22852 550 5824 1 0 0 0 0 0 0 1 1 1 0 R 0
1007 25356 18890 579 18908 563 4275 1 0 0 0 0 0 0 1 1 1 0 R 0
1008 25380 22773 1190 22895 1065 5231 1 0 0 0 0 0 0 1 1 2 0 R 0
1009 25410 28857 1190 28903 1152 5147 1 0 0 0 0 0 0 1 1 1 0 R 0
1010 25435 23836 596 23854 575 8369 1 0 0 0 0 0 0 1 1 1 0 R 0
1011 25455 19618 568 19635 548 4241 1 0 0 0 0 0 0 1 1 1 0 R 0
1012 25477 21167 621 21186 599 3700 1 0 0 0 0 0 0 1 1 2 0 R 0
1013 25507 29396 869 29420 848 5631 1 0 0 0 0 0 0 1 1 1 0 R 0
1014 25532 24883 661 24917 624 6750 1 0 0 0 0 0 0 1 1 1 0 R 0
1015 25553 20246 1250 20271 1246 4307 1 0 0 0 0 1 0 1 1 1 0 R 0
1016 25575 20701 584 20705 563 3746 1 0 0 0 0 0 0 1 1 1 0 R 0
1017 25606 29822 1153 29944 1032 5654 1 0 0 0 0 0 0 1 1 2 0 R 0
1018 25633 26305 825 26326 798 7003 1 0 0 0 0 0 0 1 1 1 0 R 0
1019 25654 20174 579 20200 559 4286 1 0 0 0 0 1 0 1 1 1 0 R 0
1020 25680 25317 1344 25389 1279 8779 1 0 0 0 0 0 0 1 1 1 0 R 0
1021 25711 29309 1601 29327 1688 5240 1 0 0 0 0 0 0 1 1 2 0 R 0
1022 25737 25031 602 24949 570 8349 1 0 0 0 0 0 0 1 1 1 0 R 0
1023 25758 19992 584 20018 558 4288 1 0 0 0 0 0 0 1 1 1 0 R 0
1024 25779 20699 596 20726 569 4147 1 0 0 0 0 0 0 1 1 2 0 R 0
1025 25808 28576 1169 28688 1058 4851 1 0 0 0 0 0 0 1 1 1 0 R 0
1026 25836 26020 589 26046 564 4237 1 0 0 0 0 0 0 1 1 1 0 R 0
1027 25856 20038 599 20063 572 4360 1 0 0 0 0 0 0 1 1 1 0 R 0
1028 25878 21079 676 21105 650 4167 1 0 0 0 0 0 0 1 1 1 0 R 0
1029 25905 26424 1245 26449 1229 4409 1 0 0 0 0 0 0 1 1 2 0 R 0
1030 25937 30244 648 30262 624 7323 1 0 0 0 0 0 0 1 1 1 0 R 0
1031 25958 20307 966 20329 946 4369 1 0 0 0 0 0 0 1 1 1 0 R 0
1032 25979 20749 878 20867 754 4290 1 0 0 0 0 0 0 1 1 1 0 R 0
1033 26005 24458 985 24573 873 4143 1 0 0 0 0 0 0 1 1 1 0 R 0
1034 26037 31006 1153 31124 1040 6511 1 0 0 0 0 0 0 1 1 1 0 R 0
1035 26064 26472 579 26490 560 13486 1 0 0 0 0 0 0 1 1 2 0 R 0
1036 26085 20326 1379 20346 1359 3841 1 0 0 0 0 0 0 1 1 1 0 R 0
1037 26117 30100 1024 30123 997 4626 1 0 0 0 0 0 0 1 1 1 0 R 0
1038 26144 26773 590 26799 565 7373 1 0 0 0 0 0 0 1 1 1 0 R 0
1039 26166 21472 591 21043 578 4602 1 0 1 0 0 0 0 1 1 1 0 R 0
1040 26187 20084 582 20099 555 4128 1 0 0 0 0 0 0 1 1 1 0 R 0
1041 26216 28511 1022 28536 1006 4357 1 0 0 0 0 0 0 1 1 2 0 R 0
1042 26246 28657 591 28675 566 7205 1 0 0 0 0 0 0 1 1 1 0 R 0
1043 26266 19561 587 19585 563 4257 1 0 0 0 0 0 0 1 1 1 0 R 0
1044 26288 21552 594 21582 562 4111 1 0 0 0 0 0 0 1 1 1 0 R 0
1045 26315 26123 1008 26148 989 4430 1 0 0 0 0 0 0 1 1 1 0 R 0
1046 26345 29218 811 29358 673 7541 1 0 0 0 0 0 0 1 1 1 0 R 0
1047 26366 19859 584 19875 563 4488 1 0 0 0 0 0 0 1 1 1 0 R 0
1048 26388 21648 989 21674 957 4153 1 0 0 0 0 0 0 1 1 2 0 R 0
1049 26415 25845 1349 25883 1318 4196 1 0 0 0 0 0 0 1 1 1 0 R 0
1050 26450 33612 1045 33641 1022 13875 1 0 0 0 0 0 0 1 1 1 0 R 0
1051 26474 22667 582 22685 559 6143 1 0 0 0 0 0 0 1 1 1 0 R 0
1052 26495 20925 594 20947 572 3785 1 0 0 0 0 0 0 1 1 1 0 R 0
1053 26524 28730 1117 28838 1014 5372 1 0 0 0 0 0 0 1 1 2 0 R 0
1054 26553 27091 569 27109 545 6918 1 0 0 0 0 0 0 1 1 1 0 R 0
1055 26574 20477 622 20498 602 4437 1 0 0 0 0 0 0 1 1 1 0 R 0
1056 26595 20844 569 20862 548 3834 1 0 0 0 0 0 0 1 1 1 0 R 0
1057 26620 24108 1001 24137 980 4380 1 0 0 0 0 0 0 1 1 1 0 R 0
1058 26651 29846 1909 29873 1885 7696 1 0 0 0 0 0 0 1 1 1 0 R 0
1059 26673 20335 568 20345 551 4107 1 0 0 0 0 0 0 1 1 3 0 R 0
1060 26693 19218 1702 19257 1677 4094 1 0 0 0 0 0 0 1 1 1 0 R 0
1061 26728 33613 1544 33766 1395 4964 1 0 0 0 0 0 0 1 1 3 0 R 0
1062 26758 28498 599 28512 569 7639 1 0 0 0 0 0 0 1 1 1 0 R 0
1063 26778 19875 576 19899 552 4165 1 0 0 0 0 0 0 1 1 1 0 R 0
1064 26800 21281 637 21313 607 4147 1 0 0 0 0 0 0 1 1 2 0 R 0
1065 26831 30117 1658 30150 1636 10205 1 0 0 0 0 0 0 1 1 1 0 R 0
1066 26864 31151 938 31166 919 7475 1 0 0 0 0 0 0 1 1 1 0 R 0
1067 26885 20536 642 20565 607 5104 1 0 0 0 0 0 0 1 1 1 0 R 0
1068 26907 20727 669 20769 639 4146 1 0 0 0 0 0 0 1 1 1 0 R 0
1069 26936 28786 994 28797 972 5505 1 0 0 0 0 0 0 1 1 1 0 R 0
1070 26964 26814 581 26839 553 7359 1 0 0 0 0 0 0 1 1 1 0 R 0
1071 26984 19847 580 19869 562 4220 1 0 0 0 0 0 0 1 1 2 0 R 0
1072 27007 22340 941 22365 917 3809 1 0 0 0 0 0 0 1 1 1 0 R 0
1073 27030 21801 630 21826 607 4747 1 0 0 0 0 0 0 1 1 1 0 R 0
1074 27050 19326 690 19381 632 3758 1 0 0 0 0 0 0 1 1 1 0 R 0
1075 27072 21554 930 21650 833 3940 1 0 0 0 0 0 0 1 1 1 0 R 0
1076 27094 21065 584 21092 558 4246 1 0 0 0 0 0 0 1 1 1 0 R 0
1077 27119 23739 649 23765 626 4474 1 0 0 0 0 0 0 1 1 1 0 R 0
1078 27150 30398 1112 29826 991 6547 1 0 1 0 0 0 0 1 1 2 0 R 0
1079 27174 23248 1011 23274 991 6002 1 0 0 0 0 0 0 1 1 1 0 R 0
1080 27197 22125 654 22155 637 8023 1 0 0 0 0 0 0 1 1 1 0 R 0
1081 27220 21969 1181 21976 1307 4226 1 0 0 0 0 0 0 1 1 2 0 R 0
1082 27251 30087 1500 29963 1482 7719 1 0 0 0 0 0 0 1 1 0 0 R 0
1083 27275 22762 608 22777 583 7428 1 0 0 0 0 0 0 1 1 1 0 R 0
1084 27297 20912 570 20936 547 4149 1 0 0 0 0 0 0 1 1 2 0 R 0
1085 27318 20663 581 20689 557 4246 1 0 0 0 0 0 0 1 1 1 0 R 0
1086 27348 28953 1019 28975 1006 6298 1 0 0 0 0 0 0 1 1 1 0 R 0
1087 27375 26428 613 26443 586 5610 1 0 0 0 0 0 0 1 1 1 0 R 0
1088 27395 19466 665 19509 627 4575 1 0 0 0 0 0 0 1 1 2 0 R 0
1089 27417 21020 593 21040 572 4211 1 0 0 0 0 0 0 1 1 1 0 R 0
1090 27446 28224 1005 28337 891 4862 1 0 0 0 0 0 0 1 1 1 0 R 0
1091 27474 27791 590 27814 565 7247 1 0 0 0 0 0 0 1 1 1 0 R 0
1092 27495 19900 620 19922 600 3906 1 0 0 0 0 0 0 1 1 2 0 R 0
1093 27517 21710 601 21738 573 4180 1 0 0 0 0 0 0 1 1 1 0 R 0
1094 27544 26593 1106 26714 987 4467 1 0 0 0 0 0 0 1 1 1 0 R 0
1095 27577 31508 1011 31529 1005 12795 1 0 0 0 0 0 0 1 1 1 0 R 0
1096 27598 19985 627 19995 599 4562 1 0 0 0 0 0 0 1 1 1 0 R 0
1097 27619 20676 587 20704 560 4261 1 0 0 0 0 0 0 1 1 1 0 R 0
1098 27648 27761 1023 27784 1000 4262 1 0 0 0 0 0 0 1 1 1 0 R 0
1099 27677 28420 579 28444 555 6618 1 0 0 0 0 0 0 1 1 1 0 R 0
1100 27698 19934 589 19959 564 4453 1 0 0 0 0 0 0 1 1 2 0 R 0
1101 27719 20793 979 20911 979 4074 1 0 0 0 0 0 0 1 1 1 0 R 0
1102 27748 27783 1487 27829 1447 4623 1 0 0 0 0 0 0 1 1 2 0 R 0
1103 27780 30765 1007 30668 981 6859 1 0 0 0 0 0 0 1 1 0 0 R 0
1104 27804 22562 626 22589 597 7065 1 0 0 0 0 0 0 1 1 1 0 R 0
1105 27826 21927 597 21957 569 3821 1 0 0 0 0 0 0 1 1 1 0 R 0
1106 27855 28150 1044 28175 1021 4686 1 0 0 0 0 0 0 1 1 2 0 R 0
1107 27886 29950 1325 29974 1310 7236 1 0 0 0 0 0 0 1 1 1 0 R 0
1108 27909 21548 659 21567 635 5763 1 0 0 0 0 0 0 1 1 1 0 R 0
1109 27931 21180 1141 21205 1133 3686 1 0 0 0 0 0 0 1 1 1 0 R 0
1110 27962 29825 565 29819 548 12031 1 0 0 0 0 0 0 1 1 1 0 R 0
1111 27982 19528 670 19554 643 3912 1 0 0 0 0 0 0 1 1 2 0 R 0
1112 28005 22477 587 22505 557 3775 1 0 0 0 0 1 0 1 1 1 0 R 0
1113 28027 21421 983 21537 868 3801 1 0 0 0 0 0 0 1 1 1 0 R 0
1114 28054 25920 1272 25961 1238 4458 1 0 0 0 0 0 0 1 1 1 0 R 0
1115 28085 29521 1016 29542 992 7264 1 0 0 0 0 0 0 1 1 1 0 R 0
1116 28106 20238 591 20261 567 4323 1 0 0 0 0 0 0 1 1 1 0 R 0
1117 28127 20120 2989 20187 3075 4183 1 0 0 0 0 1 0 1 1 2 0 R 0
1118 28155 25517 1025 25387 1011 3826 1 0 0 0 0 0 0 1 1 1 0 R 0
1119 28187 30908 1018 30138 997 9120 1 0 1 0 0 0 0 1 1 1 0 R 0
1120 28212 23955 618 23980 587 6040 1 0 0 0 0 0 0 1 1 1 0 R 0
1121 28234 21363 583 21389 558 3925 1 0 0 0 0 0 0 1 1 1 0 R 0
1122 28260 25940 2137 26058 2027 4195 1 0 0 0 0 0 0 1 1 2 0 R 0
1123 28292 29667 568 29681 546 7331 1 0 0 0 0 0 0 1 1 1 0 R 0
1124 28313 20064 582 20085 560 4388 1 0 0 0 0 0 0 1 1 1 0 R 0
1125 28337 23677 590 23704 564 8177 1 0 0 0 0 0 0 1 1 1 0 R 0
1126 28364 26117 988 26230 991 4498 1 0 0 0 0 0 0 1 1 1 0 R 0
1127 28392 27633 1057 27534 1049 5463 1 0 0 0 0 0 0 1 1 2 0 R 0
1128 28414 20078 576 20088 552 4089 1 0 0 0 0 0 0 1 1 1 0 R 0
1129 28435 21090 1142 21216 1028 3845 1 0 0 0 0 0 0 1 1 1 0 R 0
1130 28462 25408 1037 25419 1019 4232 1 0 0 0 0 0 0 1 1 2 0 R 0
1131 28493 30392 1009 30412 999 7840 1 0 0 0 0 0 0 1 1 1 0 R 0
1132 28514 19857 649 19871 619 3809 1 0 0 0 0 0 0 1 1 1 0 R 0
1133 28534 19099 738 19139 715 3845 1 0 0 0 0 0 0 1 1 1 0 R 0
1134 28560 25060 1029 25078 998 5419 1 0 0 0 0 0 0 1 1 1 0 R 0
1135 28590 29386 1016 29415 1010 7677 1 0 0 0 0 0 0 1 1 2 0 R 0
1136 28616 24989 612 24997 587 7638 1 0 0 0 0 0 0 1 1 1 0 R 0
1137 28637 20469 1399 20492 1388 4373 1 0 0 0 0 0 0 1 1 1 0 R 0
1138 28667 28149 879 28161 853 4644 1 0 0 0 0 0 0 1 1 1 0 R 0
1139 28698 30379 1018 30405 1001 7169 1 0 0 0 0 0 0 1 1 1 0 R 0
1140 28726 26694 587 26712 563 12724 1 0 0 0 0 0 0 1 1 1 0 R 0
1141 28747 20611 587 20629 566 4241 1 0 0 0 0 0 0 1 1 2 0 R 0
1142 28775 27223 919 27243 901 4436 1 0 0 0 0 0 0 1 1 1 0 R 0
1143 28795 19038 609 19060 586 4262 1 0 0 0 0 0 0 1 1 1 0 R 0
1144 28818 22342 590 22365 571 3815 1 0 0 0 0 0 0 1 1 1 0 R 0
1145 28839 20395 582 20415 555 4259 1 0 0 0 0 0 0 1 1 2 0 R 0
1146 28864 24632 1006 24658 981 5829 1 0 0 0 0 0 0 1 1 1 0 R 0
1147 28894 29273 986 29386 870 6953 1 0 0 0 0 0 0 1 1 1 0 R 0
1148 28921 25903 1012 25933 983 7614 1 0 0 0 0 0 0 1 1 1 0 R 0
1149 28942 19620 559 19639 540 4157 1 0 0 0 0 0 0 1 1 1 0 R 0
1150 28963 21053 1469 21088 1443 4693 1 0 0 0 0 0 0 1 1 2 0 R 0
1151 28994 29237 1014 29251 996 6576 1 0 0 0 0 0 0 1 1 1 0 R 0
1152 29017 21975 1450 21998 1474 6864 1 0 0 0 0 0 0 1 1 1 0 R 0
1153 29038 19687 574 19660 556 4215 1 0 0 0 0 0 0 1 1 1 0 R 0
1154 29059 20780 587 20803 557 4243 1 0 0 0 0 0 0 1 1 1 0 R 0
1155 29093 32979 967 33094 973 12445 1 0 0 0 0 0 0 1 1 1 0 R 0
1156 29124 30026 1144 29629 1157 6864 1 0 1 0 0 0 0 1 1 1 0 R 0
1157 29145 19870 579 19863 557 4448 1 0 0 0 0 0 0 1 1 1 0 R 0
1158 29167 21352 1430 21378 1408 5403 1 0 0 0 0 0 0 1 1 2 0 R 0
1159 29199 30384 1009 30407 984 5414 1 0 0 0 0 0 0 1 1 1 0 R 0
1160 29227 27448 600 27471 574 6513 1 0 0 0 0 0 0 1 1 1 0 R 0
1161 29248 19893 582 19916 559 4542 1 0 0 0 0 0 0 1 1 1 0 R 0
1162 29271 22782 1652 23256 1184 5460 1 0 0 0 0 0 0 1 1 1 0 R 0
1163 29296 22901 624 22922 597 7754 1 0 0 0 0 0 0 1 1 1 0 R 0
1164 29316 19275 583 19296 563 4143 1 0 0 0 0 0 0 1 1 1 0 R 0
1165 29338 21494 592 21520 564 5562 1 0 0 0 0 0 0 1 1 1 0 R 0
1166 29360 22136 594 22165 565 4243 1 0 0 0 0 0 0 1 1 2 0 R 0
1167 29387 26487 1007 26512 989 4221 1 0 0 0 0 0 0 1 1 1 0 R 0
1168 29417 28824 735 28841 718 6610 1 0 0 0 0 0 0 1 1 1 0 R 0
1169 29439 20817 584 20831 563 4414 1 0 0 0 0 0 0 1 1 1 0 R 0
1170 29465 25206 612 25231 587 7382 1 0 0 0 0 0 0 1 1 2 0 R 0
1171 29492 26518 984 26641 860 4627 1 0 0 0 0 0 0 1 1 1 0 R 0
1172 29520 27622 1848 27652 1925 6899 1 0 0 0 0 0 0 1 1 1 0 R 0
1173 29545 22834 584 22754 558 6608 1 0 0 0 0 0 0 1 1 1 0 R 0
1174 29567 21206 582 21228 560 4229 1 0 0 0 0 0 0 1 1 1 0 R 0
1175 29595 27645 1010 27760 1011 4758 1 0 0 0 0 0 0 1 1 2 0 R 0
1176 29624 27832 612 27742 589 7205 1 0 0 0 0 0 0 1 1 1 0 R 0
1177 29645 20487 643 20523 606 4149 1 0 0 0 0 0 0 1 1 1 0 R 0
1178 29668 22304 598 22331 570 4207 1 0 0 0 0 0 0 1 1 1 0 R 0
1179 29695 26298 1021 26321 1007 4321 1 0 0 0 0 0 0 1 1 1 0 R 0
1180 29726 29687 585 29703 560 7657 1 0 0 0 0 0 0 1 1 1 0 R 0
1181 29747 20695 584 20718 562 4401 1 0 0 0 0 0 0 1 1 1 0 R 0
1182 29769 21476 617 21521 571 4172 1 0 0 0 0 0 0 1 1 2 0 R 0
1183 29793 23676 1456 23825 1312 4782 1 0 0 0 0 0 0 1 1 1 0 R 0
1184 29825 30002 990 30023 970 6478 1 0 0 0 0 0 0 1 1 1 0 R 0
1185 29852 26597 568 26614 546 13346 1 0 0 0 0 0 0 1 1 1 0 R 0
1186 29874 21073 573 21093 558 3730 1 0 0 0 0 0 0 1 1 2 0 R 0
1187 29903 28695 976 28714 961 4159 1 0 0 0 0 0 0 1 1 1 0 R 0
1188 29932 27497 555 27506 537 7331 1 0 0 0 0 0 0 1 1 1 0 R 0
1189 29953 21049 612 21072 585 4124 1 0 0 0 0 0 0 1 1 1 0 R 0
1190 29975 20807 575 20837 545 3731 1 0 0 0 0 0 0 1 1 1 0 R 0
1191 30004 28913 1350 28941 1352 4666 1 0 0 0 0 0 0 1 1 2 0 R 0
1192 30035 29733 1037 29731 1013 6542 1 0 0 0 0 0 0 1 1 1 0 R 0
1193 30059 22280 620 22306 594 5974 1 0 0 0 0 0 0 1 1 1 0 R 0
1194 30081 21849 1357 21881 1332 4262 1 0 0 0 0 0 0 1 1 1 0 R 0
1195 30109 26193 1160 26304 1046 5162 1 0 0 0 0 0 0 1 1 1 0 R 0
1196 30137 27053 651 27092 617 6763 1 0 0 0 0 0 0 1 1 2 0 R 0
1197 30158 20825 584 20847 558 4436 1 0 0 0 0 0 0 1 1 1 0 R 0
1198 30179 20042 660 20070 627 4108 1 0 0 0 0 0 0 1 1 1 0 R 0
1199 30205 25301 977 25413 978 4192 1 0 0 0 0 0 0 1 1 1 0 R 0
1200 30238 32296 598 32216 572 14078 1 0 0 0 0 0 0 1 1 1 0 R 0
1201 30259 20630 583 20652 564 4731 1 0 0 0 0 0 0 1 1 1 0 R 0
1202 30282 22173 573 22201 542 3868 1 0 0 0 0 0 0 1 1 1 0 R 0
1203 30309 25953 1016 25980 998 4256 1 0 0 0 0 0 0 1 1 1 0 R 0
1204 30339 29366 1005 29544 833 6623 1 0 0 0 0 0 0 1 1 2 0 R 0
1205 30359 19415 579 19424 555 4073 1 0 0 0 0 1 0 1 1 1 0 R 0
1206 30379 19082 2752 19185 2777 3595 1 0 0 0 0 0 0 1 1 1 0 R 0
1207 30407 25162 1092 25059 1189 3966 1 0 0 0 0 0 0 1 1 2 0 R 0
1208 30438 29580 1041 29487 1017 7236 1 0 0 0 0 0 0 1 1 1 0 R 0
1209 30460 21443 598 21473 568 4022 1 0 0 0 0 0 0 1 1 1 0 R 0
1210 30480 19094 575 19113 556 3828 1 0 0 0 0 0 0 1 1 1 0 R 0
1211 30507 26731 1160 26838 1060 4394 1 0 0 0 0 0 0 1 1 1 0 R 0
1212 30537 28707 988 28812 981 7069 1 0 0 0 0 0 0 1 1 1 0 R 0
1213 30559 21310 852 21242 819 4638 1 0 0 0 0 0 0 1 1 2 0 R 0
1214 30582 21708 720 21744 683 3860 1 0 0 0 0 0 0 1 1 2 0 R 0
1215 30615 31920 1018 31936 996 10247 1 0 0 0 0 0 0 1 1 1 0 R 0
1216 30645 29614 1133 29733 1023 7199 1 0 0 0 0 0 0 1 1 1 0 R 0
1217 30666 20098 604 20113 585 4463 1 0 0 0 0 0 0 1 1 1 0 R 0
1218 30686 19339 1564 19357 1548 4149 1 0 0 0 0 0 0 1 1 2 0 R 0
1219 30716 27777 2202 27796 2202 4281 1 0 0 0 0 1 0 1 1 1 0 R 0
1220 30748 30502 1136 30503 1121 7654 1 0 0 0 0 0 0 1 1 1 0 R 0
1221 30773 23195 595 23204 575 6705 1 0 0 0 0 0 0 1 1 1 0 R 0
1222 30795 21849 588 21870 565 3831 1 0 0 0 0 0 0 1 1 1 0 R 0
1223 30823 27136 1162 27157 1263 4476 1 0 0 0 0 0 0 1 1 1 0 R 0
1224 30855 30562 1134 30556 1015 6796 1 0 0 0 0 0 0 1 1 2 0 R 0
1225 30877 21434 966 21467 939 6386 1 0 0 0 0 0 0 1 1 1 0 R 0
1226 30899 20581 593 20607 565 4315 1 0 0 0 0 0 0 1 1 1 0 R 0
1227 30927 27678 629 27704 607 4595 1 0 0 0 0 0 0 1 1 1 0 R 0
1228 30948 19919 664 19953 642 4566 1 0 0 0 0 0 0 1 1 1 0 R 0
1229 30970 21946 595 21960 570 4240 1 0 0 0 0 0 0 1 1 1 0 R 0
1230 30995 23992 1018 24013 1001 7895 1 0 0 0 0 0 0 1 1 2 0 R 0
1231 31021 25203 1707 25311 1614 4363 1 0 0 0 0 0 0 1 1 1 0 R 0
1232 31052 29451 1001 29456 973 7650 1 0 0 0 0 0 0 1 1 1 0 R 0
1233 31077 24285 853 24360 786 4159 1 0 0 0 0 0 0 1 1 2 0 R 0
1234 31103 24627 1547 24698 1480 4826 1 0 0 0 0 0 0 1 1 1 0 R 0
1235 31138 33611 1126 32765 1014 7127 1 0 1 0 0 0 0 1 1 1 0 R 0
1236 31168 28656 1062 28755 957 7086 1 0 0 0 0 0 0 1 1 2 0 R 0
1237 31190 21160 577 21190 545 4427 1 0 0 0 0 0 0 1 1 1 0 R 0
1238 31212 21782 1031 21803 1015 3841 1 0 0 0 0 0 0 1 1 1 0 R 0
1239 31244 30526 1224 30548 1218 7020 1 0 0 0 0 0 0 1 1 1 0 R 0
1240 31274 28843 653 28867 626 6573 1 0 0 0 0 0 0 1 1 3 0 R 0
1241 31294 19375 566 19379 550 3897 1 0 0 0 0 0 0 1 1 1 0 R 0
1242 31316 21575 1003 21680 1014 3834 1 0 0 0 0 0 0 1 1 1 0 R 0
1243 31349 31351 891 31256 870 7890 1 0 0 0 0 0 0 1 1 1 0 R 0
1244 31373 23180 1017 23196 1007 7027 1 0 0 0 0 0 0 1 1 1 0 R 0
1245 31396 22012 581 22028 556 8843 1 0 0 0 0 0 0 1 1 2 0 R 0
1246 31418 22218 1055 22248 1145 4171 1 0 0 0 0 0 0 1 1 1 0 R 0
1247 31450 30381 1003 30290 975 6546 1 0 0 0 0 0 0 1 1 1 0 R 0
1248 31474 23519 577 23543 553 7304 1 0 0 0 0 0 0 1 1 1 0 R 0
1249 31495 19844 564 19865 547 4262 1 0 0 0 0 0 0 1 1 1 0 R 0
1250 31517 21094 605 21113 584 3795 1 0 0 0 0 0 0 1 1 1 0 R 0
1251 31546 28969 1028 28990 1012 6439 1 0 0 0 0 0 0 1 1 1 0 R 0
1252 31573 26335 615 26354 595 6304 1 0 0 0 0 0 0 1 1 2 0 R 0
1253 31594 19858 580 19876 557 4269 1 0 0 0 0 0 0 1 1 1 0 R 0
1254 31615 20754 592 20781 568 4216 1 0 0 0 0 0 0 1 1 1 0 R 0
1255 31644 28183 1048 28204 1028 5030 1 0 0 0 0 0 0 1 1 1 0 R 0
1256 31675 29781 1303 29804 1285 6689 1 0 0 0 0 0 0 1 1 2 0 R 0
1257 31699 23055 633 23074 606 5344 1 0 0 0 0 0 0 1 1 1 0 R 0
1258 31723 22793 692 22856 638 3828 1 0 0 0 0 0 0 1 1 1 0 R 0
1259 31753 29272 990 29282 987 5659 1 0 0 0 0 0 0 1 1 1 0 R 0
1260 31785 31024 751 31077 684 14277 1 0 0 0 0 0 0 1 1 2 0 R 0
1261 31804 19023 581 19044 557 3744 1 0 0 0 0 0 0 1 1 1 0 R 0
1262 31826 21133 867 21160 840 3828 1 0 0 0 0 0 0 1 1 1 0 R 0
1263 31858 30884 1176 31005 1062 6471 1 0 0 0 0 0 0 1 1 2 0 R 0
1264 31883 23995 576 24011 557 7124 1 0 0 0 0 0 0 1 1 1 0 R 0
1265 31904 20255 597 20281 568 3872 1 0 0 0 0 0 0 1 1 1 0 R 0
1266 31926 21312 586 21343 557 3818 1 0 0 0 0 0 0 1 1 1 0 R 0
1267 31955 28579 981 28696 983 6120 1 0 0 0 0 0 0 1 1 1 0 R 0
1268 31985 29541 667 29475 617 7301 1 0 0 0 0 0 0 1 1 1 0 R 0
1269 32006 19745 556 19762 540 4210 1 0 0 0 0 0 0 1 1 1 0 R 0
1270 32027 20676 877 20705 847 4276 1 0 0 0 0 0 0 1 1 1 0 R 0
1271 32058 29623 1109 29735 999 6046 1 0 0 0 0 0 0 1 1 2 0 R 0
1272 32089 30312 1070 29503 1137 6876 1 0 1 0 0 0 0 1 1 1 0 R 0
1273 32111 20562 917 20500 896 3881 1 0 0 0 0 0 0 1 1 1 0 R 0
1274 32133 21327 579 21345 556 3663 1 0 0 0 0 0 0 1 1 1 0 R 0
1275 32167 33747 1012 33774 989 13990 1 0 0 0 0 0 0 1 1 1 0 R 0
1276 32197 28518 577 28540 552 5575 1 0 0 0 0 0 0 1 1 1 0 R 0
1277 32217 19354 592 19382 567 4512 1 0 0 0 0 0 0 1 1 1 0 R 0
1278 32241 23481 1565 23506 1666 5856 1 0 0 0 0 0 0 1 1 2 0 R 0
1279 32273 30877 1192 30772 1183 8042 1 0 0 0 0 0 0 1 1 1 0 R 0
1280 32297 22301 589 22314 562 6930 1 0 0 0 0 0 0 1 1 1 0 R 0
1281 32317 19445 562 19466 540 4232 1 0 0 0 0 0 0 1 1 1 0 R 0
1282 32339 22016 1012 22044 995 4075 1 0 0 0 0 0 0 1 1 1 0 R 0
1283 32370 29840 1543 29859 1543 7594 1 0 0 0 0 0 0 1 1 2 0 R 0
1284 32395 23045 625 23043 600 7677 1 0 0 0 0 0 0 1 1 0 0 R 0
1285 32416 20393 773 20449 722 4389 1 0 0 0 0 0 0 1 1 1 0 R 0
1286 32437 20776 1029 20888 921 4077 1 0 0 0 0 0 0 1 1 3 0 R 0
1287 32468 29705 1199 29813 1093 6221 1 0 0 0 0 0 0 1 1 1 0 R 0
1288 32495 25525 580 25539 557 6641 1 0 0 0 0 0 0 1 1 1 0 R 0
1289 32515 19849 699 19889 668 4927 1 0 0 0 0 0 0 1 1 1 0 R 0
1290 32540 23746 804 23763 777 8454 1 0 0 0 0 0 0 1 1 1 0 R 0
1291 32569 28483 1036 28512 1007 5731 1 0 0 0 0 0 0 1 1 1 0 R 0
1292 32600 30029 952 30058 929 6836 1 0 0 0 0 0 0 1 1 1 0 R 0
1293 32623 22099 579 22121 552 4302 1 0 0 0 0 0 0 1 1 1 0 R 0
1294 32645 21403 959 21464 900 3881 1 0 0 0 0 0 0 1 1 2 0 R 0
1295 32677 30473 1015 30495 1589 7284 1 0 0 0 0 0 0 1 1 1 0 R 0
1296 32702 24353 598 23778 577 7327 1 0 0 0 0 0 0 1 1 1 0 R 0
1297 32723 20131 598 20150 578 3817 1 0 0 0 0 0 0 1 1 1 0 R 0
1298 32746 22699 921 22834 800 3825 1 0 0 0 0 1 0 1 1 1 0 R 0
1299 32777 30024 1213 30036 1324 6381 1 0 0 0 0 0 0 1 1 2 0 R 0
1300 32804 25495 589 25384 561 6669 1 0 0 0 0 0 0 1 1 1 0 R 0
1301 32824 20025 572 20049 555 4216 1 0 0 0 0 0 0 1 1 1 0 R 0
1302 32846 20968 578 20986 556 3782 1 0 0 0 0 0 0 1 1 1 0 R 0
1303 32876 29309 977 29331 962 5473 1 0 0 0 0 0 0 1 1 1 0 R 0
1304 32907 30681 974 30702 953 6714 1 0 0 0 0 0 0 1 1 2 0 R 0
1305 32933 24264 604 24278 586 9913 1 0 0 0 0 0 0 1 1 1 0 R 0
1306 32956 23116 600 23138 574 3806 1 0 0 0 0 0 0 1 1 1 0 R 0
1307 32986 29356 1191 29480 1074 7291 1 0 0 0 0 0 0 1 1 1 0 R 0
1308 33010 22739 602 22766 577 7442 1 0 0 0 0 0 0 1 1 1 0 R 0
1309 33031 19789 566 19808 542 3872 1 0 0 0 0 0 0 1 1 1 0 R 0
1310 33052 20508 586 20535 560 3846 1 0 0 0 0 0 0 1 1 1 0 R 0
1311 33076 24221 1031 24244 1009 3814 1 0 0 0 0 0 0 1 1 2 0 R 0
1312 33107 29831 1055 29878 1017 7038 1 0 0 0 0 0 0 1 1 1 0 R 0
1313 33133 24221 580 23721 558 6054 1 0 1 0 0 0 0 1 1 1 0 R 0
1314 33154 21007 831 21027 810 3793 1 0 0 0 0 0 0 1 1 2 0 R 0
1315 33184 28798 991 28914 874 5055 1 0 0 0 0 0 0 1 1 1 0 R 0
1316 33210 25303 628 25332 601 7018 1 0 0 0 0 0 0 1 1 1 0 R 0
1317 33230 19681 581 19705 561 4284 1 0 0 0 0 0 0 1 1 1 0 R 0
1318 33253 21716 578 21734 557 3840 1 0 0 0 0 0 0 1 1 1 0 R 0
1319 33279 26207 1009 26233 986 4256 1 0 0 0 0 0 0 1 1 1 0 R 0
1320 33313 32132 618 32152 594 12900 1 0 0 0 0 0 0 1 1 1 0 R 0
1321 33333 19899 572 19918 554 4261 1 0 0 0 0 0 0 1 1 1 0 R 0
1322 33354 20736 614 20759 588 4201 1 0 0 0 0 0 0 1 1 1 0 R 0
1323 33381 26006 1517 26129 1520 4077 1 0 0 0 0 0 0 1 1 1 0 R 0
1324 33413 30406 986 30398 868 7457 1 0 0 0 0 0 0 1 1 2 0 R 0
1325 33435 21481 635 21513 608 7088 1 0 0 0 0 0 0 1 1 1 0 R 0
1326 33457 21303 591 21328 562 4138 1 0 0 0 0 0 0 1 1 1 0 R 0
1327 33486 27726 1045 27751 1032 4716 1 0 0 0 0 0 0 1 1 1 0 R 0
1328 33513 26191 920 26201 904 4807 1 0 0 0 0 0 0 1 1 2 0 R 0
1329 33534 20365 584 20384 561 4382 1 0 0 0 0 0 0 1 1 1 0 R 0
1330 33556 21190 600 21218 570 3776 1 0 0 0 0 0 0 1 1 1 0 R 0
1331 33581 24134 1881 24164 1869 4216 1 0 0 0 0 0 0 1 1 1 0 R 0
1332 33611 28545 1628 29156 1012 6542 1 0 0 0 0 0 0 1 1 1 0 R 0
1333 33636 23489 662 23502 638 7571 1 0 0 0 0 0 0 1 1 2 0 R 0
1334 33657 20340 836 20363 812 4168 1 0 0 0 0 0 0 1 1 1 0 R 0
1335 33685 27207 633 27234 609 10282 1 0 0 0 0 0 0 1 1 1 0 R 0
1336 33707 20622 616 20648 589 4371 1 0 0 0 0 0 0 1 1 2 0 R 0
1337 33729 21611 779 21638 757 4224 1 0 0 0 0 0 0 1 1 1 0 R 0
1338 33750 20349 578 20372 554 3822 1 0 0 0 0 0 0 1 1 1 0 R 0
1339 33772 21803 971 21908 865 3770 1 0 0 0 0 0 0 1 1 2 0 R 0
1340 33802 29198 1065 29220 1046 7514 1 0 0 0 0 0 0 1 1 1 0 R 0
1341 33827 23756 590 23778 562 7378 1 0 0 0 0 0 0 1 1 0 0 R 0
1342 33847 19060 1039 19087 1037 4495 1 0 0 0 0 0 0 1 1 1 0 R 0
1343 33869 21364 590 21368 564 4256 1 0 0 0 0 0 0 1 1 1 0 R 0
1344 33899 28624 1027 28739 912 5327 1 0 0 0 0 0 0 1 1 2 0 R 0
1345 33926 26862 614 26892 582 6771 1 0 0 0 0 0 0 1 1 1 0 R 0
1346 33948 20825 571 20852 546 4580 1 0 0 0 0 0 0 1 1 1 0 R 0
1347 33969 20765 600 20793 572 4213 1 0 0 0 0 0 0 1 1 1 0 R 0
1348 33997 27581 1012 27693 908 4191 1 0 0 0 0 0 0 1 1 1 0 R 0
1349 34029 30509 1006 30529 982 5787 1 0 0 0 0 0 0 1 1 3 0 R 0
1350 34054 24208 603 24225 586 11298 1 0 0 0 0 0 0 1 1 1 0 R 0
1351 34077 21959 577 21977 556 4269 1 0 0 0 0 0 0 1 1 1 0 R 0
1352 34106 29074 1006 28513 980 8717 1 0 1 0 0 0 0 1 1 1 0 R 0
1353 34133 25821 576 25843 557 6993 1 0 0 0 0 0 0 1 1 1 0 R 0
1354 34154 20244 598 20262 579 4145 1 0 0 0 0 0 0 1 1 1 0 R 0
1355 34176 21499 603 21525 577 3905 1 0 0 0 0 0 0 1 1 1 0 R 0
1356 34206 28867 1001 28890 979 4825 1 0 0 0 0 0 0 1 1 2 0 R 0
1357 34234 27745 589 27772 563 6603 1 0 0 0 0 0 0 1 1 1 0 R 0
1358 34255 20080 566 20100 546 4835 1 0 0 0 0 0 0 1 1 1 0 R 0
1359 34276 20680 597 20704 573 4365 1 0 0 0 0 0 0 1 1 1 0 R 0
1360 34304 27406 1112 27520 1004 4502 1 0 0 0 0 0 0 1 1 1 0 R 0
1361 34334 28949 581 28967 557 7255 1 0 0 0 0 0 0 1 1 2 0 R 0
1362 34355 20224 581 20243 561 3962 1 0 0 0 0 0 0 1 1 1 0 R 0
1363 34376 20746 677 20768 652 4171 1 0 0 0 0 0 0 1 1 1 0 R 0
1364 34403 25575 1304 25611 1276 4753 1 0 0 0 0 0 0 1 1 1 0 R 0
1365 34434 29982 1018 29999 1006 12906 1 0 0 0 0 0 0 1 1 1 0 R 0
1366 34455 19591 586 19605 558 3950 1 0 0 0 0 0 0 1 1 1 0 R 0
1367 34475 19441 567 19468 546 3841 1 0 0 0 0 0 0 1 1 1 0 R 0
1368 34501 25393 2395 25419 2402 4315 1 0 0 0 0 0 0 1 1 2 0 R 0
1369 34531 27786 1614 27865 1513 7286 1 0 0 0 0 0 0 1 1 1 0 R 0
1370 34554 21240 648 21252 620 4620 1 0 0 0 0 0 0 1 1 1 0 R 0
1371 34574 19979 581 20004 560 3886 1 0 0 0 0 0 0 1 1 1 0 R 0
1372 34598 23675 1017 23802 994 5969 1 0 0 0 0 0 0 1 1 2 0 R 0
1373 34629 29643 1027 29565 1005 6660 1 0 0 0 0 0 0 1 1 1 0 R 0
1374 34654 23538 605 23554 586 5778 1 0 0 0 0 0 0 1 1 1 0 R 0
1375 34674 19950 841 19987 815 4307 1 0 0 0 0 0 0 1 1 1 0 R 0
1376 34704 28579 1213 28714 1066 5516 1 0 0 0 0 0 0 1 1 3 0 R 0
1377 34731 25848 1964 25882 1941 7605 1 0 0 0 0 0 0 1 1 1 0 R 0
1378 34758 24858 598 24879 569 7734 1 0 0 0 0 0 0 1 1 1 0 R 0
1379 34780 22114 602 22142 574 4534 1 0 0 0 0 0 0 1 1 2 0 R 0
1380 34806 24993 594 25016 570 9669 1 0 0 0 0 0 0 1 1 1 0 R 0
1381 34827 20068 807 20091 789 4762 1 0 0 0 0 0 0 1 1 1 0 R 0
1382 34850 22770 589 22794 562 4748 1 0 0 0 0 0 0 1 1 2 0 R 0
1383 34871 19994 996 20018 991 4158 1 0 0 0 0 0 0 1 1 1 0 R 0
1384 34893 20894 563 20894 542 4031 1 0 0 0 0 0 0 1 1 1 0 R 0
1385 34919 26016 883 26042 857 4041 1 0 0 0 0 0 0 1 1 2 0 R 0
1386 34947 27387 665 27434 628 6841 1 0 0 0 0 0 0 1 1 1 0 R 0
1387 34968 20227 572 20242 550 4414 1 0 0 0 0 0 0 1 1 1 0 R 0
1388 34990 20963 1135 21081 1026 4167 1 0 0 0 0 0 0 1 1 1 0 R 0
1389 35017 25738 1450 25753 1428 4216 1 0 0 0 0 0 0 1 1 1 0 R 0
1390 35047 28813 999 28926 879 6708 1 0 0 0 0 0 0 1 1 1 0 R 0
1391 35073 24847 663 24874 637 6040 1 0 0 0 0 1 0 1 1 2 0 R 0
1392 35095 21629 575 21652 554 4029 1 0 0 0 0 0 0 1 1 1 0 R 0
1393 35127 31013 1115 30747 994 4738 1 0 1 0 0 0 0 1 1 1 0 R 0
1394 35158 30269 950 30292 929 7504 1 0 0 0 0 0 0 1 1 2 0 R 0
1395 35184 24765 577 24783 557 11373 1 0 0 0 0 0 0 1 1 1 0 R 0
1396 35208 23306 995 23324 977 3849 1 0 0 0 0 0 0 1 1 1 0 R 0
1397 35233 24084 571 24103 549 6671 1 0 0 0 0 0 0 1 1 1 0 R 0
1398 35252 18694 588 18713 570 3781 1 0 0 0 0 0 0 1 1 2 0 R 0
1399 35276 22956 728 22992 693 3862 1 0 0 0 0 0 0 1 1 1 0 R 0
1400 35297 21104 1147 21155 1094 4322 1 0 0 0 0 0 0 1 1 1 0 R 0
1401 35325 26205 1052 26259 1007 4421 1 0 0 0 0 0 0 1 1 1 0 R 0
1402 35356 29851 1071 29870 1067 6501 1 0 0 0 0 0 0 1 1 1 0 R 0
1403 35376 19288 641 19288 619 4476 1 0 0 0 0 0 0 1 1 1 0 R 0
1404 35396 19729 594 19752 1623 4193 1 0 0 0 0 0 0 1 1 2 0 R 0
1405 35422 25266 867 24232 977 4230 1 0 0 0 0 0 0 1 1 1 0 R 0
1406 35450 27253 1048 27154 1027 7261 1 0 0 0 0 0 0 1 1 1 0 R 0
1407 35474 22308 741 22339 708 5645 1 0 0 0 0 0 0 1 1 1 0 R 0
1408 35494 18992 635 19024 603 3976 1 0 0 0 0 0 0 1 1 1 0 R 0
1409 35516 22231 1122 22337 1016 4848 1 0 0 0 0 0 0 1 1 1 0 R 0
1410 35551 33616 1555 34148 1028 13575 1 0 0 0 0 0 0 1 1 2 0 R 0
1411 35575 22222 583 22237 563 7312 1 0 0 0 0 0 0 1 1 1 0 R 0
1412 35594 18995 684 19020 659 3813 1 0 0 0 0 0 0 1 1 1 0 R 0
1413 35619 23381 1266 23402 1251 5092 1 0 0 0 0 0 0 1 1 1 0 R 0
1414 35648 28418 1029 28438 999 6733 1 0 0 0 0 0 0 1 1 1 0 R 0
1415 35673 23247 572 23269 548 5487 1 0 0 0 0 0 0 1 1 1 0 R 0
1416 35694 21357 564 21379 542 4357 1 0 0 0 0 0 0 1 1 2 0 R 0
1417 35716 20985 644 21013 615 3850 1 0 0 0 0 0 0 1 1 1 0 R 0
1418 35746 29527 1194 29552 1185 6906 1 0 0 0 0 0 0 1 1 1 0 R 0
1419 35773 25269 574 25277 558 6182 1 0 0 0 0 0 0 1 1 1 0 R 0
1420 35793 19409 574 19424 553 4178 1 0 0 0 0 0 0 1 1 1 0 R 0
1421 35814 20545 651 20582 619 3883 1 0 0 0 0 0 0 1 1 1 0 R 0
1422 35841 26205 1281 26226 1283 4257 1 0 0 0 0 0 0 1 1 1 0 R 0
1423 35873 30838 1505 30922 1404 8020 1 0 0 0 0 0 0 1 1 1 0 R 0
1424 35896 21712 588 21729 566 5838 1 0 0 0 0 0 0 1 1 1 0 R 0
1425 35922 24981 602 25002 577 8110 1 0 0 0 0 0 0 1 1 2 0 R 0
1426 35950 27982 1031 28104 917 7382 1 0 0 0 0 0 0 1 1 1 0 R 0
1427 35981 29762 1397 29977 1176 7777 1 0 0 0 0 0 0 1 1 2 0 R 0
1428 36002 20131 591 20155 562 3770 1 0 0 0 0 0 0 1 1 1 0 R 0
1429 36025 21627 982 21658 959 4264 1 0 0 0 0 0 0 1 1 1 0 R 0
1430 36050 24668 587 24693 558 6431 1 0 0 0 0 0 0 1 1 1 0 R 0
1431 36071 19826 1006 19859 979 4313 1 0 0 0 0 0 0 1 1 1 0 R 0
1432 36095 22983 622 22004 597 3869 1 0 1 0 0 0 0 1 1 2 0 R 0
1433 36117 22134 661 22157 636 4180 1 0 0 0 0 0 0 1 1 1 0 R 0
1434 36143 25203 779 25228 755 4661 1 0 0 0 0 0 0 1 1 1 0 R 0
1435 36173 29177 1056 29213 1019 6283 1 0 0 0 0 0 0 1 1 1 0 R 0
1436 36195 20310 589 20341 561 3747 1 0 0 0 0 0 0 1 1 1 0 R 0
1437 36215 19636 576 19660 553 3855 1 0 0 0 0 0 0 1 1 2 0 R 0
1438 36244 28222 1028 28244 1015 5077 1 0 0 0 0 0 0 1 1 1 0 R 0
1439 36274 28817 1167 28926 1053 7215 1 0 0 0 0 0 0 1 1 1 0 R 0
1440 36299 24359 587 24379 567 9224 1 0 0 0 0 0 0 1 1 1 0 R 0
1441 36321 20917 1464 20939 1441 3804 1 0 0 0 0 0 0 1 1 1 0 R 0
1442 36347 24890 1016 24909 993 3889 1 0 0 0 0 0 0 1 1 2 0 R 0
1443 36378 30020 1032 30046 1015 7178 1 0 0 0 0 0 0 1 1 1 0 R 0
1444 36400 20860 576 20877 554 3667 1 0 0 0 0 0 0 1 1 1 0 R 0
1445 36419 18930 611 18949 594 3861 1 0 0 0 0 0 0 1 1 1 0 R 0
1446 36445 24861 1005 24881 986 3960 1 0 0 0 0 0 0 1 1 1 0 R 0
1447 36477 31059 1410 31195 1279 6105 1 0 0 0 0 0 0 1 1 2 0 R 0
1448 36500 21302 586 21322 559 4270 1 0 0 0 0 0 0 1 1 1 0 R 0
1449 36520 19733 566 19758 543 3871 1 0 0 0 0 0 0 1 1 1 0 R 0
1450 36544 23259 1012 23379 1016 5665 1 0 0 0 0 0 0 1 1 1 0 R 0
1451 36573 28603 1004 28592 1002 7723 1 0 0 0 0 0 0 1 1 2 0 R 0
1452 36597 22471 589 22386 566 6494 1 0 0 0 0 0 0 1 1 0 0 R 0
1453 36617 19543 579 19560 560 4322 1 0 0 0 0 0 0 1 1 1 0 R 0
1454 36639 21068 587 21093 565 4161 1 0 0 0 0 0 0 1 1 1 0 R 0
1455 36673 34020 994 34034 978 13638 1 0 0 0 0 0 0 1 1 2 0 R 0
1456 36702 27583 780 27600 870 7658 1 0 0 0 0 0 0 1 1 1 0 R 0
1457 36722 19493 653 19434 606 3889 1 0 0 0 0 0 0 1 1 2 0 R 0
1458 36747 24222 929 24243 908 5080 1 0 0 0 0 0 0 1 1 1 0 R 0
1459 36777 28871 1010 28892 986 7517 1 0 0 0 0 0 0 1 1 1 0 R 0
1460 36805 27572 734 27599 712 7210 1 0 0 0 0 0 0 1 1 1 0 R 0
1461 36826 19869 577 19889 555 4491 1 0 0 0 0 0 0 1 1 1 0 R 0
1462 36850 23651 1524 23680 1525 5836 1 0 0 0 0 0 0 1 1 2 0 R 0
1463 36873 21768 663 21780 623 7672 1 0 0 0 0 0 0 1 1 0 0 R 0
1464 36893 19380 571 19400 547 3812 1 0 0 0 0 0 0 1 1 2 0 R 0
1465 36916 22229 615 22255 589 5097 1 0 0 0 0 0 0 1 1 1 0 R 0
1466 36938 21035 599 21065 568 4115 1 0 0 0 0 0 0 1 1 1 0 R 0
1467 36964 25294 980 25415 863 4219 1 0 0 0 0 0 0 1 1 1 0 R 0
1468 36993 28295 995 28411 879 7145 1 0 0 0 0 0 0 1 1 2 0 R 0
1469 37015 21285 609 21307 588 4396 1 0 0 0 0 0 0 1 1 1 0 R 0
1470 37040 24287 599 24312 571 7914 1 0 0 0 0 0 0 1 1 1 0 R 0
1471 37069 27855 1209 27978 1098 4347 1 0 0 0 0 0 0 1 1 1 0 R 0
1472 37102 32304 1313 32316 1304 5870 1 0 0 0 0 0 0 1 1 2 0 R 0
1473 37125 21441 599 21458 568 5690 1 0 0 0 0 0 0 1 1 1 0 R 0
1474 37146 20465 605 20492 578 4184 1 0 0 0 0 0 0 1 1 1 0 R 0
1475 37175 27853 756 27878 870 5079 1 0 0 0 0 0 0 1 1 1 0 R 0
1476 37203 27588 683 27505 630 7088 1 0 0 0 0 0 0 1 1 1 0 R 0
1477 37223 19586 679 19617 645 3882 1 0 0 0 0 0 0 1 1 1 0 R 0
1478 37245 21105 586 21134 559 3800 1 0 0 0 0 0 0 1 1 1 0 R 0
1479 37272 26667 997 26688 979 4209 1 0 0 0 0 0 0 1 1 1 0 R 0
1480 37304 30454 579 30480 549 7264 1 0 0 0 0 0 0 1 1 1 0 R 0
1481 37324 20115 628 20144 601 4110 1 0 0 0 0 0 0 1 1 2 0 R 0
1482 37346 21202 684 21231 654 4241 1 0 0 0 0 0 0 1 1 1 0 R 0
1483 37373 26460 998 26485 982 4442 1 0 0 0 0 0 0 1 1 1 0 R 0
1484 37404 29386 1082 29406 1065 7514 1 0 0 0 0 0 0 1 1 1 0 R 0
1485 37427 22136 582 22149 563 8942 1 0 0 0 0 0 0 1 1 1 0 R 0
1486 37449 21729 663 21816 575 4199 1 0 0 0 0 0 0 1 1 1 0 R 0
1487 37476 25916 934 25935 917 4247 1 0 0 0 0 0 0 1 1 2 0 R 0
1488 37508 30781 596 30805 570 7329 1 0 0 0 0 0 0 1 1 1 0 R 0
1489 37530 21619 598 21650 565 4468 1 0 0 0 0 0 0 1 1 1 0 R 0
1490 37552 22034 578 22058 554 3669 1 0 0 0 0 0 0 1 1 1 0 R 0
1491 37579 25779 1029 25809 1009 3843 1 0 0 0 0 0 0 1 1 1 0 R 0
1492 37604 24091 612 24109 582 6477 1 0 0 0 0 0 0 1 1 1 0 R 0
1493 37628 23577 820 23611 793 4340 1 0 0 0 0 0 0 1 1 1 0 R 0
1494 37649 19917 585 19939 556 4342 1 0 0 0 0 0 0 1 1 2 0 R 0
1495 37678 28736 1004 28859 1273 5007 1 0 0 0 0 0 0 1 1 1 0 R 0
1496 37709 29779 1005 29418 983 6579 1 0 0 0 0 0 0 1 1 1 0 R 0
1497 37732 22035 572 22050 552 3687 1 0 0 0 0 0 0 1 1 2 0 R 0
1498 37751 18557 933 18585 907 3811 1 0 0 0 0 0 0 1 1 1 0 R 0
1499 37778 25919 1148 26032 1030 3988 1 0 0 0 0 0 0 1 1 1 0 R 0
