# swapstamp frames 1500 skip 300 peer 647
# f t_ms gap_us swap_us crend_us cswap_us clr_us nclr vcs_r ivcs_r vcs_s ivcs_s minf majf cpu0 cpu1 pticks pcpu pstate ctr
0 0 23084 570 22389 551 7029 1 0 4 0 0 0 0 0 0 0 1 R 0
1 21 20965 615 20987 590 4354 1 0 0 0 0 0 0 0 0 1 1 R 0
2 41 19457 575 19480 552 4085 1 0 0 0 0 0 0 0 0 1 1 R 0
3 61 19252 667 19294 633 3528 1 0 0 0 0 0 0 0 0 2 1 R 0
4 83 20933 741 20093 695 5637 1 0 4 0 0 0 0 0 0 1 1 R 0
5 105 21666 572 21682 892 3953 1 0 0 0 0 0 0 0 0 2 1 R 0
6 125 19263 594 18946 571 3926 1 0 0 0 0 0 0 0 0 0 1 R 0
7 150 24672 569 22533 545 3618 1 0 5 0 0 0 0 0 0 3 1 R 0
8 168 17776 769 17858 707 3770 1 0 0 0 0 0 0 0 0 2 1 R 0
9 190 20576 690 20599 655 4919 1 0 0 0 0 0 0 0 0 2 1 R 0
10 214 23843 585 22359 563 5154 1 0 4 0 0 0 0 0 0 1 1 R 0
11 235 20262 964 20286 946 3774 1 0 0 0 0 0 0 0 0 1 1 R 0
12 254 17576 740 17622 694 3122 1 0 0 0 0 0 0 0 0 2 1 R 0
13 275 20297 677 20344 622 4261 1 0 0 0 0 0 0 0 0 1 1 R 0
14 299 23420 585 22107 562 4178 1 0 4 0 0 0 0 0 0 3 1 R 0
15 323 23792 573 23819 537 8237 1 0 0 0 0 0 0 0 0 1 1 R 0
16 345 21530 2757 20467 1931 5944 1 0 1 0 4 0 0 0 0 0 1 R 0
17 369 20656 665 20311 632 3282 1 0 0 0 0 0 0 0 0 3 1 R 0
18 388 18841 729 18859 712 3150 1 0 0 0 0 0 0 0 0 2 1 R 0
19 411 21663 589 21669 567 4874 1 0 0 0 0 0 0 0 0 1 1 R 0
20 433 21773 591 20764 564 6043 1 0 4 0 0 0 0 0 0 1 1 R 0
21 454 20274 737 20307 728 4234 1 0 0 0 0 0 0 0 0 2 1 R 0
22 473 18524 695 18552 652 3128 1 0 0 0 0 0 0 0 0 1 1 R 0
23 498 24202 562 23104 535 3474 1 0 4 0 0 0 0 0 0 1 1 R 0
24 518 19807 593 19834 572 4182 1 0 0 0 0 0 0 0 0 1 1 R 0
25 541 22408 584 20886 559 3754 1 0 1 0 0 0 0 0 0 3 1 R 0
26 563 21299 1007 19867 978 3670 1 0 4 0 0 0 0 0 0 1 1 R 0
27 583 19132 684 19138 656 3136 1 0 0 0 0 0 0 0 0 2 1 R 0
28 604 20145 582 20158 557 3681 1 0 0 0 0 0 0 0 0 1 1 R 0
29 627 21756 1499 21774 891 3743 1 0 1 0 3 0 0 0 0 1 1 R 0
30 652 23953 581 23677 560 7925 1 0 0 0 0 0 0 0 0 2 1 R 0
31 672 19314 671 19369 618 3551 1 0 0 0 0 0 0 0 0 1 1 R 0
32 691 18540 763 18614 693 3614 1 0 0 0 0 0 0 0 0 2 1 R 0
33 715 23399 908 22547 886 5932 1 0 4 0 0 0 0 0 0 2 1 R 0
34 737 21295 612 19753 591 4197 1 0 1 0 0 0 0 0 0 1 1 R 0
35 759 21192 559 21212 534 3288 1 0 0 0 0 0 0 0 0 2 1 R 0
36 781 21432 938 20405 902 3103 1 0 4 0 0 0 0 0 0 2 1 R 0
37 802 20041 778 20119 690 3721 1 0 0 0 0 0 0 0 0 1 1 R 0
38 823 20327 584 20351 563 4274 1 0 0 0 0 0 0 0 0 2 1 R 0
39 848 24057 587 22512 560 3829 1 0 4 0 0 0 0 0 0 1 1 R 0
40 867 18355 668 18411 626 3305 1 0 0 0 0 0 0 0 0 1 1 R 0
41 888 20378 645 20416 595 3489 1 0 0 0 0 0 0 0 0 3 1 R 0
42 913 23920 569 22361 553 3219 1 0 5 0 0 0 0 0 0 1 1 R 0
43 935 21786 1349 20975 1326 4185 1 0 1 0 0 0 0 0 0 0 1 R 0
44 958 21236 752 21263 719 3438 1 0 0 0 0 0 0 0 0 2 1 R 0
45 983 24552 568 23215 545 6473 1 0 4 0 0 0 0 0 0 3 1 R 0
46 1002 19093 684 19142 641 3250 1 0 0 0 0 0 0 0 0 2 1 R 0
47 1025 21532 594 21554 570 3722 1 0 0 0 0 0 0 0 0 0 1 R 0
48 1045 19763 2217 19785 1826 3957 1 0 0 0 3 0 0 0 0 3 1 R 0
49 1071 23990 786 22703 747 3709 1 0 2 0 0 0 0 0 0 1 1 R 0
50 1091 19098 715 18839 687 4459 1 0 1 0 0 0 0 0 0 2 1 R 0
51 1112 20029 686 20061 646 3935 1 0 0 0 0 0 0 0 0 1 1 R 0
52 1136 23812 652 21846 634 6300 1 0 5 0 0 0 0 0 0 2 1 R 0
53 1157 20398 558 20421 534 3601 1 0 0 0 0 0 0 0 0 1 1 R 0
54 1176 18306 664 18350 630 3195 1 0 0 0 0 0 0 0 0 2 1 R 0
55 1201 23998 573 22998 545 4255 1 0 4 0 0 0 0 0 0 1 1 R 0
56 1220 18205 916 18242 898 3485 1 0 0 0 0 0 0 0 0 2 1 R 0
57 1242 21625 579 21632 550 4689 1 0 0 0 0 0 0 0 0 1 1 R 0
58 1265 22139 918 20526 905 3936 1 0 4 0 0 0 0 0 0 2 1 R 0
59 1285 18911 676 18938 1266 3455 1 0 0 0 0 0 0 0 0 2 1 R 0
60 1309 23624 583 23017 556 8936 1 0 0 0 0 0 0 0 0 1 1 R 0
61 1332 22300 574 21085 554 3252 1 0 4 0 0 0 0 0 0 1 1 R 0
62 1354 21400 588 20342 561 4114 1 0 1 0 0 0 0 0 0 1 1 R 0
63 1375 20597 938 20623 914 3574 1 0 0 0 0 0 0 0 0 2 1 R 0
64 1393 17261 770 17340 698 3222 1 0 0 0 0 0 0 0 0 1 1 R 0
65 1419 24693 549 23123 525 5174 1 0 4 0 0 0 0 0 0 2 1 R 0
66 1439 19635 816 19671 793 4395 1 0 0 0 0 1 0 0 0 1 1 R 0
67 1460 20241 575 20252 551 3719 1 0 0 0 0 0 0 0 0 1 1 R 0
68 1482 21082 635 20135 565 5745 1 0 4 0 0 0 0 0 0 2 1 R 0
69 1501 18696 680 18741 637 3736 1 0 0 0 0 0 0 0 0 2 1 R 0
70 1522 20278 652 20311 616 3980 1 0 0 0 0 0 0 0 0 1 1 R 0
71 1547 24370 558 21965 536 4203 1 0 4 0 0 0 0 0 0 2 1 R 0
72 1569 21599 2439 21964 1441 3478 1 0 1 0 0 0 0 0 0 1 1 R 0
73 1592 20245 659 19716 642 3642 1 0 1 0 0 0 0 0 0 2 1 R 0
74 1615 22395 1609 20834 1581 3933 1 0 5 0 0 0 0 0 0 2 1 R 0
75 1641 23961 834 24012 774 6428 1 0 0 0 0 0 0 0 0 1 1 R 0
76 1661 19690 572 19719 542 4377 1 0 0 0 0 0 0 0 0 1 1 R 0
77 1684 22723 731 21356 685 3788 1 0 4 0 0 0 0 0 0 2 1 R 0
78 1703 17438 703 17498 644 3089 1 0 0 0 0 0 0 0 0 2 1 R 0
79 1725 21426 1672 21522 1635 3233 1 0 0 0 0 0 0 0 0 1 1 R 0
80 1747 20727 1527 19621 902 3958 1 0 2 0 3 0 0 0 0 1 1 R 0
81 1771 22366 567 22005 543 3985 1 0 0 0 0 0 0 0 0 2 1 R 0
82 1790 18606 766 18650 732 3930 1 0 0 0 0 0 0 0 0 1 1 R 0
83 1810 19444 695 19487 655 3576 1 0 0 0 0 0 0 0 0 2 1 R 0
84 1833 21570 598 20551 572 5577 1 0 4 0 0 0 0 0 0 2 1 R 0
85 1854 20573 627 20603 610 4466 1 0 0 0 0 0 0 0 0 1 1 R 0
86 1874 19207 573 19220 544 3432 1 0 0 0 0 0 0 0 0 1 1 R 0
87 1898 23925 712 22681 677 3105 1 0 4 0 0 0 0 0 0 2 1 R 0
88 1918 18812 661 18846 647 3284 1 0 0 0 0 1 0 0 0 1 1 R 0
89 1945 26855 1019 22814 1006 3759 1 0 1 0 0 0 0 0 0 2 1 R 0
90 1974 28060 836 23554 770 15491 1 0 5 0 0 0 0 0 0 1 1 R 0
91 1994 18620 691 18676 652 3080 1 0 0 0 0 0 0 0 0 2 1 R 0
92 2014 19748 674 19774 658 3079 1 0 0 0 0 0 0 0 0 2 1 R 0
93 2040 24798 1231 23365 1217 3773 1 0 4 0 0 1 0 0 0 2 1 R 0
94 2060 19558 595 19573 569 4309 1 0 0 0 0 0 0 0 0 1 1 R 0
95 2082 21372 580 21397 555 3891 1 0 0 0 0 0 0 0 0 1 1 R 0
96 2104 21052 781 19528 756 3677 1 0 4 0 0 0 0 0 0 2 1 R 0
97 2127 22024 554 22021 528 3641 1 0 0 0 0 0 0 0 0 2 1 R 0
98 2148 20964 578 19388 554 3244 1 0 1 0 0 0 0 0 0 1 1 R 0
99 2172 23461 564 22699 545 4021 1 0 4 0 0 0 0 0 0 1 1 R 0
100 2192 19128 793 19189 728 4065 1 0 0 0 0 0 0 0 0 2 1 R 0
101 2212 19018 664 19053 632 3729 1 0 0 0 0 0 0 0 0 1 1 R 0
102 2231 18348 703 18395 659 4094 1 0 0 0 0 0 0 0 0 2 1 R 0
103 2255 23603 1087 22444 1071 7042 1 0 4 0 0 0 0 0 0 1 1 R 0
104 2275 19120 1020 19137 1003 3968 1 0 0 0 0 0 0 0 0 1 1 R 0
105 2300 23547 568 23559 541 6581 1 0 0 0 0 0 0 0 0 2 1 R 0
106 2323 22084 579 20927 554 4663 1 0 4 0 0 0 0 0 0 2 1 R 0
107 2346 22724 534 20896 520 3605 1 0 1 0 0 0 0 0 0 1 1 R 0
108 2365 18813 989 18839 974 3944 1 0 0 0 0 0 0 0 0 1 1 R 0
109 2389 23180 574 21899 547 3796 1 0 4 0 0 0 0 0 0 2 1 R 0
110 2408 18275 684 18320 654 3124 1 0 0 0 0 0 0 0 0 2 1 R 0
111 2430 20719 712 20744 687 3917 1 0 0 0 0 0 0 0 0 2 1 R 0
112 2453 22701 704 21346 682 4544 1 0 4 0 0 0 0 0 0 1 1 R 0
113 2475 21033 579 21051 561 3766 1 0 0 0 0 0 0 0 0 1 1 R 0
114 2495 19914 1678 19937 1666 3986 1 0 0 0 0 0 0 0 0 1 1 R 0
115 2515 18463 4127 19354 1786 3176 1 0 3 0 1 0 0 0 0 2 1 R 0
116 2539 19050 794 19056 773 3042 1 0 0 0 0 0 0 0 0 2 1 R 0
117 2563 23245 576 22147 553 6638 1 0 1 0 0 0 0 0 0 2 1 R 0
118 2583 19866 591 19893 561 4360 1 0 0 0 0 0 0 0 0 1 1 R 0
119 2607 23044 553 22031 531 5640 1 0 4 0 0 0 0 0 0 1 1 R 0
120 2630 22590 565 22610 543 6079 1 0 0 0 0 0 0 0 0 2 1 R 0
121 2651 20291 572 20316 544 3511 1 0 0 0 0 0 0 0 0 2 1 R 0
122 2673 21634 592 20348 565 6635 1 0 4 0 0 0 0 0 0 1 1 R 0
123 2694 20012 785 20035 761 3979 1 0 0 0 0 0 0 0 0 1 1 R 0
124 2713 18318 798 18396 727 3175 1 0 0 0 0 0 0 0 0 1 1 R 0
125 2738 24499 556 23312 530 4039 1 0 4 0 0 0 0 0 0 2 1 R 0
126 2759 20156 743 19225 720 3087 1 0 1 0 0 0 0 0 0 2 1 R 0
127 2781 21117 576 21130 552 3803 1 0 0 0 0 0 0 0 0 2 1 R 0
128 2804 22860 650 21684 603 4458 1 0 4 0 0 0 0 0 0 1 1 R 0
129 2824 19537 682 19575 661 3173 1 0 0 0 0 0 0 0 0 2 1 R 0
130 2843 18530 675 18555 650 3226 1 0 0 0 0 0 0 0 0 2 1 R 0
131 2869 24862 680 24071 661 4508 1 0 4 0 0 0 0 0 0 1 1 R 0
132 2889 19722 629 19754 598 3910 1 0 0 0 0 0 0 0 0 1 1 R 0
133 2912 21759 604 21354 585 3453 1 0 1 0 0 0 0 0 0 1 1 R 0
134 2931 18208 697 18261 642 3769 1 0 0 0 0 0 0 0 0 2 1 R 0
135 2959 27897 582 25244 557 9309 1 0 5 0 0 0 0 0 0 2 1 R 0
136 2979 19762 591 19783 571 3992 1 0 0 0 0 0 0 0 0 1 1 R 0
137 3001 21019 634 21039 620 4098 1 0 0 0 0 0 0 0 0 1 1 R 0
138 3022 20279 694 19204 663 5367 1 0 4 0 0 0 0 0 0 2 1 R 0
139 3042 19609 690 19646 641 3537 1 0 0 0 0 0 0 0 0 2 1 R 0
140 3063 20447 596 20481 559 4559 1 0 0 0 0 0 0 0 0 1 1 R 0
141 3088 24424 570 23374 548 3729 1 0 4 0 0 0 0 0 0 2 1 R 0
142 3109 19988 580 20012 557 3925 1 0 0 0 0 0 0 0 0 1 1 R 0
143 3129 19725 750 19806 677 3169 1 0 0 0 0 0 0 0 0 2 1 R 0
144 3153 22922 668 20284 669 3104 1 0 4 0 0 0 0 0 0 2 1 R 0
145 3174 20211 550 20218 525 3770 1 0 0 0 0 0 0 0 0 1 1 R 0
146 3194 19525 630 19549 607 3906 1 0 0 0 0 0 0 0 0 1 1 R 0
147 3215 20479 2608 20545 1660 3451 1 0 0 0 3 0 0 0 0 1 1 R 0
148 3237 19699 776 19331 753 3110 1 0 1 0 0 0 0 0 0 3 1 R 0
149 3259 20364 694 20398 660 3128 1 0 0 0 0 0 0 0 0 1 1 R 0
150 3282 23026 593 23039 569 7496 1 0 0 0 0 0 0 0 0 2 1 R 0
151 3306 23626 647 22676 628 6649 1 0 4 0 0 0 0 0 0 1 1 R 0
152 3325 17619 709 17658 683 3171 1 0 0 0 0 0 0 0 0 2 1 R 0
153 3348 22355 904 22383 876 4428 1 0 0 0 0 0 0 0 0 1 1 R 0
154 3371 21994 587 19311 566 7418 1 0 5 0 0 0 0 0 0 1 1 R 0
155 3392 20761 685 20783 664 4174 1 0 0 0 0 0 0 0 0 1 1 R 0
156 3413 20042 579 20063 557 4468 1 0 0 0 0 0 0 0 0 2 1 R 0
157 3437 23191 1072 22170 1008 3652 1 0 4 0 0 0 0 0 0 2 1 R 0
158 3455 17736 1521 17793 1470 3059 1 0 0 0 0 0 0 0 0 1 1 R 0
159 3479 22161 566 22168 545 4386 1 0 0 0 0 0 0 0 0 2 1 R 0
160 3502 22172 583 21004 563 3902 1 0 4 0 0 0 0 0 0 1 1 R 0
161 3528 25210 577 25233 550 5398 1 0 0 0 0 0 0 0 0 2 1 R 0
162 3545 16906 1670 16959 1644 3126 1 0 0 0 0 0 0 0 0 2 1 R 0
163 3573 26628 577 23164 552 6144 1 0 5 0 0 0 0 0 0 1 1 R 0
164 3594 19592 810 19619 796 3987 1 0 0 0 0 0 0 0 0 1 1 R 0
165 3619 24600 618 24613 590 7243 1 0 0 0 0 0 0 0 0 2 1 R 0
166 3642 21999 646 20688 634 3127 1 0 4 0 0 0 0 0 0 2 1 R 0
167 3662 19677 755 19709 722 3476 1 0 0 0 0 0 0 0 0 2 1 R 0
168 3683 19918 589 19931 567 4527 1 0 0 0 0 0 0 0 0 1 1 R 0
169 3705 21719 580 21738 558 4368 1 0 0 0 0 0 0 0 0 0 1 R 0
170 3728 22087 615 20604 593 3591 1 0 4 0 0 0 0 0 0 2 1 R 0
171 3748 19475 741 19529 697 3171 1 0 0 0 0 0 0 0 0 2 1 R 0
172 3769 20471 821 19328 795 4768 1 0 1 0 0 0 0 0 0 2 1 R 0
173 3793 22894 578 21719 549 3798 1 0 4 0 0 0 0 0 0 1 1 R 0
174 3813 19485 593 19512 570 4325 1 0 0 0 0 0 0 0 0 1 1 R 0
175 3834 21085 558 21105 535 4133 1 0 0 0 0 0 0 0 0 2 1 R 0
176 3858 22838 632 21811 605 3146 1 0 4 0 0 0 0 0 0 1 1 R 0
177 3878 19903 618 19926 615 3229 1 0 0 0 0 0 0 0 0 2 1 R 0
178 3899 20022 589 20029 563 3921 1 0 0 0 0 0 0 0 0 1 1 R 0
179 3923 23460 694 22086 674 3979 1 0 4 0 0 0 0 0 0 1 1 R 0
180 3947 23266 589 22895 571 6459 1 0 1 0 0 0 0 0 0 2 1 R 0
181 3970 22064 1094 20983 1080 3187 1 0 1 0 0 1 0 0 0 2 1 R 0
182 3992 21484 589 20110 567 3577 1 0 4 0 0 0 0 0 0 1 1 R 0
183 4014 20954 584 20978 555 4399 1 0 0 0 0 0 0 0 0 2 1 R 0
184 4033 18968 574 18994 547 3409 1 0 0 0 0 0 0 0 0 2 1 R 0
185 4055 20751 813 20799 778 3230 1 0 0 0 0 0 0 0 0 1 1 R 0
186 4077 21958 570 20259 546 4845 1 0 4 0 0 0 0 0 0 0 1 R 0
187 4099 20945 568 20971 542 3266 1 0 0 0 0 0 0 0 0 2 1 R 0
188 4119 19712 767 19755 731 4156 1 0 0 0 0 0 0 0 0 1 1 R 0
189 4142 22419 583 21364 552 3542 1 0 4 0 0 0 0 0 0 2 1 R 0
190 4162 19568 685 18263 660 3549 1 0 1 0 0 0 0 0 0 2 1 R 0
191 4184 20708 796 20762 735 4044 1 0 0 0 0 0 0 0 0 1 1 R 0
192 4208 23330 621 22244 614 3936 1 0 4 0 0 0 0 0 0 1 1 R 0
193 4230 21704 703 21710 676 3709 1 0 0 0 0 0 0 0 0 2 1 R 0
194 4249 18351 682 18390 655 3777 1 0 0 0 0 1 0 0 0 2 1 R 0
195 4277 26562 829 25122 801 7611 1 0 4 0 0 0 0 0 0 2 1 R 0
196 4297 19188 1222 19205 1216 3958 1 0 0 0 0 1 0 0 0 1 1 R 0
197 4320 21681 767 21689 750 3981 1 0 0 0 0 0 0 0 0 1 1 R 0
198 4342 21675 562 20664 536 4178 1 0 4 0 0 0 0 0 0 2 1 R 0
199 4364 21892 826 20966 772 3741 1 0 1 0 0 0 0 0 0 2 1 R 0
200 4384 18395 669 18418 644 3394 1 0 0 0 0 0 0 0 0 1 1 R 0
201 4409 24302 724 23524 679 3898 1 0 4 0 0 0 0 0 0 2 1 R 0
202 4429 19837 569 19861 539 3953 1 0 0 0 0 0 0 0 0 1 1 R 0
203 4450 20486 713 20529 684 3435 1 0 0 0 0 0 0 0 0 2 1 R 0
204 4469 18217 695 18262 654 3729 1 0 0 0 0 0 0 0 0 1 1 R 0
205 4493 23456 568 22465 547 3761 1 0 4 0 0 0 0 0 0 2 1 R 0
206 4514 20471 582 20490 558 3934 1 0 0 0 0 0 0 0 0 2 1 R 0
207 4537 22415 599 22438 577 3994 1 0 0 0 0 0 0 0 0 1 1 R 0
208 4562 24466 640 21957 605 3522 1 0 5 0 0 0 0 0 0 2 1 R 0
209 4584 20524 899 20565 856 3872 1 0 0 0 0 0 0 0 0 1 1 R 0
210 4607 22696 578 22718 560 6681 1 0 0 0 0 0 0 0 0 1 1 R 0
211 4631 22950 578 21454 556 3819 1 0 4 0 0 0 0 0 0 2 1 R 0
212 4651 19276 760 19354 686 4391 1 0 0 0 0 0 0 0 0 1 1 R 0
213 4673 21236 574 21267 539 3883 1 0 0 0 0 0 0 0 0 1 1 R 0
214 4694 21095 799 19676 659 3467 1 0 4 0 0 0 0 0 0 2 1 R 0
215 4717 21511 578 21532 555 3740 1 0 0 0 0 0 0 0 0 1 1 R 0
216 4737 19564 641 19585 623 4164 1 0 0 0 0 0 0 0 0 2 1 R 0
217 4761 24051 763 22249 688 3396 1 0 4 0 0 0 0 0 0 1 1 R 0
218 4781 18492 765 18540 729 3667 1 0 0 0 0 0 0 0 0 2 1 R 0
219 4803 21256 559 21260 533 4529 1 0 0 0 0 0 0 0 0 1 1 R 0
220 4823 19511 593 19539 571 4379 1 0 0 0 0 0 0 0 0 1 1 R 0
221 4846 22815 643 21616 610 5906 1 0 4 0 0 0 0 0 0 2 1 R 0
222 4865 17935 738 17972 704 3437 1 0 0 0 0 0 0 0 0 1 1 R 0
223 4886 20068 1534 20785 846 3694 1 0 0 0 0 0 0 0 0 2 1 R 0
224 4910 23257 594 20489 569 3892 1 0 3 0 0 0 0 0 0 2 1 R 0
225 4934 23457 583 23482 554 8198 1 0 0 0 0 0 0 0 0 1 1 R 0
226 4954 19334 707 19355 691 3533 1 0 0 0 0 0 0 0 0 1 1 R 0
227 4981 26359 690 22829 669 4418 1 0 6 0 0 0 0 0 0 1 1 R 0
228 5000 18340 762 18366 735 3615 1 0 0 0 0 0 0 0 0 2 1 R 0
229 5023 21531 587 21551 561 3956 1 0 0 0 0 0 0 0 0 2 1 R 0
230 5045 21652 1012 20030 1026 4351 1 0 4 0 0 0 0 0 0 1 1 R 0
231 5066 20506 733 20530 668 3473 1 0 0 0 0 0 0 0 0 2 1 R 0
232 5085 18017 1487 18078 1455 3685 1 0 0 0 0 0 0 0 0 1 1 R 0
233 5110 23623 659 22778 643 3516 1 0 4 0 0 0 0 0 0 1 1 R 0
234 5131 19997 576 20016 559 4415 1 0 0 0 0 0 0 0 0 1 1 R 0
235 5152 20279 582 20298 555 4203 1 0 0 0 0 0 0 0 0 2 1 R 0
236 5173 20146 783 19177 740 3636 1 0 1 0 0 0 0 0 0 2 1 R 0
237 5195 21402 582 20427 554 5222 1 0 4 0 0 0 0 0 0 2 1 R 0
238 5215 19995 986 20036 950 3919 1 0 0 0 0 0 0 0 0 0 1 R 0
239 5237 20300 701 20318 695 3964 1 0 0 0 0 0 0 0 0 1 1 R 0
240 5263 25533 586 24530 561 7967 1 0 4 0 0 0 0 0 0 2 1 R 0
241 5283 20046 873 20132 790 3615 1 0 0 0 0 0 0 0 0 2 1 R 0
242 5305 20267 581 20287 555 3857 1 0 0 0 0 0 0 0 0 2 1 R 0
243 5328 22662 578 21515 552 3748 1 0 4 0 0 0 0 0 0 1 1 R 0
244 5348 20000 578 20023 558 3940 1 0 0 0 0 0 0 0 0 1 1 R 0
245 5371 22415 611 20891 581 3902 1 0 1 0 0 0 0 0 0 1 1 R 0
246 5393 21138 789 19800 772 3748 1 0 4 0 0 0 0 0 0 2 1 R 0
247 5414 20526 572 20524 548 3199 1 0 0 0 0 0 0 0 0 1 1 R 0
248 5434 19386 591 19413 563 4160 1 0 0 0 0 0 0 0 0 2 1 R 0
249 5458 23054 553 22354 533 3744 1 0 4 0 0 0 0 0 0 1 1 R 0
250 5477 18678 707 18724 677 3089 1 0 0 0 0 0 0 0 0 2 1 R 0
251 5499 20630 695 20663 658 3163 1 0 0 0 0 0 0 0 0 1 1 R 0
252 5519 19953 575 19966 552 3628 1 0 0 0 0 0 0 0 0 1 1 R 0
253 5542 22603 592 21418 565 5196 1 0 4 0 0 0 0 0 0 2 1 R 0
254 5567 23934 574 22007 540 3798 1 0 2 0 0 0 0 0 0 1 1 R 0
255 5592 24316 573 24342 549 7249 1 0 0 0 0 0 0 0 0 2 1 R 0
256 5613 20833 728 19961 702 5853 1 0 4 0 0 0 0 0 0 2 1 R 0
257 5635 21237 959 21240 950 3979 1 0 0 0 0 0 0 0 0 1 1 R 0
258 5656 20090 620 20117 583 4060 1 0 0 0 0 0 0 0 0 1 1 R 0
259 5681 23573 579 22236 551 3751 1 0 4 0 0 0 0 0 0 2 1 R 0
260 5701 19774 686 19278 655 3599 1 0 1 0 0 0 0 0 0 1 1 R 0
261 5723 21341 584 21354 559 3529 1 0 0 0 0 0 0 0 0 2 1 R 0
262 5745 21966 992 20875 977 4347 1 0 4 0 0 0 0 0 0 1 1 R 0
263 5768 21767 565 20109 541 3519 1 0 1 0 0 0 0 0 0 1 1 R 0
264 5788 19646 751 19689 720 3223 1 0 0 0 0 0 0 0 0 2 1 R 0
265 5813 23364 571 21949 547 3687 1 0 4 0 0 0 0 0 0 1 1 R 0
266 5833 19806 590 19832 563 4359 1 0 0 0 0 0 0 0 0 1 1 R 0
267 5854 20637 578 20662 562 4313 1 0 0 0 0 0 0 0 0 1 1 R 0
268 5875 20494 1195 20509 1172 3950 1 0 0 0 1 0 0 0 0 2 1 R 0
269 5899 22508 628 20454 605 3119 1 0 3 0 0 0 0 0 0 1 1 R 0
270 5922 22551 589 22575 567 6604 1 0 0 0 0 0 0 0 0 3 1 R 0
271 5944 21641 646 21048 605 4198 1 0 1 0 0 0 0 0 0 1 1 R 0
272 5969 24008 587 21611 564 6166 1 0 5 0 0 0 0 0 0 1 1 R 0
273 5991 20944 952 20988 916 3278 1 0 0 0 0 0 0 0 0 1 1 R 0
274 6010 18516 722 18629 605 3511 1 0 0 0 0 1 0 0 0 2 1 R 0
275 6033 22646 630 21349 609 5913 1 0 4 0 0 0 0 0 0 1 1 R 0
276 6054 19974 573 19984 551 4121 1 0 0 0 0 0 0 0 0 1 1 R 0
277 6075 20841 954 20865 945 3483 1 0 0 0 0 0 0 0 0 2 1 R 0
278 6099 22198 570 21011 546 3112 1 0 4 0 0 0 0 0 0 1 1 R 0
279 6119 20384 1343 20471 1261 3415 1 0 0 0 0 0 0 0 0 3 1 R 0
280 6140 19434 587 19458 561 4359 1 0 0 0 0 0 0 0 0 1 1 R 0
281 6165 23957 591 22237 565 4295 1 0 5 0 0 0 0 0 0 0 1 R 0
282 6187 21999 948 21015 913 3715 1 0 1 0 0 0 0 0 0 3 1 R 0
283 6209 20949 796 20981 762 3354 1 0 0 0 0 0 0 0 0 1 1 R 0
284 6234 24134 648 22357 622 4469 1 0 4 0 0 0 0 0 0 1 1 R 0
285 6260 24707 634 24729 613 7502 1 0 0 0 0 0 0 0 0 1 1 R 0
286 6280 19641 567 19660 547 3685 1 0 0 0 0 0 0 0 0 1 1 R 0
287 6303 22299 1330 20854 1298 3085 1 0 4 0 0 0 0 0 0 2 1 R 0
288 6322 17924 673 17954 653 3105 1 0 0 0 0 0 0 0 0 2 1 R 0
289 6343 20522 671 20532 664 4400 1 0 0 0 0 0 0 0 0 2 1 R 0
290 6364 20229 716 20262 659 3945 1 0 0 0 0 0 0 0 0 1 1 R 0
291 6391 26608 603 23627 570 5180 1 0 4 0 0 0 0 0 0 1 1 R 0
292 6409 17455 816 17504 792 3880 1 0 0 0 0 0 0 0 0 2 1 R 0
293 6433 22379 705 22403 674 6225 1 0 0 0 0 0 0 0 0 2 1 R 0
294 6455 22121 1081 21071 1071 6267 1 0 4 0 0 0 0 0 0 1 1 R 0
295 6479 22026 590 22036 564 3763 1 0 0 0 0 0 0 0 0 1 1 R 0
296 6498 19031 739 19089 693 3215 1 0 0 0 0 0 0 0 0 2 1 R 0
297 6523 24171 613 22960 583 3367 1 0 4 0 0 0 0 0 0 2 1 R 0
298 6541 17766 1677 17831 1642 3260 1 0 0 0 0 1 0 0 0 2 1 R 0
299 6565 21878 880 21873 868 4762 1 0 0 0 0 0 0 0 0 2 1 R 0
300 6591 25119 588 22720 561 11995 1 0 5 0 0 0 0 0 0 1 1 R 0
301 6611 19255 643 19284 624 3628 1 0 0 0 0 0 0 0 0 2 1 R 0
302 6630 18607 799 18648 759 4073 1 0 0 0 0 0 0 0 0 1 1 R 0
303 6655 24398 949 23104 934 5310 1 0 4 0 0 0 0 0 0 2 1 R 0
304 6675 18914 993 18932 972 3978 1 0 0 0 0 0 0 0 0 1 1 R 0
305 6699 22533 546 22211 518 3758 1 0 1 0 0 0 0 0 0 1 1 R 0
306 6722 22986 566 22097 545 4162 1 0 4 0 0 0 0 0 0 1 1 R 0
307 6745 22271 1017 22300 996 4329 1 0 0 0 0 0 0 0 0 1 1 R 0
308 6781 34670 780 31391 721 4715 1 0 3 0 0 0 0 0 0 2 1 R 0
309 6805 23306 572 22177 549 6974 1 0 4 0 0 0 0 0 0 1 1 R 0
310 6825 19946 996 19970 976 3957 1 0 0 0 0 0 0 0 0 2 1 R 0
311 6847 20515 553 20535 529 3681 1 0 0 0 0 0 0 0 0 1 1 R 0
312 6870 22399 699 20690 677 3904 1 0 4 0 0 0 0 0 0 1 1 R 0
313 6892 21256 566 21276 543 4531 1 0 0 0 0 0 0 0 0 1 1 R 0
314 6913 20703 578 20308 552 5314 1 0 1 0 0 0 0 0 0 2 1 R 0
315 6940 26499 575 25432 548 6174 1 0 4 0 0 0 0 0 0 2 1 R 0
316 6960 19663 586 19691 564 4348 1 0 0 0 0 0 0 0 0 1 1 R 0
317 6983 22154 584 21037 553 4253 1 0 1 0 0 0 0 0 0 1 1 R 0
318 7007 23307 982 21744 928 4740 1 0 5 0 0 0 0 0 0 2 1 R 0
319 7029 20592 664 20638 633 3215 1 0 0 0 0 0 0 0 0 2 1 R 0
320 7049 19607 733 19635 715 3299 1 0 0 0 0 0 0 0 0 1 1 R 0
321 7073 23759 577 22739 556 4523 1 0 4 0 0 0 0 0 0 1 1 R 0
322 7095 21239 1126 21261 1108 3972 1 0 0 0 0 1 0 0 0 2 1 R 0
323 7117 20474 813 20522 760 3273 1 0 0 0 0 0 0 0 0 1 1 R 0
324 7135 17101 787 17172 1746 3326 1 0 0 0 3 0 0 0 0 2 1 R 0
325 7161 25551 577 21998 551 4802 1 0 2 0 0 0 0 0 0 2 1 R 0
326 7182 20375 584 19236 564 4359 1 0 1 0 0 0 0 0 0 1 1 R 0
327 7204 21814 574 21837 549 4210 1 0 0 0 0 0 0 0 0 1 1 R 0
328 7227 21843 748 19894 688 3070 1 0 4 0 0 0 0 0 0 2 1 R 0
329 7248 20840 719 20944 618 3173 1 0 0 0 0 0 0 0 0 2 1 R 0
330 7272 22559 583 22577 564 8446 1 0 0 0 0 0 0 0 0 1 1 R 0
331 7296 24098 537 23152 513 6317 1 0 4 0 0 0 0 0 0 1 1 R 0
332 7315 18230 1404 18296 1352 3459 1 0 0 0 0 0 0 0 0 1 1 R 0
333 7336 19917 897 19937 894 3379 1 0 0 0 0 0 0 0 0 3 1 R 0
334 7359 22073 574 20905 555 3135 1 0 4 0 0 0 0 0 0 1 1 R 0
335 7382 21680 591 19422 568 3735 1 0 1 0 0 0 0 0 0 1 1 R 0
336 7402 19327 582 19351 564 4400 1 0 0 0 0 0 0 0 0 2 1 R 0
337 7426 23894 732 22342 701 3736 1 0 4 0 0 0 0 0 0 1 1 R 0
338 7445 17816 689 17854 664 3070 1 0 0 0 0 0 0 0 0 2 1 R 0
339 7467 21939 551 21951 530 3614 1 0 0 0 0 0 0 0 0 1 1 R 0
340 7488 20335 1295 19944 732 4124 1 0 3 0 1 0 0 0 0 2 1 R 0
341 7512 22718 576 22725 550 3473 1 0 0 0 0 0 0 0 0 1 1 R 0
342 7531 18394 982 18470 914 3816 1 0 0 0 0 0 0 0 0 2 1 R 0
343 7553 20566 682 20605 641 4671 1 0 0 0 0 0 0 0 0 2 1 R 0
344 7575 21450 1114 20207 1073 3370 1 0 4 0 0 0 0 0 0 1 1 R 0
345 7601 24883 581 23646 557 8908 1 0 1 0 0 0 0 0 0 1 1 R 0
346 7621 19755 567 19776 544 4207 1 0 0 0 0 0 0 0 0 1 1 R 0
347 7644 22670 579 21673 549 4276 1 0 4 0 0 0 0 0 0 2 1 R 0
348 7664 18818 815 18864 788 3142 1 0 0 0 0 0 0 0 0 2 1 R 0
349 7685 20702 928 20705 916 3956 1 0 0 0 0 0 0 0 0 1 1 R 0
350 7709 22493 568 19626 549 3928 1 0 3 0 0 0 0 0 0 1 1 R 0
351 7731 21244 560 21265 536 3284 1 0 0 0 0 0 0 0 0 2 1 R 0
352 7749 18301 739 18397 651 3998 1 0 0 0 0 0 0 0 0 1 1 R 0
353 7775 24362 568 23276 543 5153 1 0 4 0 0 0 0 0 0 2 1 R 0
354 7796 20846 549 19714 533 5506 1 0 1 0 0 0 0 0 0 1 1 R 0
355 7818 21281 562 21314 528 3332 1 0 0 0 0 0 0 0 0 2 1 R 0
356 7839 20960 651 19649 644 3085 1 0 4 0 0 0 0 0 0 1 1 R 0
357 7860 20401 639 20422 611 3485 1 0 0 0 0 0 0 0 0 2 1 R 0
358 7881 20023 579 20045 553 4325 1 0 0 0 0 0 0 0 0 2 1 R 0
359 7902 20474 622 20507 587 4366 1 0 0 0 0 0 0 0 0 1 1 R 0
360 7928 25027 593 24036 567 10692 1 0 4 0 0 0 0 0 0 1 1 R 0
361 7950 22073 598 21669 571 3229 1 0 1 0 0 0 0 0 0 2 1 R 0
362 7971 19807 588 19834 565 4430 1 0 0 0 0 0 0 0 0 1 1 R 0
363 7995 24058 972 21699 963 7853 1 0 4 0 0 0 0 0 0 1 1 R 0
364 8018 21475 634 21497 597 3929 1 0 0 0 0 0 0 0 0 2 1 R 0
365 8040 21059 692 21081 669 3305 1 0 0 0 0 0 0 0 0 2 1 R 0
366 8062 22119 704 21108 621 3085 1 0 4 0 0 0 0 0 0 2 1 R 0
367 8084 21090 572 21117 546 4182 1 0 0 0 0 1 0 0 0 1 1 R 0
368 8104 19632 1089 19674 1050 3946 1 0 0 0 0 0 0 0 0 0 1 R 0
369 8129 23047 579 21550 554 3734 1 0 4 0 0 0 0 0 0 2 1 R 0
370 8148 19050 701 19086 659 3396 1 0 0 0 0 0 0 0 0 1 1 R 0
371 8169 20654 976 20696 945 3665 1 0 0 0 0 0 0 0 0 2 1 R 0
372 8194 23759 573 21059 553 4316 1 0 5 0 0 0 0 0 0 2 1 R 0
373 8215 20552 947 20575 926 3729 1 0 0 0 0 0 0 0 0 1 1 R 0
374 8237 20344 643 20374 609 4091 1 0 0 0 0 0 0 0 0 1 1 R 0
375 8262 24796 582 23532 549 6106 1 0 4 0 0 0 0 0 0 2 1 R 0
376 8282 19798 733 19838 728 3701 1 0 0 0 0 0 0 0 0 2 1 R 0
377 8304 20655 856 20656 824 4301 1 0 0 0 0 0 0 0 0 1 1 R 0
378 8325 20283 1705 20305 1323 3739 1 0 0 0 3 0 0 0 0 1 1 R 0
379 8348 21318 648 20509 618 3062 1 0 1 0 0 0 0 0 0 2 1 R 0
380 8368 19590 656 19631 610 3449 1 0 0 0 0 0 0 0 0 1 1 R 0
381 8391 22582 656 21524 629 3850 1 0 1 0 0 0 0 0 0 1 1 R 0
382 8414 21789 588 20738 561 6603 1 0 4 0 0 0 0 0 0 2 1 R 0
383 8435 20663 1086 20685 1072 4010 1 0 0 0 0 0 0 0 0 1 1 R 0
384 8454 18130 695 18156 669 3140 1 0 0 0 0 0 0 0 0 2 1 R 0
385 8479 23574 646 22609 536 3306 1 0 4 0 0 0 0 0 0 1 1 R 0
386 8500 20299 576 20318 555 3898 1 0 0 0 0 0 0 0 0 2 1 R 0
387 8521 20778 560 20800 538 4428 1 0 0 0 0 0 0 0 0 1 1 R 0
388 8543 21831 607 20415 595 3698 1 0 4 0 0 0 0 0 0 1 1 R 0
389 8564 20117 700 20174 638 3265 1 0 0 0 0 0 0 0 0 1 1 R 0
390 8589 24398 578 23292 550 6192 1 0 1 0 0 0 0 0 0 2 1 R 0
391 8613 23062 569 22142 541 3825 1 0 4 0 0 0 0 0 0 1 1 R 0
392 8633 19219 582 19246 555 3905 1 0 0 0 0 0 0 0 0 2 1 R 0
393 8652 19210 705 19255 661 3715 1 0 0 0 0 0 0 0 0 2 1 R 0
394 8672 18813 705 18851 679 3866 1 0 0 0 0 0 0 0 0 2 1 R 0
395 8697 24342 557 23324 534 7430 1 0 4 0 0 0 0 0 0 1 1 R 0
396 8717 19774 576 19798 550 3876 1 0 0 0 0 0 0 0 0 1 1 R 0
397 8739 21269 584 21296 562 3545 1 0 0 0 0 0 0 0 0 2 1 R 0
398 8761 21401 668 20353 628 3067 1 0 4 0 0 0 0 0 0 2 1 R 0
399 8781 19440 670 19483 644 3586 1 0 0 0 0 0 0 0 0 1 1 R 0
400 8804 22068 584 20353 559 6344 1 0 1 0 0 0 0 0 0 2 1 R 0
401 8828 23194 1312 21941 1318 3738 1 0 4 0 0 1 0 0 0 1 1 R 0
402 8848 19369 708 19415 638 3368 1 0 0 0 0 0 0 0 0 1 1 R 0
403 8869 19748 712 19785 675 3337 1 0 0 0 0 0 0 0 0 2 1 R 0
404 8892 22800 553 20924 531 3111 1 0 4 0 0 0 0 0 0 2 1 R 0
405 8918 25325 577 24992 554 8811 1 0 1 0 0 0 0 0 0 1 1 R 0
406 8939 20168 603 20203 567 3885 1 0 0 0 0 0 0 0 0 2 1 R 0
407 8962 22465 558 21130 531 3390 1 0 4 0 0 0 0 0 0 1 1 R 0
408 8981 18489 790 18545 743 3516 1 0 0 0 0 0 0 0 0 2 1 R 0
409 9004 21919 652 20828 644 5697 1 0 1 0 0 0 0 0 0 1 1 R 0
410 9025 20412 1061 20409 1318 3975 1 0 0 0 1 0 0 0 0 1 1 R 0
411 9049 23300 562 21484 535 3737 1 0 3 0 0 0 0 0 0 2 1 R 0
412 9068 18350 816 18424 764 3312 1 0 0 0 0 0 0 0 0 1 1 R 0
413 9090 21344 575 21354 548 4471 1 0 0 0 0 0 0 0 0 2 1 R 0
414 9113 22110 584 21098 557 3982 1 0 4 0 0 0 0 0 0 2 1 R 0
415 9134 20324 582 20352 556 4178 1 0 0 0 0 0 0 0 0 1 1 R 0
416 9154 19463 882 19511 847 3596 1 0 0 0 0 0 0 0 0 1 1 R 0
417 9178 23198 549 21975 526 3436 1 0 4 0 0 0 0 0 0 1 1 R 0
418 9200 21490 846 20549 818 3489 1 0 1 0 0 0 0 0 0 3 1 R 0
419 9222 21188 562 21205 539 4458 1 0 0 0 0 0 0 0 0 1 1 R 0
420 9248 24934 585 23851 558 8094 1 0 4 0 0 0 0 0 0 1 1 R 0
421 9269 20935 552 20961 527 3499 1 0 0 0 0 0 0 0 0 1 1 R 0
422 9289 19697 763 19774 693 3314 1 0 0 0 0 0 0 0 0 2 1 R 0
423 9313 23040 579 21947 555 4082 1 0 4 0 0 0 0 0 0 1 1 R 0
424 9333 19661 858 19725 795 3953 1 0 0 0 0 0 0 0 0 1 1 R 0
425 9355 20857 944 20879 926 3731 1 0 0 0 0 0 0 0 0 1 1 R 0
426 9374 17769 730 17798 700 3291 1 0 0 0 0 0 0 0 0 2 1 R 0
427 9401 25872 567 23514 539 3441 1 0 5 0 0 0 0 0 0 2 1 R 0
428 9421 19566 573 19594 554 3836 1 0 0 0 0 0 0 0 0 1 1 R 0
429 9443 21381 633 21442 565 4218 1 0 0 0 0 0 0 0 0 2 0 R 1
430 9483 40015 1373 38074 1244 5641 1 0 2 0 0 0 0 1 1 2 0 R 0
431 9510 25485 583 25504 560 5882 1 0 0 0 0 0 0 1 1 1 0 R 0
432 9531 20223 566 20242 547 4384 1 0 0 0 0 0 0 1 1 1 0 R 0
433 9555 23292 1229 23319 1217 4713 1 0 0 0 0 0 0 1 1 1 0 R 0
434 9584 28103 1031 28115 1010 8026 1 0 0 0 0 0 0 1 1 1 0 R 0
435 9614 28357 615 28375 591 12148 1 0 0 0 0 0 0 1 1 1 0 R 0
436 9634 19840 573 19862 550 3939 1 0 0 0 0 0 0 1 1 1 0 R 0
437 9659 24442 569 24461 548 4584 1 0 0 0 0 0 0 1 1 2 0 R 0
438 9681 21082 585 21106 561 4856 1 0 0 0 0 0 0 1 1 1 0 R 0
439 9704 22569 578 22591 557 4591 1 0 0 0 0 0 0 1 1 1 0 R 0
440 9726 21693 679 21728 641 4268 1 0 0 0 0 0 0 1 1 2 0 R 0
441 9749 22327 570 22348 549 3672 1 0 0 0 0 0 0 1 1 1 0 R 0
442 9775 25587 1721 25615 1709 5119 1 0 0 0 0 0 0 1 1 1 0 R 0
443 9807 29958 570 29961 552 7714 1 0 0 0 0 0 0 1 1 1 0 R 0
444 9828 20231 607 20251 592 4455 1 0 0 0 0 0 0 1 1 1 0 R 0
445 9850 21916 698 21944 668 3755 1 0 0 0 0 0 0 1 1 1 0 R 0
446 9877 26266 1162 26398 1036 5216 1 0 0 0 0 0 0 1 1 1 0 R 0
447 9909 30265 572 30279 549 7337 1 0 0 0 0 0 0 1 1 3 0 R 0
448 9929 20025 646 20047 620 4167 1 0 0 0 0 0 0 1 1 1 0 R 0
449 9953 23350 610 22926 580 3740 1 0 1 0 0 0 0 1 1 1 0 R 0
450 9986 32551 991 32665 1008 11899 1 0 0 0 0 1 0 1 1 1 0 R 0
451 10019 31716 1057 31690 959 6686 1 0 0 0 0 0 0 1 1 1 0 R 0
452 10041 20593 580 20610 558 4670 1 0 0 0 0 0 0 1 1 2 0 R 0
453 10064 22911 588 22936 561 4144 1 0 0 0 0 0 0 1 1 1 0 R 0
454 10094 29431 1040 29456 1022 6600 1 0 0 0 0 0 0 1 1 0 0 R 0
455 10120 24787 611 24806 582 7693 1 0 0 0 0 0 0 1 1 2 0 R 0
456 10140 19347 580 19373 560 4227 1 0 0 0 0 0 0 1 1 1 0 R 0
457 10163 22214 1029 22245 998 4235 1 0 0 0 0 0 0 1 1 1 0 R 0
458 10192 27684 1021 27703 1005 5739 1 0 0 0 0 0 0 1 1 1 0 R 0
459 10224 31706 4418 31951 2194 6287 1 0 0 0 1 0 0 1 1 2 0 R 0
460 10249 20622 585 18527 564 6787 1 0 1 0 0 0 0 1 1 1 0 R 0
461 10278 28419 981 28532 983 6212 1 0 0 0 0 1 0 1 1 1 0 R 0
462 10310 30248 1032 30151 1129 6744 1 0 0 0 0 0 0 1 1 1 0 R 0
463 10335 24403 1241 24311 1236 5674 1 0 0 0 0 0 0 1 1 1 0 R 0
464 10356 19979 697 19980 675 3861 1 0 0 0 0 0 0 1 1 1 0 R 0
465 10389 32019 983 32039 963 9579 1 0 0 0 0 0 0 1 1 2 0 R 0
466 10419 29055 1159 29079 1145 6757 1 0 0 0 0 0 0 1 1 1 0 R 0
467 10444 24352 619 24371 590 6378 1 0 0 0 0 0 0 1 1 1 0 R 0
468 10468 22917 587 22935 569 3911 1 0 0 0 0 0 0 1 1 2 0 R 0
469 10499 30099 808 30118 793 4049 1 0 0 0 0 0 0 1 1 1 0 R 0
470 10527 27412 589 27428 567 7511 1 0 0 0 0 0 0 1 1 1 0 R 0
471 10548 20275 571 20296 551 4149 1 0 0 0 0 0 0 1 1 1 0 R 0
472 10569 21084 779 21123 745 3842 1 0 0 0 0 0 0 1 1 1 0 R 0
473 10600 29750 1008 29767 988 4754 1 0 0 0 0 0 0 1 1 1 0 R 0
474 10628 27220 589 27242 559 7187 1 0 0 0 0 0 0 1 1 1 0 R 0
475 10651 22020 570 22044 547 4160 1 0 0 0 0 0 0 1 1 2 0 R 0
476 10672 20407 583 20428 568 4215 1 0 0 0 0 0 0 1 1 1 0 R 0
477 10703 30268 1032 30310 987 4860 1 0 0 0 0 0 0 1 1 1 0 R 0
478 10731 26965 1131 27011 1083 6193 1 0 0 0 0 0 0 1 1 1 0 R 0
479 10752 20304 578 20329 556 4492 1 0 0 0 0 0 0 1 1 2 0 R 0
480 10777 24707 1074 24723 1064 8034 1 0 0 0 0 0 0 1 1 2 0 R 0
481 10810 31165 1012 31181 994 4997 1 0 0 0 0 0 0 1 1 1 0 R 0
482 10839 28579 957 28598 930 7452 1 0 0 0 0 0 0 1 1 0 0 R 0
483 10862 21630 569 21657 545 4074 1 0 0 0 0 0 0 1 1 2 0 R 0
484 10884 21467 1366 21491 1461 4395 1 0 0 0 0 0 0 1 1 1 0 R 0
485 10916 31284 1151 30762 1029 6526 1 0 1 0 0 0 0 1 1 1 0 R 0
486 10940 22576 578 22591 560 7065 1 0 0 0 0 0 0 1 1 1 0 R 0
487 10961 20679 567 20698 547 4128 1 0 0 0 0 0 0 1 1 1 0 R 0
488 10984 21855 612 21892 574 4307 1 0 0 0 0 0 0 1 1 1 0 R 0
489 11017 32318 994 32338 980 5002 1 0 0 0 0 0 0 1 1 2 0 R 0
490 11045 27608 1404 27625 1385 7236 1 0 0 0 0 0 0 1 1 1 0 R 0
491 11069 21715 578 21739 548 3728 1 0 0 0 0 0 0 1 1 1 0 R 0
492 11091 22145 746 22168 735 5435 1 0 0 0 0 0 0 1 1 1 0 R 0
493 11122 30397 1199 30409 1193 6590 1 0 0 0 0 0 0 1 1 1 0 R 0
494 11151 27565 589 27570 571 5801 1 0 0 0 0 0 0 1 1 2 0 R 0
495 11175 23588 1032 23603 1014 8613 1 0 0 0 0 0 0 1 1 1 0 R 0
496 11202 25739 1035 25760 1017 4319 1 0 0 0 0 0 0 1 1 2 0 R 0
497 11231 27613 596 27631 570 4714 1 0 0 0 0 0 0 1 1 1 0 R 0
498 11254 22201 630 22249 588 4386 1 0 0 0 0 0 0 1 1 1 0 R 0
499 11275 20650 578 20670 557 4070 1 0 0 0 0 0 0 1 1 1 0 R 0
500 11298 23017 1024 23039 1008 5520 1 0 0 0 0 0 0 1 1 1 0 R 0
501 11330 30149 977 30164 958 6889 1 0 0 0 0 0 0 1 1 1 0 R 0
502 11354 23018 597 23049 564 6294 1 0 0 0 0 0 0 1 1 2 0 R 0
503 11375 20777 1608 20800 1601 3717 1 0 0 0 0 1 0 1 1 1 0 R 0
504 11400 23098 1350 23119 1323 5173 1 0 0 0 0 0 0 1 1 1 0 R 0
505 11433 31511 1169 31775 1009 6410 1 0 0 0 0 0 0 1 1 1 0 R 0
506 11457 22873 564 22774 546 6481 1 0 0 0 0 0 0 1 1 1 0 R 0
507 11477 20206 639 20224 620 3727 1 0 0 0 0 0 0 1 1 1 0 R 0
508 11501 23177 1017 23201 1000 4766 1 0 0 0 0 0 0 1 1 2 0 R 0
509 11534 31687 1022 31709 1004 6426 1 0 0 0 0 0 0 1 1 1 0 R 0
510 11562 27289 594 27304 569 13261 1 0 0 0 0 0 0 1 1 1 0 R 0
511 11583 20341 565 20362 547 4134 1 0 0 0 0 0 0 1 1 1 0 R 0
512 11609 25358 1168 25479 1048 5895 1 0 0 0 0 0 0 1 1 1 0 R 0
513 11642 31390 946 31412 924 6234 1 0 0 0 0 0 0 1 1 2 0 R 0
514 11664 21465 638 21490 608 5592 1 0 0 0 0 0 0 1 1 2 0 R 0
515 11684 19794 561 19816 542 3735 1 0 0 0 0 0 0 1 1 1 0 R 0
516 11710 25290 1147 25419 1026 5457 1 0 0 0 0 0 0 1 1 1 0 R 0
517 11744 32638 1041 32655 1014 7884 1 0 0 0 0 0 0 1 1 1 0 R 0
518 11767 22001 611 22019 594 4834 1 0 0 0 0 0 0 1 1 1 0 R 0
519 11789 21014 570 21035 547 3652 1 0 0 0 0 0 0 1 1 1 0 R 0
520 11815 25383 1915 25507 1815 5254 1 0 0 0 0 0 0 1 1 1 0 R 0
521 11841 24677 680 24680 654 8122 1 0 0 0 0 0 0 1 1 1 0 R 0
522 11880 38092 624 26864 601 6524 1 0 4 0 0 0 0 1 1 1 0 R 0
523 11903 22593 1348 22614 1330 4191 1 0 0 0 0 0 0 1 1 2 0 R 0
524 11931 26408 859 26427 835 5366 1 0 0 0 0 0 0 1 1 2 0 R 0
525 11962 30400 594 30428 568 14771 1 0 0 0 0 0 0 1 1 1 0 R 0
526 11983 20562 601 20580 582 3734 1 0 0 0 0 0 0 1 1 1 0 R 0
527 12008 24031 788 24082 749 3661 1 0 0 0 0 0 0 1 1 1 0 R 0
528 12040 30610 1003 30615 993 6178 1 0 0 0 0 0 0 1 1 2 0 R 0
529 12071 30211 832 30226 824 7181 1 0 0 0 0 0 0 1 1 1 0 R 0
530 12092 20038 843 20078 798 4690 1 0 0 0 0 0 0 1 1 1 0 R 0
531 12118 25381 1199 25532 1043 5016 1 0 0 0 0 0 0 1 1 1 0 R 0
532 12148 29150 580 29171 559 7251 1 0 0 0 0 0 0 1 1 1 0 R 0
533 12172 23600 592 23618 574 6459 1 0 0 0 0 0 0 1 1 1 0 R 0
534 12192 19163 593 19191 563 4068 1 0 0 0 0 0 0 1 1 1 0 R 0
535 12217 24252 1037 24272 1025 4259 1 0 0 0 0 0 0 1 1 1 0 R 0
536 12247 29065 782 29088 760 7273 1 0 0 0 0 0 0 1 1 1 0 R 0
537 12277 29559 576 29573 554 7472 1 0 0 0 0 0 0 1 1 1 0 R 0
538 12298 19552 575 19574 556 4188 1 0 0 0 0 0 0 1 1 2 0 R 0
539 12322 23521 1046 23537 1028 4899 1 0 0 0 0 0 0 1 1 2 0 R 0
540 12353 29858 721 29883 693 12677 1 0 0 0 0 0 0 1 1 1 0 R 0
541 12376 23235 555 23257 535 4657 1 0 0 0 0 0 0 1 1 1 0 R 0
542 12397 19476 564 19491 545 3881 1 0 0 0 0 0 0 1 1 1 0 R 0
543 12421 24358 618 24385 595 3761 1 0 0 0 0 0 0 1 1 1 0 R 0
544 12450 28129 1335 28244 1229 4700 1 0 0 0 0 0 0 1 1 1 0 R 0
545 12477 25404 935 25426 903 5449 1 0 0 0 0 0 0 1 1 2 0 R 0
546 12497 19177 576 19192 560 3929 1 0 0 0 0 0 0 1 1 1 0 R 0
547 12521 23223 577 23246 552 3740 1 0 0 0 0 0 0 1 1 1 0 R 0
548 12550 28190 1199 28216 1189 6493 1 0 0 0 0 0 0 1 1 1 0 R 0
549 12581 30177 891 30183 874 7319 1 0 0 0 0 0 0 1 1 1 0 R 0
550 12603 21036 581 21054 555 4245 1 0 0 0 0 0 0 1 1 2 0 R 0
551 12629 25722 988 25742 974 4301 1 0 0 0 0 0 0 1 1 1 0 R 0
552 12658 27955 1001 27973 980 7311 1 0 0 0 0 0 0 1 1 1 0 R 0
553 12683 23817 623 23842 598 5816 1 0 0 0 0 0 0 1 1 1 0 R 0
554 12703 19770 621 19794 594 3843 1 0 0 0 0 1 0 1 1 1 0 R 0
555 12732 27831 980 27948 989 10233 1 0 0 0 0 0 0 1 1 2 0 R 0
556 12763 30039 997 29940 976 5424 1 0 0 0 0 0 0 1 1 1 0 R 0
557 12788 24624 587 24642 566 6860 1 0 0 0 0 0 0 1 1 1 0 R 0
558 12810 20665 722 20700 680 3962 1 0 0 0 0 0 0 1 1 1 0 R 0
559 12834 23445 732 23471 821 5852 1 0 0 0 0 0 0 1 1 1 0 R 0
560 12867 32506 992 32428 968 5428 1 0 0 0 0 0 0 1 1 2 0 R 0
561 12892 23895 579 23911 558 6623 1 0 0 0 0 0 0 1 1 1 0 R 0
562 12913 20409 585 20039 558 5121 1 0 1 0 0 0 0 1 1 1 0 R 0
563 12939 25272 1002 25289 993 5533 1 0 0 0 0 0 0 1 1 1 0 R 0
564 12969 29446 1014 29464 994 6147 1 0 0 0 0 0 0 1 1 1 0 R 0
565 12998 27336 572 27354 551 7051 1 0 0 0 0 0 0 1 1 1 0 R 0
566 13018 19450 627 19478 598 3847 1 0 0 0 0 0 0 1 1 2 0 R 0
567 13045 26295 726 26322 699 4901 1 0 0 0 0 0 0 1 1 1 0 R 0
568 13073 27828 885 27850 863 7513 1 0 0 0 0 0 0 1 1 1 0 R 0
569 13098 24362 588 24390 565 5252 1 0 0 0 0 0 0 1 1 1 0 R 0
570 13121 22398 593 22414 568 8073 1 0 0 0 0 0 0 1 1 1 0 R 0
571 13151 28795 935 28824 914 3903 1 0 0 0 0 0 0 1 1 1 0 R 0
572 13182 30649 1021 30670 995 6676 1 0 0 0 0 0 0 1 1 1 0 R 0
573 13208 24853 571 24874 551 6626 1 0 0 0 0 0 0 1 1 3 0 R 0
574 13231 22336 579 22355 558 3981 1 0 0 0 0 0 0 1 1 1 0 R 0
575 13259 27601 898 27626 1196 5045 1 0 0 0 0 0 0 1 1 0 0 R 0
576 13288 28088 612 27824 553 7537 1 0 0 0 0 0 0 1 1 1 0 R 0
577 13310 21453 573 21476 555 4016 1 0 0 0 0 0 0 1 1 1 0 R 0
578 13333 21758 757 21826 685 4675 1 0 0 0 0 1 0 1 1 3 0 R 0
579 13359 25670 1037 25693 1020 5183 1 0 0 0 0 0 0 1 1 1 0 R 0
580 13387 26460 742 26473 724 4934 1 0 0 0 0 0 0 1 1 1 0 R 0
581 13409 21870 602 21893 578 3754 1 0 0 0 0 0 0 1 1 1 0 R 0
582 13430 20099 977 20206 985 4370 1 0 0 0 0 0 0 1 1 1 0 R 0
583 13459 28013 999 27917 986 4107 1 0 0 0 0 0 0 1 1 1 0 R 0
584 13489 29064 917 29173 806 7256 1 0 0 0 0 0 0 1 1 2 0 R 0
585 13515 24786 616 24808 593 9598 1 0 0 0 0 0 0 1 1 1 0 R 0
586 13537 22001 575 22020 554 3806 1 0 0 0 0 0 0 1 1 1 0 R 0
587 13569 31031 746 31050 726 4518 1 0 0 0 0 0 0 1 1 2 0 R 0
588 13598 27996 588 28019 562 6843 1 0 0 0 0 0 0 1 1 1 0 R 0
589 13620 21256 613 21281 587 4118 1 0 0 0 0 0 0 1 1 1 0 R 0
590 13642 21463 593 21488 571 4684 1 0 0 0 0 0 0 1 1 1 0 R 0
591 13672 29908 1045 29933 1024 4550 1 0 0 0 0 0 0 1 1 1 0 R 0
592 13700 27097 592 27120 570 6503 1 0 0 0 0 0 0 1 1 1 0 R 0
593 13722 21506 609 21523 589 4781 1 0 0 0 0 0 0 1 1 2 0 R 0
594 13743 20461 606 20487 579 4281 1 0 0 0 0 0 0 1 1 1 0 R 0
595 13774 29963 1157 30088 1031 4299 1 0 0 0 0 0 0 1 1 1 0 R 0
596 13804 29065 603 29091 573 7728 1 0 0 0 0 0 0 1 1 1 0 R 0
597 13829 23790 565 23816 541 4236 1 0 0 0 0 0 0 1 1 1 0 R 0
598 13851 21450 669 21476 645 3886 1 0 0 0 0 0 0 1 1 1 0 R 0
599 13885 33315 1809 32857 1873 7815 1 0 1 0 0 0 0 1 1 1 0 R 0
600 13917 30402 576 30309 558 12924 1 0 0 0 0 0 0 1 1 2 0 R 0
601 13939 21183 566 21205 540 3675 1 0 0 0 0 0 0 1 1 1 0 R 0
602 13964 24602 1002 24626 980 6266 1 0 0 0 0 0 0 1 1 2 0 R 0
603 13988 23639 591 23660 569 6333 1 0 0 0 0 0 0 1 1 1 0 R 0
604 14009 20500 1164 20569 1100 3925 1 0 0 0 0 0 0 1 1 1 0 R 0
605 14033 21982 1236 22002 1678 5230 1 0 0 0 0 1 0 1 1 1 0 R 0
606 14057 23585 700 23175 644 3894 1 0 0 0 0 0 0 1 1 2 0 R 0
607 14090 32085 1002 32109 984 6881 1 0 0 0 0 0 0 1 1 1 0 R 0
608 14114 22956 584 22977 553 7317 1 0 0 0 0 0 0 1 1 1 0 R 0
609 14137 21926 690 21958 661 3692 1 0 0 0 0 0 0 1 1 1 0 R 0
610 14159 21759 625 21781 605 3929 1 0 0 0 0 0 0 1 1 2 0 R 0
611 14191 31475 787 31499 763 6248 1 0 0 0 0 0 0 1 1 1 0 R 0
612 14220 28337 900 28362 877 6626 1 0 0 0 0 0 0 1 1 0 0 R 0
613 14242 20521 730 20562 687 4404 1 0 0 0 0 0 0 1 1 1 0 R 0
614 14264 21176 1037 21319 1013 5205 1 0 0 0 0 0 0 1 1 1 0 R 0
615 14302 36749 1023 36747 1021 14093 1 0 0 0 0 0 0 1 1 3 0 R 0
616 14325 22094 612 22001 592 5873 1 0 0 0 0 0 0 1 1 0 0 R 0
617 14345 19993 906 20012 890 3729 1 0 0 0 0 0 0 1 1 1 0 R 0
618 14370 24229 1101 24336 992 4864 1 0 0 0 0 0 0 1 1 1 0 R 0
619 14403 31970 1028 31988 1013 7367 1 0 0 0 0 0 0 1 1 1 0 R 0
620 14431 26645 619 26674 586 6749 1 0 0 0 0 0 0 1 1 3 0 R 0
621 14452 20585 572 20600 549 4160 1 0 0 0 0 0 0 1 1 1 0 R 0
622 14480 26973 1029 26999 1007 4057 1 0 0 0 0 0 0 1 1 1 0 R 0
623 14513 31879 998 32000 987 6629 1 0 0 0 0 0 0 1 1 1 0 R 0
624 14538 23796 565 23705 542 6750 1 0 0 0 0 0 0 1 1 1 0 R 0
625 14561 22417 615 22462 573 3778 1 0 0 0 0 0 0 1 1 1 0 R 0
626 14588 26850 1381 27017 1224 5195 1 0 0 0 0 0 0 1 1 1 0 R 0
627 14611 22077 588 22094 563 4723 1 0 0 0 0 0 0 1 1 1 0 R 0
628 14634 22106 586 22129 565 4252 1 0 0 0 0 0 0 1 1 2 0 R 0
629 14655 20422 1102 20440 1094 3740 1 0 0 0 0 0 0 1 1 1 0 R 0
630 14685 28260 1566 28272 1553 11815 1 0 0 0 0 0 0 1 1 1 0 R 0
631 14718 31725 1013 31736 996 7940 1 0 0 0 0 0 0 1 1 1 0 R 0
632 14742 22732 626 22748 601 7611 1 0 0 0 0 0 0 1 1 1 0 R 0
633 14765 22356 661 22385 636 4142 1 0 0 0 0 0 0 1 1 1 0 R 0
634 14791 25295 1045 25314 1022 4340 1 0 0 0 0 0 0 1 1 2 0 R 0
635 14820 28836 583 28856 561 6619 1 0 0 0 0 0 0 1 1 1 0 R 0
636 14846 25104 595 25121 581 6771 1 0 0 0 0 0 0 1 1 1 0 R 0
637 14868 21794 579 21816 561 3769 1 0 0 0 0 0 0 1 1 1 0 R 0
638 14893 24169 597 24188 576 5143 1 0 0 0 0 0 0 1 1 1 0 R 0
639 14923 29071 591 28264 566 4568 1 0 1 0 0 0 0 1 1 2 0 R 0
640 14945 21304 656 21344 620 4279 1 0 0 0 0 0 0 1 1 1 0 R 0
641 14968 22276 659 22288 641 3745 1 0 0 0 0 0 0 1 1 1 0 R 0
642 14994 25321 1029 25344 1008 3894 1 0 0 0 0 0 0 1 1 1 0 R 0
643 15023 27808 959 27830 939 4229 1 0 0 0 0 0 0 1 1 1 0 R 0
644 15045 21697 947 21716 927 3911 1 0 0 0 0 0 0 1 1 2 0 R 0
645 15072 25680 655 25699 630 7153 1 0 0 0 0 0 0 1 1 1 0 R 0
646 15098 25038 1252 25166 1136 5287 1 0 0 0 0 0 0 1 1 1 0 R 0
647 15125 26162 2152 26200 2112 6111 1 0 0 0 0 1 0 1 1 1 0 R 0
648 15148 20647 577 20659 560 3892 1 0 0 0 0 0 0 1 1 1 0 R 0
649 15169 20494 561 20509 540 3731 1 0 0 0 0 0 0 1 1 2 0 R 0
650 15194 24837 995 24860 977 4723 1 0 0 0 0 0 0 1 1 1 0 R 0
651 15223 27756 1000 27775 985 5170 1 0 0 0 0 0 0 1 1 1 0 R 0
652 15250 26026 592 26041 567 6343 1 0 0 0 0 0 0 1 1 1 0 R 0
653 15271 20780 569 20801 550 4502 1 0 0 0 0 0 0 1 1 1 0 R 0
654 15299 26687 1021 26708 1001 4836 1 0 0 0 0 0 0 1 1 1 0 R 0
655 15326 26757 1037 26783 1124 6220 1 0 0 0 0 0 0 1 1 1 0 R 0
656 15350 22076 569 21978 547 5550 1 0 0 0 0 0 0 1 1 2 0 R 0
657 15370 20258 552 20284 528 3645 1 0 0 0 0 0 0 1 1 1 0 R 0
658 15394 23314 1118 23435 1002 5828 1 0 0 0 0 0 0 1 1 1 0 R 0
659 15424 29117 1025 29138 1001 4854 1 0 0 0 0 0 0 1 1 1 0 R 0
660 15452 26033 599 26061 569 12927 1 0 0 0 0 0 0 1 1 2 0 R 0
661 15473 20906 573 20931 553 4181 1 0 0 0 0 0 0 1 1 1 0 R 0
662 15498 24225 637 24239 783 5325 1 0 0 0 0 0 0 1 1 1 0 R 0
663 15527 28809 996 28665 980 6420 1 0 0 0 0 0 0 1 1 1 0 R 0
664 15551 22698 631 22719 608 7350 1 0 0 0 0 0 0 1 1 1 0 R 0
665 15572 20695 585 20718 562 4315 1 0 0 0 0 0 0 1 1 2 0 R 0
666 15594 21033 581 21051 559 4306 1 0 0 0 0 0 0 1 1 1 0 R 0
667 15623 28860 988 28888 969 4687 1 0 0 0 0 0 0 1 1 1 0 R 0
668 15649 24273 574 24286 557 6027 1 0 0 0 0 0 0 1 1 1 0 R 0
669 15670 20634 633 20655 608 4369 1 0 0 0 0 0 0 1 1 1 0 R 0
670 15694 24014 592 24040 566 5249 1 0 0 0 0 0 0 1 1 1 0 R 0
671 15723 27845 615 27871 592 5071 1 0 0 0 0 0 0 1 1 2 0 R 0
672 15748 24939 585 24959 559 6643 1 0 0 0 0 0 0 1 1 1 0 R 0
673 15770 20589 612 20615 593 4050 1 0 0 0 0 0 0 1 1 1 0 R 0
674 15791 20836 585 20851 566 4471 1 0 0 0 0 0 0 1 1 1 0 R 0
675 15822 30727 580 30749 559 9976 1 0 0 0 0 0 0 1 1 1 0 R 0
676 15851 28089 1434 28208 1327 6404 1 0 0 0 0 0 0 1 1 1 0 R 0
677 15877 24023 600 23449 582 7846 1 0 1 0 0 0 0 1 1 1 0 R 0
678 15900 22931 592 22956 572 3925 1 0 0 0 0 0 0 1 1 2 0 R 0
679 15929 27994 1038 28010 1015 4614 1 0 0 0 0 0 0 1 1 1 0 R 0
680 15953 23503 648 23544 611 5249 1 0 0 0 0 0 0 1 1 1 0 R 0
681 15975 21008 576 21029 553 4086 1 0 0 0 0 0 0 1 1 2 0 R 0
682 15997 21246 583 21265 565 3899 1 0 0 0 0 0 0 1 1 1 0 R 0
683 16023 26250 921 26276 1026 4090 1 0 0 0 0 0 0 1 1 1 0 R 0
684 16053 28189 614 28085 583 6067 1 0 0 0 0 0 0 1 1 2 0 R 0
685 16074 20314 578 20341 557 4368 1 0 0 0 0 0 0 1 1 1 0 R 0
686 16096 22304 701 22328 676 3921 1 0 0 0 0 0 0 1 1 1 0 R 0
687 16123 25880 815 25907 793 4342 1 0 0 0 0 0 0 1 1 1 0 R 0
688 16150 26602 1205 26714 1094 6426 1 0 0 0 0 0 0 1 1 1 0 R 0
689 16174 22439 597 22465 567 4301 1 0 0 0 0 0 0 1 1 1 0 R 0
690 16200 25193 590 25213 569 9800 1 0 0 0 0 0 0 1 1 2 0 R 0
691 16228 27511 568 27535 544 4982 1 0 0 0 0 0 0 1 1 1 0 R 0
692 16258 29458 980 29474 968 6313 1 0 0 0 0 0 0 1 1 1 0 R 0
693 16280 20999 588 21021 562 3763 1 0 0 0 0 0 0 1 1 1 0 R 0
694 16302 21648 594 21672 568 4641 1 0 0 0 0 0 0 1 1 1 0 R 0
695 16330 27598 997 27714 888 5082 1 0 0 0 0 0 0 1 1 2 0 R 0
696 16361 29220 596 29239 572 7514 1 0 0 0 0 0 0 1 1 1 0 R 0
697 16383 22249 594 22275 570 4165 1 0 0 0 0 0 0 1 1 1 0 R 0
698 16405 20707 617 20732 590 3818 1 0 0 0 0 0 0 1 1 1 0 R 0
699 16433 27587 1155 27610 1138 4687 1 0 0 0 0 0 0 1 1 1 0 R 0
700 16462 27710 1002 27770 937 5294 1 0 0 0 0 0 0 1 1 1 0 R 0
701 16484 20872 614 20890 593 4354 1 0 0 0 0 0 0 1 1 2 0 R 0
702 16507 22218 563 22238 540 3907 1 0 0 0 0 0 0 1 1 1 0 R 0
703 16536 28415 1662 29206 992 4541 1 0 0 0 0 0 0 1 1 1 0 R 0
704 16564 26896 595 26805 563 5014 1 0 0 0 0 0 0 1 1 1 0 R 0
705 16590 24987 598 25009 583 7968 1 0 0 0 0 0 0 1 1 2 0 R 0
706 16610 19985 586 20006 563 4297 1 0 0 0 0 0 0 1 1 1 0 R 0
707 16639 28212 998 28334 878 5206 1 0 0 0 0 0 0 1 1 1 0 R 0
708 16662 21585 1252 21611 1236 4690 1 0 0 0 0 1 0 1 1 1 0 R 0
709 16685 21722 564 21733 538 3621 1 0 0 0 0 0 0 1 1 2 0 R 0
710 16704 19009 577 19034 558 3938 1 0 0 0 0 0 0 1 1 1 0 R 0
711 16732 27537 1016 27556 996 4258 1 0 0 0 0 0 0 1 1 2 0 R 0
712 16762 28521 593 28544 570 5425 1 0 0 0 0 0 0 1 1 0 0 R 0
713 16785 22232 577 22251 561 5547 1 0 0 0 0 0 0 1 1 2 0 R 0
714 16805 19516 607 19531 589 3920 1 0 0 0 0 0 0 1 1 1 0 R 0
715 16833 27714 1301 27765 1375 5466 1 0 0 0 0 0 0 1 1 2 0 R 0
716 16862 27346 595 27247 566 5283 1 0 0 0 0 0 0 1 1 0 0 R 0
717 16885 22625 572 22649 991 5413 1 0 0 0 0 0 0 1 1 2 0 R 0
718 16907 21794 598 19921 580 3907 1 0 1 0 0 0 0 1 1 1 0 R 0
719 16933 25137 1007 25257 990 5669 1 0 0 0 0 0 0 1 1 1 0 R 0
720 16965 30637 1941 30558 1943 11899 1 0 0 0 0 0 0 1 1 1 0 R 0
721 16989 22535 565 22529 544 5380 1 0 0 0 0 0 0 1 1 2 0 R 0
722 17010 19914 583 19936 561 3943 1 0 0 0 0 0 0 1 1 1 0 R 0
723 17035 24316 923 24362 872 5912 1 0 0 0 0 0 0 1 1 1 0 R 0
724 17062 26486 624 26516 604 4551 1 0 0 0 0 0 0 1 1 1 0 R 0
725 17090 27199 875 27299 770 6679 1 0 0 0 0 0 0 1 1 1 0 R 0
726 17112 21670 588 21693 562 5047 1 0 0 0 0 0 0 1 1 1 0 R 0
727 17139 26529 855 26552 836 5949 1 0 0 0 0 0 0 1 1 1 0 R 0
728 17167 26331 1006 26359 983 5695 1 0 0 0 0 0 0 1 1 1 0 R 0
729 17191 23462 629 23481 607 7193 1 0 0 0 0 0 0 1 1 1 0 R 0
730 17211 18941 572 18958 554 4299 1 0 0 0 0 0 0 1 1 2 0 R 0
731 17235 23545 716 23565 1014 4064 1 0 0 0 0 0 0 1 1 1 0 R 0
732 17263 27058 584 26762 558 5265 1 0 0 0 0 0 0 1 1 1 0 R 0
733 17291 27376 570 27401 547 5907 1 0 0 0 0 0 0 1 1 1 0 R 0
734 17311 19580 601 19604 574 4335 1 0 0 0 0 0 0 1 1 1 0 R 0
735 17338 26781 1017 26803 1009 8811 1 0 0 0 0 0 0 1 1 1 0 R 0
736 17368 28660 1009 28667 994 5055 1 0 0 0 0 0 0 1 1 3 0 R 0
737 17393 24245 579 24266 552 7292 1 0 0 0 0 0 0 1 1 1 0 R 0
738 17413 19475 571 19496 551 4311 1 0 0 0 0 0 0 1 1 1 0 R 0
739 17437 23141 597 23159 574 4045 1 0 0 0 0 0 0 1 1 1 0 R 0
740 17463 25487 948 25517 923 4603 1 0 0 0 0 1 0 1 1 1 0 R 0
741 17491 27141 599 27166 574 6248 1 0 0 0 0 0 0 1 1 1 0 R 0
742 17512 20406 577 20427 552 4544 1 0 0 0 0 0 0 1 1 2 0 R 0
743 17534 21913 954 21956 936 4178 1 0 0 0 0 0 0 1 1 1 0 R 0
744 17568 32625 1268 32642 1238 4161 1 0 0 0 0 0 0 1 1 3 0 R 0
745 17594 24804 592 24819 568 7484 1 0 0 0 0 0 0 1 1 1 0 R 0
746 17614 19373 583 19393 563 4266 1 0 0 0 0 0 0 1 1 1 0 R 0
747 17637 22475 1288 22501 1271 3677 1 0 0 0 0 0 0 1 1 1 0 R 0
748 17665 27013 1771 27029 1754 5310 1 0 0 0 0 0 0 1 1 2 0 R 0
749 17698 30495 963 30514 936 7432 1 0 0 0 0 0 0 1 1 1 0 R 0
750 17723 24143 584 24163 563 8356 1 0 0 0 0 0 0 1 1 1 0 R 0
751 17748 24227 599 24245 577 4611 1 0 0 0 0 0 0 1 1 1 0 R 0
752 17773 24742 1482 24790 1438 7373 1 0 0 0 0 0 0 1 1 1 0 R 0
753 17804 29469 781 29574 671 5154 1 0 0 0 0 0 0 1 1 2 0 R 0
754 17825 20139 599 20169 574 3988 1 0 0 0 0 0 0 1 1 0 0 R 0
755 17851 25266 1206 25284 1193 3767 1 0 0 0 0 0 0 1 1 1 0 R 0
756 17882 29667 768 28909 743 9093 1 0 1 0 0 0 0 1 1 1 0 R 0
757 17907 24706 779 24724 760 5229 1 0 0 0 0 0 0 1 1 3 0 R 0
758 17929 21497 576 21518 557 4546 1 0 0 0 0 0 0 1 1 1 0 R 0
759 17962 32356 608 29174 584 5713 1 0 1 0 0 0 0 1 1 1 0 R 0
760 17990 27361 1299 27479 1190 5489 1 0 0 0 0 0 0 1 1 1 0 R 0
761 18014 22891 614 22907 590 5002 1 0 0 0 0 0 0 1 1 1 0 R 0
762 18035 19506 604 19534 574 3792 1 0 0 0 0 0 0 1 1 1 0 R 0
763 18063 27410 1188 27436 1175 5698 1 0 0 0 0 0 0 1 1 1 0 R 0
764 18093 29505 1142 29618 1018 6662 1 0 0 0 0 0 0 1 1 1 0 R 0
765 18121 26423 614 26448 591 12527 1 0 0 0 0 0 0 1 1 2 0 R 0
766 18143 21672 674 21696 648 4277 1 0 0 0 0 0 0 1 1 1 0 R 0
767 18171 27464 1030 27488 1008 4325 1 0 0 0 0 0 0 1 1 1 0 R 0
768 18200 27830 1034 27852 1123 6501 1 0 0 0 0 0 0 1 1 1 0 R 0
769 18222 21327 613 21233 591 4877 1 0 0 0 0 0 0 1 1 1 0 R 0
770 18242 18786 1966 18811 1958 4275 1 0 0 0 0 0 0 1 1 1 0 R 0
771 18272 28581 1028 28593 1119 3693 1 0 0 0 0 0 0 1 1 2 0 R 0
772 18302 28811 953 28718 937 6554 1 0 0 0 0 0 0 1 1 1 0 R 0
773 18324 20499 618 20517 594 4327 1 0 0 0 0 0 0 1 1 1 0 R 0
774 18344 20033 2142 20056 2125 3907 1 0 0 0 0 0 0 1 1 1 0 R 0
775 18371 24977 1031 24993 1010 3681 1 0 0 0 0 0 0 1 1 2 0 R 0
776 18400 27117 766 27137 743 6744 1 0 0 0 0 0 0 1 1 1 0 R 0
777 18423 22512 588 22538 561 5313 1 0 0 0 0 0 0 1 1 1 0 R 0
778 18443 19322 587 19347 565 4239 1 0 0 0 0 0 0 1 1 1 0 R 0
779 18470 26367 582 26385 564 4944 1 0 0 0 0 0 0 1 1 2 0 R 0
780 18504 33322 625 33364 586 13111 1 0 0 0 0 0 0 1 1 1 0 R 0
781 18531 26381 1116 26453 1059 5556 1 0 0 0 0 0 0 1 1 1 0 R 0
782 18559 27244 992 27269 957 4437 1 0 0 0 0 0 0 1 1 2 0 R 0
783 18597 37473 918 23190 723 21967 1 3 4 0 0 0 0 0 0 2 0 R 1
784 18623 24212 595 20064 565 5657 1 0 3 0 0 0 0 1 1 1 0 R 0
785 18644 20420 574 20445 551 3801 1 0 0 0 0 0 0 1 1 1 0 R 0
786 18667 22883 736 22902 730 4007 1 0 0 0 0 0 0 1 1 1 0 R 0
787 18695 27605 1673 28290 980 4827 1 0 0 0 0 0 0 1 1 1 0 R 0
788 18722 25305 608 25329 585 5190 1 0 0 0 0 0 0 1 1 1 0 R 0
789 18745 21720 575 21743 545 3736 1 0 0 0 0 0 0 1 1 2 0 R 0
790 18767 21938 610 21960 594 3856 1 0 0 0 0 0 0 1 1 1 0 R 0
791 18795 27224 1486 27340 1374 6264 1 0 0 0 0 0 0 1 1 1 0 R 0
792 18821 24873 632 24890 608 5704 1 0 0 0 0 0 0 1 1 1 0 R 0
793 18843 21198 568 21219 552 4517 1 0 0 0 0 0 0 1 1 2 0 R 0
794 18864 20564 592 20586 568 3933 1 0 0 0 0 0 0 1 1 1 0 R 0
795 18900 35330 1027 34828 1021 11947 1 0 1 0 0 0 0 1 1 1 0 R 0
796 18925 23649 942 23667 921 5440 1 0 0 0 0 0 0 1 1 1 0 R 0
797 18947 20663 563 20672 547 4196 1 0 0 0 0 0 0 1 1 1 0 R 0
798 18968 20997 887 21017 977 3848 1 0 0 0 0 0 0 1 1 2 0 R 0
799 18999 29461 873 29464 758 5230 1 0 0 0 0 0 0 1 1 1 0 R 0
800 19025 25115 592 25144 567 5335 1 0 0 0 0 0 0 1 1 1 0 R 0
801 19047 22255 668 22271 646 4112 1 0 0 0 0 0 0 1 1 1 0 R 0
802 19070 21860 694 21900 658 3895 1 0 0 0 0 0 0 1 1 1 0 R 0
803 19100 29608 1057 29629 1043 5213 1 0 0 0 0 0 0 1 1 2 0 R 0
804 19127 25598 581 25611 565 5196 1 0 0 0 0 0 0 1 1 1 0 R 0
805 19148 20724 581 20743 560 4081 1 0 0 0 0 0 0 1 1 1 0 R 0
806 19170 21021 588 21043 563 3793 1 0 0 0 0 0 0 1 1 1 0 R 0
807 19198 27797 978 27907 981 5095 1 0 0 0 0 0 0 1 1 2 0 R 0
808 19225 26204 942 26119 922 4876 1 0 0 0 0 0 0 1 1 1 0 R 0
809 19247 21101 632 21113 613 3949 1 0 0 0 0 0 0 1 1 1 0 R 0
810 19273 24781 1286 24810 1276 8374 1 0 0 0 0 1 0 1 1 1 0 R 0
811 19303 28691 897 28699 876 4166 1 0 0 0 0 0 0 1 1 2 0 R 0
812 19330 26025 597 26048 571 6298 1 0 0 0 0 0 0 1 1 1 0 R 0
813 19351 21135 571 21157 546 4320 1 0 0 0 0 0 0 1 1 1 0 R 0
814 19373 20977 598 21006 576 4488 1 0 0 0 0 0 0 1 1 1 0 R 0
815 19402 28257 1010 28275 994 4703 1 0 0 0 0 0 0 1 1 1 0 R 0
816 19428 25455 997 25470 977 5711 1 0 0 0 0 0 0 1 1 2 0 R 0
817 19454 24912 588 24934 561 7974 1 0 0 0 0 0 0 1 1 1 0 R 0
818 19477 22376 570 22397 549 3708 1 0 0 0 0 0 0 1 1 1 0 R 0
819 19506 28298 960 28436 827 4580 1 0 0 0 0 0 0 1 1 1 0 R 0
820 19535 27717 1984 27743 1975 7884 1 0 0 0 0 0 0 1 1 1 0 R 0
821 19561 23903 586 23909 561 5061 1 0 0 0 0 0 0 1 1 1 0 R 0
822 19582 20666 591 20692 563 4325 1 0 0 0 0 0 0 1 1 2 0 R 0
823 19611 28053 993 28080 969 4440 1 0 0 0 0 0 0 1 1 2 0 R 0
824 19637 25167 594 25186 571 7057 1 0 0 0 0 0 0 1 1 1 0 R 0
825 19663 25759 622 25787 594 11703 1 0 0 0 0 0 0 1 1 1 0 R 0
826 19684 20717 585 20744 560 3988 1 0 0 0 0 0 0 1 1 0 0 R 0
827 19713 27729 1180 27757 1160 4114 1 0 0 0 0 0 0 1 1 1 0 R 0
828 19742 28453 1317 28468 1311 6559 1 0 0 0 0 0 0 1 1 2 0 R 0
829 19767 23186 595 23192 571 4774 1 0 0 0 0 0 0 1 1 1 0 R 0
830 19789 21559 1038 21582 1025 3893 1 0 0 0 0 0 0 1 1 1 0 R 0
831 19820 29571 571 29586 549 6358 1 0 0 0 0 0 0 1 1 1 0 R 0
832 19843 22962 598 22985 570 5066 1 0 0 0 0 0 0 1 1 1 0 R 0
833 19866 22755 591 22015 576 4090 1 0 1 0 0 1 0 1 1 2 0 R 0
834 19889 21484 588 21503 568 3860 1 0 0 0 0 0 0 1 1 1 0 R 0
835 19918 28837 1044 28852 1033 4828 1 0 0 0 0 0 0 1 1 1 0 R 0
836 19945 25735 594 25756 564 5094 1 0 0 0 0 0 0 1 1 2 0 R 0
837 19967 21887 545 21906 528 4043 1 0 0 0 0 0 0 1 1 1 0 R 0
838 19988 20499 592 20524 573 3877 1 0 0 0 0 0 0 1 1 1 0 R 0
839 20010 21583 579 21602 563 4748 1 0 0 0 0 0 0 1 1 1 0 R 0
840 20042 31357 1019 31375 1001 13074 1 0 0 0 0 0 0 1 1 1 0 R 0
841 20066 22858 557 22869 540 4055 1 0 0 0 0 0 0 1 1 1 0 R 0
842 20085 18423 1919 18447 1903 3886 1 0 0 0 0 0 0 1 1 2 0 R 0
843 20113 25472 1132 25488 1133 4512 1 0 0 0 0 0 0 1 1 2 0 R 0
844 20142 27763 1011 27767 985 4372 1 0 0 0 0 0 0 1 1 1 0 R 0
845 20165 22365 587 22389 573 4706 1 0 0 0 0 0 0 1 1 1 0 R 0
846 20185 19554 959 19567 940 3917 1 0 0 0 0 0 0 1 1 1 0 R 0
847 20211 25458 1009 25477 991 4601 1 0 0 0 0 0 0 1 1 1 0 R 0
848 20241 28601 1712 28726 1590 6558 1 0 0 0 0 0 0 1 1 2 0 R 0
849 20266 23298 554 23303 544 4682 1 0 0 0 0 0 0 1 1 1 0 R 0
850 20285 18710 907 18725 891 3871 1 0 0 0 0 0 0 1 1 1 0 R 0
851 20313 26786 1006 26903 992 5355 1 0 0 0 0 0 0 1 1 1 0 R 0
852 20344 29616 1127 29629 1013 6533 1 0 0 0 0 0 0 1 1 1 0 R 0
853 20369 23877 581 23893 553 5619 1 0 0 0 0 0 0 1 1 1 0 R 0
854 20388 19187 596 19212 572 3919 1 0 0 0 0 0 0 1 1 1 0 R 0
855 20420 30593 1031 30619 1012 10170 1 0 0 0 0 0 0 1 1 2 0 R 0
856 20449 28654 1021 28673 1007 5687 1 0 0 0 0 0 0 1 1 1 0 R 0
857 20473 22376 794 22434 729 4659 1 0 0 0 0 0 0 1 1 1 0 R 0
858 20492 18735 575 18753 558 4268 1 0 0 0 0 0 0 1 1 1 0 R 0
859 20522 29460 1162 29573 1048 6095 1 0 0 0 0 0 0 1 1 1 0 R 0
860 20552 29036 1012 29055 1109 6198 1 0 0 0 0 0 0 1 1 1 0 R 0
861 20577 23326 619 23222 598 3718 1 0 0 0 0 0 0 1 1 2 0 R 0
862 20597 19810 1711 19832 1698 3847 1 0 0 0 0 0 0 1 1 1 0 R 0
863 20626 27141 979 27265 957 4184 1 0 0 0 0 0 0 1 1 1 0 R 0
864 20654 27155 1013 27070 996 7693 1 0 0 0 0 0 0 1 1 1 0 R 0
865 20681 25484 608 25503 582 7444 1 0 0 0 0 0 0 1 1 1 0 R 0
866 20702 20790 1145 20914 1028 4265 1 0 0 0 0 0 0 1 1 1 0 R 0
867 20729 25609 981 25717 988 4445 1 0 0 0 0 0 0 1 1 2 0 R 0
868 20760 30117 1027 30019 1008 7757 1 0 0 0 0 0 0 1 1 1 0 R 0
869 20782 20876 586 20894 565 4329 1 0 0 0 0 0 0 1 1 1 0 R 0
870 20808 25361 579 25380 562 7662 1 0 0 0 0 0 0 1 1 1 0 R 0
871 20834 26016 999 26036 977 4419 1 0 0 0 0 0 0 1 1 2 0 R 0
872 20865 29936 1363 29962 1354 7646 1 0 0 0 0 0 0 1 1 1 0 R 0
873 20890 23272 575 23281 547 7483 1 0 0 0 0 0 0 1 1 1 0 R 0
874 20912 21733 769 21418 737 5011 1 0 1 0 0 0 0 1 1 1 0 R 0
875 20943 30373 991 30390 969 4090 1 0 0 0 0 0 0 1 1 1 0 R 0
876 20971 26350 585 26374 564 6646 1 0 0 0 0 0 0 1 1 1 0 R 0
877 20992 20611 580 20632 557 4691 1 0 0 0 0 0 0 1 1 1 0 R 0
878 21013 20792 628 20818 604 4097 1 0 0 0 0 0 0 1 1 2 0 R 0
879 21043 29473 584 29497 560 4703 1 0 0 0 0 0 0 1 1 1 0 R 0
880 21071 26929 590 26954 562 4777 1 0 0 0 0 0 0 1 1 1 0 R 0
881 21093 21254 577 21280 550 4393 1 0 0 0 0 0 0 1 1 1 0 R 0
882 21113 19895 601 19925 579 4437 1 0 0 0 0 0 0 1 1 2 0 R 0
883 21139 24606 819 24620 805 4237 1 0 0 0 0 0 0 1 1 1 0 R 0
884 21162 22955 902 22974 880 7299 1 0 0 0 0 0 0 1 1 1 0 R 0
885 21191 27806 584 27829 556 13104 1 0 0 0 0 0 0 1 1 1 0 R 0
886 21214 22144 773 22175 745 4609 1 0 0 0 0 0 0 1 1 1 0 R 0
887 21237 22419 604 22444 576 3902 1 0 0 0 0 0 0 1 1 1 0 R 0
888 21259 21499 588 21526 562 4616 1 0 0 0 0 0 0 1 1 2 0 R 0
889 21282 22445 588 22470 562 4783 1 0 0 0 0 0 0 1 1 1 0 R 0
890 21303 20466 609 20496 579 4213 1 0 0 0 0 0 0 1 1 1 0 R 0
891 21325 21698 915 21729 889 3756 1 0 0 0 0 0 0 1 1 2 0 R 0
892 21345 19091 963 19114 939 3897 1 0 0 0 0 0 0 1 1 1 0 R 0
893 21369 22697 588 22717 563 5554 1 0 0 0 0 0 0 1 1 1 0 R 0
894 21390 20119 587 20148 560 4628 1 0 0 0 0 0 0 1 1 1 0 R 0
895 21411 20633 577 20655 554 4293 1 0 0 0 0 0 0 1 1 1 0 R 0
896 21433 21283 581 21307 559 6070 1 0 0 0 0 0 0 1 1 1 0 R 0
897 21454 20822 750 20846 725 4381 1 0 0 0 0 0 0 1 1 1 0 R 0
898 21475 20190 924 20214 904 4294 1 0 0 0 0 0 0 1 1 2 0 R 0
899 21498 21575 570 21594 551 4046 1 0 0 0 0 0 0 1 1 1 0 R 0
900 21522 23357 601 23379 578 8863 1 0 0 0 0 0 0 1 1 1 0 R 0
901 21543 20265 575 20286 556 4171 1 0 0 0 0 0 0 1 1 1 0 R 0
902 21564 20647 584 20666 559 4219 1 0 0 0 0 0 0 1 1 2 0 R 0
903 21589 24357 576 24384 551 5388 1 0 0 0 0 0 0 1 1 1 0 R 0
904 21609 19716 586 19741 562 4714 1 0 0 0 0 0 0 1 1 1 0 R 0
905 21632 22645 699 22680 664 3783 1 0 0 0 0 0 0 1 1 1 0 R 0
906 21653 19937 583 19957 562 4983 1 0 0 0 0 0 0 1 1 1 0 R 0
907 21674 20812 568 20835 548 4198 1 0 0 0 0 0 0 1 1 1 0 R 0
908 21695 20509 1148 20536 1121 3935 1 0 0 0 0 0 0 1 1 2 0 R 0
909 21717 20562 548 20576 533 3661 1 0 0 0 0 0 0 1 1 1 0 R 0
910 21738 20325 614 20345 593 3840 1 0 0 0 0 0 0 1 1 1 0 R 0
911 21760 21934 774 22060 645 3959 1 0 0 0 0 0 0 1 1 1 0 R 0
912 21783 21554 1231 21581 1220 4662 1 0 0 0 0 1 0 1 1 2 0 R 0
913 21806 22018 559 22019 544 4000 1 0 0 0 0 0 0 1 1 1 0 R 0
914 21825 18473 942 18506 911 3920 1 0 0 0 0 0 0 1 1 1 0 R 0
915 21852 25767 606 25785 587 10682 1 0 0 0 0 0 0 1 1 1 0 R 0
916 21875 22814 1571 22840 1544 4321 1 0 0 0 0 0 0 1 1 1 0 R 0
917 21900 23243 569 23267 542 4450 1 0 0 0 0 0 0 1 1 2 0 R 0
918 21920 19571 701 19617 674 4332 1 0 0 0 0 0 0 1 1 1 0 R 0
919 21944 22794 570 22576 546 4103 1 0 1 0 0 0 0 1 1 1 0 R 0
920 21967 22909 602 22941 569 4070 1 0 0 0 0 0 0 1 1 1 0 R 0
921 21990 22189 576 22213 550 4206 1 0 0 0 0 0 0 1 1 1 0 R 0
922 22010 19539 616 19561 596 4786 1 0 0 0 0 0 0 1 1 1 0 R 0
923 22033 21944 582 21965 558 4082 1 0 0 0 0 0 0 1 1 2 0 R 0
924 22054 20831 993 20882 943 4242 1 0 0 0 0 0 0 1 1 1 0 R 0
925 22079 24466 771 24505 740 3772 1 0 0 0 0 0 0 1 1 2 0 R 0
926 22100 19995 579 20012 553 4501 1 0 0 0 0 1 0 1 1 1 0 R 0
927 22122 21008 928 21064 882 4503 1 0 0 0 0 0 0 1 1 2 0 R 0
928 22142 19724 592 19737 570 4318 1 0 0 0 0 0 0 1 1 1 0 R 0
929 22170 27018 619 27041 594 3864 1 0 0 0 0 0 0 1 1 1 0 R 0
930 22193 22775 583 22798 565 9013 1 0 0 0 0 0 0 1 1 1 0 R 0
931 22214 20365 576 20385 553 3903 1 0 0 0 0 0 0 1 1 1 0 R 0
932 22234 19423 605 19444 584 3892 1 0 0 0 0 0 0 1 1 1 0 R 0
933 22258 22981 949 23087 841 3745 1 0 0 0 0 0 0 1 1 2 0 R 0
934 22279 20209 800 20233 780 4279 1 0 0 0 0 0 0 1 1 1 0 R 0
935 22302 22221 778 22245 770 4120 1 0 0 0 0 0 0 1 1 1 0 R 0
936 22323 19925 582 19929 558 4715 1 0 0 0 0 0 0 1 1 1 0 R 0
937 22346 22761 561 22779 545 3945 1 0 0 0 0 0 0 1 1 2 0 R 0
938 22372 25588 994 25614 970 4220 1 0 0 0 0 0 0 1 1 1 0 R 0
939 22405 31388 1795 31410 1789 6465 1 0 0 0 0 0 0 1 1 1 0 R 0
940 22428 21265 574 21272 549 5320 1 0 0 0 0 0 0 1 1 1 0 R 0
941 22451 22277 1012 22301 993 3671 1 0 0 0 0 0 0 1 1 1 0 R 0
942 22481 28933 582 28952 558 5596 1 0 0 0 0 0 0 1 1 2 0 R 0
943 22509 27592 584 27616 562 7142 1 0 0 0 0 0 0 1 1 1 0 R 0
944 22529 19954 582 19974 559 4252 1 0 0 0 0 0 0 1 1 1 0 R 0
945 22557 27080 769 27140 717 7606 1 0 0 0 0 0 0 1 1 1 0 R 0
946 22585 26822 1921 26939 1832 5949 1 0 0 0 0 0 0 1 1 1 0 R 0
947 22612 25645 574 25635 549 6267 1 0 0 0 0 0 0 1 1 1 0 R 0
948 22632 19135 601 19172 559 4668 1 0 0 0 0 0 0 1 1 1 0 R 0
949 22654 21404 579 21431 556 4222 1 0 0 0 0 0 0 1 1 1 0 R 0
950 22684 29484 1039 29509 1013 4711 1 0 0 0 0 0 0 1 1 2 0 R 0
951 22711 26212 664 26253 635 3911 1 0 0 0 0 0 0 1 1 1 0 R 0
952 22732 19881 603 19890 581 4759 1 0 0 0 0 0 0 1 1 1 0 R 0
953 22754 21698 593 21727 566 4119 1 0 0 0 0 0 0 1 1 1 0 R 0
954 22779 24153 1013 24174 997 4868 1 0 0 0 0 0 0 1 1 1 0 R 0
955 22810 29910 574 29925 554 7239 1 0 0 0 0 0 0 1 1 1 0 R 0
956 22831 20719 577 20741 552 4361 1 0 0 0 0 0 0 1 1 3 0 R 0
957 22853 21702 1474 21826 1362 4282 1 0 0 0 0 0 0 1 1 1 0 R 0
958 22881 25783 1064 25796 1048 4585 1 0 0 0 0 0 0 1 1 1 0 R 0
959 22916 34550 1512 33722 1536 6510 1 0 1 0 0 0 0 1 1 1 0 R 0
960 22941 23629 603 23613 581 10568 1 0 0 0 0 0 0 1 1 1 0 R 0
961 22965 23408 1076 23475 1021 4460 1 0 0 0 0 0 0 1 1 1 0 R 0
962 22993 27029 1171 27040 1158 6032 1 0 0 0 0 0 0 1 1 2 0 R 0
963 23021 26273 582 26288 558 6539 1 0 0 0 0 0 0 1 1 1 0 R 0
964 23042 20116 618 20133 600 4626 1 0 0 0 0 0 0 1 1 1 0 R 0
965 23064 21521 1243 21543 1226 4151 1 0 0 0 0 0 0 1 1 1 0 R 0
966 23093 27588 1051 27606 1027 4563 1 0 0 0 0 0 0 1 1 1 0 R 0
967 23122 27986 780 28012 756 5874 1 0 0 0 0 0 0 1 1 2 0 R 0
968 23142 19688 591 19709 569 4644 1 0 0 0 0 0 0 1 1 1 0 R 0
969 23164 21624 608 21653 579 4113 1 0 0 0 0 0 0 1 1 1 0 R 0
970 23193 27665 1001 27688 985 4371 1 0 0 0 0 0 0 1 1 1 0 R 0
971 23226 32656 917 32662 904 6784 1 0 0 0 0 0 0 1 1 1 0 R 0
972 23250 22364 587 22386 564 4588 1 0 0 0 0 0 0 1 1 2 0 R 0
973 23272 22385 570 22409 548 4351 1 0 0 0 0 0 0 1 1 1 0 R 0
974 23301 27831 850 27854 827 6669 1 0 0 0 0 0 0 1 1 1 0 R 0
975 23335 33157 1359 33182 1345 12093 1 0 0 0 0 0 0 1 1 1 0 R 0
976 23355 18705 1054 18723 1048 4185 1 0 0 0 0 0 0 1 1 1 0 R 0
977 23380 24128 1112 24221 995 3704 1 0 0 0 0 0 0 1 1 2 0 R 0
978 23408 26548 588 26569 568 6258 1 0 0 0 0 0 0 1 1 1 0 R 0
979 23430 21582 715 21601 697 3738 1 0 0 0 0 0 0 1 1 1 0 R 0
980 23452 21567 588 21587 563 6426 1 0 0 0 0 0 0 1 1 1 0 R 0
981 23476 23374 882 23555 704 4261 1 0 0 0 0 0 0 1 1 1 0 R 0
982 23505 28301 1617 28326 1609 5762 1 0 0 0 0 0 0 1 1 1 0 R 0
983 23533 25801 590 25808 567 7013 1 0 0 0 0 0 0 1 1 2 0 R 0
984 23553 19768 594 19788 570 4743 1 0 0 0 0 0 0 1 1 1 0 R 0
985 23576 22372 796 22387 905 3762 1 0 0 0 0 0 0 1 1 1 0 R 0
986 23606 29188 984 29080 980 4459 1 0 0 0 0 0 0 1 1 1 0 R 0
987 23634 26640 739 26653 716 5559 1 0 0 0 0 0 0 1 1 1 0 R 0
988 23654 19327 584 19350 562 4240 1 0 0 0 0 0 0 1 1 1 0 R 0
989 23678 23255 585 23271 563 3661 1 0 0 0 0 0 0 1 1 1 0 R 0
990 23710 31926 583 31955 557 10884 1 0 0 0 0 0 0 1 1 2 0 R 0
991 23737 26147 594 26169 572 5061 1 0 0 0 0 0 0 1 1 1 0 R 0
992 23758 20173 578 20194 557 4329 1 0 0 0 0 0 0 1 1 1 0 R 0
993 23780 21397 578 21423 551 3752 1 0 0 0 0 0 0 1 1 1 0 R 0
994 23809 29183 584 29209 561 5748 1 0 0 0 0 0 0 1 1 2 0 R 0
995 23837 27192 593 27211 577 6394 1 0 0 0 0 0 0 1 1 1 0 R 0
996 23860 21914 585 21700 563 4676 1 0 1 0 0 0 0 1 1 1 0 R 0
997 23883 22680 581 22707 557 4009 1 0 0 0 0 0 0 1 1 1 0 R 0
998 23909 25625 579 25646 559 4378 1 0 0 0 0 0 0 1 1 1 0 R 0
999 23939 28846 572 28867 554 6694 1 0 0 0 0 0 0 1 1 1 0 R 0
1000 23959 19782 585 19799 568 4138 1 0 0 0 0 0 0 1 1 2 0 R 0
1001 23982 22741 589 22763 566 4060 1 0 0 0 0 0 0 1 1 1 0 R 0
1002 24007 24620 1184 24744 1074 4865 1 0 0 0 0 0 0 1 1 1 0 R 0
1003 24040 31696 1002 31798 1007 7157 1 0 0 0 0 0 0 1 1 1 0 R 0
1004 24064 22148 628 22048 605 6858 1 0 0 0 0 0 0 1 1 1 0 R 0
1005 24092 27545 597 27584 558 7380 1 0 0 0 0 0 0 1 1 1 0 R 0
1006 24122 29247 1024 29269 1017 6917 1 0 0 0 0 0 0 1 1 1 0 R 0
1007 24154 30958 1068 30966 1062 7381 1 0 0 0 0 0 0 1 1 2 0 R 0
1008 24174 19653 593 19656 571 4178 1 0 0 0 0 0 0 1 1 1 0 R 0
1009 24199 24117 1224 24138 1219 3726 1 0 0 0 0 0 0 1 1 1 0 R 0
1010 24224 23420 594 23429 570 7245 1 0 0 0 0 0 0 1 1 1 0 R 0
1011 24244 20012 569 20031 549 3754 1 0 0 0 0 0 0 1 1 1 0 R 0
1012 24267 22034 606 22056 585 5167 1 0 0 0 0 0 0 1 1 2 0 R 0
1013 24290 22946 579 22965 555 3730 1 0 0 0 0 0 0 1 1 1 0 R 0
1014 24314 23137 615 23188 572 5486 1 0 0 0 0 0 0 1 1 1 0 R 0
1015 24345 30483 1869 30502 1863 6456 1 0 0 0 0 1 0 1 1 1 0 R 0
1016 24368 20466 583 20465 562 4106 1 0 0 0 0 0 0 1 1 1 0 R 0
1017 24391 23298 586 23322 561 3739 1 0 0 0 0 0 0 1 1 2 0 R 0
1018 24418 26356 1245 26380 1235 5287 1 0 0 0 0 0 0 1 1 1 0 R 0
1019 24452 32258 1018 32269 1003 6536 1 0 0 0 0 1 0 1 1 1 0 R 0
1020 24478 25451 590 25468 562 11932 1 0 0 0 0 0 0 1 1 1 0 R 0
1021 24502 23004 576 23032 549 3777 1 0 0 0 0 0 0 1 1 2 0 R 0
1022 24531 28241 1010 28363 1010 6793 1 0 0 0 0 0 0 1 1 1 0 R 0
1023 24557 25351 561 25251 545 7073 1 0 0 0 0 0 0 1 1 1 0 R 0
1024 24578 20247 579 20266 556 4276 1 0 0 0 0 0 0 1 1 2 0 R 0
1025 24601 22831 815 22953 694 3684 1 0 0 0 0 0 0 1 1 1 0 R 0
1026 24630 28028 996 28051 974 5798 1 0 0 0 0 0 0 1 1 1 0 R 0
1027 24660 28556 592 28582 566 6581 1 0 0 0 0 0 0 1 1 1 0 R 0
1028 24680 19849 610 19869 595 4647 1 0 0 0 0 0 0 1 1 1 0 R 0
1029 24703 22573 1032 22592 1007 4971 1 0 0 0 0 0 0 1 1 1 0 R 0
1030 24733 28443 1040 28467 1021 4915 1 0 0 0 0 0 0 1 1 1 0 R 0
1031 24761 27654 626 27677 598 6934 1 0 0 0 0 0 0 1 1 2 0 R 0
1032 24782 20199 585 20221 566 4670 1 0 0 0 0 0 0 1 1 1 0 R 0
1033 24806 23545 969 23559 962 4175 1 0 0 0 0 0 0 1 1 1 0 R 0
1034 24828 20229 589 20245 567 4486 1 0 0 0 0 0 0 1 1 1 0 R 0
1035 24852 23882 587 23905 563 8211 1 0 0 0 0 0 0 1 1 1 0 R 0
1036 24874 21719 599 21747 570 4326 1 0 0 0 0 0 0 1 1 2 0 R 0
1037 24896 21066 1316 21093 965 3661 1 0 0 0 1 0 0 1 1 1 0 R 0
1038 24922 24654 1150 24760 1044 4494 1 0 0 0 0 0 0 1 1 1 0 R 0
1039 24954 31043 995 31154 991 6851 1 0 0 0 0 0 0 1 1 1 0 R 0
1040 24980 24249 584 24156 559 7764 1 0 0 0 0 0 0 1 1 1 0 R 0
1041 25002 22106 1026 22132 1010 4138 1 0 0 0 0 0 0 1 1 1 0 R 0
1042 25030 26819 1040 26833 1024 5350 1 0 0 0 0 0 0 1 1 2 0 R 0
1043 25063 32041 604 32060 577 7413 1 0 0 0 0 0 0 1 1 1 0 R 0
1044 25084 20295 592 20321 571 4405 1 0 0 0 0 0 0 1 1 1 0 R 0
1045 25108 23321 569 23339 548 3868 1 0 0 0 0 0 0 1 1 1 0 R 0
1046 25131 22578 1177 23126 633 4670 1 0 0 0 0 0 0 1 1 2 0 R 0
1047 25162 29629 1189 29651 1175 5806 1 0 0 0 0 0 0 1 1 1 0 R 0
1048 25187 23893 623 23911 593 6970 1 0 0 0 0 0 0 1 1 1 0 R 0
1049 25211 23391 583 23412 567 3754 1 0 0 0 0 0 0 1 1 1 0 R 0
1050 25243 31376 1025 31395 1005 10956 1 0 0 0 0 0 0 1 1 1 0 R 0
1051 25273 29400 768 29423 745 6589 1 0 0 0 0 0 0 1 1 2 0 R 0
1052 25297 22556 600 22592 561 4864 1 0 0 0 0 0 0 1 1 1 0 R 0
1053 25320 22848 606 22871 580 3721 1 0 0 0 0 0 0 1 1 1 0 R 0
1054 25349 28386 574 28411 551 6092 1 0 0 0 0 0 0 1 1 1 0 R 0
1055 25370 20649 608 20684 568 4280 1 0 0 0 0 0 0 1 1 1 0 R 0
1056 25392 21263 639 21297 608 6062 1 0 0 0 0 0 0 1 1 1 0 R 0
1057 25417 23851 556 23870 534 4087 1 0 0 0 0 0 0 1 1 2 0 R 0
1058 25443 25691 1162 25720 1136 4585 1 0 0 0 0 0 0 1 1 1 0 R 0
1059 25477 32570 1480 32597 1468 6832 1 0 0 0 0 0 0 1 1 1 0 R 0
1060 25499 21065 596 21075 569 5745 1 0 0 0 0 0 0 1 1 1 0 R 0
1061 25522 22317 1053 22343 1026 3749 1 0 0 0 0 0 0 1 1 1 0 R 0
1062 25553 30035 1430 30060 1531 4690 1 0 0 0 0 0 0 1 1 2 0 R 0
1063 25587 32257 874 32148 868 5576 1 0 0 0 0 0 0 1 1 1 0 R 0
1064 25608 20088 573 20097 556 4224 1 0 0 0 0 0 0 1 1 1 0 R 0
1065 25637 28951 978 28969 965 9354 1 0 0 0 0 0 0 1 1 2 0 R 0
1066 25663 24153 611 24171 585 7740 1 0 0 0 0 0 0 1 1 1 0 R 0
1067 25684 20753 922 20776 901 4209 1 0 0 0 0 0 0 1 1 1 0 R 0
1068 25707 22600 610 22621 588 4456 1 0 0 0 0 0 0 1 1 1 0 R 0
1069 25731 22823 641 22854 608 3681 1 0 0 0 0 0 0 1 1 1 0 R 0
1070 25761 29610 1038 29636 1013 7064 1 0 0 0 0 0 0 1 1 2 0 R 0
1071 25788 25694 558 25717 535 6673 1 0 0 0 0 0 0 1 1 1 0 R 0
1072 25808 19374 577 19396 555 3890 1 0 0 0 0 0 0 1 1 1 0 R 0
1073 25832 23277 910 23393 790 3669 1 0 0 0 0 0 0 1 1 1 0 R 0
1074 25863 30150 1020 29642 1001 6360 1 0 1 0 0 0 0 1 1 1 0 R 0
1075 25894 30198 1279 30319 1155 6707 1 0 0 0 0 0 0 1 1 2 0 R 0
1076 25915 20197 959 20223 938 4056 1 0 0 0 0 0 0 1 1 1 0 R 0
1077 25941 24618 1030 24638 1122 3742 1 0 0 0 0 0 0 1 1 1 0 R 0
1078 25971 29024 759 28928 737 7132 1 0 0 0 0 0 0 1 1 2 0 R 0
1079 26001 29306 576 29330 548 5827 1 0 0 0 0 0 0 1 1 1 0 R 0
1080 26028 26199 666 26221 651 8259 1 0 0 0 0 0 0 1 1 1 0 R 0
1081 26058 29838 1043 29882 1004 4853 1 0 0 0 0 0 0 1 1 2 0 R 0
1082 26080 20675 625 20694 603 4396 1 0 0 0 0 0 0 1 1 1 0 R 0
1083 26104 23325 582 23351 551 4165 1 0 0 0 0 0 0 1 1 1 0 R 0
1084 26125 20016 767 20083 700 3825 1 0 0 0 0 0 0 1 1 1 0 R 0
1085 26155 29475 1496 29504 1489 4433 1 0 0 0 0 0 0 1 1 2 0 R 0
1086 26184 27906 1045 27924 1006 7547 1 0 0 0 0 0 0 1 1 1 0 R 0
1087 26211 25162 616 25189 587 7737 1 0 0 0 0 0 0 1 1 1 0 R 0
1088 26232 20769 1019 20793 1007 4291 1 0 0 0 0 0 0 1 1 1 0 R 0
1089 26262 28728 987 28834 982 4337 1 0 0 0 0 0 0 1 1 2 0 R 0
1090 26291 28563 598 28478 577 6457 1 0 0 0 0 0 0 1 1 1 0 R 0
1091 26314 21817 577 21835 560 4349 1 0 0 0 0 0 0 1 1 1 0 R 0
1092 26335 21015 1043 21131 928 3648 1 0 0 0 0 0 0 1 1 1 0 R 0
1093 26363 26533 1038 26547 1018 4779 1 0 0 0 0 0 0 1 1 1 0 R 0
1094 26394 30109 997 30236 866 6550 1 0 0 0 0 0 0 1 1 2 0 R 0
1095 26420 25087 621 25113 598 10095 1 0 0 0 0 0 0 1 1 1 0 R 0
1096 26441 20372 590 20397 565 4266 1 0 0 0 0 0 0 1 1 1 0 R 0
1097 26471 29851 582 29875 560 4921 1 0 0 0 0 0 0 1 1 1 0 R 0
1098 26503 30811 934 30912 835 6836 1 0 0 0 0 0 0 1 1 1 0 R 0
1099 26526 22328 692 22370 649 4525 1 0 0 0 0 0 0 1 1 1 0 R 0
1100 26550 23180 588 23201 567 3905 1 0 0 0 0 0 0 1 1 2 0 R 0
1101 26580 29113 995 29233 987 5302 1 0 0 0 0 0 0 1 1 1 0 R 0
1102 26605 24630 1029 24554 997 7465 1 0 0 0 0 0 0 1 1 1 0 R 0
1103 26627 20884 594 20896 577 4108 1 0 0 0 0 0 0 1 1 1 0 R 0
1104 26649 21035 1037 21057 1016 3924 1 0 0 0 0 0 0 1 1 2 0 R 0
1105 26680 30519 1042 30542 1335 5305 1 0 0 0 0 0 0 1 1 1 0 R 0
1106 26706 24784 570 24483 553 6525 1 0 0 0 0 0 0 1 1 1 0 R 0
1107 26728 21339 578 21360 557 4077 1 0 0 0 0 0 0 1 1 1 0 R 0
1108 26750 21171 586 21192 562 3919 1 0 0 0 0 0 0 1 1 1 0 R 0
1109 26774 23213 593 23243 570 4174 1 0 0 0 0 0 0 1 1 1 0 R 0
1110 26803 29124 668 29147 638 13374 1 0 0 0 0 0 0 1 1 2 0 R 0
1111 26826 22327 559 22347 541 3909 1 0 0 0 0 0 0 1 1 1 0 R 0
1112 26849 21803 588 21823 564 3928 1 0 0 0 0 1 0 1 1 1 0 R 0
1113 26875 25326 674 25374 633 5099 1 0 0 0 0 0 0 1 1 2 0 R 0
1114 26907 31330 573 31014 556 5925 1 0 1 0 0 0 0 1 1 1 0 R 0
1115 26928 20681 566 20701 549 3940 1 0 0 0 0 0 0 1 1 1 0 R 0
1116 26950 20974 718 20991 698 3892 1 0 0 0 0 0 0 1 1 1 0 R 0
1117 26975 24761 3404 24829 3358 4414 1 0 0 0 0 1 0 1 1 1 0 R 0
1118 27012 33914 722 33913 709 7170 1 0 0 0 0 0 0 1 1 2 0 R 0
1119 27034 21128 585 21147 562 4448 1 0 0 0 0 0 0 1 1 1 0 R 0
1120 27058 23101 772 23120 749 3889 1 0 0 0 0 0 0 1 1 2 0 R 0
1121 27088 29610 981 29722 991 3971 1 0 0 0 0 0 0 1 1 1 0 R 0
1122 27115 25527 1383 25470 1341 5365 1 0 0 0 0 0 0 1 1 1 0 R 0
1123 27137 20526 569 20520 549 4108 1 0 0 0 0 0 0 1 1 1 0 R 0
1124 27158 20641 583 20664 564 3907 1 0 0 0 0 0 0 1 1 1 0 R 0
1125 27192 33421 668 33533 558 10985 1 0 0 0 0 0 0 1 1 2 0 R 0
1126 27216 23600 589 23614 575 5676 1 0 0 0 0 0 0 1 1 1 0 R 0
1127 27239 21813 569 21834 548 3757 1 0 0 0 0 0 0 1 1 1 0 R 0
1128 27259 20121 621 20146 596 3908 1 0 0 0 0 0 0 1 1 1 0 R 0
1129 27287 27385 995 27406 977 5074 1 0 0 0 0 0 0 1 1 1 0 R 0
1130 27315 27054 1073 27076 1055 5670 1 0 0 0 0 0 0 1 1 2 0 R 0
1131 27337 20591 596 20603 573 3951 1 0 0 0 0 0 0 1 1 1 0 R 0
1132 27359 21640 662 21660 643 3938 1 0 0 0 0 0 0 1 1 1 0 R 0
1133 27388 27714 1013 27734 994 5284 1 0 0 0 0 0 0 1 1 1 0 R 0
1134 27414 25279 584 25298 564 6648 1 0 0 0 0 0 0 1 1 2 0 R 0
1135 27436 21648 739 21671 716 3723 1 0 0 0 0 0 0 1 1 1 0 R 0
1136 27458 20745 582 20768 561 5086 1 0 0 0 0 0 0 1 1 1 0 R 0
1137 27483 24347 977 24367 957 4180 1 0 0 0 0 0 0 1 1 1 0 R 0
1138 27512 28172 1035 28192 1023 6119 1 0 0 0 0 0 0 1 1 1 0 R 0
1139 27537 23914 581 23925 559 6507 1 0 0 0 0 0 0 1 1 1 0 R 0
1140 27559 21614 582 21637 559 8046 1 0 0 0 0 0 0 1 1 1 0 R 0
1141 27589 29253 996 29277 977 5689 1 0 0 0 0 0 0 1 1 1 0 R 0
1142 27617 27865 1415 27987 1291 5847 1 0 0 0 0 0 0 1 1 2 0 R 0
1143 27641 21814 589 21835 566 5247 1 0 0 0 0 0 0 1 1 1 0 R 0
1144 27661 20071 610 20089 596 4184 1 0 0 0 0 0 0 1 1 1 0 R 0
1145 27685 22657 589 22679 563 4718 1 0 0 0 0 0 0 1 1 1 0 R 0
1146 27713 28241 1013 28264 989 6114 1 0 0 0 0 0 0 1 1 1 0 R 0
1147 27740 25131 592 25155 567 5653 1 0 0 0 0 0 0 1 1 2 0 R 0
1148 27760 20075 581 20099 560 4625 1 0 0 0 0 0 0 1 1 1 0 R 0
1149 27784 23132 1204 23153 1322 4907 1 0 0 0 0 0 0 1 1 1 0 R 0
1150 27814 28759 584 28645 560 5400 1 0 0 0 0 0 0 1 1 2 0 R 0
1151 27838 23559 565 23580 540 5309 1 0 0 0 0 0 0 1 1 1 0 R 0
1152 27860 21492 645 21540 612 3942 1 0 0 0 0 0 0 1 1 2 0 S 0
1153 27892 30859 1213 30282 1170 8259 1 0 1 0 0 0 0 1 1 1 0 R 0
1154 27922 28869 1028 28885 1012 6549 1 0 0 0 0 0 0 1 1 1 0 R 0
1155 27950 27108 584 27125 562 10407 1 0 0 0 0 0 0 1 1 1 0 R 0
1156 27970 19177 2033 19229 1987 4349 1 0 0 0 0 0 0 1 1 1 0 R 0
1157 27999 27622 994 27634 986 4193 1 0 0 0 0 0 0 1 1 1 0 R 0
1158 28027 27157 1065 27163 1051 7656 1 0 0 0 0 0 0 1 1 1 0 R 0
1159 28050 21574 617 21595 596 4611 1 0 0 0 0 0 0 1 1 1 0 R 0
1160 28071 20152 581 20168 558 4298 1 0 0 0 0 0 0 1 1 2 0 R 0
1161 28098 26536 562 26560 543 4516 1 0 0 0 0 0 0 1 1 1 0 R 0
1162 28128 29388 1021 29403 1006 7720 1 0 0 0 0 0 0 1 1 1 0 R 0
1163 28152 22732 577 22753 553 5161 1 0 0 0 0 0 0 1 1 1 0 R 0
1164 28172 19414 594 19438 571 4373 1 0 0 0 0 0 0 1 1 1 0 R 0
1165 28195 22687 899 22707 885 5538 1 0 0 0 0 0 0 1 1 2 0 R 0
1166 28222 25949 1174 26060 1060 5953 1 0 0 0 0 0 0 1 1 1 0 R 0
1167 28247 24461 570 24482 545 6361 1 0 0 0 0 0 0 1 1 1 0 R 0
1168 28267 19440 991 19494 935 3919 1 0 0 0 0 0 0 1 1 1 0 R 0
1169 28292 23625 587 23650 567 3727 1 0 0 0 0 0 0 1 1 1 0 R 0
1170 28324 31124 1222 31146 1213 13940 1 0 0 0 0 0 0 1 1 1 0 R 0
1171 28350 25063 582 25075 557 6607 1 0 0 0 0 0 0 1 1 2 0 R 0
1172 28370 19597 619 19616 602 4321 1 0 0 0 0 0 0 1 1 1 0 R 0
1173 28393 22573 583 22595 558 4131 1 0 0 0 0 0 0 1 1 2 0 R 0
1174 28420 25682 1031 25703 1023 5262 1 0 0 0 0 0 0 1 1 1 0 R 0
1175 28448 26821 577 26829 559 7540 1 0 0 0 0 0 0 1 1 1 0 R 0
1176 28468 19599 590 19620 569 4259 1 0 0 0 0 0 0 1 1 1 0 R 0
1177 28491 23124 770 23142 755 3725 1 0 0 0 0 0 0 1 1 1 0 R 0
1178 28517 25117 593 25135 570 4670 1 0 0 0 0 0 0 1 1 1 0 R 0
1179 28547 28945 565 28966 543 7242 1 0 0 0 0 0 0 1 1 2 0 R 0
1180 28568 20192 575 20212 560 3973 1 0 0 0 0 0 0 1 1 1 0 R 0
1181 28591 22338 582 22359 556 3779 1 0 0 0 0 0 0 1 1 1 0 R 0
1182 28617 25370 569 25386 553 4573 1 0 0 0 0 0 0 1 1 1 0 R 0
1183 28647 29901 984 30014 983 6910 1 0 0 0 0 0 0 1 1 1 0 R 0
1184 28671 23146 820 23088 769 5712 1 0 0 0 0 0 0 1 1 2 0 R 0
1185 28697 25378 942 25392 943 7808 1 0 0 0 0 0 0 1 1 1 0 R 0
1186 28725 27164 1719 27170 1708 6216 1 0 0 0 0 0 0 1 1 1 0 R 0
1187 28756 28752 573 28761 550 6911 1 0 0 0 0 0 0 1 1 1 0 R 0
1188 28779 22718 584 22740 560 4930 1 0 0 0 0 0 0 1 1 1 0 R 0
1189 28803 23128 586 23152 561 3743 1 0 0 0 0 0 0 1 1 1 0 R 0
1190 28832 28569 1015 28594 989 6309 1 0 0 0 0 0 0 1 1 1 0 R 0
1191 28857 24187 593 24208 572 5161 1 0 0 0 0 0 0 1 1 2 0 R 0
1192 28879 20925 579 20951 560 5905 1 0 0 0 0 0 0 1 1 1 0 R 0
1193 28904 24725 567 24071 542 4166 1 0 1 0 0 0 0 1 1 1 0 R 0
1194 28931 26761 990 26789 962 5749 1 0 0 0 0 0 0 1 1 1 0 R 0
1195 28957 24842 560 24864 544 5320 1 0 0 0 0 0 0 1 1 2 0 R 0
1196 28978 20317 587 20334 569 4228 1 0 0 0 0 0 0 1 1 1 0 R 0
1197 29000 21635 584 21658 557 3749 1 0 0 0 0 0 0 1 1 1 0 R 0
1198 29023 22269 586 22291 563 5133 1 0 0 0 0 0 0 1 1 1 0 R 0
1199 29054 30628 696 30655 671 6216 1 0 0 0 0 0 0 1 1 1 0 R 0
1200 29079 23464 582 23490 558 9860 1 0 0 0 0 0 0 1 1 2 0 R 0
1201 29101 21966 592 21991 566 3722 1 0 0 0 0 0 0 1 1 1 0 R 0
1202 29128 26138 974 26252 988 5200 1 0 0 0 0 0 0 1 1 1 0 R 0
1203 29158 29051 571 28945 547 5160 1 0 0 0 0 0 0 1 1 1 0 R 0
1204 29179 20250 611 20273 588 4079 1 0 0 0 0 0 0 1 1 1 0 R 0
1205 29202 22768 607 22796 574 4541 1 0 0 0 0 1 0 1 1 2 0 R 0
1206 29228 24939 1160 24959 1150 4791 1 0 0 0 0 0 0 1 1 1 0 R 0
1207 29257 28517 934 28533 917 5321 1 0 0 0 0 0 0 1 1 1 0 R 0
1208 29279 20819 621 20838 596 3872 1 0 0 0 0 0 0 1 1 1 0 R 0
1209 29300 20452 567 20475 543 3789 1 0 0 0 0 0 0 1 1 1 0 R 0
1210 29326 25747 1161 25877 1027 4741 1 0 0 0 0 0 0 1 1 1 0 R 0
1211 29357 29363 566 29389 540 6117 1 0 0 0 0 0 0 1 1 1 0 R 0
1212 29379 21443 587 21470 566 5602 1 0 0 0 0 0 0 1 1 2 0 R 0
1213 29401 21110 563 21126 543 3777 1 0 0 0 0 0 0 1 1 1 0 R 0
1214 29427 25258 1030 25276 1016 6014 1 0 0 0 0 0 0 1 1 1 0 R 0
1215 29460 32172 1320 32453 1040 12187 1 0 0 0 0 0 0 1 1 1 0 R 0
1216 29483 21475 590 21497 566 4755 1 0 0 0 0 0 0 1 1 2 0 R 0
1217 29503 19822 576 19842 556 4136 1 0 0 0 0 0 0 1 1 1 0 R 0
1218 29529 25077 582 25097 564 5989 1 0 0 0 0 0 0 1 1 1 0 R 0
1219 29558 29262 581 29281 558 5229 1 0 0 0 0 0 0 1 1 2 0 R 0
1220 29582 22641 1227 22664 1216 7099 1 0 0 0 0 1 0 1 1 1 0 R 0
1221 29603 20540 1033 20551 1011 4157 1 0 0 0 0 0 0 1 1 1 0 R 0
1222 29628 23410 673 23430 652 5279 1 0 0 0 0 0 0 1 1 2 0 R 0
1223 29658 29086 1052 29112 1025 6245 1 0 0 0 0 0 0 1 1 1 0 R 0
1224 29680 21668 950 21695 931 6595 1 0 0 0 0 0 0 1 1 1 0 R 0
1225 29702 20820 572 20834 554 4153 1 0 0 0 0 0 0 1 1 0 0 R 0
1226 29725 22777 1292 22799 1275 4339 1 0 0 0 0 0 0 1 1 2 0 R 0
1227 29755 28184 1583 28201 1696 5545 1 0 0 0 0 0 0 1 1 1 0 R 0
1228 29782 25720 1024 25606 1002 5222 1 0 0 0 0 0 0 1 1 1 0 R 0
1229 29805 21843 909 21865 894 4104 1 0 0 0 0 0 0 1 1 1 0 R 0
1230 29832 25624 771 25734 651 10973 1 0 0 0 0 0 0 1 1 1 0 R 0
1231 29863 30626 871 30748 746 5850 1 0 0 0 0 0 0 1 1 2 0 R 0
1232 29891 27329 785 27355 770 6899 1 0 0 0 0 0 0 1 1 1 0 R 0
1233 29913 20795 585 20814 559 4440 1 0 0 0 0 0 0 1 1 1 0 R 0
1234 29941 27549 1148 27123 1028 6039 1 0 1 0 0 0 0 1 1 1 0 R 0
1235 29971 28616 581 28640 558 7278 1 0 0 0 0 0 0 1 1 1 0 R 0
1236 29993 21731 603 21756 577 4182 1 0 0 0 0 0 0 1 1 2 0 R 0
1237 30014 20448 839 20513 776 4572 1 0 0 0 0 0 0 1 1 1 0 R 0
1238 30038 23322 894 23340 1230 5456 1 0 0 0 0 0 0 1 1 1 0 R 0
1239 30072 32870 996 32634 874 7723 1 0 0 0 0 0 0 1 1 1 0 R 0
1240 30094 21448 649 21475 627 5427 1 0 0 0 0 0 0 1 1 1 0 R 0
1241 30116 21014 841 21059 791 3690 1 0 0 0 0 0 0 1 1 2 0 R 0
1242 30140 23002 591 23028 564 5469 1 0 0 0 0 0 0 1 1 1 0 R 0
1243 30173 32072 1199 32241 1036 7826 1 0 0 0 0 0 0 1 1 1 0 R 0
1244 30199 25415 624 25435 601 6701 1 0 0 0 0 0 0 1 1 1 0 R 0
1245 30225 24926 1846 24950 1922 8827 1 0 0 0 0 0 0 1 1 1 0 R 0
1246 30248 21533 583 21452 566 3869 1 0 0 0 0 0 0 1 1 2 0 R 0
1247 30272 22785 1145 22909 1024 3732 1 0 0 0 0 0 0 1 1 1 0 R 0
1248 30294 21756 1024 21797 980 4519 1 0 0 0 0 0 0 1 1 1 0 R 0
1249 30319 23262 583 23284 563 4441 1 0 0 0 0 0 0 1 1 2 0 R 0
1250 30343 23407 1039 23428 1014 5819 1 0 0 0 0 0 0 1 1 1 0 R 0
1251 30375 30820 1534 30843 1628 4944 1 0 0 0 0 0 0 1 1 1 0 R 0
1252 30399 22599 596 22506 573 5785 1 0 0 0 0 0 0 1 1 1 0 R 0
1253 30420 20959 604 20978 582 3739 1 0 0 0 0 0 0 1 1 2 0 R 0
1254 30442 21491 587 21518 563 4239 1 0 0 0 0 0 0 1 1 1 0 R 0
1255 30474 31182 617 31207 592 5657 1 0 0 0 0 0 0 1 1 1 0 R 0
1256 30498 23357 574 23378 557 5097 1 0 0 0 0 0 0 1 1 1 0 R 0
1257 30520 20892 581 20908 561 4075 1 0 0 0 0 0 0 1 1 1 0 R 0
1258 30543 22889 836 22955 767 4344 1 0 0 0 0 0 0 1 1 1 0 R 0
1259 30572 28426 581 28450 555 5196 1 0 0 0 0 0 0 1 1 1 0 R 0
1260 30601 28503 605 28533 580 14081 1 0 0 0 0 0 0 1 1 1 0 R 0
1261 30623 20716 571 20736 553 4138 1 0 0 0 0 0 0 1 1 2 0 R 0
1262 30645 21947 919 21968 899 3883 1 0 0 0 0 0 0 1 1 1 0 R 0
1263 30678 31566 634 31583 610 5920 1 0 0 0 0 0 0 1 1 1 0 R 0
1264 30701 23049 763 23096 728 7496 1 0 0 0 0 0 0 1 1 1 0 R 0
1265 30723 20363 576 20376 552 4563 1 0 0 0 0 0 0 1 1 1 0 R 0
1266 30744 21031 751 21050 735 4053 1 0 0 0 0 0 0 1 1 2 0 R 0
1267 30774 28778 1458 28894 1357 4531 1 0 0 0 0 0 0 1 1 1 0 R 0
1268 30801 25723 622 25730 604 5361 1 0 0 0 0 0 0 1 1 1 0 R 0
1269 30822 20846 577 20868 552 4839 1 0 0 0 0 0 0 1 1 1 0 R 0
1270 30844 20717 601 20741 577 4195 1 0 0 0 0 0 0 1 1 1 0 R 0
1271 30872 28087 587 28114 562 4731 1 0 0 0 0 0 0 1 1 1 0 R 0
1272 30901 28008 605 27640 581 5035 1 0 1 0 0 0 0 1 1 1 0 R 0
1273 30923 21265 577 21287 550 4350 1 0 0 0 0 0 0 1 1 2 0 R 0
1274 30945 21479 600 21510 572 4237 1 0 0 0 0 0 0 1 1 1 0 R 0
1275 30977 31939 567 31959 547 10738 1 0 0 0 0 0 0 1 1 1 0 R 0
1276 31004 26127 1014 26153 994 6287 1 0 0 0 0 0 0 1 1 2 0 R 0
1277 31030 24401 614 24418 592 5598 1 0 0 0 0 0 0 1 1 1 0 R 0
1278 31051 21057 587 21080 562 4319 1 0 0 0 0 0 0 1 1 1 0 R 0
1279 31079 27305 587 27335 559 4586 1 0 0 0 0 0 0 1 1 1 0 R 0
1280 31105 25672 959 25697 938 7253 1 0 0 0 0 0 0 1 1 1 0 R 0
1281 31127 20674 633 20700 611 3905 1 0 0 0 0 0 0 1 1 1 0 R 0
1282 31150 22316 581 22331 559 3914 1 0 0 0 0 0 0 1 1 2 0 R 0
1283 31179 28589 578 28616 554 4850 1 0 0 0 0 0 0 1 1 1 0 R 0
1284 31204 24143 1064 24185 1024 4914 1 0 0 0 0 0 0 1 1 2 0 R 0
1285 31228 22793 570 22813 546 3646 1 0 0 0 0 0 0 1 1 0 0 R 0
1286 31248 19942 1013 19961 996 3897 1 0 0 0 0 0 0 1 1 1 0 R 0
1287 31275 26272 1492 26882 885 3756 1 0 0 0 0 0 0 1 1 2 0 R 0
1288 31302 25508 1009 25621 1011 4160 1 0 0 0 0 0 0 1 1 1 0 R 0
1289 31327 23217 559 23115 540 3996 1 0 0 0 0 0 0 1 1 1 0 R 0
1290 31351 24183 992 24206 971 8022 1 0 0 0 0 0 0 1 1 1 0 R 0
1291 31378 26042 841 26065 827 4071 1 0 0 0 0 0 0 1 1 1 0 R 0
1292 31408 28764 1454 28889 1334 7092 1 0 0 0 0 0 0 1 1 2 0 R 0
1293 31434 24578 815 24637 744 6975 1 0 0 0 0 0 0 1 1 1 0 R 0
1294 31457 21755 611 21771 594 3937 1 0 0 0 0 0 0 1 1 2 0 R 0
1295 31483 26046 1003 26160 892 4404 1 0 0 0 0 0 0 1 1 0 0 R 0
1296 31511 26516 639 26542 614 7007 1 0 0 0 0 0 0 1 1 2 0 R 0
1297 31534 22639 576 22662 547 4274 1 0 0 0 0 0 0 1 1 1 0 R 0
1298 31554 19089 1591 19133 1553 3934 1 0 0 0 0 1 0 1 1 1 0 R 0
1299 31582 26207 747 26230 731 3800 1 0 0 0 0 0 0 1 1 2 0 R 0
1300 31607 24244 574 24255 556 5223 1 0 0 0 0 0 0 1 1 1 0 R 0
1301 31630 23137 576 23159 548 5384 1 0 0 0 0 0 0 1 1 1 0 R 0
1302 31650 19529 568 19552 550 4242 1 0 0 0 0 0 0 1 1 1 0 R 0
1303 31675 24248 1720 24372 1590 4932 1 0 0 0 0 0 0 1 1 1 0 R 0
1304 31702 25550 1005 25573 991 5153 1 0 0 0 0 0 0 1 1 2 0 R 0
1305 31732 28392 912 28424 872 12483 1 0 0 0 0 0 0 1 1 1 0 R 0
1306 31752 19611 567 19632 547 4368 1 0 0 0 0 0 0 1 1 1 0 R 0
1307 31777 24025 1206 24048 1199 4185 1 0 0 0 0 0 0 1 1 1 0 R 0
1308 31804 25332 1070 25344 1043 5953 1 0 0 0 0 0 0 1 1 1 0 R 0
1309 31829 24241 573 24264 551 6601 1 0 0 0 0 0 0 1 1 1 0 R 0
1310 31850 20167 567 20186 549 4325 1 0 0 0 0 0 0 1 1 1 0 R 0
1311 31874 23376 574 23397 549 4705 1 0 0 0 0 0 0 1 1 1 0 R 0
1312 31900 25732 618 25757 594 4676 1 0 0 0 0 0 0 1 1 2 0 R 0
1313 31926 25671 542 25686 529 7017 1 0 0 0 0 0 0 1 1 1 0 R 0
1314 31948 21601 578 21177 556 3942 1 0 1 0 0 0 0 1 1 1 0 R 0
1315 31971 22032 574 22050 552 3756 1 0 0 0 0 0 0 1 1 2 0 R 0
1316 31998 26883 580 26906 560 5245 1 0 0 0 0 0 0 1 1 1 0 R 0
1317 32028 29417 998 29437 983 6831 1 0 0 0 0 0 0 1 1 1 0 R 0
1318 32051 21780 586 21798 562 7410 1 0 0 0 0 0 0 1 1 1 0 R 0
1319 32076 24485 640 24508 1028 4103 1 0 0 0 0 0 0 1 1 1 0 R 0
1320 32109 32135 577 31745 555 12226 1 0 0 0 0 0 0 1 1 1 0 R 0
1321 32139 29610 754 29634 731 4560 1 0 0 0 0 0 0 1 1 2 0 R 0
1322 32160 20483 596 20507 573 4848 1 0 0 0 0 0 0 1 1 1 0 R 0
1323 32184 23280 1028 23304 1008 4324 1 0 0 0 0 0 0 1 1 2 0 R 0
1324 32213 27912 1322 28182 1046 5751 1 0 0 0 0 0 0 1 1 1 0 R 0
1325 32238 23801 557 23823 537 5396 1 0 0 0 0 0 0 1 1 1 0 R 0
1326 32260 21151 602 21192 561 5974 1 0 0 0 0 0 0 1 1 1 0 R 0
1327 32284 23119 585 23140 561 4091 1 0 0 0 0 0 0 1 1 1 0 R 0
1328 32314 29337 996 29453 881 5495 1 0 0 0 0 0 0 1 1 1 0 R 0
1329 32341 26537 585 26563 560 6271 1 0 0 0 0 0 0 1 1 2 0 R 0
1330 32362 19700 579 19720 558 4293 1 0 0 0 0 0 0 1 1 0 0 R 0
1331 32384 22319 1024 22437 1313 4191 1 0 0 0 0 0 0 1 1 1 0 R 0
1332 32414 28076 1027 27691 1005 5497 1 0 0 0 0 0 0 1 1 2 0 R 0
1333 32441 26262 596 26287 571 4892 1 0 0 0 0 0 0 1 1 1 0 R 0
1334 32461 19250 593 19274 569 4664 1 0 0 0 0 0 0 1 1 1 0 R 0
1335 32490 28459 581 28479 557 7740 1 0 0 0 0 0 0 1 1 1 0 R 0
1336 32519 28848 667 28874 643 5651 1 0 0 0 0 0 0 1 1 1 0 R 0
1337 32545 25408 936 25431 916 5995 1 0 0 0 0 0 0 1 1 2 0 R 0
1338 32567 20719 555 20734 538 3707 1 0 0 0 0 0 0 1 1 1 0 R 0
1339 32589 21514 1045 21534 1035 3718 1 0 0 0 0 0 0 1 1 1 0 R 0
1340 32618 27893 1251 27939 1214 5469 1 0 0 0 0 0 0 1 1 2 0 R 0
1341 32651 32214 816 32253 772 5932 1 0 0 0 0 0 0 1 1 3 0 R 0
1342 32674 21426 845 21473 793 4209 1 0 0 0 0 0 0 1 1 2 0 R 0
1343 32707 32559 1629 32700 1485 3720 1 0 0 0 0 0 0 1 1 3 0 R 0
1344 32737 28629 987 28729 1002 7405 1 0 0 0 0 0 0 1 1 1 0 R 0
1345 32761 22998 621 22903 596 4077 1 0 0 0 0 0 0 1 1 2 0 R 0
1346 32782 19970 816 20020 775 4301 1 0 0 0 0 0 0 1 1 1 0 R 0
1347 32809 25915 977 26019 864 4916 1 0 0 0 0 0 0 1 1 2 0 R 0
1348 32837 27909 1026 27929 1008 7816 1 0 0 0 0 0 0 1 1 1 0 R 0
1349 32864 25168 791 25192 769 6042 1 0 0 0 0 0 0 1 1 1 0 R 0
1350 32889 24126 779 24141 758 7682 1 0 0 0 0 0 0 1 1 0 0 R 0
1351 32919 30125 1026 29839 1011 5827 1 0 1 0 0 0 0 1 1 3 0 R 0
1352 32950 29285 598 29302 573 7274 1 0 0 0 0 0 0 1 1 1 0 R 0
1353 32972 21592 572 21613 551 4433 1 0 0 0 0 0 0 1 1 1 0 R 0
1354 32994 21024 620 21046 598 4215 1 0 0 0 0 0 0 1 1 1 0 R 0
1355 33022 27747 991 27858 878 4570 1 0 0 0 0 0 0 1 1 1 0 R 0
1356 33052 28919 587 28946 563 6757 1 0 0 0 0 0 0 1 1 1 0 R 0
1357 33073 20950 572 20969 550 4458 1 0 0 0 0 0 0 1 1 1 0 R 0
1358 33094 20182 686 20210 661 3899 1 0 0 0 0 0 0 1 1 1 0 R 0
1359 33124 28839 1026 28864 1003 4352 1 0 0 0 0 0 0 1 1 2 0 R 0
1360 33154 28952 1181 28974 1164 7915 1 0 0 0 0 0 0 1 1 1 0 R 0
1361 33178 23389 570 23405 545 6378 1 0 0 0 0 0 0 1 1 1 0 R 0
1362 33200 21003 664 21039 637 3882 1 0 0 0 0 0 0 1 1 1 0 R 0
1363 33229 28728 1011 28744 993 5443 1 0 0 0 0 0 0 1 1 2 0 R 0
1364 33258 28235 584 28250 560 7624 1 0 0 0 0 0 0 1 1 1 0 R 0
1365 33283 23814 579 23837 557 8666 1 0 0 0 0 0 0 1 1 1 0 R 0
1366 33307 23470 862 23503 827 4234 1 0 0 0 0 0 0 1 1 1 0 R 0
1367 33340 31768 1083 31821 1040 5174 1 0 0 0 0 0 0 1 1 1 0 R 0
1368 33364 23482 601 23502 579 6818 1 0 0 0 0 0 0 1 1 1 0 R 0
1369 33386 21577 627 21594 603 3785 1 0 0 0 0 0 0 1 1 2 0 R 0
1370 33409 21916 873 21940 855 3836 1 0 0 0 0 0 0 1 1 1 0 R 0
1371 33440 30600 987 30718 868 6165 1 0 0 0 0 0 0 1 1 1 0 R 0
1372 33466 25031 572 25049 553 7258 1 0 0 0 0 0 0 1 1 1 0 R 0
1373 33488 21117 556 21134 539 4159 1 0 0 0 0 0 0 1 1 1 0 R 0
1374 33509 20793 881 20814 858 3864 1 0 0 0 0 0 0 1 1 2 0 R 0
1375 33541 30483 1006 30509 982 4718 1 0 0 0 0 0 0 1 1 1 0 R 0
1376 33573 30883 771 30904 754 6771 1 0 0 0 0 0 0 1 1 1 0 R 0
1377 33594 20699 578 20717 555 3741 1 0 0 0 0 0 0 1 1 1 0 R 0
1378 33618 23061 1041 23239 974 3778 1 0 0 0 0 0 0 1 1 1 0 R 0
1379 33649 29943 740 29854 718 6687 1 0 0 0 0 0 0 1 1 2 0 R 0
1380 33677 27882 579 27902 561 14325 1 0 0 0 0 0 0 1 1 1 0 R 0
1381 33699 20903 607 20922 585 3738 1 0 0 0 0 0 0 1 1 1 0 R 0
1382 33721 21364 891 21387 866 5496 1 0 0 0 0 0 0 1 1 2 0 R 0
1383 33754 32388 1049 32416 1029 5956 1 0 0 0 0 0 0 1 1 1 0 R 0
1384 33778 23007 644 23037 609 7605 1 0 0 0 0 0 0 1 1 1 0 R 0
1385 33799 19956 568 19977 547 3723 1 0 0 0 0 0 0 1 1 1 0 R 0
1386 33822 22478 771 22499 753 3867 1 0 0 0 0 0 0 1 1 1 0 R 0
1387 33852 29752 1052 29774 1036 5975 1 0 0 0 0 0 0 1 1 1 0 R 0
1388 33877 23939 653 23951 631 6261 1 0 0 0 0 0 0 1 1 1 0 R 0
1389 33898 20516 604 20538 576 3716 1 0 0 0 0 0 0 1 1 1 0 R 0
1390 33921 21843 752 21871 729 3930 1 0 0 0 0 0 0 1 1 2 0 R 0
1391 33955 33052 2028 32168 2023 6754 1 0 1 0 0 1 0 1 1 1 0 R 0
1392 33980 22920 593 22925 568 7783 1 0 0 0 0 0 0 1 1 1 0 R 0
1393 34001 20615 565 20636 545 4136 1 0 0 0 0 0 0 1 1 1 0 R 0
1394 34024 22733 614 22750 597 4304 1 0 0 0 0 0 0 1 1 1 0 R 0
1395 34059 34157 996 34271 880 13146 1 0 0 0 0 0 0 1 1 1 0 R 0
1396 34081 20949 595 20971 574 4265 1 0 0 0 0 0 0 1 1 1 0 R 0
1397 34102 20627 579 20647 560 4528 1 0 0 0 0 0 0 1 1 2 0 R 0
1398 34123 20679 914 20700 896 4256 1 0 0 0 0 0 0 1 1 1 0 R 0
1399 34155 30518 1755 30535 1739 4615 1 0 0 0 0 0 0 1 1 2 0 R 0
1400 34182 25104 593 25122 568 5305 1 0 0 0 0 0 0 1 1 1 0 R 0
1401 34204 21314 618 21337 594 4532 1 0 0 0 0 0 0 1 1 0 0 R 0
1402 34226 22111 1266 22339 1046 3885 1 0 0 0 0 0 0 1 1 2 0 R 0
1403 34258 30247 1142 30353 1150 4897 1 0 0 0 0 0 0 1 1 1 0 R 0
1404 34283 24407 1124 24307 1102 5834 1 0 0 0 0 0 0 1 1 2 0 R 0
1405 34306 21419 823 21467 787 4095 1 0 0 0 0 0 0 1 1 0 0 R 0
1406 34327 20615 586 20621 565 3897 1 0 0 0 0 0 0 1 1 1 0 R 0
1407 34358 30366 1034 30386 1024 4106 1 0 0 0 0 0 0 1 1 1 0 R 0
1408 34390 31110 1157 31202 1059 6556 1 0 0 0 0 0 0 1 1 2 0 R 0
1409 34413 21207 620 21228 599 4526 1 0 0 0 0 0 0 1 1 1 0 R 0
1410 34440 26573 1018 26588 1129 9167 1 0 0 0 0 0 0 1 1 2 0 R 0
1411 34472 30667 1007 30561 985 5959 1 0 0 0 0 0 0 1 1 1 0 R 0
1412 34495 22125 590 22148 563 5992 1 0 0 0 0 0 0 1 1 0 0 R 0
1413 34517 21694 589 21714 573 3728 1 0 0 0 0 0 0 1 1 2 0 R 0
1414 34540 22415 873 22576 864 3920 1 0 0 0 0 0 0 1 1 1 0 R 0
1415 34572 31450 1037 31316 1015 6715 1 0 0 0 0 0 0 1 1 1 0 R 0
1416 34601 27784 581 27806 558 5952 1 0 0 0 0 0 0 1 1 1 0 R 0
1417 34622 20351 577 20373 552 4122 1 0 0 0 0 0 0 1 1 1 0 R 0
1418 34648 25135 1020 25155 1015 5922 1 0 0 0 0 0 0 1 1 2 0 R 0
1419 34680 31454 1013 31467 989 7198 1 0 0 0 0 0 0 1 1 1 0 R 0
1420 34705 23787 959 23811 938 6809 1 0 0 0 0 0 0 1 1 1 0 R 0
1421 34728 22149 1621 22166 1605 3710 1 0 0 0 0 0 0 1 1 1 0 R 0
1422 34755 25030 1533 25047 1523 4894 1 0 0 0 0 0 0 1 1 2 0 R 0
1423 34780 24005 620 24012 596 8066 1 0 0 0 0 0 0 1 1 2 0 R 0
1424 34802 21185 763 21210 741 4219 1 0 0 0 0 0 0 1 1 1 0 R 0
1425 34828 24935 568 24953 549 8383 1 0 0 0 0 0 0 1 1 1 0 R 0
1426 34853 24743 1013 24766 994 5992 1 0 0 0 0 0 0 1 1 1 0 R 0
1427 34886 32094 983 32105 967 6094 1 0 0 0 0 0 0 1 1 1 0 R 0
1428 34910 22902 585 22549 561 6104 1 0 1 0 0 0 0 1 1 2 0 R 0
1429 34932 21135 824 21195 771 4855 1 0 0 0 0 0 0 1 1 1 0 R 0
1430 34969 36428 1307 36466 1263 4021 1 0 0 0 0 0 0 1 1 2 0 R 0
1431 35010 39608 1175 39747 1044 7904 1 0 0 0 0 0 0 1 1 4 0 R 0
1432 35031 19614 580 19629 558 4550 1 0 0 0 0 0 0 1 1 2 0 R 0
1433 35055 23854 1662 24515 1003 5493 1 0 0 0 0 0 0 1 1 1 0 R 0
1434 35085 28342 1634 28468 1515 7509 1 0 0 0 0 0 0 1 1 2 0 R 0
1435 35114 27351 595 27363 572 8182 1 0 0 0 0 0 0 1 1 1 0 R 0
1436 35134 19521 579 19542 558 3854 1 0 0 0 0 0 0 1 1 2 0 R 0
1437 35163 27807 578 27830 552 5536 1 0 0 0 0 0 0 1 1 1 0 R 0
1438 35185 21896 962 21930 934 6208 1 0 0 0 0 0 0 1 1 1 0 R 0
1439 35208 21266 959 21289 931 3697 1 0 0 0 0 0 0 1 1 0 0 R 0
1440 35232 23750 588 23776 566 11197 1 0 0 0 0 0 0 1 1 2 0 R 0
1441 35257 23765 1004 23777 988 4149 1 0 0 0 0 0 0 1 1 1 0 R 0
1442 35288 30093 877 30115 857 7045 1 0 0 0 0 0 0 1 1 1 0 R 0
1443 35313 24279 623 24306 598 5571 1 0 0 0 0 0 0 1 1 1 0 R 0
1444 35332 18899 726 18935 695 4283 1 0 0 0 0 0 0 1 1 2 0 R 0
1445 35357 23994 567 24006 548 4264 1 0 0 0 0 0 0 1 1 1 0 R 0
1446 35385 27418 1635 27543 1524 7815 1 0 0 0 0 0 0 1 1 1 0 R 0
1447 35412 24867 587 24880 564 7695 1 0 0 0 0 0 0 1 1 1 0 R 0
1448 35432 20164 581 20184 565 4471 1 0 0 0 0 0 0 1 1 1 0 R 0
1449 35454 21412 595 21433 570 4133 1 0 0 0 0 0 0 1 1 2 0 R 0
1450 35483 28042 1527 28067 1529 4589 1 0 0 0 0 0 0 1 1 1 0 R 0
1451 35515 30831 1592 30903 1494 5766 1 0 0 0 0 0 0 1 1 1 0 R 0
1452 35537 20175 621 20211 580 4289 1 0 0 0 0 0 0 1 1 1 0 R 0
1453 35562 24319 586 24346 556 3728 1 0 0 0 0 0 0 1 1 1 0 R 0
1454 35593 30660 1110 30793 991 6678 1 0 0 0 0 0 0 1 1 2 0 R 0
1455 35625 30999 987 31016 965 12931 1 0 0 0 0 0 0 1 1 1 0 R 0
1456 35647 20425 566 20437 549 4097 1 0 0 0 0 0 0 1 1 2 0 R 0
1457 35674 26254 1012 26372 1006 5558 1 0 0 0 0 0 0 1 1 1 0 R 0
1458 35699 24713 618 24627 592 6408 1 0 0 0 0 0 0 1 1 1 0 R 0
1459 35722 22404 790 22424 770 4205 1 0 0 0 0 0 0 1 1 1 0 R 0
1460 35743 20030 587 20055 566 3849 1 0 0 0 0 0 0 1 1 1 0 R 0
1461 35768 24650 1183 24771 1058 3737 1 0 0 0 0 0 0 1 1 1 0 R 0
1462 35797 27507 986 27526 974 7333 1 0 0 0 0 0 0 1 1 1 0 R 0
1463 35823 24872 575 24901 536 6024 1 0 0 0 0 0 0 1 1 2 0 R 0
1464 35844 20158 969 20181 953 3963 1 0 0 0 0 0 0 1 1 1 0 R 0
1465 35866 21326 1075 21338 1068 3746 1 0 0 0 0 0 0 1 1 1 0 R 0
1466 35895 27404 1644 27522 1531 5107 1 0 0 0 0 0 0 1 1 1 0 R 0
1467 35923 26428 639 26439 617 8586 1 0 0 0 0 0 0 1 1 1 0 R 0
1468 35943 19947 588 19970 568 4654 1 0 0 0 0 0 0 1 1 1 0 R 0
1469 35965 21315 957 21337 937 3785 1 0 0 0 0 0 0 1 1 1 0 R 0
1470 35993 26827 829 26844 813 10206 1 0 0 0 0 0 0 1 1 1 0 R 0
1471 36024 30625 1819 30651 1826 3836 1 0 0 0 0 0 0 1 1 1 0 R 0
1472 36047 20843 641 20827 616 5361 1 0 0 0 0 0 0 1 1 2 0 R 0
1473 36070 22069 1129 22186 1020 3775 1 0 0 0 0 0 0 1 1 1 0 R 0
1474 36098 27211 1001 27225 993 5560 1 0 0 0 0 0 0 1 1 1 0 R 0
1475 36127 28351 558 28359 536 7217 1 0 0 0 0 0 0 1 1 2 0 R 0
1476 36147 19092 587 19114 566 4322 1 0 0 0 0 0 0 1 1 1 0 R 0
1477 36170 21967 578 21988 555 3735 1 0 0 0 0 0 0 1 1 1 0 R 0
1478 36194 24103 1116 24226 997 4997 1 0 0 0 0 0 0 1 1 0 0 R 0
1479 36225 29414 590 29436 565 7835 1 0 0 0 0 0 0 1 1 2 0 R 0
1480 36245 19622 1005 19647 993 4144 1 0 0 0 0 0 0 1 1 1 0 R 0
1481 36270 24060 618 24069 596 3741 1 0 0 0 0 0 0 1 1 2 0 R 0
1482 36294 23430 598 23456 572 5142 1 0 0 0 0 0 0 1 1 1 0 R 0
1483 36325 30256 1846 30372 1740 7631 1 0 0 0 0 0 0 1 1 1 0 R 0
1484 36347 20350 599 20358 583 4042 1 0 0 0 0 0 0 1 1 1 0 R 0
1485 36373 25485 707 25534 656 8708 1 0 0 0 0 0 0 1 1 2 0 R 0
1486 36400 25689 1223 25752 1169 4887 1 0 0 0 0 0 0 1 1 1 0 R 0
1487 36430 29049 900 29112 845 4852 1 0 0 0 0 0 0 1 1 1 0 R 0
1488 36453 22531 662 22561 614 4720 1 0 0 0 0 0 0 1 1 1 0 R 0
1489 36494 39490 726 21935 683 26873 1 3 1 0 0 0 0 0 0 2 1 R 2
1490 36512 17756 698 17789 661 3197 1 0 0 0 0 0 0 0 0 2 1 R 0
1491 36532 19667 769 19703 744 3830 1 0 0 0 0 0 0 0 0 1 1 R 0
1492 36556 23024 550 21980 532 6085 1 0 4 0 0 0 0 0 0 2 1 R 0
1493 36579 22064 569 21002 541 5276 1 0 1 0 0 0 0 0 0 1 1 R 0
1494 36599 19363 765 19438 689 3197 1 0 0 0 0 0 0 0 0 1 1 R 0
1495 36622 22867 711 21831 702 3352 1 0 4 0 0 0 0 0 0 2 1 R 0
1496 36643 20212 660 20222 637 4333 1 0 0 0 0 0 0 0 0 2 1 R 0
1497 36664 20200 569 20224 543 3597 1 0 0 0 0 0 0 0 0 1 1 R 0
1498 36688 23239 602 21803 585 4173 1 0 4 0 0 0 0 0 0 1 1 R 0
1499 36709 20479 546 20497 528 3245 1 0 0 0 0 0 0 0 0 2 1 R 0
