# swapstamp frames 1500 skip 300 peer 747
# f t_ms gap_us swap_us crend_us cswap_us clr_us nclr vcs_r ivcs_r vcs_s ivcs_s minf majf cpu0 cpu1 pticks pcpu pstate ctr
0 0 21406 572 21408 550 7573 1 0 0 0 0 0 0 0 0 0 1 R 0
1 21 21083 926 19522 905 3828 1 0 1 0 0 0 0 0 0 1 1 R 0
2 40 17845 637 17886 598 3352 1 0 0 0 0 0 0 0 0 2 1 R 0
3 61 20883 1414 19291 1402 4802 1 0 4 0 0 0 0 0 0 1 1 R 0
4 83 20304 556 20299 534 3109 1 0 0 0 0 0 0 0 0 2 1 R 0
5 104 20205 581 19865 555 3805 1 0 1 0 0 0 0 0 0 1 1 R 0
6 127 22761 654 21718 627 3836 1 0 4 0 0 0 0 0 0 1 1 R 0
7 146 17669 1002 17710 993 3607 1 0 0 0 0 0 0 0 0 2 1 R 0
8 165 18681 758 18710 716 4298 1 0 0 0 0 0 0 0 0 2 1 R 0
9 189 23070 788 21428 767 4372 1 0 4 0 0 0 0 0 0 1 1 R 0
10 209 19497 584 19517 558 3775 1 0 0 0 0 0 0 0 0 1 1 R 0
11 230 20069 598 19103 573 4814 1 0 1 0 0 0 0 0 0 2 1 R 0
12 249 18004 672 18054 620 3225 1 0 0 0 0 0 0 0 0 1 1 R 0
13 270 20675 678 19811 645 6440 1 0 4 0 0 0 0 0 0 2 1 R 0
14 290 19532 754 19568 708 3539 1 0 0 0 0 0 0 0 0 2 1 R 0
15 314 22674 560 22691 539 8178 1 0 0 0 0 0 0 0 0 1 1 R 0
16 338 24091 581 22454 554 3313 1 0 5 0 0 0 0 0 0 1 1 R 0
17 359 19680 1234 19307 1163 3502 1 0 1 0 0 0 0 0 0 2 1 R 0
18 378 18437 772 18479 735 3242 1 0 0 0 0 0 0 0 0 2 1 R 0
19 402 23013 566 21909 541 4868 1 0 4 0 0 0 0 0 0 1 1 R 0
20 424 21113 558 20085 538 3810 1 0 1 0 0 0 0 0 0 1 1 R 0
21 444 19519 770 19569 727 3452 1 0 0 0 0 0 0 0 0 2 1 R 0
22 463 18012 1555 18124 587 3201 1 0 1 0 0 0 0 0 0 1 1 R 0
23 485 21327 577 19650 552 3964 1 0 3 0 0 0 0 0 0 1 1 R 0
24 506 19807 587 19829 562 3775 1 0 0 0 0 0 0 0 0 2 1 R 0
25 526 19208 573 19234 543 4247 1 0 0 0 0 0 0 0 0 1 1 R 0
26 548 22080 589 20990 563 4283 1 0 4 0 0 0 0 0 0 1 1 R 0
27 566 17625 752 17704 681 3807 1 0 0 0 0 0 0 0 0 2 1 R 0
28 587 19474 743 19506 705 4775 1 0 0 0 0 0 0 0 0 1 1 R 0
29 610 22322 583 21052 557 4896 1 0 4 0 0 0 0 0 0 2 1 R 0
30 635 24719 573 23699 550 11146 1 0 1 0 0 0 0 0 0 1 1 R 0
31 657 20918 591 20419 540 3673 1 0 1 0 0 0 0 0 0 1 1 R 0
32 678 20614 745 19157 665 3647 1 0 4 0 0 0 0 0 0 2 1 R 0
33 698 19360 647 19402 613 3512 1 0 0 0 0 0 0 0 0 2 1 R 0
34 718 19552 569 19576 540 4234 1 0 0 0 0 0 0 0 0 1 1 R 0
35 738 19354 591 19383 569 4277 1 0 0 0 0 0 0 0 0 1 1 R 0
36 759 20361 1134 19458 1101 5600 1 0 4 0 0 0 0 0 0 2 1 R 0
37 777 17384 841 17455 784 3338 1 0 0 0 0 0 0 0 0 1 1 R 0
38 798 19579 748 19606 727 4588 1 0 0 0 0 0 0 0 0 2 1 R 0
39 823 24067 549 22076 526 4754 1 0 5 0 0 0 0 0 0 1 1 R 0
40 842 19081 550 19100 532 3769 1 0 0 0 0 0 0 0 0 2 1 R 0
41 861 18541 1148 18643 1062 3825 1 0 0 0 0 0 0 0 0 1 1 R 0
42 881 18153 674 18181 650 3295 1 0 0 0 0 0 0 0 0 1 1 R 0
43 904 22540 578 21235 552 3389 1 0 4 0 0 0 0 0 0 3 1 R 0
44 924 19855 582 19882 557 3872 1 0 0 0 0 0 0 0 0 1 1 R 0
45 948 22534 570 22557 544 7426 1 0 0 0 0 0 0 0 0 1 1 R 0
46 968 20355 584 19319 558 5274 1 0 4 0 0 0 0 0 0 2 1 R 0
47 987 17776 677 17813 653 3776 1 0 0 0 0 0 0 0 0 1 1 R 0
48 1009 21068 607 21082 580 5011 1 0 0 0 0 0 0 0 0 2 1 R 0
49 1032 23115 577 20284 566 4417 1 0 5 0 0 0 0 0 0 1 1 R 0
50 1051 18623 1480 18719 1383 3656 1 0 0 0 0 0 0 0 0 1 1 R 0
51 1070 17377 698 17436 638 3068 1 0 0 0 0 0 0 0 0 2 1 R 0
52 1090 18795 682 18822 652 3161 1 0 0 0 0 0 0 0 0 1 1 R 0
53 1113 22405 645 20733 543 4729 1 0 4 0 0 0 0 0 0 2 1 R 0
54 1133 19577 568 19599 544 3758 1 0 0 0 0 0 0 0 0 1 1 R 0
55 1153 19540 562 19567 536 3219 1 0 0 0 0 0 0 0 0 1 1 R 0
56 1176 21731 572 20806 546 3134 1 0 4 0 0 0 0 0 0 2 1 R 0
57 1195 18450 684 18497 644 3461 1 0 0 0 0 0 0 0 0 1 1 R 0
58 1216 20500 659 20550 603 4233 1 0 0 0 0 0 0 0 0 2 1 R 0
59 1240 23762 744 21099 695 5731 1 0 5 0 0 0 0 0 0 1 1 R 0
60 1266 25012 693 25080 623 6954 1 0 0 0 0 0 0 0 0 2 1 R 0
61 1285 18405 799 18519 707 3172 1 0 0 0 0 0 0 0 0 2 1 R 0
62 1308 21886 557 20631 538 3112 1 0 4 0 0 0 0 0 0 2 1 R 0
63 1328 19831 577 19852 557 4442 1 0 0 0 0 1 0 0 0 1 1 R 0
64 1348 19630 582 19651 557 4367 1 0 0 0 0 0 0 0 0 1 1 R 0
65 1369 19713 569 19740 543 3958 1 0 0 0 0 0 0 0 0 2 1 R 0
66 1389 19818 667 18976 606 5414 1 0 4 0 0 0 0 0 0 2 1 R 0
67 1408 18320 689 18362 656 3139 1 0 0 0 0 0 0 0 0 2 1 R 0
68 1431 22054 610 20027 589 4686 1 0 1 0 0 0 0 0 0 1 1 R 0
69 1454 22864 811 21060 780 3844 1 0 5 0 0 0 0 0 0 1 1 R 0
70 1475 19760 686 19793 655 3400 1 0 0 0 0 0 0 0 0 2 1 R 0
71 1493 17918 656 17945 632 3492 1 0 0 0 0 0 0 0 0 2 1 R 0
72 1517 22817 534 21346 520 3564 1 0 4 0 0 0 0 0 0 2 1 R 0
73 1537 19228 587 19256 561 4305 1 0 0 0 0 0 0 0 0 1 1 R 0
74 1557 19487 567 19512 538 4306 1 0 0 0 0 0 0 0 0 1 1 R 0
75 1579 21486 598 21517 566 6948 1 0 0 0 0 0 0 0 0 2 1 R 0
76 1600 20486 701 19502 675 5539 1 0 4 0 0 0 0 0 0 2 1 R 0
77 1619 18969 845 19010 791 3144 1 0 0 0 0 0 0 0 0 0 1 R 0
78 1641 21150 1010 20132 988 5235 1 0 1 0 0 0 0 0 0 2 1 R 0
79 1664 21319 578 19652 550 3965 1 0 4 0 0 0 0 0 0 1 1 R 0
80 1683 18122 720 18164 681 3163 1 0 0 0 0 0 0 0 0 1 1 R 0
81 1703 20199 844 19822 786 3829 1 0 1 0 0 0 0 0 0 2 1 R 0
82 1726 21293 852 20214 828 3719 1 0 4 0 0 0 0 0 0 3 1 R 0
83 1747 20120 578 20122 551 4519 1 0 0 0 0 0 0 0 0 1 1 R 0
84 1767 19388 711 19415 687 3872 1 0 0 0 0 0 0 0 0 2 1 R 0
85 1785 18234 713 18311 650 3705 1 0 0 0 0 0 0 0 0 1 1 R 0
86 1809 22447 590 21102 564 2993 1 0 5 0 0 0 0 0 0 1 1 R 0
87 1829 20208 942 18624 892 3890 1 0 1 0 0 0 0 0 0 2 1 R 0
88 1851 20953 4574 20965 1489 3779 1 0 0 0 1 1 0 0 0 1 1 R 0
89 1886 29974 594 21491 565 6668 1 0 8 0 0 0 0 0 0 2 1 R 0
90 1909 22412 592 22438 567 8560 1 0 0 0 0 0 0 0 0 1 1 R 0
91 1928 18977 578 19000 554 4438 1 0 0 0 0 0 0 0 0 1 1 R 0
92 1951 21784 580 20717 557 6477 1 0 4 0 0 0 0 0 0 2 1 R 0
93 1970 18826 1773 18848 1767 3325 1 0 0 0 0 1 0 0 0 1 1 R 0
94 1990 17910 698 17950 652 3180 1 0 0 0 0 0 0 0 0 2 1 R 0
95 2013 22147 866 21124 818 3344 1 0 4 0 0 0 0 0 0 2 1 R 0
96 2036 21967 583 20799 554 3837 1 0 1 0 0 0 0 0 0 1 1 R 0
97 2055 19254 627 19278 605 4300 1 0 0 0 0 0 0 0 0 1 1 R 0
98 2078 21815 583 20725 557 3368 1 0 4 0 0 0 0 0 0 1 1 R 0
99 2097 18646 671 18695 622 3862 1 0 0 0 0 0 0 0 0 2 1 R 0
100 2116 18639 704 18704 636 3938 1 0 0 0 0 0 0 0 0 2 1 R 0
101 2138 20798 585 20832 557 5012 1 0 0 0 0 0 0 0 0 1 1 R 0
102 2160 21322 634 20337 592 6598 1 0 4 0 0 0 0 0 0 1 1 R 0
103 2180 19092 888 19169 815 3951 1 0 0 0 0 0 0 0 0 2 1 R 0
104 2198 17736 693 17774 675 3268 1 0 0 0 0 0 0 0 0 2 1 R 0
105 2225 25735 578 24679 549 7289 1 0 4 0 0 0 0 0 0 1 1 R 0
106 2246 20634 833 19567 812 5928 1 0 1 0 0 0 0 0 0 1 1 R 0
107 2267 19898 574 19916 551 4242 1 0 0 0 0 0 0 0 0 2 1 R 0
108 2290 22909 582 21646 556 4715 1 0 4 0 0 0 0 0 0 1 1 R 0
109 2309 18374 734 18453 663 3515 1 0 0 0 0 0 0 0 0 2 1 R 0
110 2329 19174 705 19226 660 5135 1 0 0 0 0 0 0 0 0 2 1 R 0
111 2351 21420 1227 21437 1231 3776 1 0 0 0 2 0 0 0 0 2 1 R 0
112 2375 22839 561 21131 534 3939 1 0 2 0 0 0 0 0 0 1 1 R 0
113 2395 19240 848 19290 808 3805 1 0 0 0 0 0 0 0 0 1 1 R 0
114 2414 18731 675 18761 645 3159 1 0 0 0 0 0 0 0 0 2 1 R 0
115 2438 23055 575 20339 548 3141 1 0 5 0 0 0 0 0 0 1 1 R 0
116 2459 19725 577 19752 554 4213 1 0 0 0 0 0 0 0 0 1 1 R 0
117 2478 19013 594 19038 569 4431 1 0 0 0 0 0 0 0 0 2 1 R 0
118 2502 23709 646 21019 609 3730 1 0 5 0 0 0 0 0 0 1 1 R 0
119 2520 17179 683 17237 631 3259 1 0 0 0 0 0 0 0 0 2 1 R 0
120 2545 24229 584 24256 556 7099 1 0 0 0 0 0 0 0 0 2 1 R 0
121 2567 21406 763 20612 728 3817 1 0 4 0 0 0 0 0 0 1 1 R 0
122 2588 20382 676 20404 650 3572 1 0 0 0 0 0 0 0 0 1 1 R 0
123 2607 18132 828 18198 766 3629 1 0 0 0 0 0 0 0 0 3 1 R 0
124 2626 18234 758 18277 725 3839 1 0 0 0 0 0 0 0 0 1 1 R 0
125 2650 23399 591 20318 560 8757 1 0 4 0 0 0 0 0 0 2 1 R 0
126 2671 20339 1237 19867 1177 3840 1 0 1 0 0 0 0 0 0 1 1 R 0
127 2691 18631 1254 18737 1155 3829 1 0 0 0 0 0 0 0 0 1 1 R 0
128 2715 22161 570 21193 549 3389 1 0 4 0 0 0 0 0 0 2 1 R 0
129 2733 18121 678 18177 628 3122 1 0 0 0 0 0 0 0 0 2 1 R 0
130 2755 21113 618 21126 599 4500 1 0 0 0 0 0 0 0 0 1 1 R 0
131 2777 21516 577 20666 555 3821 1 0 4 0 0 0 0 0 0 1 1 R 0
132 2798 19875 578 19898 556 4265 1 0 0 0 0 0 0 0 0 2 1 R 0
133 2816 17343 814 17439 716 3627 1 0 0 0 0 0 0 0 0 2 1 R 0
134 2838 21224 693 19943 670 5093 1 0 1 0 0 0 0 0 0 2 1 R 0
135 2865 26551 592 24535 563 14565 1 0 5 0 0 0 0 0 0 1 1 R 0
136 2885 19770 659 19796 631 3824 1 0 0 0 0 0 0 0 0 0 1 R 0
137 2905 18688 625 18728 590 3619 1 0 0 0 0 0 0 0 0 3 1 R 0
138 2927 21761 820 20663 737 3126 1 0 4 0 0 0 0 0 0 1 1 R 0
139 2946 18234 918 18270 897 3669 1 0 0 0 0 0 0 0 0 2 1 R 0
140 2967 19906 581 19908 561 4373 1 0 0 0 0 0 0 0 0 1 1 R 0
141 2989 21966 577 20909 547 4186 1 0 4 0 0 0 0 0 0 1 1 R 0
142 3009 18864 752 18928 691 3673 1 0 0 0 0 0 0 0 0 1 1 R 0
143 3027 17853 682 17893 644 3841 1 0 0 0 0 0 0 0 0 2 1 R 0
144 3048 20273 698 19364 654 4767 1 0 1 0 0 0 0 0 0 2 1 R 0
145 3071 21678 585 20640 560 6003 1 0 4 0 0 0 0 0 0 1 1 R 0
146 3091 19436 595 19466 562 3786 1 0 0 0 0 0 0 0 0 2 1 R 0
147 3110 18772 765 18840 698 4014 1 0 0 0 0 0 0 0 0 0 1 R 0
148 3134 23110 675 21970 636 3125 1 0 4 0 0 0 0 0 0 2 1 R 0
149 3153 18044 704 18106 647 3123 1 0 0 0 0 0 0 0 0 3 1 R 0
150 3177 23677 591 23705 561 8570 1 0 0 0 0 0 0 0 0 1 1 R 0
151 3199 21539 592 20366 554 4409 1 0 4 0 0 0 0 0 0 1 1 R 0
152 3218 17919 716 17992 659 3151 1 0 0 0 0 0 0 0 0 2 1 R 0
153 3240 21622 596 20450 575 5039 1 0 1 0 0 0 0 0 0 1 1 R 0
154 3261 20196 596 20219 572 3994 1 0 0 0 0 0 0 0 0 1 1 R 0
155 3284 22271 638 20416 606 3838 1 0 4 0 0 0 0 0 0 1 1 R 0
156 3307 22182 573 22200 546 3219 1 0 0 0 0 0 0 0 0 1 1 R 0
157 3326 18865 781 18963 687 3895 1 0 0 0 0 0 0 0 0 2 1 R 0
158 3349 22192 680 21284 656 4025 1 0 4 0 0 0 0 0 0 2 1 R 0
159 3370 20031 587 20046 562 3922 1 0 0 0 0 0 0 0 0 1 1 R 0
160 3390 19961 671 19990 640 3777 1 0 0 0 0 0 0 0 0 1 1 R 0
161 3413 21759 770 20255 750 4055 1 0 4 0 0 0 0 0 0 2 1 R 0
162 3431 17756 1370 17787 1354 3099 1 0 0 0 0 0 0 0 0 2 1 R 0
163 3453 20951 686 19858 651 4970 1 0 1 0 0 0 0 0 0 1 1 R 0
164 3476 21713 557 20952 537 3851 1 0 4 0 0 0 0 0 0 2 1 R 0
165 3500 23114 620 23140 585 8385 1 0 0 0 0 0 0 0 0 1 1 R 0
166 3519 18873 913 18944 850 3832 1 0 0 0 0 0 0 0 0 2 1 R 0
167 3538 18076 643 18101 620 3165 1 0 0 0 0 0 0 0 0 2 1 R 0
168 3561 21970 862 20858 832 6646 1 0 4 0 0 0 0 0 0 2 1 R 0
169 3581 19369 591 19382 561 3850 1 0 0 0 0 0 0 0 0 1 1 R 0
170 3601 19781 1077 19811 1064 3810 1 0 0 0 0 0 0 0 0 1 1 R 0
171 3625 22313 580 21363 554 3666 1 0 4 0 0 0 0 0 0 1 1 R 0
172 3645 20180 727 19187 670 3382 1 0 1 0 0 0 0 0 0 2 1 R 0
173 3666 19422 776 19500 711 3556 1 0 0 0 0 0 0 0 0 2 1 R 0
174 3689 22560 572 21021 559 4369 1 0 4 0 0 0 0 0 0 1 1 R 0
175 3710 20312 586 19871 562 5263 1 0 1 0 0 0 0 0 0 1 1 R 0
176 3728 17815 797 17857 767 3272 1 0 0 0 0 0 0 0 0 2 1 R 0
177 3748 19117 671 19148 631 4286 1 0 0 0 0 0 0 0 0 2 1 R 0
178 3770 21272 741 20390 690 6441 1 0 4 0 0 0 0 0 0 2 1 R 0
179 3791 19714 643 19734 609 3862 1 0 0 0 0 0 0 0 0 1 1 R 0
180 3814 22462 611 22483 587 7135 1 0 0 0 0 0 0 0 0 2 1 R 0
181 3837 22676 638 21626 593 3260 1 0 4 0 0 1 0 0 0 1 1 R 0
182 3857 19505 744 18332 687 3613 1 0 1 0 0 0 0 0 0 2 1 R 0
183 3877 19626 588 19640 561 4363 1 0 0 0 0 0 0 0 0 1 1 R 0
184 3901 22581 607 21419 565 4250 1 0 4 0 0 0 0 0 0 1 1 R 0
185 3921 19879 992 19917 966 3967 1 0 0 0 0 0 0 0 0 2 1 R 0
186 3940 17566 692 17607 635 3192 1 0 0 0 0 0 0 0 0 1 1 R 0
187 3959 18776 721 18847 665 3605 1 0 0 0 0 0 0 0 0 2 1 R 0
188 3984 23907 570 22019 551 5462 1 0 4 0 0 0 0 0 0 1 1 R 0
189 4003 19064 583 19088 562 3860 1 0 0 0 0 0 0 0 0 1 1 R 0
190 4024 20048 557 20070 532 3750 1 0 0 0 0 0 0 0 0 2 1 R 0
191 4048 23340 593 21094 566 3327 1 0 5 0 0 1 0 0 0 1 1 R 0
192 4066 17948 658 17981 629 3607 1 0 0 0 0 0 0 0 0 2 1 R 0
193 4088 21163 625 21182 601 5487 1 0 0 0 0 0 0 0 0 1 1 R 0
194 4110 21235 611 20063 578 4425 1 0 4 0 0 0 0 0 0 1 1 R 0
195 4134 22873 1408 22917 1375 7014 1 0 0 0 0 1 0 0 0 2 1 R 0
196 4154 18777 719 18807 688 3233 1 0 0 0 0 0 0 0 0 2 1 R 0
197 4177 22888 550 21814 532 3767 1 0 4 0 0 0 0 0 0 1 1 R 0
198 4198 19704 572 19725 546 4216 1 0 0 0 0 0 0 0 0 1 1 R 0
199 4217 19104 601 19133 569 4277 1 0 0 0 0 0 0 0 0 3 1 R 0
200 4237 19390 577 19418 560 4202 1 0 0 0 0 0 0 0 0 0 1 R 0
201 4259 20828 730 18375 687 6642 1 0 4 0 0 0 0 0 0 2 1 R 0
202 4278 18405 673 18439 658 3313 1 0 0 0 0 0 0 0 0 2 1 R 0
203 4299 20818 632 20821 604 4744 1 0 0 0 0 0 0 0 0 1 1 R 0
204 4323 22548 1401 20962 1395 3810 1 0 4 0 0 0 0 0 0 1 1 R 0
205 4345 21208 768 21271 697 4503 1 0 0 0 0 0 0 0 0 2 1 R 0
206 4364 18341 810 18432 720 3097 1 0 0 0 0 0 0 0 0 2 1 R 0
207 4388 23341 579 22105 551 5498 1 0 4 0 0 0 0 0 0 1 1 R 0
208 4409 19777 581 19807 554 4395 1 0 0 0 0 0 0 0 0 1 1 R 0
209 4428 19008 670 19037 639 3879 1 0 0 0 0 0 0 0 0 2 1 R 0
210 4455 26005 674 24135 549 6408 1 0 5 0 0 0 0 0 0 2 1 R 0
211 4474 18400 666 18438 644 3172 1 0 0 0 0 0 0 0 0 1 1 R 0
212 4495 20304 626 20333 582 4042 1 0 0 0 0 0 0 0 0 1 1 R 0
213 4516 20069 594 20102 563 3822 1 0 0 0 0 0 0 0 0 2 1 R 0
214 4538 21962 578 20822 549 5127 1 0 4 0 0 0 0 0 0 1 1 R 0
215 4557 18569 707 18626 654 3911 1 0 0 0 0 0 0 0 0 1 1 R 0
216 4577 19014 725 19056 702 4134 1 0 0 0 0 0 0 0 0 2 1 R 0
217 4601 22587 601 21436 555 4637 1 0 4 0 0 0 0 0 0 1 1 R 0
218 4620 19072 646 19101 623 3761 1 0 0 0 0 0 0 0 0 2 1 R 0
219 4640 19660 622 19702 581 3704 1 0 0 0 0 0 0 0 0 1 1 R 0
220 4663 21872 2594 20580 1397 4723 1 0 3 0 3 0 0 0 0 2 1 R 0
221 4684 18661 688 18715 623 3101 1 0 0 0 0 0 0 0 0 2 1 R 0
222 4705 20550 569 20578 548 3563 1 0 0 0 0 0 0 0 0 1 1 R 0
223 4725 19385 600 19411 570 4274 1 0 0 0 0 0 0 0 0 1 1 R 0
224 4748 21813 575 20589 546 3425 1 0 4 0 0 0 0 0 0 2 1 R 0
225 4769 20808 732 20882 675 6601 1 0 0 0 0 0 0 0 0 2 1 R 0
226 4788 18352 738 18378 724 3142 1 0 0 0 0 0 0 0 0 1 1 R 0
227 4811 21770 606 20764 583 4351 1 0 4 0 0 0 0 0 0 2 1 R 0
228 4832 20650 628 20686 589 3822 1 0 0 0 0 0 0 0 0 1 1 R 0
229 4854 20916 563 19103 534 3833 1 0 1 0 0 0 0 0 0 1 1 R 0
230 4872 17341 4770 17387 2938 3212 1 0 1 0 3 0 0 0 0 2 1 R 0
231 4897 21001 849 21055 793 3316 1 0 0 0 0 0 0 0 0 2 1 R 0
232 4920 21535 837 21574 790 4162 1 0 0 0 0 0 0 0 0 2 1 R 0
233 4939 18605 593 18631 564 3429 1 0 0 0 0 0 0 0 0 2 1 R 0
234 4960 20394 734 19572 679 5033 1 0 4 0 0 0 0 0 0 1 1 R 0
235 4979 18377 938 18419 890 3412 1 0 0 0 0 0 0 0 0 2 1 R 0
236 5000 19349 700 19411 644 3285 1 0 0 0 0 0 0 0 0 1 1 R 0
237 5023 22381 572 20690 547 3893 1 0 4 0 0 0 0 0 0 2 1 R 0
238 5043 19852 564 19873 543 3710 1 0 0 0 0 0 0 0 0 0 1 R 0
239 5063 19725 723 18793 690 4646 1 0 1 0 0 0 0 0 0 3 1 R 0
240 5089 25119 733 23850 661 7150 1 0 4 0 0 0 0 0 0 1 1 R 0
241 5109 19082 581 19112 561 3858 1 0 0 0 0 0 0 0 0 1 1 R 0
242 5129 19749 787 19809 728 4560 1 0 0 0 0 0 0 0 0 1 1 R 0
243 5150 20040 587 19601 562 4176 1 0 1 0 0 0 0 0 0 2 1 R 0
244 5171 20749 1607 19947 1537 5243 1 0 4 0 0 0 0 0 0 1 1 R 0
245 5190 17213 729 17245 689 3101 1 0 0 0 0 0 0 0 0 2 1 R 0
246 5210 18611 672 18654 636 3543 1 0 0 0 0 0 0 0 0 1 1 R 0
247 5234 23385 629 21925 602 3839 1 0 4 0 0 0 0 0 0 1 1 R 0
248 5255 20857 565 19789 539 3838 1 0 1 0 0 0 0 0 0 2 1 R 0
249 5275 18965 740 19022 703 3448 1 0 0 0 0 0 0 0 0 2 1 R 0
250 5297 22000 557 20716 536 3368 1 0 4 0 0 0 0 0 0 1 1 R 0
251 5317 19303 579 19331 550 4221 1 0 0 0 0 0 0 0 0 1 1 R 0
252 5338 19624 565 19648 536 4311 1 0 0 0 0 0 0 0 0 1 1 R 0
253 5357 18863 591 18893 565 4049 1 0 0 0 0 0 0 0 0 2 1 R 0
254 5378 20622 728 19739 674 4436 1 0 4 0 0 0 0 0 0 1 1 R 0
255 5401 22377 958 22409 937 6769 1 0 0 0 0 0 0 0 0 2 1 R 0
256 5421 18974 991 18996 972 3829 1 0 0 0 0 0 0 0 0 1 1 R 0
257 5445 22469 580 20498 554 3823 1 0 4 0 0 0 0 0 0 1 1 R 0
258 5466 21004 718 19987 656 5182 1 0 1 0 0 0 0 0 0 2 1 R 0
259 5485 18012 704 18080 640 3732 1 0 0 0 0 0 0 0 0 1 1 R 0
260 5508 21974 647 20932 630 3208 1 0 4 0 0 0 0 0 0 2 1 R 0
261 5528 19503 589 19530 560 4417 1 0 0 0 0 0 0 0 0 1 1 R 0
262 5548 19714 595 19741 569 4381 1 0 0 0 0 0 0 0 0 1 1 R 0
263 5568 19434 791 19510 719 4073 1 0 0 0 0 0 0 0 0 2 1 R 0
264 5589 20109 914 19191 878 5188 1 0 4 0 0 0 0 0 0 2 1 R 0
265 5608 18017 717 18049 681 3237 1 0 0 0 0 0 0 0 0 1 1 R 0
266 5631 22502 938 21848 922 4901 1 0 1 0 0 0 0 0 0 2 1 R 0
267 5656 23943 592 21615 559 3891 1 0 5 0 0 0 0 0 0 1 1 R 0
268 5675 18276 789 18315 752 3699 1 0 0 0 0 0 0 0 0 2 1 R 0
269 5696 20231 862 19509 821 4219 1 0 1 0 0 0 0 0 0 2 1 R 0
270 5721 24384 982 22888 963 6337 1 0 4 0 0 0 0 0 0 2 1 R 0
271 5741 19204 964 19230 940 3817 1 0 0 0 0 0 0 0 0 1 1 R 0
272 5761 18512 1120 18554 1084 3662 1 0 0 0 0 0 0 0 0 1 1 R 0
273 5779 17414 1134 17471 1084 3153 1 0 0 0 0 0 0 0 0 2 1 R 0
274 5805 23999 576 22852 553 4146 1 0 4 0 0 1 0 0 0 1 1 R 0
275 5825 19762 620 19803 575 3783 1 0 0 0 0 0 0 0 0 2 1 R 0
276 5845 19324 582 19350 559 3975 1 0 0 0 0 0 0 0 0 1 1 R 0
277 5869 23228 590 20766 560 7097 1 0 4 0 0 0 0 0 0 1 1 R 0
278 5887 17808 749 17855 705 3578 1 0 0 0 0 0 0 0 0 2 1 R 0
279 5907 19244 691 19279 664 4571 1 0 0 0 0 0 0 0 0 2 1 R 0
280 5931 23284 580 21611 862 5268 1 0 4 0 0 0 0 0 0 1 1 R 0
281 5951 19250 594 18972 564 3852 1 0 0 0 0 0 0 0 0 2 1 R 0
282 5970 19058 582 19083 558 3777 1 0 0 0 0 0 0 0 0 1 1 R 0
283 5989 17814 685 17891 622 3121 1 0 0 0 0 0 0 0 0 1 1 R 0
284 6011 21122 708 20299 672 5588 1 0 4 0 0 0 0 0 0 2 1 R 0
285 6034 23006 583 23019 557 8366 1 0 0 0 0 0 0 0 0 1 1 R 0
286 6057 21571 577 20484 554 3753 1 0 1 0 0 0 0 0 0 2 1 R 0
287 6078 20395 592 19396 567 5635 1 0 4 0 0 0 0 0 0 1 1 R 0
288 6096 17766 911 17805 879 3504 1 0 0 0 0 0 0 0 0 2 1 R 0
289 6115 18478 703 18537 639 4319 1 0 0 0 0 0 0 0 0 2 1 R 0
290 6139 22936 581 22035 555 4975 1 0 4 0 0 0 0 0 0 1 1 R 0
291 6159 19634 815 19661 786 4322 1 0 0 0 0 0 0 0 0 1 1 R 0
292 6179 19056 625 19116 566 3616 1 0 0 0 0 0 0 0 0 1 1 R 0
293 6198 18331 737 18406 654 3181 1 0 0 0 0 0 0 0 0 2 1 R 0
294 6220 21168 694 20014 665 6231 1 0 4 0 0 0 0 0 0 1 1 R 0
295 6240 19245 586 19263 556 3792 1 0 0 0 0 0 0 0 0 2 1 R 0
296 6263 22419 692 21402 663 3990 1 0 1 0 0 0 0 0 0 1 1 R 0
297 6287 23319 637 22361 610 4311 1 0 4 0 0 0 0 0 0 2 1 R 0
298 6305 17694 1846 17756 1815 3640 1 0 0 0 0 1 0 0 0 2 1 R 0
299 6326 19200 693 19221 632 4892 1 0 0 0 0 0 0 0 0 1 1 R 0
300 6354 27147 566 25541 540 8959 1 0 4 0 0 0 0 0 0 2 1 R 0
301 6374 19608 701 19632 680 3363 1 0 0 0 0 0 0 0 0 1 1 R 0
302 6393 18142 710 18190 666 3299 1 0 0 0 0 0 0 0 0 2 1 R 0
303 6414 19882 2919 19293 1595 3905 1 0 1 0 3 0 0 0 0 2 1 R 0
304 6435 18262 694 18289 666 3100 1 0 0 0 0 0 0 0 0 2 1 R 0
305 6456 20626 526 19767 510 3765 1 0 1 0 0 0 0 0 0 1 1 R 0
306 6476 19335 578 19365 554 3978 1 0 0 0 0 0 0 0 0 1 1 R 0
307 6498 21038 672 20172 647 3978 1 0 4 0 0 0 0 0 0 2 1 R 0
308 6518 19903 583 19910 555 4259 1 0 0 0 0 0 0 0 0 2 1 R 0
309 6538 19158 619 19188 590 4198 1 0 0 0 0 0 0 0 0 0 1 R 0
310 6561 22081 588 20275 577 4263 1 0 4 0 0 0 0 0 0 2 1 R 0
311 6581 19675 587 19687 553 3814 1 0 0 0 0 0 0 0 0 1 1 R 0
312 6599 17571 707 17624 677 3337 1 0 0 0 0 0 0 0 0 1 1 R 0
313 6619 18966 744 18995 706 3770 1 0 0 0 0 0 0 0 0 2 1 R 0
314 6641 21963 981 21011 973 5944 1 0 4 0 0 0 0 0 0 1 1 R 0
315 6667 24358 597 22498 570 10077 1 0 2 0 0 0 0 0 0 2 1 R 0
316 6688 20343 574 20370 542 4507 1 0 0 0 0 0 0 0 0 1 1 R 0
317 6708 20021 692 19213 636 5395 1 0 4 0 0 0 0 0 0 2 1 R 0
318 6727 17759 1299 17834 1223 3823 1 0 0 0 0 0 0 0 0 2 1 R 0
319 6749 20678 880 20745 825 4730 1 0 0 0 0 1 0 0 0 1 1 R 0
320 6771 21571 1014 20413 996 3796 1 0 4 0 0 0 0 0 0 2 1 R 0
321 6791 19191 1130 19210 1106 3667 1 0 0 0 0 0 0 0 0 1 1 R 0
322 6810 17436 707 17493 664 3381 1 0 0 0 0 0 0 0 0 2 1 R 0
323 6829 18784 885 18830 822 3823 1 0 0 0 0 0 0 0 0 1 1 R 0
324 6854 23875 756 22939 697 3868 1 0 4 0 0 0 0 0 0 2 1 R 0
325 6875 20027 556 18973 518 4351 1 0 1 0 0 0 0 0 0 1 1 R 0
326 6920 44799 633 17492 612 34143 1 2 2 0 1 10 0 0 0 2 0 R 1
327 6937 16190 551 14636 509 2287 1 0 0 0 0 7 0 0 0 0 1 R 0
328 6970 32599 2479 17176 726 22379 1 2 2 0 1 0 0 0 0 3 0 R 1
329 6999 26134 666 17456 640 3938 1 0 5 0 1 0 0 0 0 0 1 R 0
330 7023 23821 560 22251 535 6015 1 0 0 0 0 0 0 0 0 2 1 R 0
331 7046 21874 728 20656 711 3201 1 0 4 0 0 0 0 0 0 1 1 R 0
332 7068 20920 713 19825 655 4293 1 0 1 0 0 0 0 0 0 1 1 R 0
333 7088 19496 584 19520 557 4289 1 0 0 0 0 0 0 0 0 1 1 R 0
334 7106 17922 654 17960 619 3612 1 0 0 0 0 0 0 0 0 2 1 R 0
335 7128 21147 682 20315 613 4801 1 0 4 0 0 0 0 0 0 2 1 R 0
336 7147 18284 639 18308 607 3542 1 0 0 0 0 0 0 0 0 1 1 R 0
337 7168 19941 576 19964 545 4989 1 0 0 0 0 0 0 0 0 2 1 R 0
338 7190 22140 587 20729 567 4250 1 0 4 0 0 0 0 0 0 1 1 R 0
339 7209 17672 694 17725 641 3348 1 0 0 0 0 0 0 0 0 2 1 R 0
340 7227 18075 945 18121 895 4119 1 0 0 0 0 0 0 0 0 1 1 R 0
341 7248 19515 690 19556 650 4675 1 0 0 0 0 0 0 0 0 2 1 R 0
342 7273 24296 570 21745 548 7389 1 0 5 0 0 0 0 0 0 2 1 R 0
343 7295 21379 597 21408 583 3820 1 0 0 0 0 0 0 0 0 2 1 R 0
344 7315 19170 979 19226 908 3169 1 0 0 0 0 0 0 0 0 2 1 R 0
345 7340 24743 598 23403 570 11443 1 0 4 0 0 0 0 0 0 1 1 R 0
346 7360 19466 779 19545 710 3723 1 0 0 0 0 0 0 0 0 1 1 R 0
347 7381 19720 584 19735 558 3810 1 0 0 0 0 0 0 0 0 1 1 R 0
348 7404 22257 568 21167 546 3662 1 0 4 0 0 0 0 0 0 2 1 R 0
349 7422 17273 1544 17336 1497 3162 1 0 0 0 0 0 0 0 0 1 1 R 0
350 7441 18013 1288 18053 1245 3871 1 0 0 0 0 0 0 0 0 2 1 R 0
351 7461 18155 3289 18200 1282 4237 1 0 0 0 1 0 0 0 0 1 1 R 0
352 7487 23307 579 21788 556 4518 1 0 4 0 0 0 0 0 0 2 1 R 0
353 7507 19262 736 19294 703 4245 1 0 0 0 0 0 0 0 0 1 1 R 0
354 7525 17673 671 17720 633 3751 1 0 0 0 0 0 0 0 0 2 1 R 0
355 7547 21212 708 20125 670 3585 1 0 4 0 0 0 0 0 0 1 1 R 0
356 7568 20009 563 20019 533 4189 1 0 0 0 0 0 0 0 0 2 1 R 0
357 7588 19366 567 19394 540 4195 1 0 0 0 0 0 0 0 0 1 1 R 0
358 7610 21939 583 20748 558 4242 1 0 4 0 0 0 0 0 0 1 1 R 0
359 7630 19418 574 19447 549 3593 1 0 0 0 0 0 0 0 0 2 1 R 0
360 7653 22428 624 22463 586 6026 1 0 0 0 0 0 0 0 0 1 1 R 0
361 7678 23709 546 21622 523 3473 1 0 5 0 0 0 0 0 0 2 1 R 0
362 7699 20743 591 20250 564 4212 1 0 1 0 0 0 0 0 0 1 1 R 0
363 7718 18651 867 18825 709 4153 1 0 0 0 0 0 0 0 0 1 1 R 0
364 7737 18095 688 18140 647 3843 1 0 0 0 0 0 0 0 0 2 1 R 0
365 7758 20380 715 19399 680 5596 1 0 4 0 0 0 0 0 0 2 1 R 0
366 7779 20179 987 20190 966 4313 1 0 0 0 0 0 0 0 0 1 1 R 0
367 7800 19829 579 19850 550 3844 1 0 0 0 0 1 0 0 0 1 1 R 0
368 7823 22031 551 20849 530 3759 1 0 4 0 0 0 0 0 0 2 1 R 0
369 7841 17364 708 17429 652 3202 1 0 0 0 0 0 0 0 0 1 1 R 0
370 7860 18900 677 18946 626 3713 1 0 0 0 0 0 0 0 0 2 1 R 0
371 7883 21719 1497 20650 884 5123 1 0 2 0 3 0 0 0 0 1 1 R 0
372 7905 21058 583 20753 556 3848 1 0 0 0 0 0 0 0 0 1 1 R 0
373 7924 18688 710 18744 664 3555 1 0 0 0 0 0 0 0 0 2 1 R 0
374 7944 18588 688 18620 660 3437 1 0 0 0 0 0 0 0 0 2 1 R 0
375 7970 25297 590 24397 565 8921 1 0 4 0 0 0 0 0 0 1 1 R 0
376 7989 19113 566 19141 534 3784 1 0 0 0 0 0 0 0 0 1 1 R 0
377 8009 19316 616 19346 588 3800 1 0 0 0 0 0 0 0 0 1 1 R 0
378 8031 20884 689 19743 665 3295 1 0 4 0 0 0 0 0 0 2 1 R 0
379 8050 18145 657 18166 628 3248 1 0 0 0 0 0 0 0 0 2 1 R 0
380 8071 20394 681 19157 630 3417 1 0 1 0 0 0 0 0 0 2 1 R 0
381 8091 19936 1075 19957 1059 3654 1 0 0 0 2 0 0 0 0 1 1 R 0
382 8114 21461 605 19994 580 3567 1 0 2 0 0 0 0 0 0 1 1 R 0
383 8132 17891 734 17936 686 3180 1 0 0 0 0 0 0 0 0 2 1 R 0
384 8152 19375 697 19426 654 3744 1 0 0 0 0 0 0 0 0 2 1 R 0
385 8176 22658 580 21540 547 3729 1 0 4 0 0 0 0 0 0 2 1 R 0
386 8196 19699 703 19728 678 4396 1 0 0 0 0 0 0 0 0 1 1 R 0
387 8216 19423 611 19445 584 4302 1 0 0 0 0 0 0 0 0 1 1 R 0
388 8239 22474 558 20876 535 3709 1 0 4 0 0 0 0 0 0 2 1 R 0
389 8258 17913 684 17957 639 3899 1 0 0 0 0 0 0 0 0 2 1 R 0
390 8284 25230 560 24162 542 9850 1 0 1 0 0 0 0 0 0 1 1 R 0
391 8306 21462 617 20560 607 3814 1 0 4 0 0 0 0 0 0 1 1 R 0
392 8327 20418 576 20439 549 4224 1 0 0 0 0 0 0 0 0 1 1 R 0
393 8345 17844 692 17904 635 3711 1 0 0 0 0 0 0 0 0 2 1 R 0
394 8365 18938 657 18975 615 3494 1 0 0 0 0 0 0 0 0 2 1 R 0
395 8388 22357 555 21136 524 4021 1 0 4 0 0 0 0 0 0 1 1 R 0
396 8408 19350 602 19396 560 4191 1 0 0 0 0 0 0 0 0 1 1 R 0
397 8427 19064 621 19094 588 4479 1 0 0 0 0 0 0 0 0 1 1 R 0
398 8449 21316 858 19889 832 3643 1 0 4 0 0 0 0 0 0 2 1 R 0
399 8471 20538 908 19100 876 3124 1 0 1 0 0 0 0 0 0 2 1 R 0
400 8491 19024 2317 19073 2283 3282 1 0 0 0 0 1 0 0 0 1 1 R 0
401 8514 21324 1334 20603 798 4001 1 0 2 0 2 0 0 0 0 2 1 R 0
402 8535 19607 567 19607 543 3213 1 0 0 0 0 0 0 0 0 1 1 R 0
403 8554 18400 685 18441 647 3132 1 0 0 0 0 0 0 0 0 1 1 R 0
404 8574 19200 667 19235 633 3324 1 0 0 0 0 0 0 0 0 2 1 R 0
405 8600 24952 568 23750 542 11327 1 0 4 0 0 0 0 0 0 1 1 R 0
406 8620 19394 596 19422 567 3797 1 0 0 0 0 0 0 0 0 2 1 R 0
407 8639 18638 849 18696 787 3766 1 0 0 0 0 0 0 0 0 1 1 R 0
408 8661 21609 1441 20241 1418 3077 1 0 3 0 0 0 0 0 0 2 1 R 0
409 8684 21720 557 20664 535 3065 1 0 1 0 0 0 0 0 0 1 1 R 0
410 8705 19806 579 19840 545 3758 1 0 0 0 0 0 0 0 0 2 1 R 0
411 8727 21635 552 20602 533 3822 1 0 4 0 0 0 0 0 0 1 1 R 0
412 8746 18097 1099 18145 1072 3670 1 0 0 0 0 0 0 0 0 2 1 R 0
413 8765 18342 679 18382 637 4121 1 0 0 0 0 0 0 0 0 1 1 R 0
414 8786 20353 671 20411 599 4373 1 0 0 0 0 0 0 0 0 2 1 R 0
415 8808 21447 592 20266 565 6291 1 0 4 0 0 0 0 0 0 1 1 R 0
416 8829 20421 999 20477 967 4390 1 0 0 0 0 0 0 0 0 1 1 R 0
417 8849 18218 669 18250 620 3263 1 0 0 0 0 0 0 0 0 2 1 R 0
418 8875 25446 757 22688 798 4661 1 0 5 0 0 0 0 0 0 2 1 R 0
419 8897 21815 586 20511 558 4042 1 0 1 0 0 0 0 0 0 1 1 R 0
420 8920 22616 749 22645 723 7944 1 0 0 0 0 0 0 0 0 1 1 R 0
421 8944 22434 566 21120 538 3739 1 0 4 0 0 0 0 0 0 2 1 R 0
422 8961 17193 1349 17260 1307 3246 1 0 0 0 0 0 0 0 0 2 1 R 0
423 8982 19763 749 19779 717 3709 1 0 0 0 0 0 0 0 0 1 1 R 0
424 9003 19572 1651 19281 1068 3494 1 0 1 0 3 0 0 0 0 2 1 R 0
425 9024 19882 613 19888 586 3864 1 0 0 0 0 0 0 0 0 1 1 R 0
426 9044 19442 558 19470 528 3814 1 0 0 0 0 0 0 0 0 1 1 R 0
427 9063 18449 661 18505 627 3108 1 0 0 0 0 0 0 0 0 2 1 R 0
428 9088 24142 582 22112 560 3641 1 0 4 0 0 0 0 0 0 1 1 R 0
429 9108 19301 588 19321 562 4258 1 0 0 0 0 0 0 0 0 1 1 R 0
430 9128 19821 679 19849 652 4365 1 0 0 0 0 0 0 0 0 2 1 R 0
431 9150 20944 728 19500 689 4056 1 0 4 0 0 0 0 0 0 1 1 R 0
432 9169 18623 836 18675 804 3503 1 0 0 0 0 0 0 0 0 1 1 R 0
433 9190 19263 633 19297 572 3766 1 0 0 0 0 0 0 0 0 2 1 R 0
434 9210 19424 579 19449 552 3760 1 0 0 0 0 0 0 0 0 1 1 R 0
435 9236 25599 611 24637 585 11696 1 0 4 0 0 0 0 0 0 1 1 R 0
436 9257 20653 606 20679 577 4299 1 0 0 0 0 0 0 0 0 1 1 R 0
437 9278 19981 667 18667 621 3864 1 0 1 0 0 0 0 0 0 2 1 R 0
438 9301 22235 576 21255 556 6101 1 0 4 0 0 0 0 0 0 2 1 R 0
439 9321 19446 584 19468 559 3785 1 0 0 0 0 0 0 0 0 1 1 R 0
440 9340 19244 572 19267 548 3771 1 0 0 0 0 0 0 0 0 2 1 R 0
441 9364 22574 559 21324 538 4052 1 0 4 0 0 0 0 0 0 2 1 R 0
442 9383 18773 714 18819 664 3382 1 0 0 0 0 0 0 0 0 1 1 R 0
443 9404 20039 632 20083 588 3072 1 0 0 0 0 0 0 0 0 1 1 R 0
444 9426 21234 551 20497 534 3776 1 0 4 0 0 0 0 0 0 1 1 R 0
445 9446 19830 754 19888 703 4225 1 0 0 0 0 1 0 0 0 2 1 R 0
446 9465 18437 770 18469 733 3578 1 0 0 0 0 0 0 0 0 2 1 R 0
447 9487 20748 697 19740 667 3355 1 0 1 0 0 0 0 0 0 1 1 R 0
448 9509 21561 582 20307 554 4855 1 0 4 0 0 0 0 0 0 1 1 R 0
449 9529 19628 592 19656 561 4403 1 0 0 0 0 0 0 0 0 1 1 R 0
450 9553 23564 556 23589 531 7638 1 0 0 0 0 0 0 0 0 2 1 R 0
451 9576 21725 610 20660 580 3675 1 0 4 0 0 0 0 0 0 1 1 R 0
452 9594 18340 650 18383 620 3464 1 0 0 0 0 0 0 0 0 2 1 R 0
453 9616 20694 563 20712 540 4748 1 0 0 0 0 0 0 0 0 1 1 R 0
454 9638 21996 572 20668 546 4229 1 0 4 0 0 0 0 0 0 1 1 R 0
455 9659 19931 575 19959 547 4134 1 0 0 0 0 0 0 0 0 1 1 R 0
456 9679 19856 904 18781 885 4006 1 0 1 0 0 0 0 0 0 2 1 R 0
457 9700 19539 640 19175 600 3210 1 0 1 0 0 0 0 0 0 2 1 R 0
458 9725 24519 569 22219 548 4182 1 0 5 0 0 0 0 0 0 1 1 R 0
459 9745 19782 567 19804 543 3995 1 0 0 0 0 0 0 0 0 2 1 R 0
460 9765 19258 782 19294 760 3380 1 0 0 0 0 0 0 0 0 1 1 R 0
461 9788 21872 747 21021 651 3106 1 0 4 0 0 1 0 0 0 2 1 R 0
462 9808 19388 867 19444 821 3525 1 0 0 0 0 0 0 0 0 2 1 R 0
463 9828 19400 589 19414 563 4363 1 0 0 0 0 0 0 0 0 1 1 R 0
464 9851 22400 927 20730 912 4205 1 0 4 0 0 0 0 0 0 1 1 R 0
465 9874 21905 625 21941 574 6295 1 0 0 0 0 0 0 0 0 1 1 R 0
466 9894 19825 678 18779 638 4705 1 0 1 0 0 0 0 0 0 2 1 R 0
467 9917 21725 830 20076 808 3188 1 0 4 0 0 0 0 0 0 2 1 R 0
468 9937 19562 575 19582 549 4187 1 0 0 0 0 0 0 0 0 1 1 R 0
469 9957 19368 573 19393 547 4204 1 0 0 0 0 0 0 0 0 1 1 R 0
470 9975 17696 657 17729 631 3721 1 0 0 0 0 0 0 0 0 2 1 R 0
471 9999 22478 568 21341 538 5328 1 0 4 0 0 0 0 0 0 2 1 R 0
472 10019 19830 583 19863 557 4185 1 0 0 0 0 0 0 0 0 1 1 R 0
473 10039 19260 578 19286 550 4296 1 0 0 0 0 0 0 0 0 2 1 R 0
474 10061 21714 1173 20380 1137 4082 1 0 4 0 0 0 0 0 0 0 1 R 0
475 10083 20766 642 18993 612 3103 1 0 1 0 0 0 0 0 0 3 1 R 0
476 10119 35102 2794 20564 1390 5803 1 0 9 0 0 0 0 0 0 1 0 R 3
477 10158 36576 764 16915 740 21110 1 2 2 0 1 0 0 0 0 2 0 R 0
478 10180 21095 796 19087 763 3257 1 0 1 0 0 0 0 0 0 1 1 R 0
479 10202 20777 1485 20521 695 3063 1 0 4 0 0 0 0 0 0 2 1 R 0
480 10225 22284 836 22332 793 5983 1 0 0 0 0 0 0 0 0 1 1 R 0
481 10245 19213 584 19236 554 4382 1 0 0 0 0 0 0 0 0 1 1 R 0
482 10269 22699 556 21059 528 3328 1 0 4 0 0 0 0 0 0 2 1 R 0
483 10288 19004 692 18101 669 3603 1 0 1 0 0 0 0 0 0 1 1 R 0
484 10308 19477 712 19522 648 4363 1 0 0 0 0 0 0 0 0 2 1 R 0
485 10327 18107 703 18161 661 3867 1 0 0 0 0 0 0 0 0 2 1 R 0
486 10350 22175 577 21121 553 6698 1 0 4 0 0 0 0 0 0 1 1 R 0
487 10370 19146 875 19202 830 3631 1 0 0 0 0 0 0 0 0 2 1 R 0
488 10390 19084 569 19098 541 3635 1 0 0 0 0 0 0 0 0 1 1 R 0
489 10413 22700 782 21758 528 3256 1 0 4 0 0 0 0 0 0 1 1 R 0
490 10433 19388 562 19409 546 3590 1 0 0 0 0 0 0 0 0 1 1 R 0
491 10453 19375 882 19397 864 3795 1 0 0 0 0 0 0 0 0 2 1 R 0
492 10475 21404 547 20325 530 3650 1 0 4 0 0 0 0 0 0 1 1 R 0
493 10495 19450 697 18562 659 5028 1 0 1 0 0 0 0 0 0 2 1 R 0
494 10515 18524 674 18589 602 3351 1 0 0 0 0 0 0 0 0 2 1 R 0
495 10538 22943 580 22971 553 8313 1 0 0 0 0 0 0 0 0 1 1 R 0
496 10561 21830 591 20798 561 6635 1 0 4 0 0 0 0 0 0 1 1 R 0
497 10580 18370 899 18457 815 3412 1 0 0 0 0 0 0 0 0 1 1 R 0
498 10598 17543 811 17621 738 3259 1 0 0 0 0 0 0 0 0 2 1 R 0
499 10621 22319 1673 21220 1652 4707 1 0 4 0 0 0 0 0 0 2 1 R 0
500 10643 19838 551 19840 526 3727 1 0 0 0 0 0 0 0 0 2 1 R 0
501 10664 20945 581 20357 555 4002 1 0 1 0 0 0 0 0 0 1 1 R 0
502 10688 23211 1379 20986 1369 3328 1 0 4 0 0 1 0 0 0 1 1 R 0
503 10707 17395 747 17444 691 3622 1 0 0 0 0 0 0 0 0 2 1 R 0
504 10727 19602 695 19639 670 4923 1 0 0 0 0 0 0 0 0 1 1 R 0
505 10748 20219 576 20232 547 4201 1 0 0 0 0 0 0 0 0 2 1 R 0
506 10770 21029 572 19845 543 6262 1 0 4 0 0 0 0 0 0 1 1 R 0
507 10789 18643 801 18696 759 3771 1 0 0 0 0 0 0 0 0 1 1 R 0
508 10808 17785 685 17818 650 3114 1 0 0 0 0 0 0 0 0 2 1 R 0
509 10831 22378 678 21066 631 4597 1 0 4 0 0 0 0 0 0 2 1 R 0
510 10855 23434 580 23468 553 6972 1 0 0 0 0 0 0 0 0 1 1 R 0
511 10875 19977 553 20002 522 3764 1 0 0 0 0 0 0 0 0 2 1 R 0
512 10899 23216 847 20888 827 3583 1 0 5 0 0 0 0 0 0 1 1 R 0
513 10918 18016 667 18065 618 3086 1 0 0 0 0 0 0 0 0 2 1 R 0
514 10939 20541 566 20565 539 4472 1 0 0 0 0 0 0 0 0 1 1 R 0
515 10958 18799 573 18825 550 4216 1 0 0 0 0 0 0 0 0 1 1 R 0
516 10981 21722 581 20443 557 6458 1 0 4 0 0 0 0 0 0 2 1 R 0
517 10999 17518 735 17562 687 3197 1 0 0 0 0 0 0 0 0 1 1 R 0
518 11020 20062 928 20147 856 4560 1 0 0 0 0 0 0 0 0 2 1 R 0
519 11043 22313 564 20842 537 3230 1 0 4 0 0 0 0 0 0 2 1 R 0
520 11063 19426 648 19451 627 4065 1 0 0 0 0 0 0 0 0 1 1 R 0
521 11083 19331 556 19348 534 3712 1 0 0 0 0 0 0 0 0 1 1 R 0
522 11106 22162 822 19800 638 3087 1 0 5 0 0 0 0 0 0 2 1 R 0
523 11125 18267 747 18293 701 3122 1 0 0 0 0 0 0 0 0 1 1 R 0
524 11146 20104 574 20132 550 3632 1 0 0 0 0 0 0 0 0 2 1 R 0
525 11169 22571 636 22615 603 8435 1 0 0 0 0 0 0 0 0 1 1 R 0
526 11191 21468 1265 20476 1243 6304 1 0 4 0 0 0 0 0 0 1 1 R 0
527 11212 20443 787 20462 759 3789 1 0 0 0 0 0 0 0 0 2 1 R 0
528 11230 16923 725 16957 689 3068 1 0 0 0 0 0 0 0 0 2 1 R 0
529 11253 22375 567 20935 544 3778 1 0 4 0 0 0 0 0 0 1 1 R 0
530 11274 20057 569 20079 553 3856 1 0 0 0 0 0 0 0 0 1 1 R 0
531 11299 24199 635 22016 611 4152 1 0 2 0 0 0 0 0 0 1 1 R 0
532 11320 20947 714 20017 647 3763 1 0 4 0 0 0 0 0 0 2 1 R 0
533 11340 18870 759 18921 714 3178 1 0 0 0 0 0 0 0 0 2 1 R 0
534 11361 20714 911 20731 894 3991 1 0 0 0 0 0 0 0 0 1 1 R 0
535 11381 18846 2640 18867 1672 3841 1 0 0 0 3 0 0 0 0 2 1 R 0
536 11404 20181 553 19838 529 3390 1 0 1 0 0 0 0 0 0 1 1 R 0
537 11422 17824 726 17875 678 3207 1 0 0 0 0 0 0 0 0 2 1 R 0
538 11441 18109 1734 18156 1694 3828 1 0 0 0 0 0 0 0 0 1 1 R 0
539 11465 22586 577 21068 548 3979 1 0 4 0 0 0 0 0 0 1 1 R 0
540 11491 24525 639 23454 606 7933 1 0 1 0 0 0 0 0 0 2 1 R 0
541 11509 17724 701 17773 655 3413 1 0 0 0 0 0 0 0 0 1 1 R 0
542 11531 21172 683 20123 645 3339 1 0 4 0 0 0 0 0 0 2 1 R 0
543 11551 19320 660 19348 633 3260 1 0 0 0 0 0 0 0 0 2 1 R 0
544 11571 19427 584 19436 558 3775 1 0 0 0 0 0 0 0 0 1 1 R 0
545 11591 19590 1062 19628 1042 3804 1 0 0 0 1 0 0 0 0 2 1 R 0
546 11613 20940 785 19455 748 3245 1 0 3 0 0 0 0 0 0 1 1 R 0
547 11632 18569 661 18606 644 3172 1 0 0 0 0 0 0 0 0 1 1 R 0
548 11654 20729 559 20733 537 3684 1 0 0 0 0 0 0 0 0 2 1 R 0
549 11676 21184 646 19708 595 3821 1 0 4 0 0 0 0 0 0 1 1 R 0
550 11698 21857 579 20314 558 4635 1 0 2 0 0 0 0 0 0 1 1 R 0
551 11716 17464 945 17505 907 3609 1 0 0 0 0 0 0 0 0 2 1 R 0
552 11740 22971 683 21757 650 4891 1 0 4 0 0 0 0 0 0 2 1 R 0
553 11760 19337 570 19340 553 3986 1 0 0 0 0 0 0 0 0 2 1 R 0
554 11781 20028 568 20043 548 3805 1 0 0 0 0 1 0 0 0 0 1 R 0
555 11806 24364 690 23648 639 6646 1 0 4 0 0 0 0 0 0 2 1 R 0
556 11824 18236 745 18284 713 3188 1 0 0 0 0 0 0 0 0 1 1 R 0
557 11844 18484 663 18508 630 3282 1 0 0 0 0 0 0 0 0 2 1 R 0
558 11865 21053 572 21064 552 4067 1 0 0 0 0 0 0 0 0 1 1 R 0
559 11888 21677 641 20428 565 4553 1 0 4 0 0 0 0 0 0 2 1 R 0
560 11909 21015 581 19507 550 5743 1 0 1 0 0 0 0 0 0 1 1 R 0
561 11928 17773 762 17822 731 3363 1 0 0 0 0 0 0 0 0 1 1 R 0
562 11952 23827 639 21982 600 5279 1 0 5 0 0 0 0 0 0 3 1 R 0
563 11972 19100 541 19111 526 3813 1 0 0 0 0 0 0 0 0 1 1 R 0
564 11992 19908 706 19962 659 3753 1 0 0 0 0 0 0 0 0 1 1 R 0
565 12011 17991 1147 18014 1124 4046 1 0 0 0 1 0 0 0 0 1 1 R 0
566 12033 20467 675 18878 628 3062 1 0 3 0 0 0 0 0 0 2 1 R 0
567 12052 18039 1376 18095 1341 3130 1 0 0 0 0 0 0 0 0 1 1 R 0
568 12073 19960 556 19962 531 3955 1 0 0 0 0 0 0 0 0 2 1 R 0
569 12097 23776 576 21420 552 3812 1 0 5 0 0 0 0 0 0 1 1 R 0
570 12121 22841 580 22865 558 7522 1 0 0 0 0 0 0 0 0 2 1 R 0
571 12138 17236 892 17309 815 3163 1 0 0 0 0 0 0 0 0 2 1 R 0
572 12163 23671 1021 22567 988 4374 1 0 4 0 0 1 0 0 0 1 1 R 0
573 12184 19842 550 19860 529 3513 1 0 0 0 0 0 0 0 0 2 1 R 0
574 12204 19409 631 19436 602 3806 1 0 0 0 0 0 0 0 0 1 1 R 0
575 12227 22610 656 21511 641 3696 1 0 4 0 0 0 0 0 0 2 1 R 0
576 12245 17735 836 17807 773 3582 1 0 0 0 0 0 0 0 0 1 1 R 0
577 12265 18707 740 18720 723 4074 1 0 0 0 0 0 0 0 0 2 1 R 0
578 12287 21425 579 21435 553 5168 1 0 0 0 0 0 0 0 0 2 1 R 0
579 12310 22351 1331 19995 1283 7972 1 0 4 0 0 0 0 0 0 0 1 R 0
580 12332 20964 826 21035 750 4213 1 0 0 0 0 0 0 0 0 2 1 R 0
581 12351 18274 1374 18337 1324 3164 1 0 0 0 0 0 0 0 0 2 1 R 0
582 12376 23376 1156 22436 1078 3378 1 0 4 0 0 0 0 0 0 2 1 R 0
583 12397 19848 568 19865 541 4490 1 0 0 0 0 0 0 0 0 1 1 R 0
584 12418 20438 698 20463 673 4033 1 0 0 0 0 0 0 0 0 1 1 R 0
585 12443 24490 555 23380 528 6458 1 0 4 0 0 0 0 0 0 2 1 R 0
586 12461 17253 1581 17323 1545 3209 1 0 0 0 0 0 0 0 0 2 1 R 0
587 12482 19407 642 19405 623 3124 1 0 0 0 0 0 0 0 0 1 1 R 0
588 12506 23268 741 21407 727 3737 1 0 5 0 0 0 0 0 0 1 1 R 0
589 12526 19185 578 19205 547 3997 1 0 0 0 0 0 0 0 0 1 1 R 0
590 12544 17839 664 17887 640 3689 1 0 0 0 0 0 0 0 0 2 1 R 0
591 12566 20569 565 20575 536 4562 1 0 0 0 0 0 0 0 0 1 1 R 0
592 12587 21088 586 19987 567 3206 1 0 4 0 0 0 0 0 0 2 1 R 0
593 12607 19512 575 19534 547 4216 1 0 0 0 0 0 0 0 0 1 1 R 0
594 12628 19468 621 19500 589 4238 1 0 0 0 0 0 0 0 0 1 1 R 0
595 12650 22021 581 20462 555 3560 1 0 4 0 0 0 0 0 0 2 1 R 0
596 12670 19279 663 18935 638 3442 1 0 1 0 0 0 0 0 0 1 1 R 0
597 12691 20090 621 20113 580 3781 1 0 0 0 0 0 0 0 0 2 1 R 0
598 12715 23136 611 21062 528 5468 1 0 5 0 0 0 0 0 0 1 1 R 0
599 12735 20131 953 20216 873 3385 1 0 0 0 0 0 0 0 0 2 1 R 0
600 12758 22239 639 22262 615 7830 1 0 0 0 0 0 0 0 0 1 1 R 0
601 12777 18040 773 18092 720 3784 1 0 0 0 0 0 0 0 0 2 1 R 0
602 12800 22073 567 21141 542 5861 1 0 4 0 0 0 0 0 0 1 1 R 0
603 12820 19168 585 19192 559 3868 1 0 0 0 0 0 0 0 0 2 1 R 0
604 12839 18628 690 18680 644 3500 1 0 0 0 0 0 0 0 0 1 1 R 0
605 12860 19965 1838 19018 1782 3319 1 0 4 0 0 1 0 0 0 2 1 R 0
606 12882 20155 1517 20960 691 3779 1 0 0 0 0 0 0 0 0 2 1 R 0
607 12904 20452 603 19398 579 3802 1 0 1 0 0 0 0 0 0 1 1 R 0
608 12926 22261 694 20889 681 3826 1 0 4 0 0 0 0 0 0 1 1 R 0
609 12945 17593 673 17639 625 3643 1 0 0 0 0 0 0 0 0 2 1 R 0
610 12965 19429 640 19462 613 4320 1 0 0 0 0 0 0 0 0 2 1 R 0
611 12984 18733 721 18795 658 3850 1 0 0 0 0 0 0 0 0 2 1 R 0
612 13008 23580 580 22546 554 5421 1 0 4 0 0 0 0 0 0 1 1 R 0
613 13028 18839 581 18865 556 4154 1 0 0 0 0 0 0 0 0 1 1 R 0
614 13046 17377 947 17409 918 3518 1 0 0 0 0 0 0 0 0 2 1 R 0
615 13073 25747 599 24086 574 7229 1 0 4 0 0 0 0 0 0 2 1 R 0
616 13093 19510 779 19560 733 3730 1 0 0 0 0 0 0 0 0 1 1 R 0
617 13114 20346 566 19326 544 5448 1 0 1 0 0 0 0 0 0 1 1 R 0
618 13137 22446 667 21357 647 3196 1 0 4 0 0 0 0 0 0 2 1 R 0
619 13156 18115 684 18150 648 3711 1 0 0 0 0 0 0 0 0 2 1 R 0
620 13175 19113 689 19175 649 4697 1 0 0 0 0 0 0 0 0 1 1 R 0
621 13197 21206 632 21208 610 5488 1 0 0 0 0 0 0 0 0 2 1 R 0
622 13219 21480 588 20360 554 6527 1 0 4 0 0 0 0 0 0 1 1 R 0
623 13240 19840 553 19869 524 3944 1 0 0 0 0 0 0 0 0 1 1 R 0
624 13259 18540 712 18595 675 3472 1 0 0 0 0 0 0 0 0 2 1 R 0
625 13280 20479 688 19415 661 3395 1 0 4 0 0 0 0 0 0 1 1 R 0
626 13303 22251 597 21421 574 3786 1 0 1 0 0 0 0 0 0 1 1 R 0
627 13323 19324 602 19364 567 3829 1 0 0 0 0 0 0 0 0 1 1 R 0
628 13347 23152 666 22322 647 3847 1 0 4 0 0 0 0 0 0 2 1 R 0
629 13365 17528 718 17568 671 3666 1 0 0 0 0 0 0 0 0 1 1 R 0
630 13389 23320 711 23371 663 8617 1 0 0 0 0 0 0 0 0 2 1 R 0
631 13409 19024 568 19051 543 3333 1 0 0 0 0 0 0 0 0 2 1 R 0
632 13431 21789 852 20665 841 6348 1 0 4 0 0 0 0 0 0 1 1 R 0
633 13450 18183 695 18233 648 3322 1 0 0 0 0 0 0 0 0 2 1 R 0
634 13469 18123 744 18153 722 3211 1 0 0 0 0 0 0 0 0 2 1 R 0
635 13493 23291 751 22352 715 3904 1 0 4 0 0 0 0 0 0 2 1 R 0
636 13515 21581 560 20526 540 3603 1 0 1 0 0 0 0 0 0 1 1 R 0
637 13535 19603 575 19627 547 3825 1 0 0 0 0 0 0 0 0 1 1 R 0
638 13558 22361 565 20876 541 3739 1 0 4 0 0 0 0 0 0 1 1 R 0
639 13578 19401 578 19428 553 4412 1 0 0 0 0 0 0 0 0 2 1 R 0
640 13599 19654 571 19676 548 4167 1 0 0 0 0 0 0 0 0 1 1 R 0
641 13619 20082 580 20111 553 4011 1 0 0 0 0 0 0 0 0 1 1 R 0
642 13641 21583 956 20307 938 5431 1 0 4 0 0 0 0 0 0 1 1 R 0
643 13661 18316 792 18364 739 3634 1 0 0 0 0 0 0 0 0 2 1 R 0
644 13680 18267 946 18321 904 3125 1 0 0 0 0 0 0 0 0 2 1 R 0
645 13708 26886 579 23538 553 6655 1 0 5 0 0 0 0 0 0 1 1 R 0
646 13728 19502 585 19527 561 4409 1 0 0 0 0 0 0 0 0 2 1 R 0
647 13749 20583 558 20607 536 3738 1 0 0 0 0 1 0 0 0 1 1 R 0
648 13770 20776 725 19536 665 3447 1 0 4 0 0 0 0 0 0 2 1 R 0
649 13789 18161 730 18204 706 3175 1 0 0 0 0 0 0 0 0 2 1 R 0
650 13809 19525 834 19596 757 3940 1 0 0 0 0 0 0 0 0 1 1 R 0
651 13830 20048 632 20062 610 3761 1 0 0 0 0 0 0 0 0 2 1 R 0
652 13854 23206 572 21962 545 3999 1 0 4 0 0 0 0 0 0 2 1 R 0
653 13872 17877 822 17933 767 3170 1 0 0 0 0 0 0 0 0 1 1 R 0
654 13893 19448 656 19481 629 3842 1 0 0 0 0 0 0 0 0 2 1 R 0
655 13917 23936 591 21162 560 4089 1 0 4 0 0 0 0 0 0 1 1 R 0
656 13937 19380 578 19407 552 4280 1 0 0 0 0 0 0 0 0 1 1 R 0
657 13959 21541 707 21614 629 4466 1 0 0 0 0 0 0 0 0 2 1 R 0
658 13983 22641 668 21532 635 3376 1 0 4 0 0 0 0 0 0 2 1 R 0
659 14001 17808 1482 17853 1452 3114 1 0 0 0 0 0 0 0 0 1 1 R 0
660 14026 22968 727 22979 708 7898 1 0 0 0 0 0 0 0 0 1 1 R 0
661 14049 22360 666 21030 652 4359 1 0 4 0 0 0 0 0 0 2 1 R 0
662 14068 18438 687 18479 636 3970 1 0 0 0 0 0 0 0 0 1 1 R 0
663 14087 18590 698 18639 658 3864 1 0 0 0 0 0 0 0 0 2 1 R 0
664 14109 20969 777 19424 738 4717 1 0 1 0 0 0 0 0 0 2 1 R 0
665 14131 21385 584 20198 861 4090 1 0 4 0 0 0 0 0 0 1 1 R 0
666 14151 19309 1040 19095 962 3788 1 0 0 0 0 0 0 0 0 1 1 R 0
667 14171 18618 824 18651 805 3714 1 0 0 0 0 0 0 0 0 2 1 R 0
668 14194 22746 560 21759 538 3640 1 0 4 0 0 0 0 0 0 1 1 R 0
669 14214 18945 694 18970 674 3068 1 0 0 0 0 0 0 0 0 2 1 R 0
670 14235 20608 572 20633 544 3771 1 0 0 0 0 0 0 0 0 1 1 R 0
671 14257 21305 565 20017 539 3807 1 0 4 0 0 0 0 0 0 1 1 R 0
672 14277 19960 866 19999 831 4216 1 0 0 0 0 0 0 0 0 2 1 R 0
673 14296 17770 921 17833 865 3783 1 0 0 0 0 0 0 0 0 1 1 R 0
674 14317 20166 699 19257 663 3641 1 0 1 0 0 0 0 0 0 2 1 R 0
675 14343 25328 559 24208 536 11079 1 0 4 0 0 0 0 0 0 2 1 R 0
676 14363 19233 787 19284 738 3413 1 0 0 0 0 0 0 0 0 1 1 R 0
677 14381 17575 1585 17611 1567 3181 1 0 0 0 0 0 0 0 0 1 1 R 0
678 14405 21917 572 20541 546 3049 1 0 4 0 0 0 0 0 0 2 1 R 0
679 14425 20009 565 20033 543 3840 1 0 0 0 0 0 0 0 0 1 1 R 0
680 14445 19552 579 19576 553 4426 1 0 0 0 0 0 0 0 0 1 1 R 0
681 14468 22324 556 20865 528 3680 1 0 4 0 0 0 0 0 0 2 1 R 0
682 14487 17817 776 17861 746 3645 1 0 0 0 0 0 0 0 0 1 1 R 0
683 14507 19361 2078 19391 939 4377 1 0 0 0 1 0 0 0 0 2 1 R 0
684 14529 20215 574 20229 545 4457 1 0 0 0 0 0 0 0 0 1 1 R 0
685 14552 22473 689 21491 654 6086 1 0 4 0 0 0 0 0 0 2 1 R 0
686 14571 18422 951 18447 928 3771 1 0 0 0 0 0 0 0 0 1 1 R 0
687 14590 17314 692 17354 648 3497 1 0 0 0 0 0 0 0 0 1 1 R 0
688 14614 23565 566 22367 541 3767 1 0 4 0 0 0 0 0 0 3 1 R 0
689 14634 19338 574 19365 548 3828 1 0 0 0 0 0 0 0 0 1 1 R 0
690 14658 23784 582 23544 556 8140 1 0 1 0 0 0 0 0 0 1 1 R 0
691 14680 21519 571 20332 546 4313 1 0 4 0 0 0 0 0 0 1 1 R 0
692 14699 18078 668 18120 627 3248 1 0 0 0 0 0 0 0 0 2 1 R 0
693 14720 20192 675 19204 631 4113 1 0 1 0 0 0 0 0 0 2 1 R 0
694 14741 20243 564 20265 547 3435 1 0 0 0 0 0 0 0 0 1 1 R 0
695 14764 22293 638 20805 616 4441 1 0 4 0 0 0 0 0 0 1 1 R 0
696 14783 19344 817 19379 790 3536 1 0 0 0 0 0 0 0 0 2 1 R 0
697 14803 18607 652 18646 613 3053 1 0 0 0 0 0 0 0 0 1 1 R 0
698 14826 22859 584 21870 553 3133 1 0 4 0 0 0 0 0 0 2 1 R 0
699 14846 18842 574 18861 549 4294 1 0 0 0 0 0 0 0 0 1 1 R 0
700 14867 20176 594 20203 566 4202 1 0 0 0 0 0 0 0 0 1 1 R 0
701 14889 21568 568 20199 541 4136 1 0 4 0 0 0 0 0 0 2 1 R 0
702 14907 17766 756 17836 684 3570 1 0 0 0 0 0 0 0 0 1 1 R 0
703 14928 19875 690 18397 662 3267 1 0 1 0 0 0 0 0 0 2 1 R 0
704 14949 20152 580 20166 554 4406 1 0 0 0 0 0 0 0 0 1 1 R 0
705 14974 25102 610 23923 588 12069 1 0 4 0 0 0 0 0 0 2 1 R 0
706 14993 18510 687 18545 661 3348 1 0 0 0 0 0 0 0 0 1 1 R 0
707 15012 18138 1766 18174 1757 3669 1 0 0 0 0 1 0 0 0 3 1 R 0
708 15037 22675 582 21663 558 3287 1 0 4 0 0 0 0 0 0 1 1 R 0
709 15057 19850 577 19873 553 4442 1 0 0 0 0 0 0 0 0 1 1 R 0
710 15077 19382 620 19407 597 4350 1 0 0 0 0 0 0 0 0 1 1 R 0
711 15098 19833 790 18407 727 3696 1 0 4 0 0 0 0 0 0 2 1 R 0
712 15118 19921 825 18653 775 3773 1 0 1 0 0 0 0 0 0 2 1 R 0
713 15139 19627 580 19653 553 4134 1 0 0 0 0 0 0 0 0 1 1 R 0
714 15159 19657 809 19685 796 4243 1 0 0 0 0 0 0 0 0 2 1 R 0
715 15181 21079 706 20163 680 6210 1 0 4 0 0 0 0 0 0 1 1 R 0
716 15199 17648 699 17714 631 3221 1 0 0 0 0 0 0 0 0 1 1 R 0
717 15220 19826 682 19671 645 3770 1 0 1 0 0 0 0 0 0 2 1 R 0
718 15243 22447 656 21412 644 3207 1 0 4 0 0 0 0 0 0 1 1 R 0
719 15264 20072 555 20074 528 4011 1 0 0 0 0 0 0 0 0 2 1 R 0
720 15288 23937 593 23966 567 7213 1 0 0 0 0 0 0 0 0 1 1 R 0
721 15311 22788 2609 21409 1480 4440 1 0 4 0 1 0 0 0 0 2 1 R 0
722 15331 17426 1252 17469 1220 3165 1 0 0 0 0 0 0 0 0 2 1 R 0
723 15353 20629 613 20636 591 4265 1 0 0 0 0 0 0 0 0 1 1 R 0
724 15376 21656 557 20724 537 3851 1 0 4 0 0 0 0 0 0 2 1 R 0
725 15395 18425 718 18476 663 3272 1 0 0 0 0 0 0 0 0 1 1 R 0
726 15414 18932 674 18986 643 3175 1 0 0 0 0 0 0 0 0 2 1 R 0
727 15434 18659 669 18684 632 3693 1 0 0 0 0 0 0 0 0 1 1 R 0
728 15457 22853 574 21562 544 4229 1 0 4 0 0 0 0 0 0 1 1 R 0
729 15477 19317 640 19359 609 4556 1 0 0 0 0 0 0 0 0 2 1 R 0
730 15497 19187 551 19204 522 3921 1 0 0 0 0 0 0 0 0 1 1 R 0
731 15519 21742 887 18873 859 3532 1 0 4 0 0 0 0 0 0 2 1 R 0
732 15538 17548 938 17626 871 3186 1 0 0 0 0 0 0 0 0 1 1 R 0
733 15558 19798 773 19878 683 4751 1 0 0 0 0 0 0 0 0 2 1 R 0
734 15579 19582 584 19623 545 4348 1 0 0 0 0 0 0 0 0 1 1 R 0
735 15604 24432 562 23369 535 9188 1 0 4 0 0 0 0 0 0 2 1 R 0
736 15621 17259 1346 17325 1295 3211 1 0 0 0 0 0 0 0 0 1 1 R 0
737 15641 18110 1578 18160 1522 3992 1 0 0 0 0 0 0 0 0 2 1 R 0
738 15665 22685 574 21187 546 4102 1 0 4 0 0 0 0 0 0 1 1 R 0
739 15685 19659 665 19692 631 3852 1 0 0 0 0 0 0 0 0 1 1 R 0
740 15707 21077 583 20707 555 4741 1 0 1 0 0 1 0 0 0 2 1 R 0
741 15732 24200 554 21988 532 4501 1 0 5 0 0 0 0 0 0 1 1 R 0
742 15751 18775 970 18801 951 3773 1 0 0 0 0 0 0 0 0 1 1 R 0
743 15771 18655 581 18674 558 3761 1 0 0 0 0 0 0 0 0 2 1 R 0
744 15791 19083 654 19187 546 3812 1 0 0 0 0 0 0 0 0 1 1 R 0
745 15813 21782 731 20129 702 4567 1 0 4 0 0 0 0 0 0 1 1 R 0
746 15831 17337 1158 17365 1139 3067 1 0 0 0 0 0 0 0 0 2 1 R 0
747 15850 17788 758 17809 737 3636 1 0 0 0 0 0 0 0 0 1 1 R 0
748 15874 23358 576 21660 548 4398 1 0 4 0 0 0 0 0 0 2 1 R 0
749 15895 20153 568 20178 539 4141 1 0 0 0 0 0 0 0 0 1 1 R 0
750 15919 23188 547 21931 530 6414 1 0 1 0 0 0 0 0 0 1 1 R 0
751 15940 20593 684 19545 655 3618 1 0 4 0 0 0 0 0 0 2 1 R 0
752 15961 20195 596 20211 573 4016 1 0 0 0 0 0 0 0 0 2 1 R 0
753 15981 19484 566 19506 544 3794 1 0 0 0 0 0 0 0 0 1 1 R 0
754 16000 19187 564 19208 541 3263 1 0 0 0 0 0 0 0 0 2 1 R 0
755 16023 21972 607 20280 575 3781 1 0 4 0 0 0 0 0 0 1 1 R 0
756 16041 17392 1398 17467 1360 3159 1 0 0 0 0 0 0 0 0 2 1 R 0
757 16061 18886 1639 18920 1576 4115 1 0 0 0 0 0 0 0 0 1 1 R 0
758 16085 22171 778 20885 758 3774 1 0 4 0 0 0 0 0 0 1 1 R 0
759 16105 19449 564 19469 537 4266 1 0 0 0 0 0 0 0 0 1 1 R 0
760 16127 20758 860 19873 817 3336 1 0 1 0 0 0 0 0 0 2 1 R 0
761 16149 21730 579 20063 553 3645 1 0 4 0 0 0 0 0 0 2 1 R 0
762 16169 19537 574 19561 551 3862 1 0 0 0 0 0 0 0 0 1 1 R 0
763 16189 19298 585 19325 555 3800 1 0 0 0 0 0 0 0 0 1 1 R 0
764 16209 19168 812 19196 784 4432 1 0 0 0 0 0 0 0 0 1 1 R 0
765 16234 23958 615 22852 593 8727 1 0 4 0 0 0 0 0 0 2 1 R 0
766 16253 18798 659 18826 643 3200 1 0 0 0 0 0 0 0 0 2 1 R 0
767 16274 19927 558 19936 535 4156 1 0 0 0 0 0 0 0 0 1 1 R 0
768 16296 22062 688 20624 674 4045 1 0 4 0 0 0 0 0 0 1 1 R 0
769 16321 23634 565 21647 548 6656 1 0 2 0 0 0 0 0 0 2 1 R 0
770 16340 18605 770 18656 736 3196 1 0 0 0 0 0 0 0 0 2 1 R 0
771 16363 22669 556 21562 532 3326 1 0 4 0 0 0 0 0 0 1 1 R 0
772 16384 19633 570 19660 546 3823 1 0 0 0 0 0 0 0 0 1 1 R 0
773 16404 19575 563 19602 535 3854 1 0 0 0 0 0 0 0 0 2 1 R 0
774 16427 22697 670 21578 652 3608 1 0 4 0 0 0 0 0 0 1 1 R 0
775 16445 17269 877 17326 824 3728 1 0 0 0 0 0 0 0 0 2 1 R 0
776 16465 18985 674 19022 633 4473 1 0 0 0 0 0 0 0 0 2 1 R 0
777 16487 21397 584 21421 562 5525 1 0 0 0 0 0 0 0 0 1 1 R 0
778 16509 21218 590 20069 564 6304 1 0 4 0 0 0 0 0 0 2 1 R 0
779 16529 19507 662 18569 629 3831 1 0 1 0 0 0 0 0 0 1 1 R 0
780 16551 21645 893 21662 889 6599 1 0 0 0 0 0 0 0 0 2 1 R 0
781 16574 21880 558 20829 537 3323 1 0 4 0 0 0 0 0 0 1 1 R 0
782 16594 19733 560 19757 536 3990 1 0 0 0 0 0 0 0 0 2 1 R 0
783 16614 19454 614 19480 595 3442 1 0 0 0 0 0 0 0 0 1 1 R 0
784 16636 21333 646 19872 594 3246 1 0 4 0 0 0 0 0 0 1 1 R 0
785 16657 20634 571 20152 548 4131 1 0 1 0 0 0 0 0 0 1 1 R 0
786 16677 19321 760 19405 680 4553 1 0 0 0 0 0 0 0 0 2 1 R 0
787 16698 19612 582 19651 536 4212 1 0 0 0 0 0 0 0 0 1 1 R 0
788 16719 21084 710 20099 684 5781 1 0 4 0 0 0 0 0 0 1 1 R 0
789 16739 19414 706 17490 648 3071 1 0 1 0 0 0 0 0 0 2 1 R 0
790 16758 17936 1199 18006 1133 3226 1 0 0 0 0 0 0 0 0 2 1 R 0
791 16783 23751 568 22538 543 5385 1 0 4 0 0 0 0 0 0 1 1 R 0
792 16804 19989 561 20012 539 3805 1 0 0 0 0 0 0 0 0 1 1 R 0
793 16823 19227 550 19251 522 3914 1 0 0 0 0 0 0 0 0 2 1 R 0
794 16841 17159 4432 17217 2899 3220 1 0 0 0 4 0 0 0 0 1 1 R 0
795 16867 21329 572 21320 542 6530 1 0 0 0 0 0 0 0 0 3 1 R 0
796 16887 19851 568 19879 543 4337 1 0 0 0 0 0 0 0 0 1 1 R 0
797 16907 19238 592 19266 563 4265 1 0 0 0 0 0 0 0 0 1 1 R 0
798 16931 23117 594 20585 569 6244 1 0 5 0 0 0 0 0 0 1 1 R 0
799 16949 17723 674 17765 637 3262 1 0 0 0 0 0 0 0 0 2 1 R 0
800 16969 18810 685 18847 648 3733 1 0 0 0 0 0 0 0 0 2 1 R 0
801 16994 24966 614 22467 585 6468 1 0 5 0 0 0 0 0 0 1 1 R 0
802 17015 19966 564 19991 541 3796 1 0 0 0 0 0 0 0 0 1 1 R 0
803 17034 19110 681 19150 650 3209 1 0 0 0 0 0 0 0 0 2 1 R 0
804 17057 21741 780 20643 718 3170 1 0 4 0 0 0 0 0 0 1 1 R 0
805 17076 17888 692 17927 662 3521 1 0 0 0 0 0 0 0 0 2 1 R 0
806 17096 19912 702 19928 682 4610 1 0 0 0 0 0 0 0 0 1 1 R 0
807 17117 19702 575 19725 545 4279 1 0 0 0 0 0 0 0 0 1 1 R 0
808 17139 22023 838 19540 808 7020 1 0 4 0 0 0 0 0 0 2 1 R 0
809 17157 17501 683 17546 646 3280 1 0 0 0 0 0 0 0 0 2 1 R 0
810 17180 21920 2170 21962 2151 7485 1 0 0 0 0 1 0 0 0 2 1 R 0
811 17204 21957 561 20895 538 3841 1 0 4 0 0 0 0 0 0 1 1 R 0
812 17224 19426 561 19449 534 3785 1 0 0 0 0 0 0 0 0 1 1 R 0
813 17243 18339 654 18383 618 3652 1 0 0 0 0 0 0 0 0 1 1 R 0
814 17266 22311 575 21257 557 3745 1 0 4 0 0 0 0 0 0 2 1 R 0
815 17286 19193 582 19215 554 3102 1 0 0 0 0 0 0 0 0 1 1 R 0
816 17306 19452 573 19482 549 4187 1 0 0 0 0 0 0 0 0 1 1 R 0
817 17329 22300 559 21281 534 4288 1 0 1 0 0 0 0 0 0 1 1 R 0
818 17354 24330 1208 22393 1200 7516 1 0 4 0 0 0 0 0 0 1 1 R 0
819 17375 20534 582 20547 555 3815 1 0 0 0 0 0 0 0 0 2 1 R 0
820 17398 22051 584 22074 562 4982 1 0 0 0 0 0 0 0 0 1 1 R 0
821 17420 20934 581 19928 550 6440 1 0 4 0 0 0 0 0 0 1 1 R 0
822 17440 19882 566 19912 543 3785 1 0 0 0 0 0 0 0 0 1 1 R 0
823 17460 19019 565 19043 535 3471 1 0 0 0 0 0 0 0 0 2 1 R 0
824 17481 20613 690 19587 660 3351 1 0 4 0 0 0 0 0 0 1 1 R 0
825 17505 23345 633 23364 606 7963 1 0 0 0 0 0 0 0 0 2 1 R 0
826 17526 20170 565 20197 541 3783 1 0 0 0 1 0 0 0 0 2 1 R 0
827 17549 22843 565 20494 536 3881 1 0 4 0 0 0 0 0 0 1 1 R 0
828 17567 17702 791 17757 739 3631 1 0 0 0 0 0 0 0 0 2 1 R 0
829 17588 19476 696 19520 659 4994 1 0 0 0 0 0 0 0 0 1 1 R 0
830 17608 19764 573 19784 549 4374 1 0 0 0 0 0 0 0 0 1 1 R 0
831 17631 21961 601 20836 573 6440 1 0 4 0 0 0 0 0 0 2 1 R 0
832 17650 19002 705 19068 651 3666 1 0 0 0 0 0 0 0 0 1 1 R 0
833 17669 18278 855 18334 788 3204 1 0 0 0 0 1 0 0 0 1 1 R 0
834 17695 25307 552 23293 531 3872 1 0 5 0 0 0 0 0 0 2 1 R 0
835 17715 19558 572 19582 544 4239 1 0 0 0 0 0 0 0 0 1 1 R 0
836 17737 20734 580 19239 550 3777 1 0 1 0 0 0 0 0 0 1 1 R 0
837 17759 21558 621 20399 588 3937 1 0 4 0 0 0 0 0 0 2 1 R 0
838 17777 17599 767 17641 728 3760 1 0 0 0 0 0 0 0 0 2 1 R 0
839 17798 19871 618 19931 546 3783 1 0 0 0 0 0 0 0 0 1 1 R 0
840 17821 22490 593 22519 564 8303 1 0 0 0 0 0 0 0 0 2 1 R 0
841 17844 22227 682 20420 654 4915 1 0 4 0 0 0 0 0 0 1 1 R 0
842 17864 19928 641 19949 609 3969 1 0 0 0 0 0 0 0 0 1 1 R 0
843 17883 18274 691 18321 658 3096 1 0 0 0 0 0 0 0 0 2 1 R 0
844 17906 22326 582 21003 554 3374 1 0 4 0 0 0 0 0 0 1 1 R 0
845 17926 19611 582 19640 555 4258 1 0 0 0 0 0 0 0 0 1 1 R 0
846 17948 20701 573 19617 546 5432 1 0 1 0 0 0 0 0 0 1 1 R 0
847 17970 21945 572 20790 546 4021 1 0 4 0 0 0 0 0 0 3 1 R 0
848 17989 18163 693 18206 662 3405 1 0 0 0 0 0 0 0 0 1 1 R 0
849 18010 20097 712 20142 656 3956 1 0 0 0 0 0 0 0 0 1 1 R 0
850 18030 19409 686 19549 545 4061 1 0 0 0 0 0 0 0 0 1 1 R 0
851 18054 23092 573 21728 552 5546 1 0 4 0 0 0 0 0 0 2 1 R 0
852 18073 18475 688 18527 640 3097 1 0 0 0 0 0 0 0 0 1 1 R 0
853 18092 19053 847 19090 820 3448 1 0 0 0 0 0 0 0 0 3 1 R 0
854 18115 22140 587 20822 557 4012 1 0 4 0 0 0 0 0 0 1 1 R 0
855 18140 23558 595 21853 567 8272 1 0 1 0 0 0 0 0 0 1 1 R 0
856 18159 18953 616 18981 588 3181 1 0 0 0 0 0 0 0 0 1 1 R 0
857 18183 23083 554 21430 529 3324 1 0 4 0 0 0 0 0 0 2 1 R 0
858 18201 17805 1403 17846 1385 3157 1 0 0 0 0 0 0 0 0 2 1 R 0
859 18223 20081 553 20081 532 3801 1 0 0 0 0 0 0 0 0 0 1 R 0
860 18243 19635 1769 19706 977 3782 1 0 1 0 3 0 0 0 0 1 1 R 0
861 18266 21776 635 21433 611 4309 1 0 0 0 0 0 0 0 0 3 1 R 0
862 18286 18702 700 18743 674 3665 1 0 0 0 0 0 0 0 0 0 1 R 0
863 18307 20236 564 20242 541 4977 1 0 0 0 0 0 0 0 0 3 1 R 0
864 18329 21988 582 20949 560 6054 1 0 4 0 0 0 0 0 0 0 1 R 0
865 18351 20837 586 19848 554 3774 1 0 1 0 0 0 0 0 0 1 1 R 0
866 18369 18101 889 18213 805 3346 1 0 0 0 0 0 0 0 0 2 1 R 0
867 18391 20924 1473 19885 1444 3192 1 0 4 0 0 0 0 0 0 2 1 R 0
868 18413 20534 635 20542 614 3486 1 0 0 0 0 0 0 0 0 2 1 R 0
869 18433 19020 565 19042 538 3820 1 0 0 0 0 0 0 0 0 1 1 R 0
870 18459 25317 769 24563 758 7649 1 0 4 0 0 0 0 0 0 1 1 R 0
871 18477 17869 715 17896 676 3851 1 0 0 0 0 0 0 0 0 2 1 R 0
872 18497 19437 686 19493 654 4080 1 0 0 0 0 0 0 0 0 1 1 R 0
873 18518 20079 582 20085 551 4608 1 0 0 0 0 0 0 0 0 2 1 R 0
874 18542 22774 988 21103 542 6513 1 0 5 0 0 0 0 0 0 1 1 R 0
875 18561 18928 1168 19017 1084 3797 1 0 0 0 0 0 0 0 0 1 1 R 0
876 18581 17992 692 18062 623 3336 1 0 0 0 0 0 0 0 0 2 1 R 0
877 18604 22584 555 21389 525 3050 1 0 4 0 0 0 0 0 0 1 1 R 0
878 18624 19963 561 19990 539 3788 1 0 0 0 0 0 0 0 0 3 1 R 0
879 18644 19001 548 19018 529 4005 1 0 0 0 0 0 0 0 0 1 1 R 0
880 18668 23584 568 22117 542 3386 1 0 5 0 0 0 0 0 0 1 1 R 0
881 18686 17676 717 17758 651 3593 1 0 0 0 0 0 0 0 0 2 1 R 0
882 18707 19488 691 19534 655 4658 1 0 0 0 0 0 0 0 0 1 1 R 0
883 18728 20382 569 20387 539 4981 1 0 0 0 0 0 0 0 0 2 1 R 0
884 18751 22544 589 20359 560 7654 1 0 4 0 0 0 0 0 0 0 1 R 0
885 18775 23202 697 23233 670 6838 1 0 0 0 0 0 0 0 0 3 1 R 0
886 18794 18572 727 18676 626 3339 1 0 0 0 0 0 0 0 0 1 1 R 0
887 18817 22737 576 21821 549 3067 1 0 4 0 0 0 0 0 0 2 1 R 0
888 18838 19764 578 19789 555 4391 1 0 0 0 0 0 0 0 0 1 1 R 0
889 18858 19802 574 19825 549 4312 1 0 0 0 0 0 0 0 0 1 1 R 0
890 18879 20785 764 19463 743 4088 1 0 4 0 0 0 0 0 0 1 1 R 0
891 18899 18495 779 18539 724 3114 1 0 0 0 0 0 0 0 0 2 1 R 0
892 18918 18395 713 18447 682 3738 1 0 0 0 0 0 0 0 0 1 1 R 0
893 18940 21099 577 19918 550 4221 1 0 1 0 0 0 0 0 0 2 1 R 0
894 18963 22415 555 21236 666 5700 1 0 4 0 0 0 0 0 0 1 1 R 0
895 18983 20004 715 19926 658 3690 1 0 0 0 0 0 0 0 0 2 1 R 0
896 19003 18885 678 18944 639 3065 1 0 0 0 0 0 0 0 0 1 1 R 0
897 19025 21697 828 20573 787 3067 1 0 4 0 0 0 0 0 0 1 1 R 0
898 19045 18951 580 18971 554 4344 1 0 0 0 0 0 0 0 0 1 1 R 0
899 19066 20006 1283 20032 1275 3795 1 0 0 0 0 0 0 0 0 2 1 R 0
900 19092 25339 681 24087 643 7338 1 0 4 0 0 0 0 0 0 1 1 R 0
901 19110 17196 771 17273 699 3384 1 0 0 0 0 0 0 0 0 2 1 R 0
902 19131 20434 1329 20465 1304 4095 1 0 0 0 0 0 0 0 0 1 1 R 0
903 19156 23142 546 21243 528 5456 1 0 5 0 0 0 0 0 0 1 1 R 0
904 19176 19630 693 19653 665 3304 1 0 0 0 0 0 0 0 0 2 1 R 0
905 19195 18301 689 18349 649 3847 1 0 0 0 0 0 0 0 0 1 1 R 0
906 19215 19208 673 19254 617 3267 1 0 0 0 0 0 0 0 0 2 1 R 0
907 19237 21938 585 20643 553 3548 1 0 4 0 0 0 0 0 0 1 1 R 0
908 19258 19861 571 19886 550 4377 1 0 0 0 0 0 0 0 0 2 1 R 0
909 19279 20208 579 20232 548 4064 1 0 0 0 0 0 0 0 0 1 1 R 0
910 19301 21338 686 20405 643 3696 1 0 4 0 0 0 0 0 0 2 1 R 0
911 19319 17579 759 17623 710 3146 1 0 0 0 0 0 0 0 0 1 1 R 0
912 19344 24216 1215 23098 1206 6932 1 0 1 0 0 1 0 0 0 2 1 R 0
913 19368 22848 598 21897 576 3827 1 0 4 0 0 0 0 0 0 2 1 R 0
914 19388 19235 568 19261 539 4058 1 0 0 0 0 0 0 0 0 1 1 R 0
915 19409 20684 701 20728 658 6438 1 0 0 0 0 0 0 0 0 1 1 R 0
916 19428 17998 698 18052 655 3351 1 0 0 0 0 0 0 0 0 2 1 R 0
917 19451 22943 999 21972 977 7070 1 0 4 0 0 0 0 0 0 1 1 R 0
918 19471 18909 1016 18929 998 3815 1 0 0 0 0 0 0 0 0 1 1 R 0
919 19492 19289 991 19304 970 3374 1 0 0 0 0 0 0 0 0 2 1 R 0
920 19514 21582 643 20471 602 3348 1 0 4 0 0 0 0 0 0 1 1 R 0
921 19533 18365 680 18400 647 3124 1 0 0 0 0 0 0 0 0 2 1 R 0
922 19555 21597 576 20468 546 5262 1 0 1 0 0 0 0 0 0 1 1 R 0
923 19578 21992 561 21181 540 3856 1 0 4 0 0 0 0 0 0 2 1 R 0
924 19598 19156 766 19194 741 3917 1 0 0 0 0 0 0 0 0 2 1 R 0
925 19616 18036 661 18063 632 3639 1 0 0 0 0 0 0 0 0 1 1 R 0
926 19638 20654 762 20681 742 4066 1 0 0 0 0 1 0 0 0 2 1 R 0
927 19659 20734 779 19598 709 6231 1 0 4 0 0 0 0 0 0 1 1 R 0
928 19680 20236 567 20259 536 4014 1 0 0 0 0 0 0 0 0 2 1 R 0
929 19701 19766 702 19426 664 3533 1 0 1 0 0 0 0 0 0 1 1 R 0
930 19727 25698 588 24752 550 6122 1 0 4 0 0 0 0 0 0 2 1 R 0
931 19748 20380 623 19248 597 4092 1 0 1 0 0 0 0 0 0 1 1 R 0
932 19768 19444 577 19471 551 4228 1 0 0 0 0 0 0 0 0 1 1 R 0
933 19792 22897 1013 20890 981 5108 1 0 5 0 0 0 0 0 0 2 1 R 0
934 19810 17691 713 17712 688 3238 1 0 0 0 0 0 0 0 0 1 1 R 0
935 19829 18160 682 18191 647 3237 1 0 0 0 0 0 0 0 0 2 1 R 0
936 19851 21689 1116 21700 1102 4416 1 0 0 0 2 0 0 0 0 2 1 R 0
937 19874 21427 851 20134 837 4219 1 0 2 0 0 0 0 0 0 1 1 R 0
938 19895 20019 561 20033 540 3922 1 0 0 0 0 0 0 0 0 1 1 R 0
939 19914 18909 719 18967 656 3204 1 0 0 0 0 0 0 0 0 2 1 R 0
940 19937 21835 1080 20836 999 3187 1 0 4 0 0 0 0 0 0 1 1 R 0
941 19958 20038 583 18700 562 5582 1 0 1 0 0 0 0 0 0 2 1 R 0
942 19979 20214 576 20234 555 4484 1 0 0 0 0 0 0 0 0 1 1 R 0
943 20001 21638 902 20518 892 4155 1 0 4 0 0 0 0 0 0 1 1 R 0
944 20019 17493 851 17574 750 3275 1 0 0 0 0 0 0 0 0 2 1 R 0
945 20043 22934 861 22966 838 6589 1 0 0 0 0 0 0 0 0 2 1 R 0
946 20066 22064 633 20552 622 3702 1 0 4 0 0 0 0 0 0 1 1 R 0
947 20087 19821 589 19843 562 4258 1 0 0 0 0 0 0 0 0 1 1 R 0
948 20107 19986 557 20009 536 3596 1 0 0 0 0 0 0 0 0 2 1 R 0
949 20125 17640 663 17682 620 3559 1 0 0 0 0 0 0 0 0 1 1 R 0
950 20149 23421 583 21447 560 6551 1 0 5 0 0 0 0 0 0 2 1 R 0
951 20170 19703 578 19730 549 3791 1 0 0 0 0 0 0 0 0 1 1 R 0
952 20190 19363 624 19389 601 3857 1 0 0 0 0 0 0 0 0 1 1 R 0
953 20212 21258 1243 20590 585 3568 1 0 4 0 0 0 0 0 0 2 1 R 0
954 20230 17494 662 17544 623 3106 1 0 0 0 0 0 0 0 0 2 1 R 0
955 20250 18828 757 18893 695 3575 1 0 0 0 0 0 0 0 0 1 1 R 0
956 20274 23779 624 22779 610 4061 1 0 5 0 0 0 0 0 0 2 1 R 0
957 20295 19980 561 20001 537 4020 1 0 0 0 0 0 0 0 0 1 1 R 0
958 20315 19577 564 19602 544 3567 1 0 0 0 0 0 0 0 0 1 1 R 0
959 20334 18400 684 18449 632 3140 1 0 0 0 0 0 0 0 0 2 1 R 0
960 20360 25563 664 23446 631 9213 1 0 4 0 0 0 0 0 0 2 1 R 0
961 20380 18822 971 18858 950 4022 1 0 0 0 0 0 0 0 0 1 1 R 0
962 20400 19254 620 19259 597 3797 1 0 0 0 0 0 0 0 0 1 1 R 0
963 20421 20300 1508 19189 1476 3116 1 0 4 0 0 0 0 0 0 2 1 R 0
964 20440 17952 698 17985 651 3407 1 0 0 0 0 0 0 0 0 1 1 R 0
965 20460 18538 656 18566 633 3560 1 0 0 0 0 0 0 0 0 2 1 R 0
966 20481 20670 555 20690 531 3752 1 0 0 0 0 0 0 0 0 0 1 R 0
967 20503 21877 614 20375 589 3946 1 0 4 0 0 0 0 0 0 3 1 R 0
968 20521 17318 1347 17383 1302 3093 1 0 0 0 0 0 0 0 0 1 1 R 0
969 20540 17122 818 17177 748 3356 1 0 0 0 0 0 0 0 0 2 1 R 0
970 20566 25113 593 22556 564 5698 1 0 5 0 0 0 0 0 0 1 1 R 0
971 20586 19503 575 19534 544 4239 1 0 0 0 0 0 0 0 0 1 1 R 0
972 20606 19438 577 19467 551 4189 1 0 0 0 0 0 0 0 0 1 1 R 0
973 20628 21909 550 20525 531 3941 1 0 4 0 0 0 0 0 0 2 1 R 0
974 20647 18329 663 18364 629 3692 1 0 0 0 0 0 0 0 0 1 1 R 0
975 20672 23710 947 23678 538 8654 1 0 1 0 0 0 0 0 0 2 1 R 0
976 20691 18718 1101 18740 1085 3804 1 0 0 0 3 0 0 0 0 1 1 R 0
977 20715 22197 564 20418 536 3684 1 0 1 0 0 0 0 0 0 1 1 R 0
978 20733 18168 664 18207 632 3267 1 0 0 0 0 0 0 0 0 2 1 R 0
979 20755 20720 726 19729 681 3755 1 0 1 0 0 0 0 0 0 2 1 R 0
980 20777 21806 576 20932 547 3031 1 0 4 0 0 0 0 0 0 2 1 R 0
981 20797 19262 574 19291 547 4358 1 0 0 0 0 0 0 0 0 1 1 R 0
982 20817 19749 622 19787 595 4386 1 0 0 0 0 0 0 0 0 1 1 R 0
983 20839 20620 702 18975 672 3560 1 0 4 0 0 0 0 0 0 2 1 R 0
984 20857 17795 668 17836 636 3671 1 0 0 0 0 0 0 0 0 1 1 R 0
985 20878 20460 583 20482 557 5355 1 0 0 0 0 0 0 0 0 2 1 R 0
986 20899 20136 574 20159 546 4222 1 0 0 0 0 0 0 0 0 1 1 R 0
987 20921 21174 577 20191 549 6546 1 0 4 0 0 0 0 0 0 1 1 R 0
988 20939 17634 729 17687 685 3237 1 0 0 0 0 0 0 0 0 1 1 R 0
989 20960 20390 808 19381 781 3997 1 0 1 0 0 0 0 0 0 2 1 R 0
990 20987 25898 585 24278 557 7488 1 0 4 0 0 0 0 0 0 2 1 R 0
991 21006 19086 575 19114 548 4246 1 0 0 0 0 0 0 0 0 1 1 R 0
992 21027 19639 561 19661 541 3784 1 0 0 0 0 0 0 0 0 1 1 R 0
993 21048 20957 712 19469 652 3666 1 0 4 0 0 0 0 0 0 2 1 R 0
994 21067 17682 735 17728 701 3609 1 0 0 0 0 0 0 0 0 1 1 R 0
995 21088 20468 575 20485 545 4865 1 0 0 0 0 0 0 0 0 2 1 R 0
996 21108 19573 587 19598 564 4285 1 0 0 0 0 0 0 0 0 1 1 R 0
997 21129 20917 811 19761 781 5646 1 0 4 0 0 0 0 0 0 1 1 R 0
998 21148 18006 2072 18028 947 3409 1 0 0 0 1 0 0 0 0 2 1 R 0
999 21169 18653 708 18696 648 3136 1 0 0 0 0 0 0 0 0 1 1 R 0
1000 21193 23168 562 22115 541 3786 1 0 4 0 0 0 0 0 0 2 1 R 0
1001 21213 19602 659 19623 637 4039 1 0 0 0 0 0 0 0 0 1 1 R 0
1002 21233 19228 803 19256 776 3093 1 0 0 0 0 0 0 0 0 1 1 R 0
1003 21251 17413 3152 17450 2156 3188 1 0 0 0 2 0 0 0 0 2 1 R 0
1004 21275 20475 901 20035 862 3221 1 0 2 0 0 0 0 0 0 2 1 R 0
1005 21298 22105 578 22126 555 7662 1 0 0 0 0 0 0 0 0 1 1 R 0
1006 21318 20043 576 20067 548 4178 1 0 0 0 0 0 0 0 0 2 1 R 0
1007 21340 20731 577 19628 557 5866 1 0 4 0 0 0 0 0 0 1 1 R 0
1008 21361 20437 854 19397 770 3451 1 0 1 0 0 0 0 0 0 1 1 R 0
1009 21379 17665 1111 17700 1096 3324 1 0 0 0 0 0 0 0 0 2 1 R 0
1010 21403 22612 549 21536 527 3784 1 0 4 0 0 0 0 0 0 1 1 R 0
1011 21423 19322 550 19343 528 3831 1 0 0 0 0 0 0 0 0 1 1 R 0
1012 21441 17367 691 17409 646 3438 1 0 0 0 0 0 0 0 0 2 1 R 0
1013 21459 17822 870 17915 785 3577 1 0 0 0 0 0 0 0 0 2 1 R 0
1014 21483 22978 1476 21264 1454 4312 1 0 4 0 0 1 0 0 0 1 1 R 0
1015 21504 19171 569 19180 543 3753 1 0 0 0 0 0 0 0 0 2 1 R 0
1016 21524 19791 559 19816 530 3872 1 0 0 0 0 0 0 0 0 1 1 R 0
1017 21546 21735 796 20795 769 3878 1 0 4 0 0 0 0 0 0 2 1 R 0
1018 21567 19361 668 17997 647 4910 1 0 1 0 0 0 0 0 0 1 1 R 0
1019 21587 19874 587 19887 556 3531 1 0 0 0 0 1 0 0 0 2 1 R 0
1020 21613 25138 706 23796 686 8154 1 0 4 0 0 0 0 0 0 1 1 R 0
1021 21633 19083 700 19112 669 3352 1 0 0 0 0 0 0 0 0 2 1 R 0
1022 21651 17563 701 17612 658 3117 1 0 0 0 0 0 0 0 0 1 1 R 0
1023 21670 18590 749 18628 711 4023 1 0 0 0 0 0 0 0 0 2 1 R 0
1024 21696 24939 556 22947 538 4314 1 0 5 0 0 0 0 0 0 2 1 R 0
1025 21716 19385 580 19409 556 4394 1 0 0 0 0 0 0 0 0 1 1 R 0
1026 21736 20086 563 20106 538 3781 1 0 0 0 0 0 0 0 0 1 1 R 0
1027 21759 22420 782 20023 701 3698 1 0 5 0 0 0 0 0 0 2 1 R 0
1028 21778 17982 764 18037 714 3254 1 0 0 0 0 0 0 0 0 2 1 R 0
1029 21800 20639 577 20655 551 4723 1 0 0 0 0 0 0 0 0 1 1 R 0
1030 21821 21269 1097 19959 1073 3809 1 0 4 0 0 0 0 0 0 1 1 R 0
1031 21841 18537 922 18565 899 3835 1 0 0 0 0 0 0 0 0 1 1 R 0
1032 21859 17104 687 17143 632 3284 1 0 0 0 0 0 0 0 0 2 1 R 0
1033 21878 18290 740 18356 673 3711 1 0 0 0 0 0 0 0 0 2 1 R 0
1034 21903 24392 559 22980 536 7682 1 0 4 0 0 0 0 0 0 1 1 R 0
1035 21926 22123 569 22151 540 8455 1 0 0 0 0 0 0 0 0 1 1 R 0
1036 21946 19050 579 19078 551 4245 1 0 0 0 0 0 0 0 0 1 1 R 0
1037 21969 23032 819 20929 769 3066 1 0 4 0 0 0 0 0 0 2 1 R 0
1038 21987 17396 670 17435 647 3095 1 0 0 0 0 0 0 0 0 2 1 R 0
1039 22008 20129 618 20132 595 4810 1 0 0 0 0 0 0 0 0 1 1 R 0
1040 22032 22803 891 20817 863 5351 1 0 5 0 0 0 0 0 0 1 1 R 0
1041 22050 17669 742 17719 701 3160 1 0 0 0 0 0 0 0 0 2 1 R 0
1042 22071 20154 1368 20200 1322 3620 1 0 0 0 0 0 0 0 0 2 1 R 0
1043 22090 17286 697 17315 654 3148 1 0 0 0 0 0 0 0 0 2 1 R 0
1044 22113 22741 911 21265 903 3622 1 0 4 0 0 0 0 0 0 2 1 R 0
1045 22133 19184 568 19187 541 3821 1 0 0 0 0 0 0 0 0 0 1 R 0
1046 22153 19270 615 19302 594 3309 1 0 0 0 0 0 0 0 0 1 1 R 0
1047 22176 22639 591 20593 558 3099 1 0 5 0 0 0 0 0 0 2 1 R 0
1048 22195 18362 673 18405 652 3946 1 0 0 0 0 0 0 0 0 1 1 R 0
1049 22216 20356 612 20361 587 4158 1 0 0 0 0 0 0 0 0 2 1 R 0
1050 22244 27188 558 25812 534 8255 1 0 4 0 0 0 0 0 0 1 1 R 0
1051 22263 18420 1128 18493 1071 3292 1 0 0 0 0 0 0 0 0 2 1 R 0
1052 22283 18492 721 18526 676 3311 1 0 0 0 0 0 0 0 0 2 1 R 0
1053 22301 18002 4960 18058 3011 4211 1 0 0 0 4 0 0 0 0 2 1 R 0
1054 22326 19611 579 19594 556 4287 1 0 0 0 0 0 0 0 0 1 1 R 0
1055 22346 19721 682 19742 665 4343 1 0 0 0 0 0 0 0 0 1 1 R 0
1056 22367 20050 686 19025 657 3563 1 0 1 0 0 0 0 0 0 2 1 R 0
1057 22388 20428 736 19523 681 5036 1 0 4 0 0 0 0 0 0 2 1 R 0
1058 22410 20691 556 20720 529 3573 1 0 0 0 0 0 0 0 0 1 1 R 0
1059 22429 19352 788 19381 764 3974 1 0 0 0 0 0 0 0 0 1 1 R 0
1060 22452 21328 1017 20287 583 3754 1 0 4 0 0 0 0 0 0 1 1 R 0
1061 22470 17184 676 17231 638 3159 1 0 0 0 0 0 0 0 0 2 1 R 0
1062 22490 19050 673 19088 645 3794 1 0 0 0 0 0 0 0 0 2 1 R 0
1063 22509 18608 841 18632 812 4054 1 0 0 0 0 0 0 0 0 2 1 R 0
1064 22534 24335 561 22176 541 5871 1 0 4 0 0 0 0 0 0 1 1 R 0
1065 22557 22103 2132 22132 830 7533 1 0 0 0 1 0 0 0 0 2 1 R 0
1066 22576 17439 682 17482 642 3644 1 0 0 0 0 0 0 0 0 1 1 R 0
1067 22598 20989 693 19934 652 5982 1 0 4 0 0 0 0 0 0 1 1 R 0
1068 22617 18439 682 18491 645 3769 1 0 0 0 0 0 0 0 0 2 1 R 0
1069 22638 20482 617 20492 593 4706 1 0 0 0 0 0 0 0 0 1 1 R 0
1070 22661 22493 1154 20617 1135 3965 1 0 4 0 0 0 0 0 0 2 1 R 0
1071 22681 18482 1155 18514 1135 3161 1 0 0 0 0 0 0 0 0 1 1 R 0
1072 22701 19200 959 19207 935 3789 1 0 0 0 0 0 0 0 0 2 1 R 0
1073 22721 19002 1410 19093 1326 3590 1 0 0 0 2 0 0 0 0 1 1 R 0
1074 22744 21664 572 20015 545 4137 1 0 2 0 0 0 0 0 0 1 1 R 0
1075 22766 21517 583 20080 547 3844 1 0 1 0 0 0 0 0 0 1 1 R 0
1076 22785 17893 735 17956 692 3617 1 0 0 0 0 0 0 0 0 2 1 R 0
1077 22807 21846 765 20895 726 4839 1 0 4 0 0 0 0 0 0 2 1 R 0
1078 22828 20123 579 20141 554 4373 1 0 0 0 0 0 0 0 0 1 1 R 0
1079 22848 19300 632 19326 610 4238 1 0 0 0 0 0 0 0 0 1 1 R 0
1080 22874 25315 641 23884 589 7339 1 0 4 0 0 0 0 0 0 2 1 R 0
1081 22893 17806 675 17874 611 3157 1 0 0 0 0 0 0 0 0 2 1 R 0
1082 22914 20595 673 20638 644 3995 1 0 0 0 0 0 0 0 0 2 1 R 0
1083 22936 21874 691 21042 681 3748 1 0 4 0 0 0 0 0 0 1 1 R 0
1084 22957 19992 553 20005 529 4246 1 0 0 0 0 0 0 0 0 1 1 R 0
1085 22977 19643 674 18636 645 5578 1 0 1 0 0 0 0 0 0 2 1 R 0
1086 22997 19102 687 19144 649 3984 1 0 0 0 0 0 0 0 0 2 1 R 0
1087 23019 20742 663 19666 632 5638 1 0 4 0 0 0 0 0 0 1 1 R 0
1088 23038 19218 585 19235 566 4394 1 0 0 0 0 0 0 0 0 1 1 R 0
1089 23058 19135 685 19165 650 4317 1 0 0 0 0 0 0 0 0 1 1 R 0
1090 23081 21777 636 20359 598 4197 1 0 4 0 0 0 0 0 0 1 1 R 0
1091 23099 17952 677 18001 622 3173 1 0 0 0 0 0 0 0 0 3 1 R 0
1092 23119 18801 679 18842 655 3745 1 0 0 0 0 0 0 0 0 2 1 R 0
1093 23140 20348 580 20364 552 5053 1 0 0 0 0 0 0 0 0 1 1 R 0
1094 23165 24881 607 22469 585 4187 1 0 5 0 0 0 0 0 0 1 1 R 0
1095 23187 21466 553 21487 529 6439 1 0 0 0 0 0 0 0 0 1 1 R 0
1096 23206 17736 759 17804 713 3705 1 0 0 0 0 0 0 0 0 2 1 R 0
1097 23228 21797 590 20608 568 6916 1 0 4 0 0 0 0 0 0 3 1 R 0
1098 23249 20073 579 20092 553 4169 1 0 0 0 0 0 0 0 0 1 1 R 0
1099 23270 20931 591 20962 561 4032 1 0 0 0 0 0 0 0 0 1 1 R 0
1100 23293 22474 686 21624 624 3264 1 0 4 0 0 0 0 0 0 1 1 R 0
1101 23311 16929 1412 16972 1380 3367 1 0 0 0 0 0 0 0 0 2 1 R 0
1102 23333 20515 688 20544 665 4632 1 0 0 0 0 0 0 0 0 2 1 R 0
1103 23355 21600 757 20836 711 3740 1 0 4 0 0 0 0 0 0 1 1 R 0
1104 23377 20728 565 19609 539 3556 1 0 1 0 0 0 0 0 0 1 1 R 0
1105 23395 17625 674 17678 643 3857 1 0 0 0 0 0 0 0 0 2 1 R 0
1106 23414 18909 745 18952 702 4455 1 0 0 0 0 0 0 0 0 2 1 R 0
1107 23439 23650 828 22644 802 5791 1 0 4 0 0 0 0 0 0 1 1 R 0
1108 23460 20144 573 20167 550 4420 1 0 0 0 0 0 0 0 0 1 1 R 0
1109 23479 18558 816 18643 733 3924 1 0 0 0 0 0 0 0 0 2 1 R 0
1110 23505 25078 652 24023 613 6001 1 0 4 0 0 0 0 0 0 2 1 R 0
1111 23524 18192 704 18231 691 3126 1 0 0 0 0 0 0 0 0 1 1 R 0
1112 23545 20409 622 20416 593 3948 1 0 0 0 0 1 0 0 0 1 1 R 0
1113 23569 23181 579 21464 552 3766 1 0 4 0 0 0 0 0 0 3 1 R 0
1114 23588 18660 798 18751 707 3668 1 0 0 0 0 0 0 0 0 0 1 R 0
1115 23606 17817 894 17898 817 3695 1 0 0 0 0 0 0 0 0 2 1 R 0
1116 23627 19281 680 19318 655 4715 1 0 0 0 0 0 0 0 0 2 1 R 0
1117 23650 22614 1228 21468 1216 7986 1 0 4 0 0 1 0 0 0 1 1 R 0
1118 23671 19582 685 19608 658 3850 1 0 0 0 0 0 0 0 0 2 1 R 0
1119 23690 18165 793 18197 767 3195 1 0 0 0 0 0 0 0 0 1 1 R 0
1120 23714 23572 679 22086 646 3503 1 0 5 0 0 0 0 0 0 2 1 R 0
1121 23734 19081 838 19121 807 3299 1 0 0 0 0 0 0 0 0 1 1 R 0
1122 23755 20093 580 20113 552 3813 1 0 0 0 0 0 0 0 0 1 1 R 0
1123 23779 23382 570 21098 543 3895 1 0 5 0 0 0 0 0 0 2 1 R 0
1124 23798 18426 706 18488 652 3576 1 0 0 0 0 0 0 0 0 1 1 R 0
1125 23821 22213 771 22300 683 6633 1 0 0 0 0 0 0 0 0 2 1 D 0
1126 23848 26915 583 25745 546 4988 1 0 2 0 0 0 0 1 1 1 0 R 1
1127 23885 35803 833 20174 806 23433 1 3 2 0 1 0 0 0 0 2 0 R 1
1128 23911 25844 3820 17319 1363 2098 1 0 2 0 2 0 0 0 0 1 0 R 0
1129 23940 24826 685 17059 651 4429 1 0 6 0 1 0 0 0 1 1 0 R 0
1130 23961 20815 870 19493 849 3820 1 0 0 0 0 0 0 1 1 1 0 R 0
1131 23985 23069 587 23089 562 3843 1 0 0 0 0 0 0 1 1 2 0 R 0
1132 24013 27146 987 27261 999 6815 1 0 0 0 0 0 0 1 1 1 0 R 0
1133 24038 24260 592 24160 566 7061 1 0 0 0 0 0 0 1 1 1 0 R 0
1134 24059 20188 578 20210 555 4536 1 0 0 0 0 0 0 1 1 1 0 R 0
1135 24080 20427 633 20457 598 4161 1 0 0 0 0 0 0 1 1 1 0 R 0
1136 24109 27849 1041 27882 1027 4561 1 0 0 0 0 0 0 1 1 2 0 R 0
1137 24140 30004 1297 30339 955 6506 1 0 0 0 0 0 0 1 1 1 0 R 0
1138 24164 22844 580 22863 552 4761 1 0 0 0 0 0 0 1 1 1 0 R 0
1139 24187 22566 836 22594 813 3891 1 0 0 0 0 0 0 1 1 1 0 R 0
1140 24221 33171 1529 33204 1500 11561 1 0 0 0 0 0 0 1 1 1 0 R 0
1141 24246 23437 584 23459 560 5048 1 0 0 0 0 0 0 1 1 1 0 R 0
1142 24268 21537 590 21561 567 4823 1 0 0 0 0 0 0 1 1 2 0 R 0
1143 24291 22318 596 22342 571 4196 1 0 0 0 0 0 0 1 1 1 0 R 0
1144 24318 26769 1190 26888 1083 4750 1 0 0 0 0 0 0 1 1 1 0 R 0
1145 24345 25653 583 25668 557 6087 1 0 0 0 0 0 0 1 1 1 0 R 0
1146 24365 19680 568 19700 548 4540 1 0 0 0 0 0 0 1 1 1 0 R 0
1147 24386 20402 575 20429 549 4284 1 0 0 0 0 0 0 1 1 1 0 R 0
1148 24413 26336 1180 26459 1060 5548 1 0 0 0 0 0 0 1 1 1 0 R 0
1149 24443 28611 569 28632 547 7243 1 0 0 0 0 0 0 1 1 1 0 R 0
1150 24464 20367 606 20388 581 4012 1 0 0 0 0 0 0 1 1 3 0 R 0
1151 24485 20613 855 20727 739 3783 1 0 0 0 0 0 0 1 1 1 0 R 0
1152 24513 27204 673 27338 543 5050 1 0 0 0 0 0 0 1 1 1 0 R 0
1153 24543 29098 1020 29240 880 7744 1 0 0 0 0 0 0 1 1 1 0 R 0
1154 24564 19903 558 19922 535 3969 1 0 0 0 0 0 0 1 1 1 0 R 0
1155 24590 25111 621 25141 595 7966 1 0 0 0 0 0 0 1 1 1 0 R 0
1156 24616 26073 1002 26188 1007 4933 1 0 0 0 0 0 0 1 1 2 0 R 0
1157 24646 29100 709 29008 694 6686 1 0 0 0 0 0 0 1 1 1 0 R 0
1158 24669 21457 968 20979 947 4346 1 0 1 0 0 0 0 1 1 1 0 R 0
1159 24691 21452 1176 21477 1149 4115 1 0 0 0 0 0 0 1 1 1 0 R 0
1160 24719 26403 996 26430 972 4584 1 0 0 0 0 0 0 1 1 1 0 R 0
1161 24749 29693 582 29715 557 6760 1 0 0 0 0 0 0 1 1 1 0 R 0
1162 24770 20140 749 20168 719 3921 1 0 0 0 0 0 0 1 1 2 0 R 0
1163 24793 22301 677 22324 660 3940 1 0 0 0 0 0 0 1 1 1 0 R 0
1164 24818 24160 1191 24184 1174 4166 1 0 0 0 0 0 0 1 1 1 0 R 0
1165 24849 29600 1615 29619 1593 5787 1 0 0 0 0 0 0 1 1 1 0 R 0
1166 24870 19767 584 19792 555 3991 1 0 0 0 0 0 0 1 1 1 0 R 0
1167 24890 19161 566 19186 543 3788 1 0 0 0 0 0 0 1 1 2 0 R 0
1168 24915 25015 981 25130 864 4346 1 0 0 0 0 0 0 1 1 1 0 R 0
1169 24946 30025 1000 30050 982 6966 1 0 0 0 0 0 0 1 1 1 0 R 0
1170 24974 26226 626 26252 595 10408 1 0 0 0 0 0 0 1 1 1 0 R 0
1171 24993 19070 1767 19139 1706 3811 1 0 0 0 0 0 0 1 1 2 0 R 0
1172 25019 23939 1156 23958 1138 4347 1 0 0 0 0 0 0 1 1 1 0 R 0
1173 25050 29800 1001 29911 882 7248 1 0 0 0 0 0 0 1 1 0 0 R 0
1174 25073 21971 559 21989 542 4805 1 0 0 0 0 0 0 1 1 2 0 R 0
1175 25092 18865 782 18908 750 3870 1 0 0 0 0 0 0 1 1 1 0 R 0
1176 25125 31655 1271 31682 1232 5416 1 0 0 0 0 0 0 1 1 3 0 R 0
1177 25161 34967 972 35031 921 7614 1 0 0 0 0 0 0 1 1 4 0 R 0
1178 25183 21212 578 21223 558 3784 1 0 0 0 0 0 0 1 1 1 0 R 0
1179 25204 19850 574 19868 558 3730 1 0 0 0 0 0 0 1 1 1 0 R 0
1180 25230 25231 1183 25349 1069 5058 1 0 0 0 0 0 0 1 1 1 0 R 0
1181 25260 29467 1031 29487 1016 6954 1 0 0 0 0 0 0 1 1 2 0 R 0
1182 25281 19650 642 19675 608 4028 1 0 0 0 0 0 0 1 1 0 0 R 0
1183 25303 21111 1007 21240 997 3813 1 0 0 0 0 0 0 1 1 1 0 R 0
1184 25329 25282 1041 25187 1023 4546 1 0 0 0 0 0 0 1 1 1 0 R 0
1185 25364 34345 577 34364 554 13566 1 0 0 0 0 0 0 1 1 3 0 R 0
1186 25385 20475 575 20498 554 3992 1 0 0 0 0 0 0 1 1 1 0 R 0
1187 25408 21787 856 21828 820 4569 1 0 0 0 0 0 0 1 1 1 0 R 0
1188 25435 26090 1146 26193 1037 5059 1 0 0 0 0 0 0 1 1 1 0 R 0
1189 25465 28968 1132 29075 1037 6697 1 0 0 0 0 0 0 1 1 0 0 R 0
1190 25486 20497 627 20506 601 4545 1 0 0 0 0 0 0 1 1 2 0 R 0
1191 25506 18507 577 18532 551 4123 1 0 0 0 0 0 0 1 1 1 0 R 0
1192 25531 24659 607 24697 569 4350 1 0 0 0 0 0 0 1 1 1 0 R 0
1193 25559 27583 1027 27614 1013 5469 1 0 0 0 0 0 0 1 1 1 0 R 0
1194 25586 26060 575 26071 553 6912 1 0 0 0 0 0 0 1 1 1 0 R 0
1195 25607 20452 577 20474 552 4261 1 0 0 0 0 0 0 1 1 3 0 R 0
1196 25635 27087 1009 26759 992 5453 1 0 1 0 0 0 0 1 1 1 0 R 0
1197 25665 29111 938 29134 919 7201 1 0 0 0 0 0 0 1 1 1 0 R 0
1198 25687 21016 567 21032 545 4844 1 0 0 0 0 0 0 1 1 1 0 R 0
1199 25706 18885 567 18909 540 4177 1 0 0 0 0 0 0 1 1 1 0 R 0
1200 25734 26649 1024 26690 994 10704 1 0 0 0 0 0 0 1 1 1 0 R 0
1201 25763 28191 1148 28295 1043 6845 1 0 0 0 0 0 0 1 1 1 0 R 0
1202 25787 22633 592 22656 565 7108 1 0 0 0 0 0 0 1 1 1 0 R 0
1203 25806 19013 560 19032 540 4150 1 0 0 0 0 0 0 1 1 1 0 R 0
1204 25828 21051 572 21071 549 4267 1 0 0 0 0 0 0 1 1 2 0 R 0
1205 25849 20847 574 20874 550 4557 1 0 0 0 0 1 0 1 1 1 0 R 0
1206 25876 25907 609 25929 584 5625 1 0 0 0 0 0 0 1 1 1 0 R 0
1207 25896 19546 581 19576 555 4328 1 0 0 0 0 0 0 1 1 1 0 R 0
1208 25916 19414 1293 20137 570 4134 1 0 0 0 0 0 0 1 1 1 0 R 0
1209 25937 19815 582 19840 558 4443 1 0 0 0 0 0 0 1 1 1 0 R 0
1210 25963 25484 609 25502 590 5938 1 0 0 0 0 0 0 1 1 2 0 R 0
1211 25984 20196 594 20219 574 3824 1 0 0 0 0 0 0 1 1 1 0 R 0
1212 26003 18978 575 18994 558 4039 1 0 0 0 0 0 0 1 1 1 0 R 0
1213 26025 20783 578 20805 554 3716 1 0 0 0 0 0 0 1 1 1 0 R 0
1214 26045 19343 574 19367 554 3935 1 0 0 0 0 0 0 1 1 1 0 R 0
1215 26067 22049 864 22071 840 8167 1 0 0 0 0 0 0 1 1 2 0 R 0
1216 26089 21218 574 21242 551 4585 1 0 0 0 0 0 0 1 1 1 0 R 0
1217 26109 18964 980 18989 957 3809 1 0 0 0 0 0 0 1 1 1 0 R 0
1218 26131 21067 1490 21093 1473 3765 1 0 0 0 0 0 0 1 1 1 0 R 0
1219 26156 23974 2134 23986 2129 4755 1 0 0 0 0 1 0 1 1 2 0 R 0
1220 26181 22564 948 22574 937 5501 1 0 0 0 0 0 0 1 1 1 0 R 0
1221 26203 20758 614 20764 595 4276 1 0 0 0 0 0 0 1 1 1 0 R 0
1222 26223 19226 1689 19254 1810 3780 1 0 0 0 0 0 0 1 1 1 0 R 0
1223 26245 20454 577 20327 552 3875 1 0 0 0 0 0 0 1 1 1 0 R 0
1224 26268 22205 588 22232 561 3770 1 0 0 0 0 0 0 1 1 2 0 R 0
1225 26287 19041 578 19067 552 4151 1 0 0 0 0 0 0 1 1 1 0 R 0
1226 26308 20535 570 20560 543 4003 1 0 0 0 0 0 0 1 1 1 0 R 0
1227 26329 20139 591 20170 664 4370 1 0 0 0 0 0 0 1 1 1 0 R 0
1228 26349 19100 579 19025 555 4365 1 0 0 0 0 0 0 1 1 1 0 R 0
1229 26370 20329 577 20353 555 3754 1 0 0 0 0 0 0 1 1 1 0 R 0
1230 26394 24085 800 24141 748 10149 1 0 0 0 0 0 0 1 1 1 0 R 0
1231 26414 18468 567 18485 544 4136 1 0 0 0 0 0 0 1 1 2 0 R 0
1232 26435 20466 617 20489 592 3806 1 0 0 0 0 0 0 1 1 1 0 R 0
1233 26455 20126 710 20150 687 3752 1 0 0 0 0 0 0 1 1 1 0 R 0
1234 26476 20204 580 20231 557 4402 1 0 0 0 0 0 0 1 1 1 0 R 0
1235 26497 19972 591 20002 564 4315 1 0 0 0 0 0 0 1 1 1 0 R 0
1236 26517 19894 566 19912 540 4469 1 0 0 0 0 0 0 1 1 1 0 R 0
1237 26539 20912 576 20938 553 4106 1 0 0 0 0 0 0 1 1 2 0 R 0
1238 26567 28041 988 28064 964 4905 1 0 0 0 0 0 0 1 1 1 0 R 0
1239 26598 29861 925 29887 903 6356 1 0 0 0 0 0 0 1 1 1 0 R 0
1240 26620 21003 780 21041 745 4622 1 0 0 0 0 0 0 1 1 1 0 R 0
1241 26641 20052 607 20093 572 3821 1 0 0 0 0 0 0 1 1 1 0 R 0
1242 26673 31500 989 30693 973 4271 1 0 1 0 0 0 0 1 1 1 0 R 0
1243 26704 29528 1158 29624 1064 7498 1 0 0 0 0 0 0 1 1 2 0 R 0
1244 26726 20859 617 20877 593 3877 1 0 0 0 0 0 0 1 1 1 0 R 0
1245 26751 25033 1678 25060 1665 9938 1 0 0 0 0 0 0 1 1 1 0 R 0
1246 26779 26001 634 26015 610 6285 1 0 0 0 0 0 0 1 1 1 0 R 0
1247 26799 19338 714 19401 666 4006 1 0 0 0 0 0 0 1 1 1 0 R 0
1248 26822 22625 796 22626 781 3809 1 0 0 0 0 0 0 1 1 2 0 R 0
1249 26844 21105 1307 21123 1287 3806 1 0 0 0 0 0 0 1 1 1 0 R 0
1250 26871 25851 1466 25965 1465 4698 1 0 0 0 0 0 0 1 1 1 0 R 0
1251 26901 27752 613 27679 572 7587 1 0 0 0 0 0 0 1 1 1 0 R 0
1252 26921 19750 622 19781 590 3932 1 0 0 0 0 0 0 1 1 2 0 R 0
1253 26943 21173 876 21190 856 3721 1 0 0 0 0 0 0 1 1 1 0 R 0
1254 26969 25399 1122 25522 1006 3802 1 0 0 0 0 0 0 1 1 1 0 R 0
1255 26999 29227 1072 29248 1052 6561 1 0 0 0 0 0 0 1 1 1 0 R 0
1256 27024 23601 587 23624 561 7091 1 0 0 0 0 0 0 1 1 1 0 R 0
1257 27046 21055 704 21078 679 3799 1 0 0 0 0 0 0 1 1 1 0 R 0
1258 27071 24924 1668 24949 1657 5143 1 0 0 0 0 0 0 1 1 1 0 R 0
1259 27102 29244 966 29247 958 6607 1 0 0 0 0 0 0 1 1 2 0 R 0
1260 27125 22334 581 22352 560 9247 1 0 0 0 0 0 0 1 1 1 0 R 0
1261 27147 20969 973 21079 985 4201 1 0 0 0 0 0 0 1 1 1 0 R 0
1262 27174 25647 827 25544 941 4570 1 0 0 0 0 0 0 1 1 2 0 R 0
1263 27205 30041 1021 29928 1009 7170 1 0 0 0 0 0 0 1 1 1 0 R 0
1264 27229 23317 597 23334 569 7596 1 0 0 0 0 0 0 1 1 1 0 R 0
1265 27250 20150 970 20266 855 4166 1 0 0 0 0 0 0 1 1 1 0 R 0
1266 27273 22660 959 22694 934 4759 1 0 0 0 0 0 0 1 1 1 0 R 0
1267 27298 23679 610 23699 579 7285 1 0 0 0 0 0 0 1 1 1 0 R 0
1268 27321 22443 623 22490 585 5293 1 0 0 0 0 0 0 1 1 1 0 R 0
1269 27340 18704 585 18725 557 3820 1 0 0 0 0 0 0 1 1 2 0 R 0
1270 27364 22793 562 22814 540 3719 1 0 0 0 0 0 0 1 1 1 0 R 0
1271 27394 29503 983 29621 874 6917 1 0 0 0 0 0 0 1 1 1 0 R 0
1272 27419 24153 594 24174 566 7555 1 0 0 0 0 0 0 1 1 1 0 R 0
1273 27440 20108 574 20135 551 3752 1 0 0 0 0 0 0 1 1 1 0 R 0
1274 27461 20729 1615 20757 1605 3743 1 0 0 0 0 0 0 1 1 1 0 R 0
1275 27495 32662 1128 32682 1204 12183 1 0 0 0 0 0 0 1 1 2 0 R 0
1276 27525 29162 768 29098 718 7446 1 0 0 0 0 0 0 1 1 3 0 R 0
1277 27547 20787 758 20844 703 3828 1 0 0 0 0 0 0 1 1 2 0 R 0
1278 27578 30386 1881 30448 1812 5824 1 0 0 0 0 0 0 1 1 3 0 R 0
1279 27609 29154 990 29273 1006 6660 1 0 0 0 0 0 0 1 1 2 0 R 0
1280 27634 24016 581 23386 555 4947 1 0 1 0 0 0 0 1 1 1 0 R 0
1281 27654 18916 565 18937 542 4129 1 0 0 0 0 0 0 1 1 1 0 R 0
1282 27678 23492 1010 23521 988 5360 1 0 0 0 0 0 0 1 1 1 0 R 0
1283 27709 29843 1002 29865 983 6557 1 0 0 0 0 0 0 1 1 1 0 R 0
1284 27736 26200 600 26221 575 6695 1 0 0 0 0 0 0 1 1 1 0 R 0
1285 27756 19583 583 19606 557 4165 1 0 0 0 0 0 0 1 1 2 0 R 0
1286 27781 24873 1360 24899 1483 6107 1 0 0 0 0 0 0 1 1 1 0 R 0
1287 27813 29858 1047 29731 1031 7819 1 0 0 0 0 0 0 1 1 0 0 R 0
1288 27836 22417 581 22436 558 6583 1 0 0 0 0 0 0 1 1 2 0 R 0
1289 27856 19008 566 19034 543 4225 1 0 0 0 0 0 0 1 1 1 0 R 0
1290 27884 28231 1018 28252 1001 10730 1 0 0 0 0 0 0 1 1 1 0 R 0
1291 27915 29846 991 29952 992 7177 1 0 0 0 0 0 0 1 1 1 0 R 0
1292 27942 25752 834 25671 814 7225 1 0 0 0 0 0 0 1 1 1 0 R 0
1293 27961 18274 864 18286 847 3837 1 0 0 0 0 0 0 1 1 1 0 R 0
1294 27987 25252 1143 25368 1029 4695 1 0 0 0 0 0 0 1 1 2 0 R 0
1295 28018 29375 1128 29485 1015 5871 1 0 0 0 0 0 0 1 1 1 0 R 0
1296 28041 21964 652 22004 898 5078 1 0 0 0 0 0 0 1 1 1 0 R 0
1297 28060 18550 909 18303 868 3651 1 0 0 0 0 0 0 1 1 2 0 R 0
1298 28084 22798 753 22819 737 4518 1 0 0 0 0 1 0 1 1 0 0 R 0
1299 28115 30355 1036 30385 1002 7500 1 0 0 0 0 0 0 1 1 2 0 R 0
1300 28143 27272 614 27290 591 7592 1 0 0 0 0 0 0 1 1 1 0 R 0
1301 28163 19345 601 19369 575 4105 1 0 0 0 0 0 0 1 1 1 0 R 0
1302 28188 24005 1171 24156 1027 5030 1 0 0 0 0 0 0 1 1 1 0 R 0
1303 28218 29462 1008 29482 984 6008 1 0 0 0 0 0 0 1 1 1 0 R 0
1304 28242 22842 607 22869 580 6291 1 0 0 0 0 0 0 1 1 1 0 R 0
1305 28266 22672 572 22695 551 7786 1 0 0 0 0 0 0 1 1 1 0 R 0
1306 28288 22295 753 22320 729 5897 1 0 0 0 0 0 0 1 1 2 0 R 0
1307 28315 25952 1005 26069 887 4967 1 0 0 0 0 0 0 1 1 2 0 R 0
1308 28345 28955 856 28981 834 6760 1 0 0 0 0 0 0 1 1 1 0 R 0
1309 28366 20283 587 20311 558 4607 1 0 0 0 0 0 0 1 1 1 0 R 0
1310 28389 22206 756 22230 733 4048 1 0 0 0 0 0 0 1 1 1 0 R 0
1311 28421 31003 2181 31023 2171 5959 1 0 0 0 0 0 0 1 1 2 0 R 0
1312 28445 22137 927 22149 907 7441 1 0 0 0 0 0 0 1 1 1 0 R 0
1313 28466 19982 612 20023 565 4591 1 0 0 0 0 0 0 1 1 1 0 R 0
1314 28489 22197 675 22222 650 4284 1 0 0 0 0 0 0 1 1 1 0 R 0
1315 28516 25975 996 26002 978 6129 1 0 0 0 0 0 0 1 1 1 0 R 0
1316 28544 27281 582 27295 560 7249 1 0 0 0 0 0 0 1 1 1 0 R 0
1317 28564 19476 573 19499 548 4161 1 0 0 0 0 0 0 1 1 1 0 R 0
1318 28585 20975 574 21000 551 3811 1 0 0 0 0 0 0 1 1 2 0 R 0
1319 28614 28339 1002 28363 978 5572 1 0 0 0 0 0 0 1 1 1 0 R 0
1320 28649 33646 935 33671 912 13843 1 0 0 0 0 0 0 1 1 1 0 R 0
1321 28673 22756 683 22125 645 5030 1 0 1 0 0 0 0 1 1 1 0 R 0
1322 28695 21893 623 21919 601 3823 1 0 0 0 0 0 0 1 1 1 0 R 0
1323 28724 27850 1034 27871 1023 6653 1 0 0 0 0 0 0 1 1 1 0 R 0
1324 28749 23832 616 23852 592 7084 1 0 0 0 0 0 0 1 1 1 0 R 0
1325 28768 19171 647 19208 605 4390 1 0 0 0 0 0 0 1 1 2 0 R 0
1326 28790 20825 605 20855 575 4298 1 0 0 0 0 0 0 1 1 1 0 R 0
1327 28819 28305 1003 28330 983 4770 1 0 0 0 0 0 0 1 1 1 0 R 0
1328 28847 27552 580 27572 555 6606 1 0 0 0 0 0 0 1 1 1 0 R 0
1329 28867 19269 589 19292 566 4381 1 0 0 0 0 0 0 1 1 1 0 R 0
1330 28890 22266 587 22291 560 4066 1 0 0 0 0 0 0 1 1 1 0 R 0
1331 28918 27067 1328 27091 1311 4863 1 0 0 0 0 0 0 1 1 2 0 R 0
1332 28948 28923 573 28941 548 5689 1 0 0 0 0 0 0 1 1 1 0 R 0
1333 28969 20322 617 20351 590 4423 1 0 0 0 0 0 0 1 1 1 0 R 0
1334 28990 20132 1151 20265 1025 4101 1 0 0 0 0 0 0 1 1 1 0 R 0
1335 29020 29691 875 29716 842 9897 1 0 0 0 0 0 0 1 1 2 0 R 0
1336 29050 28700 583 28730 558 5151 1 0 0 0 0 0 0 1 1 1 0 R 0
1337 29070 19722 581 19740 558 3918 1 0 0 0 0 0 0 1 1 1 0 R 0
1338 29092 21224 1112 21374 960 3786 1 0 0 0 0 0 0 1 1 1 0 R 0
1339 29116 23263 833 23291 817 3774 1 0 0 0 0 0 0 1 1 1 0 R 0
1340 29146 28607 1006 28621 987 5944 1 0 0 0 0 0 0 1 1 2 0 R 0
1341 29168 21258 583 21278 562 5174 1 0 0 0 0 0 0 1 1 1 0 R 0
1342 29189 19743 565 19764 543 4141 1 0 0 0 0 0 0 1 1 1 0 R 0
1343 29214 25335 1054 25380 1008 6091 1 0 0 0 0 0 0 1 1 2 0 R 0
1344 29245 29241 997 29264 981 7210 1 0 0 0 0 0 0 1 1 1 0 R 0
1345 29268 22101 581 22121 552 6636 1 0 0 0 0 0 0 1 1 1 0 R 0
1346 29287 18890 570 18919 545 4155 1 0 0 0 0 0 0 1 1 1 0 R 0
1347 29311 22662 658 22687 634 4168 1 0 0 0 0 0 0 1 1 1 0 R 0
1348 29339 28147 993 28174 971 6290 1 0 0 0 0 0 0 1 1 1 0 R 0
1349 29365 24514 590 24536 562 6055 1 0 0 0 0 0 0 1 1 1 0 R 0
1350 29388 23044 619 23070 595 7758 1 0 0 0 0 0 0 1 1 2 0 R 0
1351 29411 22280 896 22305 873 4196 1 0 0 0 0 0 0 1 1 1 0 R 0
1352 29441 28689 1809 28731 1771 5762 1 0 0 0 0 0 0 1 1 1 0 R 0
1353 29467 24043 578 24059 553 6711 1 0 0 0 0 0 0 1 1 1 0 R 0
1354 29487 19951 568 19976 545 4553 1 0 0 0 0 0 0 1 1 1 0 R 0
1355 29508 20251 597 20274 577 4348 1 0 0 0 0 0 0 1 1 1 0 R 0
1356 29537 28686 1127 28796 1023 4651 1 0 0 0 0 0 0 1 1 2 0 R 0
1357 29565 25952 575 25968 547 6265 1 0 0 0 0 0 0 1 1 1 0 R 0
1358 29586 20424 576 20451 555 3722 1 0 0 0 0 0 0 1 1 1 0 R 0
1359 29607 21153 622 21177 593 4225 1 0 0 0 0 0 0 1 1 1 0 R 0
1360 29636 27673 692 26992 685 6985 1 0 1 0 0 0 0 1 1 1 0 R 0
1361 29663 26512 867 26608 756 7045 1 0 0 0 0 0 0 1 1 1 0 R 0
1362 29683 19719 571 19736 553 3966 1 0 0 0 0 0 0 1 1 1 0 R 0
1363 29703 19591 555 19614 530 3695 1 0 0 0 0 0 0 1 1 1 0 R 0
1364 29729 25407 580 25432 559 4796 1 0 0 0 0 0 0 1 1 2 0 R 0
1365 29763 33167 1011 33281 909 13360 1 0 0 0 0 0 0 1 1 1 0 R 0
1366 29785 20778 575 20792 548 3725 1 0 0 0 0 0 0 1 1 1 0 R 0
1367 29806 20064 762 20124 706 3797 1 0 0 0 0 0 0 1 1 1 0 R 0
1368 29831 24231 641 24254 612 4516 1 0 0 0 0 0 0 1 1 2 0 R 0
1369 29859 28101 1002 28227 994 4821 1 0 0 0 0 0 0 1 1 1 0 R 0
1370 29886 26040 585 25954 558 5878 1 0 0 0 0 0 0 1 1 1 0 R 0
1371 29907 19732 585 19784 531 4254 1 0 0 0 0 0 0 1 1 1 0 R 0
1372 29931 23598 1731 23645 1698 6080 1 0 0 0 0 0 0 1 1 1 0 R 0
1373 29961 28191 1288 28331 1139 6557 1 0 0 0 0 0 0 1 1 1 0 R 0
1374 29988 25882 634 25909 604 4894 1 0 0 0 0 0 0 1 1 2 0 R 0
1375 30009 20125 571 20148 548 4534 1 0 0 0 0 0 0 1 1 1 0 R 0
1376 30033 23778 871 23799 851 5634 1 0 0 0 0 0 0 1 1 1 0 R 0
1377 30059 25144 581 25170 560 7168 1 0 0 0 0 0 0 1 1 1 0 R 0
1378 30081 21103 1652 21219 1651 4215 1 0 0 0 0 0 0 1 1 1 0 R 0
1379 30104 21320 572 21221 551 4332 1 0 0 0 0 0 0 1 1 2 0 R 0
1380 30129 24479 589 24507 563 8008 1 0 0 0 0 0 0 1 1 1 0 R 0
1381 30159 30046 1017 30073 995 6168 1 0 0 0 0 0 0 1 1 1 0 R 0
1382 30188 27730 751 27751 838 6387 1 0 0 0 0 0 0 1 1 1 0 R 0
1383 30209 20349 571 20261 545 4492 1 0 0 0 0 0 0 1 1 1 0 R 0
1384 30233 22655 570 22677 551 3627 1 0 0 0 0 0 0 1 1 2 0 R 0
1385 30261 28349 1548 28374 1529 7507 1 0 0 0 0 0 0 1 1 1 0 R 0
1386 30292 29147 551 29160 533 5175 1 0 0 0 0 0 0 1 1 1 0 R 0
1387 30311 18461 950 18486 931 4083 1 0 0 0 0 0 0 1 1 1 0 R 0
1388 30335 22816 895 22838 866 3780 1 0 0 0 0 0 0 1 1 1 0 R 0
1389 30359 23114 982 23139 968 5033 1 0 0 0 0 0 0 1 1 1 0 R 0
1390 30381 21176 873 21192 855 6322 1 0 0 0 0 0 0 1 1 1 0 R 0
1391 30405 22509 568 22525 544 5101 1 0 0 0 0 1 0 1 1 2 0 R 0
1392 30426 20957 626 20990 591 3866 1 0 0 0 0 0 0 1 1 1 0 R 0
1393 30448 21781 986 21900 870 4677 1 0 0 0 0 0 0 1 1 1 0 R 0
1394 30474 24766 585 24790 559 5460 1 0 0 0 0 0 0 1 1 1 0 R 0
1395 30499 24608 586 24635 561 11579 1 0 0 0 0 0 0 1 1 1 0 R 0
1396 30520 19940 629 19967 603 3767 1 0 0 0 0 0 0 1 1 2 0 R 0
1397 30543 22156 752 22178 727 5310 1 0 0 0 0 0 0 1 1 1 0 R 0
1398 30569 25678 981 25793 868 5223 1 0 0 0 0 0 0 1 1 1 0 R 0
1399 30593 22959 565 22984 543 5175 1 0 0 0 0 0 0 1 1 2 0 R 0
1400 30614 20677 571 20700 544 4189 1 0 0 0 0 0 0 1 1 1 0 R 0
1401 30635 20131 591 20157 566 3745 1 0 0 0 0 0 0 1 1 1 0 R 0
1402 30661 25578 1508 25167 1520 4803 1 0 1 0 0 0 0 1 1 1 0 R 0
1403 30689 26090 1001 26071 1002 5341 1 0 0 0 0 0 0 1 1 1 0 R 0
1404 30714 23884 639 23800 621 6326 1 0 0 0 0 0 0 1 1 2 0 R 0
1405 30735 20268 567 20280 547 3684 1 0 0 0 0 0 0 1 1 1 0 R 0
1406 30757 22203 998 22230 977 4459 1 0 0 0 0 0 0 1 1 1 0 R 0
1407 30785 26633 1169 26748 1051 6424 1 0 0 0 0 0 0 1 1 1 0 R 0
1408 30808 21494 583 21521 556 4652 1 0 0 0 0 0 0 1 1 1 0 R 0
1409 30828 19821 655 19854 619 4520 1 0 0 0 0 0 0 1 1 1 0 R 0
1410 30857 28702 1036 28822 917 9859 1 0 0 0 0 0 0 1 1 1 0 R 0
1411 30888 29862 1002 29888 978 6725 1 0 0 0 0 0 0 1 1 1 0 R 0
1412 30910 21051 636 21077 614 3754 1 0 0 0 0 0 0 1 1 1 0 R 0
1413 30930 18579 749 18618 707 3719 1 0 0 0 0 0 0 1 1 2 0 R 0
1414 30954 23292 614 23316 589 5537 1 0 0 0 0 0 0 1 1 1 0 R 0
1415 30983 28515 883 28548 847 5968 1 0 0 0 0 0 0 1 1 1 0 R 0
1416 31007 23424 632 23457 606 7267 1 0 0 0 0 0 0 1 1 1 0 R 0
1417 31027 18918 560 18938 539 4322 1 0 0 0 0 0 0 1 1 1 0 R 0
1418 31049 22305 591 22329 563 4173 1 0 0 0 0 0 0 1 1 1 0 R 0
1419 31079 29389 1037 29420 1014 5892 1 0 0 0 0 0 0 1 1 2 0 R 0
1420 31108 27827 869 27852 846 6669 1 0 0 0 0 0 0 1 1 1 0 R 0
1421 31130 20617 631 20637 608 3727 1 0 0 0 0 0 0 1 1 1 0 R 0
1422 31153 22535 740 22567 714 3711 1 0 0 0 0 0 0 1 1 1 0 R 0
1423 31193 39649 1019 39785 1006 7903 1 0 0 0 0 0 0 1 1 4 0 R 0
1424 31216 22027 575 21922 553 5009 1 0 0 0 0 0 0 1 1 1 0 R 0
1425 31239 21917 992 21943 965 7995 1 0 0 0 0 0 0 1 1 2 0 R 0
1426 31267 26613 1005 26736 1006 4588 1 0 0 0 0 0 0 1 1 1 0 R 0
1427 31297 29454 1036 29358 1012 7466 1 0 0 0 0 0 0 1 1 1 0 R 0
1428 31319 21181 577 21207 548 4973 1 0 0 0 0 0 0 1 1 1 0 R 0
1429 31339 19474 617 19499 594 4165 1 0 0 0 0 0 0 1 1 1 0 R 0
1430 31364 24592 997 24717 997 5497 1 0 0 0 0 0 0 1 1 1 0 R 0
1431 31395 29305 996 29204 980 7223 1 0 0 0 0 0 0 1 1 1 0 R 0
1432 31420 24019 607 24042 574 6303 1 0 0 0 0 0 0 1 1 2 0 R 0
1433 31439 18781 651 18824 613 3841 1 0 0 0 0 0 0 1 1 1 0 R 0
1434 31462 22381 920 22390 912 5026 1 0 0 0 0 0 0 1 1 1 0 R 0
1435 31493 29683 1007 29702 990 7511 1 0 0 0 0 0 0 1 1 1 0 R 0
1436 31517 23294 898 23316 875 7232 1 0 0 0 0 0 0 1 1 1 0 R 0
1437 31537 19214 584 19239 561 4194 1 0 0 0 0 0 0 1 1 2 0 R 0
1438 31560 22057 1021 22168 905 4099 1 0 0 0 0 0 0 1 1 1 0 R 0
1439 31589 28064 998 28092 979 5541 1 0 0 0 0 0 0 1 1 1 0 R 0
1440 31624 34016 582 33542 560 13358 1 0 1 0 0 0 0 1 1 1 0 R 0
1441 31644 19902 580 19926 552 3953 1 0 0 0 0 0 0 1 1 1 0 R 0
1442 31668 22552 578 22582 562 4558 1 0 0 0 0 0 0 1 1 2 0 R 0
1443 31697 28974 1021 28991 997 5990 1 0 0 0 0 0 0 1 1 1 0 R 0
1444 31726 28298 591 28322 563 7241 1 0 0 0 0 0 0 1 1 1 0 R 0
1445 31746 19300 618 19323 596 4467 1 0 0 0 0 0 0 1 1 1 0 R 0
1446 31769 22093 1219 22207 1232 4942 1 0 0 0 0 0 0 1 1 1 0 R 0
1447 31798 27272 588 27172 560 7266 1 0 0 0 0 0 0 1 1 1 0 R 0
1448 31817 19238 918 19293 861 4100 1 0 0 0 0 0 0 1 1 1 0 R 0
1449 31841 22381 602 22409 576 5892 1 0 0 0 0 0 0 1 1 2 0 R 0
1450 31862 20289 943 20357 879 3781 1 0 0 0 0 0 0 1 1 1 0 R 0
1451 31890 27041 1008 27163 1012 5296 1 0 0 0 0 0 0 1 1 1 0 R 0
1452 31916 25681 582 25580 552 6453 1 0 0 0 0 0 0 1 1 1 0 R 0
1453 31937 20076 580 20102 557 4959 1 0 0 0 0 0 0 1 1 1 0 R 0
1454 31956 18956 581 18981 554 4177 1 0 0 0 0 0 0 1 1 2 0 R 0
1455 31987 30024 1019 30050 997 9259 1 0 0 0 0 0 0 1 1 1 0 R 0
1456 32017 29408 1415 29433 1410 6961 1 0 0 0 0 0 0 1 1 1 0 R 0
1457 32040 20741 624 20743 600 4381 1 0 0 0 0 0 0 1 1 2 0 R 0
1458 32059 19199 1567 19226 1663 3860 1 0 0 0 0 0 0 1 1 1 0 R 0
1459 32088 26758 1011 26665 985 3743 1 0 0 0 0 0 0 1 1 1 0 R 0
1460 32120 31374 1007 31400 983 5676 1 0 0 0 0 0 0 1 1 1 0 R 0
1461 32142 21306 595 21322 575 4011 1 0 0 0 0 0 0 1 1 2 0 R 0
1462 32161 18419 1825 18443 1811 3780 1 0 0 0 0 0 0 1 1 1 0 R 0
1463 32188 24990 1028 25008 1002 3842 1 0 0 0 0 0 0 1 1 1 0 R 0
1464 32219 29746 2539 29769 2945 6668 1 0 0 0 0 0 0 1 1 1 0 R 0
1465 32243 21094 571 20688 547 3763 1 0 0 0 0 0 0 1 1 1 0 R 0
1466 32263 20125 603 20160 569 3768 1 0 0 0 0 0 0 1 1 2 0 R 0
1467 32289 24800 996 24925 996 4540 1 0 0 0 0 0 0 1 1 1 0 R 0
1468 32320 29987 1177 29990 1052 6597 1 0 0 0 0 0 0 1 1 2 0 R 0
1469 32343 22122 569 22141 547 4360 1 0 0 0 0 0 0 1 1 1 0 R 0
1470 32366 21999 610 22024 586 7894 1 0 0 0 0 0 0 1 1 1 0 R 0
1471 32391 25050 1510 25076 1489 4765 1 0 0 0 0 0 0 1 1 1 0 R 0
1472 32423 30311 743 30327 725 6488 1 0 0 0 0 0 0 1 1 1 0 R 0
1473 32448 24476 574 24501 552 7893 1 0 0 0 0 0 0 1 1 1 0 R 0
1474 32469 20381 1712 21098 996 3796 1 0 0 0 0 0 0 1 1 2 0 R 0
1475 32497 25594 1039 25613 1013 3781 1 0 0 0 0 0 0 1 1 1 0 R 0
1476 32527 29339 1689 29382 1670 7177 1 0 0 0 0 0 0 1 1 1 0 R 0
1477 32557 28489 572 28507 528 6724 1 0 0 0 0 0 0 1 1 1 0 R 0
1478 32593 35279 2459 19525 675 24776 1 3 1 0 1 0 0 0 0 2 0 R 1
1479 32619 23059 699 19081 686 7758 1 0 6 0 0 0 0 0 0 1 1 R 0
1480 32640 20830 582 19840 556 5418 1 0 1 0 0 0 0 0 0 1 1 R 0
1481 32661 20075 624 19408 597 3113 1 0 1 0 0 0 0 0 0 1 1 R 0
1482 32684 22960 687 21460 647 3816 1 0 4 0 0 0 0 0 0 2 1 R 0
1483 32706 20579 591 20604 563 4500 1 0 0 0 0 0 0 0 0 2 1 R 0
1484 32724 17700 1081 17755 1029 3213 1 0 0 0 0 0 0 0 0 1 1 R 0
1485 32750 25199 632 23947 609 7464 1 0 4 0 0 0 0 0 0 2 1 R 0
1486 32771 19843 580 19864 560 3765 1 0 0 0 0 0 0 0 0 1 1 R 0
1487 32790 18829 646 18932 547 3867 1 0 0 0 0 0 0 0 0 1 1 R 0
1488 32810 18937 855 19030 762 4000 1 0 0 0 0 0 0 0 0 2 1 R 0
1489 32833 22949 606 20772 582 3083 1 0 5 0 0 0 0 0 0 1 1 R 0
1490 32853 19244 599 19266 577 3260 1 0 0 0 0 0 0 0 0 2 1 R 0
1491 32875 21495 625 20579 583 4470 1 0 1 0 0 0 0 0 0 1 1 R 0
1492 32899 22571 719 21611 670 3634 1 0 4 0 0 0 0 0 0 2 1 R 0
1493 32918 19108 574 19132 547 4137 1 0 0 0 0 0 0 0 0 2 1 R 0
1494 32937 18009 806 18051 781 3542 1 0 0 0 0 0 0 0 0 1 1 R 0
1495 32960 22377 594 21015 567 4476 1 0 4 0 0 0 0 0 0 2 1 R 0
1496 32980 19601 576 19624 554 3993 1 0 0 0 0 0 0 0 0 0 1 R 0
1497 33000 19017 782 19076 723 3728 1 0 0 0 0 0 0 0 0 1 1 R 0
1498 33019 18108 691 18154 651 3144 1 0 0 0 0 0 0 0 0 2 1 R 0
1499 33043 23037 682 20980 645 6276 1 0 4 0 0 0 0 0 0 2 1 R 0
