# swapstamp frames 1500 skip 300 peer 697
# f t_ms gap_us swap_us crend_us cswap_us clr_us nclr vcs_r ivcs_r vcs_s ivcs_s minf majf cpu0 cpu1 pticks pcpu pstate ctr
0 0 21439 573 21467 542 7499 1 0 0 0 0 0 0 0 0 0 1 R 0
1 18 17727 676 17784 622 3072 1 0 0 0 0 0 0 0 0 2 1 R 0
2 39 20980 715 20188 667 6242 1 0 4 0 0 0 0 0 0 1 1 R 0
3 60 19781 589 19799 560 4074 1 0 0 0 0 0 0 0 0 1 1 R 0
4 82 21185 801 20111 788 4088 1 0 1 0 0 0 0 0 0 1 1 R 0
5 104 21781 589 20615 556 3631 1 0 4 0 0 0 0 0 0 1 1 R 0
6 123 17912 698 17964 654 3101 1 0 0 0 0 0 0 0 0 2 1 R 0
7 142 18689 718 18758 663 3563 1 0 0 0 0 0 0 0 0 2 1 R 0
8 165 22160 559 21299 532 4229 1 0 4 0 0 0 0 0 0 1 1 R 0
9 186 20644 893 20150 833 4335 1 0 1 0 0 0 0 0 0 1 1 R 0
10 207 19463 670 19498 633 4322 1 0 0 0 0 0 0 0 0 2 1 R 0
11 225 17832 690 17881 646 3691 1 0 0 0 0 0 0 0 0 1 1 R 0
12 247 21360 653 20278 623 5038 1 0 4 0 0 0 0 0 0 2 1 R 0
13 268 19745 595 19760 569 4322 1 0 0 0 0 0 0 0 0 1 1 R 0
14 289 20776 621 19529 595 3921 1 0 1 0 0 0 0 0 0 1 1 R 0
15 315 25036 589 23895 562 7057 1 0 4 0 0 0 0 0 0 1 1 R 0
16 334 18761 709 18817 656 3119 1 0 0 0 0 0 0 0 0 2 1 R 0
17 353 18259 688 18311 632 3126 1 0 0 0 0 0 0 0 0 2 1 R 0
18 375 21525 837 20765 789 3796 1 0 4 0 0 0 0 0 0 1 1 R 0
19 397 21381 702 21432 654 4436 1 0 0 0 0 0 0 0 0 1 1 R 0
20 421 22928 973 22494 931 6098 1 0 1 0 0 0 0 0 0 3 1 R 0
21 438 16495 848 16553 800 3095 1 0 0 0 0 0 0 0 0 2 1 R 0
22 464 24345 701 22745 670 6988 1 0 4 0 0 0 0 0 0 2 1 R 0
23 485 20963 588 19558 553 3842 1 0 1 0 0 0 0 0 0 1 1 R 0
24 506 20413 572 20134 545 4305 1 0 1 0 0 0 0 0 0 1 1 R 0
25 527 19662 711 18590 662 5673 1 0 4 0 0 0 0 0 0 2 1 R 0
26 545 17630 742 17707 672 3815 1 0 0 0 0 0 0 0 0 2 1 R 0
27 566 19967 694 20003 660 4629 1 0 0 0 0 0 0 0 0 1 1 R 0
28 588 22175 549 21377 525 4400 1 0 4 0 0 0 0 0 0 1 1 R 0
29 608 18989 590 19015 565 4341 1 0 0 0 0 0 0 0 0 2 1 R 0
30 629 20630 1171 20699 1111 6684 1 0 0 0 0 0 0 0 0 1 1 R 0
31 649 18163 728 18216 667 3119 1 0 0 0 0 0 0 0 0 2 1 R 0
32 671 21207 908 19909 906 4609 1 0 4 0 0 0 0 0 0 1 1 R 0
33 692 21033 561 19790 532 3816 1 0 1 0 0 0 0 0 0 2 1 R 0
34 712 18775 607 18795 586 3795 1 0 0 0 0 0 0 0 0 1 1 R 0
35 734 21726 587 20703 560 3272 1 0 4 0 0 0 0 0 0 2 1 R 0
36 754 19613 710 19214 642 3113 1 0 1 0 0 0 0 0 0 1 1 R 0
37 774 18821 827 18907 756 3112 1 0 0 0 0 0 0 0 0 2 1 R 0
38 797 22211 556 21369 533 4570 1 0 4 0 0 0 0 0 0 1 1 R 0
39 817 20006 594 20038 562 3741 1 0 0 0 0 0 0 0 0 1 1 R 0
40 837 18466 812 18532 751 3841 1 0 0 0 0 0 0 0 0 2 1 R 0
41 856 18741 705 18781 675 3569 1 0 0 0 0 0 0 0 0 1 1 R 0
42 879 21958 1098 19499 1085 5451 1 0 5 0 0 0 0 0 0 2 1 R 0
43 899 19354 581 19356 548 3821 1 0 0 0 0 0 0 0 0 1 1 R 0
44 920 20080 581 20111 550 3283 1 0 0 0 0 0 0 0 0 2 1 R 0
45 947 26473 686 25532 640 5987 1 0 4 0 0 0 0 0 0 2 1 R 0
46 966 18848 577 18880 551 3652 1 0 0 0 0 0 0 0 0 1 1 R 0
47 986 18518 824 18580 887 3569 1 0 0 0 0 0 0 0 0 1 1 R 0
48 1009 22379 575 20862 552 4574 1 0 4 0 0 0 0 0 0 1 1 R 0
49 1028 19096 570 19119 548 4071 1 0 0 0 0 0 0 0 0 2 1 R 0
50 1047 17825 699 17875 657 3530 1 0 0 0 0 0 0 0 0 2 1 R 0
51 1066 18662 691 18689 661 4401 1 0 0 0 0 0 0 0 0 1 1 R 0
52 1090 23556 589 21095 556 9152 1 0 4 0 0 0 0 0 0 2 1 R 0
53 1110 18804 594 18833 565 4068 1 0 0 0 0 0 0 0 0 1 1 R 0
54 1130 19290 584 19320 549 3867 1 0 0 0 0 0 0 0 0 1 1 R 0
55 1152 21896 730 20787 678 3130 1 0 4 0 0 0 0 0 0 2 1 R 0
56 1170 17171 680 17197 650 3139 1 0 0 0 0 0 0 0 0 1 1 R 0
57 1191 20250 922 20267 903 4130 1 0 0 0 0 0 0 0 0 1 1 R 0
58 1211 18722 2929 18767 1880 4074 1 0 0 0 4 0 0 0 0 2 1 R 0
59 1233 19683 609 19385 576 3603 1 0 0 0 0 0 0 0 0 1 1 R 0
60 1256 22076 679 22123 635 6466 1 0 0 0 0 0 0 0 0 2 1 R 0
61 1274 17427 653 17468 629 3572 1 0 0 0 0 0 0 0 0 1 1 R 0
62 1298 23472 702 20681 645 6531 1 0 5 0 0 0 0 0 0 1 1 R 0
63 1318 18961 904 19040 824 4367 1 0 0 0 0 0 0 0 0 2 1 R 0
64 1339 20536 761 20609 689 5348 1 0 0 0 0 0 0 0 0 1 1 R 0
65 1360 20168 817 18915 759 3108 1 0 4 0 0 0 0 0 0 2 1 R 0
66 1381 19775 1329 19813 1304 3783 1 0 0 0 0 1 0 0 0 2 1 R 0
67 1402 19868 538 19870 512 3902 1 0 0 0 0 0 0 0 0 1 1 R 0
68 1422 19311 1857 19336 1299 3936 1 0 1 0 3 0 0 0 0 1 1 R 0
69 1444 20239 581 20073 535 3809 1 0 0 0 0 0 0 0 0 2 1 R 0
70 1464 18944 862 19022 784 3069 1 0 0 0 0 0 0 0 0 1 1 R 0
71 1484 19572 701 18627 676 3389 1 0 1 0 0 0 0 0 0 1 1 R 0
72 1536 51213 2482 18701 708 39828 1 2 2 0 1 0 0 0 0 3 0 R 0
73 1559 20259 566 18686 533 3304 1 0 1 0 0 0 0 0 0 2 1 R 0
74 1579 19554 701 18758 634 5747 1 0 4 0 0 0 0 0 0 1 1 R 0
75 1602 22984 636 23023 594 6222 1 0 0 0 0 0 0 0 0 1 1 R 0
76 1622 18893 595 18920 568 3912 1 0 0 0 0 0 0 0 0 1 1 R 0
77 1644 21694 590 20054 556 3753 1 0 4 0 0 0 0 0 0 2 1 R 0
78 1665 19727 579 19756 552 3845 1 0 0 0 0 0 0 0 0 1 1 R 0
79 1686 20626 597 18317 563 3851 1 0 1 0 0 0 0 0 0 2 1 R 0
80 1708 21873 603 20857 551 3738 1 0 4 0 0 0 0 0 0 1 1 R 0
81 1728 19002 590 19034 561 4443 1 0 0 0 0 0 0 0 0 1 1 R 0
82 1748 19256 654 19347 563 3684 1 0 0 0 0 0 0 0 0 1 1 R 0
83 1766 17584 661 17625 627 3631 1 0 0 0 0 0 0 0 0 2 1 R 0
84 1790 23438 580 21450 558 6716 1 0 5 0 0 0 0 0 0 2 1 R 0
85 1811 19951 928 19975 913 4075 1 0 0 0 0 0 0 0 0 2 1 R 0
86 1830 18663 583 18674 557 3910 1 0 0 0 0 0 0 0 0 1 1 R 0
87 1853 22201 581 20750 551 3209 1 0 4 0 0 0 0 0 0 1 1 R 0
88 1871 17526 1422 18144 818 3100 1 0 0 0 0 1 0 0 0 2 1 R 0
89 1893 20767 689 19719 652 3457 1 0 1 0 0 0 0 0 0 1 1 R 0
90 1919 25306 594 24327 561 8530 1 0 4 0 0 0 0 0 0 1 1 R 0
91 1941 20843 1185 20877 1164 3821 1 0 0 0 0 0 0 0 0 2 1 R 0
92 1958 16658 741 16745 653 3308 1 0 0 0 0 0 0 0 0 1 1 R 0
93 1978 18745 2119 18802 2076 4744 1 0 0 0 0 1 0 0 0 2 1 R 0
94 2007 26859 671 24621 623 4491 1 0 4 0 0 0 0 0 0 3 1 R 0
95 2026 18655 586 18676 555 4428 1 0 0 0 0 0 0 0 0 1 1 R 0
96 2047 20291 644 20341 591 3858 1 0 0 0 0 0 0 0 0 2 1 R 0
97 2069 20857 583 19958 556 5821 1 0 4 0 0 0 0 0 0 1 1 R 0
98 2089 19644 674 18738 633 3239 1 0 1 0 0 0 0 0 0 2 1 R 0
99 2109 19492 684 19535 656 3183 1 0 0 0 0 0 0 0 0 2 1 R 0
100 2132 22740 576 21506 544 4048 1 0 4 0 0 0 0 0 0 1 1 R 0
101 2154 21306 575 21335 554 4001 1 0 0 0 0 0 0 0 0 1 1 R 0
102 2173 18206 856 18255 809 3144 1 0 0 0 0 0 0 0 0 1 1 R 0
103 2196 22352 762 20925 766 3190 1 0 4 0 0 0 0 0 0 3 1 R 0
104 2216 19129 591 19133 560 4268 1 0 0 0 0 0 0 0 0 1 1 R 0
105 2239 22563 599 22594 570 8121 1 0 0 0 0 0 0 0 0 1 1 R 0
106 2258 18198 718 18268 642 3266 1 0 0 0 0 0 0 0 0 1 1 R 0
107 2280 21215 676 20137 628 5953 1 0 4 0 0 0 0 0 0 3 1 R 0
108 2302 21391 809 20111 779 3089 1 0 1 0 0 0 0 0 0 1 1 R 0
109 2323 19703 564 19722 537 3878 1 0 0 0 0 0 0 0 0 1 1 R 0
110 2344 21049 641 19531 609 3885 1 0 4 0 0 0 0 0 0 1 1 R 0
111 2365 20046 566 20077 537 3682 1 0 0 0 0 0 0 0 0 1 1 R 0
112 2383 17697 667 17736 628 3074 1 0 0 0 0 0 0 0 0 2 1 R 0
113 2406 21683 617 20646 603 3348 1 0 4 0 0 0 0 0 0 2 1 R 0
114 2426 19574 581 19593 553 3941 1 0 0 0 0 0 0 0 0 1 1 R 0
115 2446 19241 584 19274 554 4530 1 0 0 0 0 0 0 0 0 2 1 R 0
116 2466 19396 589 19428 554 3944 1 0 0 0 0 0 0 0 0 1 1 R 0
117 2489 22326 574 19982 541 4120 1 0 5 0 0 0 0 0 0 2 1 R 0
118 2507 17902 716 17973 660 3526 1 0 0 0 0 0 0 0 0 1 1 R 0
119 2527 19624 630 19639 603 4458 1 0 0 0 0 0 0 0 0 1 1 R 0
120 2554 25764 564 24534 540 8541 1 0 4 0 0 0 0 0 0 1 1 R 0
121 2573 18175 660 18225 619 3085 1 0 0 0 0 0 0 0 0 2 1 R 0
122 2592 18719 737 18753 708 3039 1 0 0 0 0 0 0 0 0 2 1 R 0
123 2611 18180 3010 18229 2160 3770 1 0 0 0 2 0 0 0 0 2 1 R 0
124 2635 21053 624 19771 593 4516 1 0 2 0 0 0 0 0 0 1 1 R 0
125 2655 19502 580 19528 552 3911 1 0 0 0 0 0 0 0 0 1 1 R 0
126 2674 18248 733 18306 684 3264 1 0 0 0 0 0 0 0 0 1 1 R 0
127 2697 22809 589 20877 560 3237 1 0 5 0 0 0 0 0 0 2 1 R 0
128 2716 17843 693 17889 661 3613 1 0 0 0 0 0 0 0 0 1 1 R 0
129 2737 20207 624 20224 594 4545 1 0 0 0 0 0 0 0 0 2 1 R 0
130 2760 22244 760 20809 679 5255 1 0 5 0 0 0 0 0 0 1 1 R 0
131 2778 17706 814 17757 766 3298 1 0 0 0 0 0 0 0 0 2 1 R 0
132 2798 18695 673 18746 626 3382 1 0 0 0 0 0 0 0 0 1 1 R 0
133 2818 19554 847 19595 816 4565 1 0 0 0 0 0 0 0 0 2 1 R 0
134 2840 21539 595 20330 567 6515 1 0 4 0 0 0 0 0 0 1 1 R 0
135 2863 22374 661 22408 623 7138 1 0 0 0 0 0 0 0 0 2 1 R 0
136 2882 18451 673 18498 647 3070 1 0 0 0 0 0 0 0 0 2 1 R 0
137 2905 22435 630 20407 598 4466 1 0 5 0 0 0 0 0 0 1 1 R 0
138 2926 19604 576 19632 552 4090 1 0 0 0 0 0 0 0 0 1 1 R 0
139 2946 19538 589 19564 759 4560 1 0 0 0 0 0 0 0 0 1 1 R 0
140 2969 22362 571 20465 543 3835 1 0 4 0 0 0 0 0 0 2 1 R 0
141 2987 18165 672 18215 635 3134 1 0 0 0 0 0 0 0 0 2 1 R 0
142 3007 18864 724 18914 663 4546 1 0 0 0 0 0 0 0 0 2 1 R 0
143 3028 20710 591 20738 562 5256 1 0 0 0 0 0 0 0 0 1 1 R 0
144 3050 21056 624 20091 596 6552 1 0 4 0 0 0 0 0 0 1 1 R 0
145 3070 19083 630 19108 599 3364 1 0 0 0 0 0 0 0 0 1 1 R 0
146 3090 19559 618 18467 604 3207 1 0 1 0 0 0 0 0 0 1 1 R 0
147 3112 21898 1389 20890 1327 3144 1 0 4 0 0 0 0 0 0 3 1 R 0
148 3133 19517 584 19531 557 3847 1 0 0 0 0 0 0 0 0 1 1 R 0
149 3153 19308 625 19336 600 3858 1 0 0 0 0 0 0 0 0 1 1 R 0
150 3179 24866 622 23835 585 7850 1 0 4 0 0 0 0 0 0 1 1 R 0
151 3198 18337 706 18387 660 3075 1 0 0 0 0 0 0 0 0 2 1 R 0
152 3216 17775 783 17856 703 3455 1 0 0 0 0 0 0 0 0 2 1 R 0
153 3237 20516 623 20546 584 5375 1 0 0 0 0 0 0 0 0 1 1 R 0
154 3259 20939 594 19750 563 6942 1 0 4 0 0 0 0 0 0 1 1 R 0
155 3280 19945 668 19974 643 4179 1 0 0 0 0 0 0 0 0 1 1 R 0
156 3301 20305 1577 19282 1540 3402 1 0 1 0 0 0 0 0 0 2 1 R 0
157 3324 21727 876 20832 838 3208 1 0 4 0 0 0 0 0 0 2 1 R 0
158 3344 19626 590 19654 555 4146 1 0 0 0 0 0 0 0 0 1 1 R 0
159 3365 19937 587 19968 556 3811 1 0 0 0 0 0 0 0 0 1 1 R 0
160 3387 21506 566 20023 532 3384 1 0 4 0 0 0 0 0 0 1 1 R 0
161 3406 18438 760 18511 702 3650 1 0 0 0 0 0 0 0 0 2 1 R 0
162 3426 19469 708 19497 676 4508 1 0 0 0 0 0 0 0 0 2 1 R 0
163 3446 19040 709 19055 690 3711 1 0 0 0 0 0 0 0 0 1 1 R 0
164 3468 21282 577 20147 546 6372 1 0 4 0 0 0 0 0 0 1 1 R 0
165 3490 21801 2126 21831 859 7114 1 0 0 0 1 0 0 0 0 2 1 R 0
166 3510 17263 843 17352 757 3294 1 0 0 0 0 0 0 0 0 2 1 R 0
167 3534 23137 572 21946 542 3216 1 0 4 0 0 0 0 0 0 1 1 R 0
168 3554 19476 572 19501 548 3889 1 0 0 0 0 0 0 0 0 1 1 R 0
169 3574 19599 575 19626 546 3850 1 0 0 0 0 0 0 0 0 2 1 R 0
170 3597 22651 541 21169 518 3885 1 0 4 0 0 0 0 0 0 1 1 R 0
171 3616 18148 780 18208 736 3662 1 0 0 0 0 0 0 0 0 2 1 R 0
172 3637 19989 600 20001 578 4304 1 0 0 0 0 0 0 0 0 1 1 R 0
173 3656 19171 571 19196 543 4268 1 0 0 0 0 0 0 0 0 1 1 R 0
174 3679 21799 575 20657 546 6834 1 0 4 0 0 0 0 0 0 2 1 R 0
175 3699 20174 928 18975 876 3339 1 0 1 0 0 0 0 0 0 1 1 R 0
176 3718 17734 698 17767 663 3106 1 0 0 0 0 0 0 0 0 2 1 R 0
177 3742 23565 558 22150 523 4309 1 0 4 0 0 0 0 0 0 2 1 R 0
178 3762 19269 567 19297 544 4034 1 0 0 0 0 0 0 0 0 1 1 R 0
179 3784 21291 566 21048 519 3870 1 0 1 0 0 0 0 0 0 2 1 R 0
180 3808 23713 568 22622 546 6467 1 0 4 0 0 0 0 0 0 1 1 R 0
181 3827 18114 684 18184 612 3265 1 0 0 0 0 1 0 0 0 2 1 R 0
182 3849 20784 582 20810 555 4723 1 0 0 0 0 0 0 0 0 1 1 R 0
183 3868 19103 569 19130 541 4325 1 0 0 0 0 0 0 0 0 1 1 R 0
184 3890 20905 591 19918 562 5956 1 0 4 0 0 0 0 0 0 2 1 R 0
185 3910 19571 723 18636 672 4663 1 0 1 0 0 0 0 0 0 1 1 R 0
186 3929 18577 1128 18642 1064 3112 1 0 0 0 0 0 0 0 0 2 1 R 0
187 3953 22738 559 21613 532 3801 1 0 4 0 0 0 0 0 0 1 1 R 0
188 3973 19437 938 19465 916 3893 1 0 0 0 0 0 0 0 0 2 1 R 0
189 3993 19157 567 19178 536 3601 1 0 0 0 0 0 0 0 0 1 1 R 0
190 4011 17411 4181 18786 1315 3268 1 0 1 0 2 0 0 0 0 2 1 R 0
191 4034 19090 682 18915 638 3240 1 0 1 0 0 0 0 0 0 2 1 R 0
192 4055 19579 573 19607 547 3862 1 0 0 0 0 0 0 0 0 1 1 R 0
193 4075 19453 584 19486 551 3886 1 0 0 0 0 1 0 0 0 1 1 R 0
194 4100 24272 577 21829 544 3664 1 0 5 0 0 0 0 0 0 1 1 R 0
195 4122 22361 700 22430 632 6171 1 0 0 0 0 0 0 0 0 2 1 R 0
196 4140 17104 2693 17147 2677 3064 1 0 0 0 0 1 0 0 0 1 1 R 0
197 4164 21412 629 19955 608 4058 1 0 4 0 0 0 0 0 0 2 1 R 0
198 4185 19747 578 19774 547 3947 1 0 0 0 0 0 0 0 0 1 1 R 0
199 4204 18991 589 19020 567 3136 1 0 0 0 0 0 0 0 0 1 1 R 0
200 4227 22390 552 21101 528 3875 1 0 4 0 0 0 0 0 0 2 1 R 0
201 4246 18001 945 18045 936 3565 1 0 0 0 0 0 0 0 0 1 1 R 0
202 4267 19934 590 19941 546 4258 1 0 0 0 0 0 0 0 0 1 1 R 0
203 4286 19038 578 19061 555 4309 1 0 0 0 0 0 0 0 0 1 1 R 0
204 4309 22475 583 20348 550 5760 1 0 5 0 0 0 0 0 0 2 1 R 0
205 4328 18385 700 18441 644 3442 1 0 0 0 0 0 0 0 0 2 1 R 0
206 4348 18890 698 18943 648 3236 1 0 0 0 0 0 0 0 0 1 1 R 0
207 4371 22088 1036 20514 1001 4228 1 0 4 0 0 0 0 0 0 1 1 R 0
208 4392 19907 691 19926 662 3890 1 0 0 0 0 0 0 0 0 2 1 R 0
209 4414 21256 582 21282 553 4024 1 0 0 0 0 0 0 0 0 1 1 R 0
210 4439 24415 717 22720 688 6538 1 0 4 0 0 0 0 0 0 2 1 R 0
211 4457 18109 731 18158 683 3240 1 0 0 0 0 0 0 0 0 2 1 R 0
212 4478 19653 583 19687 548 4685 1 0 0 0 0 0 0 0 0 1 1 R 0
213 4500 21191 579 20377 548 4272 1 0 1 0 0 0 0 0 0 1 1 R 0
214 4522 21590 702 20193 670 4923 1 0 4 0 0 0 0 0 0 2 1 R 0
215 4540 17397 743 17475 660 3045 1 0 0 0 0 0 0 0 0 2 1 R 0
216 4560 19614 781 19656 740 3834 1 0 0 0 0 0 0 0 0 1 1 R 0
217 4586 25295 679 23367 638 3776 1 0 4 0 0 0 0 0 0 2 1 R 0
218 4608 20565 633 20606 595 3889 1 0 0 0 0 0 0 0 0 2 1 R 0
219 4626 17810 675 17854 637 3669 1 0 0 0 0 0 0 0 0 2 1 R 0
220 4648 21723 562 20613 534 3717 1 0 4 0 0 0 0 0 0 2 1 R 0
221 4669 19748 642 19782 611 4324 1 0 0 0 0 0 0 0 0 1 1 R 0
222 4688 19091 696 19136 655 4329 1 0 0 0 0 0 0 0 0 1 1 R 0
223 4710 20640 584 19608 554 3890 1 0 1 0 0 0 0 0 0 1 1 R 0
224 4733 22533 567 21195 536 4794 1 0 4 0 0 0 0 0 0 1 1 R 0
225 4756 22278 730 21874 663 7317 1 0 1 0 0 0 0 0 0 2 1 R 0
226 4777 20027 572 20055 542 4300 1 0 0 0 0 0 0 0 0 2 1 R 0
227 4798 21179 598 19999 572 6723 1 0 4 0 0 0 0 0 0 1 1 R 0
228 4818 19243 705 19266 674 3793 1 0 0 0 0 0 0 0 0 1 1 R 0
229 4837 17713 677 17775 621 3477 1 0 0 0 0 0 0 0 0 2 1 R 0
230 4859 21431 695 20182 651 4669 1 0 4 0 0 0 0 0 0 2 1 R 0
231 4880 20197 714 20216 696 4014 1 0 0 0 0 0 0 0 0 1 1 R 0
232 4901 20787 1211 19946 1197 3915 1 0 1 0 0 0 0 0 0 1 1 R 0
233 4926 23526 620 22532 607 4869 1 0 4 0 0 0 0 0 0 1 1 R 0
234 4944 17555 980 17647 881 3757 1 0 0 0 0 0 0 0 0 2 1 R 0
235 4965 19874 651 19921 608 5065 1 0 0 0 0 0 0 0 0 2 1 R 0
236 4986 20840 583 20865 557 4021 1 0 0 0 0 0 0 0 0 1 1 R 0
237 5008 21400 610 20107 569 6552 1 0 4 0 0 0 0 0 0 1 1 R 0
238 5028 18802 801 18902 711 4219 1 0 0 0 0 0 0 0 0 2 1 R 0
239 5048 19120 857 19152 819 3885 1 0 0 0 0 0 0 0 0 1 1 R 0
240 5073 24217 595 22554 546 6734 1 0 4 0 0 0 0 0 0 2 1 R 0
241 5093 19297 554 19322 526 3832 1 0 0 0 0 0 0 0 0 2 1 R 0
242 5115 21519 575 19606 546 4076 1 0 1 0 0 0 0 0 0 1 1 R 0
243 5137 21792 610 20565 585 3146 1 0 4 0 0 0 0 0 0 2 1 R 0
244 5155 17686 772 17739 735 3564 1 0 0 0 0 0 0 0 0 1 1 R 0
245 5176 19881 592 19895 561 4405 1 0 0 0 0 0 0 0 0 1 1 R 0
246 5196 19317 717 19351 692 4466 1 0 0 0 0 0 0 0 0 2 1 R 0
247 5219 21922 612 20655 583 5194 1 0 4 0 0 0 0 0 0 1 1 R 0
248 5237 17519 686 17556 647 3610 1 0 0 0 0 0 0 0 0 1 1 R 0
249 5258 20995 632 20619 599 4363 1 0 1 0 0 0 0 0 0 2 1 R 0
250 5281 21734 1037 20521 1022 3761 1 0 4 0 0 0 0 0 0 1 1 R 0
251 5301 18905 1035 18925 1013 3860 1 0 0 0 0 0 0 0 0 1 1 R 0
252 5322 20487 574 19442 550 3323 1 0 1 0 0 0 0 0 0 2 1 R 0
253 5340 17119 702 17171 650 3035 1 0 0 0 0 0 0 0 0 1 1 R 0
254 5364 22924 556 21711 532 3481 1 0 4 0 0 0 0 0 0 2 1 R 0
255 5386 22297 569 22323 544 7809 1 0 0 0 0 0 0 0 0 1 1 R 0
256 5406 19014 592 19043 561 4334 1 0 0 0 0 0 0 0 0 1 1 R 0
257 5429 22798 743 21372 711 6328 1 0 4 0 0 0 0 0 0 1 1 R 0
258 5448 17490 1033 17568 964 3128 1 0 0 0 0 0 0 0 0 2 1 R 0
259 5468 19418 919 19451 880 5196 1 0 0 0 0 0 0 0 0 2 1 R 0
260 5493 23794 563 22679 537 4360 1 0 4 0 0 0 0 0 0 2 1 R 0
261 5514 20696 623 19245 597 4045 1 0 1 0 0 0 0 0 0 1 1 R 0
262 5534 18976 589 18999 561 3583 1 0 0 0 0 0 0 0 0 1 1 R 0
263 5556 22156 670 20739 649 3121 1 0 5 0 0 0 0 0 0 1 1 R 0
264 5575 17490 895 17545 842 3509 1 0 0 0 0 0 0 0 0 2 1 R 0
265 5596 20176 961 20255 887 4936 1 0 0 0 0 0 0 0 0 1 1 R 0
266 5616 19479 573 19495 545 4327 1 0 0 0 0 0 0 0 0 2 1 R 0
267 5637 20720 591 19691 559 5909 1 0 4 0 0 0 0 0 0 2 1 R 0
268 5656 17889 696 17944 647 3800 1 0 0 0 0 0 0 0 0 1 1 R 0
269 5676 19133 698 19174 659 4601 1 0 0 0 0 0 0 0 0 2 1 R 0
270 5703 26377 596 25025 564 9279 1 0 4 0 0 0 0 0 0 1 1 R 0
271 5724 20813 646 19793 596 3795 1 0 1 0 0 0 0 0 0 2 1 R 0
272 5744 19234 730 19304 665 3994 1 0 0 0 0 0 0 0 0 1 1 R 0
273 5766 20980 768 19890 735 3069 1 0 4 0 0 0 0 0 0 2 1 R 0
274 5786 19638 671 18910 632 3523 1 0 1 0 0 1 0 0 0 1 1 R 0
275 5806 19646 584 19667 555 4177 1 0 0 0 0 0 0 0 0 1 1 R 0
276 5826 19330 586 19360 555 4504 1 0 0 0 0 0 0 0 0 2 1 R 0
277 5849 21818 583 20932 556 5316 1 0 4 0 0 0 0 0 0 1 1 R 0
278 5867 17893 684 17944 638 3195 1 0 0 0 0 0 0 0 0 2 1 R 0
279 5887 19339 724 19395 677 4544 1 0 0 0 0 0 0 0 0 1 1 R 0
280 5913 24588 716 22544 698 4330 1 0 5 0 0 0 0 0 0 2 1 R 0
281 5934 21110 734 21142 700 3862 1 0 0 0 0 0 0 0 0 1 1 R 0
282 5954 18816 640 18845 612 3262 1 0 0 0 0 0 0 0 0 2 1 R 0
283 5977 22505 664 21455 626 3521 1 0 4 0 0 0 0 0 0 1 1 R 0
284 5995 17559 678 17600 639 3746 1 0 0 0 0 0 0 0 0 2 1 R 0
285 6019 23214 596 23240 565 8697 1 0 0 0 0 0 0 0 0 1 1 R 0
286 6039 18951 784 19046 694 3210 1 0 0 0 0 0 0 0 0 2 1 R 0
287 6059 19900 893 18661 853 4616 1 0 4 0 0 0 0 0 0 1 1 R 0
288 6078 17662 803 17772 701 3229 1 0 0 0 0 0 0 0 0 2 1 R 0
289 6099 20594 573 20616 540 3893 1 0 0 0 0 0 0 0 0 1 1 R 0
290 6123 23299 752 21143 731 3880 1 0 5 0 0 0 0 0 0 1 1 R 0
291 6143 19375 568 19394 538 3588 1 0 0 0 0 0 0 0 0 1 1 R 0
292 6161 16908 1233 16962 1207 3238 1 0 0 0 0 0 0 0 0 2 1 R 0
293 6181 18682 3598 18702 2525 3559 1 0 0 0 4 0 0 0 0 1 1 R 0
294 6204 19891 691 19501 641 3848 1 0 0 0 0 0 0 0 0 1 1 R 0
295 6224 18985 573 19012 545 3853 1 0 0 0 0 0 0 0 0 1 1 R 0
296 6244 19671 671 19708 636 3325 1 0 0 0 0 0 0 0 0 2 1 R 0
297 6266 21547 646 20669 553 3079 1 0 4 0 0 0 0 0 0 2 1 R 0
298 6285 17549 1445 17589 1428 3654 1 0 0 0 0 1 0 0 0 1 1 R 0
299 6307 20684 635 20684 609 4688 1 0 0 0 0 0 0 0 0 2 1 R 0
300 6333 26019 576 23460 548 9086 1 0 5 0 0 0 0 0 0 1 1 R 0
301 6354 20502 591 20533 557 3561 1 0 0 0 0 0 0 0 0 2 1 R 0
302 6374 19179 738 19238 690 3265 1 0 0 0 0 0 0 0 0 1 1 R 0
303 6397 21774 563 20531 535 3326 1 0 4 0 0 0 0 0 0 2 1 R 0
304 6416 18670 570 18699 541 3794 1 0 0 0 0 0 0 0 0 1 1 R 0
305 6436 19744 573 19774 544 4454 1 0 0 0 0 0 0 0 0 1 1 R 0
306 6456 18837 669 18879 623 3977 1 0 0 0 0 0 0 0 0 1 1 R 0
307 6477 21031 580 20085 552 3759 1 0 4 0 0 0 0 0 0 2 1 R 0
308 6496 17514 678 17560 640 3626 1 0 0 0 0 0 0 0 0 1 1 R 0
309 6518 21833 612 20733 587 4787 1 0 1 0 0 0 0 0 0 2 1 R 0
310 6540 20886 765 19635 686 4337 1 0 4 0 0 0 0 0 0 1 1 R 0
311 6559 19095 768 19184 682 3184 1 0 0 0 0 0 0 0 0 2 1 R 0
312 6578 17353 702 17407 644 3214 1 0 0 0 0 0 0 0 0 1 1 R 0
313 6597 19206 816 19287 738 4543 1 0 0 0 0 0 0 0 0 2 1 R 0
314 6620 21978 586 21020 562 7153 1 0 4 0 0 0 0 0 0 1 1 R 0
315 6644 23172 567 23200 537 7860 1 0 0 0 0 0 0 0 0 2 1 R 0
316 6664 19181 748 19253 680 3662 1 0 0 0 0 0 0 0 0 1 1 R 0
317 6686 21318 626 20316 556 3077 1 0 4 0 0 0 0 0 0 2 1 R 0
318 6704 17783 667 17826 621 3468 1 0 0 0 0 0 0 0 0 2 1 R 0
319 6726 21392 618 20016 588 5579 1 0 1 0 0 0 0 0 0 1 1 R 0
320 6750 23371 1335 21723 1323 4492 1 0 4 0 0 0 0 0 0 1 1 R 0
321 6769 17865 732 17894 687 3138 1 0 0 0 0 1 0 0 0 1 1 R 0
322 6789 18322 711 18382 657 3403 1 0 0 0 0 0 0 0 0 2 1 R 0
323 6809 19998 775 20021 751 3870 1 0 0 0 0 0 0 0 0 1 1 R 0
324 6832 22072 602 20611 574 5580 1 0 4 0 0 0 0 0 0 1 1 R 0
325 6853 19995 582 20027 550 3831 1 0 0 0 0 0 0 0 0 2 1 R 0
326 6871 17514 1353 17562 1318 3337 1 0 0 0 0 0 0 0 0 1 1 R 0
327 6894 22364 619 21433 593 3244 1 0 4 0 0 0 0 0 0 2 1 R 0
328 6916 20604 560 19050 536 3361 1 0 1 0 0 0 0 0 0 1 1 R 0
329 6936 19354 608 19384 582 4275 1 0 0 0 0 0 0 0 0 1 1 R 0
330 6960 23728 587 22611 553 7513 1 0 4 0 0 0 0 0 0 1 1 R 0
331 6978 17899 702 17959 650 3262 1 0 0 0 0 0 0 0 0 2 1 R 0
332 6998 18679 694 18713 652 3120 1 0 0 0 0 0 0 0 0 2 1 R 0
333 7018 19162 677 19208 663 4287 1 0 0 0 0 0 0 0 0 1 1 R 0
334 7040 21484 587 20377 557 6425 1 0 4 0 0 0 0 0 0 1 1 R 0
335 7059 18863 592 18890 563 3755 1 0 0 0 0 0 0 0 0 2 1 R 0
336 7077 17511 676 17571 621 3308 1 0 0 0 0 0 0 0 0 1 1 R 0
337 7100 21567 728 20528 691 3711 1 0 4 0 0 0 0 0 0 2 1 R 0
338 7120 19756 700 18807 669 3104 1 0 1 0 0 0 0 0 0 2 1 R 0
339 7141 20089 1049 20100 1033 3836 1 0 0 0 0 0 0 0 0 1 1 R 0
340 7161 18634 1130 18647 1118 4101 1 0 0 0 2 0 0 0 0 2 1 R 0
341 7184 21910 548 20109 519 3088 1 0 2 0 0 0 0 0 0 2 1 R 0
342 7202 18162 660 18201 639 3057 1 0 0 0 0 0 0 0 0 1 1 R 0
343 7223 19721 572 19735 543 3250 1 0 0 0 0 0 0 0 0 1 1 R 0
344 7245 21523 594 19800 562 3924 1 0 4 0 0 0 0 0 0 1 1 R 0
345 7270 24191 594 23655 562 7265 1 0 1 0 0 0 0 0 0 2 1 R 0
346 7288 17319 1087 17401 1010 3080 1 0 0 0 0 0 0 0 0 1 1 R 0
347 7313 24631 698 23615 661 3908 1 0 4 0 0 0 0 0 0 2 1 R 0
348 7343 28699 566 23081 536 3699 1 0 5 0 0 0 0 0 0 2 1 R 0
349 7362 19243 556 19273 655 4074 1 0 0 0 0 0 0 0 0 1 1 R 0
350 7385 22260 695 20904 671 3733 1 0 4 0 0 0 0 0 0 2 1 R 0
351 7404 18102 823 18158 760 3058 1 0 0 0 0 0 0 0 0 1 1 R 0
352 7424 18963 887 19048 812 3295 1 0 0 0 0 0 0 0 0 1 1 R 0
353 7447 22142 550 21353 525 4106 1 0 4 0 0 0 0 0 0 1 1 R 0
354 7467 19641 675 19680 635 4386 1 0 0 0 0 0 0 0 0 2 1 R 0
355 7486 18016 717 18064 676 3817 1 0 0 0 0 0 0 0 0 1 1 R 0
356 7504 17939 785 17980 735 3553 1 0 0 0 0 0 0 0 0 2 1 R 0
357 7529 23428 593 21435 565 6276 1 0 5 0 0 0 0 0 0 2 1 R 0
358 7549 19993 591 20022 558 3942 1 0 0 0 0 0 0 0 0 1 1 R 0
359 7569 19063 598 19096 566 3830 1 0 0 0 0 0 0 0 0 2 1 R 0
360 7594 24246 686 23054 645 6317 1 0 4 0 0 0 0 0 0 1 1 R 0
361 7611 16671 1435 17375 744 3296 1 0 0 0 0 0 0 0 0 2 1 R 0
362 7633 20203 558 20216 534 2983 1 0 0 0 0 0 0 0 0 1 1 R 0
363 7653 19284 1542 19308 910 3869 1 0 1 0 3 0 0 0 0 1 1 R 0
364 7675 21322 606 20951 573 3810 1 0 0 0 0 0 0 0 0 1 1 R 0
365 7694 17851 695 17911 640 3839 1 0 0 0 0 0 0 0 0 2 1 R 0
366 7712 17746 672 17781 929 3330 1 0 0 0 0 0 0 0 0 2 1 R 0
367 7738 25417 592 22415 561 7395 1 0 5 0 0 1 0 0 0 2 1 R 0
368 7758 18940 640 18969 611 4519 1 0 0 0 0 0 0 0 0 1 1 R 0
369 7778 19420 590 19448 562 4071 1 0 0 0 0 0 0 0 0 2 1 R 0
370 7801 21899 582 19870 981 4409 1 0 5 0 0 0 0 0 0 1 1 R 0
371 7819 17620 699 17259 643 3166 1 0 0 0 0 0 0 0 0 1 1 R 0
372 7840 20379 580 20396 554 4497 1 0 0 0 0 0 0 0 0 2 1 R 0
373 7859 18796 583 18827 555 4036 1 0 0 0 0 0 0 0 0 1 1 R 0
374 7881 20883 973 19833 960 5514 1 0 4 0 0 0 0 0 0 2 1 R 0
375 7903 21425 567 21430 538 6070 1 0 0 0 0 0 0 0 0 1 1 R 0
376 7924 20078 818 18788 753 3084 1 0 1 0 0 0 0 0 0 2 1 R 0
377 7946 21622 882 20476 842 4121 1 0 4 0 0 0 0 0 0 1 1 R 0
378 7966 18743 571 18759 545 4182 1 0 0 0 0 0 0 0 0 1 1 R 0
379 7986 20006 616 20031 591 3848 1 0 0 0 0 0 0 0 0 1 1 R 0
380 8008 21540 568 20385 543 4007 1 0 4 0 0 0 0 0 0 1 1 R 0
381 8028 18702 816 18761 762 3475 1 0 0 0 0 0 0 0 0 2 1 R 0
382 8049 20467 576 20493 545 4420 1 0 0 0 0 0 0 0 0 1 1 R 0
383 8069 19465 889 19495 869 3861 1 0 0 0 0 0 0 0 0 1 1 R 0
384 8092 22166 605 20469 580 5674 1 0 4 0 0 0 0 0 0 2 1 R 0
385 8112 19615 574 19647 545 3613 1 0 0 0 0 0 0 0 0 1 1 R 0
386 8133 20285 639 19278 614 3330 1 0 1 0 0 0 0 0 0 1 1 R 0
387 8156 21816 586 20346 553 3868 1 0 4 0 0 0 0 0 0 1 1 R 0
388 8176 19609 564 19636 540 4493 1 0 0 0 0 0 0 0 0 1 1 R 0
389 8196 19255 581 19281 554 4469 1 0 0 0 0 0 0 0 0 1 1 R 0
390 8221 24705 1086 23499 1065 8359 1 0 4 0 0 0 0 0 0 2 1 R 0
391 8240 17994 714 18050 666 3657 1 0 0 0 0 0 0 0 0 2 1 R 0
392 8261 19774 884 19786 878 4102 1 0 0 0 0 0 0 0 0 0 1 R 0
393 8280 18668 662 18684 624 3875 1 0 0 0 0 0 0 0 0 2 1 R 0
394 8303 22553 611 20902 585 4607 1 0 4 0 0 0 0 0 0 1 1 R 0
395 8325 21212 557 20406 531 3644 1 0 1 0 0 0 0 0 0 1 1 R 0
396 8345 19554 578 19585 548 4501 1 0 0 0 0 0 0 0 0 1 1 R 0
397 8367 21139 586 20005 557 6260 1 0 4 0 0 0 0 0 0 1 1 R 0
398 8387 19729 1302 19774 1272 4353 1 0 0 0 0 0 0 0 0 1 1 R 0
399 8408 19610 966 19668 905 4050 1 0 0 0 0 0 0 0 0 2 1 R 0
400 8432 23028 1608 21698 1579 4013 1 0 4 0 0 1 0 0 0 2 1 R 0
401 8453 19171 557 19178 533 3118 1 0 0 0 0 0 0 0 0 1 1 R 0
402 8473 19415 566 19440 539 3874 1 0 0 0 0 0 0 0 0 1 1 R 0
403 8495 21521 543 20730 517 3919 1 0 4 0 0 0 0 0 0 1 1 R 0
404 8514 18265 675 18307 642 3043 1 0 0 0 0 0 0 0 0 2 1 R 0
405 8538 23278 576 22342 547 8178 1 0 1 0 0 0 0 0 0 2 1 R 0
406 8557 19128 570 19157 546 4199 1 0 0 0 0 0 0 0 0 1 1 R 0
407 8579 21361 703 20015 678 6492 1 0 4 0 0 0 0 0 0 1 1 R 0
408 8600 19546 834 19563 814 3621 1 0 0 0 0 0 0 0 0 2 1 R 0
409 8618 17769 741 17805 724 3000 1 0 0 0 0 0 0 0 0 2 1 R 0
410 8642 23400 562 22429 534 3687 1 0 4 0 0 0 0 0 0 1 1 R 0
411 8663 19531 706 19563 695 4114 1 0 0 0 0 0 0 0 0 2 1 R 0
412 8682 19054 565 19060 539 3915 1 0 0 0 0 0 0 0 0 1 1 R 0
413 8705 22519 535 21586 513 3493 1 0 4 0 0 0 0 0 0 1 1 R 0
414 8724 18100 2076 18151 905 3059 1 0 0 0 1 0 0 0 0 2 1 R 0
415 8747 20991 724 19995 694 3845 1 0 1 0 0 0 0 0 0 2 1 R 0
416 8768 20096 588 20112 558 4327 1 0 0 0 0 0 0 0 0 1 1 R 0
417 8790 21415 590 20482 561 6739 1 0 4 0 0 0 0 0 0 1 1 R 0
418 8810 19050 567 19075 537 3744 1 0 0 0 0 0 0 0 0 2 1 R 0
419 8828 17713 786 17769 743 3274 1 0 0 0 0 0 0 0 0 1 1 R 0
420 8855 26289 579 25220 546 6165 1 0 4 0 0 0 0 0 0 2 1 R 0
421 8875 19568 577 19601 544 3839 1 0 0 0 0 0 0 0 0 1 1 R 0
422 8895 19376 575 19405 546 4691 1 0 0 0 0 0 0 0 0 1 1 R 0
423 8917 21918 541 20497 517 3224 1 0 4 0 0 0 0 0 0 2 1 R 0
424 8937 19411 785 18477 727 3576 1 0 1 0 0 0 0 0 0 1 1 R 0
425 8957 18848 715 18902 667 3623 1 0 0 0 0 0 0 0 0 2 1 R 0
426 8978 20093 577 20113 545 4436 1 0 0 0 0 0 0 0 0 1 1 R 0
427 9000 21292 559 20110 534 6242 1 0 4 0 0 0 0 0 0 1 1 R 0
428 9019 18825 825 18884 771 3749 1 0 0 0 0 0 0 0 0 2 1 R 0
429 9038 17990 670 18031 646 3081 1 0 0 0 0 0 0 0 0 1 1 R 0
430 9062 23753 882 22105 867 4297 1 0 4 0 0 0 0 0 0 2 1 R 0
431 9082 18888 564 18905 535 3871 1 0 0 0 0 0 0 0 0 1 1 R 0
432 9102 19707 625 19733 598 3886 1 0 0 0 0 0 0 0 0 2 1 R 0
433 9122 19323 2137 19371 1224 3679 1 0 1 0 3 0 0 0 0 1 1 R 0
434 9144 19912 701 19031 667 3676 1 0 1 0 0 0 0 0 0 2 1 R 0
435 9167 22088 582 22100 553 6449 1 0 0 0 0 0 0 0 0 1 1 R 0
436 9187 19360 590 19390 561 4407 1 0 0 0 0 0 0 0 0 1 1 R 0
437 9209 21457 560 20260 532 6597 1 0 4 0 0 0 0 0 0 1 1 R 0
438 9232 22622 601 22650 575 5209 1 0 0 0 0 0 0 0 0 2 1 R 0
439 9253 19809 694 19870 636 3865 1 0 0 0 0 0 0 0 0 1 1 R 0
440 9286 32528 560 21034 510 3770 1 0 6 0 0 0 0 0 0 1 1 R 1
441 9311 24195 1152 23806 1128 8239 1 0 1 0 0 0 0 0 0 2 1 R 0
442 9335 23311 538 20989 517 3366 1 0 5 0 0 0 0 0 0 2 1 R 0
443 9355 19645 757 19740 663 4318 1 0 0 0 0 0 0 0 0 1 1 R 0
444 9374 17961 684 18002 642 3072 1 0 0 0 0 0 0 0 0 2 1 R 0
445 9396 20675 578 20708 544 4979 1 0 0 0 0 0 0 0 0 1 1 R 0
446 9417 20834 592 19877 572 5817 1 0 4 0 0 0 0 0 0 1 1 R 0
447 9436 18075 799 18110 760 3827 1 0 0 0 0 0 0 0 0 2 1 R 0
448 9455 18694 765 18769 699 4618 1 0 0 0 0 0 0 0 0 2 1 R 0
449 9479 23331 779 22041 760 5361 1 0 4 0 0 1 0 0 0 2 1 R 0
450 9503 23490 637 23528 586 8496 1 0 0 0 0 0 0 0 0 1 1 R 0
451 9524 19522 558 19551 528 3713 1 0 0 0 0 0 0 0 0 1 1 R 0
452 9547 22855 556 20452 528 4889 1 0 5 0 0 0 0 0 0 1 1 R 0
453 9566 18020 618 18058 591 3461 1 0 0 0 0 0 0 0 0 2 1 R 0
454 9586 19588 1022 19673 940 4512 1 0 0 0 0 0 0 0 0 2 1 R 0
455 9607 19713 594 19731 562 4295 1 0 0 0 0 0 0 0 0 1 1 R 0
456 9629 21598 581 20653 548 6333 1 0 4 0 0 0 0 0 0 1 1 R 0
457 9647 18171 687 18213 647 3169 1 0 0 0 0 0 0 0 0 2 1 R 0
458 9667 18879 789 18955 720 4360 1 0 0 0 0 0 0 0 0 1 1 R 0
459 9690 22422 557 20893 531 4237 1 0 4 0 0 0 0 0 0 3 1 R 0
460 9710 18977 637 19008 607 4054 1 0 0 0 0 0 0 0 0 1 1 R 0
461 9733 22111 542 21283 517 3985 1 0 1 0 0 1 0 0 0 1 1 R 0
462 9751 17499 2928 17561 2144 3162 1 0 0 0 1 0 0 0 0 1 1 R 0
463 9774 20569 614 19612 595 4469 1 0 3 0 0 0 0 0 0 1 1 R 0
464 9795 20340 934 19925 873 3143 1 0 1 0 0 0 0 0 0 2 1 R 0
465 9819 22696 593 22720 561 8587 1 0 0 0 0 0 0 0 0 1 1 R 0
466 9840 20389 732 19440 644 5944 1 0 4 0 0 0 0 0 0 1 1 R 0
467 9858 17633 800 17683 747 3105 1 0 0 0 0 0 0 0 0 2 1 R 0
468 9877 18077 809 18138 747 4158 1 0 0 0 0 0 0 0 0 2 1 R 0
469 9900 22753 580 21554 550 4690 1 0 4 0 0 0 0 0 0 1 1 R 0
470 9920 19039 589 19069 561 3884 1 0 0 0 0 0 0 0 0 2 1 R 0
471 9942 21370 547 19870 519 3571 1 0 1 0 0 0 0 0 0 1 1 R 0
472 9959 16852 906 16897 881 3280 1 0 0 0 0 0 0 0 0 2 1 R 0
473 9983 23032 556 21042 525 3369 1 0 4 0 0 0 0 0 0 1 1 R 0
474 10003 19490 558 19522 529 3494 1 0 0 0 0 0 0 0 0 2 1 R 0
475 10023 19400 566 19431 537 3850 1 0 0 0 0 0 0 0 0 1 1 R 0
476 10046 21570 572 20608 538 3368 1 0 4 0 0 0 0 0 0 1 1 R 0
477 10064 17910 734 17984 668 3614 1 0 0 0 0 0 0 0 0 2 1 R 0
478 10085 20290 785 20333 752 3779 1 0 0 0 0 0 0 0 0 1 1 R 0
479 10107 21183 590 20057 560 4314 1 0 4 0 0 0 0 0 0 1 1 R 0
480 10130 22492 683 22534 649 8505 1 0 0 0 0 0 0 0 0 2 1 R 0
481 10150 19532 1226 18469 1210 3239 1 0 1 0 0 0 0 0 0 1 1 R 0
482 10169 17271 786 17341 705 3211 1 0 0 0 0 0 0 0 0 2 1 R 0
483 10192 22657 563 21113 533 4978 1 0 4 0 0 0 0 0 0 1 1 R 0
484 10212 19398 555 19426 528 4058 1 0 0 0 0 0 0 0 0 1 1 R 0
485 10232 19182 594 19245 530 3845 1 0 0 0 0 0 0 0 0 1 1 R 0
486 10254 21752 648 20792 592 3360 1 0 4 0 0 0 0 0 0 2 1 R 0
487 10273 18346 664 18393 609 3094 1 0 0 0 0 0 0 0 0 1 1 R 0
488 10293 19208 622 19307 527 3133 1 0 0 0 0 0 0 0 0 3 1 R 0
489 10315 21356 626 20523 603 4055 1 0 4 0 0 0 0 0 0 1 1 R 0
490 10338 22516 571 20854 546 4558 1 0 1 0 0 0 0 0 0 1 1 R 0
491 10359 19923 590 19492 561 5075 1 0 1 0 0 0 0 0 0 2 1 R 0
492 10378 18868 703 18453 658 3528 1 0 1 0 0 0 0 0 0 1 1 R 0
493 10402 23294 565 22219 538 4146 1 0 4 0 0 0 0 0 0 1 1 R 0
494 10422 18909 610 18941 594 3880 1 0 0 0 0 0 0 0 0 1 1 R 0
495 10444 21616 585 21633 557 6994 1 0 0 0 0 0 0 0 0 1 1 R 0
496 10466 21631 554 20565 527 3849 1 0 4 0 0 0 0 0 0 3 1 R 0
497 10485 18296 665 18343 617 3973 1 0 0 0 0 0 0 0 0 1 1 R 0
498 10506 20014 625 20056 581 4466 1 0 0 0 0 0 0 0 0 1 1 R 0
499 10528 21599 573 20495 549 4298 1 0 4 0 0 0 0 0 0 1 1 R 0
500 10550 21277 635 20251 604 4292 1 0 1 0 0 0 0 0 0 1 1 R 0
501 10568 17827 693 17895 647 3142 1 0 0 0 0 0 0 0 0 2 1 R 0
502 10589 19951 833 19716 763 4071 1 0 1 0 0 0 0 0 0 2 1 R 0
503 10610 20527 2054 19616 2026 5147 1 0 4 0 0 1 0 0 0 0 1 R 0
504 10632 19840 620 19857 582 4005 1 0 0 0 0 0 0 0 0 3 1 R 0
505 10651 18351 1071 18723 707 3839 1 0 0 0 0 0 0 0 0 0 1 R 0
506 10674 22302 683 20801 630 3352 1 0 4 0 0 0 0 0 0 2 1 R 0
507 10694 18772 571 18802 538 3342 1 0 0 0 0 0 0 0 0 1 1 R 0
508 10714 19662 692 19741 626 3318 1 0 0 0 0 0 0 0 0 3 1 R 0
509 10738 22811 542 21218 522 3841 1 0 5 0 0 0 0 0 0 1 1 R 0
510 10762 23828 563 23434 539 8650 1 0 1 0 0 0 0 0 0 0 1 R 0
511 10780 17010 900 17068 880 3092 1 0 0 0 0 0 0 0 0 3 1 R 0
512 10800 19006 671 19023 626 4031 1 0 0 0 0 0 0 0 0 2 1 R 0
513 10823 22940 569 21162 535 3956 1 0 4 0 0 0 0 0 0 0 1 R 0
514 10843 19186 569 19216 540 3896 1 0 0 0 0 0 0 0 0 1 1 R 0
515 10863 19127 798 19164 781 3804 1 0 0 0 0 0 0 0 0 2 1 R 0
516 10885 21912 690 20829 634 3303 1 0 4 0 0 0 0 0 0 2 1 R 0
517 10904 17991 682 18035 638 3143 1 0 0 0 0 0 0 0 0 2 1 R 0
518 10925 20397 572 20425 544 4175 1 0 0 0 0 0 0 0 0 1 1 R 0
519 10948 22561 565 20478 540 4543 1 0 5 0 0 0 0 0 0 1 1 R 0
520 10967 18209 702 18264 655 3981 1 0 0 0 0 0 0 0 0 2 1 R 0
521 10986 18418 709 18477 646 3539 1 0 0 0 0 0 0 0 0 0 1 R 0
522 11005 18250 691 18304 635 3799 1 0 0 0 0 0 0 0 0 2 1 R 0
523 11028 22549 589 21395 555 7257 1 0 4 0 0 0 0 0 0 1 1 R 0
524 11048 19590 628 19621 601 4360 1 0 0 0 0 0 0 0 0 3 1 R 0
525 11071 21781 1795 21814 1274 7116 1 0 0 0 1 0 0 0 0 1 1 R 0
526 11094 21301 742 20289 654 3041 1 0 4 0 0 0 0 0 0 1 1 R 0
527 11113 18526 667 18574 625 3180 1 0 0 0 0 0 0 0 0 1 1 R 0
528 11134 19732 609 19752 577 3912 1 0 0 0 0 0 0 0 0 3 1 R 0
529 11158 23808 605 21939 577 5786 1 0 5 0 0 0 0 0 0 1 1 R 0
530 11176 17777 685 17820 655 3881 1 0 0 0 0 0 0 0 0 0 1 R 0
531 11195 17928 660 17954 615 3620 1 0 0 0 0 0 0 0 0 2 1 R 0
532 11216 20101 612 20175 544 4189 1 0 0 0 0 0 0 0 0 3 1 R 0
533 11238 21269 565 20234 536 6451 1 0 4 0 0 0 0 0 0 1 1 R 0
534 11257 19140 574 19166 550 4351 1 0 0 0 0 0 0 0 0 1 1 R 0
535 11276 17671 674 17718 633 3734 1 0 0 0 0 0 0 0 0 1 1 R 0
536 11299 22516 678 21062 627 3827 1 0 4 0 0 0 0 0 0 1 1 R 0
537 11318 17996 666 18040 643 3086 1 0 0 0 0 0 0 0 0 2 1 R 0
538 11338 20086 572 20096 544 5265 1 0 0 0 0 0 0 0 0 1 1 R 0
539 11363 24328 2009 23039 1238 3817 1 0 3 0 2 0 0 0 0 3 1 R 0
540 11387 22157 611 22171 573 6898 1 0 0 0 0 0 0 0 0 1 1 R 0
541 11407 19137 631 19168 603 3707 1 0 0 0 0 0 0 0 0 1 1 R 0
542 11427 19262 563 19293 535 4465 1 0 0 0 0 0 0 0 0 2 1 R 0
543 11448 20848 983 19674 963 6427 1 0 4 0 0 0 0 0 0 1 1 R 0
544 11469 19825 569 19847 538 3775 1 0 0 0 0 0 0 0 0 1 1 R 0
545 11487 17505 678 17552 645 3046 1 0 0 0 0 0 0 0 0 2 1 R 0
546 11510 21603 694 20043 649 3864 1 0 4 0 0 0 0 0 0 1 1 R 0
547 11530 20001 589 20012 559 4046 1 0 0 0 0 0 0 0 0 1 1 R 0
548 11551 20172 1238 18888 1175 3931 1 0 1 0 0 0 0 0 0 1 1 R 0
549 11571 18513 1220 18548 1194 3759 1 0 0 0 1 0 0 0 0 1 1 R 0
550 11594 21558 878 19738 816 3375 1 0 3 0 0 0 0 0 0 3 1 R 0
551 11612 18058 941 18091 916 3304 1 0 0 0 0 0 0 0 0 1 1 R 0
552 11632 18236 709 18288 660 3076 1 0 0 0 0 0 0 0 0 2 1 R 0
553 11655 23113 588 21723 553 4645 1 0 4 0 0 0 0 0 0 1 1 R 0
554 11676 19574 565 19607 533 4333 1 0 0 0 0 1 0 0 0 1 1 R 0
555 11698 22134 565 22163 538 6667 1 0 0 0 0 0 0 0 0 2 1 R 0
556 11719 20515 758 18910 731 3638 1 0 4 0 0 0 0 0 0 2 1 R 0
557 11738 18102 741 18133 702 3151 1 0 0 0 0 0 0 0 0 1 1 R 0
558 11760 20683 651 19677 581 5906 1 0 1 0 0 0 0 0 0 2 1 R 0
559 11780 19160 734 19208 696 3786 1 0 0 0 0 0 0 0 0 0 1 R 0
560 11801 20553 1040 19508 1025 5176 1 0 4 0 0 0 0 0 0 2 1 R 0
561 11821 18687 563 18702 993 3823 1 0 0 0 0 0 0 0 0 1 1 R 0
562 11839 18020 712 17604 672 3085 1 0 0 0 0 0 0 0 0 1 1 R 0
563 11862 22522 559 21274 531 3807 1 0 4 0 0 0 0 0 0 1 1 R 0
564 11882 18925 592 18957 560 3641 1 0 0 0 0 0 0 0 0 2 1 R 0
565 11901 18457 1310 18528 1269 3050 1 0 0 0 0 0 0 0 0 1 1 R 0
566 11919 17261 715 17286 683 3052 1 0 0 0 0 0 0 0 0 2 1 R 0
567 11943 23285 2053 21501 820 4216 1 0 4 0 1 0 0 0 0 1 1 R 0
568 11965 19777 562 19796 535 4345 1 0 0 0 0 0 0 0 0 1 1 R 0
569 11985 18940 567 18971 534 4005 1 0 0 0 0 0 0 0 0 2 1 R 0
570 12009 23163 580 22310 549 8231 1 0 4 0 0 0 0 0 0 1 1 R 0
571 12027 18125 833 18185 776 3746 1 0 0 0 0 0 0 0 0 1 1 R 0
572 12048 19790 687 19837 642 4295 1 0 0 0 0 0 0 0 0 2 1 R 0
573 12070 21639 593 20134 565 4271 1 0 4 0 0 0 0 0 0 1 1 R 0
574 12090 18773 574 18803 542 3330 1 0 0 0 0 0 0 0 0 1 1 R 0
575 12110 19610 543 19640 513 3063 1 0 0 0 0 0 0 0 0 2 1 R 0
576 12129 18306 725 18355 690 3291 1 0 0 0 0 0 0 0 0 2 1 R 0
577 12155 25357 579 22931 549 4051 1 0 5 0 0 1 0 0 0 1 1 R 0
578 12174 19068 602 19096 571 3884 1 0 0 0 0 0 0 0 0 1 1 R 0
579 12195 20180 575 20213 541 4084 1 0 0 0 0 0 0 0 0 2 1 R 0
580 12218 21861 572 20911 539 3428 1 0 4 0 0 0 0 0 0 2 1 R 0
581 12236 18212 773 18272 722 3532 1 0 0 0 0 0 0 0 0 0 1 R 0
582 12256 19275 583 19298 554 4448 1 0 0 0 0 0 0 0 0 2 1 R 0
583 12279 21946 579 20529 548 4327 1 0 4 0 0 0 0 0 0 2 1 R 0
584 12298 18543 678 18597 639 3420 1 0 0 0 0 0 0 0 0 1 1 R 0
585 12323 24711 681 24728 651 6433 1 0 0 0 0 0 0 0 0 2 1 R 0
586 12345 21139 658 20085 646 3075 1 0 4 0 0 0 0 0 0 1 1 R 0
587 12367 20738 755 19434 716 4242 1 0 1 0 0 0 0 0 0 1 1 R 0
588 12387 19600 1084 19626 1069 3941 1 0 0 0 0 0 0 0 0 2 1 R 0
589 12406 17422 752 17477 687 3668 1 0 0 0 0 0 0 0 0 1 1 R 0
590 12429 22541 747 21151 701 7761 1 0 4 0 0 0 0 0 0 2 1 R 0
591 12450 20103 585 20126 552 3826 1 0 0 0 0 0 0 0 0 1 1 R 0
592 12469 19231 642 19263 613 3896 1 0 0 0 0 0 0 0 0 1 1 R 0
593 12492 22158 641 20652 592 3311 1 0 4 0 0 0 0 0 0 1 1 R 0
594 12510 16782 778 16895 668 3304 1 0 0 0 0 0 0 0 0 2 1 R 0
595 12529 18751 1068 18804 1030 3243 1 0 0 0 0 0 0 0 0 1 1 R 0
596 12554 23434 672 21405 656 3428 1 0 5 0 0 0 0 0 0 2 1 R 0
597 12574 19218 745 19265 693 3867 1 0 0 0 0 0 0 0 0 1 1 R 0
598 12594 19145 654 19170 631 3264 1 0 0 0 0 0 0 0 0 1 1 R 0
599 12612 17903 723 17948 684 3197 1 0 0 0 0 0 0 0 0 2 1 R 0
600 12637 24353 615 23323 568 7908 1 0 4 0 0 0 0 0 0 2 1 R 0
601 12656 17793 846 17840 807 3556 1 0 0 0 0 0 0 0 0 1 1 R 0
602 12677 20314 651 20336 629 4811 1 0 0 0 0 0 0 0 0 2 1 R 0
603 12699 21790 579 20564 545 4089 1 0 4 0 0 0 0 0 0 1 1 R 0
604 12718 17849 659 17897 630 3106 1 0 0 0 0 0 0 0 0 2 1 R 0
605 12737 19156 1738 19192 1708 4108 1 0 0 0 0 1 0 0 0 1 1 R 0
606 12762 23311 2233 21641 1264 4384 1 0 3 0 3 0 0 0 0 2 1 R 0
607 12784 19239 635 19242 606 3796 1 0 0 0 0 0 0 0 0 1 1 R 0
608 12804 19105 572 19134 548 3866 1 0 0 0 0 0 0 0 0 1 1 R 0
609 12822 17946 674 17978 642 3226 1 0 0 0 0 0 0 0 0 1 1 R 0
610 12846 22790 575 21616 546 3056 1 0 4 0 0 0 0 0 0 2 1 R 0
611 12866 19413 584 19445 552 4306 1 0 0 0 0 0 0 0 0 1 1 R 0
612 12886 19504 621 19534 591 4355 1 0 0 0 0 0 0 0 0 2 1 R 0
613 12909 22692 639 21133 584 4353 1 0 4 0 0 0 0 0 0 1 1 R 0
614 12927 16965 964 17071 870 3204 1 0 0 0 0 0 0 0 0 2 1 R 0
615 12953 25550 557 24308 532 8610 1 0 1 0 0 0 0 0 0 1 1 R 0
616 12975 21686 622 20924 605 3296 1 0 4 0 0 0 0 0 0 2 1 R 0
617 12995 19253 612 19275 581 4402 1 0 0 0 0 0 0 0 0 1 1 R 0
618 13015 19604 623 19652 585 4027 1 0 0 0 0 0 0 0 0 1 1 R 0
619 13034 17964 758 18029 703 3184 1 0 0 0 0 0 0 0 0 2 1 R 0
620 13056 21586 745 20592 669 3731 1 0 4 0 0 0 0 0 0 2 1 R 0
621 13077 19595 574 19628 543 4419 1 0 0 0 0 0 0 0 0 1 1 R 0
622 13096 18977 759 19007 741 4594 1 0 0 0 0 0 0 0 0 1 1 R 0
623 13119 21978 630 20875 589 4146 1 0 4 0 0 0 0 0 0 2 1 R 0
624 13138 18070 707 18115 662 3141 1 0 0 0 0 0 0 0 0 1 1 R 0
625 13159 20862 560 19840 537 4410 1 0 1 0 0 0 0 0 0 2 1 R 0
626 13179 19196 633 19264 562 4036 1 0 0 0 0 0 0 0 0 1 1 R 0
627 13203 23080 575 21630 545 3818 1 0 4 0 0 0 0 0 0 1 1 R 0
628 13220 17068 1195 17119 1186 3136 1 0 0 0 0 0 0 0 0 2 1 R 0
629 13239 17811 732 17820 694 3287 1 0 0 0 0 0 0 0 0 1 1 R 0
630 13267 26510 571 25106 541 6974 1 0 4 0 0 0 0 0 0 2 1 R 0
631 13286 18733 578 18763 547 4326 1 0 0 0 0 0 0 0 0 1 1 R 0
632 13307 20157 581 20189 549 4303 1 0 0 0 0 0 0 0 0 1 1 R 0
633 13329 22093 737 20799 714 5115 1 0 4 0 0 0 0 0 0 1 1 R 0
634 13351 20378 989 20399 977 4468 1 0 0 0 0 0 0 0 0 1 1 R 0
635 13373 21422 560 20391 529 3931 1 0 1 0 0 0 0 0 0 2 1 R 0
636 13395 21822 559 21070 529 3895 1 0 4 0 0 0 0 0 0 1 1 R 0
637 13417 21068 712 21097 681 4852 1 0 0 0 0 0 0 0 0 2 1 R 0
638 13435 17345 718 17416 648 3686 1 0 0 0 0 0 0 0 0 1 1 R 0
639 13457 21684 848 21723 814 6080 1 0 0 0 0 0 0 0 0 2 1 R 0
640 13479 20731 694 19412 637 6485 1 0 4 0 0 0 0 0 0 1 1 R 0
641 13499 19576 555 19603 523 3800 1 0 0 0 0 0 0 0 0 1 1 R 0
642 13519 19414 586 19460 539 3888 1 0 0 0 0 0 0 0 0 2 1 R 0
643 13541 21226 986 19728 970 3510 1 0 4 0 0 0 0 0 0 1 1 R 0
644 13562 20313 623 19344 678 3219 1 0 1 0 0 0 0 0 0 2 1 R 0
645 13586 23075 565 23011 534 7987 1 0 0 0 0 0 0 0 0 1 1 R 0
646 13609 22193 557 21208 527 4367 1 0 4 0 0 0 0 0 0 1 1 R 0
647 13628 18922 748 18989 682 3746 1 0 0 0 0 1 0 0 0 2 1 R 0
648 13648 19103 698 19153 648 3854 1 0 0 0 0 0 0 0 0 2 1 R 0
649 13667 18024 769 18103 706 3619 1 0 0 0 0 0 0 0 0 1 1 R 0
650 13690 22150 585 21105 555 6991 1 0 4 0 0 0 0 0 0 1 1 R 0
651 13710 19942 621 19972 590 3917 1 0 0 0 0 0 0 0 0 1 1 R 0
652 13729 18340 941 18394 924 3924 1 0 0 0 0 0 0 0 0 1 1 R 0
653 13753 23205 567 22102 534 3175 1 0 4 0 0 0 0 0 0 2 1 R 0
654 13774 20041 559 19063 535 3140 1 0 1 0 0 0 0 0 0 1 1 R 0
655 13795 20620 590 20193 553 4078 1 0 1 0 0 0 0 0 0 3 1 R 0
656 13818 21922 615 20979 573 4490 1 0 4 0 0 0 0 0 0 1 1 R 0
657 13836 17922 890 17990 841 3579 1 0 0 0 0 0 0 0 0 1 1 R 0
658 13856 19033 692 19082 648 4184 1 0 0 0 0 0 0 0 0 1 1 R 0
659 13876 19316 903 19407 795 3724 1 0 0 0 0 0 0 0 0 1 1 R 0
660 13901 23482 985 22295 974 11538 1 0 4 0 0 0 0 0 0 2 1 R 0
661 13920 18735 583 18740 554 3803 1 0 0 0 0 0 0 0 0 1 1 R 0
662 13940 18841 682 18883 649 4022 1 0 0 0 0 0 0 0 0 2 1 R 0
663 13966 25492 660 23621 609 3213 1 0 5 0 0 0 0 0 0 2 1 R 0
664 13985 18198 711 18245 668 3510 1 0 0 0 0 0 0 0 0 1 1 R 0
665 14005 19281 589 19307 556 4269 1 0 0 0 0 0 0 0 0 1 1 R 0
666 14027 21527 664 20372 630 3599 1 0 4 0 0 0 0 0 0 2 1 R 0
667 14046 18194 649 18248 616 3610 1 0 0 0 0 0 0 0 0 1 1 R 0
668 14065 18488 719 18528 666 3527 1 0 0 0 0 0 0 0 0 2 1 R 0
669 14087 21174 668 21222 615 3287 1 0 0 0 0 0 0 0 0 2 1 R 0
670 14112 24743 760 23592 720 6438 1 0 4 0 0 0 0 0 0 3 1 R 0
671 14133 19853 552 19878 524 3801 1 0 0 0 0 0 0 0 0 1 1 R 0
672 14153 19182 767 19229 738 3547 1 0 0 0 0 0 0 0 0 2 1 R 0
673 14176 23074 576 20950 546 4452 1 0 5 0 0 0 0 0 0 2 1 R 0
674 14196 18939 775 19007 716 4403 1 0 0 0 0 0 0 0 0 1 1 R 0
675 14219 22428 634 22452 602 8465 1 0 0 0 0 0 0 0 0 2 1 R 0
676 14242 22025 606 20740 581 3503 1 0 4 0 0 0 0 0 0 0 1 R 0
677 14259 16858 715 16907 665 3227 1 0 0 0 0 0 0 0 0 2 1 R 0
678 14278 18064 671 18100 646 3313 1 0 0 0 0 0 0 0 0 1 1 R 0
679 14299 20747 569 20761 536 3851 1 0 0 0 0 0 0 0 0 2 1 R 0
680 14322 21825 549 20625 529 5634 1 0 4 0 0 0 0 0 0 1 1 R 0
681 14344 21665 552 21694 520 4315 1 0 0 0 0 0 0 0 0 2 1 R 0
682 14365 20879 706 19964 634 3223 1 0 1 0 0 0 0 0 0 2 1 R 0
683 14387 20764 587 19722 559 5163 1 0 4 0 0 0 0 0 0 1 1 R 0
684 14407 19479 580 19508 550 4311 1 0 0 0 0 0 0 0 0 1 1 R 0
685 14427 19254 616 19283 585 4410 1 0 0 0 0 0 0 0 0 1 1 R 0
686 14449 21659 566 20151 531 4190 1 0 4 0 0 0 0 0 0 1 1 R 0
687 14470 20377 588 20410 560 3822 1 0 0 0 0 0 0 0 0 2 1 R 0
688 14489 18076 710 18124 664 3129 1 0 0 0 0 0 0 0 0 1 1 R 0
689 14510 20196 588 20225 555 3910 1 0 0 0 0 0 0 0 0 2 1 R 0
690 14535 24788 615 23738 586 12222 1 0 4 0 0 0 0 0 0 1 1 R 0
691 14554 18389 655 18438 622 3089 1 0 0 0 0 0 0 0 0 1 1 R 0
692 14575 19863 668 18897 641 4894 1 0 1 0 0 0 0 0 0 3 1 R 0
693 14597 22194 588 21006 561 3244 1 0 4 0 0 0 0 0 0 1 1 R 0
694 14617 18865 579 18897 547 4358 1 0 0 0 0 0 0 0 0 1 1 R 0
695 14637 19201 592 19228 562 4353 1 0 0 0 0 0 0 0 0 1 1 R 0
696 14659 21886 558 20368 534 4043 1 0 4 0 0 0 0 0 0 1 1 R 0
697 14677 17846 692 17893 651 3330 1 0 0 0 0 0 0 0 0 2 1 R 0
698 14698 20089 568 20111 539 4389 1 0 0 0 0 0 0 0 0 1 1 R 0
699 14718 19652 584 19684 555 4404 1 0 0 0 0 0 0 0 0 2 1 R 0
700 14740 20884 584 19926 554 6500 1 0 4 0 0 0 0 0 0 1 1 R 0
701 14760 19748 2646 19184 976 3499 1 0 2 0 0 0 0 0 0 2 1 R 0
702 14780 17203 692 17240 646 3059 1 0 0 0 0 0 0 0 0 1 1 R 0
703 14804 22875 573 21778 543 3936 1 0 4 0 0 0 0 0 0 2 1 R 0
704 14824 19451 573 19475 548 3976 1 0 0 0 0 0 0 0 0 1 1 R 0
705 14846 22114 725 22278 561 7718 1 0 0 0 0 0 0 0 0 1 1 R 0
706 14868 20455 631 18941 594 3598 1 0 4 0 0 0 0 0 0 2 1 R 0
707 14886 18124 707 18173 647 3535 1 0 0 0 0 0 0 0 0 1 1 R 0
708 14906 18653 1548 18720 1518 4168 1 0 0 0 0 1 0 0 0 2 1 R 0
709 14927 19624 579 19619 558 4536 1 0 0 0 0 0 0 0 0 1 1 R 0
710 14949 21266 721 20244 695 5985 1 0 4 0 0 0 0 0 0 1 1 R 0
711 14969 19812 710 18362 670 3106 1 0 1 0 0 0 0 0 0 2 1 R 0
712 14988 18222 803 18309 717 3148 1 0 0 0 0 0 0 0 0 2 1 R 0
713 15012 22694 598 21165 577 3858 1 0 4 0 0 0 0 0 0 1 1 R 0
714 15032 19803 695 19827 681 3881 1 0 0 0 0 0 0 0 0 1 1 R 0
715 15052 19017 595 19047 553 3564 1 0 0 0 0 0 0 0 0 2 1 R 0
716 15070 17911 2914 18011 2027 3156 1 0 0 0 1 0 0 0 0 1 1 R 0
717 15094 20487 569 19717 536 3561 1 0 3 0 0 0 0 0 0 1 1 R 0
718 15114 19832 560 19861 533 4086 1 0 0 0 0 0 0 0 0 2 1 R 0
719 15134 18966 587 18994 561 3835 1 0 0 0 0 0 0 0 0 1 1 R 0
720 15158 24098 595 22897 559 9173 1 0 4 0 0 0 0 0 0 1 1 R 0
721 15178 19405 712 18369 678 5456 1 0 1 0 0 0 0 0 0 2 1 R 0
722 15198 19311 873 19399 797 3511 1 0 0 0 0 0 0 0 0 2 1 R 0
723 15221 21391 974 20271 956 3894 1 0 4 0 0 0 0 0 0 1 1 R 0
724 15241 19069 1103 19087 1083 3834 1 0 0 0 0 0 0 0 0 1 1 R 0
725 15260 18327 581 18344 554 3917 1 0 0 0 0 0 0 0 0 1 1 R 0
726 15281 19868 1452 19891 1320 4105 1 0 0 0 2 0 0 0 0 2 1 R 0
727 15303 20543 564 19067 533 3155 1 0 2 0 0 0 0 0 0 1 1 R 0
728 15323 19630 553 19658 526 3928 1 0 0 0 0 0 0 0 0 1 1 R 0
729 15342 19160 564 19190 533 3830 1 0 0 0 0 0 0 0 0 1 1 R 0
730 15367 23698 551 21255 527 4113 1 0 5 0 0 0 0 0 0 2 1 R 0
731 15385 17712 691 17770 633 3537 1 0 0 0 0 0 0 0 0 2 1 R 0
732 15404 18384 746 18439 706 4546 1 0 0 0 0 0 0 0 0 1 1 R 0
733 15429 24017 568 22990 540 5496 1 0 4 0 0 0 0 0 0 2 1 R 0
734 15449 19493 564 19524 531 3891 1 0 0 0 0 0 0 0 0 1 1 R 0
735 15472 22487 667 22512 643 6849 1 0 0 0 0 0 0 0 0 1 1 R 0
736 15491 18005 2954 18083 1975 3063 1 0 0 0 2 0 0 0 0 2 1 R 0
737 15514 20273 722 19287 693 3095 1 0 2 0 0 0 0 0 0 1 1 R 0
738 15534 19097 571 19129 538 3901 1 0 0 0 0 0 0 0 0 1 1 R 0
739 15554 19558 571 19587 545 3888 1 0 0 0 0 0 0 0 0 2 1 R 0
740 15579 24158 570 21797 542 3775 1 0 5 0 0 1 0 0 0 1 1 R 0
741 15597 17942 701 17984 671 3414 1 0 0 0 0 0 0 0 0 1 1 R 0
742 15618 19885 603 19898 577 3886 1 0 0 0 0 0 0 0 0 2 1 R 0
743 15640 21825 592 20189 562 5196 1 0 5 0 0 0 0 0 0 1 1 R 0
744 15660 19394 573 19419 543 4074 1 0 0 0 0 0 0 0 0 2 1 R 0
745 15679 18213 709 18262 673 3562 1 0 0 0 0 0 0 0 0 1 1 R 0
746 15698 18411 788 18465 724 3327 1 0 0 0 0 0 0 0 0 2 1 R 0
747 15720 20768 766 19866 696 6034 1 0 4 0 0 0 0 0 0 1 1 R 0
748 15740 19264 569 19294 543 3865 1 0 0 0 0 0 0 0 0 2 1 R 0
749 15759 19165 575 19195 541 3876 1 0 0 0 0 0 0 0 0 0 1 R 0
750 15787 27431 575 25092 548 8108 1 0 6 0 0 0 0 0 0 2 1 R 0
751 15805 17593 707 17662 656 3669 1 0 0 0 0 0 0 0 0 2 1 R 0
752 15826 20121 627 20132 597 5173 1 0 0 0 0 0 0 0 0 1 1 R 0
753 15848 21514 593 20256 562 4448 1 0 4 0 0 0 0 0 0 1 1 R 0
754 15868 19282 562 19309 535 3934 1 0 0 0 0 0 0 0 0 1 1 R 0
755 15887 17667 678 17721 645 3540 1 0 0 0 0 0 0 0 0 2 1 R 0
756 15906 19027 716 19072 664 4208 1 0 0 0 0 0 0 0 0 1 1 R 0
757 15928 21012 1190 20223 1037 5401 1 0 4 0 0 0 0 0 0 2 1 R 0
758 15948 19257 586 19283 557 3833 1 0 0 0 0 0 0 0 0 2 1 R 0
759 15970 20978 634 20038 609 4250 1 0 1 0 0 0 0 0 0 1 1 R 0
760 15992 21339 666 20253 621 3093 1 0 4 0 0 0 0 0 0 1 1 R 0
761 16012 19755 551 19782 524 3987 1 0 0 0 0 0 0 0 0 2 1 R 0
762 16032 19102 573 19129 548 3552 1 0 0 0 0 0 0 0 0 1 1 R 0
763 16054 21182 658 20430 645 3819 1 0 4 0 0 0 0 0 0 1 1 R 0
764 16074 19155 567 19175 540 3913 1 0 0 0 0 0 0 0 0 1 1 R 0
765 16096 21539 619 21583 584 6742 1 0 0 0 0 0 0 0 0 1 1 R 0
766 16114 17770 671 17809 621 3603 1 0 0 0 0 0 0 0 0 3 1 R 0
767 16137 22337 593 21120 561 3529 1 0 4 0 0 0 0 0 0 1 1 R 0
768 16157 19262 589 19292 559 4494 1 0 0 0 0 0 0 0 0 1 1 R 0
769 16178 20329 574 18812 549 3693 1 0 1 0 0 0 0 0 0 1 1 R 0
770 16200 21446 560 19971 530 3790 1 0 4 0 0 0 0 0 0 2 1 R 0
771 16219 18388 694 18456 636 3424 1 0 0 0 0 0 0 0 0 1 1 R 0
772 16239 19798 577 19820 548 3866 1 0 0 0 0 0 0 0 0 1 1 R 0
773 16259 19321 844 19353 818 3859 1 0 0 0 0 0 0 0 0 2 1 R 0
774 16283 22652 571 21263 545 5205 1 0 4 0 0 0 0 0 0 1 1 R 0
775 16301 17379 1314 17431 1283 3068 1 0 0 0 0 0 0 0 0 2 1 R 0
776 16319 17354 768 17369 745 3361 1 0 0 0 0 0 0 0 0 1 1 R 0
777 16344 23381 566 21880 536 3512 1 0 4 0 0 0 0 0 0 2 1 R 0
778 16363 18908 671 18932 653 4136 1 0 0 0 0 0 0 0 0 1 1 R 0
779 16388 24039 597 22485 564 3615 1 0 1 0 0 0 0 0 0 1 1 R 0
780 16414 25654 581 24128 550 6867 1 0 4 0 0 0 0 0 0 2 1 R 0
781 16435 20306 564 20339 535 3422 1 0 0 0 0 0 0 0 0 1 1 R 0
782 16455 19530 579 19558 551 4541 1 0 0 0 0 0 0 0 0 1 1 R 0
783 16478 22406 566 21617 538 4306 1 0 4 0 0 0 0 0 0 2 1 R 0
784 16498 19131 572 19159 542 3940 1 0 0 0 0 0 0 0 0 1 1 R 0
785 16516 17838 668 17884 634 3686 1 0 0 0 0 0 0 0 0 2 1 R 0
786 16535 18616 668 18655 635 4239 1 0 0 0 0 0 0 0 0 2 1 R 0
787 16558 22195 655 20972 606 7168 1 0 4 0 0 0 0 0 0 1 1 R 0
788 16579 20206 591 19127 561 4683 1 0 1 0 0 0 0 0 0 1 1 R 0
789 16598 18755 863 18825 817 3658 1 0 0 0 0 0 0 0 0 2 1 R 0
790 16620 20623 730 18833 659 3524 1 0 4 0 0 0 0 0 0 2 1 R 0
791 16638 17721 670 17763 622 3295 1 0 0 0 0 0 0 0 0 1 1 R 0
792 16659 20500 558 20524 528 3904 1 0 0 0 0 0 0 0 0 2 1 R 0
793 16679 19209 776 19241 760 3954 1 0 0 0 0 0 0 0 0 1 1 R 0
794 16701 20889 1016 19946 988 5561 1 0 4 0 0 0 0 0 0 2 1 R 0
795 16724 21945 566 21960 536 6802 1 0 0 0 0 0 0 0 0 1 1 R 0
796 16745 20376 553 20009 523 4102 1 0 1 0 0 0 0 0 0 1 1 R 0
797 16767 21118 588 19896 553 5371 1 0 4 0 0 0 0 0 0 1 1 R 0
798 16788 20802 575 19668 547 4345 1 0 1 0 0 0 0 0 0 2 1 R 0
799 16806 17768 787 17833 718 3585 1 0 0 0 0 0 0 0 0 1 1 R 0
800 16828 21298 697 19782 634 4346 1 0 4 0 0 0 0 0 0 2 1 R 0
801 16849 20035 581 20059 552 3175 1 0 0 0 0 0 0 0 0 2 1 R 0
802 16869 18925 591 18955 566 3884 1 0 0 0 0 0 0 0 0 1 1 R 0
803 16888 19182 581 19209 549 4353 1 0 0 0 0 0 0 0 0 0 1 R 0
804 16909 19733 802 18931 748 5713 1 0 4 0 0 0 0 0 0 2 1 R 0
805 16928 18133 655 18161 616 3304 1 0 0 0 0 0 0 0 0 2 1 R 0
806 16947 19048 787 19106 738 3945 1 0 0 0 0 0 0 0 0 2 1 R 0
807 16970 21602 570 20124 547 4293 1 0 4 0 0 0 0 0 0 1 1 R 0
808 16991 20835 975 20170 563 5369 1 0 1 0 0 0 0 0 0 1 1 R 0
809 17010 18245 792 18343 992 3679 1 0 0 0 0 0 0 0 0 2 1 R 0
810 17035 23739 1422 22673 1425 6312 1 0 4 0 0 1 0 0 0 1 1 R 0
811 17056 20060 564 20069 536 4029 1 0 0 0 0 0 0 0 0 1 1 R 0
812 17076 18880 571 18908 542 4346 1 0 0 0 0 0 0 0 0 1 1 R 0
813 17096 19565 567 19593 540 4247 1 0 0 0 0 0 0 0 0 2 1 R 0
814 17117 20478 798 19474 735 4979 1 0 4 0 0 0 0 0 0 1 1 R 0
815 17135 17453 700 17514 654 3537 1 0 0 0 0 0 0 0 0 2 1 R 0
816 17157 20750 560 20755 534 4455 1 0 0 0 0 0 0 0 0 1 1 R 0
817 17180 22602 732 20672 565 4633 1 0 5 0 0 0 0 0 0 1 1 R 0
818 17199 18845 578 18879 547 3409 1 0 0 0 0 0 0 0 0 2 1 R 0
819 17218 18172 676 18219 636 3101 1 0 0 0 0 0 0 0 0 2 1 R 0
820 17237 18463 685 18515 625 4077 1 0 0 0 0 0 0 0 0 1 1 R 0
821 17259 21132 624 20113 582 5778 1 0 4 0 0 0 0 0 0 1 1 R 0
822 17279 19320 554 19344 523 4103 1 0 0 0 0 0 0 0 0 1 1 R 0
823 17299 19323 586 19354 556 3857 1 0 0 0 0 0 0 0 0 1 1 R 0
824 17322 22569 644 21476 591 3392 1 0 4 0 0 0 0 0 0 2 1 R 0
825 17344 21565 667 21602 633 6614 1 0 0 0 0 0 0 0 0 2 1 R 0
826 17365 19795 798 19822 774 3932 1 0 0 0 0 0 0 0 0 1 1 R 0
827 17389 23231 581 21239 549 4380 1 0 5 0 0 0 0 0 0 1 1 R 0
828 17409 19251 761 19299 722 4360 1 0 0 0 0 0 0 0 0 1 1 R 0
829 17427 17540 644 17574 602 3630 1 0 0 0 0 0 0 0 0 2 1 R 0
830 17446 18457 884 18513 873 4244 1 0 0 0 0 0 0 0 0 1 1 R 0
831 17469 21743 606 20365 574 6820 1 0 4 0 0 0 0 0 0 1 1 R 0
832 17489 19525 574 19553 545 4362 1 0 0 0 0 0 0 0 0 2 1 R 0
833 17510 20441 576 20472 540 3766 1 0 0 0 0 1 0 0 0 1 1 R 0
834 17533 22730 719 21824 656 3310 1 0 4 0 0 0 0 0 0 2 1 R 0
835 17553 19026 662 19060 625 3119 1 0 0 0 0 0 0 0 0 2 1 R 0
836 17573 19800 608 19821 578 4064 1 0 0 0 0 0 0 0 0 1 1 R 0
837 17597 23542 641 21449 596 5505 1 0 5 0 0 0 0 0 0 1 1 R 0
838 17617 18941 591 18978 556 4228 1 0 0 0 0 0 0 0 0 1 1 R 0
839 17635 17386 681 17433 644 3531 1 0 0 0 0 0 0 0 0 2 1 R 0
840 17658 22378 653 22479 540 7535 1 0 0 0 0 0 0 0 0 2 1 R 0
841 17680 20938 712 19804 691 6321 1 0 4 0 0 0 0 0 0 1 1 R 0
842 17699 18984 814 19007 780 3847 1 0 0 0 0 0 0 0 0 1 1 R 0
843 17720 19757 563 19786 536 3614 1 0 0 0 0 0 0 0 0 2 1 R 0
844 17743 22407 595 21212 561 3168 1 0 4 0 0 0 0 0 0 1 1 R 0
845 17762 18858 696 18921 642 3587 1 0 0 0 0 0 0 0 0 2 1 R 0
846 17784 21291 539 19428 518 3147 1 0 2 0 0 0 0 0 0 1 1 R 0
847 17807 21724 586 20747 553 3900 1 0 4 0 0 0 0 0 0 1 1 R 0
848 17826 19104 616 19136 588 4086 1 0 0 0 0 0 0 0 0 2 1 R 0
849 17844 17489 658 17540 619 3603 1 0 0 0 0 0 0 0 0 1 1 R 0
850 17864 19224 777 19305 699 3474 1 0 0 0 0 0 0 0 0 2 1 R 0
851 17887 22034 587 21050 557 3376 1 0 4 0 0 0 0 0 0 2 1 R 0
852 17907 19214 569 19243 538 4337 1 0 0 0 0 0 0 0 0 1 1 R 0
853 17926 18754 706 18810 654 3809 1 0 0 0 0 0 0 0 0 1 1 R 0
854 17948 21375 689 19953 646 3903 1 0 4 0 0 0 0 0 0 2 1 R 0
855 17975 25568 752 25625 690 8623 1 0 0 0 0 0 0 0 0 2 1 R 0
856 17996 20262 575 19287 547 3909 1 0 1 0 0 0 0 0 0 2 1 R 0
857 18018 21796 572 20741 538 4481 1 0 4 0 0 0 0 0 0 1 1 R 0
858 18037 18565 1052 18650 986 3764 1 0 0 0 0 0 0 0 0 2 1 R 0
859 18056 17582 737 17660 650 3507 1 0 0 0 0 0 0 0 0 1 1 R 0
860 18076 19909 759 19967 705 4314 1 0 0 0 0 0 0 0 0 2 1 R 0
861 18099 21478 584 20189 556 6614 1 0 4 0 0 0 0 0 0 1 1 R 0
862 18118 19019 575 19045 551 4321 1 0 0 0 0 0 0 0 0 1 1 R 0
863 18138 19523 573 19549 546 3984 1 0 0 0 0 0 0 0 0 2 1 R 0
864 18160 21269 599 19723 555 3521 1 0 4 0 0 0 0 0 0 2 1 R 0
865 18181 19775 1169 19799 1200 3717 1 0 0 0 1 0 0 0 0 1 1 R 0
866 18202 20557 556 19144 530 3893 1 0 0 0 0 0 0 0 0 1 1 R 0
867 18224 21279 1026 20700 690 3708 1 0 3 0 1 0 0 0 0 1 1 R 0
868 18244 18910 677 18947 640 3372 1 0 0 0 0 0 0 0 0 1 1 R 0
869 18263 18687 751 18766 670 3071 1 0 0 0 0 0 0 0 0 3 1 R 0
870 18286 22268 581 22296 553 7596 1 0 0 0 0 0 0 0 0 1 1 R 0
871 18308 21447 591 20277 561 6361 1 0 4 0 0 0 0 0 0 1 1 R 0
872 18330 21115 571 21143 549 3920 1 0 0 0 0 0 0 0 0 1 1 R 0
873 18351 19927 976 19954 949 3789 1 0 0 0 0 0 0 0 0 1 1 R 0
874 18373 21682 1780 20590 1829 3110 1 0 4 0 0 0 0 0 0 3 1 R 0
875 18397 21796 570 20664 540 4666 1 0 1 0 0 0 0 0 0 1 1 R 0
876 18417 19894 580 19925 553 4373 1 0 0 0 0 0 0 0 0 1 1 R 0
877 18440 21745 585 20321 550 4209 1 0 4 0 0 0 0 0 0 1 1 R 0
878 18458 17595 717 17687 649 3067 1 0 0 0 0 0 0 0 0 2 1 R 0
879 18478 19330 696 19368 639 4607 1 0 0 0 0 0 0 0 0 2 1 R 0
880 18499 20511 583 20539 554 3899 1 0 0 0 0 0 0 0 0 1 1 R 0
881 18522 22729 556 21427 528 5655 1 0 4 0 0 0 0 0 0 1 1 R 0
882 18541 17697 1820 17818 1710 3400 1 0 0 0 0 0 0 0 0 1 1 R 0
883 18560 17713 706 17752 659 3518 1 0 0 0 0 0 0 0 0 2 1 R 0
884 18584 22577 560 21426 531 3177 1 0 4 0 0 0 0 0 0 2 1 R 0
885 18608 23675 588 22090 557 8955 1 0 1 0 0 0 0 0 0 1 1 R 0
886 18627 19032 600 19060 570 4458 1 0 0 0 0 0 0 0 0 1 1 R 0
887 18650 22098 596 20411 565 4222 1 0 4 0 0 0 0 0 0 1 1 R 0
888 18669 17980 707 18042 653 3102 1 0 0 0 0 0 0 0 0 2 1 R 0
889 18688 18171 679 18223 620 3264 1 0 0 0 0 0 0 0 0 2 1 R 0
890 18709 20712 631 20738 611 5235 1 0 0 0 0 0 0 0 0 1 1 R 0
891 18732 22309 592 21158 551 6235 1 0 4 0 0 0 0 0 0 1 1 R 0
892 18753 20282 553 19876 526 3180 1 0 1 0 0 0 0 0 0 1 1 R 0
893 18771 17270 1301 17333 1256 3082 1 0 0 0 0 0 0 0 0 3 1 R 0
894 18796 24107 765 21511 747 3768 1 0 5 0 0 0 0 0 0 2 1 R 0
895 18816 19090 580 19111 549 4293 1 0 0 0 0 0 0 0 0 1 1 R 0
896 18836 19834 607 19860 583 4324 1 0 0 0 0 0 0 0 0 0 1 R 0
897 18859 21690 569 20256 539 3670 1 0 4 0 0 0 0 0 0 2 1 R 0
898 18877 18299 1021 18360 963 3858 1 0 0 0 0 0 0 0 0 1 1 R 0
899 18899 20984 580 20053 552 5474 1 0 1 0 0 0 0 0 0 2 1 R 0
900 18925 24835 553 24062 534 8145 1 0 4 0 0 0 0 0 0 1 1 R 0
901 18945 19311 618 19338 585 4412 1 0 0 0 0 0 0 0 0 1 1 R 0
902 18964 18722 652 18766 608 3117 1 0 0 0 0 0 0 0 0 1 1 R 0
903 18983 18614 674 18659 635 3109 1 0 0 0 0 0 0 0 0 3 1 R 0
904 19007 23416 589 21143 556 7875 1 0 5 0 0 0 0 0 0 1 1 R 0
905 19027 19417 591 19444 562 4390 1 0 0 0 0 0 0 0 0 1 1 R 0
906 19048 19744 562 19774 532 4447 1 0 0 0 0 0 0 0 0 2 1 R 0
907 19069 21102 658 19353 634 3554 1 0 4 0 0 0 0 0 0 2 1 R 0
908 19088 18123 712 18146 691 3138 1 0 0 0 0 0 0 0 0 0 1 R 0
909 19109 20436 570 20442 543 4890 1 0 0 0 0 0 0 0 0 3 1 R 0
910 19129 19049 887 19129 806 4046 1 0 0 0 0 0 0 0 0 1 1 R 0
911 19152 22170 560 21177 531 5935 1 0 4 0 0 0 0 0 0 0 1 R 0
912 19170 17350 2175 17410 2152 3101 1 0 0 0 0 1 0 0 0 1 1 R 0
913 19193 20437 610 19000 574 3114 1 0 1 0 0 0 0 0 0 3 1 R 0
914 19215 21909 632 20464 603 4171 1 0 4 0 0 0 0 0 0 1 1 R 0
915 19238 21970 585 22002 553 8344 1 0 0 0 0 0 0 0 0 1 1 R 0
916 19258 19550 569 19587 531 3801 1 0 0 0 0 0 0 0 0 2 1 R 0
917 19280 21255 705 19710 682 4033 1 0 4 0 0 0 0 0 0 1 1 R 0
918 19298 17893 704 17929 664 3141 1 0 0 0 0 0 0 0 0 1 1 R 0
919 19319 19822 575 19850 547 4723 1 0 0 0 0 0 0 0 0 1 1 R 0
920 19339 19943 568 19970 538 3914 1 0 0 0 0 0 0 0 0 1 1 R 0
921 19360 20598 580 19720 554 5670 1 0 4 0 0 0 0 0 0 2 1 R 0
922 19378 17424 705 17481 664 3373 1 0 0 0 0 0 0 0 0 1 1 R 0
923 19401 21358 1456 19925 1440 3060 1 0 1 0 0 0 0 0 0 2 1 R 0
924 19423 21357 579 19676 552 3858 1 0 4 0 0 0 0 0 0 1 1 R 0
925 19444 19840 624 19863 598 3915 1 0 0 0 0 0 0 0 0 3 1 R 0
926 19464 19293 776 19346 820 3603 1 0 0 0 0 1 0 0 0 1 1 R 0
927 19487 22259 542 20306 532 3037 1 0 4 0 0 0 0 0 0 1 1 R 0
928 19506 18401 683 18440 651 3454 1 0 0 0 0 0 0 0 0 2 1 R 0
929 19526 19923 560 19936 529 4407 1 0 0 0 0 0 0 0 0 1 1 R 0
930 19549 21960 585 21997 550 8383 1 0 0 0 0 0 0 0 0 1 1 R 0
931 19572 22508 611 21518 579 5786 1 0 4 0 0 0 0 0 0 2 1 R 0
932 19590 17356 700 17422 632 3276 1 0 0 0 0 0 0 0 0 1 1 R 0
933 19612 21964 549 20306 523 3234 1 0 1 0 0 0 0 0 0 2 1 R 0
934 19635 21642 679 20002 644 3877 1 0 4 0 0 0 0 0 0 1 1 R 0
935 19655 19296 569 19318 541 3859 1 0 0 0 0 0 0 0 0 1 1 R 0
936 19673 18258 658 18300 622 3238 1 0 0 0 0 0 0 0 0 2 1 R 0
937 19697 22636 535 21133 516 3319 1 0 4 0 0 0 0 0 0 1 1 R 0
938 19715 17669 794 17733 733 3522 1 0 0 0 0 0 0 0 0 2 1 R 0
939 19736 20632 583 20657 553 5494 1 0 0 0 0 0 0 0 0 1 1 R 0
940 19757 19923 567 19949 542 4466 1 0 0 0 0 0 0 0 0 1 1 R 0
941 19778 20718 674 19822 607 5495 1 0 4 0 0 0 0 0 0 2 1 R 0
942 19800 20765 759 19073 722 4385 1 0 2 0 0 0 0 0 0 2 1 R 0
943 19820 19397 723 19439 672 3469 1 0 0 0 0 0 0 0 0 1 1 R 0
944 19846 25378 847 23446 802 3934 1 0 4 0 0 0 0 0 0 3 1 R 0
945 19870 22750 575 22760 539 7610 1 0 0 0 0 0 0 0 0 1 1 R 0
946 19888 17464 766 17514 722 3188 1 0 0 0 0 0 0 0 0 2 1 R 0
947 19911 22762 934 21229 919 4174 1 0 4 0 0 0 0 0 0 2 1 R 0
948 19931 18932 995 18950 972 3811 1 0 0 0 0 0 0 0 0 1 1 R 0
949 19952 19961 594 19978 568 3830 1 0 0 0 0 0 0 0 0 1 1 R 0
950 19971 18313 1171 18344 1154 3830 1 0 0 0 1 0 0 0 0 1 1 R 0
951 19994 21976 585 20190 556 3116 1 0 3 0 0 0 0 0 0 2 1 R 0
952 20014 19672 762 18038 721 3180 1 0 1 0 0 0 0 0 0 2 1 R 0
953 20035 19617 568 19651 529 3784 1 0 0 0 0 0 0 0 0 1 1 R 0
954 20056 21147 589 19899 556 3904 1 0 4 0 0 0 0 0 0 1 1 R 0
955 20077 19723 571 19752 539 3792 1 0 0 0 0 0 0 0 0 1 1 R 0
956 20094 16930 739 16978 696 3677 1 0 0 0 0 0 0 0 0 2 1 R 0
957 20118 22970 558 21803 537 4683 1 0 4 0 0 0 0 0 0 1 1 R 0
958 20138 19465 582 19493 553 4349 1 0 0 0 0 0 0 0 0 2 1 R 0
959 20157 18970 653 19013 620 4287 1 0 0 0 0 0 0 0 0 1 1 R 0
960 20180 21693 711 21716 680 7545 1 0 0 0 0 0 0 0 0 1 1 R 0
961 20204 23371 652 20651 608 4342 1 0 5 0 0 0 0 0 0 2 1 R 0
962 20223 18015 643 18070 597 3016 1 0 0 0 0 0 0 0 0 1 1 R 0
963 20243 19582 577 19609 546 3982 1 0 0 0 0 0 0 0 0 2 1 R 0
964 20265 22109 582 20539 552 4094 1 0 4 0 0 0 0 0 0 1 1 R 0
965 20285 19484 769 19574 678 4188 1 0 0 0 0 0 0 0 0 1 1 R 0
966 20304 17615 828 17709 734 3121 1 0 0 0 0 0 0 0 0 2 1 R 0
967 20327 22445 547 21240 530 3648 1 0 4 0 0 0 0 0 0 1 1 R 0
968 20347 19558 591 19582 566 4444 1 0 0 0 0 0 0 0 0 2 1 R 0
969 20367 19116 576 19143 549 4279 1 0 0 0 0 0 0 0 0 1 1 R 0
970 20388 20303 738 20369 682 4031 1 0 0 0 0 0 0 0 0 1 1 R 0
971 20412 23315 814 21027 760 6044 1 0 5 0 0 0 0 0 0 2 1 R 0
972 20431 17851 1081 17887 1064 3070 1 0 0 0 0 0 0 0 0 2 1 R 0
973 20450 18819 628 18827 598 3899 1 0 0 0 0 0 0 0 0 1 1 R 0
974 20473 22223 564 20538 535 3865 1 0 4 0 0 0 0 0 0 1 1 R 0
975 20495 21135 606 21196 546 6714 1 0 0 0 0 0 0 0 0 2 1 R 0
976 20515 19364 658 19424 606 4183 1 0 0 0 0 0 0 0 0 2 1 R 0
977 20537 21536 663 20240 630 3089 1 0 4 0 0 0 0 0 0 1 1 R 0
978 20557 18853 574 18875 547 4189 1 0 0 0 0 0 0 0 0 1 1 R 0
979 20577 19427 576 19455 547 4363 1 0 0 0 0 0 0 0 0 1 1 R 0
980 20595 17390 687 17440 653 3833 1 0 0 0 0 0 0 0 0 2 1 R 0
981 20618 22782 727 20663 663 7505 1 0 5 0 0 0 0 0 0 2 1 R 0
982 20639 19786 571 19807 543 4333 1 0 0 0 0 0 0 0 0 1 1 R 0
983 20658 18851 654 18919 585 4324 1 0 0 0 0 0 0 0 0 1 1 R 0
984 20681 22377 909 21215 531 5201 1 0 5 0 0 0 0 0 0 1 1 R 0
985 20699 17116 712 17180 659 3274 1 0 0 0 0 0 0 0 0 3 1 R 0
986 20718 18587 681 18633 631 3062 1 0 0 0 0 0 0 0 0 1 1 R 0
987 20737 18114 698 18161 647 4174 1 0 0 0 0 0 0 0 0 2 1 R 0
988 20760 22577 569 21373 543 7584 1 0 4 0 0 0 0 0 0 1 1 R 0
989 20780 19205 574 19228 549 3881 1 0 0 0 0 0 0 0 0 1 1 R 0
990 20804 23426 663 21762 621 6028 1 0 1 0 0 0 0 0 0 2 1 R 0
991 20826 20861 1047 19811 1014 3088 1 0 4 0 0 0 0 0 0 1 1 R 0
992 20846 19130 867 19163 867 4638 1 0 0 0 0 0 0 0 0 1 1 R 0
993 20866 19113 563 19104 531 4357 1 0 0 0 0 0 0 0 0 1 1 R 0
994 20889 21985 573 20931 546 4403 1 0 4 0 0 0 0 0 0 2 1 R 0
995 20908 18880 568 18903 545 4246 1 0 0 0 0 0 0 0 0 1 1 R 0
996 20928 19305 584 19336 552 4527 1 0 0 0 0 0 0 0 0 2 1 R 0
997 20948 19427 597 19455 568 4267 1 0 0 0 0 0 0 0 0 1 1 R 0
998 20969 20828 852 19624 822 6656 1 0 4 0 0 0 0 0 0 1 1 R 0
999 20990 19682 571 19713 540 3673 1 0 0 0 0 0 0 0 0 1 1 R 0
1000 21010 20075 576 19078 542 3831 1 0 1 0 0 0 0 0 0 1 1 R 0
1001 21034 22473 572 21427 540 3213 1 0 4 0 0 0 0 0 0 1 1 R 0
1002 21053 19076 605 19102 575 3902 1 0 0 0 0 0 0 0 0 1 1 R 0
1003 21073 19416 582 19448 549 3858 1 0 0 0 0 0 0 0 0 2 1 R 0
1004 21096 21927 566 21025 539 3866 1 0 4 0 0 0 0 0 0 1 1 R 0
1005 21118 21683 579 21709 552 7039 1 0 0 0 0 0 0 0 0 2 1 R 0
1006 21138 19692 572 19721 545 4487 1 0 0 0 0 0 0 0 0 1 1 R 0
1007 21158 19119 574 19141 549 4355 1 0 0 0 0 0 0 0 0 1 1 R 0
1008 21180 21746 576 20600 551 6848 1 0 4 0 0 0 0 0 0 1 1 R 0
1009 21200 19276 577 19305 547 3835 1 0 0 0 0 0 0 0 0 1 1 R 0
1010 21221 20280 991 19165 972 5376 1 0 1 0 0 0 0 0 0 1 1 R 0
1011 21243 21399 640 19906 613 3861 1 0 4 0 0 0 0 0 0 1 1 R 0
1012 21263 18904 708 18933 689 4082 1 0 0 0 0 0 0 0 0 1 1 R 0
1013 21283 19373 567 19393 538 3805 1 0 0 0 0 0 0 0 0 2 1 R 0
1014 21305 21407 605 20656 593 3854 1 0 4 0 0 0 0 0 0 1 1 R 0
1015 21325 19484 1234 19508 1216 4320 1 0 0 0 0 1 0 0 0 1 1 R 0
1016 21346 19604 628 19655 568 4575 1 0 0 0 0 0 0 0 0 1 1 R 0
1017 21366 19843 602 19872 570 4275 1 0 0 0 0 0 0 0 0 1 1 R 0
1018 21388 21213 622 20060 594 6482 1 0 4 0 0 0 0 0 0 1 1 R 0
1019 21410 21560 585 20338 556 3615 1 0 1 0 0 1 0 0 0 2 1 R 0
1020 21433 22591 582 22623 550 7397 1 0 0 0 0 0 0 0 0 1 1 R 0
1021 21456 21430 588 19721 556 3784 1 0 4 0 0 0 0 0 0 1 1 R 0
1022 21476 19857 568 19883 539 4318 1 0 0 0 0 0 0 0 0 1 1 R 0
1023 21496 19533 788 19568 776 4597 1 0 0 0 0 0 0 0 0 1 1 R 0
1024 21519 21958 572 20908 540 4281 1 0 4 0 0 0 0 0 0 2 1 R 0
1025 21538 18958 604 18986 574 4326 1 0 0 0 0 0 0 0 0 1 1 R 0
1026 21558 18692 577 18723 549 3728 1 0 0 0 0 0 0 0 0 1 1 R 0
1027 21577 19060 613 19106 569 4456 1 0 0 0 0 0 0 0 0 2 1 R 0
1028 21599 21308 587 20109 557 6550 1 0 4 0 0 0 0 0 0 1 1 R 0
1029 21620 19763 908 18845 837 3249 1 0 1 0 0 0 0 0 0 1 1 R 0
1030 21638 17454 737 17485 696 3012 1 0 0 0 0 0 0 0 0 2 1 R 0
1031 21661 22133 1830 21161 1845 4293 1 0 4 0 0 0 0 0 0 2 1 R 0
1032 21682 19353 537 19291 509 3858 1 0 0 0 0 0 0 0 0 1 1 R 0
1033 21702 19063 698 19096 673 3842 1 0 0 0 0 0 0 0 0 1 1 R 0
1034 21719 17031 688 17085 640 3166 1 0 0 0 0 0 0 0 0 2 1 R 0
1035 21746 25849 581 24096 554 7264 1 0 4 0 0 0 0 0 0 2 1 R 0
1036 21766 19429 569 19456 541 3884 1 0 0 0 0 0 0 0 0 1 1 R 0
1037 21787 20397 586 19960 556 4288 1 0 1 0 0 0 0 0 0 1 1 R 0
1038 21810 22612 651 20706 615 5872 1 0 5 0 0 0 0 0 0 2 1 R 0
1039 21828 17636 667 17693 619 3190 1 0 0 0 0 0 0 0 0 1 1 R 0
1040 21848 18993 770 19025 728 3365 1 0 0 0 0 0 0 0 0 2 1 R 0
1041 21876 26924 4418 23042 1318 4350 1 0 7 0 0 0 0 0 0 2 1 S 1
1042 21908 27454 669 20765 647 6039 1 0 3 0 0 0 0 0 0 1 1 R 1
1043 21929 20329 715 19978 687 5187 1 0 1 0 0 0 0 0 0 2 1 R 0
1044 21952 23136 608 22193 585 4190 1 0 4 0 0 0 0 0 0 2 1 R 0
1045 21972 19128 560 19147 538 3716 1 0 0 0 0 0 0 0 0 1 1 R 0
1046 21991 18341 1026 18377 1006 3860 1 0 0 0 0 0 0 0 0 1 1 R 0
1047 22017 25219 680 21770 640 3915 1 0 6 0 0 0 0 0 0 1 1 R 0
1048 22035 17369 687 17405 660 3900 1 0 0 0 0 0 0 0 0 2 1 R 0
1049 22054 18208 898 18284 814 4150 1 0 0 0 0 0 0 0 0 2 1 R 0
1050 22081 25858 1017 24967 999 9338 1 0 4 0 0 0 0 0 0 2 1 R 0
1051 22101 18997 1128 19061 1067 3810 1 0 0 0 0 0 0 0 0 1 1 R 0
1052 22121 18686 955 18710 932 3964 1 0 0 0 0 0 0 0 0 1 1 R 0
1053 22139 16883 668 16912 623 3037 1 0 0 0 0 0 0 0 0 2 1 R 0
1054 22161 21447 1600 20178 1569 3262 1 0 4 0 0 0 0 0 0 2 1 R 0
1055 22180 17511 933 17753 679 3090 1 0 0 0 0 0 0 0 0 1 1 R 0
1056 22200 19473 1400 19508 1393 3867 1 0 0 0 0 0 0 0 0 1 1 R 0
1057 22225 23340 582 20944 552 3740 1 0 5 0 0 0 0 0 0 1 1 R 0
1058 22243 17782 665 17830 623 3325 1 0 0 0 0 0 0 0 0 2 1 R 0
1059 22264 19539 709 19574 671 4027 1 0 0 0 0 0 0 0 0 2 1 R 0
1060 22287 22508 552 21734 530 3884 1 0 4 0 0 0 0 0 0 1 1 R 0
1061 22307 19146 635 19176 607 4361 1 0 0 0 0 0 0 0 0 1 1 R 0
1062 22327 20006 588 20030 562 4321 1 0 0 0 0 0 0 0 0 1 1 R 0
1063 22346 17938 641 17982 595 3933 1 0 0 0 0 0 0 0 0 2 1 R 0
1064 22369 22248 558 21166 531 5745 1 0 4 0 0 0 0 0 0 2 1 R 0
1065 22391 21853 985 21880 967 6942 1 0 0 0 0 0 0 0 0 1 1 R 0
1066 22414 21662 565 20420 539 4106 1 0 1 0 0 0 0 0 0 2 1 R 0
1067 22436 21721 651 20417 615 3524 1 0 4 0 0 0 0 0 0 1 1 R 0
1068 22456 18952 665 19077 552 3874 1 0 0 0 0 0 0 0 0 1 1 R 0
1069 22475 19089 572 19109 544 4050 1 0 0 0 0 0 0 0 0 1 1 R 0
1070 22498 21837 570 20832 542 4579 1 0 4 0 0 0 0 0 0 2 1 R 0
1071 22518 19748 592 19781 556 4412 1 0 0 0 0 0 0 0 0 1 1 R 0
1072 22537 18710 746 18779 682 4117 1 0 0 0 0 0 0 0 0 1 1 R 0
1073 22556 17901 701 17955 660 3541 1 0 0 0 0 0 0 0 0 2 1 R 0
1074 22578 21390 788 20408 760 6177 1 0 4 0 0 0 0 0 0 2 1 R 0
1075 22598 19443 581 19454 553 4219 1 0 0 0 0 0 0 0 0 1 1 R 0
1076 22620 20794 631 19339 593 4411 1 0 1 0 0 0 0 0 0 1 1 R 0
1077 22644 23828 573 21986 538 3674 1 0 4 0 0 0 0 0 0 1 1 R 0
1078 22664 19797 672 19487 629 3375 1 0 1 0 0 0 0 0 0 2 1 R 0
1079 22685 19716 584 19748 553 3223 1 0 0 0 0 0 0 0 0 1 1 R 0
1080 22710 24988 591 24222 559 8456 1 0 4 0 0 0 0 0 0 2 1 R 0
1081 22731 19921 939 19953 922 3736 1 0 0 0 0 0 0 0 0 1 1 R 0
1082 22751 18939 1335 18513 1315 3298 1 0 1 0 0 0 0 0 0 2 1 R 0
1083 22770 17692 833 17739 763 3134 1 0 0 0 0 0 0 0 0 1 1 R 0
1084 22794 23247 578 22109 546 4422 1 0 4 0 0 0 0 0 0 2 1 R 0
1085 22815 20605 858 19772 807 4039 1 0 1 0 0 0 0 0 0 1 1 R 0
1086 22835 19059 567 19088 538 4080 1 0 0 0 0 0 0 0 0 2 1 R 0
1087 22857 20941 667 19941 546 3055 1 0 4 0 0 0 0 0 0 1 1 R 0
1088 22876 18501 652 18538 627 3640 1 0 0 0 0 0 0 0 0 2 1 R 0
1089 22896 19470 573 19487 543 4472 1 0 0 0 0 0 0 0 0 1 1 R 0
1090 22918 21969 570 21206 542 4297 1 0 4 0 0 0 0 0 0 1 1 R 0
1091 22941 21581 937 21629 904 4608 1 0 0 0 0 0 0 0 0 1 1 R 0
1092 22959 17747 731 17782 692 3597 1 0 0 0 0 0 0 0 0 2 1 R 0
1093 22978 18288 770 18371 688 3323 1 0 0 0 0 0 0 0 0 1 1 R 0
1094 23003 23556 559 22341 532 4133 1 0 4 0 0 0 0 0 0 1 1 R 0
1095 23027 23515 581 22393 551 8032 1 0 1 0 0 0 0 0 0 2 1 R 0
1096 23046 18622 925 18714 838 3769 1 0 0 0 0 0 0 0 0 1 1 R 0
1097 23067 20681 704 19699 667 5339 1 0 4 0 0 0 0 0 0 2 1 R 0
1098 23087 18473 847 18536 791 3670 1 0 0 0 0 0 0 0 0 1 1 R 0
1099 23109 21740 684 21784 642 4201 1 0 0 0 0 0 0 0 0 2 1 R 0
1100 23132 22127 566 20726 532 4063 1 0 4 0 0 0 0 0 0 2 1 R 0
1101 23151 18423 1614 18486 1563 3799 1 0 0 0 0 0 0 0 0 2 1 R 0
1102 23170 17117 716 17163 681 3156 1 0 0 0 0 0 0 0 0 1 1 R 0
1103 23189 18439 1065 18485 1021 3483 1 0 0 0 0 0 0 0 0 2 1 R 0
1104 23213 22734 729 20905 719 5802 1 0 4 0 0 0 0 0 0 1 1 R 0
1105 23235 21268 574 20214 543 5298 1 0 1 0 0 0 0 0 0 2 1 R 0
1106 23255 19822 820 19852 790 4191 1 0 0 0 0 0 0 0 0 1 1 R 0
1107 23277 21424 688 20353 616 3045 1 0 4 0 0 0 0 0 0 2 1 R 0
1108 23297 19024 776 19076 728 3636 1 0 0 0 0 0 0 0 0 1 1 R 0
1109 23317 19444 586 19466 557 4277 1 0 0 0 0 0 0 0 0 1 1 R 0
1110 23343 25261 577 23854 547 7990 1 0 4 0 0 0 0 0 0 1 1 R 0
1111 23361 17237 1528 17290 1488 3246 1 0 0 0 0 0 0 0 0 2 1 R 0
1112 23381 18444 1226 18467 1215 3103 1 0 0 0 0 1 0 0 0 2 1 R 0
1113 23403 20537 1614 20550 1111 3332 1 0 1 0 3 0 0 0 0 1 1 R 0
1114 23425 20949 576 19277 545 3883 1 0 1 0 0 0 0 0 0 1 1 R 0
1115 23447 20735 688 20874 553 4150 1 0 0 0 0 0 0 0 0 1 1 R 0
1116 23468 20565 627 20592 600 4866 1 0 0 0 0 0 0 0 0 2 1 R 0
1117 23490 21311 2795 20477 2724 5784 1 0 4 0 0 1 0 0 0 2 1 R 0
1118 23510 17664 744 17737 670 3391 1 0 0 0 0 0 0 0 0 1 1 R 0
1119 23533 21814 577 21830 543 3796 1 0 0 0 0 0 0 0 0 1 1 R 0
1120 23555 21817 585 20746 552 3852 1 0 4 0 0 0 0 0 0 1 1 R 0
1121 23574 18198 683 18252 634 3072 1 0 0 0 0 0 0 0 0 2 1 R 0
1122 23594 18956 696 18994 672 3718 1 0 0 0 0 0 0 0 0 2 1 R 0
1123 23617 22612 549 21613 519 3873 1 0 4 0 0 0 0 0 0 2 1 R 0
1124 23638 20199 587 19129 554 4342 1 0 1 0 0 0 0 0 0 1 1 R 0
1125 23661 22686 1022 22717 1002 7717 1 0 0 0 0 0 0 0 0 1 1 R 0
1126 23679 17368 1030 17417 991 3087 1 0 0 0 0 0 0 0 0 1 1 R 0
1127 23704 23657 568 22531 543 3447 1 0 4 0 0 0 0 0 0 3 1 R 0
1128 23724 19395 563 19421 537 3901 1 0 0 0 0 0 0 0 0 1 1 R 0
1129 23745 20098 581 20133 543 4135 1 0 0 0 0 0 0 0 0 1 1 R 0
1130 23767 21551 591 20483 555 3462 1 0 4 0 0 0 0 0 0 1 1 R 0
1131 23787 19467 722 18782 670 3540 1 0 1 0 0 0 0 0 0 2 1 R 0
1132 23806 18914 805 18957 777 3491 1 0 0 0 0 0 0 0 0 1 1 R 0
1133 23831 23246 594 20526 881 4485 1 0 5 0 0 0 0 0 0 2 1 R 0
1134 23850 19156 585 18872 554 3925 1 0 0 0 0 0 0 0 0 1 1 R 0
1135 23869 18329 707 18393 650 3483 1 0 0 0 0 0 0 0 0 1 1 R 0
1136 23888 18285 678 18321 642 3164 1 0 0 0 0 0 0 0 0 2 1 R 0
1137 23911 21712 1154 20812 1116 6699 1 0 4 0 0 0 0 0 0 2 1 R 0
1138 23930 18595 579 18602 550 3916 1 0 0 0 0 0 0 0 0 0 1 R 0
1139 23951 19816 1135 19847 1110 3811 1 0 0 0 0 0 0 0 0 1 1 R 0
1140 23976 24018 561 22809 530 7103 1 0 4 0 0 0 0 0 0 2 1 R 0
1141 23994 17945 668 17999 628 3700 1 0 0 0 0 0 0 0 0 1 1 R 0
1142 24015 20202 611 20215 584 3348 1 0 0 0 0 0 0 0 0 2 1 R 0
1143 24039 23255 584 20109 559 5815 1 0 5 0 0 0 0 0 0 1 1 R 0
1144 24059 18988 576 19016 546 3616 1 0 0 0 0 0 0 0 0 2 1 R 0
1145 24078 18263 778 18312 732 3826 1 0 0 0 0 0 0 0 0 1 1 R 0
1146 24097 18805 660 18851 626 3603 1 0 0 0 0 0 0 0 0 2 1 R 0
1147 24119 20895 820 19886 760 6240 1 0 4 0 0 0 0 0 0 1 1 R 0
1148 24139 20019 574 20045 545 3936 1 0 0 0 0 0 0 0 0 1 1 R 0
1149 24160 19447 581 19480 549 3871 1 0 0 0 0 0 0 0 0 2 1 R 0
1150 24183 22891 562 21509 532 3269 1 0 4 0 0 0 0 0 0 1 1 R 0
1151 24202 18524 712 18582 651 3048 1 0 0 0 0 0 0 0 0 2 1 R 0
1152 24221 18007 3145 18052 1690 3005 1 0 0 0 1 0 0 0 0 1 1 R 0
1153 24245 21462 552 20403 526 3815 1 0 4 0 0 0 0 0 0 2 1 R 0
1154 24266 19681 567 19708 538 3823 1 0 0 0 0 0 0 0 0 1 1 R 0
1155 24288 21493 580 21524 553 6482 1 0 0 0 0 0 0 0 0 1 1 R 0
1156 24308 19447 631 19474 602 3505 1 0 0 0 0 0 0 0 0 2 1 R 0
1157 24329 20976 587 19813 752 6855 1 0 4 0 0 0 0 0 0 2 1 R 0
1158 24350 19850 591 19686 558 3886 1 0 0 0 0 0 0 0 0 1 1 R 0
1159 24373 22166 645 22210 603 3495 1 0 0 0 0 0 0 0 0 2 1 R 0
1160 24395 22300 673 21198 647 3557 1 0 4 0 0 0 0 0 0 1 1 R 0
1161 24415 18454 677 18508 631 3808 1 0 0 0 0 0 0 0 0 1 1 R 0
1162 24437 21224 584 20178 552 4595 1 0 1 0 0 0 0 0 0 2 1 R 0
1163 24459 21749 584 20673 555 4350 1 0 4 0 0 0 0 0 0 1 1 R 0
1164 24479 19134 568 19163 539 3522 1 0 0 0 0 0 0 0 0 1 1 R 0
1165 24498 19210 572 19240 543 3759 1 0 0 0 0 0 0 0 0 1 1 R 0
1166 24517 17739 687 17782 653 3537 1 0 0 0 0 0 0 0 0 1 1 R 0
1167 24539 21628 634 20553 620 6845 1 0 4 0 0 0 0 0 0 2 1 R 0
1168 24559 19818 580 19837 548 3888 1 0 0 0 0 0 0 0 0 2 1 R 0
1169 24579 19000 575 19027 551 3861 1 0 0 0 0 0 0 0 0 1 1 R 0
1170 24605 25225 624 24056 597 5971 1 0 4 0 0 0 0 0 0 1 1 R 0
1171 24623 18060 676 18100 638 3041 1 0 0 0 0 0 0 0 0 2 1 R 0
1172 24646 21612 575 19456 528 4512 1 0 1 0 0 0 0 0 0 2 1 R 0
1173 24668 21512 578 20278 548 4283 1 0 4 0 0 0 0 0 0 1 1 R 0
1174 24688 19641 706 19690 675 4142 1 0 0 0 0 0 0 0 0 1 1 R 0
1175 24707 17879 671 17904 635 3730 1 0 0 0 0 0 0 0 0 1 1 R 0
1176 24726 18683 725 18731 679 4169 1 0 0 0 0 0 0 0 0 2 1 R 0
1177 24750 23148 595 21394 566 6892 1 0 5 0 0 0 0 0 0 1 1 R 0
1178 24770 19183 641 19207 619 3903 1 0 0 0 0 0 0 0 0 2 1 R 0
1179 24792 21593 548 21612 523 3687 1 0 0 0 0 0 0 0 0 1 1 R 0
1180 24815 22969 612 22052 561 3261 1 0 4 0 0 0 0 0 0 2 1 R 0
1181 24836 19591 752 18632 702 3096 1 0 1 0 0 0 0 0 0 1 1 R 0
1182 24856 19678 574 19694 547 4560 1 0 0 0 0 0 0 0 0 2 1 R 0
1183 24878 21668 573 20317 545 4314 1 0 4 0 0 0 0 0 0 1 1 R 0
1184 24896 17575 896 17624 887 3416 1 0 0 0 0 0 0 0 0 1 1 R 0
1185 24920 22843 898 22898 1082 7234 1 0 0 0 0 0 0 0 0 2 1 R 0
1186 24938 16940 922 16751 862 3162 1 0 0 0 0 0 0 0 0 2 1 R 0
1187 24962 23274 635 21796 597 5807 1 0 4 0 0 0 0 0 0 1 1 R 0
1188 24981 18135 929 18157 916 3346 1 0 0 0 0 0 0 0 0 2 1 R 0
1189 25000 17579 687 17621 652 3040 1 0 0 0 0 0 0 0 0 1 1 R 0
1190 25024 23502 561 22050 533 4050 1 0 4 0 0 0 0 0 0 2 1 R 0
1191 25045 20335 575 19275 547 5863 1 0 1 0 0 0 0 0 0 1 1 R 0
1192 25065 19602 571 19629 544 3920 1 0 0 0 0 0 0 0 0 2 1 R 0
1193 25087 21688 537 20787 514 3359 1 0 4 0 0 0 0 0 0 1 1 R 0
1194 25105 17880 753 17953 676 3493 1 0 0 0 0 0 0 0 0 2 1 R 0
1195 25125 18736 690 18790 636 4465 1 0 0 0 0 0 0 0 0 2 1 R 0
1196 25146 20255 580 20285 553 4747 1 0 0 0 0 0 0 0 0 1 1 R 0
1197 25168 21185 599 19956 563 6463 1 0 4 0 0 0 0 0 0 1 1 R 0
1198 25187 19014 576 19044 543 3706 1 0 0 0 0 0 0 0 0 1 1 R 0
1199 25206 18212 824 18298 743 3518 1 0 0 0 0 0 0 0 0 1 1 R 0
1200 25234 26868 565 24108 537 7487 1 0 5 0 0 0 0 0 0 3 1 R 0
1201 25253 18782 789 18854 722 3091 1 0 0 0 0 0 0 0 0 1 1 R 0
1202 25274 19774 583 19796 550 3942 1 0 0 0 0 0 0 0 0 1 1 R 0
1203 25297 22306 620 20828 609 3814 1 0 4 0 0 0 0 0 0 1 1 R 0
1204 25315 17784 771 17825 735 3505 1 0 0 0 0 0 0 0 0 2 1 R 0
1205 25335 19488 693 19523 643 3999 1 0 0 0 0 1 0 0 0 2 1 R 0
1206 25355 19150 662 19180 633 3536 1 0 0 0 0 0 0 0 0 2 1 R 0
1207 25377 21507 591 20249 558 4531 1 0 4 0 0 0 0 0 0 1 1 R 0
1208 25399 21278 598 21313 565 4697 1 0 0 0 0 0 0 0 0 1 1 R 0
1209 25417 17493 1125 17585 1037 3170 1 0 0 0 0 0 0 0 0 2 1 R 0
1210 25444 25704 569 21949 537 5953 1 0 4 0 0 0 0 0 0 1 1 R 0
1211 25464 19231 564 19261 536 3470 1 0 0 0 0 0 0 0 0 1 1 R 0
1212 25484 19421 573 19452 541 3854 1 0 0 0 0 0 0 0 0 2 1 R 0
1213 25505 20991 758 19776 743 3283 1 0 4 0 0 0 0 0 0 1 1 R 0
1214 25524 17736 668 17780 611 3077 1 0 0 0 0 0 0 0 0 2 1 R 0
1215 25547 22860 629 22945 546 7268 1 0 0 0 0 0 0 0 0 1 1 R 0
1216 25567 19333 595 19367 563 4424 1 0 0 0 0 0 0 0 0 1 1 R 0
1217 25590 21964 572 20994 542 6424 1 0 4 0 0 0 0 0 0 2 1 R 0
1218 25609 18324 715 18385 660 3637 1 0 0 0 0 0 0 0 0 2 1 R 0
1219 25627 17465 931 17527 863 3288 1 0 0 0 0 0 0 0 0 1 1 R 0
1220 25652 24377 1226 22201 1209 6160 1 0 5 0 0 1 0 0 0 2 1 R 0
1221 25673 19361 560 19379 530 3882 1 0 0 0 0 0 0 0 0 1 1 R 0
1222 25693 19164 564 19190 538 3877 1 0 0 0 0 0 0 0 0 1 1 R 0
1223 25716 23285 567 21378 537 3857 1 0 5 0 0 0 0 0 0 2 1 R 0
1224 25735 17518 691 17577 636 3408 1 0 0 0 0 0 0 0 0 2 1 R 0
1225 25754 18550 829 18595 797 3247 1 0 0 0 0 0 0 0 0 1 1 R 0
1226 25774 19772 565 19786 536 3868 1 0 0 0 0 0 0 0 0 1 1 R 0
1227 25797 21531 720 19408 694 4076 1 0 3 0 0 0 0 0 0 1 1 R 0
1228 25815 18097 842 18134 810 3967 1 0 0 0 0 0 0 0 0 2 1 R 0
1229 25836 19811 631 18653 589 3391 1 0 1 0 0 0 0 0 0 2 1 R 0
1230 25861 24164 1089 22713 1071 6439 1 0 4 0 0 0 0 0 0 2 1 R 0
1231 25881 19025 919 19043 903 3857 1 0 0 0 0 0 0 0 0 1 1 R 0
1232 25901 18804 894 18819 878 3870 1 0 0 0 0 0 0 0 0 1 1 R 0
1233 25919 17164 691 17211 654 3176 1 0 0 0 0 0 0 0 0 2 1 R 0
1234 25942 22741 593 21383 571 4246 1 0 4 0 0 0 0 0 0 1 1 R 0
1235 25963 19854 561 19879 534 4073 1 0 0 0 0 0 0 0 0 1 1 R 0
1236 25981 17901 1597 17951 1559 3264 1 0 0 0 0 0 0 0 0 1 1 R 0
1237 26005 22340 581 20752 550 3875 1 0 4 0 0 0 0 0 0 2 1 R 0
1238 26023 17781 688 17847 641 3267 1 0 0 0 0 0 0 0 0 1 1 R 0
1239 26046 21799 793 20944 802 4418 1 0 1 0 0 0 0 0 0 3 1 R 0
1240 26068 21261 569 19804 543 3642 1 0 4 0 0 0 0 0 0 1 1 R 0
1241 26088 19569 556 19597 531 4314 1 0 0 0 0 0 0 0 0 1 1 R 0
1242 26107 18886 590 18911 564 3941 1 0 0 0 0 0 0 0 0 1 1 R 0
1243 26126 18067 785 18162 698 3791 1 0 0 0 0 0 0 0 0 2 1 R 0
1244 26148 21362 586 20391 559 3811 1 0 4 0 0 0 0 0 0 1 1 R 0
1245 26170 20854 743 20908 701 6446 1 0 0 0 0 0 0 0 0 1 1 R 0
1246 26191 20115 889 20133 874 3869 1 0 0 0 0 0 0 0 0 2 1 R 0
1247 26213 21210 564 19810 532 3407 1 0 4 0 0 0 0 0 0 1 1 R 0
1248 26233 19643 721 19715 655 3094 1 0 0 0 0 0 0 0 0 2 1 R 0
1249 26254 19934 649 18957 599 4605 1 0 1 0 0 0 0 0 0 1 1 R 0
1250 26276 21729 637 20647 606 3090 1 0 4 0 0 0 0 0 0 2 1 R 0
1251 26296 19088 588 19112 560 4573 1 0 0 0 0 0 0 0 0 2 1 R 0
1252 26316 20027 558 20053 531 4215 1 0 0 0 0 0 0 0 0 1 1 R 0
1253 26336 19245 577 19274 550 4270 1 0 0 0 0 0 0 0 0 1 1 R 0
1254 26358 21254 558 20147 532 5858 1 0 4 0 0 0 0 0 0 2 1 R 0
1255 26377 18536 577 18564 550 4314 1 0 0 0 0 0 0 0 0 1 1 R 0
1256 26397 19366 553 19390 528 4469 1 0 0 0 0 0 0 0 0 1 1 R 0
1257 26420 22651 586 21412 551 4478 1 0 4 0 0 0 0 0 0 2 1 R 0
1258 26441 19882 1587 18373 1545 3117 1 0 1 0 0 0 0 0 0 1 1 R 0
1259 26460 17865 671 17899 641 3539 1 0 0 0 0 0 0 0 0 2 1 R 0
1260 26486 25198 653 24402 639 5990 1 0 4 0 0 0 0 0 0 1 1 R 0
1261 26507 19957 568 19977 533 4298 1 0 0 0 0 0 0 0 0 1 1 R 0
1262 26526 19356 611 19404 563 3932 1 0 0 0 0 0 0 0 0 2 1 R 0
1263 26545 17714 657 17761 615 3724 1 0 0 0 0 0 0 0 0 1 1 R 0
1264 26567 21364 676 20146 635 4909 1 0 4 0 0 0 0 0 0 2 1 R 0
1265 26587 19774 605 19793 581 4301 1 0 0 0 0 0 0 0 0 1 1 R 0
1266 26607 18847 621 18878 585 4322 1 0 0 0 0 0 0 0 0 1 1 R 0
1267 26629 22060 761 20270 735 4500 1 0 4 0 0 0 0 0 0 2 1 R 0
1268 26650 19697 695 18736 658 3103 1 0 1 0 0 0 0 0 0 1 1 R 0
1269 26669 18124 692 18175 634 3096 1 0 0 0 0 0 0 0 0 2 1 R 0
1270 26690 20535 582 20563 551 4390 1 0 0 0 0 0 0 0 0 2 1 R 0
1271 26713 22327 778 21083 770 4347 1 0 4 0 0 0 0 0 0 1 1 R 0
1272 26732 18918 545 18922 520 3215 1 0 0 0 0 0 0 0 0 1 1 R 0
1273 26752 19068 711 18690 666 3052 1 0 1 0 0 0 0 0 0 2 1 R 0
1274 26776 23645 571 22617 541 4343 1 0 4 0 0 0 0 0 0 1 1 R 0
1275 26799 21955 576 21988 545 8138 1 0 0 0 0 0 0 0 0 2 1 R 0
1276 26819 19068 629 19099 600 3932 1 0 0 0 0 0 0 0 0 1 1 R 0
1277 26843 23537 649 21020 616 4208 1 0 5 0 0 0 0 0 0 2 1 R 0
1278 26860 16838 695 16907 630 3316 1 0 0 0 0 0 0 0 0 1 1 R 0
1279 26880 19347 1724 19381 1701 3561 1 0 0 0 0 0 0 0 0 1 1 R 0
1280 26901 19009 2265 19026 1718 3912 1 0 1 0 3 0 0 0 0 2 1 R 0
1281 26923 20021 575 19561 541 3865 1 0 0 0 0 0 0 0 0 1 1 R 0
1282 26943 19074 670 19122 629 3391 1 0 0 0 0 0 0 0 0 2 1 R 0
1283 26961 17241 1376 17275 1362 3228 1 0 0 0 0 0 0 0 0 2 1 R 0
1284 26985 22780 650 21676 616 3489 1 0 4 0 0 0 0 0 0 1 1 R 0
1285 27005 19231 590 19255 562 4318 1 0 0 0 0 0 0 0 0 1 1 R 0
1286 27025 19520 704 19561 670 3899 1 0 0 0 0 0 0 0 0 1 1 R 0
1287 27048 21870 570 19180 543 4066 1 0 4 0 0 0 0 0 0 2 1 R 0
1288 27066 17926 682 17978 634 3459 1 0 0 0 0 0 0 0 0 1 1 R 0
1289 27085 18633 711 18697 642 4354 1 0 0 0 0 0 0 0 0 2 1 R 0
1290 27110 23365 579 23398 549 8811 1 0 0 0 0 0 0 0 0 1 1 R 0
1291 27132 21991 590 20833 563 5738 1 0 4 0 0 0 0 0 0 2 1 R 0
1292 27152 19715 564 19417 537 3184 1 0 1 0 0 0 0 0 0 1 1 R 0
1293 27173 19695 562 19725 533 3840 1 0 0 0 0 0 0 0 0 1 1 R 0
1294 27195 21359 588 20136 558 3125 1 0 4 0 0 0 0 0 0 2 1 R 0
1295 27215 19909 648 19957 604 3839 1 0 0 0 0 0 0 0 0 1 1 R 0
1296 27235 18812 647 18849 609 4224 1 0 0 0 0 0 0 0 0 1 1 R 0
1297 27259 23458 581 21665 548 3917 1 0 5 0 0 0 0 0 0 1 1 R 0
1298 27278 18739 737 18822 663 3735 1 0 0 0 0 1 0 0 0 2 1 R 0
1299 27297 18329 689 18361 657 3689 1 0 0 0 0 0 0 0 0 1 1 R 0
1300 27317 19449 577 19468 551 4435 1 0 0 0 0 0 0 0 0 1 1 R 0
1301 27340 22382 591 21217 555 6320 1 0 4 0 0 0 0 0 0 2 1 R 0
1302 27358 17678 708 17730 676 3177 1 0 0 0 0 0 0 0 0 1 1 R 0
1303 27377 18006 660 18028 638 3393 1 0 0 0 0 0 0 0 0 2 1 R 0
1304 27400 22514 576 21333 547 4237 1 0 4 0 0 0 0 0 0 2 1 R 0
1305 27424 23370 590 23399 556 8825 1 0 0 0 0 0 0 0 0 0 1 R 0
1306 27444 19136 1730 19168 830 4168 1 0 0 0 1 0 0 0 0 2 1 R 0
1307 27467 21527 549 20168 530 3178 1 0 4 0 0 0 0 0 0 1 1 R 0
1308 27485 17495 678 17528 656 3506 1 0 0 0 0 0 0 0 0 2 1 R 0
1309 27507 20540 569 20553 540 4686 1 0 0 0 0 0 0 0 0 1 1 R 0
1310 27526 19144 584 19177 549 4376 1 0 0 0 0 0 0 0 0 1 1 R 0
1311 27549 22387 589 21362 557 5679 1 0 4 0 0 0 0 0 0 1 1 R 0
1312 27568 17918 704 17962 660 3375 1 0 0 0 0 0 0 0 0 2 1 R 0
1313 27587 18188 731 18252 678 3532 1 0 0 0 0 0 0 0 0 2 1 R 0
1314 27609 21961 597 20849 564 4668 1 0 4 0 0 0 0 0 0 1 1 R 0
1315 27630 19931 705 19968 680 4059 1 0 0 0 0 0 0 0 0 1 1 R 0
1316 27654 23306 628 22220 596 4049 1 0 1 0 0 0 0 0 0 1 1 R 0
1317 27687 32210 859 21684 855 3122 1 1 1 0 1 3 0 0 0 2 0 R 0
1318 27713 25885 601 18673 557 5918 1 0 4 0 0 5 0 1 1 1 0 R 0
1319 27735 20804 583 20825 558 3853 1 0 0 0 0 0 0 1 1 1 0 R 0
1320 27762 26815 929 26836 923 7829 1 0 0 0 0 0 0 1 1 1 0 R 0
1321 27793 30136 575 29680 554 7121 1 0 1 0 0 0 0 1 1 1 0 R 0
1322 27814 20640 595 20666 567 4101 1 0 0 0 0 0 0 1 1 1 0 R 0
1323 27836 20844 698 20870 668 3756 1 0 0 0 0 0 0 1 1 2 0 R 0
1324 27861 24459 1213 24835 843 4293 1 0 0 0 0 0 0 1 1 1 0 R 0
1325 27890 28036 1771 28060 1860 7940 1 0 0 0 0 0 0 1 1 1 0 R 0
1326 27913 20401 605 20311 579 3858 1 0 0 0 0 0 0 1 1 1 0 R 0
1327 27932 19076 556 19098 535 3834 1 0 0 0 0 0 0 1 1 2 0 R 0
1328 27957 24086 1004 24110 988 5510 1 0 0 0 0 0 0 1 1 1 0 R 0
1329 27985 26756 1025 26771 1012 5733 1 0 0 0 0 0 0 1 1 1 0 R 0
1330 28008 22009 590 22028 564 7497 1 0 0 0 0 0 0 1 1 1 0 R 0
1331 28028 19364 586 19380 570 4264 1 0 0 0 0 0 0 1 1 1 0 R 0
1332 28049 21035 1112 21144 1002 4389 1 0 0 0 0 0 0 1 1 1 0 R 0
1333 28077 27055 909 27078 881 5143 1 0 0 0 0 0 0 1 1 1 0 R 0
1334 28107 28555 956 28588 934 6514 1 0 0 0 0 0 0 1 1 1 0 R 0
1335 28131 23178 940 23198 919 9546 1 0 0 0 0 0 0 1 1 1 0 R 0
1336 28154 21995 567 22012 545 3824 1 0 0 0 0 0 0 1 1 2 0 R 0
1337 28184 29478 976 29502 959 6357 1 0 0 0 0 0 0 1 1 1 0 R 0
1338 28208 23493 566 23509 540 7263 1 0 0 0 0 0 0 1 1 1 0 R 0
1339 28229 19811 591 19841 562 4730 1 0 0 0 0 0 0 1 1 1 0 R 0
1340 28251 21640 1382 21664 1373 3686 1 0 0 0 0 0 0 1 1 1 0 R 0
1341 28279 26761 1156 26873 1039 4349 1 0 0 0 0 0 0 1 1 1 0 R 0
1342 28306 25636 585 25653 559 5168 1 0 0 0 0 0 0 1 1 1 0 R 0
1343 28326 19440 587 19466 563 4489 1 0 0 0 0 0 0 1 1 1 0 R 0
1344 28348 21048 927 21074 899 4380 1 0 0 0 0 0 0 1 1 1 0 R 0
1345 28376 27361 1242 27405 1238 5485 1 0 0 0 0 0 0 1 1 1 0 R 0
1346 28407 29719 1004 29706 981 7022 1 0 0 0 0 0 0 1 1 1 0 R 0
1347 28431 23196 910 23518 582 6282 1 0 0 0 0 0 0 1 1 2 0 R 0
1348 28454 21828 623 21854 597 3800 1 0 0 0 0 0 0 1 1 1 0 R 0
1349 28480 25455 1775 25708 1550 4815 1 0 0 0 0 0 0 1 1 2 0 R 0
1350 28508 26265 1152 26266 1143 12288 1 0 0 0 0 0 0 1 1 0 0 R 0
1351 28528 19372 588 19378 567 4420 1 0 0 0 0 0 0 1 1 2 0 R 0
1352 28549 19664 564 19683 542 3943 1 0 0 0 0 0 0 1 1 1 0 R 0
1353 28576 26924 1007 26950 986 3870 1 0 0 0 0 0 0 1 1 1 0 R 0
1354 28606 28782 583 28803 555 6450 1 0 0 0 0 0 0 1 1 1 0 R 0
1355 28630 23499 632 23552 581 6715 1 0 0 0 0 0 0 1 1 2 0 R 0
1356 28650 19037 577 19058 558 4127 1 0 0 0 0 0 0 1 1 1 0 R 0
1357 28676 25764 1161 25877 1046 4418 1 0 0 0 0 0 0 1 1 0 0 R 0
1358 28706 28477 1023 28497 1012 7109 1 0 0 0 0 0 0 1 1 1 0 R 0
1359 28729 22188 619 22202 595 6003 1 0 0 0 0 0 0 1 1 2 0 R 0
1360 28750 20066 592 19365 565 3646 1 0 1 0 0 0 0 1 1 1 0 R 0
1361 28774 24122 1013 24148 994 5340 1 0 0 0 0 0 0 1 1 1 0 R 0
1362 28804 28238 1009 28353 900 7270 1 0 0 0 0 0 0 1 1 1 0 R 0
1363 28827 22610 600 22629 573 7681 1 0 0 0 0 0 0 1 1 1 0 R 0
1364 28847 19153 560 19173 537 4290 1 0 0 0 0 0 0 1 1 2 0 R 0
1365 28874 26069 1432 26123 1385 8927 1 0 0 0 0 0 0 1 1 1 0 R 0
1366 28905 29601 1026 29619 1011 7253 1 0 0 0 0 0 0 1 1 1 0 R 0
1367 28928 22583 899 22600 873 7345 1 0 0 0 0 0 0 1 1 1 0 R 0
1368 28948 19217 612 19238 594 4374 1 0 0 0 0 0 0 1 1 1 0 R 0
1369 28971 21616 1278 21653 1242 3764 1 0 0 0 0 0 0 1 1 2 0 R 0
1370 28998 25948 771 25970 906 5296 1 0 0 0 0 0 0 1 1 1 0 R 0
1371 29028 29046 589 28912 559 6591 1 0 0 0 0 0 0 1 1 1 0 R 0
1372 29050 21884 634 21915 606 4954 1 0 0 0 0 0 0 1 1 0 0 R 0
1373 29073 22723 741 22838 625 3935 1 0 0 0 0 0 0 1 1 2 0 R 0
1374 29103 28880 1000 29002 880 5961 1 0 0 0 0 0 0 1 1 1 0 R 0
1375 29129 24593 579 24622 547 7316 1 0 0 0 0 0 0 1 1 1 0 R 0
1376 29149 19446 591 19474 568 4197 1 0 0 0 0 0 0 1 1 1 0 R 0
1377 29170 20422 585 20449 559 4004 1 0 0 0 0 0 0 1 1 2 0 R 0
1378 29197 26673 1038 26694 1020 4912 1 0 0 0 0 0 0 1 1 1 0 R 0
1379 29228 29878 1158 29997 1034 6606 1 0 0 0 0 0 0 1 1 1 0 R 0
1380 29255 25928 660 25951 640 11278 1 0 0 0 0 0 0 1 1 1 0 R 0
1381 29277 21640 1016 21663 989 4281 1 0 0 0 0 0 0 1 1 1 0 R 0
1382 29306 28157 843 28182 820 5726 1 0 0 0 0 0 0 1 1 1 0 R 0
1383 29332 24813 568 24834 544 6559 1 0 0 0 0 0 0 1 1 1 0 R 0
1384 29352 19211 577 19228 556 4145 1 0 0 0 0 0 0 1 1 1 0 R 0
1385 29374 21183 722 21231 690 3815 1 0 0 0 0 0 0 1 1 1 0 R 0
1386 29399 24617 1464 24637 1456 4858 1 0 0 0 0 0 0 1 1 1 0 R 0
1387 29430 29917 1075 29925 1058 6225 1 0 0 0 0 0 0 1 1 1 0 R 0
1388 29452 20180 584 20189 564 3834 1 0 0 0 0 0 0 1 1 2 0 R 0
1389 29471 18520 2176 18543 2279 3929 1 0 0 0 0 0 0 1 1 1 0 R 0
1390 29500 26856 1005 26758 975 4608 1 0 0 0 0 0 0 1 1 1 0 R 0
1391 29530 29666 2077 29693 2058 5809 1 0 0 0 0 1 0 1 1 1 0 R 0
1392 29552 19429 548 19444 526 4019 1 0 0 0 0 0 0 1 1 1 0 R 0
1393 29572 19207 665 19241 630 3845 1 0 0 0 0 0 0 1 1 2 0 R 0
1394 29598 25796 1163 25918 1163 4645 1 0 0 0 0 0 0 1 1 1 0 R 0
1395 29633 33691 976 33687 982 12990 1 0 0 0 0 0 0 1 1 1 0 R 0
1396 29656 21534 1020 21443 1008 3882 1 0 0 0 0 0 0 1 1 2 0 R 0
1397 29677 20165 1006 20265 888 4425 1 0 0 0 0 0 0 1 1 1 0 R 0
1398 29701 23007 1544 23033 1533 4379 1 0 0 0 0 0 0 1 1 1 0 R 0
1399 29730 28020 1560 28028 1549 8366 1 0 0 0 0 0 0 1 1 1 0 R 0
1400 29756 24164 621 24176 597 6230 1 0 0 0 0 0 0 1 1 1 0 R 0
1401 29776 19776 590 19798 569 4820 1 0 0 0 0 0 0 1 1 1 0 R 0
1402 29801 23816 1543 23383 1536 5911 1 0 1 0 0 0 0 1 1 1 0 R 0
1403 29827 24508 900 24509 875 7526 1 0 0 0 0 0 0 1 1 1 0 R 0
1404 29851 23012 1016 23042 1002 7413 1 0 0 0 0 0 0 1 1 1 0 R 0
1405 29871 19173 1394 19194 1360 3639 1 0 0 0 0 0 0 1 1 2 0 R 0
1406 29894 21302 656 21331 623 3876 1 0 0 0 0 0 0 1 1 1 0 R 0
1407 29921 26258 1453 26301 1429 5006 1 0 0 0 0 0 0 1 1 1 0 R 0
1408 29947 24994 802 25004 777 5850 1 0 0 0 0 0 0 1 1 1 0 R 0
1409 29967 19334 583 19359 560 4662 1 0 0 0 0 0 0 1 1 1 0 R 0
1410 29992 24312 891 24332 999 8472 1 0 0 0 0 0 0 1 1 2 0 R 0
1411 30020 26950 1016 26944 897 4266 1 0 0 0 0 0 0 1 1 0 0 R 0
1412 30049 28461 1366 28487 1352 7936 1 0 0 0 0 0 0 1 1 1 0 R 0
1413 30074 22816 635 22826 613 5411 1 0 0 0 0 0 0 1 1 2 0 R 0
1414 30095 20592 960 20609 940 3889 1 0 0 0 0 0 0 1 1 1 0 R 0
1415 30124 28337 1028 28359 1011 5304 1 0 0 0 0 0 0 1 1 1 0 R 0
1416 30153 28260 572 28275 552 6387 1 0 0 0 0 0 0 1 1 1 0 R 0
1417 30173 18819 580 18836 566 4167 1 0 0 0 0 0 0 1 1 1 0 R 0
1418 30194 20893 594 20915 570 3872 1 0 0 0 0 0 0 1 1 2 0 R 0
1419 30222 26795 1270 26909 1169 5260 1 0 0 0 0 0 0 1 1 1 0 R 0
1420 30250 27115 593 27129 562 7552 1 0 0 0 0 0 0 1 1 1 0 R 0
1421 30271 20026 929 20051 917 4015 1 0 0 0 0 0 0 1 1 1 0 R 0
1422 30290 18092 2310 18140 2257 3602 1 0 0 0 0 0 0 1 1 1 0 R 0
1423 30314 22296 919 22317 1014 3813 1 0 0 0 0 0 0 1 1 1 0 R 0
1424 30344 28457 915 28446 814 7377 1 0 0 0 0 0 0 1 1 1 0 R 0
1425 30368 23665 609 23677 591 9876 1 0 0 0 0 0 0 1 1 1 0 R 0
1426 30387 18529 621 18549 600 4404 1 0 0 0 0 0 0 1 1 1 0 R 0
1427 30410 22142 1631 22161 1612 5557 1 0 0 0 0 0 0 1 1 2 0 R 0
1428 30443 31585 1020 31605 1010 5569 1 0 0 0 0 0 0 1 1 1 0 R 0
1429 30466 21916 584 21929 557 7061 1 0 0 0 0 0 0 1 1 1 0 R 0
1430 30487 19950 569 19972 548 4267 1 0 0 0 0 0 0 1 1 1 0 R 0
1431 30509 21302 596 21328 573 4389 1 0 0 0 0 0 0 1 1 1 0 R 0
1432 30537 28037 1170 28061 1145 6223 1 0 0 0 0 0 0 1 1 1 0 R 0
1433 30563 24822 669 24861 629 6168 1 0 0 0 0 0 0 1 1 1 0 R 0
1434 30583 19267 583 19288 561 4576 1 0 0 0 0 0 0 1 1 1 0 R 0
1435 30605 20757 588 20779 565 3843 1 0 0 0 0 0 0 1 1 1 0 R 0
1436 30632 26809 967 26919 852 5526 1 0 0 0 0 0 0 1 1 1 0 R 0
1437 30661 27554 939 27594 925 7490 1 0 0 0 0 0 0 1 1 1 0 R 0
1438 30681 19129 1032 19136 1018 4199 1 0 0 0 0 0 0 1 1 1 0 R 0
1439 30704 22321 654 22402 560 3758 1 0 0 0 0 0 0 1 1 2 0 R 0
1440 30735 30199 1015 30222 997 10110 1 0 0 0 0 0 0 1 1 1 0 R 0
1441 30764 28023 584 27537 560 6413 1 0 1 0 0 0 0 1 1 1 0 R 0
1442 30784 19751 628 19772 603 4041 1 0 0 0 0 0 0 1 1 1 0 R 0
1443 30805 20663 768 20688 755 3817 1 0 0 0 0 0 0 1 1 1 0 R 0
1444 30830 23502 1059 23519 1036 4530 1 0 0 0 0 0 0 1 1 1 0 R 0
1445 30861 29854 1817 29977 1715 6159 1 0 0 0 0 0 0 1 1 2 0 R 0
1446 30886 23117 581 23120 554 7063 1 0 0 0 0 0 0 1 1 1 0 R 0
1447 30908 21465 769 21487 744 4254 1 0 0 0 0 0 0 1 1 1 0 R 0
1448 30935 26539 999 26562 976 4761 1 0 0 0 0 0 0 1 1 1 0 R 0
1449 30963 26960 992 26983 971 5844 1 0 0 0 0 0 0 1 1 1 0 R 0
1450 30985 20641 567 20663 549 4070 1 0 0 0 0 0 0 1 1 1 0 R 0
1451 31004 18424 613 18444 590 3856 1 0 0 0 0 0 0 1 1 1 0 R 0
1452 31028 23633 1005 23661 980 5982 1 0 0 0 0 0 0 1 1 1 0 R 0
1453 31059 29821 1067 29844 1040 6478 1 0 0 0 0 0 0 1 1 1 0 R 0
1454 31083 23399 596 23423 570 5225 1 0 0 0 0 0 0 1 1 2 0 R 0
1455 31106 22553 592 22583 569 9937 1 0 0 0 0 0 0 1 1 1 0 R 0
1456 31130 23445 1542 23467 1531 6053 1 0 0 0 0 0 0 1 1 1 0 R 0
1457 31159 26952 1028 26961 1004 8244 1 0 0 0 0 0 0 1 1 2 0 R 0
1458 31183 23444 569 23465 549 6632 1 0 0 0 0 0 0 1 1 1 0 R 0
1459 31203 19357 577 19379 553 3848 1 0 0 0 0 0 0 1 1 1 0 R 0
1460 31225 21338 628 21365 604 3900 1 0 0 0 0 0 0 1 1 1 0 R 0
1461 31254 27952 1013 27974 996 6450 1 0 0 0 0 0 0 1 1 1 0 R 0
1462 31284 29289 801 29304 893 7259 1 0 0 0 0 0 0 1 1 1 0 R 0
1463 31305 20235 590 20149 561 4809 1 0 0 0 0 0 0 1 1 1 0 R 0
1464 31327 21779 583 21805 557 4239 1 0 0 0 0 0 0 1 1 1 0 R 0
1465 31355 27008 1018 27036 1003 6809 1 0 0 0 0 0 0 1 1 1 0 R 0
1466 31381 25031 1095 25050 1071 7020 1 0 0 0 0 0 0 1 1 1 0 R 0
1467 31402 20061 572 20076 552 4162 1 0 0 0 0 0 0 1 1 2 0 R 0
1468 31424 21158 585 21183 561 3920 1 0 0 0 0 0 0 1 1 1 0 R 0
1469 31450 25276 1178 25393 1192 4847 1 0 0 0 0 0 0 1 1 1 0 R 0
1470 31486 34790 945 34681 930 12618 1 0 0 0 0 0 0 1 1 1 0 R 0
1471 31507 20744 597 20765 569 5012 1 0 0 0 0 0 0 1 1 1 0 R 0
1472 31530 21839 1052 21865 1031 4420 1 0 0 0 0 0 0 1 1 1 0 R 0
1473 31558 27545 1511 27653 1421 5005 1 0 0 0 0 0 0 1 1 1 0 R 0
1474 31586 25589 765 25589 743 6031 1 0 0 0 0 0 0 1 1 1 0 R 0
1475 31606 19835 582 19857 559 4917 1 0 0 0 0 0 0 1 1 2 0 R 0
1476 31627 20633 590 20665 560 4294 1 0 0 0 0 0 0 1 1 1 0 R 0
1477 31653 25166 946 25184 1052 4942 1 0 0 0 0 0 0 1 1 1 0 R 0
1478 31683 28928 1314 28914 1217 7283 1 0 0 0 0 0 0 1 1 1 0 R 0
1479 31707 22428 725 22457 687 7492 1 0 0 0 0 0 0 1 1 1 0 R 0
1480 31728 20514 652 20605 556 4288 1 0 0 0 0 0 0 1 1 1 0 R 0
1481 31756 26937 581 26963 559 5030 1 0 0 0 0 0 0 1 1 1 0 R 0
1482 31790 33331 3566 30654 1218 7363 1 0 2 0 0 0 0 1 1 1 0 R 0
1483 31822 29223 575 23538 550 6606 1 0 6 0 0 0 0 1 1 1 0 R 0
1484 31847 24088 1041 24117 1019 5765 1 0 0 0 0 0 0 1 1 2 0 R 0
1485 31875 27347 593 27370 562 13914 1 0 0 0 0 0 0 1 1 1 0 R 0
1486 31897 20825 943 20866 917 4179 1 0 0 0 0 0 0 1 1 1 0 R 0
1487 31917 19732 628 19744 606 4748 1 0 0 0 0 0 0 1 1 1 0 R 0
1488 31939 21309 1014 21439 991 4334 1 0 0 0 0 0 0 1 1 1 0 R 0
1489 31969 28268 1041 28185 1016 5213 1 0 0 0 0 0 0 1 1 1 0 R 0
1490 31999 29034 966 29062 945 5692 1 0 0 0 0 0 0 1 1 1 0 R 0
1491 32020 20633 640 20651 613 4254 1 0 0 0 0 0 0 1 1 2 0 R 0
1492 32044 22679 572 22699 556 3838 1 0 0 0 0 0 0 1 1 1 0 R 0
1493 32070 25482 1002 25606 991 4920 1 0 0 0 0 0 0 1 1 2 0 R 0
1494 32097 26344 571 26254 544 5759 1 0 0 0 0 0 0 1 1 1 0 R 0
1495 32117 19839 588 19866 565 4433 1 0 0 0 0 0 0 1 1 1 0 R 0
1496 32139 21086 600 21108 578 4331 1 0 0 0 0 0 0 1 1 1 0 R 0
1497 32166 26064 1208 26086 1200 4947 1 0 0 0 0 0 0 1 1 1 0 R 0
1498 32196 29035 598 29044 571 6752 1 0 0 0 0 0 0 1 1 1 0 R 0
1499 32216 19169 610 19193 589 4440 1 0 0 0 0 0 0 1 1 1 0 R 0
