# swapstamp frames 1500 skip 150 peer 2558
# f t_ms gap_us swap_us crend_us cswap_us clr_us nclr vcs_r ivcs_r vcs_s ivcs_s minf majf cpu0 cpu1 pticks pcpu pstate ctr
0 0 45408 3456 32720 1375 18905 1 0 5 0 1 0 0 1 1 0 1 R 0
1 43 40480 3830 23884 1556 11119 1 1 7 0 1 1 0 1 1 1 1 R 1
2 92 45194 4270 28204 1927 20319 1 1 6 0 1 0 0 1 1 2 1 R 1
3 139 42713 3125 29826 1104 17450 1 1 7 0 1 0 0 1 1 1 1 R 1
4 187 44699 628 26594 580 9552 1 1 12 0 0 1 0 0 0 2 1 R 0
5 206 18123 958 18181 921 3713 1 0 0 0 0 0 0 0 0 2 1 R 0
6 261 54323 853 25344 842 38472 1 2 8 0 1 0 0 0 0 2 0 R 1
7 300 37581 2851 23933 979 3370 1 0 4 0 1 0 0 0 0 1 0 R 0
8 346 43677 2402 26563 1170 4122 1 0 5 0 1 0 0 0 0 1 0 R 0
9 418 69111 3134 27983 1091 16104 1 0 15 0 1 0 0 0 0 2 0 R 0
10 452 31423 2360 26086 2231 6684 1 0 3 0 0 0 0 1 1 2 0 R 1
11 510 55342 773 25458 753 12735 1 1 8 0 2 0 0 1 1 2 1 R 1
12 555 43880 3624 24901 1890 13691 1 1 7 0 1 0 0 0 0 1 1 R 1
13 598 39562 602 19001 573 4296 1 0 3 0 0 0 0 0 0 2 1 R 0
14 632 33572 5214 23782 2252 8567 1 0 6 0 2 0 0 1 1 2 1 R 1
15 699 61233 1487 43146 1471 18371 1 1 12 0 1 0 0 1 1 2 1 R 1
16 751 51306 3702 27919 1958 14321 1 1 12 0 1 0 0 1 1 2 1 R 1
17 799 44059 967 25445 896 11307 1 1 9 0 0 0 0 0 0 2 1 R 1
18 819 19370 5444 19468 885 3898 1 0 1 0 0 0 0 0 0 1 1 R 1
19 867 42574 615 23417 591 6276 1 0 3 0 0 0 0 0 0 1 1 R 1
20 900 31496 716 20011 672 14715 1 0 5 0 0 0 0 0 0 2 1 R 0
21 919 18657 17820 19010 1644 3413 1 0 1 0 1 0 0 1 1 2 1 R 2
22 976 39364 7790 23364 824 13083 1 1 12 0 0 0 0 0 0 1 1 R 1
23 1011 26872 6552 16412 1745 3070 1 0 2 0 1 0 0 1 1 1 1 R 1
24 1052 35027 1037 23559 1027 16697 1 1 8 0 1 0 0 0 0 3 1 R 1
25 1106 52206 1537 41001 1495 3822 1 0 4 0 1 0 0 1 1 1 1 R 1
26 1151 44146 818 25879 779 12707 1 1 9 0 0 0 0 0 0 2 1 R 0
27 1182 29578 575 21746 555 3466 1 0 5 0 1 0 0 0 0 2 1 R 1
28 1211 29090 12447 17579 834 3208 1 0 2 0 0 0 0 0 0 2 1 R 0
29 1251 27203 5665 16866 1937 3051 1 0 2 0 1 0 0 1 1 1 1 R 1
30 1291 34036 843 25240 792 18500 1 1 5 0 0 0 0 0 0 2 1 R 0
31 1308 16725 602 16769 559 3246 1 0 0 0 0 0 0 0 0 1 1 R 0
32 1369 60294 757 22217 712 44523 1 2 3 0 0 0 0 1 1 2 0 R 2
33 1408 38124 751 24333 702 6555 1 1 10 0 0 0 0 0 0 2 1 R 1
34 1442 33103 732 23015 697 3792 1 0 6 0 0 0 0 0 0 2 0 R 1
35 1481 38340 4602 26587 2667 8752 1 0 8 0 1 0 0 1 1 2 1 R 2
36 1536 50568 3023 24458 905 9262 1 1 16 0 1 0 0 0 0 2 1 R 0
37 1565 25733 717 23703 671 3837 1 0 1 0 0 0 0 0 0 1 1 R 0
38 1592 26624 17045 21466 3806 3818 1 0 4 0 1 1 0 1 1 2 1 R 2
39 1655 45946 1163 22946 1120 14802 1 1 4 0 1 0 0 1 1 2 1 R 1
40 1691 34830 738 19833 690 15850 1 1 5 0 0 0 0 0 0 2 1 R 0
41 1709 16561 619 16597 582 3098 1 0 0 0 0 0 0 0 0 1 1 R 0
42 1771 62018 1314 21527 1282 37710 1 2 10 0 1 0 0 1 1 2 1 R 3
43 1826 53306 4909 31961 2373 9920 1 1 12 0 1 0 0 1 1 2 1 R 1
44 1865 34721 716 22663 675 9594 1 1 5 0 0 0 0 0 0 2 1 R 0
45 1921 54947 4930 28317 2981 12008 1 0 8 0 1 0 0 1 1 2 1 R 2
46 1972 46187 1210 23303 1201 9851 1 1 15 0 1 0 0 1 1 2 1 R 1
47 2016 42698 592 18652 571 15036 1 1 2 0 0 0 0 0 0 2 1 R 0
48 2055 37995 9305 22575 960 3971 1 0 7 0 0 0 0 0 0 2 1 R 1
49 2091 27077 1406 19554 687 3267 1 0 2 0 0 0 0 0 0 1 1 R 1
50 2132 39489 6801 19921 2161 12034 1 0 8 0 1 0 0 1 1 3 1 R 1
51 2184 45627 723 27023 685 9784 1 1 13 0 0 0 0 0 0 2 1 R 0
52 2218 32775 776 18758 744 3701 1 0 3 0 0 0 0 0 0 1 1 R 1
53 2257 38664 987 24439 914 13966 1 0 7 0 0 0 0 0 0 3 1 R 1
54 2277 18938 622 18989 570 4545 1 0 0 0 0 0 0 0 0 0 1 R 0
55 2334 56403 836 34304 816 17222 1 0 3 0 1 0 0 1 1 3 1 R 2
56 2382 47376 3394 24415 1914 9894 1 1 12 0 4 0 0 0 0 1 1 R 0
57 2417 30617 618 21235 581 4175 1 0 2 0 0 0 0 0 0 3 1 R 0
58 2438 20790 537 20257 502 3181 1 0 1 0 0 0 0 0 0 1 1 R 0
59 2492 53513 658 22230 624 40797 1 2 1 0 0 0 0 0 0 2 1 R 1
60 2517 24834 640 24481 596 6930 1 0 1 0 0 0 0 0 0 2 1 R 0
61 2542 24224 1045 22030 1017 3936 1 0 6 0 0 0 0 0 0 1 1 R 0
62 2561 17930 844 17994 778 3122 1 0 0 0 0 0 0 0 0 2 1 R 0
63 2582 19500 572 19516 541 3856 1 0 0 0 0 0 0 0 0 1 1 R 0
64 2604 22236 577 20714 539 3884 1 0 4 0 0 0 0 0 0 1 1 R 0
65 2622 17097 1388 17147 1358 3140 1 0 0 0 0 0 0 0 0 2 1 R 0
66 2642 18400 1274 18463 1219 3548 1 0 0 0 0 0 0 0 0 1 1 R 0
67 2661 17856 806 17911 729 3311 1 0 0 0 0 0 0 0 0 2 1 R 0
68 2686 24611 582 22908 548 4117 1 0 5 0 0 0 0 0 0 2 1 R 0
69 2707 19567 574 19599 538 4614 1 0 0 0 0 0 0 0 0 1 1 R 0
70 2725 17837 708 17895 666 3122 1 0 0 0 0 0 0 0 0 2 1 R 0
71 2749 23601 587 21752 557 5380 1 0 5 0 0 0 0 0 0 2 1 R 0
72 2768 18153 671 18195 645 3674 1 0 0 0 0 0 0 0 0 2 1 R 0
73 2789 20089 563 20102 537 5295 1 0 0 0 0 0 0 0 0 1 1 R 0
74 2811 21392 584 20182 558 4364 1 0 4 0 0 0 0 0 0 1 1 R 0
75 2832 20789 1581 20838 1543 6042 1 0 0 0 0 0 0 0 0 2 1 R 0
76 2853 18835 962 18852 938 3876 1 0 0 0 0 0 0 0 0 1 1 R 0
77 2872 18679 1750 18736 1823 4019 1 0 0 0 1 0 0 0 0 2 1 R 0
78 2895 21228 576 19262 546 4113 1 0 3 0 0 0 0 0 0 1 1 R 0
79 2915 19598 632 19627 595 3844 1 0 0 0 0 0 0 0 0 1 1 R 0
80 2936 20371 934 18887 890 3343 1 0 1 0 0 0 0 0 0 2 1 R 0
81 2959 21400 663 20517 620 3394 1 0 4 0 0 0 0 0 0 1 1 R 0
82 2979 19301 582 19335 551 4346 1 0 0 0 0 0 0 0 0 2 1 R 0
83 2999 19347 702 19394 652 4287 1 0 0 0 0 0 0 0 0 1 1 R 0
84 3021 21251 728 19904 699 4388 1 0 4 0 0 1 0 0 0 1 1 R 0
85 3040 18821 832 18891 772 3751 1 0 0 0 0 0 0 0 0 2 1 R 0
86 3059 18119 705 18163 648 3133 1 0 0 0 0 0 0 0 0 1 1 R 0
87 3078 18118 696 18185 637 3627 1 0 0 0 0 0 0 0 0 2 1 R 0
88 3102 22957 603 21800 545 7452 1 0 4 0 0 1 0 0 0 1 1 R 0
89 3122 19585 596 19619 561 4090 1 0 0 0 0 0 0 0 0 1 1 R 0
90 3146 23860 688 22553 658 6463 1 0 1 0 0 0 0 0 0 2 1 R 0
91 3168 21043 785 19895 733 3060 1 0 4 0 0 0 0 0 0 2 1 R 0
92 3188 19423 562 19447 529 4505 1 0 0 0 0 0 0 0 0 1 1 R 0
93 3208 19450 601 19487 565 4288 1 0 0 0 0 0 0 0 0 1 1 R 0
94 3231 21750 586 20468 551 4320 1 0 4 0 0 0 0 0 0 1 1 R 0
95 3248 16848 734 16906 682 3324 1 0 0 0 0 0 0 0 0 2 1 R 0
96 3269 20517 694 20559 656 6175 1 0 0 0 0 0 0 0 0 2 1 R 0
97 3289 19599 814 19795 629 4620 1 0 0 0 0 0 0 0 0 1 1 R 0
98 3311 20726 610 19678 575 6407 1 0 4 0 0 0 0 0 0 1 1 R 0
99 3331 19282 698 19325 653 3902 1 0 0 0 0 0 0 0 0 2 1 R 0
100 3351 19470 689 18472 625 3178 1 0 1 0 0 0 0 0 0 1 1 R 0
101 3374 22678 799 21616 754 3357 1 0 4 0 0 0 0 0 0 2 1 R 0
102 3395 20058 663 20101 620 3234 1 0 0 0 0 0 0 0 0 2 1 R 0
103 3415 19231 670 19256 636 3866 1 0 0 0 0 0 0 0 0 1 1 R 0
104 3437 21190 566 20153 539 3832 1 0 4 0 0 0 0 0 0 1 1 R 0
105 3460 22133 774 22177 731 6679 1 0 0 0 0 0 0 0 0 1 1 R 0
106 3478 17556 857 17657 754 3493 1 0 0 0 0 0 0 0 0 2 1 R 0
107 3499 20110 586 20135 559 4707 1 0 0 0 0 0 0 0 0 1 1 R 0
108 3521 21196 597 20058 560 6308 1 0 4 0 0 0 0 0 0 2 1 R 0
109 3542 20148 785 18921 701 3197 1 0 1 0 0 0 0 0 0 1 1 R 0
110 3560 17694 719 17754 661 3192 1 0 0 0 0 0 0 0 0 2 1 R 0
111 3584 23002 578 21990 547 5219 1 0 4 0 0 0 0 0 0 1 1 R 0
112 3604 19975 581 20006 547 3569 1 0 0 0 0 0 0 0 0 2 1 R 0
113 3624 19214 571 19247 542 3843 1 0 0 0 0 0 0 0 0 1 1 R 0
114 3642 16892 846 16997 738 3037 1 0 0 0 0 0 0 0 0 2 1 R 0
115 3665 22998 686 20618 625 3714 1 0 4 0 0 0 0 0 0 1 1 R 0
116 3684 18149 813 18236 728 3071 1 0 0 0 0 0 0 0 0 2 1 R 0
117 3705 20160 563 20186 534 3986 1 0 0 0 0 0 0 0 0 1 1 R 0
118 3727 21643 620 20194 588 3888 1 0 4 0 0 0 0 0 0 1 1 R 0
119 3751 22496 569 21184 537 4492 1 0 2 0 0 0 0 0 0 2 1 R 0
120 3774 22936 685 22630 611 6401 1 0 1 0 0 0 0 0 0 2 1 R 0
121 3796 21353 803 20325 764 3073 1 0 4 0 0 0 0 0 0 2 1 R 0
122 3816 19488 574 19514 546 3880 1 0 0 0 0 0 0 0 0 1 1 R 0
123 3836 19236 968 19279 916 3878 1 0 0 0 0 0 0 0 0 1 1 R 0
124 3858 20639 849 19305 814 3278 1 0 4 0 0 0 0 0 0 2 1 R 0
125 3878 18941 583 18963 555 4327 1 0 0 0 0 0 0 0 0 1 1 R 0
126 3898 19599 597 19651 540 4246 1 0 0 0 0 0 0 0 0 1 1 R 0
127 3918 19458 574 19489 542 4334 1 0 0 0 0 0 0 0 0 2 1 R 0
128 3942 23588 1699 21610 1330 6595 1 0 5 0 1 0 0 0 0 1 1 R 0
129 3964 19932 632 19937 593 3628 1 0 0 0 0 0 0 0 0 1 1 R 0
130 3982 17336 772 17426 694 3303 1 0 0 0 0 0 0 0 0 1 1 R 0
131 4006 23886 580 22630 546 5179 1 0 4 0 0 0 0 0 0 2 1 R 0
132 4026 19406 582 19444 548 3804 1 0 0 0 0 0 0 0 0 1 1 R 0
133 4046 19031 631 19062 593 3873 1 0 0 0 0 0 0 0 0 1 1 R 0
134 4067 20653 1049 19681 1025 3266 1 0 4 0 0 0 0 0 0 2 1 R 0
135 4089 21084 833 21155 763 6596 1 0 0 0 0 0 0 0 0 2 1 R 0
136 4109 19254 603 19280 568 4300 1 0 0 0 0 0 0 0 0 1 1 R 0
137 4129 19376 601 19410 564 4347 1 0 0 0 0 0 0 0 0 1 1 R 0
138 4152 22467 1023 20585 985 7644 1 0 5 0 0 0 0 0 0 1 1 R 0
139 4171 17128 694 17156 663 3236 1 0 0 0 0 0 0 0 0 2 1 R 0
140 4191 20033 674 19672 645 4364 1 0 1 0 0 0 0 0 0 1 1 R 0
141 4215 22958 1282 21722 1264 3885 1 0 4 0 0 1 0 0 0 2 1 R 0
142 4236 19261 582 19283 547 3859 1 0 0 0 0 0 0 0 0 1 1 R 0
143 4256 19736 704 19769 687 3830 1 0 0 0 0 0 0 0 0 2 1 R 0
144 4278 21268 689 19866 662 3226 1 0 4 0 0 0 0 0 0 1 1 R 0
145 4297 18055 715 18095 676 3831 1 0 0 0 0 0 0 0 0 2 1 R 0
146 4318 20467 601 20499 566 4301 1 0 0 0 0 0 0 0 0 1 1 R 0
147 4338 19226 2316 19283 1159 4310 1 0 0 0 1 0 0 0 0 1 1 R 0
148 4360 20006 589 19151 551 5361 1 0 4 0 0 0 0 0 0 1 1 R 0
149 4379 18073 791 18148 727 3665 1 0 0 0 0 0 0 0 0 2 1 R 0
150 4402 22367 765 22399 737 6954 1 0 0 0 0 0 0 0 0 3 1 R 0
151 4424 21301 572 19705 542 3565 1 0 4 0 0 0 0 0 0 1 1 R 0
152 4445 20242 694 20273 665 3804 1 0 0 0 0 0 0 0 0 1 1 R 0
153 4462 17028 1427 17073 1402 3072 1 0 0 0 0 0 0 0 0 1 1 R 0
154 4482 18223 677 18249 627 3416 1 0 0 0 1 0 0 0 0 3 1 R 0
155 4512 28948 10193 21835 1283 3388 1 0 5 0 0 0 0 0 0 1 1 R 0
156 4546 24189 776 22166 729 3805 1 0 2 0 0 0 0 0 0 2 1 R 0
157 4575 28349 760 24892 740 10508 1 0 6 0 0 0 0 0 0 1 1 R 0
158 4596 19978 683 19512 613 3089 1 0 1 0 0 0 0 0 0 2 1 R 0
159 4617 20475 691 20124 651 3020 1 0 1 0 0 0 0 0 0 2 1 R 0
160 4639 20882 598 19778 566 6107 1 0 4 0 0 0 0 0 0 1 1 R 0
161 4660 20652 587 20682 556 4388 1 0 0 0 0 0 0 0 0 1 1 R 0
162 4680 19282 737 18848 701 3925 1 0 1 0 0 0 0 0 0 2 1 R 0
163 4702 21439 716 20454 665 4055 1 0 4 0 0 0 0 0 0 2 1 R 0
164 4723 20812 555 20826 533 4057 1 0 0 0 0 0 0 0 0 1 1 R 0
165 4748 23765 582 22949 545 8313 1 0 1 0 0 0 0 0 0 2 1 R 0
166 4771 23027 682 21433 629 4982 1 0 4 0 0 0 0 0 0 1 1 R 0
167 4791 18963 855 18603 804 3339 1 0 1 0 0 0 0 0 0 2 1 R 0
168 4811 18704 700 18756 650 3105 1 0 0 0 0 0 0 0 0 1 1 R 0
169 4831 19759 595 19777 565 3827 1 0 0 0 0 0 0 0 0 1 1 R 0
170 4854 22703 635 21290 602 4096 1 0 4 0 0 0 0 0 0 1 1 R 0
171 4872 17286 1382 17358 1340 3056 1 0 0 0 0 0 0 0 0 2 1 R 0
172 4892 18152 720 18199 653 3332 1 0 0 0 0 0 0 0 0 2 1 R 0
173 4915 22899 727 22001 678 3141 1 0 4 0 0 0 0 0 0 2 1 R 0
174 4935 19206 676 19263 620 3861 1 0 0 0 0 0 0 0 0 1 1 R 0
175 4956 20377 670 18891 632 4070 1 0 1 0 0 0 0 0 0 1 1 R 0
176 4979 21827 563 20193 532 3070 1 0 4 0 0 0 0 0 0 2 1 R 0
177 4996 16427 661 16472 617 3513 1 0 0 0 0 0 0 0 0 1 1 R 0
178 5018 21721 715 21787 658 6926 1 0 0 0 0 0 0 0 0 2 1 R 0
179 5039 19674 702 19718 647 4352 1 0 0 0 0 0 0 0 0 1 1 R 0
180 5064 24345 614 23235 577 12361 1 0 4 0 0 0 0 0 0 1 1 R 0
181 5082 17528 764 17602 705 3153 1 0 0 0 0 1 0 0 0 2 1 R 0
182 5101 18238 804 18321 719 3706 1 0 0 0 0 0 0 0 0 1 1 R 0
183 5125 23431 589 22344 559 4404 1 0 4 0 0 0 0 0 0 2 1 R 0
184 5148 21914 580 21133 546 3937 1 0 1 0 0 0 0 0 0 1 1 R 0
185 5168 19757 623 19787 595 4325 1 0 0 0 0 0 0 0 0 2 1 R 0
186 5189 20718 865 19177 838 3517 1 0 4 0 0 0 0 0 0 1 1 R 0
187 5208 18018 676 18040 628 3525 1 0 0 0 0 0 0 0 0 2 1 R 0
188 5230 20872 580 20908 544 4839 1 0 0 0 0 0 0 0 0 1 1 R 0
189 5249 19032 583 19066 553 4287 1 0 0 0 0 0 0 0 0 2 1 R 0
190 5271 21364 722 20356 687 6632 1 0 4 0 0 0 0 0 0 1 1 R 0
191 5291 18560 713 18611 668 3392 1 0 0 0 0 0 0 0 0 1 1 R 0
192 5310 18311 702 18372 636 3104 1 0 0 0 0 0 0 0 0 2 1 R 0
193 5333 23222 566 21320 541 4333 1 0 4 0 0 0 0 0 0 2 1 R 0
194 5354 20414 603 19077 568 4078 1 0 1 0 0 0 0 0 0 1 1 R 0
195 5378 22699 586 22722 550 8242 1 0 0 0 0 0 0 0 0 1 1 R 0
196 5400 21187 704 19853 642 3541 1 0 4 0 0 0 0 0 0 2 1 R 0
197 5418 17535 723 17592 657 3557 1 0 0 0 0 0 0 0 0 2 1 R 0
198 5439 20659 727 20692 703 5070 1 0 0 0 0 0 0 0 0 1 1 R 0
199 5460 19951 636 20010 566 4303 1 0 0 0 0 0 0 0 0 1 1 R 0
200 5481 20993 646 20109 617 6492 1 0 4 0 0 0 0 0 0 2 1 R 0
201 5500 17972 680 18024 632 3074 1 0 0 0 0 0 0 0 0 2 1 R 0
202 5519 18675 813 18712 774 3499 1 0 0 0 0 0 0 0 0 1 1 R 0
203 5541 21098 750 19991 711 4050 1 0 4 0 0 0 0 0 0 2 1 R 0
204 5564 22112 687 21050 648 5345 1 0 1 0 0 0 0 0 0 1 1 R 0
205 5584 18970 578 18996 546 3835 1 0 0 0 0 0 0 0 0 1 1 R 0
206 5602 17187 713 17259 645 3173 1 0 0 0 0 0 0 0 0 1 1 R 0
207 5625 22620 764 20727 732 3310 1 0 4 0 0 0 0 0 0 3 1 R 0
208 5646 20280 564 20295 531 3840 1 0 0 0 0 0 0 0 0 1 1 R 0
209 5666 19638 595 19674 559 3895 1 0 0 0 0 0 0 0 0 1 1 R 0
210 5691 24345 597 23528 565 9308 1 0 4 0 0 0 0 0 0 2 1 R 0
211 5709 17509 849 17587 768 3056 1 0 0 0 0 0 0 0 0 1 1 R 0
212 5730 20187 846 19396 792 5303 1 0 1 0 0 1 0 0 0 2 1 R 0
213 5756 24898 746 22641 719 3980 1 0 4 0 0 0 0 0 0 1 1 R 0
214 5776 19576 593 19599 556 3850 1 0 0 0 0 0 0 0 0 2 1 R 0
215 5798 20737 814 20430 737 4370 1 0 1 0 0 0 0 0 0 1 1 R 0
216 5821 21995 691 20213 643 4129 1 0 5 0 0 0 0 0 0 1 1 R 0
217 5841 20042 579 20069 548 3674 1 0 0 0 0 0 0 0 0 2 1 R 0
218 5861 19567 602 19602 570 3871 1 0 0 0 0 0 0 0 0 2 1 R 0
219 5881 19510 617 19539 588 3842 1 0 0 0 0 0 0 0 0 1 1 R 0
220 5902 20161 1798 18815 1779 4754 1 0 4 0 0 0 0 0 0 2 1 R 0
221 5922 17564 675 17586 612 3240 1 0 0 0 0 0 0 0 0 1 1 R 0
222 5942 19217 806 19275 752 3779 1 0 0 0 0 0 0 0 0 2 1 R 0
223 5966 23718 591 21181 558 5806 1 0 5 0 0 0 0 0 0 2 1 R 0
224 5986 19159 572 19194 539 3803 1 0 0 0 0 0 0 0 0 1 1 R 0
225 6008 21377 797 21418 768 6613 1 0 0 0 0 0 0 0 0 2 1 R 0
226 6029 20709 688 19487 625 3575 1 0 4 0 0 0 0 0 0 0 1 R 0
227 6050 19604 594 19637 560 4168 1 0 0 0 0 0 0 0 0 2 1 R 0
228 6070 19431 596 19462 568 4265 1 0 0 0 0 0 0 0 0 1 1 R 0
229 6089 19012 798 19047 775 4337 1 0 0 0 0 0 0 0 0 1 1 R 0
230 6110 19994 723 19085 662 5281 1 0 4 0 0 0 0 0 0 2 1 R 0
231 6129 18573 852 18621 807 3565 1 0 0 0 0 0 0 0 0 1 1 R 0
232 6152 21410 562 20533 541 3588 1 0 1 0 0 0 0 0 0 2 1 R 0
233 6174 22087 633 20807 587 4056 1 0 4 0 0 0 0 0 0 1 1 R 0
234 6195 19850 661 19894 622 3885 1 0 0 0 0 0 0 0 0 1 1 R 0
235 6212 16995 1480 17065 1435 3092 1 0 0 0 0 0 0 0 0 2 1 R 0
236 6231 17340 631 17373 578 3139 1 0 0 0 0 0 0 0 0 1 1 R 0
237 6255 23229 631 21853 596 4626 1 0 4 0 0 0 0 0 0 2 1 R 0
238 6276 20790 881 20843 849 3840 1 0 0 0 0 0 0 0 0 1 1 R 0
239 6302 24255 590 21728 553 6861 1 0 3 0 0 0 0 0 0 2 1 R 0
240 6327 24979 586 23740 556 7730 1 0 4 0 0 0 0 0 0 2 1 R 0
241 6346 17971 720 18029 660 3087 1 0 0 0 0 0 0 0 0 1 1 R 0
242 6368 21513 585 20387 550 5793 1 0 1 0 0 0 0 0 0 1 1 R 0
243 6389 20751 1391 19518 1368 6323 1 0 4 0 0 1 0 0 0 1 1 R 0
244 6409 18163 685 18197 638 3571 1 0 0 0 0 0 0 0 0 2 1 R 0
245 6428 18606 703 18651 656 4432 1 0 0 0 0 0 0 0 0 2 1 R 0
246 6451 22452 781 21062 739 4398 1 0 4 0 0 0 0 0 0 1 1 R 0
247 6472 19714 626 19724 591 3836 1 0 0 0 0 0 0 0 0 2 1 R 0
248 6492 19633 598 19673 561 3818 1 0 0 0 0 0 0 0 0 2 1 R 0
249 6511 17951 665 17999 626 3149 1 0 0 0 0 0 0 0 0 1 1 R 0
250 6534 23189 687 21668 640 4545 1 0 4 0 0 0 0 0 0 2 1 R 0
251 6556 20415 575 19346 541 3485 1 0 1 0 0 0 0 0 0 1 1 R 0
252 6599 42977 3459 25587 1379 15697 1 0 4 0 1 0 0 1 1 2 1 R 1
253 6623 19954 2169 19512 2143 3081 1 1 0 0 0 0 0 0 0 1 1 R 0
254 6646 20982 586 20991 554 3799 1 0 0 0 0 0 0 0 0 2 1 R 0
255 6671 24409 615 23563 579 9442 1 0 4 0 0 0 0 0 0 2 1 R 0
256 6692 21211 999 20688 975 4189 1 0 1 0 0 0 0 0 0 1 1 R 0
257 6714 20497 948 20585 876 4521 1 0 0 0 0 0 0 0 0 1 1 R 0
258 6737 22043 848 21149 783 3106 1 0 4 0 0 0 0 0 0 2 1 R 0
259 6758 20285 811 18819 769 3645 1 0 1 0 0 0 0 0 0 2 1 R 0
260 6778 19248 585 19277 550 3895 1 0 0 0 0 0 0 0 0 1 1 R 0
261 6800 21543 594 20384 555 4376 1 0 4 0 0 0 0 0 0 2 1 R 0
262 6819 17971 722 18045 659 3967 1 0 0 0 0 0 0 0 0 1 1 R 0
263 6840 20268 688 20047 649 4264 1 0 1 0 0 0 0 0 0 2 1 R 0
264 6859 18475 751 18532 695 3775 1 0 0 0 0 0 0 0 0 1 1 R 0
265 6881 21315 583 20354 555 6597 1 0 4 0 0 0 0 0 0 2 1 R 0
266 6901 19618 594 19652 559 3817 1 0 0 0 0 0 0 0 0 1 1 R 0
267 6920 17698 695 17755 645 3305 1 0 0 0 0 0 0 0 0 2 1 R 0
268 6942 21299 733 20302 665 3885 1 0 4 0 0 0 0 0 0 1 1 R 0
269 6963 20233 1592 19273 1566 3111 1 0 1 0 0 0 0 0 0 1 1 R 0
270 6987 22853 599 22867 562 8180 1 0 0 0 0 0 0 0 0 2 1 R 0
271 7010 22298 589 21360 555 4439 1 0 4 0 0 0 0 0 0 1 1 R 0
272 7028 17605 678 17657 626 3663 1 0 0 0 0 0 0 0 0 1 1 R 0
273 7048 19119 690 19178 639 4217 1 0 0 0 0 0 0 0 0 2 1 R 0
274 7067 18831 699 18892 637 3790 1 0 0 0 0 1 0 0 0 2 1 R 0
275 7091 22417 583 21467 553 6796 1 0 4 0 0 0 0 0 0 1 1 R 0
276 7111 19459 597 19497 559 3823 1 0 0 0 0 0 0 0 0 1 1 R 0
277 7130 18622 799 18686 740 3070 1 0 0 0 0 0 0 0 0 2 1 R 0
278 7151 20554 693 19715 639 3160 1 0 4 0 0 0 0 0 0 2 1 R 0
279 7173 21526 646 20329 612 4682 1 0 1 0 0 0 0 0 0 1 1 R 0
280 7193 19108 555 19112 535 3870 1 0 0 0 0 0 0 0 0 2 1 R 0
281 7216 21999 556 21198 525 3868 1 0 4 0 0 0 0 0 0 1 1 R 0
282 7236 19498 631 19534 589 3258 1 0 0 0 0 0 0 0 0 2 1 R 0
283 7254 18079 838 18167 761 3384 1 0 0 0 0 0 0 0 0 1 1 R 0
284 7275 19486 705 19546 644 3167 1 0 0 0 0 0 0 0 0 1 1 R 0
285 7300 24089 590 22503 558 11298 1 0 4 0 0 0 0 0 0 2 1 R 0
286 7319 19184 593 19216 556 4595 1 0 0 0 0 0 0 0 0 1 1 R 0
287 7337 17569 765 17617 724 3576 1 0 0 0 0 0 0 0 0 1 1 R 0
288 7362 23663 571 20817 546 4431 1 0 4 0 0 0 0 0 0 2 1 R 0
289 7380 17533 817 17595 763 3157 1 0 0 0 0 0 0 0 0 2 1 R 0
290 7402 20866 594 20887 558 4108 1 0 0 0 0 0 0 0 0 2 1 R 0
291 7421 19141 703 19230 612 4123 1 0 0 0 0 0 0 0 0 0 1 R 0
292 7443 21183 765 19815 726 4521 1 0 4 0 0 0 0 0 0 2 1 R 0
293 7462 17490 702 17552 635 3097 1 0 0 0 0 0 0 0 0 2 1 R 0
294 7480 18107 631 18159 588 3062 1 0 0 0 0 0 0 0 0 1 1 R 0
295 7505 23680 592 22104 558 4396 1 0 4 0 0 0 0 0 0 2 1 R 0
296 7525 19768 589 19799 559 3981 1 0 0 0 0 0 0 0 0 1 1 R 0
297 7544 18028 717 18064 681 3136 1 0 0 0 0 0 0 0 0 1 1 R 0
298 7574 29856 816 22364 727 4242 1 0 6 0 0 0 0 0 0 2 1 R 0
299 7594 18996 575 19031 545 3103 1 0 0 0 0 0 0 0 0 1 1 R 0
300 7621 25866 3319 23193 856 8135 1 0 2 0 0 0 0 0 0 1 1 R 0
301 7661 36677 962 21197 908 3380 1 0 3 0 0 0 0 0 0 3 1 R 0
302 7679 17994 560 18029 522 3462 1 0 0 0 0 0 0 0 0 1 1 R 0
303 7712 31498 3260 23821 2176 3209 1 0 2 0 3 0 0 0 0 2 1 R 0
304 7738 22839 620 21439 591 3825 1 0 2 0 0 0 0 0 0 1 1 R 0
305 7809 70502 1070 33190 1041 38545 1 2 10 0 1 0 0 0 0 2 0 R 0
306 7866 55735 3122 32593 1216 4240 1 0 11 0 1 0 0 0 0 3 0 R 0
307 7918 49543 4015 30007 2200 15353 1 0 4 0 1 0 0 0 0 2 0 R 0
308 7960 37574 596 21241 565 11687 1 0 6 0 0 0 0 0 0 2 1 R 1
309 7979 18744 747 17126 665 3126 1 0 1 0 0 0 0 0 0 1 1 R 0
310 8026 46478 1152 21995 1076 23233 1 0 7 0 0 0 0 0 0 3 1 R 0
311 8045 17674 644 17717 614 3856 1 0 0 0 0 0 0 0 0 1 1 R 0
312 8118 72467 1111 30766 1110 47131 1 2 7 0 1 0 0 0 0 3 0 R 0
313 8164 44881 10051 28242 1634 5654 1 0 9 0 1 0 0 0 0 2 0 R 0
314 8229 54900 4187 38190 2116 4738 1 0 7 0 1 0 0 0 0 1 0 R 0
315 8325 91643 3784 46051 1467 27551 1 0 18 0 1 0 0 0 0 3 0 R 0
316 8372 42958 12239 23284 910 17068 1 0 3 0 0 0 0 1 1 2 0 R 1
317 8449 64947 2659 38375 868 9703 1 1 12 0 1 0 0 0 0 3 0 R 1
318 8527 75333 2462 31532 1215 7001 1 0 18 0 1 0 0 0 0 1 0 R 0
319 8593 63097 1453 25481 1435 11705 1 0 14 0 1 0 0 0 0 1 0 R 2
320 8689 94970 1011 37936 993 19398 1 0 15 0 0 0 0 1 1 2 1 R 2
321 8751 61430 7814 25649 2177 23059 1 1 14 0 1 0 0 1 1 2 1 R 2
322 8817 57429 6961 34641 1303 7081 1 1 12 0 1 0 0 1 1 3 1 R 1
323 8871 47790 737 22409 570 16696 1 1 7 0 1 0 0 0 0 2 1 R 1
324 8926 54190 2449 25914 783 11598 1 0 19 0 1 0 0 0 0 1 1 R 2
325 8974 44827 3407 31713 1325 10958 1 0 4 0 1 0 0 1 1 3 1 R 1
326 9021 44437 1094 27583 1066 9882 1 1 9 0 1 0 0 1 1 2 1 R 1
327 9061 38873 4971 18728 1275 15157 1 1 4 0 0 0 0 1 1 2 1 R 1
328 9118 51597 625 23840 595 3353 1 1 4 0 0 1 0 0 0 1 1 R 0
329 9172 53224 601 25708 1190 14507 1 0 12 0 1 0 0 0 0 2 1 R 2
330 9227 54771 2726 29032 1014 20256 1 0 17 0 1 0 0 0 0 1 1 R 3
331 9281 50816 6764 35221 3402 13464 1 0 11 0 1 0 0 1 1 3 1 R 1
332 9341 53543 1195 29078 1152 10617 1 1 10 0 1 1 0 1 1 1 1 R 1
333 9389 46905 674 25332 652 15890 1 1 12 0 1 0 0 0 0 2 1 R 3
334 9435 45302 2297 21985 910 3143 1 0 9 0 1 0 0 0 0 3 1 R 1
335 9491 53521 1496 30438 1357 10648 1 0 8 0 1 0 0 1 1 1 1 R 1
336 9540 47717 564 25339 543 9255 1 1 11 0 0 0 0 0 0 2 1 R 1
337 9599 57974 1458 38905 1335 11614 1 0 9 0 1 0 0 1 1 2 1 R 2
338 9654 54021 705 24024 702 15730 1 1 8 0 0 1 0 0 0 2 1 R 0
339 9697 42028 3607 31710 1385 3837 1 0 4 0 1 0 0 1 1 2 1 R 1
340 9745 44744 561 24829 537 7382 1 1 10 0 0 0 0 0 0 2 1 R 2
341 9790 44015 1220 34724 1204 12388 1 0 6 0 1 0 0 1 1 2 1 R 1
342 9852 61029 1369 28324 1295 7836 1 1 12 0 0 1 0 0 0 3 1 R 0
343 9874 20908 633 20940 588 4095 1 0 0 0 0 0 0 0 0 0 1 R 0
344 9899 24037 687 22805 654 4321 1 0 4 0 0 0 0 0 0 2 1 R 0
345 9959 59403 1375 21093 1361 47427 1 2 2 0 1 1 0 0 0 2 1 R 1
346 9986 25731 590 20991 552 4000 1 0 5 0 0 0 0 0 0 2 1 R 0
347 10007 19984 669 20032 640 3329 1 0 0 0 0 0 0 0 0 1 1 R 0
348 10028 20837 574 20428 540 4386 1 0 1 0 0 0 0 0 0 2 1 R 0
349 10050 21043 589 19954 555 5875 1 0 4 0 0 0 0 0 0 1 1 R 0
350 10071 20052 594 20086 559 4532 1 0 0 0 0 0 0 0 0 2 1 R 0
351 10090 18975 786 19055 708 3800 1 0 0 0 0 0 0 0 0 1 1 R 0
352 10112 20750 934 19699 1305 3088 1 0 4 0 0 0 0 0 0 1 1 R 0
353 10130 17442 807 17033 749 3163 1 0 0 0 0 0 0 0 0 2 1 R 0
354 10152 20819 724 20868 668 3269 1 0 0 0 0 0 0 0 0 2 1 R 0
355 10172 19781 1240 19812 1223 4019 1 0 0 0 1 0 0 0 0 1 1 R 0
356 10196 22317 571 19488 535 4907 1 0 3 0 0 0 0 0 0 1 1 R 0
357 10216 19595 583 19631 547 3744 1 0 0 0 0 0 0 0 0 1 1 R 0
358 10235 18646 698 18705 653 3225 1 0 0 0 0 0 0 0 0 2 1 R 0
359 10259 22721 595 21666 563 4006 1 0 4 0 0 0 0 0 0 1 1 R 0
360 10281 22203 687 22237 652 8220 1 0 0 0 0 0 0 0 0 2 1 R 0
361 10300 17937 688 17983 644 3074 1 0 0 0 0 0 0 0 0 1 1 R 0
362 10323 21858 1636 20715 1597 3687 1 0 4 0 0 0 0 0 0 1 1 R 0
363 10342 18177 1488 18212 1481 3148 1 0 0 0 0 0 0 0 0 3 1 R 0
364 10363 19544 579 19535 548 3850 1 0 0 0 0 0 0 0 0 1 1 R 0
365 10387 22983 570 20689 534 3845 1 0 5 0 0 0 0 0 0 1 1 R 0
366 10405 17835 671 17881 630 3276 1 0 0 0 0 0 0 0 0 2 1 R 0
367 10425 18888 822 18950 773 3131 1 0 0 0 0 1 0 0 0 2 1 R 0
368 10445 18972 722 18997 701 3228 1 0 0 0 0 0 0 0 0 1 1 R 0
369 10467 21713 716 20359 646 3835 1 0 4 0 0 0 0 0 0 1 1 R 0
370 10487 19293 585 19331 548 4444 1 0 0 0 0 0 0 0 0 1 1 R 0
371 10506 17953 958 17999 928 3462 1 0 0 0 0 0 0 0 0 2 1 R 0
372 10529 22407 552 21108 522 3352 1 0 4 0 0 0 0 0 0 2 1 R 0
373 10549 19411 708 18663 664 3602 1 0 1 0 0 0 0 0 0 2 1 R 0
374 10569 19641 589 19671 554 4569 1 0 0 0 0 0 0 0 0 1 1 R 0
375 10597 26906 576 24814 538 10168 1 0 5 0 0 0 0 0 0 1 1 R 0
376 10616 18262 771 18328 717 3058 1 0 0 0 0 0 0 0 0 2 1 R 0
377 10636 19243 819 19328 726 3422 1 0 0 0 0 0 0 0 0 2 1 R 0
378 10656 19813 581 19844 551 3493 1 0 0 0 0 0 0 0 0 1 1 R 0
379 10680 22762 604 20693 571 3899 1 0 5 0 0 0 0 0 0 2 1 R 0
380 10702 21261 590 21297 553 4234 1 0 0 0 0 0 0 0 0 1 1 R 0
381 10720 17648 953 17721 885 3358 1 0 0 0 0 0 0 0 0 2 1 R 0
382 10757 35775 1960 26048 796 3843 1 0 10 0 0 0 0 0 0 1 1 R 0
383 10796 37010 772 25480 737 14181 1 0 6 0 0 0 0 0 0 2 1 R 0
384 10818 21967 593 20703 555 3097 1 0 4 0 0 0 0 0 0 2 1 R 0
385 10837 17911 717 17983 645 3887 1 0 0 0 0 0 0 0 0 1 1 R 0
386 10859 21501 577 21539 539 4986 1 0 0 0 0 0 0 0 0 2 1 R 0
387 10881 21131 586 20097 552 4518 1 0 4 0 0 0 0 0 0 1 1 R 0
388 10901 19951 588 19984 553 3872 1 0 0 0 0 0 0 0 0 1 1 R 0
389 10919 17594 690 17649 636 3313 1 0 0 0 0 0 0 0 0 2 1 R 0
390 10942 22198 2768 22261 1831 5996 1 0 0 0 2 0 0 0 0 1 1 R 0
391 10967 21397 587 20312 552 3829 1 0 2 0 0 0 0 0 0 2 1 R 0
392 10988 20766 597 19615 556 3827 1 0 1 0 0 0 0 0 0 1 1 R 0
393 11008 19659 574 19696 535 4304 1 0 0 0 0 0 0 0 0 1 1 R 0
394 11030 21075 805 20258 722 3852 1 0 4 0 0 0 0 0 0 2 1 R 0
395 11050 19220 737 19266 687 3806 1 0 0 0 0 0 0 0 0 2 1 R 0
396 11077 26320 584 23928 542 5521 1 0 3 0 0 0 0 1 1 1 0 R 2
397 11114 36202 615 19163 605 21822 1 3 2 0 1 0 0 0 0 2 0 R 0
398 11138 23574 2451 16071 693 2201 1 0 1 0 1 0 0 0 0 1 0 R 0
399 11165 24564 577 19211 543 5875 1 0 4 0 0 0 0 1 1 1 0 R 1
400 11187 22020 638 18535 604 5969 1 1 2 0 0 0 0 1 1 1 0 R 1
401 11214 26359 927 24014 896 6469 1 1 1 0 0 0 0 1 1 1 0 R 1
402 11244 28385 2533 19904 894 7742 1 1 7 0 1 0 0 0 0 1 0 R 0
403 11268 21373 583 18267 545 4771 1 0 2 0 0 0 0 0 0 2 1 R 0
404 11288 19520 589 19562 549 4464 1 0 0 0 0 0 0 0 0 1 1 R 0
405 11314 25278 617 24112 586 11106 1 0 4 0 0 0 0 0 0 1 1 R 0
406 11332 17416 837 17490 772 3306 1 0 0 0 0 0 0 0 0 1 1 R 0
407 11351 18849 698 18897 646 3226 1 0 0 0 0 0 0 0 0 2 1 R 0
408 11374 22328 723 21390 650 3363 1 0 4 0 0 0 0 0 0 2 1 R 0
409 11396 20953 913 19429 845 3941 1 0 1 0 0 0 0 0 0 1 1 R 0
410 11417 19836 571 19873 536 4517 1 0 0 0 0 0 0 0 0 1 1 R 0
411 11439 21483 615 20469 566 3046 1 0 4 0 0 0 0 0 0 2 1 R 0
412 11457 17689 799 17733 755 3530 1 0 0 0 0 0 0 0 0 2 1 R 0
413 11476 18215 664 18260 627 3900 1 0 0 0 0 0 0 0 0 1 1 R 0
414 11498 20808 567 20834 530 4987 1 0 0 0 0 0 0 0 0 2 1 R 0
415 11519 21201 596 20018 563 6542 1 0 4 0 0 0 0 0 0 1 1 R 0
416 11538 17886 852 17951 792 3861 1 0 0 0 0 0 0 0 0 1 1 R 0
417 11559 19844 584 19872 548 3809 1 0 0 0 0 0 0 0 0 2 1 R 0
418 11581 21951 596 20761 559 4312 1 0 4 0 0 0 0 0 0 1 1 R 0
419 11602 20304 590 19263 554 5321 1 0 1 0 0 0 0 0 0 1 1 R 0
420 11626 23836 577 23875 541 7783 1 0 0 0 0 0 0 0 0 1 1 R 0
421 11648 20821 861 19426 829 3124 1 0 4 0 0 0 0 0 0 2 1 R 0
422 11667 18715 852 18782 800 3696 1 0 0 0 0 0 0 0 0 1 1 R 0
423 11688 19873 587 19883 553 4482 1 0 0 0 0 0 0 0 0 2 1 R 0
424 11709 19987 575 20025 537 4432 1 0 0 0 0 0 0 0 0 1 1 R 0
425 11730 21054 572 19941 538 6297 1 0 4 0 0 0 0 0 0 2 1 R 0
426 11749 18075 670 18132 618 3194 1 0 0 0 0 0 0 0 0 1 1 R 0
427 11768 18628 790 18670 741 4260 1 0 0 0 0 0 0 0 0 2 1 R 0
428 11794 24420 577 22530 547 5376 1 0 5 0 0 0 0 0 0 1 1 R 0
429 11814 19952 568 19985 539 3821 1 0 0 0 0 0 0 0 0 1 1 R 0
430 11833 17867 1333 17912 1308 3370 1 0 0 0 0 0 0 0 0 2 1 R 0
431 11852 18096 2946 18142 2215 3183 1 0 0 0 3 0 0 0 0 2 1 R 0
432 11877 22232 552 20781 525 3154 1 0 2 0 0 0 0 0 0 1 1 R 0
433 11897 18955 597 19018 534 3096 1 0 0 0 0 0 0 0 0 2 1 R 0
434 11917 19469 581 19503 544 4293 1 0 0 0 0 0 0 0 0 1 1 R 0
435 11941 23982 581 22998 552 8490 1 0 4 0 0 0 0 0 0 1 1 R 0
436 11960 17761 671 17810 636 3125 1 0 0 0 0 0 0 0 0 2 1 R 0
437 11979 18418 828 18485 743 4042 1 0 0 0 0 0 0 0 0 2 1 R 0
438 12004 24490 578 22001 548 4554 1 0 5 0 0 0 0 0 0 1 1 R 0
439 12024 19563 588 19598 556 3872 1 0 0 0 0 0 0 0 0 1 1 R 0
440 12042 17504 1389 17542 1376 3036 1 0 0 0 0 0 0 0 0 2 1 R 0
441 12064 20081 1591 20108 968 3594 1 0 1 0 3 0 0 0 0 1 1 R 0
442 12086 20201 637 19819 600 3845 1 0 0 0 0 0 0 0 0 1 1 R 0
443 12105 19034 580 19072 546 3964 1 0 0 0 0 0 0 0 0 1 1 R 0
444 12126 19888 576 19921 540 3928 1 0 0 0 0 0 0 0 0 2 1 R 0
445 12148 21690 587 20753 548 3058 1 0 4 0 0 0 0 0 0 2 1 R 0
446 12167 18107 659 18158 623 3667 1 0 0 0 0 0 0 0 0 2 1 R 0
447 12187 19631 1655 19663 1619 3080 1 0 0 0 0 1 0 0 0 0 1 R 0
448 12212 23278 578 20676 547 4317 1 0 5 0 0 0 0 0 0 2 1 R 0
449 12231 18837 579 18869 546 3809 1 0 0 0 0 0 0 0 0 1 1 R 0
450 12255 23010 555 23044 521 7338 1 0 0 0 0 0 0 0 0 2 1 R 0
451 12273 17281 2427 18177 844 3086 1 0 1 0 2 0 0 0 0 1 1 R 0
452 12297 22159 585 21039 551 4281 1 0 1 0 0 0 0 0 0 2 1 R 0
453 12317 19137 591 19176 553 4320 1 0 0 0 0 0 0 0 0 1 1 R 0
454 12337 19567 580 19604 542 4328 1 0 0 0 0 0 0 0 0 1 1 R 0
455 12360 21906 599 21057 561 3736 1 0 4 0 0 0 0 0 0 2 1 R 0
456 12378 17856 720 17911 671 3824 1 0 0 0 0 0 0 0 0 1 1 R 0
457 12400 21529 653 19303 622 4536 1 0 1 0 0 0 0 0 0 2 1 R 0
458 12424 22615 570 21258 531 4543 1 0 4 0 0 0 0 0 0 1 1 R 0
459 12443 19013 630 19044 593 3864 1 0 0 0 0 0 0 0 0 1 1 R 0
460 12462 17670 702 17718 658 3206 1 0 0 0 0 0 0 0 0 2 1 R 0
461 12481 18411 833 18497 763 3103 1 0 0 0 0 1 0 0 0 1 1 R 0
462 12508 26111 584 24372 551 4264 1 0 4 0 0 0 0 0 0 2 1 R 0
463 12530 21353 593 21385 562 4287 1 0 0 0 0 0 0 0 0 1 1 R 0
464 12551 20633 590 20669 552 4127 1 0 0 0 0 1 0 0 0 2 1 R 0
465 12577 25737 584 24593 547 8052 1 0 4 0 0 0 0 0 0 1 1 R 0
466 12599 21707 584 20402 549 3552 1 0 1 0 0 0 0 0 0 2 1 R 0
467 12621 20648 591 20680 554 4365 1 0 0 0 0 0 0 0 0 1 1 R 0
468 12645 23776 589 22354 551 5805 1 0 4 0 0 0 0 0 0 2 1 R 0
469 12665 19506 750 19567 704 3756 1 0 0 0 0 0 0 0 0 1 1 R 0
470 12685 19546 836 19168 750 3150 1 0 1 0 0 0 0 0 0 2 1 R 0
471 12710 23436 594 22476 558 5454 1 0 4 0 0 0 0 0 0 2 1 R 0
472 12729 19159 811 19195 791 4436 1 0 0 0 0 0 0 0 0 1 1 R 0
473 12754 23444 649 21865 592 4244 1 0 1 0 0 0 0 0 0 2 1 R 0
474 12777 22343 1007 21156 958 3407 1 0 4 0 0 0 0 0 0 1 1 R 0
475 12804 26532 580 19995 553 3227 1 0 2 0 0 0 0 0 0 1 1 R 0
476 12840 35503 679 22721 644 3884 1 0 5 0 0 0 0 0 0 2 1 R 0
477 12858 17346 802 17391 752 3868 1 0 0 0 0 0 0 0 0 1 1 R 0
478 12880 20434 843 20514 756 6143 1 0 0 0 0 0 0 0 0 2 1 R 0
479 12900 19559 684 19608 647 5171 1 0 0 0 0 0 0 0 0 2 1 R 0
480 12927 25952 636 24524 606 10933 1 0 4 0 0 0 0 0 0 2 1 R 0
481 12946 19299 591 19331 553 4329 1 0 0 0 0 0 0 0 0 1 1 R 0
482 12966 18997 820 19110 714 3423 1 0 0 0 0 0 0 0 0 1 1 R 0
483 12988 21093 578 19968 540 3430 1 0 4 0 0 0 0 0 0 1 1 R 0
484 13010 21114 564 20030 526 3453 1 0 1 0 0 0 0 0 0 2 1 R 0
485 13029 18991 579 19028 546 4458 1 0 0 0 0 0 0 0 0 1 1 R 0
486 13052 21748 590 20664 557 4249 1 0 4 0 0 0 0 0 0 1 1 R 0
487 13070 17982 720 18045 664 3581 1 0 0 0 0 0 0 0 0 2 1 R 0
488 13089 18312 942 18352 902 3090 1 0 0 0 0 0 0 0 0 1 1 R 0
489 13109 18461 873 18504 821 4028 1 0 0 0 0 0 0 0 0 2 1 R 0
490 13131 21902 589 20682 554 6875 1 0 4 0 0 0 0 0 0 1 1 R 0
491 13152 19816 635 19875 572 3837 1 0 0 0 0 0 0 0 0 2 1 R 0
492 13170 17397 700 17463 653 3332 1 0 0 0 0 0 0 0 0 2 1 R 0
493 13192 21270 716 20223 688 4216 1 0 4 0 0 0 0 0 0 1 1 R 0
494 13212 19730 1376 18784 1338 4444 1 0 1 0 0 0 0 0 0 2 1 R 0
495 13236 22581 580 22604 545 8062 1 0 0 0 0 0 0 0 0 1 1 R 0
496 13259 21902 573 20653 542 4053 1 0 4 0 0 0 0 0 0 1 1 R 0
497 13277 17715 763 17766 727 3526 1 0 0 0 0 0 0 0 0 2 1 R 0
498 13297 18890 699 18927 665 4504 1 0 0 0 0 0 0 0 0 2 1 R 0
499 13318 21163 582 21181 546 4720 1 0 0 0 0 0 0 0 0 1 1 R 0
500 13340 20839 589 19937 554 6194 1 0 4 0 0 0 0 0 0 1 1 R 0
501 13360 19725 558 19757 525 4254 1 0 0 0 0 0 0 0 0 2 1 R 0
502 13378 17734 874 17781 824 3719 1 0 0 0 0 0 0 0 0 1 1 R 0
503 13403 23972 609 21814 572 4465 1 0 5 0 0 0 0 0 0 2 1 R 0
504 13423 19481 543 19508 518 4046 1 0 0 0 0 0 0 0 0 2 1 R 0
505 13443 18631 1082 18677 1046 3842 1 0 0 0 0 0 0 0 0 1 1 R 0
506 13462 18696 1184 18717 1166 3879 1 0 0 0 1 0 0 0 0 1 1 R 0
507 13485 21391 795 19338 716 3257 1 0 3 0 0 0 0 0 0 2 1 R 0
508 13503 16946 1508 17707 758 3284 1 0 0 0 0 0 0 0 0 1 1 R 0
509 13522 17729 682 17773 628 3247 1 0 0 0 0 0 0 0 0 2 1 R 0
510 13548 25800 707 24336 678 11189 1 0 4 0 0 0 0 0 0 1 1 R 0
511 13569 19783 571 19810 532 4495 1 0 0 0 0 0 0 0 0 1 1 R 0
512 13587 17667 834 17725 786 3895 1 0 0 0 0 0 0 0 0 2 1 R 0
513 13611 23112 586 20663 555 3478 1 0 5 0 0 0 0 0 0 2 1 R 0
514 13631 19116 580 19151 542 3809 1 0 0 0 0 0 0 0 0 1 1 R 0
515 13651 19729 921 19768 891 3822 1 0 0 0 0 0 0 0 0 2 1 R 0
516 13671 18947 589 18977 556 4016 1 0 0 0 0 0 0 0 0 1 1 R 0
517 13692 20696 1175 19509 1141 4494 1 0 4 0 0 0 0 0 0 1 1 R 0
518 13711 17662 706 17679 669 3161 1 0 0 0 0 0 0 0 0 2 1 R 0
519 13735 22765 583 21191 552 3869 1 0 1 0 0 0 0 0 0 1 1 R 0
520 13756 21072 710 19676 687 4105 1 0 4 0 0 0 0 0 0 2 1 R 0
521 13776 18848 615 18868 591 3890 1 0 0 0 0 0 0 0 0 1 1 R 0
522 13795 18175 825 18252 741 3110 1 0 0 0 0 0 0 0 0 1 1 R 0
523 13819 23864 566 21267 534 3334 1 0 5 0 0 0 0 0 0 2 1 R 0
524 13839 18953 591 18988 555 4336 1 0 0 0 0 0 0 0 0 1 1 R 0
525 13862 22861 1043 22894 1055 8216 1 0 0 0 0 0 0 0 0 1 1 R 0
526 13881 17387 769 17389 718 3201 1 0 0 0 0 0 0 0 0 2 1 R 0
527 13902 20962 1317 19970 1287 5479 1 0 4 0 0 0 0 0 0 2 1 R 0
528 13922 18006 714 18054 648 3185 1 0 0 0 0 0 0 0 0 1 1 R 0
529 13942 20038 856 20067 839 4122 1 0 0 0 0 0 0 0 0 2 1 R 0
530 13966 22466 664 20837 623 3776 1 0 4 0 0 0 0 0 0 1 1 R 0
531 13994 27790 655 22834 628 3589 1 0 6 0 0 0 0 0 0 1 1 R 0
532 14015 19593 830 18533 747 3139 1 0 1 0 0 0 0 0 0 2 1 R 0
533 14037 21960 750 21015 688 4138 1 0 4 0 0 0 0 0 0 2 1 R 0
534 14058 19970 575 20001 540 4292 1 0 0 0 0 0 0 0 0 1 1 R 0
535 14078 18961 717 18995 684 4325 1 0 0 0 0 0 0 0 0 2 1 R 0
536 14100 22168 584 20750 549 3892 1 0 4 0 0 0 0 0 0 1 1 R 0
537 14119 17677 698 17729 653 3317 1 0 0 0 0 0 0 0 0 2 1 R 0
538 14140 20220 693 20353 556 5060 1 0 0 0 0 0 0 0 0 1 1 R 0
539 14160 19384 569 19414 538 4311 1 0 0 0 0 0 0 0 0 1 1 R 0
540 14186 26011 593 24824 559 13202 1 0 4 0 0 0 0 0 0 2 1 R 0
541 14208 20886 582 19527 548 3727 1 0 1 0 0 0 0 0 0 1 1 R 0
542 14227 18599 679 18648 652 4061 1 0 0 0 0 0 0 0 0 2 1 R 0
543 14249 21302 591 19989 556 6369 1 0 4 0 0 0 0 0 0 1 1 R 0
544 14269 19628 578 19664 547 4287 1 0 0 0 0 0 0 0 0 1 1 R 0
545 14289 18862 618 18894 578 4387 1 0 0 0 0 0 0 0 0 2 1 R 0
546 14311 21422 709 19847 645 3550 1 0 4 0 0 0 0 0 0 2 1 R 0
547 14329 17438 680 17482 640 3072 1 0 0 0 0 0 0 0 0 1 1 R 0
548 14349 19208 733 19257 692 4195 1 0 0 0 0 0 0 0 0 2 1 R 0
549 14370 20329 592 20352 558 4344 1 0 0 0 0 0 0 0 0 1 1 R 0
550 14391 20798 1221 19894 1197 6325 1 0 4 0 0 1 0 0 0 1 1 R 0
551 14412 20044 1451 18990 1409 3197 1 0 1 0 0 0 0 0 0 2 1 R 0
552 14431 17500 655 17516 622 3135 1 0 0 0 0 0 0 0 0 2 1 R 0
553 14456 23805 765 22102 763 4457 1 0 4 0 0 0 0 0 0 2 1 R 0
554 14476 19366 571 19368 537 3909 1 0 0 0 0 1 0 0 0 1 1 R 0
555 14498 21941 617 21974 580 6807 1 0 0 0 0 0 0 0 0 1 1 R 0
556 14519 20138 816 18687 760 3588 1 0 4 0 0 0 0 0 0 2 1 R 0
557 14538 17683 750 17752 676 3531 1 0 0 0 0 0 0 0 0 2 1 R 0
558 14559 20827 562 20860 529 4380 1 0 0 0 0 0 0 0 0 1 1 R 0
559 14579 19136 592 19171 557 4315 1 0 0 0 0 0 0 0 0 1 1 R 0
560 14600 20868 633 20106 597 5518 1 0 4 0 0 0 0 0 0 1 1 R 0
561 14620 18826 705 17871 661 3377 1 0 1 0 0 0 0 0 0 2 1 R 0
562 14639 18151 737 18208 677 3054 1 0 0 0 0 0 0 0 0 1 1 R 0
563 14662 22330 654 21305 620 4437 1 0 4 0 0 0 0 0 0 2 1 R 0
564 14683 20181 995 19447 972 3886 1 0 1 0 0 0 0 0 0 1 1 R 0
565 14702 18220 709 18254 669 3194 1 0 0 0 0 0 0 0 0 1 1 R 0
566 14721 18083 690 18131 630 3354 1 0 0 0 0 0 0 0 0 2 1 R 0
567 14745 23218 563 22293 533 3937 1 0 4 0 0 0 0 0 0 2 1 R 0
568 14765 19943 625 19977 589 3853 1 0 0 0 0 0 0 0 0 1 1 R 0
569 14784 18634 586 18670 551 3821 1 0 0 0 0 0 0 0 0 1 1 R 0
570 14810 25441 647 23619 601 7535 1 0 5 0 0 0 0 0 0 2 1 R 0
571 14829 17579 715 17642 654 3925 1 0 0 0 0 0 0 0 0 1 1 R 0
572 14848 18841 729 18930 637 3929 1 0 0 0 0 0 0 0 0 2 1 R 0
573 14890 41392 866 24267 819 4019 1 0 5 0 0 0 0 0 0 2 1 R 0
574 14909 18115 571 18157 524 3234 1 0 0 0 0 0 0 0 0 0 1 R 0
575 14949 39129 611 17740 571 28787 1 2 3 0 0 0 0 0 0 4 1 R 1
576 14969 19432 582 19471 546 4273 1 0 0 0 0 0 0 0 0 1 1 R 0
577 14989 19424 601 19460 562 4384 1 0 0 0 0 0 0 0 0 1 1 R 0
578 15013 22963 1027 20471 1001 3648 1 0 5 0 0 0 0 0 0 2 1 R 0
579 15031 16973 700 17029 653 3095 1 0 0 0 0 0 0 0 0 1 1 R 0
580 15050 19203 749 19272 668 3797 1 0 0 0 0 0 0 0 0 2 1 R 0
581 15071 20121 572 20152 538 4045 1 0 0 0 0 0 0 0 0 1 1 R 0
582 15094 22034 729 21106 685 6028 1 0 4 0 0 0 0 0 0 2 1 R 0
583 15112 17313 1219 17358 1185 3032 1 0 0 0 0 0 0 0 0 1 1 R 0
584 15132 18448 694 18497 642 3431 1 0 0 0 0 0 0 0 0 2 1 R 0
585 15159 26200 590 25167 560 6200 1 0 4 0 0 0 0 0 0 2 1 R 0
586 15178 19112 589 19149 553 4426 1 0 0 0 0 0 0 0 0 1 1 R 0
587 15198 19550 594 19585 557 4296 1 0 0 0 0 0 0 0 0 1 1 R 0
588 15222 22813 590 20477 556 3489 1 0 5 0 0 0 0 0 0 2 1 R 0
589 15240 17153 1123 17225 1071 3146 1 0 0 0 0 0 0 0 0 2 1 R 0
590 15261 20424 721 20456 675 3976 1 0 0 0 0 0 0 0 0 1 1 R 0
591 15281 19542 587 19572 552 3813 1 0 0 0 0 1 0 0 0 1 1 R 0
592 15305 22560 619 21144 589 4508 1 0 4 0 0 0 0 0 0 1 1 R 0
593 15322 16884 1345 16951 1305 3129 1 0 0 0 0 0 0 0 0 2 1 R 0
594 15344 20598 746 20647 680 3647 1 0 0 0 0 0 0 0 0 1 1 R 0
595 15366 21415 588 20356 550 3045 1 0 4 0 0 0 0 0 0 1 1 R 0
596 15386 19563 584 19599 551 3824 1 0 0 0 0 0 0 0 0 2 1 R 0
597 15406 19142 760 19175 737 4074 1 0 0 0 0 0 0 0 0 2 1 R 0
598 15429 22305 582 19795 551 4847 1 0 5 0 0 0 0 0 0 1 1 R 0
599 15449 19550 837 18441 796 3577 1 0 1 0 0 0 0 0 0 2 1 R 0
600 15471 21234 740 21312 672 6663 1 0 0 0 0 0 0 0 0 2 1 R 0
601 15492 20203 1112 20225 1098 3871 1 0 0 0 3 0 0 0 0 0 1 R 0
602 15515 21516 679 20401 637 3834 1 0 1 0 0 0 0 0 0 2 1 R 0
603 15532 16843 1409 16899 1399 3143 1 0 0 0 0 0 0 0 0 2 1 R 0
604 15552 17747 711 17773 647 3632 1 0 0 0 0 0 0 0 0 2 1 R 0
605 15576 23600 585 22129 550 4290 1 0 4 0 0 0 0 0 0 1 1 R 0
606 15596 19240 584 19274 550 3834 1 0 0 0 0 0 0 0 0 1 1 R 0
607 15617 20933 737 19274 659 3786 1 0 1 0 0 0 0 0 0 1 1 R 0
608 15639 21528 802 19957 781 3642 1 0 4 0 0 0 0 0 0 2 1 R 0
609 15658 18012 815 18159 672 3608 1 0 0 0 0 0 0 0 0 2 1 R 0
610 15679 20018 593 20036 558 4992 1 0 0 0 0 0 0 0 0 1 1 R 0
611 15699 19337 832 19370 806 4312 1 0 0 0 0 0 0 0 0 1 1 R 0
612 15722 22520 1087 20698 1062 6916 1 0 5 0 0 0 0 0 0 2 1 R 0
613 15741 17417 747 17483 686 3046 1 0 0 0 0 0 0 0 0 1 1 R 0
614 15760 18769 715 18796 674 3572 1 0 0 0 0 0 0 0 0 2 1 R 0
615 15787 25654 575 24713 539 7451 1 0 4 0 0 0 0 0 0 2 1 R 0
616 15807 19976 578 20008 544 4423 1 0 0 0 0 0 0 0 0 1 1 R 0
617 15828 19838 802 18982 717 3875 1 0 1 0 0 0 0 0 0 1 1 R 0
618 15849 20851 774 19478 733 3612 1 0 4 0 0 0 0 0 0 2 1 R 0
619 15868 17626 704 17679 652 3509 1 0 0 0 0 0 0 0 0 2 1 R 0
620 15889 20617 785 20644 781 4958 1 0 0 0 0 0 0 0 0 1 1 R 0
621 15909 19533 584 19537 550 4353 1 0 0 0 0 0 0 0 0 1 1 R 0
622 15930 20377 798 19387 686 5589 1 0 4 0 0 0 0 0 0 1 1 R 0
623 15949 17352 710 17389 654 3114 1 0 0 0 0 0 0 0 0 1 1 R 0
624 15968 18346 686 18406 631 4140 1 0 0 0 0 0 0 0 0 2 1 R 0
625 15992 23500 586 22021 556 5361 1 0 4 0 0 0 0 0 0 2 1 R 0
626 16012 19344 589 19377 558 3848 1 0 0 0 0 0 0 0 0 1 1 R 0
627 16032 19544 776 18587 691 3121 1 0 1 0 0 0 0 0 0 2 1 R 0
628 16051 17978 807 18033 740 3042 1 0 0 0 0 0 0 0 0 2 1 R 0
629 16073 21255 1780 20881 1066 4621 1 0 4 0 0 0 0 0 0 1 1 R 0
630 16097 22605 582 22626 545 7116 1 0 0 0 0 0 0 0 0 2 1 R 0
631 16117 19275 580 19311 546 4315 1 0 0 0 0 0 0 0 0 1 1 R 0
632 16139 21533 824 20517 798 3057 1 0 4 0 0 0 0 0 0 2 1 R 0
633 16158 17829 889 17867 847 3539 1 0 0 0 0 0 0 0 0 1 1 R 0
634 16177 18793 708 18843 650 4123 1 0 0 0 0 0 0 0 0 2 1 R 0
635 16201 22660 595 21610 560 4734 1 0 4 0 0 0 0 0 0 1 1 R 0
636 16222 20563 602 19462 568 3982 1 0 1 0 0 0 0 0 0 1 1 R 0
637 16241 18442 707 18539 613 3053 1 0 0 0 0 0 0 0 0 2 1 R 0
638 16260 18398 692 18446 641 3124 1 0 0 0 0 0 0 0 0 2 1 R 0
639 16282 21072 1145 19723 1108 4739 1 0 4 0 0 0 0 0 0 1 1 R 0
640 16302 19427 1050 19448 1033 3817 1 0 0 0 0 0 0 0 0 2 1 R 0
641 16323 19116 1137 19134 1115 4028 1 0 0 0 0 0 0 0 0 1 1 R 0
642 16348 23878 576 22682 538 3159 1 0 4 0 0 0 0 0 0 1 1 R 0
643 16366 17567 759 17681 660 3780 1 0 0 0 0 0 0 0 0 2 1 R 0
644 16386 19737 641 19765 609 5572 1 0 0 0 0 0 0 0 0 2 1 R 0
645 16412 25573 994 24379 976 8847 1 0 4 0 0 0 0 0 0 1 1 R 0
646 16434 20961 604 19905 562 5364 1 0 1 0 0 0 0 0 0 2 1 R 0
647 16453 17523 1324 17618 1262 3319 1 0 0 0 0 1 0 0 0 2 1 R 0
648 16472 17888 704 17920 641 3514 1 0 0 0 0 0 0 0 0 2 1 R 0
649 16495 22462 718 20404 675 4630 1 0 4 0 0 0 0 0 0 1 1 R 0
650 16516 20148 584 20178 545 3805 1 0 0 0 0 0 0 0 0 2 1 R 0
651 16536 19363 590 19395 552 3884 1 0 0 0 0 0 0 0 0 1 1 R 0
652 16559 22537 1217 21631 1192 3560 1 0 4 0 0 1 0 0 0 1 1 R 0
653 16579 19046 585 19068 551 4339 1 0 0 0 0 0 0 0 0 1 1 R 0
654 16600 19840 582 19880 542 4417 1 0 0 0 0 0 0 0 0 2 1 R 0
655 16624 23455 613 21160 576 4421 1 0 5 0 0 0 0 0 0 1 1 R 0
656 16643 19130 560 19157 534 3873 1 0 0 0 0 0 0 0 0 1 1 R 0
657 16662 17892 701 17946 647 3061 1 0 0 0 0 0 0 0 0 2 1 R 0
658 16683 20168 3311 19905 2186 3595 1 0 3 0 2 0 0 0 0 1 1 R 0
659 16706 19889 897 19931 832 4073 1 0 0 0 0 0 0 0 0 1 1 R 0
660 16729 22110 601 22136 566 8323 1 0 0 0 0 0 0 0 0 1 1 R 0
661 16751 21581 827 21686 736 5312 1 0 0 0 0 0 0 0 0 2 1 R 0
662 16772 20383 1648 19497 1632 4998 1 0 4 0 0 0 0 0 0 2 1 R 0
663 16792 18070 701 18073 664 3146 1 0 0 0 0 0 0 0 0 1 1 R 0
664 16814 21566 575 21586 546 3873 1 0 0 0 0 0 0 0 0 1 1 R 0
665 16837 22444 645 19969 585 5329 1 0 5 0 0 0 0 0 0 1 1 R 0
666 16856 17776 974 17824 945 3740 1 0 0 0 0 0 0 0 0 2 1 R 0
667 16875 18471 657 18487 619 3072 1 0 0 0 0 0 0 0 0 2 1 R 0
668 16898 22514 613 21248 554 3334 1 0 4 0 0 0 0 0 0 2 1 R 0
669 16938 39244 608 24035 552 4205 1 0 9 0 0 0 0 0 0 2 1 R 0
670 16962 23563 12485 19613 1753 4864 1 0 4 0 3 0 0 0 0 2 1 R 0
671 16994 19581 694 19624 648 3156 1 0 0 0 0 0 0 0 0 2 1 R 0
672 17016 20690 583 20716 547 3795 1 0 0 0 0 0 0 0 0 1 1 R 0
673 17037 20761 590 19722 556 6109 1 0 1 0 0 0 0 0 0 1 1 R 0
674 17059 20886 574 19879 543 4319 1 0 4 0 0 0 0 0 0 1 1 R 0
675 17080 20684 719 20748 653 6548 1 0 0 0 0 0 0 0 0 2 1 R 0
676 17100 19139 711 19184 671 3473 1 0 0 0 0 0 0 0 0 2 1 R 0
677 17122 21284 594 20211 559 4477 1 0 4 0 0 0 0 0 0 1 1 R 0
678 17142 19864 982 19896 965 3804 1 0 0 0 0 0 0 0 0 1 1 R 0
679 17160 17353 771 17397 717 3101 1 0 0 0 0 0 0 0 0 2 1 R 0
680 17180 19003 701 19063 639 3994 1 0 0 0 0 0 0 0 0 2 1 R 0
681 17202 21373 1666 19802 1615 3861 1 0 4 0 0 0 0 0 0 1 1 R 0
682 17225 20613 564 19769 532 4005 1 0 1 0 0 0 0 0 0 1 1 R 0
683 17244 19202 580 19239 543 3807 1 0 0 0 0 0 0 0 0 2 1 R 0
684 17267 22081 609 21055 575 3170 1 0 4 0 0 0 0 0 0 1 1 R 0
685 17286 17873 689 17931 625 3089 1 0 0 0 0 0 0 0 0 2 1 R 0
686 17305 18529 753 18578 702 3544 1 0 0 0 0 0 0 0 0 2 1 R 0
687 17327 21894 632 20986 600 3535 1 0 4 0 0 0 0 0 0 1 1 R 0
688 17348 19695 587 19729 549 4352 1 0 0 0 0 0 0 0 0 1 1 R 0
689 17367 18401 711 18456 659 3486 1 0 0 0 0 0 0 0 0 1 1 R 0
690 17389 21700 1037 21760 980 6437 1 0 0 0 0 0 0 0 0 2 1 R 0
691 17410 19818 709 19052 643 5182 1 0 4 0 0 0 0 0 0 2 1 R 0
692 17432 21500 944 19236 926 3962 1 0 1 0 0 0 0 0 0 1 1 R 0
693 17452 19108 969 19125 948 3835 1 0 0 0 0 0 0 0 0 1 1 R 0
694 17474 20987 660 20046 583 3294 1 0 4 0 0 0 0 0 0 2 1 R 0
695 17494 18841 568 18862 538 3110 1 0 0 0 0 0 0 0 0 2 1 R 0
696 17514 19420 808 19458 785 3821 1 0 0 0 0 0 0 0 0 1 1 R 0
697 17534 19252 1456 19270 924 3827 1 0 1 0 3 0 0 0 0 1 1 R 0
698 17556 20675 798 20279 776 4041 1 0 0 0 0 0 0 0 0 1 1 R 0
699 17575 18117 814 18147 780 3151 1 0 0 0 0 0 0 0 0 2 1 R 0
700 17594 18770 668 18809 625 3222 1 0 0 0 0 0 0 0 0 2 1 R 0
701 17617 22173 802 21264 729 3347 1 0 4 0 0 0 0 0 0 2 1 R 0
702 17639 20591 627 19598 585 4460 1 0 1 0 0 0 0 0 0 1 1 R 0
703 17659 19999 562 20034 528 4315 1 0 0 0 0 0 0 0 0 1 1 R 0
704 17680 20165 729 18716 676 3574 1 0 4 0 0 0 0 0 0 2 1 R 0
705 17702 21257 1577 21325 1506 6004 1 0 0 0 0 0 0 0 0 2 1 R 0
706 17725 21390 590 20570 558 3847 1 0 1 0 0 0 0 0 0 1 1 R 0
707 17748 22615 584 21477 552 3881 1 0 5 0 0 0 0 0 0 1 1 R 0
708 17769 20640 589 20676 550 4425 1 0 0 0 0 0 0 0 0 2 1 R 0
709 17787 16656 743 16713 700 3563 1 0 0 0 0 0 0 0 0 1 1 R 0
710 17808 20692 701 20720 660 6388 1 0 0 0 0 0 0 0 0 2 1 R 0
711 17831 22695 594 20502 557 5839 1 0 5 0 0 0 0 0 0 2 1 R 0
712 17852 19626 618 19662 585 3819 1 0 0 0 0 0 0 0 0 1 1 R 0
713 17871 18745 569 18781 533 4064 1 0 0 0 0 0 0 0 0 1 1 R 0
714 17894 22228 787 21285 749 3269 1 0 4 0 0 0 0 0 0 1 1 R 0
715 17912 17270 722 17328 669 3094 1 0 0 0 0 0 0 0 0 2 1 R 0
716 17932 19773 991 19797 973 4065 1 0 0 0 0 0 0 0 0 1 1 R 0
717 17953 19253 2324 19956 860 3818 1 0 1 0 3 0 0 0 0 2 1 R 0
718 17975 20240 577 19912 546 3798 1 0 0 0 0 0 0 0 0 1 1 R 0
719 17995 18807 675 18860 624 3097 1 0 0 0 0 1 0 0 0 2 1 R 0
720 18017 21914 788 22008 700 6582 1 0 0 0 0 0 0 0 0 2 1 R 0
721 18041 22559 570 20159 537 4484 1 0 5 0 0 0 0 0 0 1 1 R 0
722 18060 19360 595 19401 554 3870 1 0 0 0 0 0 0 0 0 1 1 R 0
723 18079 17714 673 17761 645 3402 1 0 0 0 0 0 0 0 0 2 1 R 0
724 18100 20528 694 19418 622 3587 1 0 4 0 0 0 0 0 0 1 1 R 0
725 18119 18071 650 18121 596 3379 1 0 0 0 0 0 0 0 0 2 1 R 0
726 18139 19177 711 19235 659 4403 1 0 0 0 0 0 0 0 0 1 1 R 0
727 18160 20236 572 20265 537 4367 1 0 0 0 0 0 0 0 0 2 1 R 0
728 18182 22273 974 21351 942 7286 1 0 4 0 0 0 0 0 0 2 1 R 0
729 18211 27253 629 20834 599 3146 1 0 3 0 0 0 0 0 0 2 1 R 0
730 18230 19028 663 17906 618 3105 1 0 1 0 0 0 0 0 0 1 1 R 0
731 18257 26100 6901 22388 779 4288 1 0 6 0 0 0 0 0 0 1 1 R 0
732 18302 38433 1053 25025 1030 3685 1 0 4 0 1 0 0 1 1 2 1 R 1
733 18338 34327 587 21838 553 17023 1 1 6 0 0 0 0 0 0 2 1 R 0
734 18359 20447 593 20481 557 4465 1 0 0 0 0 0 0 0 0 1 1 R 0
735 18406 46809 768 25576 741 20052 1 0 13 0 0 0 0 0 0 2 1 R 0
736 18424 17457 1120 17481 1096 3704 1 0 0 0 0 0 0 0 0 1 1 R 0
737 18478 52238 908 27672 880 32865 1 2 4 0 1 0 0 0 0 2 0 R 0
738 18510 31232 753 19876 726 9294 1 0 6 0 1 0 0 0 0 2 0 R 0
739 18541 30498 12752 20115 1551 2260 1 0 2 0 1 0 0 0 0 1 0 R 0
740 18601 46848 1328 34336 1304 4831 1 0 11 0 1 1 0 0 0 1 0 R 0
741 18648 46046 5610 30236 1355 3830 1 0 4 0 1 0 0 0 0 2 0 R 0
742 18707 53277 3186 34298 1193 10804 1 0 8 0 1 0 0 0 0 2 0 R 0
743 18757 46616 705 26076 670 3806 1 0 7 0 0 0 0 1 1 1 0 R 3
744 18815 57570 718 29173 684 14110 1 1 14 0 0 0 0 0 0 3 1 R 0
745 18832 16474 11567 16512 1277 3537 1 0 0 0 1 0 0 0 0 2 1 R 0
746 18871 27582 5838 17584 2319 4693 1 0 2 0 1 0 0 1 1 0 1 R 1
747 18910 32532 8511 19351 2524 5548 1 1 3 0 1 0 0 1 1 2 1 R 1
748 18966 47346 561 26580 534 6744 1 1 11 0 0 0 0 0 0 2 1 R 0
749 19031 65069 3235 24381 933 14520 1 0 15 0 1 0 0 0 0 3 1 R 0
750 19089 54203 622 22781 602 25884 1 0 7 0 1 0 0 0 0 1 1 R 0
751 19129 39892 1371 24591 1350 9399 1 0 5 0 1 0 0 1 1 2 1 R 1
752 19176 45422 1320 25501 1275 11384 1 1 12 0 1 0 0 1 1 1 1 R 1
753 19218 40902 1352 22793 1291 4193 1 1 4 0 1 0 0 1 1 2 1 R 1
754 19267 47572 4314 24588 2155 15504 1 1 13 0 1 1 0 1 1 1 1 R 1
755 19311 39645 7043 20753 3488 14598 1 1 3 0 1 0 0 1 1 3 1 R 1
756 19364 46156 1095 26380 1070 10961 1 1 4 0 1 0 0 1 1 2 1 R 1
757 19402 36927 6492 19153 2867 18135 1 1 6 0 1 0 0 1 1 1 1 R 1
758 19461 51797 1112 28228 1059 9352 1 1 15 0 0 0 0 0 0 2 1 R 0
759 19482 20604 972 20638 955 4283 1 0 0 0 0 0 0 0 0 2 1 R 0
760 19507 23214 536 23225 502 7038 1 0 0 0 0 0 0 0 0 1 1 R 0
761 19572 64652 3499 30854 1737 39403 1 2 5 0 1 0 0 0 0 3 1 R 1
762 19645 69634 5340 29207 1307 3788 1 0 16 0 0 0 0 0 0 1 0 R 0
763 19719 68466 727 28852 686 16055 1 0 13 0 1 0 0 0 0 2 0 R 0
764 19758 38645 989 23636 975 3116 1 0 4 0 1 2 0 0 0 1 0 R 0
765 19817 57582 2759 29756 999 22762 1 0 14 0 1 2 0 0 0 3 0 R 2
766 19868 48563 4565 26875 2535 9052 1 0 13 0 1 0 0 1 1 2 1 R 2
767 19913 40915 776 23959 718 13319 1 1 10 0 0 0 0 0 0 1 1 R 1
768 19939 24343 9252 20193 1048 3260 1 0 3 0 2 0 0 0 0 1 1 R 1
769 19987 39281 2026 23429 698 6985 1 0 11 0 0 0 0 0 0 3 1 R 1
770 20045 55810 1281 35043 1218 13090 1 0 10 0 1 0 0 1 1 1 1 R 2
771 20091 44327 1261 30913 1209 14926 1 1 6 0 1 0 0 1 1 2 1 R 1
772 20128 36379 765 19426 754 14788 1 1 2 0 0 0 0 0 0 1 1 R 1
773 20178 48841 4415 28948 2495 14351 1 0 6 0 1 0 0 1 1 3 1 R 1
774 20239 57256 5097 34866 2259 9519 1 1 11 0 1 0 0 1 1 2 1 R 2
775 20289 44941 897 26935 887 9795 1 1 11 0 0 0 0 0 0 2 1 R 0
776 20321 31040 14408 18898 2493 13206 1 0 9 0 1 0 0 1 1 2 1 R 2
777 20384 48183 3396 29433 1181 3371 1 1 6 0 1 0 0 1 1 3 1 R 1
778 20427 39418 683 18960 656 15766 1 1 3 0 0 0 0 0 0 1 1 R 0
779 20459 31619 9488 19660 2444 3274 1 0 6 0 1 0 0 1 1 3 1 R 2
780 20519 50257 1261 31834 1209 15663 1 1 3 0 1 0 0 1 1 1 1 R 1
781 20560 40017 6860 20948 2871 3077 1 1 2 0 1 0 0 1 1 3 1 R 1
782 20608 41440 886 22252 809 13558 1 1 6 0 0 0 0 0 0 1 1 R 2
783 20651 41462 5680 33345 3343 3868 1 0 2 0 2 0 0 1 1 2 1 R 1
784 20708 51430 995 27337 934 9450 1 1 11 0 0 0 0 0 0 2 1 R 0
785 20746 37042 963 24760 855 7309 1 0 5 0 0 0 0 0 0 1 1 R 0
786 20765 17702 614 17742 571 3229 1 0 0 0 0 0 0 0 0 1 1 R 0
787 20846 80857 965 32350 925 48796 1 2 7 0 0 0 0 0 0 3 0 R 0
788 20903 55546 4891 28157 1280 9341 1 0 14 0 0 0 0 0 0 2 0 R 1
789 20958 50568 5580 26802 954 15560 1 0 9 0 1 0 0 0 0 2 0 R 1
790 21006 42719 653 24473 645 5713 1 0 10 0 1 0 0 0 0 1 1 R 4
791 21062 54749 8238 28747 1628 10758 1 0 12 0 4 0 0 0 0 2 1 R 4
792 21121 50819 918 25912 830 10579 1 0 11 0 1 0 0 1 1 3 0 R 2
793 21185 63280 755 25571 735 9559 1 1 11 0 0 0 0 0 0 1 0 R 3
794 21228 42200 949 19409 925 2166 1 0 9 0 0 0 0 0 0 0 1 R 3
795 21281 52539 684 29346 645 6963 1 0 8 0 0 0 0 0 0 4 1 R 3
796 21325 43323 2190 27718 1048 9427 1 0 12 0 0 0 0 1 1 2 1 R 2
797 21362 34795 12614 19748 1042 4377 1 1 6 0 0 0 0 0 0 2 1 R 0
798 21421 46405 583 24980 559 12902 1 0 13 0 1 0 0 0 0 1 1 R 2
799 21466 43936 602 17150 586 15262 1 0 5 0 0 0 0 0 0 2 1 R 0
800 21502 35887 6823 20907 1058 3110 1 0 6 0 0 0 0 1 1 2 1 R 2
801 21568 58694 580 27771 563 15988 1 1 19 0 1 0 0 0 0 1 1 R 0
802 21605 36793 2061 23010 834 14195 1 0 3 0 1 0 0 0 0 3 1 R 1
803 21649 41799 5693 28405 3568 3785 1 0 4 0 2 0 0 1 1 2 1 R 1
804 21718 63073 558 29697 722 9193 1 1 16 0 1 0 0 0 0 2 1 R 2
805 21771 52704 5424 41277 3066 11061 1 0 6 0 1 0 0 1 1 2 1 R 1
806 21829 52566 579 25893 559 7615 1 1 14 0 0 0 0 0 0 2 1 R 0
807 21881 51234 562 24927 537 15138 1 0 16 0 1 0 0 0 0 2 1 R 1
808 21923 41518 4543 22549 1371 8903 1 0 8 0 1 0 0 1 1 2 1 R 1
809 21969 41101 3257 23527 1151 15959 1 1 9 0 1 0 0 0 0 2 1 R 2
810 22016 44305 2588 25087 744 6073 1 0 8 0 0 0 0 0 0 2 1 R 2
811 22070 50632 1917 26430 816 13725 1 0 18 0 0 0 0 0 0 1 1 R 3
812 22116 44971 2424 24745 788 8831 1 0 13 0 1 0 0 0 0 3 1 R 2
813 22172 52687 726 26008 545 16278 1 0 13 0 1 0 0 0 0 2 1 R 3
814 22202 30072 1921 18148 862 3036 1 0 2 0 0 0 0 0 0 1 1 R 1
815 22246 42070 2649 24117 1042 15427 1 0 6 0 0 0 0 1 1 2 1 R 1
816 22304 54634 1011 24512 978 10939 1 1 15 0 0 0 0 0 0 2 1 R 0
817 22322 16995 570 17029 530 3427 1 0 0 0 0 0 0 0 0 1 1 R 0
818 22379 56265 589 20629 554 44793 1 2 0 0 0 0 0 0 0 2 1 R 0
819 22396 17162 766 17255 676 3938 1 0 0 0 0 0 0 0 0 2 1 R 0
820 22420 23231 691 21730 643 5904 1 0 4 0 0 0 0 0 0 2 1 R 0
821 22441 20400 588 20433 552 3831 1 0 0 0 0 0 0 0 0 1 1 R 0
822 22465 23189 695 21531 562 3841 1 0 2 0 0 0 0 0 0 1 1 R 0
823 22485 19460 1826 18710 1340 3196 1 0 2 0 2 0 0 0 0 1 1 R 0
824 22506 18963 874 18989 854 4173 1 0 0 0 0 0 0 0 0 2 1 R 0
825 22529 21684 581 21694 547 6489 1 0 0 0 0 0 0 0 0 1 1 R 0
826 22549 19864 590 19904 553 4250 1 0 0 0 0 0 0 0 0 2 1 R 0
827 22571 20994 583 19961 548 6435 1 0 4 0 0 0 0 0 0 1 1 R 0
828 22589 17509 718 17591 647 3195 1 0 0 0 0 0 0 0 0 2 1 R 0
829 22611 21039 596 21065 559 5130 1 0 0 0 0 0 0 0 0 1 1 R 0
830 22634 22522 562 21085 526 3867 1 0 4 0 0 0 0 0 0 1 1 R 0
831 22653 18952 592 18977 580 4078 1 0 0 0 0 0 0 0 0 1 1 R 0
832 22676 22180 699 20823 680 5441 1 0 2 0 0 0 0 0 0 1 1 R 0
833 22699 21892 592 20189 554 3336 1 0 4 0 0 1 0 0 0 2 1 R 0
834 22718 18659 697 18716 653 3543 1 0 0 0 0 0 0 0 0 1 1 R 0
835 22738 19876 808 19923 750 3926 1 0 0 0 0 0 0 0 0 2 1 R 0
836 22758 19177 590 19215 555 4340 1 0 0 0 0 0 0 0 0 1 1 R 0
837 22788 28642 722 25424 700 6443 1 0 5 0 0 0 0 0 0 2 1 R 1
838 22817 29066 783 19322 710 3625 1 0 3 0 0 0 0 0 0 1 1 R 1
839 22855 36969 750 17451 726 26811 1 2 1 0 1 0 0 0 0 2 0 R 1
840 22884 28549 594 19633 558 11384 1 0 4 0 0 0 0 0 0 1 1 R 0
841 22902 17401 2768 17475 2357 3380 1 0 0 0 3 0 0 0 0 2 1 R 0
842 22925 20028 804 18637 769 3121 1 0 1 0 0 0 0 0 0 2 1 R 0
843 22945 18829 691 18874 654 3106 1 0 0 0 0 0 0 0 0 2 1 R 0
844 22966 20445 571 20464 534 3974 1 0 0 0 0 0 0 0 0 1 1 R 0
845 22988 21917 588 20506 551 4028 1 0 4 0 0 0 0 0 0 1 1 R 0
846 23007 18390 722 18450 665 3491 1 0 0 0 0 0 0 0 0 2 1 R 0
847 23027 18712 768 18775 716 3662 1 0 0 0 0 0 0 0 0 1 1 R 0
848 23050 22182 626 21108 591 3898 1 0 4 0 0 0 0 0 0 1 1 R 0
849 23070 19968 578 18906 543 4246 1 0 1 0 0 0 0 0 0 1 1 R 0
850 23091 20143 586 20177 552 3757 1 0 0 0 0 0 0 0 0 2 1 R 0
851 23110 17830 730 17906 657 3115 1 0 0 0 0 0 0 0 0 2 1 R 0
852 23131 20857 713 19645 656 6390 1 0 4 0 0 0 0 0 0 1 1 R 0
853 23157 25373 2491 21556 750 3803 1 0 3 0 0 0 0 0 0 2 1 R 0
854 23216 56155 1074 37361 1165 17495 1 0 10 0 1 0 0 1 1 2 1 R 1
855 23244 26960 844 24460 762 6047 1 1 0 0 0 0 0 0 0 2 1 R 0
856 23266 21403 1303 20011 1281 3932 1 0 1 0 0 1 0 0 0 1 1 R 0
857 23289 21925 736 20558 708 6622 1 0 4 0 0 0 0 0 0 1 1 R 0
858 23308 17626 712 17679 648 3566 1 0 0 0 0 0 0 0 0 2 1 R 0
859 23326 17940 801 17990 762 4103 1 0 0 0 0 0 0 0 0 2 1 R 0
860 23350 22448 689 21278 631 4719 1 0 4 0 0 0 0 0 0 1 1 R 0
861 23369 18884 584 18921 546 4255 1 0 0 0 0 0 0 0 0 1 1 R 0
862 23389 19144 691 19180 653 4309 1 0 0 0 0 0 0 0 0 1 1 R 0
863 23407 17704 732 17769 671 3710 1 0 0 0 0 0 0 0 0 2 1 R 0
864 23429 20596 706 19676 661 6395 1 0 4 0 0 0 0 0 0 2 1 R 0
865 23447 18099 704 18162 642 3530 1 0 0 0 0 0 0 0 0 2 1 R 0
866 23470 21402 646 20433 568 4598 1 0 1 0 0 0 0 0 0 1 1 R 0
867 23491 21207 689 20129 656 4355 1 0 4 0 0 0 0 0 0 1 1 R 0
868 23510 17568 701 17618 661 3048 1 0 0 0 0 0 0 0 0 2 1 R 0
869 23529 18675 691 18709 652 4585 1 0 0 0 0 0 0 0 0 2 1 R 0
870 23552 21952 699 22015 640 7303 1 0 0 0 0 0 0 0 0 1 1 R 0
871 23575 22914 578 20454 544 4214 1 0 4 0 0 0 0 0 0 2 1 R 0
872 23595 19535 621 19571 589 3873 1 0 0 0 0 0 0 0 0 1 1 R 0
873 23615 18608 727 18655 687 3058 1 0 0 0 0 0 0 0 0 1 1 R 0
874 23637 21633 771 20715 690 3012 1 0 4 0 0 0 0 0 0 2 1 R 0
875 23656 18056 1116 18097 1114 3638 1 0 0 0 0 0 0 0 0 1 1 R 0
876 23678 20734 627 19650 590 4333 1 0 1 0 0 0 0 0 0 1 1 R 0
877 23700 21660 591 20665 551 4358 1 0 4 0 0 0 0 0 0 1 1 R 0
878 23721 20527 578 19664 546 3609 1 0 1 0 0 0 0 0 0 2 1 R 0
879 23740 17904 932 17951 911 3119 1 0 0 0 0 0 0 0 0 2 1 R 0
880 23759 18462 693 18484 656 4129 1 0 0 0 0 0 0 0 0 2 1 R 0
881 23782 22078 695 21180 644 7239 1 0 4 0 0 0 0 0 0 1 1 R 0
882 23802 19181 603 19217 566 3857 1 0 0 0 0 0 0 0 0 1 1 R 0
883 23820 17661 655 17706 619 3316 1 0 0 0 0 0 0 0 0 2 1 R 0
884 23842 21750 1280 20753 1251 3806 1 0 4 0 0 0 0 0 0 2 1 R 0
885 23865 21503 850 21581 754 5942 1 0 0 0 0 0 0 0 0 1 1 R 0
886 23886 20418 563 18902 528 4505 1 0 1 0 0 0 0 0 0 1 1 R 0
887 23909 21690 696 20364 672 4404 1 0 4 0 0 0 0 0 0 2 1 R 0
888 23927 17481 684 17525 632 3514 1 0 0 0 0 0 0 0 0 1 1 R 0
889 23948 20468 629 20518 584 4790 1 0 0 0 0 0 0 0 0 2 1 R 0
890 23968 19343 758 19399 695 4328 1 0 0 0 0 0 0 0 0 1 1 R 0
891 23990 20827 712 19972 689 6209 1 0 4 0 0 0 0 0 0 1 1 R 0
892 24010 19901 582 19929 540 4480 1 0 0 0 0 0 0 0 0 1 1 R 0
893 24028 17390 694 17445 639 3543 1 0 0 0 0 0 0 0 0 2 1 R 0
894 24050 21643 720 20504 672 4505 1 0 4 0 0 0 0 0 0 1 1 R 0
895 24072 21261 1037 19656 1024 3544 1 0 1 0 0 0 0 0 0 2 1 R 0
896 24092 18707 858 18723 836 3823 1 0 0 0 0 0 0 0 0 2 1 R 0
897 24112 19234 1327 19251 1309 3889 1 0 0 0 1 0 0 0 0 1 1 R 0
898 24135 21163 880 19332 801 3399 1 0 3 0 0 0 0 0 0 1 1 R 0
899 24154 18146 692 18215 623 3559 1 0 0 0 0 0 0 0 0 2 1 R 0
900 24177 22661 612 22694 574 7629 1 0 0 0 0 0 0 0 0 1 1 R 0
901 24199 21305 722 20026 637 5917 1 0 4 0 0 0 0 0 0 1 1 R 0
902 24219 18771 606 18805 579 4235 1 0 0 0 0 0 0 0 0 2 1 R 0
903 24237 17726 824 17783 758 3570 1 0 0 0 0 0 0 0 0 1 1 R 0
904 24259 21453 674 19923 618 3776 1 0 4 0 0 0 0 0 0 2 1 R 0
905 24281 20696 589 19130 554 4324 1 0 1 0 0 0 0 0 0 1 1 R 0
906 24301 19523 764 19561 733 3839 1 0 0 0 0 0 0 0 0 1 1 R 0
907 24321 19199 679 19252 626 4070 1 0 0 0 0 0 0 0 0 2 1 R 0
908 24343 21981 697 21124 667 5149 1 0 4 0 0 0 0 0 0 2 1 R 0
909 24361 17388 701 17441 626 3089 1 0 0 0 0 0 0 0 0 2 1 R 0
910 24382 20103 894 20144 882 3839 1 0 0 0 0 0 0 0 0 2 1 R 0
911 24405 21761 579 20243 546 3866 1 0 4 0 0 0 0 0 0 1 1 R 0
912 24426 20574 581 20607 547 3974 1 0 0 0 0 0 0 0 0 1 1 R 0
913 24445 18637 992 18703 931 3143 1 0 0 0 0 0 0 0 0 2 1 R 0
914 24469 22360 546 21028 526 3136 1 0 4 0 0 0 0 0 0 2 1 R 0
915 24493 23983 544 22930 520 10072 1 0 1 0 0 0 0 0 0 1 1 R 0
916 24512 18684 992 18722 971 3836 1 0 0 0 0 0 0 0 0 1 1 R 0
917 24530 17111 667 17143 619 3177 1 0 0 0 0 0 0 0 0 1 1 R 0
918 24552 21397 1350 20147 1347 3969 1 0 4 0 0 0 0 0 0 2 1 R 0
919 24571 17481 670 17489 629 3214 1 0 0 0 0 0 0 0 0 1 1 R 0
920 24592 20365 939 20398 924 4237 1 0 0 0 0 0 0 0 0 2 1 R 0
921 24614 21022 589 19378 563 3836 1 0 4 0 0 0 0 0 0 1 1 R 0
922 24634 19156 840 19255 742 3760 1 0 0 0 0 0 0 0 0 2 1 R 0
923 24652 17117 1408 17168 1389 3328 1 0 0 0 0 0 0 0 0 1 1 R 0
924 24671 17853 674 17877 620 3314 1 0 0 0 0 0 0 0 0 2 1 R 0
925 24697 24916 582 21560 547 3832 1 0 5 0 0 0 0 0 0 1 1 R 0
926 24717 19830 942 19870 914 4335 1 0 0 0 0 1 0 0 0 1 1 R 0
927 24737 19009 681 19044 642 4762 1 0 0 0 0 0 0 0 0 2 1 R 0
928 24760 22032 722 20839 668 6245 1 0 4 0 0 0 0 0 0 2 1 R 0
929 24779 17917 826 17996 758 3185 1 0 0 0 0 0 0 0 0 2 1 R 0
930 24803 23906 651 23921 636 8185 1 0 0 0 0 0 0 0 0 1 1 R 0
931 24825 21337 639 19791 599 4081 1 0 4 0 0 0 0 0 0 2 1 R 0
932 24845 18678 671 18736 619 3090 1 0 0 0 0 0 0 0 0 1 1 R 0
933 24864 18349 657 18414 595 3149 1 0 0 0 0 0 0 0 0 1 1 R 0
934 24888 24036 639 21727 608 4450 1 0 5 0 0 0 0 0 0 2 1 R 0
935 24908 19380 590 19417 556 4481 1 0 0 0 0 0 0 0 0 1 1 R 0
936 24929 19707 624 19744 580 4298 1 0 0 0 0 0 0 0 0 1 1 R 0
937 24947 17578 722 17637 666 3598 1 0 0 0 0 0 0 0 0 2 1 R 0
938 24968 20892 765 19994 721 5764 1 0 4 0 0 0 0 0 0 2 1 R 0
939 24987 17665 864 17744 786 3775 1 0 0 0 0 0 0 0 0 1 1 R 0
940 25009 20781 588 20814 554 5265 1 0 0 0 0 0 0 0 0 2 1 R 0
941 25035 26023 651 24748 556 4429 1 0 4 0 0 0 0 0 0 1 1 R 0
942 25058 22166 589 22199 551 6974 1 0 0 0 0 0 0 0 0 2 1 R 0
943 25081 22313 786 21117 740 6560 1 0 1 0 0 0 0 0 0 1 1 R 0
944 25107 25032 592 24007 557 7636 1 0 4 0 0 0 0 0 0 1 1 R 0
945 25129 21575 596 21615 558 8077 1 0 0 0 0 0 0 0 0 2 1 R 0
946 25151 21692 680 21726 646 7146 1 0 0 0 0 0 0 0 0 1 1 R 0
947 25177 25200 648 24175 600 6189 1 0 4 0 0 0 0 0 0 2 1 R 0
948 25199 21544 791 21639 705 6415 1 0 0 0 0 0 0 0 0 2 1 R 0
949 25228 27900 747 24029 727 8215 1 0 2 0 1 0 0 0 0 1 1 R 0
950 25268 39595 869 22717 826 5206 1 0 7 0 0 0 0 0 0 2 1 R 0
951 25289 19458 584 18411 539 4023 1 0 1 0 0 0 0 0 0 1 1 R 0
952 25331 42075 656 18363 626 29868 1 2 1 0 1 0 0 0 1 2 0 R 2
953 25358 26163 760 19892 719 7818 1 1 1 0 0 0 0 0 0 2 1 R 0
954 25381 21736 601 20481 562 4497 1 0 4 0 0 0 0 0 0 1 1 R 0
955 25400 19201 584 19238 548 3834 1 0 0 0 0 0 0 0 0 1 1 R 0
956 25421 19628 593 19666 555 4005 1 0 0 0 0 0 0 0 0 2 1 R 0
957 25441 19727 588 19763 549 3807 1 0 0 0 0 0 0 0 0 1 1 R 0
958 25464 22730 625 20844 592 5458 1 0 5 0 0 0 0 0 0 1 1 R 0
959 25485 20118 1426 18641 1402 3152 1 0 1 0 0 1 0 0 0 2 1 R 0
960 25505 18766 780 18833 711 3408 1 0 0 0 0 0 0 0 0 1 1 R 0
961 25528 21903 603 20698 566 3902 1 0 4 0 0 0 0 0 0 2 1 R 0
962 25549 20328 575 20363 537 4385 1 0 0 0 0 0 0 0 0 1 1 R 0
963 25567 17988 778 18035 731 3933 1 0 0 0 0 0 0 0 0 2 1 R 0
964 25593 24410 1012 23083 996 6935 1 0 4 0 0 0 0 0 0 1 1 R 0
965 25612 18464 601 18479 570 3856 1 0 0 0 0 0 0 0 0 1 1 R 0
966 25632 19355 1254 19389 1231 3870 1 0 0 0 0 0 0 0 0 2 1 R 0
967 25652 18613 583 18639 548 3801 1 0 0 0 0 0 0 0 0 1 1 R 0
968 25675 22088 684 20755 638 3424 1 0 4 0 0 0 0 0 0 2 1 R 0
969 25695 19942 771 18930 717 3110 1 0 1 0 0 0 0 0 0 1 1 R 0
970 25716 20159 1116 19687 1055 3251 1 0 1 0 0 0 0 0 0 2 1 R 0
971 25739 21986 607 20749 571 5347 1 0 4 0 0 0 0 0 0 1 1 R 0
972 25759 18941 800 18988 772 3959 1 0 0 0 0 0 0 0 0 1 1 R 0
973 25778 18922 857 18983 783 3666 1 0 0 0 0 0 0 0 0 2 1 R 0
974 25801 21213 765 19727 723 3689 1 0 4 0 0 0 0 0 0 2 1 R 0
975 25821 19759 641 19803 581 4129 1 0 0 0 0 0 0 0 0 1 1 R 0
976 25841 19427 586 19464 551 3855 1 0 0 0 0 0 0 0 0 1 1 R 0
977 25861 19753 570 19787 539 3933 1 0 0 0 0 0 0 0 0 2 1 R 0
978 25884 22333 634 19925 618 4055 1 0 5 0 0 0 0 0 0 1 1 R 0
979 25907 22087 572 22115 537 6668 1 0 0 0 0 0 0 0 0 2 1 R 0
980 25927 19556 581 19595 543 4450 1 0 0 0 0 0 0 0 0 1 1 R 0
981 25949 21418 605 20176 565 6181 1 0 4 0 0 0 0 0 0 1 1 R 0
982 25971 21610 597 21650 556 5072 1 0 0 0 0 0 0 0 0 1 1 R 0
983 25994 21998 577 22033 543 4533 1 0 0 0 0 0 0 0 0 2 1 R 0
984 26019 24021 600 21766 564 4376 1 0 5 0 0 0 0 0 0 1 1 R 0
985 26039 20048 755 19490 730 4367 1 0 1 0 0 0 0 0 0 1 1 R 0
986 26060 19541 588 19568 553 4500 1 0 0 0 0 0 0 0 0 1 1 R 0
987 26081 20456 710 19190 661 3608 1 0 4 0 0 0 0 0 0 2 1 R 0
988 26101 19328 891 18324 814 3070 1 0 1 0 0 0 0 0 0 2 1 R 0
989 26120 17971 682 18012 646 3261 1 0 0 0 0 0 0 0 0 1 1 R 0
990 26140 20180 587 20205 555 4908 1 0 0 0 0 0 0 0 0 1 1 R 0
991 26163 22398 606 21453 578 6657 1 0 4 0 0 0 0 0 0 2 1 R 0
992 26181 17136 683 17180 653 3053 1 0 0 0 0 0 0 0 0 1 1 R 0
993 26200 18070 689 18111 632 3204 1 0 0 0 0 0 0 0 0 1 1 R 0
994 26227 26760 581 24864 542 8528 1 0 4 0 0 0 0 0 0 2 1 R 0
995 26248 19674 580 19712 544 4303 1 0 0 0 0 0 0 0 0 1 1 R 0
996 26267 19332 569 19368 531 4408 1 0 0 0 0 0 0 0 0 1 1 R 0
997 26291 22584 712 19836 651 3733 1 0 4 0 0 0 0 0 0 2 1 R 0
998 26309 17582 708 17613 682 3125 1 0 0 0 0 0 0 0 0 2 1 R 0
999 26328 18589 749 18663 663 4058 1 0 0 0 0 0 0 0 0 2 1 R 0
1000 26350 20552 692 20622 619 4584 1 0 0 0 0 0 0 0 0 1 1 R 0
1001 26371 21189 590 20187 553 6733 1 0 4 0 0 0 0 0 0 1 1 R 0
1002 26389 17476 1020 17543 970 3115 1 0 0 0 0 0 0 0 0 2 1 R 0
1003 26409 18573 713 18612 675 4207 1 0 0 0 0 0 0 0 0 2 1 R 0
1004 26431 21669 759 20311 689 4203 1 0 4 0 0 0 0 0 0 2 1 R 0
1005 26452 20086 981 20120 964 3836 1 0 0 0 0 0 0 0 0 1 1 R 0
1006 26472 18645 584 18664 547 4030 1 0 0 0 0 0 0 0 0 1 1 R 0
1007 26494 21257 2319 19664 1419 3147 1 0 2 0 3 0 0 0 0 2 1 R 0
1008 26516 19703 605 19710 570 3912 1 0 0 0 0 0 0 0 0 1 1 R 0
1009 26538 21931 628 21963 591 6810 1 0 0 0 0 0 0 0 0 1 1 R 0
1010 26559 19740 590 19781 554 4308 1 0 0 0 0 0 0 0 0 1 1 R 0
1011 26581 21247 709 20213 673 6014 1 0 4 0 0 0 0 0 0 2 1 R 0
1012 26599 17915 697 17965 655 3102 1 0 0 0 0 0 0 0 0 2 1 R 0
1013 26618 18592 710 18633 660 3959 1 0 0 0 0 0 0 0 0 1 1 R 0
1014 26642 23209 1049 21579 1021 4932 1 0 4 0 0 0 0 0 0 2 1 R 0
1015 26663 19184 877 19207 856 3838 1 0 0 0 0 0 0 0 0 1 1 R 0
1016 26682 18631 1288 18323 1280 3238 1 0 1 0 0 0 0 0 0 1 1 R 0
1017 26703 19251 3506 18233 2273 4847 1 0 3 0 2 0 0 0 0 2 1 R 0
1018 26726 19862 715 19493 682 3086 1 0 0 0 0 0 0 0 0 1 1 R 0
1019 26747 19928 610 19976 543 4300 1 0 0 0 0 1 0 0 0 1 1 R 0
1020 26767 19627 733 19677 701 4571 1 0 0 0 0 0 0 0 0 2 1 R 0
1021 26799 31173 592 25102 557 8824 1 0 13 0 0 0 0 0 0 3 1 R 0
1022 26817 17940 747 18013 690 3569 1 0 0 0 0 0 0 0 0 1 1 R 0
1023 26839 20492 587 20516 550 5546 1 0 0 0 0 0 0 0 0 2 1 R 0
1024 26864 24624 586 23595 555 11040 1 0 4 0 0 0 0 0 0 0 1 R 0
1025 26884 19356 668 19399 632 3876 1 0 0 0 0 0 0 0 0 2 1 R 0
1026 26904 19711 789 18602 742 4739 1 0 1 0 0 0 0 0 0 1 1 R 0
1027 26926 21553 864 20541 819 3071 1 0 4 0 0 0 0 0 0 3 1 R 0
1028 26947 20086 584 20121 545 4494 1 0 0 0 0 0 0 0 0 1 1 R 0
1029 26968 19530 637 19561 606 4333 1 0 0 0 0 0 0 0 0 1 1 R 0
1030 26989 20970 649 19781 602 4313 1 0 4 0 0 0 0 0 0 1 1 R 0
1031 27009 19339 708 19145 662 4416 1 0 1 0 0 0 0 0 0 2 1 R 0
1032 27028 18076 680 18118 644 3508 1 0 0 0 0 0 0 0 0 2 1 R 0
1033 27049 20536 582 20558 547 5050 1 0 0 0 0 0 0 0 0 1 1 R 0
1034 27071 21410 587 20426 548 6493 1 0 4 0 0 0 0 0 0 1 1 R 0
1035 27092 20265 1056 19201 1035 3465 1 0 1 0 0 0 0 0 0 2 1 R 0
1036 27111 17699 700 17742 659 3207 1 0 0 0 0 0 0 0 0 1 1 R 0
1037 27134 22760 729 21727 645 3196 1 0 4 0 0 0 0 0 0 1 1 R 0
1038 27154 19233 575 19255 543 4078 1 0 0 0 0 0 0 0 0 2 1 R 0
1039 27177 22487 644 22522 609 8622 1 0 0 0 0 0 0 0 0 1 1 R 0
1040 27199 21404 551 20271 519 3586 1 0 4 0 0 0 0 0 0 1 1 R 0
1041 27218 17966 840 18011 809 3661 1 0 0 0 0 0 0 0 0 2 1 R 0
1042 27238 19024 707 19067 663 3941 1 0 0 0 0 0 0 0 0 2 1 R 0
1043 27258 19776 586 19797 551 4341 1 0 0 0 0 0 0 0 0 1 1 R 0
1044 27280 21586 580 20583 542 6184 1 0 4 0 0 0 0 0 0 1 1 R 0
1045 27300 19341 668 18378 625 3436 1 0 1 0 0 0 0 0 0 2 1 R 0
1046 27337 36366 1323 22537 1312 3342 1 0 7 0 1 0 0 1 1 2 1 R 1
1047 27367 28245 1010 23985 941 3699 1 1 1 0 0 0 0 0 0 1 1 R 0
1048 27388 20023 713 20057 677 4258 1 0 0 0 0 0 0 0 0 2 1 R 0
1049 27412 23573 1109 21917 1102 5031 1 0 4 0 0 0 0 0 0 2 1 R 0
1050 27434 20494 631 20502 595 3847 1 0 0 0 0 0 0 0 0 1 1 R 0
1051 27454 19397 583 19428 555 4096 1 0 0 0 0 0 0 0 0 1 1 R 0
1052 27474 19874 2235 19901 1325 4079 1 0 1 0 3 0 0 0 0 2 1 R 0
1053 27498 21277 600 19325 568 3812 1 0 1 0 0 0 0 0 0 1 1 R 0
1054 27519 20945 754 21012 683 6755 1 0 0 0 0 0 0 0 0 2 1 R 0
1055 27538 17950 689 17997 648 3564 1 0 0 0 0 0 0 0 0 1 1 R 0
1056 27561 22612 593 21598 557 6870 1 0 4 0 0 0 0 0 0 2 1 R 0
1057 27581 19046 587 19081 552 3876 1 0 0 0 0 0 0 0 0 1 1 R 0
1058 27602 20076 580 20106 550 3833 1 0 0 0 0 0 0 0 0 1 1 R 0
1059 27624 22298 566 20930 530 4124 1 0 4 0 0 0 0 0 0 2 1 R 0
1060 27643 17453 1340 17515 1296 3068 1 0 0 0 0 0 0 0 0 2 1 R 0
1061 27664 20031 1257 20048 1234 4206 1 0 0 0 0 1 0 0 0 1 1 R 0
1062 27687 21560 615 20511 581 3852 1 0 4 0 0 0 0 0 0 1 1 R 0
1063 27708 21185 674 20198 640 4062 1 0 1 0 0 0 0 0 0 2 1 R 0
1064 27728 18725 783 18314 696 4664 1 0 1 0 0 0 0 0 0 2 1 R 0
1065 27748 19477 690 19516 652 5080 1 0 0 0 0 0 0 0 0 1 1 R 0
1066 27770 21566 649 20723 615 6006 1 0 4 0 0 0 0 0 0 2 1 R 0
1067 27791 20220 586 20250 555 3934 1 0 0 0 0 0 0 0 0 1 1 R 0
1068 27810 18015 675 18058 639 3029 1 0 0 0 0 0 0 0 0 2 1 R 0
1069 27835 24643 848 23405 805 6660 1 0 4 0 0 0 0 0 0 2 1 R 0
1070 27854 18161 775 18221 714 3328 1 0 0 0 0 0 0 0 0 1 1 R 0
1071 27875 20021 580 20053 546 3778 1 0 0 0 0 0 0 0 0 1 1 R 0
1072 27899 23594 563 21992 535 3844 1 0 4 0 0 0 0 0 0 1 1 R 0
1073 27918 17967 655 18009 626 3953 1 0 0 0 0 0 0 0 0 2 1 R 0
1074 27938 19188 797 19232 765 3699 1 0 0 0 0 0 0 0 0 2 1 R 0
1075 27958 19777 594 19785 561 4263 1 0 0 0 0 0 0 0 0 1 1 R 0
1076 27980 21096 593 20006 555 6214 1 0 4 0 0 0 0 0 0 1 1 R 0
1077 28000 19169 570 19206 529 4249 1 0 0 0 0 0 0 0 0 1 1 R 0
1078 28018 18027 758 18075 718 3981 1 0 0 0 0 0 0 0 0 2 1 R 0
1079 28039 20547 944 19316 895 3659 1 0 4 0 0 0 0 0 0 2 1 R 0
1080 28060 19244 718 19278 673 3257 1 0 0 0 0 0 0 0 0 0 1 R 0
1081 28080 19576 580 19613 539 4290 1 0 0 0 0 0 0 0 0 2 1 R 0
1082 28102 21092 573 20097 538 4242 1 0 1 0 0 0 0 0 0 2 1 R 0
1083 28124 21443 576 20058 540 3490 1 0 4 0 0 0 0 0 0 0 1 R 0
1084 28147 22478 655 22525 602 6202 1 0 0 0 0 0 0 0 0 3 1 R 0
1085 28166 18885 608 18919 585 3191 1 0 0 0 0 0 0 0 0 1 1 R 0
1086 28188 21155 596 20070 554 3822 1 0 4 0 0 0 0 0 0 1 1 R 0
1087 28208 19552 578 19588 541 4525 1 0 0 0 0 0 0 0 0 1 1 R 0
1088 28227 17819 746 17883 688 3611 1 0 0 0 0 0 0 0 0 2 1 R 0
1089 28249 21791 596 20336 571 3652 1 0 4 0 0 0 0 0 0 2 1 R 0
1090 28269 19368 584 19396 549 4240 1 0 0 0 0 0 0 0 0 1 1 R 0
1091 28289 19142 588 19180 553 4322 1 0 0 0 0 0 0 0 0 1 1 R 0
1092 28311 21182 953 20186 894 4323 1 0 1 0 0 0 0 0 0 1 1 R 0
1093 28332 20745 1209 19761 1133 3934 1 0 4 0 0 0 0 0 0 2 1 R 0
1094 28351 17311 685 17338 646 3081 1 0 0 0 0 0 0 0 0 1 1 R 0
1095 28372 20037 576 20066 541 3806 1 0 0 0 0 0 0 0 0 2 1 R 0
1096 28394 21666 634 20483 599 3832 1 0 4 0 0 0 0 0 0 1 1 R 0
1097 28413 19063 564 19091 537 3877 1 0 0 0 0 0 0 0 0 1 1 R 0
1098 28431 16798 680 16845 634 3177 1 0 0 0 0 0 0 0 0 2 1 R 0
1099 28457 25917 562 24981 533 6489 1 0 4 0 0 0 0 0 0 2 1 R 0
1100 28477 19093 580 19127 542 4287 1 0 0 0 0 0 0 0 0 1 1 R 0
1101 28497 19560 598 19597 562 4259 1 0 0 0 0 0 0 0 0 1 1 R 0
1102 28519 20954 722 19547 684 4334 1 0 1 0 0 0 0 0 0 1 1 R 0
1103 28539 19250 743 18300 684 5217 1 0 4 0 0 0 0 0 0 2 1 R 0
1104 28558 18355 792 18401 749 3543 1 0 0 0 0 0 0 0 0 2 1 R 0
1105 28579 20285 569 20314 535 5050 1 0 0 0 0 0 0 0 0 1 1 R 0
1106 28600 20855 590 19851 553 4276 1 0 4 0 0 0 0 0 0 1 1 R 0
1107 28621 20278 604 20313 573 4024 1 0 0 0 0 0 0 0 0 1 1 R 0
1108 28639 17557 923 17598 904 3138 1 0 0 0 0 0 0 0 0 2 1 R 0
1109 28659 18520 696 18544 654 4084 1 0 0 0 0 0 0 0 0 2 1 R 0
1110 28684 24187 721 22630 674 6614 1 0 5 0 0 0 0 0 0 1 1 R 0
1111 28708 23663 735 22438 700 3829 1 0 1 0 0 0 0 0 0 2 1 R 0
1112 28729 20450 593 20470 554 4386 1 0 0 0 0 1 0 0 0 2 1 R 0
1113 28750 20067 756 19110 692 5504 1 0 4 0 0 0 0 0 0 1 1 R 0
1114 28772 21790 1574 21836 1539 6194 1 0 0 0 0 0 0 0 0 2 1 R 0
1115 28793 18629 1025 19081 563 3831 1 0 0 0 0 0 0 0 0 1 1 R 0
1116 28815 21594 578 20243 542 3919 1 0 4 0 0 0 0 0 0 2 1 R 0
1117 28834 17664 641 17724 593 3055 1 0 0 0 0 0 0 0 0 1 1 R 0
1118 28852 17718 729 17756 690 3466 1 0 0 0 0 0 0 0 0 1 1 R 0
1119 28871 18687 886 18733 841 3812 1 0 0 0 0 0 0 0 0 2 1 R 0
1120 28896 23870 593 21661 565 4390 1 0 4 0 0 0 0 0 0 2 1 R 0
1121 28917 20732 601 19275 562 5773 1 0 1 0 0 0 0 0 0 1 1 R 0
1122 28935 17451 705 17511 649 3591 1 0 0 0 0 0 0 0 0 2 1 R 0
1123 28959 22553 586 21511 550 3776 1 0 4 0 0 0 0 0 0 1 1 R 0
1124 28977 17875 709 17928 664 3532 1 0 0 0 0 0 0 0 0 2 1 R 0
1125 28998 20009 586 20040 549 4447 1 0 0 0 0 0 0 0 0 1 1 R 0
1126 29020 21051 596 19947 559 4395 1 0 4 0 0 0 0 0 0 1 1 R 0
1127 29038 17845 878 17931 798 3831 1 0 0 0 0 0 0 0 0 2 1 R 0
1128 29057 18473 655 18516 613 3605 1 0 0 0 0 0 0 0 0 2 1 R 0
1129 29080 21548 822 21597 777 7037 1 0 0 0 0 0 0 0 0 2 1 R 0
1130 29102 21901 995 20791 973 6805 1 0 4 0 1 0 0 0 0 1 1 R 0
1131 29124 20460 878 19415 836 4108 1 0 0 0 0 0 0 0 0 1 1 R 0
1132 29142 17473 1299 17543 1253 3055 1 0 0 0 0 0 0 0 0 2 1 R 0
1133 29166 22298 712 21350 623 3772 1 0 4 0 0 0 0 0 0 1 1 R 0
1134 29185 18642 942 18709 879 3170 1 0 0 0 0 0 0 0 0 2 1 R 0
1135 29205 19253 585 19286 549 4032 1 0 0 0 0 0 0 0 0 1 1 R 0
1136 29227 21593 574 20878 538 3836 1 0 4 0 0 0 0 0 0 1 1 R 0
1137 29247 19165 576 19201 539 3944 1 0 0 0 0 0 0 0 0 1 1 R 0
1138 29266 17844 631 17885 592 3089 1 0 0 0 0 0 0 0 0 2 1 R 0
1139 29285 18988 752 19055 691 3580 1 0 0 0 0 0 0 0 0 1 1 R 0
1140 29309 23367 598 21299 561 4097 1 0 5 0 0 0 0 0 0 2 1 R 0
1141 29329 19541 588 19577 554 4401 1 0 0 0 0 0 0 0 0 1 1 R 0
1142 29348 17898 785 17940 745 3685 1 0 0 0 0 0 0 0 0 2 1 R 0
1143 29370 21598 703 20289 658 4374 1 0 4 0 0 0 0 0 0 1 1 R 0
1144 29410 39448 919 23893 844 6071 1 0 2 0 0 0 0 0 0 2 1 R 0
1145 29431 19213 716 19303 628 4045 1 0 0 0 0 0 0 0 0 1 1 R 0
1146 29456 24970 1048 23030 991 6399 1 0 4 0 0 0 0 0 0 3 1 R 0
1147 29475 17467 686 17524 634 3659 1 0 0 0 0 0 0 0 0 2 1 R 0
1148 29497 21425 806 21477 745 5187 1 0 0 0 0 0 0 0 0 1 1 R 0
1149 29521 23034 596 20387 559 4568 1 0 4 0 0 0 0 0 0 1 1 R 0
1150 29542 20166 604 20206 568 3993 1 0 0 0 0 0 0 0 0 2 1 R 0
1151 29560 17925 1226 17998 1160 3225 1 0 0 0 0 0 0 0 0 2 1 R 0
1152 29584 22925 847 22015 793 3954 1 0 4 0 0 0 0 0 0 2 1 R 0
1153 29604 19114 837 19152 797 3840 1 0 0 0 0 0 0 0 0 1 1 R 0
1154 29625 20192 589 20226 551 3845 1 0 0 0 0 0 0 0 0 1 1 R 0
1155 29648 22261 571 21364 538 3885 1 0 4 0 0 0 0 0 0 1 1 R 0
1156 29667 18009 881 18105 792 3550 1 0 0 0 0 0 0 0 0 2 1 R 0
1157 29686 18324 666 18364 628 4231 1 0 0 0 0 0 0 0 0 2 1 R 0
1158 29709 22326 562 21426 538 5656 1 0 1 0 0 0 0 0 0 1 1 R 0
1159 29736 26918 600 22779 563 15666 1 0 4 0 0 0 0 0 0 1 1 R 0
1160 29755 18473 744 18519 698 3330 1 0 0 0 0 0 0 0 0 2 1 R 0
1161 29775 18677 648 18724 606 3055 1 0 0 0 0 0 0 0 0 1 1 R 0
1162 29797 21733 718 20746 677 3545 1 0 4 0 0 0 0 0 0 2 1 R 0
1163 29818 20167 1218 20185 1192 3768 1 0 0 0 0 1 0 0 0 2 1 R 0
1164 29838 19140 589 19170 550 4327 1 0 0 0 0 0 0 0 0 1 1 R 0
1165 29861 21730 804 20619 749 3913 1 0 4 0 0 0 0 0 0 1 1 R 0
1166 29879 17452 780 17518 716 3081 1 0 0 0 0 0 0 0 0 2 1 R 0
1167 29899 19045 732 19092 679 4602 1 0 0 0 0 0 0 0 0 2 1 R 0
1168 29921 21342 587 20343 550 4798 1 0 1 0 0 0 0 0 0 1 1 R 0
1169 29944 22664 662 21474 606 5518 1 0 4 0 0 0 0 0 0 1 1 R 0
1170 29962 17363 1267 17412 1236 3251 1 0 0 0 0 0 0 0 0 1 1 R 0
1171 29981 17571 666 17602 618 3283 1 0 0 0 0 0 0 0 0 2 1 R 0
1172 30005 23568 610 22549 565 3688 1 0 4 0 0 0 0 0 0 2 1 R 0
1173 30025 18916 585 18947 552 3834 1 0 0 0 0 0 0 0 0 1 1 R 0
1174 30048 22428 845 22474 812 8081 1 0 0 0 0 0 0 0 0 1 1 R 0
1175 30071 22311 687 20672 622 3773 1 0 4 0 0 0 0 0 0 2 1 R 0
1176 30090 18061 1100 18136 1059 3093 1 0 0 0 0 0 0 0 0 2 1 R 0
1177 30111 19904 724 18790 700 3575 1 0 1 0 0 0 0 0 0 2 1 R 0
1178 30131 19684 799 19716 755 3849 1 0 0 0 0 0 0 0 0 2 1 R 0
1179 30154 21804 574 20861 541 6236 1 0 4 0 0 0 0 0 0 1 1 R 0
1180 30175 20851 575 20885 542 3808 1 0 0 0 0 0 0 0 0 1 1 R 0
1181 30194 17902 722 17967 664 3119 1 0 0 0 0 0 0 0 0 2 1 R 0
1182 30217 22748 579 21494 544 3469 1 0 4 0 0 0 0 0 0 1 1 R 0
1183 30237 19296 598 19335 561 4338 1 0 0 0 0 0 0 0 0 1 1 R 0
1184 30257 19198 613 19228 580 4410 1 0 0 0 0 0 0 0 0 1 1 R 0
1185 30279 21345 640 20393 595 3184 1 0 4 0 0 0 0 0 0 2 1 R 0
1186 30298 18712 838 18756 811 3513 1 0 0 0 0 0 0 0 0 2 1 R 0
1187 30319 20436 777 19510 690 3667 1 0 1 0 0 0 0 0 0 2 1 R 0
1188 30340 19705 708 19857 557 4402 1 0 0 0 0 0 0 0 0 1 1 R 0
1189 30366 25888 578 24794 542 12662 1 0 4 0 0 0 0 0 0 1 1 R 0
1190 30385 18179 1236 18254 1169 3116 1 0 0 0 0 0 0 0 0 2 1 R 0
1191 30405 18759 673 18800 628 3477 1 0 0 0 0 0 0 0 0 2 1 R 0
1192 30428 22558 594 21546 554 3859 1 0 4 0 0 0 0 0 0 1 1 R 0
1193 30448 19066 582 19100 549 4359 1 0 0 0 0 0 0 0 0 2 1 R 0
1194 30469 19900 567 19933 531 4306 1 0 0 0 0 0 0 0 0 1 1 R 0
1195 30489 20218 1083 18907 1045 3819 1 0 4 0 0 0 0 0 0 2 1 R 0
1196 30508 17989 694 18023 642 3529 1 0 0 0 0 0 0 0 0 1 1 R 0
1197 30531 21886 615 19810 582 3360 1 0 2 0 0 0 0 0 0 2 1 R 0
1198 30551 19409 583 19440 548 3855 1 0 0 0 0 0 0 0 0 1 1 R 0
1199 30573 21795 691 20756 647 5412 1 0 4 0 0 0 0 0 0 2 1 R 0
1200 30592 17423 709 17495 653 3061 1 0 0 0 0 0 0 0 0 2 1 R 0
1201 30611 18611 680 18657 632 3390 1 0 0 0 0 0 0 0 0 1 1 R 0
1202 30635 23651 591 22084 554 4322 1 0 4 0 0 0 0 0 0 2 1 R 0
1203 30655 19055 590 19085 566 4040 1 0 0 0 0 0 0 0 0 1 1 R 0
1204 30679 23624 668 23278 620 6818 1 0 1 0 0 0 0 0 0 1 1 R 0
1205 30700 20767 800 19501 752 3577 1 0 4 0 0 1 0 0 0 2 1 R 0
1206 30721 19961 815 18583 757 3408 1 0 1 0 0 0 0 0 0 2 1 R 0
1207 30741 19232 586 19249 554 3819 1 0 0 0 0 0 0 0 0 1 1 R 0
1208 30762 19648 746 19683 717 3994 1 0 0 0 0 0 0 0 0 2 1 R 0
1209 30787 24516 764 21927 730 3821 1 0 4 0 0 0 0 0 0 0 1 R 0
1210 30805 17411 770 17500 692 3303 1 0 0 0 0 0 0 0 0 2 1 R 0
1211 30826 20202 713 20257 650 5273 1 0 0 0 0 0 0 0 0 2 1 R 0
1212 30849 22084 648 20913 605 3794 1 0 4 0 0 0 0 0 0 1 1 R 0
1213 30869 19420 643 19469 591 4312 1 0 0 0 0 0 0 0 0 3 1 R 0
1214 30887 17545 822 17615 760 3732 1 0 0 0 0 0 0 0 0 0 1 R 0
1215 30906 18305 894 18350 853 3519 1 0 0 0 0 0 0 0 0 2 1 R 0
1216 30930 22637 590 20464 552 3351 1 0 4 0 0 0 0 0 0 2 1 R 0
1217 30950 19449 579 19486 544 4315 1 0 0 0 0 0 0 0 0 2 1 R 0
1218 30969 19214 578 19251 539 4458 1 0 0 0 0 0 0 0 0 1 1 R 0
1219 30995 24647 572 23293 537 6626 1 0 4 0 0 0 0 0 0 1 1 R 0
1220 31012 17124 1653 17175 1637 3043 1 0 0 0 0 0 0 0 0 1 1 R 0
1221 31032 18098 1318 18124 1282 3118 1 0 0 0 0 0 0 0 0 3 1 R 0
1222 31054 20598 1180 20225 803 3777 1 0 3 0 1 0 0 0 0 1 1 R 0
1223 31076 21035 816 20865 581 3812 1 0 1 0 0 0 0 0 0 1 1 R 0
1224 31095 17932 717 17967 666 3080 1 0 0 0 0 0 0 0 0 1 1 R 0
1225 31114 18299 658 18361 599 3137 1 0 0 0 0 0 0 0 0 2 1 R 0
1226 31139 24032 576 20940 540 3140 1 0 5 0 0 0 0 0 0 1 1 R 0
1227 31159 19339 586 19373 552 4276 1 0 0 0 0 0 0 0 0 2 1 R 0
1228 31179 19475 770 19516 725 4320 1 0 0 0 0 0 0 0 0 1 1 R 0
1229 31200 20574 848 19204 797 3683 1 0 4 0 0 0 0 0 0 2 1 R 0
1230 31219 17617 677 17657 638 3454 1 0 0 0 0 0 0 0 0 1 1 R 0
1231 31240 20545 712 20574 687 4674 1 0 0 0 0 0 0 0 0 1 1 R 0
1232 31260 19385 599 19410 565 4281 1 0 0 0 0 0 0 0 0 2 1 R 0
1233 31282 21465 590 20509 557 6615 1 0 4 0 0 0 0 0 0 1 1 R 0
1234 31304 21778 762 21835 708 6268 1 0 0 0 0 0 0 0 0 2 1 R 0
1235 31326 20473 777 19570 714 3077 1 0 1 0 0 0 0 0 0 1 1 R 0
1236 31352 25456 823 24172 776 3854 1 0 4 0 0 0 0 0 0 3 1 R 0
1237 31375 22330 690 22378 638 4032 1 0 0 0 0 0 0 0 0 2 1 R 0
1238 31394 18353 676 18397 627 3108 1 0 0 0 0 0 0 0 0 3 1 R 0
1239 31417 22271 659 21435 594 3037 1 0 4 0 0 0 0 0 0 1 1 R 0
1240 31446 28033 580 20754 551 3084 1 0 1 0 0 0 0 0 0 2 1 R 0
1241 31480 33668 698 23395 653 3839 1 0 5 0 0 0 0 0 0 1 1 R 0
1242 31498 17414 702 17453 685 3704 1 0 0 0 0 0 0 0 0 2 1 R 0
1243 31521 21910 708 20447 679 6531 1 0 1 0 0 0 0 0 0 2 1 R 0
1244 31542 20324 684 20349 650 3908 1 0 0 0 0 0 0 0 0 2 1 R 0
1245 31567 24429 606 21892 573 4100 1 0 4 0 0 0 0 0 0 1 1 R 0
1246 31586 19103 575 19137 540 4439 1 0 0 0 0 0 0 0 0 1 1 R 0
1247 31605 17935 833 18002 765 3362 1 0 0 0 0 0 0 0 0 2 1 R 0
1248 31628 21735 771 20818 677 3062 1 0 4 0 0 0 0 0 0 1 1 R 0
1249 31651 22451 579 22482 546 7101 1 0 0 0 0 0 0 0 0 2 1 R 0
1250 31671 19327 590 19364 552 3974 1 0 0 0 0 0 0 0 0 1 1 R 0
1251 31694 23235 647 21435 607 3963 1 0 4 0 0 0 0 0 0 1 1 R 0
1252 31712 17168 2651 17219 2080 3111 1 0 0 0 1 0 0 0 0 2 1 R 0
1253 31735 20482 804 19554 713 4512 1 0 1 0 0 0 0 0 0 1 1 R 0
1254 31758 21625 587 20887 554 4069 1 0 4 0 0 0 0 0 0 1 1 R 0
1255 31778 19858 597 19888 563 4266 1 0 0 0 0 0 0 0 0 2 1 R 0
1256 31798 19399 588 19434 556 4351 1 0 0 0 0 0 0 0 0 1 1 R 0
1257 31816 17499 657 17536 626 3528 1 0 0 0 0 0 0 0 0 2 1 R 0
1258 31839 22023 704 21213 652 5018 1 0 4 0 0 0 0 0 0 1 1 R 0
1259 31860 20200 599 20227 566 4311 1 0 0 0 0 0 0 0 0 2 1 R 0
1260 31880 19652 678 19693 644 4388 1 0 0 0 0 0 0 0 0 1 1 R 0
1261 31902 21120 597 19627 561 4199 1 0 4 0 0 0 0 0 0 2 1 R 0
1262 31921 17955 3018 18060 1765 3421 1 0 1 0 0 0 0 0 0 1 1 R 0
1263 31941 17773 705 17795 651 3071 1 0 0 0 0 0 0 0 0 2 1 R 0
1264 31968 25531 706 24749 684 6425 1 0 4 0 0 0 0 0 0 2 1 R 0
1265 31988 19444 602 19474 561 4537 1 0 0 0 0 0 0 0 0 1 1 R 0
1266 32006 18080 1938 18151 1939 3499 1 0 0 0 0 1 0 0 0 1 1 R 0
1267 32026 17500 656 17478 610 3532 1 0 0 0 0 0 0 0 0 2 1 R 0
1268 32049 22180 714 21186 678 5885 1 0 4 0 0 0 0 0 0 2 1 R 0
1269 32069 19522 678 19562 628 4358 1 0 0 0 0 0 0 0 0 1 1 R 0
1270 32089 19208 639 19246 600 4363 1 0 0 0 0 0 0 0 0 1 1 R 0
1271 32112 22107 672 20647 628 3950 1 0 4 0 0 0 0 0 0 2 1 R 0
1272 32131 19135 656 17774 611 3094 1 0 1 0 0 0 0 0 0 2 1 R 0
1273 32151 18723 764 18795 682 3090 1 0 0 0 0 0 0 0 0 2 1 R 0
1274 32172 20306 583 20341 547 3446 1 0 0 0 0 0 0 0 0 1 1 R 0
1275 32195 22091 638 20507 607 5255 1 0 4 0 0 0 0 0 0 0 1 R 0
1276 32212 17210 1643 17244 1634 3115 1 0 0 0 0 0 0 0 0 3 1 R 0
1277 32232 17580 684 17594 641 3145 1 0 0 0 0 0 0 0 0 1 1 R 0
1278 32256 23545 586 22107 546 4707 1 0 4 0 0 0 0 0 0 2 1 R 0
1279 32279 22282 601 22322 563 8093 1 0 0 0 0 0 0 0 0 1 1 R 0
1280 32299 19445 597 19481 561 4281 1 0 0 0 0 0 0 0 0 1 1 R 0
1281 32321 21240 601 20025 569 4369 1 0 4 0 0 0 0 0 0 1 1 R 0
1282 32341 20031 912 19167 869 4541 1 0 1 0 0 0 0 0 0 2 1 R 0
1283 32361 18986 1042 19095 933 3102 1 0 0 0 0 0 0 0 0 1 1 R 0
1284 32381 19227 590 19256 554 3830 1 0 0 0 0 0 0 0 0 1 1 R 0
1285 32407 25351 739 24394 692 6252 1 0 4 0 0 0 0 0 0 1 1 R 0
1286 32425 16899 659 16940 618 3893 1 0 0 0 0 0 0 0 0 1 1 R 0
1287 32483 57647 819 19026 802 42007 1 2 1 0 1 1 0 1 1 3 1 R 2
1288 32508 24047 626 21224 589 4523 1 1 0 0 0 1 0 0 0 1 1 R 0
1289 32531 22096 576 18957 546 3716 1 0 4 0 0 1 0 0 0 2 1 R 0
1290 32550 18168 720 18235 655 3107 1 0 0 0 0 0 0 0 0 2 1 R 0
1291 32571 20281 582 20312 547 4868 1 0 0 0 0 0 0 0 0 1 1 R 0
1292 32591 19434 589 19468 555 3868 1 0 0 0 0 0 0 0 0 1 1 R 0
1293 32614 22447 654 21512 605 6022 1 0 4 0 0 0 0 0 0 2 1 R 0
1294 32636 21487 921 21550 867 6012 1 0 0 0 0 0 0 0 0 1 1 R 0
1295 32655 18256 718 18330 642 3252 1 0 0 0 0 0 0 0 0 2 1 R 0
1296 32679 23370 593 21970 561 3959 1 0 5 0 0 0 0 0 0 1 1 R 0
1297 32699 19789 583 19821 546 4163 1 0 0 0 0 0 0 0 0 1 1 R 0
1298 32720 19586 699 19624 658 4449 1 0 0 0 0 1 0 0 0 2 1 R 0
1299 32744 23639 713 21715 659 3934 1 0 5 0 0 0 0 0 0 2 1 R 0
1300 32762 17283 690 17347 634 3154 1 0 0 0 0 0 0 0 0 1 1 R 0
1301 32782 18932 701 18986 653 3669 1 0 0 0 0 0 0 0 0 2 1 R 0
1302 32805 22638 614 21904 546 3836 1 0 4 0 0 0 0 0 0 1 1 R 0
1303 32825 19280 736 19351 659 3622 1 0 0 0 0 0 0 0 0 2 1 R 0
1304 32844 18291 689 18361 628 3173 1 0 0 0 0 0 0 0 0 1 1 R 0
1305 32862 17692 1331 17766 1265 3067 1 0 0 0 0 0 0 0 0 2 1 R 0
1306 32886 22297 600 20760 559 4361 1 0 4 0 0 0 0 0 0 1 1 R 0
1307 32906 19910 717 19945 692 4072 1 0 0 0 0 0 0 0 0 1 1 R 0
1308 32926 19106 605 19131 569 3807 1 0 0 0 0 0 0 0 0 1 1 R 0
1309 32953 25885 1017 22937 649 6537 1 0 5 0 0 0 0 0 0 2 1 R 0
1310 32971 17496 713 17553 664 3270 1 0 0 0 0 0 0 0 0 2 1 R 0
1311 32992 20500 909 20526 883 3859 1 0 0 0 0 0 0 0 0 1 1 R 0
1312 33012 18781 584 18809 550 3837 1 0 0 0 0 0 0 0 0 1 1 R 0
1313 33035 22101 572 20852 539 3505 1 0 4 0 0 0 0 0 0 2 1 R 0
1314 33052 16960 1378 17024 1340 3257 1 0 0 0 0 0 0 0 0 2 1 R 0
1315 33072 18078 841 18121 781 3959 1 0 0 0 0 0 0 0 0 2 1 R 0
1316 33096 23419 593 22172 558 3765 1 0 4 0 0 0 0 0 0 1 1 R 0
1317 33116 19406 593 19439 557 3857 1 0 0 0 0 0 0 0 0 1 1 R 0
1318 33137 20011 780 19026 721 3069 1 0 1 0 0 0 0 0 0 2 1 R 0
1319 33159 21792 619 20355 577 3761 1 0 4 0 0 0 0 0 0 1 1 R 0
1320 33178 17987 731 18064 663 3476 1 0 0 0 0 0 0 0 0 2 1 R 0
1321 33198 19934 578 19959 544 4356 1 0 0 0 0 0 0 0 0 1 1 R 0
1322 33218 19377 572 19410 537 4423 1 0 0 0 0 0 0 0 0 1 1 R 0
1323 33239 19942 888 18864 820 5332 1 0 4 0 0 0 0 0 0 2 1 R 0
1324 33261 21045 822 21088 780 6400 1 0 0 0 0 0 0 0 0 2 1 R 0
1325 33279 17484 878 17569 791 3140 1 0 0 0 0 0 0 0 0 1 1 R 0
1326 33304 24125 585 22476 556 5617 1 0 4 0 0 0 0 0 0 1 1 R 0
1327 33324 19498 731 19548 676 4015 1 0 0 0 0 0 0 0 0 2 1 R 0
1328 33345 19737 681 18665 642 3108 1 0 1 0 0 0 0 0 0 1 1 R 0
1329 33364 18796 2718 18913 1436 3140 1 0 1 0 3 0 0 0 0 3 1 R 0
1330 33385 18510 715 18550 651 3113 1 0 0 0 0 0 0 0 0 1 1 R 0
1331 33406 19782 566 19816 529 4117 1 0 0 0 0 0 0 0 0 2 1 R 0
1332 33426 18988 606 19032 570 3818 1 0 0 0 0 0 0 0 0 1 1 R 0
1333 33448 21716 643 20878 607 3086 1 0 4 0 0 0 0 0 0 1 1 R 0
1334 33468 19027 580 19068 541 4279 1 0 0 0 0 0 0 0 0 1 1 R 0
1335 33492 23516 2795 21659 771 4399 1 0 2 0 0 0 0 0 0 1 1 R 0
1336 33537 42962 831 25254 780 14762 1 0 10 0 0 0 0 0 0 2 1 R 0
1337 33556 17857 739 17394 707 4435 1 0 1 0 0 0 0 0 0 1 1 R 0
1338 33594 37225 2380 18917 658 23699 1 2 4 0 1 0 0 0 0 2 0 R 1
1339 33617 20696 585 20314 552 4350 1 0 1 0 0 0 0 0 0 1 1 R 0
1340 33639 21104 576 20708 543 5429 1 0 1 0 0 0 0 0 0 1 1 R 0
1341 33659 19989 703 19060 650 5260 1 0 4 0 0 0 0 0 0 2 1 R 0
1342 33678 17637 691 17681 655 3536 1 0 0 0 0 0 0 0 0 2 1 R 0
1343 33699 20611 575 20630 542 4246 1 0 0 0 0 0 0 0 0 1 1 R 0
1344 33721 21340 602 19859 568 4297 1 0 4 0 0 0 0 0 0 1 1 R 0
1345 33745 23638 550 21083 530 3788 1 0 2 0 0 0 0 0 0 2 1 R 0
1346 33765 18965 1134 18478 847 3104 1 0 1 0 1 0 0 0 0 1 1 R 0
1347 33788 22277 701 20722 672 3106 1 0 4 0 0 0 0 0 0 2 1 R 0
1348 33809 19792 604 19822 568 4293 1 0 0 0 0 0 0 0 0 1 1 R 0
1349 33828 19249 590 19280 556 4231 1 0 0 0 0 0 0 0 0 1 1 R 0
1350 33859 30155 565 21032 543 4341 1 0 6 0 0 0 0 0 0 1 1 R 0
1351 33877 17398 678 17451 619 3568 1 0 0 0 0 0 0 0 0 2 1 R 0
1352 33901 23484 2602 20446 970 4434 1 0 2 0 0 0 0 0 0 2 1 R 0
1353 33939 35550 796 22647 775 4058 1 0 5 0 0 0 0 0 0 1 1 R 0
1354 33960 19294 708 19330 662 6007 1 0 0 0 0 0 0 0 0 1 1 R 0
1355 34028 67670 866 28096 820 40187 1 2 2 0 1 0 0 0 0 4 0 R 1
1356 34072 42948 2949 25281 1004 9665 1 0 13 0 1 0 0 0 0 2 0 R 0
1357 34102 27291 605 18479 568 4468 1 0 7 0 0 0 0 0 0 0 1 R 0
1358 34128 25242 1224 23957 1150 4068 1 0 2 0 0 0 0 0 0 1 1 R 0
1359 34152 23195 975 20317 949 9408 1 0 5 0 0 0 0 0 0 1 1 R 0
1360 34178 24559 546 23132 508 3817 1 0 2 0 0 0 0 0 0 1 1 R 0
1361 34246 68121 1173 31640 1154 48882 1 2 4 0 1 0 0 0 0 4 0 R 1
1362 34288 40149 1667 37839 1509 6873 1 0 1 0 0 0 0 1 1 1 0 R 2
1363 34330 40165 1191 22606 1147 11204 1 1 4 0 1 0 0 1 1 2 1 R 1
1364 34378 46925 821 24464 795 14410 1 1 10 0 0 0 0 0 0 2 1 R 0
1365 34397 18506 625 18294 592 3773 1 0 1 0 0 0 0 0 0 0 1 R 0
1366 34458 60031 1299 29394 1228 37942 1 2 1 0 0 0 0 1 1 3 0 R 2
1367 34502 43037 1335 27348 1295 7550 1 1 11 0 0 0 0 0 0 2 1 R 0
1368 34523 19861 2519 19590 2384 3614 1 0 1 0 0 1 0 0 0 1 1 R 0
1369 34560 34019 656 31516 589 15200 1 0 3 0 0 0 0 0 0 2 1 R 0
1370 34588 27688 1169 25493 1118 9579 1 0 5 0 1 0 0 0 0 1 0 R 0
1371 34660 70395 3386 40576 1231 12207 1 0 16 0 1 0 0 0 0 3 0 R 0
1372 34707 44334 3680 29681 1491 3843 1 0 7 0 1 0 0 0 0 1 0 R 0
1373 34770 58457 5505 36506 2384 4691 1 0 5 0 4 0 0 0 0 3 0 R 0
1374 34819 43971 3470 27722 1427 10398 1 0 8 0 1 0 0 0 0 1 0 R 2
1375 34899 76950 6017 31580 1130 6693 1 1 17 0 2 0 0 0 0 2 0 R 0
1376 34975 69947 1664 31107 1599 18630 1 0 15 0 0 0 0 1 1 2 0 R 1
1377 35026 48717 2489 23632 965 9978 1 1 9 0 0 0 0 0 0 2 1 R 1
1378 35076 47629 5011 36094 2880 14571 1 0 4 0 1 0 0 1 1 2 1 R 0
1379 35121 40158 2418 20561 1449 3141 1 0 3 0 1 0 0 0 0 2 1 R 0
1380 35172 48309 2574 22252 745 13079 1 0 16 0 0 0 0 0 0 2 1 R 0
1381 35221 46716 3284 25206 773 11909 1 0 14 0 0 0 0 0 0 1 1 R 4
1382 35261 36718 4864 22551 1099 11425 1 0 7 0 0 0 0 1 1 3 1 R 2
1383 35302 35676 12266 19584 2888 3987 1 1 3 0 1 0 0 1 1 2 1 R 1
1384 35372 57851 18244 29866 2870 25407 1 1 16 0 1 0 0 1 1 3 1 R 2
1385 35438 47830 2331 23077 983 3386 1 1 5 0 1 0 0 0 0 2 1 R 1
1386 35490 49657 5537 35373 2291 3860 1 0 7 0 1 0 0 1 1 2 1 R 2
1387 35530 34212 5421 18733 874 3248 1 1 2 0 0 0 0 0 0 3 1 R 0
1388 35609 74159 2737 27820 1121 21112 1 0 16 0 1 0 0 0 0 1 1 R 3
1389 35685 73464 4623 32450 2756 20486 1 0 14 0 2 0 0 1 1 3 1 R 1
1390 35746 56210 839 28392 789 10904 1 1 7 0 0 0 0 1 1 3 0 R 2
1391 35806 59024 733 24271 708 9308 1 1 11 0 1 1 0 0 0 2 1 R 4
1392 35842 35185 12213 19865 1086 3343 1 0 4 0 0 0 0 0 0 2 1 R 0
1393 35900 46110 595 25955 567 10798 1 0 14 0 0 0 0 0 0 2 1 R 2
1394 35942 40953 735 21368 724 9838 1 0 4 0 1 0 0 0 0 2 1 R 1
1395 35972 29230 2558 15540 1338 3870 1 0 2 0 0 0 0 1 1 2 1 R 1
1396 36034 59839 3842 26001 1486 3479 1 1 11 0 1 0 0 1 1 2 1 R 1
1397 36080 42014 611 19126 568 3812 1 1 2 0 0 0 0 0 0 1 1 R 0
1398 36139 58009 13038 26040 1375 21370 1 0 10 0 1 0 0 1 1 3 1 R 1
1399 36195 43432 921 24985 841 19409 1 1 2 0 0 0 0 0 0 1 1 R 0
1400 36228 31682 604 19643 574 3314 1 0 4 0 1 0 0 0 0 2 1 R 0
1401 36277 48598 622 26058 600 9242 1 0 17 0 0 0 0 0 0 2 1 R 0
1402 36298 20557 621 20600 572 4615 1 0 0 0 0 0 0 0 0 1 1 R 0
1403 36317 17784 879 17872 804 3720 1 0 0 0 0 0 0 0 0 2 1 R 0
1404 36337 19327 892 19406 802 5203 1 0 0 0 0 0 0 0 0 2 1 R 0
1405 36362 23917 591 21234 553 6458 1 0 5 0 0 0 0 0 0 1 1 R 0
1406 36381 19279 587 19317 551 3856 1 0 0 0 0 0 0 0 0 1 1 R 0
1407 36402 19606 588 19642 552 3884 1 0 0 0 0 0 0 0 0 2 1 R 0
1408 36423 20279 1665 19198 1641 3320 1 0 4 0 0 0 0 0 0 2 1 R 0
1409 36442 17744 719 17775 660 3117 1 0 0 0 0 0 0 0 0 1 1 R 0
1410 36462 19774 908 19806 883 4123 1 0 0 0 0 0 0 0 0 2 1 R 0
1411 36482 18425 688 18461 639 3825 1 0 0 0 0 0 0 0 0 1 1 R 0
1412 36505 22773 568 21031 530 5562 1 0 4 0 0 0 0 0 0 2 1 R 0
1413 36525 19534 602 19580 561 3625 1 0 0 0 0 0 0 0 0 1 1 R 0
1414 36548 21853 611 21889 572 7007 1 0 0 0 0 0 0 0 0 1 1 R 0
1415 36571 22156 596 20018 559 7591 1 0 5 0 0 0 0 0 0 1 1 R 0
1416 36591 19605 638 19642 599 3931 1 0 0 0 0 0 0 0 0 2 1 R 0
1417 36614 22530 583 22565 552 4125 1 0 0 0 0 0 0 0 0 1 1 R 0
1418 36636 21448 724 20629 677 3096 1 0 4 0 0 0 0 0 0 2 1 R 0
1419 36655 18479 680 18535 623 3289 1 0 0 0 0 0 0 0 0 2 1 R 0
1420 36677 21264 599 20771 577 3093 1 0 1 0 0 0 0 0 0 1 1 R 0
1421 36700 22113 658 21132 601 4289 1 0 4 0 0 0 0 0 0 1 1 R 0
1422 36719 18762 583 18789 545 3656 1 0 0 0 0 0 0 0 0 1 1 R 0
1423 36738 17722 682 17776 635 3645 1 0 0 0 0 0 0 0 0 2 1 R 0
1424 36759 21052 835 20000 778 4193 1 0 1 0 0 0 0 0 0 2 1 R 0
1425 36781 21316 581 20197 545 6746 1 0 4 0 0 0 0 0 0 1 1 R 0
1426 36802 19757 588 19795 550 3831 1 0 0 0 0 0 0 0 0 1 1 R 0
1427 36820 17575 683 17624 640 3297 1 0 0 0 0 0 0 0 0 2 1 R 0
1428 36842 21005 730 19969 692 3955 1 0 4 0 0 0 0 0 0 2 1 R 0
1429 36865 23014 662 23037 636 6110 1 0 0 0 0 0 0 0 0 1 1 R 0
1430 36887 20504 595 19746 553 3812 1 0 1 0 0 0 0 0 0 1 1 R 0
1431 36909 21706 563 20915 526 4355 1 0 4 0 0 0 0 0 0 2 1 R 0
1432 36927 17651 679 17700 637 3580 1 0 0 0 0 0 0 0 0 1 1 R 0
1433 36946 18703 699 18757 642 4377 1 0 0 0 0 0 0 0 0 2 1 R 0
1434 36969 21910 601 20914 566 4624 1 0 1 0 0 0 0 0 0 2 1 R 0
1435 36991 21242 570 19974 534 6493 1 0 4 0 0 0 0 0 0 1 1 R 0
1436 37011 19407 576 19445 541 3905 1 0 0 0 0 0 0 0 0 1 1 R 0
1437 37029 17921 805 17966 764 3146 1 0 0 0 0 0 0 0 0 2 1 R 0
1438 37051 21274 723 20160 663 3787 1 0 4 0 0 0 0 0 0 2 1 R 0
1439 37070 17967 781 18028 717 3377 1 0 0 0 0 0 0 0 0 0 1 R 0
1440 37093 22452 586 21810 567 4148 1 0 1 0 0 0 0 0 0 2 1 R 0
1441 37114 19578 2205 19598 1062 3837 1 0 1 0 2 0 0 0 0 1 1 R 0
1442 37136 20031 730 19610 634 3133 1 0 1 0 0 0 0 0 0 2 1 R 0
1443 37155 18505 706 18576 640 3840 1 0 0 0 0 0 0 0 0 2 1 R 0
1444 37180 24165 593 22532 559 8843 1 0 1 0 0 0 0 0 0 2 1 R 0
1445 37202 21045 583 19869 546 6377 1 0 4 0 0 0 0 0 0 1 1 R 0
1446 37222 19787 581 19826 544 4029 1 0 0 0 0 0 0 0 0 1 1 R 0
1447 37241 18110 776 18156 730 3285 1 0 0 0 0 0 0 0 0 2 1 R 0
1448 37265 23347 591 21785 553 3984 1 0 4 0 0 0 0 0 0 2 1 R 0
1449 37285 19861 559 19894 525 3869 1 0 0 0 0 0 0 0 0 1 1 R 0
1450 37305 19008 577 19045 546 4037 1 0 0 0 0 0 0 0 0 1 1 R 0
1451 37328 22411 561 21332 535 3793 1 0 4 0 0 0 0 0 0 2 1 R 0
1452 37346 17661 910 17702 879 3553 1 0 0 0 0 0 0 0 0 1 1 R 0
1453 37368 21420 712 20302 679 4503 1 0 1 0 0 0 0 0 0 2 1 R 0
1454 37389 20164 590 20183 556 4353 1 0 0 0 0 0 0 0 0 2 1 R 0
1455 37411 21163 598 20009 562 6332 1 0 4 0 0 0 0 0 0 1 1 R 0
1456 37431 19674 569 19708 535 3782 1 0 0 0 0 0 0 0 0 1 1 R 0
1457 37450 18128 701 18179 649 3211 1 0 0 0 0 0 0 0 0 2 1 R 0
1458 37472 21669 1619 20663 1565 4184 1 0 4 0 0 0 0 0 0 2 1 R 0
1459 37496 22639 616 22659 581 7915 1 0 0 0 0 0 0 0 0 1 1 R 0
1460 37517 19928 594 19965 556 3851 1 0 0 0 0 0 0 0 0 1 1 R 0
1461 37539 21242 562 19879 533 3354 1 0 4 0 0 0 0 0 0 2 1 R 0
1462 37557 17923 697 17974 654 3508 1 0 0 0 0 0 0 0 0 1 1 R 0
1463 37579 21092 691 19573 644 5709 1 0 1 0 0 0 0 0 0 2 1 R 0
1464 37600 19699 578 19729 542 4495 1 0 0 0 0 0 0 0 0 1 1 R 0
1465 37621 21379 603 20218 565 6373 1 0 4 0 0 0 0 0 0 1 1 R 0
1466 37642 19574 949 19656 870 3298 1 0 0 0 0 0 0 0 0 2 1 R 0
1467 37676 33847 877 21839 723 3099 1 0 2 0 0 0 0 0 0 2 1 R 0
1468 37708 31060 861 24821 802 3107 1 0 3 0 0 0 0 0 0 2 1 R 0
1469 37730 20468 863 19763 814 5290 1 0 1 0 0 0 0 0 0 1 1 R 0
1470 37750 19335 706 19409 648 3524 1 0 0 0 0 0 0 0 0 2 1 R 0
1471 37775 24247 892 21709 804 4591 1 0 5 0 0 0 0 0 0 2 1 R 0
1472 37796 20543 614 20576 577 3834 1 0 0 0 0 0 0 0 0 1 1 R 0
1473 37816 19325 583 19361 547 3805 1 0 0 0 0 0 0 0 0 1 1 R 0
1474 37842 24887 598 23840 563 11002 1 0 4 0 0 0 0 0 0 2 1 R 0
1475 37860 17565 691 17629 615 3036 1 0 0 0 0 0 0 0 0 1 1 R 0
1476 37879 18845 766 18903 710 4748 1 0 0 0 0 0 0 0 0 2 1 R 0
1477 37903 22409 926 21300 906 4520 1 0 4 0 0 0 0 0 0 2 1 R 0
1478 37923 19032 1090 19057 1071 4124 1 0 0 0 0 0 0 0 0 1 1 R 0
1479 37943 19548 597 19570 556 3879 1 0 0 0 0 0 0 0 0 1 1 R 0
1480 37961 17245 778 17288 734 3243 1 0 0 0 0 0 0 0 0 3 1 R 0
1481 37986 24240 577 21163 542 3472 1 0 5 0 0 0 0 0 0 1 1 R 0
1482 38006 19605 715 19642 690 4047 1 0 0 0 0 0 0 0 0 2 1 R 0
1483 38026 19041 633 19065 604 3863 1 0 0 0 0 0 0 0 0 1 1 R 0
1484 38048 21360 673 20357 637 3802 1 0 4 0 0 0 0 0 0 1 1 R 0
1485 38066 17736 755 17797 700 3472 1 0 0 0 0 1 0 0 0 2 1 R 0
1486 38087 19360 690 19408 643 4710 1 0 0 0 0 0 0 0 0 2 1 R 0
1487 38110 22573 578 21736 547 4418 1 0 4 0 0 0 0 0 0 1 1 R 0
1488 38130 19685 591 19722 552 4303 1 0 0 0 0 0 0 0 0 1 1 R 0
1489 38152 21112 580 21147 545 6882 1 0 0 0 0 0 0 0 0 2 1 R 0
1490 38172 19911 4405 18837 2748 3349 1 0 1 0 4 0 0 0 0 2 1 R 0
1491 38195 18743 688 18780 637 3072 1 0 0 0 0 0 0 0 0 1 1 R 0
1492 38216 19613 574 19638 541 3394 1 0 0 0 0 0 0 0 0 1 1 R 0
1493 38236 19853 582 19890 545 3807 1 0 0 0 0 0 0 0 0 1 1 R 0
1494 38258 21739 725 20688 689 3375 1 0 4 0 0 0 0 0 0 2 1 R 0
1495 38277 17481 646 17523 602 3475 1 0 0 0 0 0 0 0 0 1 1 R 0
1496 38297 19517 706 19574 660 4515 1 0 0 0 0 0 0 0 0 2 1 R 0
1497 38319 21963 606 20794 566 4293 1 0 4 0 0 0 0 0 0 1 1 R 0
1498 38339 19242 603 19281 568 4426 1 0 0 0 0 0 0 0 0 1 1 R 0
1499 38358 18073 712 18137 658 3475 1 0 0 0 0 0 0 0 0 2 1 R 0
