# swapstamp frames 1500 skip 150 peer 1802
# f t_ms gap_us swap_us crend_us cswap_us clr_us nclr vcs_r ivcs_r vcs_s ivcs_s minf majf cpu0 cpu1 pticks pcpu pstate ctr
0 0 50842 1513 32450 1492 17646 1 0 2 0 1 0 0 1 1 0 1 R 0
1 48 46781 753 23100 736 3565 1 1 3 0 1 1 0 0 0 2 1 R 1
2 78 29530 800 24377 748 5756 1 0 5 0 0 0 0 0 0 1 1 R 0
3 95 16522 1083 16570 1071 2976 1 0 0 0 0 0 0 0 0 2 1 R 0
4 145 48507 1084 22971 1043 34181 1 2 1 0 0 0 0 1 1 2 0 R 3
5 184 38176 853 20346 813 7713 1 1 8 0 0 0 0 0 0 1 1 R 0
6 202 16603 574 16644 538 3499 1 0 0 0 0 0 0 0 0 0 1 R 0
7 275 72950 3048 24502 956 50984 1 2 8 0 1 0 0 1 1 4 1 R 3
8 329 50227 1482 29946 1354 9281 1 1 12 0 1 0 0 1 1 3 1 R 1
9 374 44082 4944 24088 731 13979 1 1 13 0 0 0 0 0 0 2 1 R 1
10 409 29616 639 20969 586 9491 1 0 5 0 0 0 0 0 0 1 1 R 0
11 439 29596 917 19472 878 3267 1 0 1 0 0 0 0 0 0 2 1 R 1
12 459 18783 569 18835 521 4521 1 0 0 0 0 0 0 0 0 1 1 R 0
13 499 40183 853 28406 655 9578 1 0 10 0 0 0 0 0 0 2 1 R 1
14 517 16578 589 16608 555 3235 1 0 0 0 0 0 0 0 0 1 1 R 0
15 577 59595 845 25465 802 45444 1 2 1 0 0 0 0 1 1 3 0 R 3
16 617 39512 895 35195 822 6383 1 1 1 0 0 0 0 1 1 2 0 R 2
17 655 36865 11610 20591 866 9139 1 1 7 0 0 0 0 0 0 2 1 R 0
18 694 27258 13721 17246 2606 4249 1 0 2 0 1 0 0 1 1 2 1 R 1
19 743 35559 3931 22878 1437 11651 1 1 7 0 1 0 0 1 1 2 1 R 2
20 789 41629 1445 28557 1438 4189 1 1 4 0 1 0 0 1 1 1 1 R 1
21 829 39137 2482 22474 849 3127 1 1 3 0 1 0 0 0 0 3 1 R 1
22 864 31664 13244 17201 1058 3356 1 0 6 0 0 0 0 1 1 2 1 R 1
23 917 39879 4610 22898 2032 15617 1 1 6 0 1 0 0 1 1 2 1 R 1
24 965 43487 1457 26669 1408 4421 1 1 4 0 1 0 0 1 1 3 1 R 1
25 1021 55312 5967 35986 2402 9241 1 1 11 0 1 1 0 1 1 2 1 R 1
26 1063 35252 716 19603 678 3185 1 1 1 0 0 0 0 0 0 2 1 R 0
27 1093 29969 632 18660 601 6247 1 0 5 0 1 0 0 0 0 1 1 R 1
28 1123 28885 7374 16940 2423 3695 1 0 2 0 1 0 0 1 1 2 1 R 1
29 1180 49246 976 26894 917 7092 1 1 15 0 0 0 0 0 0 2 1 R 0
30 1203 22486 594 21072 556 6998 1 0 1 0 0 0 0 0 0 0 1 R 0
31 1271 67125 936 23989 899 43020 1 2 9 0 0 0 0 0 0 4 1 R 2
32 1303 31211 2247 19066 723 5734 1 0 6 0 0 0 0 0 0 2 1 R 1
33 1343 38060 627 18689 595 3113 1 0 2 0 1 0 0 0 0 2 1 R 0
34 1385 41143 5592 26772 2039 7439 1 0 9 0 1 0 0 1 1 3 1 R 1
35 1455 64294 1894 38074 1791 13137 1 1 13 0 0 0 0 1 1 2 0 R 2
36 1499 42024 771 28418 708 8115 1 1 4 0 0 0 0 1 1 1 0 R 1
37 1563 63086 682 26938 673 32578 1 3 7 0 0 0 0 0 0 3 0 R 1
38 1599 35534 1308 21124 1288 8968 1 0 9 0 1 1 0 0 0 1 0 R 0
39 1630 29574 672 19048 653 8260 1 0 5 0 1 0 0 0 0 1 0 R 0
40 1658 27763 689 18804 667 5825 1 0 5 0 1 0 0 0 0 2 0 R 0
41 1687 27746 2576 17844 981 2187 1 0 3 0 1 0 0 0 0 0 0 R 0
42 1712 23131 609 19025 579 8015 1 0 6 0 0 0 0 0 0 1 1 R 0
43 1734 20925 585 20403 561 3698 1 0 1 0 0 0 0 0 0 1 1 R 0
44 1753 18242 763 18316 699 3406 1 0 0 0 0 0 0 0 0 2 1 R 0
45 1779 26030 591 25000 553 6476 1 0 4 0 0 0 0 0 0 2 1 R 0
46 1801 21229 593 19842 562 5693 1 0 1 0 0 0 0 0 0 1 1 R 0
47 1822 20090 715 20122 685 4453 1 0 0 0 0 0 0 0 0 1 1 R 0
48 1844 20912 768 19401 713 3620 1 0 4 0 0 0 0 0 0 2 1 R 0
49 1863 18521 676 18556 635 3222 1 0 0 0 0 0 0 0 0 2 1 R 0
50 1882 18597 1161 18647 1108 3473 1 0 0 0 0 0 0 0 0 2 1 R 0
51 1905 21645 1032 21669 1035 4929 1 0 0 0 2 0 0 0 0 1 1 R 0
52 1928 22397 593 20867 559 3320 1 0 2 0 0 0 0 0 0 2 1 R 0
53 1948 18913 725 18969 682 3223 1 0 0 0 0 0 0 0 0 1 1 R 0
54 1969 20589 581 20608 548 4499 1 0 0 0 0 0 0 0 0 2 1 R 0
55 1993 23658 605 21642 565 4661 1 0 5 0 0 0 0 0 0 2 1 R 0
56 2014 20082 599 20120 560 4001 1 0 0 0 0 0 0 0 0 1 1 R 0
57 2034 19621 962 19667 919 3879 1 0 0 0 0 0 0 0 0 1 1 R 0
58 2057 21972 830 21000 776 3368 1 0 4 0 0 0 0 0 0 3 1 R 0
59 2077 19035 688 19081 654 3066 1 0 0 0 0 0 0 0 0 1 1 R 0
60 2101 22701 635 22733 585 8308 1 0 0 0 0 0 0 0 0 1 1 R 0
61 2124 22529 603 21662 569 4482 1 0 4 0 0 0 0 0 0 1 1 R 0
62 2143 18516 755 18557 724 3095 1 0 0 0 0 0 0 0 0 2 1 R 0
63 2162 18904 708 18953 659 3319 1 0 0 0 0 0 0 0 0 2 1 R 0
64 2182 18658 799 18704 744 4099 1 0 0 0 0 0 0 0 0 2 1 R 0
65 2207 24811 595 22538 562 8670 1 0 5 0 0 0 0 0 0 1 1 R 0
66 2228 19892 591 19922 559 3922 1 0 0 0 0 0 0 0 0 1 1 R 0
67 2247 18463 799 18532 741 3284 1 0 0 0 0 0 0 0 0 2 1 R 0
68 2270 22213 721 21072 665 3892 1 0 4 0 0 0 0 0 0 2 1 R 0
69 2291 19843 794 19921 705 3656 1 0 0 0 0 0 0 0 0 1 1 R 0
70 2311 19929 600 19955 564 4392 1 0 0 0 0 0 0 0 0 2 1 R 0
71 2334 22096 588 20902 563 4269 1 0 4 0 0 0 0 0 0 1 1 R 0
72 2353 18350 673 18392 633 3396 1 0 0 0 0 0 0 0 0 2 1 R 0
73 2373 19511 701 19552 664 3484 1 0 0 0 0 0 0 0 0 1 1 R 0
74 2395 21618 2068 20895 896 3232 1 0 2 0 3 0 0 0 0 1 1 R 0
75 2421 23312 862 23127 832 8848 1 0 0 0 0 0 0 0 0 2 1 R 0
76 2442 20510 576 20536 549 3764 1 0 0 0 0 0 0 0 0 2 1 R 0
77 2461 18316 706 18370 650 3720 1 0 0 0 0 0 0 0 0 1 1 R 0
78 2483 21153 777 20313 723 5746 1 0 4 0 0 0 0 0 0 2 1 R 0
79 2503 18818 738 18884 666 3341 1 0 0 0 0 0 0 0 0 2 1 R 0
80 2524 20901 606 20935 570 3940 1 0 0 0 0 0 0 0 0 1 1 R 0
81 2548 23232 847 22065 801 3691 1 0 4 0 0 0 0 0 0 1 1 R 0
82 2567 18181 698 18225 654 3056 1 0 0 0 0 0 0 0 0 2 1 R 0
83 2588 20057 892 20099 868 4307 1 0 0 0 0 0 0 0 0 2 1 R 0
84 2612 23716 592 21142 562 4431 1 0 5 0 0 0 0 0 0 2 1 R 0
85 2633 20259 586 20286 558 4485 1 0 0 0 0 1 0 0 0 1 1 R 0
86 2653 18991 775 19092 680 3413 1 0 0 0 0 0 0 0 0 2 1 R 0
87 2673 18892 718 18945 658 3120 1 0 0 0 0 0 0 0 0 1 1 R 0
88 2694 20845 862 20015 817 4981 1 0 4 0 0 1 0 0 0 2 1 R 0
89 2717 21793 585 21821 553 3820 1 0 0 0 0 0 0 0 0 1 1 R 0
90 2740 22386 658 22432 622 8369 1 0 0 0 0 0 0 0 0 1 1 R 0
91 2763 22766 589 21752 552 6442 1 0 4 0 0 0 0 0 0 2 1 R 0
92 2783 19513 675 18852 648 5034 1 0 1 0 0 0 0 0 0 2 1 R 0
93 2807 22873 586 21807 554 3459 1 0 1 0 0 0 0 0 0 1 1 R 0
94 2830 22386 609 20861 579 3907 1 0 4 0 0 0 0 0 0 2 1 R 0
95 2851 20286 599 20312 566 3906 1 0 0 0 0 0 0 0 0 1 1 R 0
96 2869 17803 696 17849 653 3839 1 0 0 0 0 0 0 0 0 2 1 R 0
97 2893 23127 571 21611 542 4384 1 0 4 0 0 0 0 0 0 2 1 R 0
98 2912 18265 764 18311 728 3654 1 0 0 0 0 0 0 0 0 2 1 R 0
99 2933 21000 593 21024 561 5030 1 0 0 0 0 0 0 0 0 1 1 R 0
100 2954 19415 828 19459 791 3828 1 0 0 0 0 0 0 0 0 1 1 R 0
101 2977 22936 600 22112 547 4985 1 0 4 0 0 0 0 0 0 2 1 R 0
102 2999 20661 736 19234 707 3243 1 0 1 0 0 0 0 0 0 3 1 R 0
103 3019 19485 799 19519 759 3115 1 0 0 0 0 0 0 0 0 1 1 R 0
104 3042 22825 598 21590 563 5900 1 0 4 0 0 0 0 0 0 1 1 R 0
105 3065 22068 1188 22158 1115 6687 1 0 0 0 0 0 0 0 0 2 1 R 0
106 3085 18991 1117 19008 1094 4175 1 0 0 0 1 0 0 0 0 1 1 R 0
107 3110 23673 595 21469 554 3791 1 0 4 0 0 0 0 0 0 1 1 R 0
108 3131 20046 605 20084 574 4565 1 0 0 0 0 0 0 0 0 1 1 R 0
109 3152 20430 597 20458 564 4307 1 0 0 0 0 0 0 0 0 2 1 R 0
110 3173 21041 693 19744 648 3706 1 0 4 0 0 0 0 0 0 1 1 R 0
111 3193 18855 674 18896 648 3237 1 0 0 0 0 0 0 0 0 2 1 R 0
112 3216 22616 571 20442 542 3108 1 0 1 0 0 0 0 0 0 2 1 R 0
113 3238 21531 982 20816 986 4056 1 0 4 0 0 0 0 0 0 1 1 R 0
114 3259 19311 598 19303 569 3389 1 0 0 0 0 0 0 0 0 1 1 R 0
115 3278 19251 771 19310 715 3629 1 0 0 0 0 0 0 0 0 2 1 R 0
116 3298 18890 796 18945 736 3226 1 0 0 0 0 0 0 0 0 2 1 R 0
117 3322 23128 602 21894 572 4328 1 0 4 0 0 0 0 0 0 1 1 R 0
118 3342 19577 589 19605 561 4345 1 0 0 0 0 0 0 0 0 1 1 R 0
119 3362 19608 597 19639 560 3780 1 0 0 0 0 0 0 0 0 2 1 R 0
120 3388 24862 883 23695 844 6690 1 0 4 0 0 0 0 0 0 2 1 R 0
121 3409 20076 804 19184 726 3098 1 0 1 0 0 0 0 0 0 1 1 R 0
122 3430 20117 553 20154 522 4474 1 0 0 0 0 0 0 0 0 1 1 R 0
123 3453 22250 595 20972 563 4312 1 0 4 0 0 0 0 0 0 2 1 R 0
124 3472 19326 742 18851 697 4481 1 0 1 0 0 0 0 0 0 1 1 R 0
125 3493 19648 721 19375 662 3650 1 0 1 0 0 0 0 0 0 2 1 R 0
126 3512 18037 724 18098 668 3314 1 0 0 0 0 0 0 0 0 2 1 R 0
127 3535 22866 1078 21900 1066 7311 1 0 4 0 0 0 0 0 0 1 1 R 0
128 3555 19158 971 19172 945 3915 1 0 0 0 0 0 0 0 0 1 1 R 0
129 3574 17605 773 17648 722 3187 1 0 0 0 0 0 0 0 0 2 1 R 0
130 3595 19843 729 18467 666 3257 1 0 4 0 0 0 0 0 0 1 1 R 0
131 3620 24925 593 23163 547 4389 1 0 2 0 0 0 0 0 0 2 1 R 0
132 3666 45584 6961 21196 738 30293 1 2 4 0 1 0 0 0 0 2 0 R 1
133 3694 20744 655 17137 627 6967 1 0 2 0 1 0 0 0 0 1 1 R 0
134 3714 18921 708 17327 661 3083 1 0 0 0 0 0 0 0 0 1 1 R 0
135 3743 28283 583 26674 551 12085 1 0 4 0 0 0 0 0 0 2 1 R 0
136 3763 19861 625 19894 591 4358 1 0 0 0 0 0 0 0 0 2 1 R 0
137 3782 18184 845 18236 795 3232 1 0 0 0 0 0 0 0 0 1 1 R 0
138 3807 23787 854 21352 798 4075 1 0 5 0 0 0 0 0 0 1 1 R 0
139 3827 19515 765 19567 715 3179 1 0 0 0 0 0 0 0 0 3 1 R 0
140 3847 19678 580 19704 552 3942 1 0 0 0 0 0 0 0 0 1 1 R 0
141 3871 23009 1288 21759 1276 3849 1 0 4 0 0 1 0 0 0 1 1 R 0
142 3890 17875 923 17949 831 3669 1 0 0 0 0 0 0 0 0 2 1 R 0
143 3911 19724 709 19776 659 4930 1 0 0 0 0 0 0 0 0 2 1 R 0
144 3930 18376 809 18451 736 4061 1 0 0 0 0 0 0 0 0 2 1 R 0
145 3954 23559 742 22475 721 7824 1 0 4 0 0 0 0 0 0 1 1 R 0
146 3974 19096 574 19114 546 3557 1 0 0 0 0 0 0 0 0 1 1 R 0
147 3993 18332 702 18390 640 3148 1 0 0 0 0 0 0 0 0 2 1 R 0
148 4019 25193 600 22667 565 5612 1 0 5 0 0 0 0 0 0 1 1 R 0
149 4040 20339 591 20373 553 3811 1 0 0 0 0 0 0 0 0 2 1 R 0
150 4062 21807 595 21844 562 8542 1 0 0 0 0 0 0 0 0 1 1 R 0
151 4085 22120 1013 20666 994 4261 1 0 4 0 0 0 0 0 0 1 1 R 0
152 4103 17225 861 17292 781 3491 1 0 0 0 0 0 0 0 0 2 1 R 0
153 4124 19668 730 19725 680 4067 1 0 0 0 0 0 0 0 0 2 1 R 0
154 4145 20809 1129 20829 1109 4161 1 0 0 0 2 0 0 0 0 2 1 R 0
155 4169 22445 639 21102 601 4214 1 0 2 0 0 0 0 0 0 1 1 R 0
156 4188 18943 680 19000 641 3610 1 0 0 0 0 0 0 0 0 1 1 R 0
157 4210 20824 734 19933 671 3107 1 0 1 0 0 0 0 0 0 2 1 R 0
158 4231 20220 791 19270 744 4937 1 0 4 0 0 0 0 0 0 1 1 R 0
159 4253 20807 575 20828 542 4544 1 0 0 0 0 0 0 0 0 2 1 R 0
160 4273 20211 577 20246 542 4446 1 0 0 0 0 0 0 0 0 1 1 R 0
161 4296 22229 598 20796 565 3145 1 0 4 0 0 0 0 0 0 1 1 R 0
162 4314 17543 717 17604 659 3295 1 0 0 0 0 0 0 0 0 2 1 R 0
163 4334 19259 779 19309 728 3839 1 0 0 0 0 0 0 0 0 2 1 R 0
164 4354 19334 1012 19393 960 3717 1 0 0 0 0 0 0 0 0 2 1 R 0
165 4381 25760 598 24584 558 9627 1 0 4 0 0 0 0 0 0 1 1 R 0
166 4401 19439 625 19498 569 4567 1 0 0 0 0 0 0 0 0 1 1 R 0
167 4423 21679 603 20611 575 4239 1 0 1 0 0 0 0 0 0 1 1 R 0
168 4447 22485 590 21085 561 4280 1 0 4 0 0 0 0 0 0 2 1 R 0
169 4467 20049 588 20082 553 3972 1 0 0 0 0 0 0 0 0 1 1 R 0
170 4488 20011 686 20041 665 3895 1 0 0 0 0 0 0 0 0 1 1 R 0
171 4511 22196 669 21412 553 3116 1 0 4 0 0 0 0 0 0 2 1 R 0
172 4529 17755 775 17827 712 3564 1 0 0 0 0 0 0 0 0 2 1 R 0
173 4552 21920 629 21942 595 5468 1 0 0 0 0 0 0 0 0 1 1 R 0
174 4574 21385 645 20159 609 4659 1 0 4 0 0 0 0 0 0 1 1 R 0
175 4594 19736 605 19765 589 3845 1 0 0 0 0 0 0 0 0 2 1 R 0
176 4614 19368 734 18232 674 3280 1 0 1 0 0 0 0 0 0 2 1 R 0
177 4634 19072 694 19132 648 3140 1 0 0 0 0 0 0 0 0 1 1 R 0
178 4659 23945 600 22256 566 3876 1 0 4 0 0 0 0 0 0 2 1 R 0
179 4680 20440 586 20470 555 3782 1 0 0 0 0 0 0 0 0 1 1 R 0
180 4702 21981 595 22015 559 7143 1 0 0 0 0 0 0 0 0 2 1 R 0
181 4724 21471 830 20672 763 5290 1 0 4 0 0 1 0 0 0 2 1 R 0
182 4744 18392 698 18445 659 3249 1 0 0 0 0 0 0 0 0 1 1 R 0
183 4765 20760 1902 20817 1363 3975 1 0 0 0 1 0 0 0 0 1 1 R 0
184 4790 23072 745 21866 690 4205 1 0 4 0 0 0 0 0 0 2 1 R 0
185 4812 21378 785 19906 735 3881 1 0 1 0 0 0 0 0 0 2 1 R 0
186 4833 19657 951 19784 831 3980 1 0 0 0 0 0 0 0 0 2 1 R 0
187 4856 22790 576 21154 551 3297 1 0 4 0 0 0 0 0 0 1 1 R 0
188 4877 19903 586 19931 553 3948 1 0 0 0 0 0 0 0 0 1 1 R 0
189 4897 19674 576 19708 545 3437 1 0 0 0 0 0 0 0 0 1 1 R 0
190 4915 17722 3893 17775 2720 3379 1 0 0 0 4 0 0 0 0 2 1 R 0
191 4939 19758 703 19211 665 3042 1 0 0 0 0 0 0 0 0 2 1 R 0
192 4959 19813 590 19835 558 4356 1 0 0 0 0 0 0 0 0 1 1 R 0
193 4980 20241 603 20272 571 4341 1 0 0 0 0 0 0 0 0 1 1 R 0
194 5003 21814 608 20751 575 4107 1 0 4 0 0 0 0 0 0 2 1 R 0
195 5028 24377 728 21823 699 7003 1 0 2 0 0 0 0 0 0 2 1 R 0
196 5050 21968 546 20874 510 7107 1 0 1 0 0 0 0 0 0 1 1 R 0
197 5083 32377 732 17262 705 21720 1 2 2 0 1 0 0 0 0 2 1 R 1
198 5105 21170 924 19441 909 3793 1 0 0 0 0 0 0 0 0 1 1 R 0
199 5124 17730 830 17814 732 3234 1 0 0 0 0 0 0 0 0 2 1 R 0
200 5148 22917 795 21414 753 3317 1 0 4 0 0 0 0 0 0 2 1 R 0
201 5168 19160 861 19253 748 3184 1 0 0 0 0 0 0 0 0 1 1 R 0
202 5189 20332 605 20365 571 4132 1 0 0 0 0 0 0 0 0 1 1 R 0
203 5213 24047 596 21637 559 3772 1 0 5 0 0 0 0 0 0 3 1 R 0
204 5233 19464 592 19499 559 3944 1 0 0 0 0 0 0 0 0 1 1 R 0
205 5254 20036 976 20070 951 4057 1 0 0 0 0 0 0 0 0 1 1 R 0
206 5277 22164 576 20503 547 3270 1 0 4 0 0 0 0 0 0 2 1 R 0
207 5298 20456 640 20487 609 3875 1 0 0 0 0 0 0 0 0 1 1 R 0
208 5317 18100 776 18152 720 3123 1 0 0 0 0 0 0 0 0 2 1 R 0
209 5341 22908 721 21182 699 3807 1 0 4 0 0 0 0 0 0 1 1 R 0
210 5363 21586 845 21624 804 6482 1 0 0 0 0 0 0 0 0 2 1 R 0
211 5384 20283 586 20308 550 3851 1 0 0 0 0 1 0 0 0 1 1 R 0
212 5404 19146 641 19243 543 4117 1 0 0 0 0 0 0 0 0 1 1 R 0
213 5429 24080 696 22004 642 5428 1 0 4 0 0 0 0 0 0 2 1 R 0
214 5447 18005 835 18072 791 3203 1 0 0 0 0 0 0 0 0 2 1 R 0
215 5469 21085 715 21160 622 4124 1 0 0 0 0 0 0 0 0 2 1 R 0
216 5492 21894 601 20844 568 6241 1 0 4 0 0 0 0 0 0 1 1 R 0
217 5512 19666 601 19699 566 3769 1 0 0 0 0 0 0 0 0 1 1 R 0
218 5531 18186 792 18269 721 3626 1 0 0 0 0 0 0 0 0 2 1 R 0
219 5554 22228 736 21145 656 4668 1 0 4 0 0 0 0 0 0 2 1 R 0
220 5575 20285 905 20314 881 3850 1 0 0 0 0 0 0 0 0 1 1 R 0
221 5595 19572 1040 19598 1024 3890 1 0 0 0 0 0 0 0 0 1 1 R 0
222 5621 24437 793 21981 762 3401 1 0 5 0 0 0 0 0 0 2 1 R 0
223 5640 18485 710 18548 649 3655 1 0 0 0 0 0 0 0 0 1 1 R 0
224 5663 22109 3780 18837 984 4252 1 0 2 0 0 0 0 0 0 3 1 R 0
225 5708 40808 698 29780 648 10855 1 0 5 0 0 0 0 0 0 2 1 R 0
226 5725 17117 2876 17162 2224 3141 1 0 0 0 1 0 0 0 0 2 1 R 0
227 5749 21042 718 21079 650 4307 1 0 0 0 0 0 0 0 0 1 1 R 0
228 5771 20614 702 19409 651 5212 1 0 4 0 0 0 0 0 0 2 1 R 0
229 5794 22254 608 22282 572 5073 1 0 0 0 0 0 0 0 0 2 1 R 0
230 5817 22442 704 21412 625 3959 1 0 1 0 0 0 0 0 0 1 1 R 0
231 5841 23457 636 22491 600 3353 1 0 4 0 0 0 0 0 0 2 1 R 0
232 5861 19518 590 19554 558 4663 1 0 0 0 0 0 0 0 0 1 1 R 0
233 5882 20269 593 20301 559 4438 1 0 0 0 0 0 0 0 0 1 1 R 0
234 5903 21055 597 19973 568 3751 1 0 4 0 0 0 0 0 0 2 1 R 0
235 5924 20397 586 20426 558 3612 1 0 0 0 0 0 0 0 0 1 1 R 0
236 5943 18120 698 18181 643 3195 1 0 0 0 0 0 0 0 0 2 1 R 0
237 5963 19525 703 19571 649 3775 1 0 0 0 0 0 0 0 0 2 1 R 0
238 5989 24509 592 23168 559 3520 1 0 4 0 0 0 0 0 0 2 1 R 0
239 6009 20176 617 20224 567 3819 1 0 0 0 0 0 0 0 0 1 1 R 0
240 6034 23687 617 22548 565 8509 1 0 1 0 0 0 0 0 0 1 1 R 0
241 6055 20930 1387 19862 1352 3439 1 0 4 0 0 0 0 0 0 2 1 R 0
242 6075 18226 1259 18276 1204 3190 1 0 0 0 0 0 0 0 0 2 1 R 0
243 6096 20259 1244 20280 1224 3905 1 0 0 0 0 1 0 0 0 1 1 R 0
244 6120 22592 641 21348 601 3897 1 0 4 0 0 0 0 0 0 1 1 R 0
245 6140 18669 772 18779 669 3733 1 0 0 0 0 0 0 0 0 2 1 R 0
246 6158 17847 784 17901 725 3678 1 0 0 0 0 0 0 0 0 2 1 R 0
247 6183 23833 596 22386 563 4512 1 0 4 0 0 0 0 0 0 2 1 R 0
248 6203 19370 608 19404 575 4569 1 0 0 0 0 0 0 0 0 1 1 R 0
249 6225 21945 1183 19898 1160 4309 1 0 1 0 0 0 0 0 0 1 1 R 0
250 6244 17323 5488 17901 2446 3148 1 0 2 0 3 0 0 0 0 2 1 R 0
251 6268 18840 734 18835 699 3013 1 0 0 0 0 0 0 0 0 2 1 R 0
252 6288 18901 878 18934 870 3432 1 0 0 0 0 0 0 0 0 2 1 R 0
253 6310 20900 590 20900 557 5067 1 0 0 0 0 0 0 0 0 1 1 R 0
254 6333 22496 589 21538 560 4460 1 0 4 0 0 0 0 0 0 1 1 R 0
255 6355 21939 1431 21986 1385 6624 1 0 0 0 0 0 0 0 0 2 1 R 0
256 6374 17101 831 17166 772 3226 1 0 0 0 0 0 0 0 0 2 1 R 0
257 6399 24708 594 23243 558 5107 1 0 4 0 0 0 0 0 0 1 1 R 0
258 6421 21420 740 20120 724 4631 1 0 1 0 0 0 0 0 0 1 1 R 0
259 6441 18909 715 18948 670 3842 1 0 0 0 0 0 0 0 0 2 1 R 0
260 6462 20525 716 19134 673 3689 1 0 4 0 0 0 0 0 0 2 1 R 0
261 6481 18402 682 18446 640 3735 1 0 0 0 0 0 0 0 0 2 1 R 0
262 6502 19791 717 19824 685 4749 1 0 0 0 0 0 0 0 0 1 1 R 0
263 6523 20186 609 20208 576 4541 1 0 0 0 0 0 0 0 0 2 1 R 0
264 6544 20980 756 20092 725 6056 1 0 4 0 0 0 0 0 0 1 1 R 0
265 6564 19481 930 19531 891 3867 1 0 0 0 0 0 0 0 0 2 1 R 0
266 6583 17677 771 17735 710 3286 1 0 0 0 0 0 0 0 0 2 1 R 0
267 6608 24042 583 22488 548 4738 1 0 4 0 0 0 0 0 0 0 1 R 0
268 6630 21939 671 20545 638 3975 1 0 1 0 0 0 0 0 0 2 1 R 0
269 6649 18114 689 18183 641 3664 1 0 0 0 0 0 0 0 0 2 1 R 0
270 6675 25583 1061 24368 646 7787 1 0 4 0 0 0 0 0 0 1 1 R 0
271 6695 18599 1376 18634 1346 3182 1 0 0 0 0 0 0 0 0 2 1 R 0
272 6716 19981 798 20033 752 3940 1 0 0 0 0 0 0 0 0 1 1 R 0
273 6740 22957 644 21456 556 4037 1 0 4 0 0 0 0 0 0 1 1 R 0
274 6762 21505 614 21542 579 4343 1 0 0 0 0 1 0 0 0 1 1 R 0
275 6788 24590 949 24186 948 6052 1 0 1 0 0 0 0 0 0 2 1 R 0
276 6815 26460 1261 25351 1223 4624 1 0 4 0 0 0 0 0 0 3 1 R 0
277 6839 22611 619 21517 590 5455 1 0 1 0 0 0 0 0 0 1 1 R 0
278 6861 21720 598 21752 564 4885 1 0 0 0 0 0 0 0 0 1 1 R 0
279 6888 25836 821 23868 745 4243 1 0 4 0 0 0 0 0 0 2 1 R 0
280 6908 19952 588 19975 558 3277 1 0 0 0 0 0 0 0 0 2 1 R 0
281 6929 20286 601 20327 560 3868 1 0 0 0 0 0 0 0 0 1 1 R 0
282 6953 22962 589 22056 566 4303 1 0 4 0 0 0 0 0 0 1 1 R 0
283 6972 18922 713 18978 655 3360 1 0 0 0 0 0 0 0 0 2 1 R 0
284 6991 18376 686 18416 653 3621 1 0 0 0 0 0 0 0 0 1 1 R 0
285 7019 27221 583 26500 555 8842 1 0 4 0 0 0 0 0 0 2 1 R 0
286 7042 21727 646 20056 614 4377 1 0 1 0 0 0 0 0 0 1 1 R 0
287 7064 21914 838 21996 754 4286 1 0 0 0 0 0 0 0 0 2 1 R 0
288 7085 19995 1177 20030 1151 4796 1 0 0 0 1 0 0 0 0 1 1 R 0
289 7110 23981 595 21947 556 3545 1 0 3 0 0 0 0 0 0 2 1 R 0
290 7131 19806 595 19841 563 4435 1 0 0 0 0 0 0 0 0 1 1 R 0
291 7152 20293 608 20328 573 3825 1 0 0 0 0 0 0 0 0 2 1 R 0
292 7173 21159 896 20140 825 5786 1 0 4 0 0 0 0 0 0 1 1 R 0
293 7193 18356 709 18408 653 3147 1 0 0 0 0 0 0 0 0 2 1 R 0
294 7214 20911 594 20945 561 5068 1 0 0 0 0 0 0 0 0 2 1 R 0
295 7239 24137 831 21920 800 3846 1 0 5 0 0 0 0 0 0 1 1 R 0
296 7259 19568 770 19659 687 3843 1 0 0 0 0 0 0 0 0 1 1 R 0
297 7279 19062 712 19127 636 3126 1 0 0 0 0 0 0 0 0 1 1 R 0
298 7303 22880 573 21541 543 3305 1 0 4 0 0 0 0 0 0 2 1 R 0
299 7323 20127 595 20162 558 4337 1 0 0 0 0 0 0 0 0 1 1 R 0
300 7348 23546 660 23610 598 7875 1 0 0 0 0 0 0 0 0 2 1 R 0
301 7370 21484 1128 20850 667 3226 1 0 4 0 0 0 0 0 0 1 1 R 0
302 7390 19263 782 19333 718 3564 1 0 0 0 0 0 0 0 0 2 1 R 0
303 7410 18614 873 18651 835 3570 1 0 0 0 0 0 0 0 0 2 1 R 0
304 7432 21296 594 20203 560 4395 1 0 1 0 0 0 0 0 0 1 1 R 0
305 7454 21963 1171 20780 1120 6344 1 0 4 0 0 0 0 0 0 1 1 R 0
306 7474 18190 681 18225 647 3296 1 0 0 0 0 0 0 0 0 2 1 R 0
307 7493 19060 725 19107 677 3388 1 0 0 0 0 0 0 0 0 2 1 R 0
308 7517 23236 593 21704 559 3165 1 0 4 0 0 0 0 0 0 1 1 R 0
309 7538 20070 705 20101 683 4017 1 0 0 0 0 0 0 0 0 2 1 R 0
310 7559 19856 600 19882 567 3731 1 0 0 0 0 0 0 0 0 1 1 R 0
311 7581 21643 1050 20700 986 3152 1 0 4 0 0 0 0 0 0 2 1 R 0
312 7600 18056 746 18110 666 3528 1 0 0 0 0 0 0 0 0 1 1 R 0
313 7621 20736 718 20771 696 4934 1 0 0 0 0 0 0 0 0 2 1 R 0
314 7643 21044 650 19582 610 5788 1 0 1 0 0 0 0 0 0 1 1 R 0
315 7669 25283 647 24198 598 9307 1 0 4 0 0 0 0 0 0 1 1 R 0
316 7689 19086 789 19106 760 3071 1 0 0 0 0 0 0 0 0 2 1 R 0
317 7710 20268 842 20322 813 3837 1 0 0 0 0 0 0 0 0 1 1 R 0
318 7753 42157 997 24478 927 8166 1 0 4 0 0 0 0 0 0 3 1 R 0
319 7774 20597 705 20637 669 4095 1 0 0 0 0 0 0 0 0 2 1 R 0
320 7799 23706 699 21800 673 3934 1 0 4 0 0 0 0 0 0 1 1 R 0
321 7819 19829 931 19905 866 3731 1 0 0 0 0 0 0 0 0 1 1 R 0
322 7842 21592 616 20375 575 5767 1 0 1 0 0 0 0 0 0 2 1 R 0
323 7865 22367 942 21361 927 4368 1 0 4 0 0 0 0 0 0 1 1 R 0
324 7885 19653 1005 20035 611 4194 1 0 0 0 0 0 0 0 0 1 1 R 0
325 7906 19660 999 19729 926 3273 1 0 0 0 0 0 0 0 0 2 1 R 0
326 7927 20298 785 19832 1059 3095 1 0 1 0 2 0 0 0 0 2 1 R 0
327 7949 20845 597 19256 562 4304 1 0 1 0 0 0 0 0 0 1 1 R 0
328 7970 20330 572 20359 544 3617 1 0 0 0 0 0 0 0 0 1 1 R 0
329 7989 18462 908 18531 840 3579 1 0 0 0 0 0 0 0 0 2 1 R 0
330 8014 23994 721 22945 691 8551 1 0 4 0 0 0 0 0 0 2 1 R 0
331 8038 22876 738 21860 740 3200 1 0 1 0 0 0 0 0 0 2 1 R 0
332 8058 19826 585 19826 554 3899 1 0 0 0 0 0 0 0 0 1 1 R 0
333 8081 22694 645 21581 604 3894 1 0 4 0 0 0 0 0 0 1 1 R 0
334 8100 18007 701 18068 648 3767 1 0 0 0 0 0 0 0 0 2 1 R 0
335 8120 19337 707 19377 672 4794 1 0 0 0 0 0 0 0 0 1 1 R 0
336 8144 23397 607 21996 575 4890 1 0 4 0 0 0 0 0 0 3 1 R 0
337 8165 20017 594 20049 560 3884 1 0 0 0 0 0 0 0 0 1 1 R 0
338 8183 17388 811 17460 763 3153 1 0 0 0 0 0 0 0 0 0 1 R 0
339 8204 20253 742 20283 692 4709 1 0 0 0 0 1 0 0 0 2 1 R 0
340 8228 23010 2718 21058 1305 3322 1 0 4 0 1 0 0 0 0 2 1 R 0
341 8250 20067 649 20059 610 4129 1 0 0 0 0 0 0 0 0 2 1 R 0
342 8271 19730 584 19765 554 4521 1 0 0 0 0 0 0 0 0 1 1 R 0
343 8293 21934 856 20905 800 4804 1 0 4 0 0 0 0 0 0 2 1 R 0
344 8312 17980 731 18035 670 3110 1 0 0 0 0 0 0 0 0 1 1 R 0
345 8337 24089 1746 24120 1742 7728 1 0 0 0 0 1 0 0 0 2 1 R 0
346 8364 24941 722 23672 666 3894 1 0 4 0 0 0 0 0 0 2 1 R 0
347 8384 19530 602 19565 569 3899 1 0 0 0 0 0 0 0 0 2 1 R 0
348 8403 18067 712 18140 641 3373 1 0 0 0 0 0 0 0 0 2 1 R 0
349 8427 23802 695 22895 631 3685 1 0 4 0 0 0 0 0 0 2 1 R 0
350 8449 20903 590 19841 557 5365 1 0 1 0 0 0 0 0 0 1 1 R 0
351 8469 20200 632 20232 598 4084 1 0 0 0 0 0 0 0 0 1 1 R 0
352 8492 21844 586 20448 560 3957 1 0 4 0 0 0 0 0 0 2 1 R 0
353 8511 18124 735 18199 672 3622 1 0 0 0 0 0 0 0 0 2 1 R 0
354 8533 21850 693 21480 658 4442 1 0 1 0 0 0 0 0 0 1 1 R 0
355 8554 20038 595 20055 558 4004 1 0 0 0 0 0 0 0 0 2 1 R 0
356 8578 23755 639 22644 594 5181 1 0 4 0 0 0 0 0 0 1 1 R 0
357 8597 18509 702 18561 650 3119 1 0 0 0 0 0 0 0 0 1 1 R 0
358 8616 18228 1036 18276 995 3280 1 0 0 0 0 0 0 0 0 2 1 R 0
359 8642 25006 624 22916 556 4001 1 0 5 0 0 0 0 0 0 2 1 R 0
360 8665 21817 594 21852 888 8111 1 0 0 0 0 0 0 0 0 2 1 R 0
361 8685 19409 1036 19118 1014 3506 1 0 0 0 0 0 0 0 0 1 1 R 0
362 8707 21260 805 20212 767 3354 1 0 4 0 0 0 0 0 0 2 1 R 0
363 8727 18986 695 19032 655 3111 1 0 0 0 0 0 0 0 0 2 1 R 0
364 8748 20187 598 20206 568 4040 1 0 0 0 0 0 0 0 0 1 1 R 0
365 8771 22851 1032 21685 1015 3876 1 0 4 0 0 0 0 0 0 2 1 R 0
366 8794 22044 597 21582 563 5402 1 0 1 0 0 0 0 0 0 1 1 R 0
367 8813 18335 734 18417 665 3175 1 0 0 0 0 1 0 0 0 2 1 R 0
368 8840 25748 671 23037 651 4695 1 0 5 0 0 0 0 0 0 1 1 R 0
369 8860 19972 601 19999 567 4212 1 0 0 0 0 0 0 0 0 2 1 R 0
370 8881 20153 598 20182 566 4498 1 0 0 0 0 0 0 0 0 1 1 R 0
371 8900 17959 695 18022 637 3535 1 0 0 0 0 0 0 0 0 2 1 R 0
372 8921 20651 947 19716 879 6141 1 0 4 0 0 0 0 0 0 1 1 R 0
373 8941 18591 882 18667 798 3889 1 0 0 0 0 0 0 0 0 2 1 R 0
374 8961 19830 599 19865 564 4448 1 0 0 0 0 0 0 0 0 1 1 R 0
375 8987 25433 589 24180 554 8517 1 0 4 0 0 0 0 0 0 1 1 R 0
376 9006 18310 902 18373 854 3221 1 0 0 0 0 0 0 0 0 3 1 R 0
377 9025 18092 1389 18122 1376 3415 1 0 0 0 0 0 0 0 0 2 1 R 0
378 9051 24043 605 21938 571 3626 1 0 5 0 0 0 0 0 0 1 1 R 0
379 9071 19781 952 19828 943 4417 1 0 0 0 0 0 0 0 0 1 1 R 0
380 9093 20849 745 20876 695 4389 1 0 0 0 0 0 0 0 0 2 1 R 0
381 9113 19713 593 19728 563 4071 1 0 0 0 0 0 0 0 0 2 1 R 0
382 9134 20282 724 19183 679 4732 1 0 4 0 0 0 0 0 0 2 1 R 0
383 9155 20466 1056 20498 1028 3446 1 0 0 0 0 0 0 0 0 1 1 R 0
384 9176 19689 643 19723 602 3947 1 0 0 0 0 0 0 0 0 1 1 R 0
385 9199 21676 597 20303 561 3737 1 0 4 0 0 0 0 0 0 1 1 R 0
386 9217 18192 748 18236 718 3122 1 0 0 0 0 0 0 0 0 2 1 R 0
387 9239 21339 706 19523 673 3788 1 0 1 0 0 0 0 0 0 2 1 R 0
388 9262 22402 576 21365 548 4199 1 0 4 0 0 0 0 0 0 1 1 R 0
389 9283 19848 610 19882 572 4347 1 0 0 0 0 0 0 0 0 1 1 R 0
390 9308 24191 595 24225 561 7496 1 0 0 0 0 0 0 0 0 2 1 R 0
391 9329 21034 1358 20205 923 3165 1 0 4 0 0 0 0 0 0 2 1 R 0
392 9349 18588 713 18636 659 3536 1 0 0 0 0 0 0 0 0 2 1 R 0
393 9371 20868 778 20898 764 4602 1 0 0 0 0 0 0 0 0 1 1 R 0
394 9391 19637 606 19655 570 4337 1 0 0 0 0 0 0 0 0 1 1 R 0
395 9413 21366 601 20330 571 6037 1 0 4 0 0 0 0 0 0 1 1 R 0
396 9432 18023 670 18064 640 3125 1 0 0 0 0 0 0 0 0 2 1 R 0
397 9455 22012 772 20973 758 6521 1 0 1 0 0 0 0 0 0 2 1 R 0
398 9477 22039 588 20608 555 3309 1 0 4 0 0 0 0 0 0 2 1 R 0
399 9498 20383 606 20427 559 3822 1 0 0 0 0 0 0 0 0 1 1 R 0
400 9518 18855 707 18911 656 3115 1 0 0 0 0 0 0 0 0 1 1 R 0
401 9541 22134 735 20894 657 3306 1 0 4 0 0 0 0 0 0 2 1 R 0
402 9561 19409 825 19498 739 3658 1 0 0 0 0 0 0 0 0 1 1 R 0
403 9581 19843 595 19870 566 4316 1 0 0 0 0 0 0 0 0 1 1 R 0
404 9602 20078 602 20106 574 4748 1 0 0 0 0 0 0 0 0 2 1 R 0
405 9627 24354 590 23427 562 8267 1 0 4 0 0 0 0 0 0 1 1 R 0
406 9649 20795 865 19828 772 3160 1 0 1 0 0 0 0 0 0 2 1 R 0
407 9668 18738 709 18793 656 3160 1 0 0 0 0 0 0 0 0 3 1 R 0
408 9692 23099 583 21791 553 4125 1 0 4 0 0 0 0 0 0 1 1 R 0
409 9712 19947 602 19978 569 3851 1 0 0 0 0 0 0 0 0 1 1 R 0
410 9732 18709 878 18347 821 3648 1 0 1 0 0 0 0 0 0 2 1 R 0
411 9757 24104 753 23221 704 5196 1 0 4 0 0 0 0 0 0 2 1 R 0
412 9782 24514 802 22718 725 3929 1 0 1 0 0 0 0 0 0 1 1 R 0
413 9828 45536 583 24976 556 8883 1 0 10 0 0 0 0 0 0 2 1 R 0
414 9850 21262 842 20347 791 3057 1 0 1 0 0 0 0 0 0 2 1 R 0
415 9872 20791 595 20806 567 4082 1 0 0 0 0 0 0 0 0 1 1 R 0
416 9895 22287 635 20471 608 4353 1 0 4 0 0 0 0 0 0 2 1 R 0
417 9915 19243 584 19273 549 3349 1 0 0 0 0 0 0 0 0 1 1 R 0
418 9933 18082 655 18131 611 3272 1 0 0 0 0 0 0 0 0 2 1 R 0
419 9953 19088 782 19171 706 3964 1 0 0 0 0 0 0 0 0 2 1 R 0
420 9980 25834 591 23843 556 7232 1 0 4 0 0 0 0 0 0 2 1 R 0
421 10000 20073 969 20106 937 4338 1 0 0 0 0 0 0 0 0 1 1 R 0
422 10020 19218 832 19270 786 4450 1 0 0 0 0 0 0 0 0 2 1 R 0
423 10045 23428 585 21328 556 3847 1 0 5 0 0 0 0 0 0 1 1 R 0
424 10062 16768 718 16802 699 3189 1 0 0 0 0 0 0 0 0 2 1 R 0
425 10087 24178 588 24198 553 7705 1 0 0 0 0 0 0 0 0 2 1 R 0
426 10109 21273 598 19831 563 3891 1 0 4 0 0 0 0 0 0 1 1 R 0
427 10129 19421 749 19518 655 3380 1 0 0 0 0 0 0 0 0 2 1 R 0
428 10148 18364 758 18447 674 3094 1 0 0 0 0 0 0 0 0 1 1 R 0
429 10171 22011 1141 21006 1120 3436 1 0 4 0 0 0 0 0 0 2 1 R 0
430 10192 20200 598 20215 565 4363 1 0 0 0 0 0 0 0 0 1 1 R 0
431 10212 19791 607 19827 572 4401 1 0 0 0 0 0 0 0 0 1 1 R 0
432 10231 17852 707 17910 653 3580 1 0 0 0 0 0 0 0 0 2 1 R 0
433 10255 23102 1473 21516 1044 6342 1 0 5 0 0 0 0 0 0 2 1 R 0
434 10274 17902 700 17931 663 3164 1 0 0 0 0 0 0 0 0 2 1 R 0
435 10299 23936 842 23961 814 8148 1 0 0 0 0 0 0 0 0 1 1 R 0
436 10322 22470 702 21300 668 5665 1 0 4 0 0 0 0 0 0 1 1 R 0
437 10341 18052 708 18122 626 3508 1 0 0 0 0 0 0 0 0 2 1 R 0
438 10360 18606 863 18717 757 4357 1 0 0 0 0 0 0 0 0 2 1 R 0
439 10385 23918 925 22664 913 4723 1 0 4 0 0 0 0 0 0 1 1 R 0
440 10405 19627 962 20029 538 4133 1 0 0 0 0 0 0 0 0 2 1 R 0
441 10425 18967 1104 19005 1081 3576 1 0 0 0 0 0 0 0 0 1 1 R 0
442 10450 23087 813 20433 802 3082 1 0 5 0 0 0 0 0 0 2 1 R 0
443 10469 18409 707 18439 663 3578 1 0 0 0 0 0 0 0 0 2 1 R 0
444 10491 21215 597 21243 561 4380 1 0 0 0 0 0 0 0 0 1 1 R 0
445 10511 19601 624 19635 601 4333 1 0 0 0 0 0 0 0 0 1 1 R 0
446 10534 22223 602 21313 565 5992 1 0 4 0 0 0 0 0 0 2 1 R 0
447 10553 18980 720 19035 670 3304 1 0 0 0 0 0 0 0 0 2 1 R 0
448 10572 18065 1848 18155 1773 3209 1 0 0 0 0 1 0 0 0 2 1 R 0
449 10598 24303 602 22738 566 4315 1 0 4 0 0 0 0 0 0 0 1 R 0
450 10621 22395 723 22430 704 8729 1 0 0 0 0 0 0 0 0 2 1 R 0
451 10641 19296 834 19338 780 3970 1 0 0 0 0 0 0 0 0 2 1 R 0
452 10664 21735 726 19807 654 4709 1 0 5 0 0 0 0 0 0 2 1 R 0
453 10684 19515 736 19552 696 3167 1 0 0 0 0 0 0 0 0 1 1 R 0
454 10705 19910 938 20057 815 4159 1 0 0 0 0 0 0 0 0 2 1 R 0
455 10728 21888 822 21260 641 3914 1 0 4 0 0 0 0 0 0 1 1 R 0
456 10747 18536 855 18587 798 3082 1 0 0 0 0 0 0 0 0 1 1 R 0
457 10769 21307 789 20534 756 3533 1 0 1 0 0 0 0 0 0 2 1 R 0
458 10790 19653 869 19689 826 3076 1 0 0 0 0 0 0 0 0 1 1 R 0
459 10813 22415 585 21405 549 4538 1 0 4 0 0 0 0 0 0 1 1 R 0
460 10833 19642 640 19680 611 4406 1 0 0 0 0 0 0 0 0 1 1 R 0
461 10854 20597 1001 19189 962 3497 1 0 1 0 0 1 0 0 0 2 1 R 0
462 10877 21947 701 20962 664 3280 1 0 4 0 0 0 0 0 0 2 1 R 0
463 10897 19116 786 19175 727 3153 1 0 0 0 0 0 0 0 0 2 1 R 0
464 10919 20794 588 20817 555 4157 1 0 0 0 0 0 0 0 0 1 1 R 0
465 10944 25050 588 23777 557 7392 1 0 4 0 0 0 0 0 0 2 1 R 0
466 10962 17241 710 17346 625 3149 1 0 0 0 0 0 0 0 0 1 1 R 0
467 10985 22128 1328 22158 1319 4231 1 0 0 0 0 1 0 0 0 3 1 R 0
468 11007 20957 1005 20363 779 3915 1 0 3 0 1 0 0 0 0 1 1 R 0
469 11029 20665 594 20688 557 3837 1 0 0 0 0 0 0 0 0 2 1 R 0
470 11050 20916 586 19888 561 3607 1 0 1 0 0 0 0 0 0 1 1 R 0
471 11070 19293 703 19356 640 3761 1 0 0 0 0 0 0 0 0 1 1 R 0
472 11093 21748 609 20908 576 5408 1 0 4 0 0 0 0 0 0 2 1 R 0
473 11114 20249 583 20281 544 4312 1 0 0 0 0 0 0 0 0 1 1 R 0
474 11134 19480 594 19518 562 3941 1 0 0 0 0 0 0 0 0 1 1 R 0
475 11157 23007 655 21943 614 3265 1 0 4 0 0 0 0 0 0 2 1 R 0
476 11177 18532 767 18601 800 3120 1 0 0 0 0 0 0 0 0 2 1 R 0
477 11195 18077 1359 18025 1335 3082 1 0 0 0 0 0 0 0 0 2 1 R 0
478 11217 20506 2381 20533 1265 3861 1 0 1 0 3 0 0 0 0 1 1 R 0
479 11240 20338 587 20328 552 4183 1 0 0 0 0 0 0 0 0 1 1 R 0
480 11263 22395 985 21512 910 7798 1 0 1 0 0 0 0 0 0 2 1 R 0
481 11282 18310 667 18364 605 3086 1 0 0 0 0 0 0 0 0 2 1 R 0
482 11304 20958 792 20053 710 5709 1 0 4 0 0 0 0 0 0 1 1 R 0
483 11325 20253 585 20279 550 3890 1 0 0 0 0 0 0 0 0 1 1 R 0
484 11345 19606 1136 19639 1113 3942 1 0 0 0 0 0 0 0 0 2 1 R 0
485 11368 22177 906 21219 828 3196 1 0 4 0 0 0 0 0 0 2 1 R 0
486 11388 18236 934 18269 925 3269 1 0 0 0 0 0 0 0 0 2 1 R 0
487 11408 19232 708 19234 674 3494 1 0 0 0 0 0 0 0 0 1 1 R 0
488 11432 23213 591 21940 558 3963 1 0 4 0 0 0 0 0 0 1 1 R 0
489 11453 20991 587 19968 556 3850 1 0 1 0 0 0 0 0 0 2 1 R 0
490 11472 18696 836 18743 786 3372 1 0 0 0 0 0 0 0 0 2 1 R 0
491 11492 18877 634 18914 594 3157 1 0 0 0 0 0 0 0 0 2 1 R 0
492 11514 21372 733 20288 699 6181 1 0 4 0 0 0 0 0 0 1 1 R 0
493 11535 20411 942 20435 918 4069 1 0 0 0 0 0 0 0 0 1 1 R 0
494 11556 19856 754 19917 687 3525 1 0 0 0 0 0 0 0 0 2 1 R 0
495 11582 24662 605 23486 564 10924 1 0 4 0 0 0 0 0 0 2 1 R 0
496 11601 19297 621 19337 582 4520 1 0 0 0 0 0 0 0 0 1 1 R 0
497 11622 20389 722 20436 673 3970 1 0 0 0 0 0 0 0 0 1 1 R 0
498 11645 21655 1102 20378 1088 4510 1 0 4 0 0 0 0 0 0 2 1 R 0
499 11668 21545 638 20471 600 5208 1 0 1 0 0 0 0 0 0 1 1 R 0
500 11686 18147 734 18226 664 3367 1 0 0 0 0 0 0 0 0 2 1 R 0
501 11707 20031 3428 20092 1775 3509 1 0 1 0 3 0 0 0 0 2 1 R 0
502 11731 20673 582 20302 554 3937 1 0 1 0 0 0 0 0 0 1 1 R 0
503 11754 21846 591 21880 553 4161 1 0 0 0 0 0 0 0 0 1 1 R 0
504 11772 17522 709 17596 651 3229 1 0 0 0 0 0 0 0 0 2 1 R 0
505 11795 22778 1535 21139 1506 7915 1 0 4 0 0 0 0 0 0 2 1 R 0
506 11815 18606 1524 18638 1471 3231 1 0 0 0 0 0 0 0 0 1 1 R 0
507 11842 25140 830 23129 757 4061 1 0 1 0 0 0 0 0 0 2 1 R 0
508 11884 41313 597 23606 563 5342 1 0 11 0 0 0 0 0 0 2 1 R 0
509 11904 19325 1132 18913 1116 3237 1 0 1 0 0 0 0 0 0 3 1 R 0
510 11932 27069 651 24517 616 8540 1 0 7 0 0 0 0 0 0 1 1 R 0
511 11954 21412 799 20809 777 4499 1 0 1 0 0 0 0 0 0 1 1 R 0
512 11974 19361 720 19132 659 3194 1 0 1 0 0 0 0 0 0 2 1 R 0
513 11998 23232 793 22334 707 3217 1 0 4 0 0 0 0 0 0 2 1 R 0
514 12018 19179 724 19241 674 3227 1 0 0 0 0 0 0 0 0 1 1 R 0
515 12039 20201 589 20223 552 3996 1 0 0 0 0 0 0 0 0 1 1 R 0
516 12063 23423 594 20803 562 4520 1 0 5 0 0 0 0 0 0 2 1 R 0
517 12082 18269 701 18315 669 3213 1 0 0 0 0 0 0 0 0 1 1 R 0
518 12101 18485 892 18566 801 4320 1 0 0 0 0 0 0 0 0 2 1 R 0
519 12122 19564 693 19617 651 4763 1 0 0 0 0 0 0 0 0 2 1 R 0
520 12145 22273 605 21105 566 7012 1 0 4 0 0 0 0 0 0 2 1 R 0
521 12166 20972 572 21005 539 3874 1 0 0 0 0 0 0 0 0 1 1 R 0
522 12185 17627 674 17692 606 3444 1 0 0 0 0 0 0 0 0 2 1 R 0
523 12209 23489 884 22694 846 4139 1 0 4 0 0 0 0 0 0 2 1 R 0
524 12229 19033 693 19068 657 3133 1 0 0 0 0 0 0 0 0 1 1 R 0
525 12253 23123 602 23150 562 8510 1 0 0 0 0 0 0 0 0 2 1 R 0
526 12277 24232 926 21373 858 3884 1 0 5 0 0 0 0 0 0 2 1 R 0
527 12298 19815 876 19863 837 3152 1 0 0 0 0 0 0 0 0 1 1 R 0
528 12318 19015 581 19039 548 3906 1 0 0 0 0 0 0 0 0 1 1 R 0
529 12341 22435 581 21175 548 3412 1 0 4 0 0 0 0 0 0 1 1 R 0
530 12361 19843 595 19877 559 4508 1 0 0 0 0 0 0 0 0 1 1 R 0
531 12381 18808 705 18867 647 3883 1 0 0 0 0 0 0 0 0 2 1 R 0
532 12400 18336 668 18382 626 3577 1 0 0 0 0 0 0 0 0 2 1 R 0
533 12423 22941 593 22096 560 6157 1 0 4 0 0 0 0 0 0 1 1 R 0
534 12443 18987 769 19146 616 3376 1 0 0 0 0 0 0 0 0 2 1 R 0
535 12465 21151 1041 20049 1027 3848 1 0 1 0 0 0 0 0 0 1 1 R 0
536 12487 21443 972 20486 909 3089 1 0 4 0 0 0 0 0 0 2 1 R 0
537 12507 18433 779 18498 693 3088 1 0 0 0 0 0 0 0 0 2 1 R 0
538 12528 19942 713 19985 667 3664 1 0 0 0 0 0 0 0 0 1 1 R 0
539 12551 22840 608 21920 570 3817 1 0 4 0 0 0 0 0 0 1 1 R 0
540 12574 22664 675 22738 606 8236 1 0 0 0 0 0 0 0 0 2 1 R 0
541 12594 18549 676 18599 623 3133 1 0 0 0 0 0 0 0 0 1 1 R 0
542 12613 18873 737 18918 704 3666 1 0 0 0 0 0 0 0 0 2 1 R 0
543 12637 23106 593 21777 557 4935 1 0 4 0 0 0 0 0 0 2 1 R 0
544 12660 21978 572 20788 545 3964 1 0 1 0 0 0 0 0 0 1 1 R 0
545 12681 20629 644 20684 590 4237 1 0 0 0 0 0 0 0 0 1 1 R 0
546 12702 20283 693 19223 651 4347 1 0 4 0 0 0 0 0 0 2 1 R 0
547 12722 19525 694 19565 657 4336 1 0 0 0 0 0 0 0 0 2 1 R 0
548 12741 18753 695 18788 656 3601 1 0 0 0 0 0 0 0 0 2 1 R 0
549 12765 23056 2185 21905 1788 5156 1 0 4 0 1 0 0 0 0 1 1 R 0
550 12790 22215 1331 22246 1296 4196 1 0 0 0 0 1 0 0 0 2 1 R 0
551 12809 18591 783 18769 608 3982 1 0 0 0 0 0 0 0 0 1 1 R 0
552 12833 22698 732 21329 703 4794 1 0 4 0 0 0 0 0 0 2 1 R 0
553 12854 20454 572 20469 540 4039 1 0 0 0 0 0 0 0 0 2 1 R 0
554 12876 21152 575 20037 526 5429 1 0 1 0 0 1 0 0 0 1 1 R 0
555 12902 25390 618 23969 589 6012 1 0 4 0 0 0 0 0 0 1 1 R 0
556 12920 17523 818 17597 750 3665 1 0 0 0 0 0 0 0 0 2 1 R 0
557 12942 21629 621 21657 589 4925 1 0 0 0 0 0 0 0 0 2 1 R 0
558 12963 19811 601 19841 569 4540 1 0 0 0 0 0 0 0 0 1 1 R 0
559 12985 21147 607 19916 568 6115 1 0 4 0 0 0 0 0 0 1 1 R 0
560 13003 17995 763 18081 689 3381 1 0 0 0 0 0 0 0 0 2 1 R 0
561 13023 19450 717 19485 669 3039 1 0 0 0 0 0 0 0 0 2 1 R 0
562 13047 22705 579 21062 552 3339 1 0 4 0 0 0 0 0 0 2 1 R 0
563 13069 21308 621 20264 581 3844 1 0 1 0 0 0 0 0 0 1 1 R 0
564 13089 19708 832 19742 798 3706 1 0 0 0 0 0 0 0 0 1 1 R 0
565 13112 21609 649 20291 592 3238 1 0 4 0 0 0 0 0 0 2 1 R 0
566 13130 18238 680 18279 648 3610 1 0 0 0 0 0 0 0 0 2 1 R 0
567 13152 21174 580 21197 546 5356 1 0 0 0 0 0 0 0 0 1 1 R 0
568 13172 19458 594 19490 560 4514 1 0 0 0 0 0 0 0 0 1 1 R 0
569 13195 22159 1005 21316 982 5914 1 0 4 0 0 0 0 0 0 2 1 R 0
570 13218 21904 677 21939 625 6007 1 0 0 0 0 0 0 0 0 2 1 R 0
571 13238 18924 1021 18976 1003 3374 1 0 0 0 0 0 0 0 0 1 1 R 0
572 13263 24084 580 22141 551 3898 1 0 5 0 0 0 0 0 0 2 1 R 0
573 13283 19858 601 19914 551 4406 1 0 0 0 0 0 0 0 0 1 1 R 0
574 13302 18477 706 18532 645 3563 1 0 0 0 0 0 0 0 0 1 1 R 0
575 13325 21715 746 20692 683 3653 1 0 4 0 0 0 0 0 0 2 1 R 0
576 13344 18225 722 18285 676 3232 1 0 0 0 0 0 0 0 0 1 1 R 0
577 13365 20888 1046 20902 1033 4146 1 0 0 0 0 0 0 0 0 2 1 R 0
578 13385 18883 1153 18900 1132 4154 1 0 0 0 2 0 0 0 0 1 1 R 0
579 13408 21889 588 20170 555 3147 1 0 2 0 0 0 0 0 0 2 1 R 0
580 13427 18475 747 18517 712 3150 1 0 0 0 0 0 0 0 0 2 1 R 0
581 13447 19320 869 19402 787 3298 1 0 0 0 0 0 0 0 0 1 1 R 0
582 13471 22981 732 20682 706 3816 1 0 5 0 0 0 0 0 0 1 1 R 0
583 13492 20330 582 20353 545 4251 1 0 0 0 0 0 0 0 0 2 1 R 0
584 13511 17820 775 17894 711 3719 1 0 0 0 0 0 0 0 0 1 1 R 0
585 13537 25383 712 24441 681 7210 1 0 4 0 0 0 0 0 0 2 1 R 0
586 13558 20341 598 20372 566 3376 1 0 0 0 0 0 0 0 0 2 1 R 0
587 13579 20957 707 20632 672 3839 1 0 1 0 0 0 0 0 0 1 1 R 0
588 13602 21422 584 20529 552 4296 1 0 4 0 0 0 0 0 0 1 1 R 0
589 13620 18174 750 18232 696 3824 1 0 0 0 0 0 0 0 0 2 1 R 0
590 13640 18958 860 19019 794 3540 1 0 0 0 0 0 0 0 0 1 1 R 0
591 13662 21122 2194 21158 912 4941 1 0 0 0 1 0 0 0 0 2 1 R 0
592 13686 21762 562 20383 537 6593 1 0 4 0 0 0 0 0 0 1 1 R 0
593 13707 20150 585 20192 542 3424 1 0 0 0 0 0 0 0 0 1 1 R 0
594 13724 16887 728 16942 674 3146 1 0 0 0 0 0 0 0 0 2 1 R 0
595 13751 26521 601 24464 564 3838 1 0 5 0 0 1 0 0 0 2 1 R 0
596 13771 19348 718 19383 695 4525 1 0 0 0 0 0 0 0 0 1 1 R 0
597 13792 20383 584 20402 552 4224 1 0 0 0 0 0 0 0 0 1 1 R 0
598 13815 21769 589 20125 562 4282 1 0 4 0 0 0 0 0 0 2 1 R 0
599 13833 17607 832 17689 746 3199 1 0 0 0 0 0 0 0 0 2 1 R 0
600 13858 23858 659 23960 549 7178 1 0 0 0 0 0 0 0 0 2 1 R 0
601 13881 23042 3331 21134 1383 5230 1 0 6 0 0 0 0 0 0 1 1 R 0
602 13905 20710 1066 20738 1038 4271 1 0 0 0 0 0 0 0 0 2 1 R 0
603 13956 49845 700 21169 666 32294 1 2 4 0 0 0 0 0 0 2 1 R 1
604 13977 19518 960 19611 868 3391 1 0 0 0 0 0 0 0 0 1 1 R 0
605 13999 21376 608 21409 568 3831 1 0 0 0 0 0 0 0 0 2 1 R 0
606 14022 22202 574 20540 538 3811 1 0 4 0 0 0 0 0 0 1 1 R 0
607 14040 18030 710 18084 668 3579 1 0 0 0 0 0 0 0 0 2 1 R 0
608 14060 18581 686 18627 643 3961 1 0 0 0 0 0 0 0 0 2 1 R 0
609 14083 22637 593 21271 556 6259 1 0 1 0 0 0 0 0 0 1 1 R 0
610 14105 21062 738 19759 712 6705 1 0 4 0 0 0 0 0 0 2 1 R 0
611 14124 18291 757 18340 701 3190 1 0 0 0 0 0 0 0 0 1 1 R 0
612 14145 20221 591 20254 554 4296 1 0 0 0 0 0 0 0 0 1 1 R 0
613 14168 22533 584 21606 549 3836 1 0 4 0 0 0 0 0 0 2 1 R 0
614 14188 19723 691 19761 665 3878 1 0 0 0 0 0 0 0 0 1 1 R 0
615 14212 22973 668 23051 579 8111 1 0 0 0 0 0 0 0 0 2 1 R 0
616 14234 21176 671 19699 564 4008 1 0 4 0 0 0 0 0 0 1 1 R 0
617 14252 18058 686 18124 636 3434 1 0 0 0 0 0 0 0 0 2 1 R 0
618 14275 22046 1243 20893 1197 3545 1 0 1 0 0 0 0 0 0 2 1 R 0
619 14295 19141 1214 19169 1191 3865 1 0 0 0 2 0 0 0 0 0 1 R 0
620 14319 22031 587 20220 554 3269 1 0 2 0 0 0 0 0 0 3 1 R 0
621 14339 19375 769 19419 733 3364 1 0 0 0 0 0 0 0 0 1 1 R 0
622 14358 18265 691 18325 629 3165 1 0 0 0 0 0 0 0 0 2 1 R 0
623 14382 23265 946 22474 862 4011 1 0 4 0 0 0 0 0 0 2 1 R 0
624 14402 19261 640 19289 607 4541 1 0 0 0 0 0 0 0 0 1 1 R 0
625 14423 20332 590 20361 561 3930 1 0 0 0 0 0 0 0 0 2 1 R 0
626 14444 20777 724 19735 669 3649 1 0 4 0 0 0 0 0 0 1 1 R 0
627 14463 18571 686 18622 630 3158 1 0 0 0 0 0 0 0 0 1 1 R 0
628 14487 23239 645 21854 600 6250 1 0 1 0 0 0 0 0 0 2 1 R 0
629 14511 22845 569 21726 547 3828 1 0 4 0 0 0 0 0 0 1 1 R 0
630 14533 21805 594 21834 565 7025 1 0 0 0 0 0 0 0 0 2 1 R 0
631 14552 18133 708 18181 661 3477 1 0 0 0 0 0 0 0 0 1 1 R 0
632 14571 18146 1458 18187 1445 3747 1 0 0 0 0 0 0 0 0 2 1 R 0
633 14595 22727 1039 21766 1027 6525 1 0 4 0 0 0 0 0 0 2 1 R 0
634 14615 19309 925 19318 903 3984 1 0 0 0 0 0 0 0 0 1 1 R 0
635 14634 17570 794 17607 748 3231 1 0 0 0 0 0 0 0 0 2 1 R 0
636 14658 22971 664 22047 701 3278 1 0 4 0 0 0 0 0 0 2 1 R 0
637 14680 21995 792 20988 756 3081 1 0 1 0 0 0 0 0 0 1 1 R 0
638 14701 19675 585 19711 553 4462 1 0 0 0 0 0 0 0 0 1 1 R 0
639 14724 22791 593 21054 553 4413 1 0 4 0 0 0 0 0 0 2 1 R 0
640 14743 18460 770 18530 707 3142 1 0 0 0 0 0 0 0 0 1 1 R 0
641 14763 18878 700 18948 646 3246 1 0 0 0 0 0 0 0 0 2 1 R 0
642 14784 20156 749 19858 708 5589 1 0 1 0 0 0 0 0 0 2 1 R 0
643 14808 23207 654 21083 622 5447 1 0 4 0 0 0 0 0 0 2 1 R 0
644 14829 21034 748 21125 657 3897 1 0 0 0 0 0 0 0 0 1 1 R 0
645 14853 23188 595 23220 563 6975 1 0 0 0 0 0 0 0 0 2 1 R 0
646 14878 24369 585 21419 551 4439 1 0 5 0 0 0 0 0 0 2 1 R 0
647 14899 20698 636 20737 603 3846 1 0 0 0 0 1 0 0 0 1 1 R 0
648 14920 20028 589 20062 554 4560 1 0 0 0 0 0 0 0 0 1 1 R 0
649 14942 21242 588 20316 554 5527 1 0 4 0 0 0 0 0 0 1 1 R 0
650 14961 18135 732 18187 686 3678 1 0 0 0 0 0 0 0 0 2 1 R 0
651 14981 19432 683 19476 639 4477 1 0 0 0 0 0 0 0 0 2 1 R 0
652 15004 22640 1697 21090 1686 4479 1 0 4 0 0 1 0 0 0 2 1 R 0
653 15026 20476 576 20483 543 3919 1 0 0 0 0 0 0 0 0 1 1 R 0
654 15044 17496 691 17545 647 3183 1 0 0 0 0 0 0 0 0 2 1 R 0
655 15064 18687 690 18747 639 3330 1 0 0 0 0 0 0 0 0 1 1 R 0
656 15090 25081 680 22536 645 4683 1 0 5 0 0 0 0 0 0 2 1 R 0
657 15110 19359 622 19397 583 4021 1 0 0 0 0 0 0 0 0 1 1 R 0
658 15130 19592 644 19631 606 4408 1 0 0 0 0 0 0 0 0 1 1 R 0
659 15152 21431 715 20572 591 3908 1 0 4 0 0 0 0 0 0 2 1 R 0
660 15175 22562 961 22597 935 8388 1 0 0 0 0 0 0 0 0 1 1 R 0
661 15196 20336 582 20358 546 3861 1 0 0 0 0 0 0 0 0 1 1 R 0
662 15218 20950 636 19623 596 3775 1 0 4 0 0 0 0 0 0 2 1 R 0
663 15239 20560 588 20595 554 3961 1 0 0 0 0 0 0 0 0 1 1 R 0
664 15259 19368 593 19398 562 4316 1 0 0 0 0 0 0 0 0 1 1 R 0
665 15282 21887 1729 19608 1022 3792 1 0 3 0 2 0 0 0 0 1 1 R 0
666 15303 19757 575 19751 543 3680 1 0 0 0 0 0 0 0 0 2 1 R 0
667 15324 20413 638 20446 603 3827 1 0 0 0 0 0 0 0 0 1 1 R 0
668 15345 20013 2395 20108 1451 3763 1 0 0 0 3 0 0 0 0 2 1 R 0
669 15367 20141 590 19228 557 3115 1 0 1 0 0 0 0 0 0 1 1 R 0
670 15387 18852 688 18896 655 3366 1 0 0 0 0 0 0 0 0 2 1 R 0
671 15409 21268 583 21292 545 3904 1 0 0 0 0 0 0 0 0 1 1 R 0
672 15431 21967 809 20768 761 3891 1 0 4 0 0 0 0 0 0 1 1 R 0
673 15452 19518 604 19548 562 4287 1 0 0 0 0 0 0 0 0 1 1 R 0
674 15470 17582 743 17672 673 3817 1 0 0 0 0 0 0 0 0 2 1 R 0
675 15499 28011 628 25252 588 8563 1 0 5 0 0 0 0 0 0 2 1 R 0
676 15519 19639 778 19676 754 4181 1 0 0 0 0 0 0 0 0 2 1 R 0
677 15540 20387 596 20413 557 4521 1 0 0 0 0 0 0 0 0 1 1 R 0
678 15562 21152 675 19746 628 3616 1 0 4 0 0 0 0 0 0 2 1 R 0
679 15581 18332 757 18396 702 3639 1 0 0 0 0 0 0 0 0 1 1 R 0
680 15601 19208 754 19291 667 4766 1 0 0 0 0 0 0 0 0 2 1 R 0
681 15623 21780 603 21810 563 5482 1 0 0 0 0 0 0 0 0 2 1 R 0
682 15646 22419 717 21215 675 5757 1 0 4 0 0 0 0 0 0 1 1 R 0
683 15664 17462 730 17504 693 3048 1 0 0 0 0 0 0 0 0 2 1 R 0
684 15687 21473 709 20548 647 3654 1 0 1 0 0 0 0 0 0 1 1 R 0
685 15710 22800 592 21647 556 3016 1 0 4 0 0 0 0 0 0 3 1 R 0
686 15732 20757 594 19956 562 4443 1 0 1 0 0 0 0 0 0 1 1 R 0
687 15759 27350 1963 23868 710 4022 1 0 3 0 0 0 0 0 0 2 0 S 1
688 15799 37098 551 21405 516 5774 1 0 11 0 0 0 0 0 0 0 1 R 2
689 15836 36970 1695 17216 1156 26633 1 2 3 0 3 0 0 0 0 3 0 R 1
690 15872 34757 1014 29722 992 14459 1 0 2 0 0 0 0 1 1 1 0 R 1
691 15901 27560 688 19649 661 5953 1 1 4 0 1 0 0 0 0 1 0 R 0
692 15925 22856 632 20321 597 5405 1 0 4 0 0 0 0 0 0 1 1 R 0
693 15976 50977 1739 30852 1126 12072 1 0 9 0 2 0 0 1 1 2 1 R 1
694 16004 25609 603 20149 575 6627 1 1 2 0 0 0 0 1 1 1 0 R 1
695 16035 30742 1197 19740 1183 5805 1 1 6 0 0 0 0 0 0 1 1 R 0
696 16059 23252 976 22062 900 3893 1 0 4 0 0 0 0 0 0 2 1 R 0
697 16081 20564 680 19102 645 3135 1 0 1 0 0 0 0 0 0 2 1 R 0
698 16100 18355 765 18406 703 3576 1 0 0 0 0 0 0 0 0 1 1 R 0
699 16124 23620 601 22593 565 5794 1 0 4 0 0 0 0 0 0 2 1 R 0
700 16144 19178 740 19215 716 3953 1 0 0 0 0 0 0 0 0 1 1 R 0
701 16164 19423 814 19530 715 3741 1 0 0 0 0 0 0 0 0 2 1 R 0
702 16183 17946 732 17994 671 3065 1 0 0 0 0 0 0 0 0 1 1 R 0
703 16206 22227 819 20886 760 4537 1 0 4 0 0 0 0 0 0 2 1 R 0
704 16227 19897 562 19919 528 3871 1 0 0 0 0 0 0 0 0 2 1 R 0
705 16251 24175 591 23343 553 8429 1 0 1 0 0 0 0 0 0 1 1 R 0
706 16273 21192 649 20161 618 5795 1 0 4 0 0 0 0 0 0 1 1 R 0
707 16294 19736 700 18830 657 3202 1 0 1 0 0 0 0 0 0 1 1 R 0
708 16313 18749 792 18855 691 3192 1 0 0 0 0 0 0 0 0 2 1 R 0
709 16338 23743 597 22280 721 4173 1 0 4 0 0 0 0 0 0 2 1 R 0
710 16359 20309 736 20186 698 3976 1 0 0 0 0 0 0 0 0 1 1 R 0
711 16378 18489 699 18541 648 3050 1 0 0 0 0 0 0 0 0 1 1 R 0
712 16400 21517 854 20471 815 3143 1 0 4 0 0 0 0 0 0 3 1 R 0
713 16419 18365 900 18429 845 3652 1 0 0 0 0 0 0 0 0 2 1 R 0
714 16441 20452 576 20469 548 4418 1 0 0 0 0 0 0 0 0 1 1 R 0
715 16461 19699 706 19733 669 4353 1 0 0 0 0 0 0 0 0 1 1 R 0
716 16484 22096 586 19958 561 5355 1 0 5 0 0 0 0 0 0 2 1 R 0
717 16504 19607 644 19655 604 4071 1 0 0 0 0 0 0 0 0 1 1 R 0
718 16524 19849 746 19908 680 4022 1 0 0 0 0 0 0 0 0 1 1 R 0
719 16547 22424 593 21315 561 3473 1 0 4 0 0 0 0 0 0 1 1 R 0
720 16570 22348 592 22384 554 7515 1 0 0 0 0 0 0 0 0 2 1 R 0
721 16590 19216 798 19362 670 3670 1 0 0 0 0 1 0 0 0 2 1 R 0
722 16611 20484 734 19201 678 3770 1 0 4 0 0 0 0 0 0 2 1 R 0
723 16631 18704 794 18749 749 3658 1 0 0 0 0 0 0 0 0 1 1 R 0
724 16653 20977 585 21005 555 5311 1 0 0 0 0 0 0 0 0 2 1 R 0
725 16673 19646 579 19679 542 3923 1 0 0 0 0 0 0 0 0 0 1 R 0
726 16696 22769 667 20973 575 5718 1 0 5 0 0 0 0 0 0 2 1 R 0
727 16717 19962 628 20005 587 3800 1 0 0 0 0 0 0 0 0 1 1 R 0
728 16735 17313 1500 17361 1474 3255 1 0 0 0 0 0 0 0 0 3 1 R 0
729 16759 22828 887 21290 792 3821 1 0 4 0 0 0 0 0 0 1 1 R 0
730 16782 21692 595 21268 563 4555 1 0 1 0 0 0 0 0 0 1 1 R 0
731 16802 19225 741 19288 678 3691 1 0 0 0 0 0 0 0 0 2 1 R 0
732 16824 21574 603 20494 572 4434 1 0 4 0 0 0 0 0 0 1 1 R 0
733 16844 19968 697 20010 659 3069 1 0 0 0 0 0 0 0 0 1 1 R 0
734 16865 19766 892 19792 871 4070 1 0 0 0 0 0 0 0 0 1 1 R 0
735 16892 26528 600 24379 569 6652 1 0 5 0 0 0 0 0 0 3 1 R 0
736 16911 18128 699 18181 652 3777 1 0 0 0 0 0 0 0 0 2 1 R 0
737 16932 19928 735 19987 669 4478 1 0 0 0 0 0 0 0 0 0 1 R 0
738 16953 20193 592 20224 560 4491 1 0 0 0 0 0 0 0 0 2 1 R 0
739 16975 22031 1003 20978 974 6299 1 0 4 0 0 0 0 0 0 1 1 R 0
740 16994 18105 769 18176 687 3270 1 0 0 0 0 1 0 0 0 3 1 R 0
741 17014 18679 696 18732 647 3682 1 0 0 0 0 0 0 0 0 0 1 R 0
742 17038 23545 734 22408 718 3863 1 0 4 0 0 0 0 0 0 2 1 R 0
743 17059 19993 640 20013 600 3835 1 0 0 0 0 0 0 0 0 1 1 R 0
744 17080 20284 937 20338 886 3904 1 0 0 0 0 0 0 0 0 3 1 R 0
745 17104 22890 579 20464 540 4750 1 0 5 0 0 0 0 0 0 0 1 R 0
746 17123 18480 780 18542 733 3180 1 0 0 0 0 0 0 0 0 2 1 R 0
747 17145 21517 913 21539 893 4076 1 0 0 0 0 0 0 0 0 2 1 R 0
748 17165 18951 590 18970 557 3941 1 0 0 0 0 0 0 0 0 1 1 R 0
749 17189 23616 581 21822 543 3842 1 0 4 0 0 0 0 0 0 2 1 R 0
750 17211 21645 791 21712 729 6613 1 0 0 0 0 0 0 0 0 2 1 R 0
751 17230 18350 760 18400 711 3656 1 0 0 0 0 0 0 0 0 1 1 R 0
752 17254 22438 604 21246 570 7728 1 0 4 0 0 0 0 0 0 2 1 R 0
753 17275 20872 980 20905 961 3815 1 0 0 0 0 0 0 0 0 1 1 R 0
754 17297 20872 569 19808 531 3620 1 0 1 0 0 0 0 0 0 1 1 R 0
755 17319 22010 2284 21195 2188 3108 1 0 4 0 0 1 0 0 0 2 1 R 0
756 17341 18845 725 18884 670 3600 1 0 0 0 0 0 0 0 0 2 1 R 0
757 17361 20111 592 20141 557 4333 1 0 0 0 0 0 0 0 0 1 1 R 0
758 17385 22508 656 21451 618 4350 1 0 4 0 0 0 0 0 0 1 1 R 0
759 17403 18225 719 18273 675 3317 1 0 0 0 0 0 0 0 0 2 1 R 0
760 17423 19012 672 19054 622 3214 1 0 0 0 0 0 0 0 0 2 1 R 0
761 17443 19515 695 19559 653 3482 1 0 0 0 0 0 0 0 0 2 1 R 0
762 17467 22945 588 21290 554 5572 1 0 4 0 0 0 0 0 0 1 1 R 0
763 17489 21781 757 20994 726 4062 1 0 1 0 0 0 0 0 0 2 1 R 0
764 17509 18692 670 18734 632 3136 1 0 0 0 0 0 0 0 0 1 1 R 0
765 17534 24572 597 23796 555 8635 1 0 4 0 0 0 0 0 0 2 1 R 0
766 17554 19799 804 19833 781 4016 1 0 0 0 0 0 0 0 0 1 1 R 0
767 17576 20624 553 20644 521 3828 1 0 0 0 0 0 0 0 0 1 1 R 0
768 17598 21935 589 20465 557 3366 1 0 4 0 0 0 0 0 0 3 1 R 0
769 17618 19529 940 19582 898 3507 1 0 0 0 0 0 0 0 0 1 1 R 0
770 17638 18416 1103 18462 1074 3074 1 0 0 0 0 0 0 0 0 2 1 R 0
771 17662 23029 591 22131 556 4830 1 0 4 0 0 0 0 0 0 1 1 R 0
772 17683 20261 599 20296 564 4423 1 0 0 0 0 0 0 0 0 1 1 R 0
773 17704 20501 703 19353 671 5631 1 0 1 0 0 0 0 0 0 2 1 R 0
774 17723 18564 771 18642 694 3186 1 0 0 0 0 0 0 0 0 2 1 R 0
775 17746 22370 630 20800 601 3033 1 0 4 0 0 0 0 0 0 2 1 R 0
776 17767 19995 583 20024 551 3792 1 0 0 0 0 0 0 0 0 1 1 R 0
777 17788 20425 738 20459 712 4192 1 0 0 0 0 0 0 0 0 1 1 R 0
778 17812 23446 817 22358 749 4408 1 0 4 0 0 0 0 0 0 2 1 R 0
779 17831 18151 734 18229 653 3787 1 0 0 0 0 0 0 0 0 2 1 R 0
780 17857 24988 594 25018 559 8322 1 0 0 0 0 0 0 0 0 2 1 R 0
781 17879 22006 708 20731 627 3996 1 0 4 0 0 0 0 0 0 1 1 R 0
782 17901 21326 582 20118 544 4491 1 0 1 0 0 0 0 0 0 1 1 R 0
783 17920 17995 696 18041 653 3739 1 0 0 0 0 0 0 0 0 2 1 R 0
784 17944 22879 828 21081 785 4244 1 0 4 0 0 0 0 0 0 2 1 R 0
785 17965 20132 601 20162 565 3903 1 0 0 0 0 0 0 0 0 1 1 R 0
786 17993 28206 4086 22594 936 3906 1 0 3 0 1 0 0 0 0 1 1 R 0
787 18025 27139 1875 21297 1817 3126 1 0 4 0 0 0 0 0 0 3 1 R 0
788 18059 32020 592 24439 556 3411 1 0 2 0 0 0 0 0 0 2 1 R 0
789 18083 23964 612 21958 572 3786 1 0 5 0 0 0 0 0 0 1 1 R 0
790 18107 23303 764 21161 738 6848 1 0 3 0 0 0 0 0 0 0 1 R 0
791 18128 19911 1236 19492 848 3224 1 0 2 0 0 0 0 0 0 3 1 R 0
792 18151 22572 593 21087 560 3062 1 0 4 0 0 0 0 0 0 1 1 R 0
793 18172 20264 581 20297 553 4398 1 0 0 0 0 0 0 0 0 2 1 R 0
794 18192 19492 970 19526 936 4424 1 0 0 0 0 0 0 0 0 1 1 R 0
795 18217 23340 1478 23367 1126 7604 1 0 1 0 3 0 0 0 0 1 1 R 0
796 18237 19070 710 18719 661 3212 1 0 0 0 0 0 0 0 0 2 1 R 0
797 18258 19993 937 20092 836 3530 1 0 0 0 0 0 0 0 0 2 1 R 0
798 18279 20079 591 20111 556 3833 1 0 0 0 0 0 0 0 0 1 1 R 0
799 18303 23061 595 20842 556 3829 1 0 5 0 0 0 0 0 0 1 1 R 0
800 18321 18245 888 18290 867 3584 1 0 0 0 0 0 0 0 0 2 1 R 0
801 18341 18807 717 18835 673 4009 1 0 0 0 0 0 0 0 0 1 1 R 0
802 18365 23154 1074 21678 1065 4690 1 0 4 0 0 0 0 0 0 2 1 R 0
803 18385 19334 990 19766 543 4023 1 0 0 0 0 0 0 0 0 2 1 R 0
804 18407 20093 578 20116 545 4092 1 0 0 0 0 0 0 0 0 1 1 R 0
805 18428 21125 1433 20444 780 3635 1 0 2 0 2 0 0 0 0 1 1 R 0
806 18450 20616 594 20640 555 4401 1 0 0 0 0 0 0 0 0 1 1 R 0
807 18471 19710 558 19746 519 4303 1 0 0 0 0 0 0 0 0 2 1 R 0
808 18491 19949 598 19985 565 4422 1 0 0 0 0 0 0 0 0 1 1 R 0
809 18515 23234 884 21102 864 6450 1 0 5 0 0 0 0 0 0 1 1 R 0
810 18537 21446 786 21473 753 6247 1 0 0 0 0 0 0 0 0 1 1 R 0
811 18558 19801 912 19869 844 3109 1 0 0 0 0 0 0 0 0 3 1 R 0
812 18580 21530 610 20260 572 3129 1 0 4 0 0 0 0 0 0 1 1 R 0
813 18601 20104 583 20138 547 4314 1 0 0 0 0 0 0 0 0 1 1 R 0
814 18623 21005 593 20772 561 4934 1 0 1 0 0 0 0 0 0 2 1 R 0
815 18644 21074 930 19625 860 3745 1 0 4 0 0 0 0 0 0 1 1 R 0
816 18663 17570 823 17650 740 3243 1 0 0 0 0 0 0 0 0 3 1 R 0
817 18685 21069 590 21093 558 4557 1 0 0 0 0 0 0 0 0 1 1 R 0
818 18709 24007 645 21877 619 4111 1 0 5 0 0 0 0 0 0 1 1 R 0
819 18730 20092 743 20191 645 4070 1 0 0 0 0 0 0 0 0 1 1 R 0
820 18748 17747 776 17836 693 3645 1 0 0 0 0 0 0 0 0 2 1 R 0
821 18771 21654 1135 21005 1038 4768 1 0 1 0 0 0 0 0 0 2 1 R 0
822 18794 21480 617 20551 586 6463 1 0 4 0 0 0 0 0 0 1 1 R 0
823 18814 20146 581 20177 547 3816 1 0 0 0 0 0 0 0 0 1 1 R 0
824 18833 18553 698 18618 632 3259 1 0 0 0 0 0 0 0 0 2 1 R 0
825 18860 26031 591 24956 556 6561 1 0 4 0 0 0 0 0 0 2 1 R 0
826 18880 19186 714 19279 629 3658 1 0 0 0 0 0 0 0 0 1 1 R 0
827 18902 20905 628 19257 597 4339 1 0 1 0 0 0 0 0 0 1 1 R 0
828 18924 21959 707 20977 621 4649 1 0 4 0 0 0 0 0 0 1 1 R 0
829 18943 17945 757 18010 693 3171 1 0 0 0 0 0 0 0 0 2 1 R 0
830 18962 18317 734 18413 642 4897 1 0 0 0 0 0 0 0 0 2 1 R 0
831 18984 21031 806 21127 711 5498 1 0 0 0 0 0 0 0 0 2 1 R 0
832 19007 22170 579 20516 547 5849 1 0 4 0 0 0 0 0 0 1 1 R 0
833 19029 22051 770 21698 679 3752 1 0 1 0 0 1 0 0 0 1 1 R 0
834 19050 19528 660 18970 627 3164 1 0 1 0 0 0 0 0 0 2 1 R 0
835 19073 22282 701 20955 663 4802 1 0 4 0 0 0 0 0 0 2 1 R 0
836 19093 19949 612 19979 579 3955 1 0 0 0 0 0 0 0 0 1 1 R 0
837 19115 21191 904 20183 880 5260 1 0 1 0 0 0 0 0 0 1 1 R 0
838 19138 22569 761 21474 723 3899 1 0 4 0 0 0 0 0 0 2 1 R 0
839 19157 18083 728 18142 663 3102 1 0 0 0 0 0 0 0 0 2 1 R 0
840 19180 22332 685 22373 641 6942 1 0 0 0 0 0 0 0 0 2 1 R 0
841 19203 21965 593 20797 556 3631 1 0 4 0 0 0 0 0 0 1 1 R 0
842 19223 19889 594 19928 558 3956 1 0 0 0 0 0 0 0 0 1 1 R 0
843 19242 17881 680 17925 643 3068 1 0 0 0 0 0 0 0 0 2 1 R 0
844 19261 18389 839 18455 775 4174 1 0 0 0 0 0 0 0 0 2 1 R 0
845 19283 21521 888 20666 857 6750 1 0 4 0 0 0 0 0 0 2 1 R 0
846 19306 21833 563 20258 538 3460 1 0 1 0 0 0 0 0 0 0 1 R 0
847 19327 20120 804 20153 772 3801 1 0 0 0 0 0 0 0 0 3 1 R 0
848 19349 21811 578 20587 542 3874 1 0 4 0 0 0 0 0 0 1 1 R 0
849 19368 18241 656 18288 606 3359 1 0 0 0 0 0 0 0 0 2 1 R 0
850 19388 19324 808 19363 795 3541 1 0 0 0 0 0 0 0 0 1 1 R 0
851 19412 23023 600 21754 568 3798 1 0 4 0 0 0 0 0 0 1 1 R 0
852 19432 19444 603 19479 567 4418 1 0 0 0 0 0 0 0 0 2 1 R 0
853 19451 18062 758 18127 704 3677 1 0 0 0 0 0 0 0 0 1 1 R 0
854 19470 18286 1066 18343 1005 4263 1 0 0 0 0 0 0 0 0 2 1 R 0
855 19497 25796 651 24726 620 9385 1 0 4 0 0 0 0 0 0 2 1 R 0
856 19518 21083 588 20001 558 5391 1 0 1 0 0 0 0 0 0 1 1 R 0
857 19539 19936 1203 19962 1182 3948 1 0 0 0 0 1 0 0 0 2 1 R 0
858 19561 20394 833 19391 785 3165 1 0 4 0 0 0 0 0 0 1 1 R 0
859 19581 19362 746 19441 668 4381 1 0 0 0 0 0 0 0 0 2 1 R 0
860 19600 18573 707 18619 669 3735 1 0 0 0 0 0 0 0 0 1 1 R 0
861 19624 23447 601 22517 566 5430 1 0 4 0 0 0 0 0 0 2 1 R 0
862 19644 19714 568 19747 534 3584 1 0 0 0 0 0 0 0 0 2 1 R 0
863 19663 18185 724 18248 667 3203 1 0 0 0 0 0 0 0 0 1 1 R 0
864 19684 20366 583 20397 550 3966 1 0 0 0 0 0 0 0 0 1 1 R 0
865 19709 24571 630 21647 591 3993 1 0 5 0 0 0 0 0 0 2 1 R 0
866 19731 20897 585 20673 554 4417 1 0 1 0 0 0 0 0 0 1 1 R 0
867 19752 20490 1221 20627 1092 4164 1 0 0 0 0 0 0 0 0 2 1 R 0
868 19773 20131 734 19141 662 5283 1 0 4 0 0 0 0 0 0 1 1 R 0
869 19793 18804 731 18874 667 3354 1 0 0 0 0 0 0 0 0 2 1 R 0
870 19817 23487 629 23516 592 6305 1 0 0 0 0 0 0 0 0 1 1 R 0
871 19840 21956 608 20474 567 4022 1 0 4 0 0 0 0 0 0 1 1 R 0
872 19858 17884 727 17945 666 3655 1 0 0 0 0 0 0 0 0 2 1 R 0
873 19879 19757 848 19844 783 5234 1 0 0 0 0 0 0 0 0 2 1 R 0
874 19904 24631 557 22791 532 5492 1 0 5 0 0 0 0 0 0 1 1 R 0
875 19925 20100 569 20135 1006 3865 1 0 0 0 0 0 0 0 0 2 1 R 0
876 19945 19390 579 18953 548 3938 1 0 0 0 0 0 0 0 0 1 1 R 0
877 19965 19695 2599 19725 1661 3845 1 0 0 0 4 0 0 0 0 1 1 R 0
878 19988 20308 712 20086 690 4092 1 0 0 0 0 0 0 0 0 2 1 R 0
879 20008 19548 579 19575 544 3298 1 0 0 0 0 0 0 0 0 1 1 R 0
880 20029 20002 586 20037 550 3879 1 0 0 0 0 0 0 0 0 1 1 R 0
881 20052 22565 600 21750 553 3866 1 0 4 0 0 0 0 0 0 1 1 R 0
882 20070 17013 2546 17107 533 3727 1 0 1 0 0 0 0 0 0 1 1 R 0
883 20118 45439 3068 27864 1417 12953 1 0 10 0 1 0 0 0 0 3 0 R 0
884 20148 27522 581 18698 554 5803 1 0 6 0 0 0 0 0 0 2 1 R 0
885 20172 23049 605 22603 569 7434 1 0 1 0 0 0 0 0 0 2 1 R 0
886 20193 20477 723 19350 664 5843 1 0 4 0 0 0 0 0 0 1 1 R 0
887 20214 20091 834 19865 779 4091 1 0 1 0 0 0 0 0 0 2 1 R 0
888 20235 20120 607 20144 572 4263 1 0 0 0 0 0 0 0 0 2 1 R 0
889 20258 22877 580 21481 541 4024 1 0 4 0 0 0 0 0 0 2 1 R 0
890 20277 18672 680 18722 632 3449 1 0 0 0 0 0 0 0 0 1 1 R 0
891 20297 18887 744 18971 662 3116 1 0 0 0 0 0 0 0 0 2 1 R 0
892 20322 24712 605 22254 573 4037 1 0 5 0 0 0 0 0 0 1 1 R 0
893 20343 19589 823 19622 799 4304 1 0 0 0 0 0 0 0 0 1 1 R 0
894 20363 19783 777 19864 683 4235 1 0 0 0 0 0 0 0 0 2 1 R 0
895 20383 18638 844 18691 792 3198 1 0 0 0 0 0 0 0 0 2 1 R 0
896 20404 20012 671 18804 642 4571 1 0 4 0 0 0 0 0 0 2 1 R 0
897 20424 19339 792 19424 706 3248 1 0 0 0 0 0 0 0 0 2 1 R 0
898 20444 20115 602 20142 572 3938 1 0 0 0 0 0 0 0 0 0 1 R 0
899 20468 23036 577 21709 547 3504 1 0 4 0 0 0 0 0 0 2 1 R 0
900 20490 21617 726 21660 676 6814 1 0 0 0 0 0 0 0 0 2 1 R 0
901 20512 20677 852 19170 785 3769 1 0 1 0 0 0 0 0 0 2 1 R 0
902 20535 22153 602 20879 565 4330 1 0 4 0 0 0 0 0 0 1 1 R 0
903 20555 19861 1052 19921 1005 4071 1 0 0 0 0 0 0 0 0 1 1 R 0
904 20574 17626 679 17659 634 3209 1 0 0 0 0 0 0 0 0 2 1 R 0
905 20594 19403 780 19500 680 3738 1 0 0 0 0 0 0 0 0 2 1 R 0
906 20618 23445 637 22075 603 4269 1 0 4 0 0 0 0 0 0 2 1 R 0
907 20639 20161 589 20197 555 4129 1 0 0 0 0 0 0 0 0 1 1 R 0
908 20659 19930 685 19962 655 3955 1 0 0 0 0 0 0 0 0 0 1 R 0
909 20682 21382 799 20408 765 3187 1 0 4 0 0 0 0 0 0 2 1 R 0
910 20700 18019 742 18084 669 3584 1 0 0 0 0 0 0 0 0 2 1 R 0
911 20722 21016 865 20165 769 5920 1 0 1 0 0 0 0 0 0 2 1 R 0
912 20745 21495 610 20528 577 4322 1 0 4 0 0 0 0 0 0 1 1 R 0
913 20767 21683 759 21370 790 3867 1 0 1 0 0 0 0 0 0 2 1 R 0
914 20785 17902 1463 18485 795 3459 1 0 0 0 0 0 0 0 0 1 1 R 0
915 20812 25207 584 24177 555 6894 1 0 4 0 0 0 0 0 0 3 1 R 0
916 20831 18477 821 18529 772 3601 1 0 0 0 0 0 0 0 0 1 1 R 0
917 20853 21005 590 21032 553 5239 1 0 0 0 0 0 0 0 0 2 1 R 0
918 20874 20441 575 20475 542 3318 1 0 0 0 0 0 0 0 0 2 1 R 0
919 20897 22483 600 20790 562 5608 1 0 4 0 0 0 0 0 0 0 1 R 0
920 20919 21385 872 20171 838 3875 1 0 1 0 0 0 0 0 0 1 1 R 0
921 20940 19817 699 19887 636 3148 1 0 0 0 0 0 0 0 0 1 1 R 0
922 20963 22132 589 20889 551 5266 1 0 4 0 0 0 0 0 0 3 1 R 0
923 20982 18981 684 19029 637 3861 1 0 0 0 0 0 0 0 0 0 1 R 0
924 21001 18178 673 18247 610 3736 1 0 0 0 0 0 0 0 0 2 1 R 0
925 21025 23377 1490 22313 1447 3181 1 0 4 0 0 0 0 0 0 2 1 R 0
926 21047 20019 579 20018 548 3310 1 0 0 0 0 1 0 0 0 1 1 R 0
927 21067 20253 586 20286 554 3865 1 0 0 0 0 0 0 0 0 3 1 R 0
928 21085 17360 3865 17413 2757 3263 1 0 1 0 2 0 0 0 0 1 1 R 0
929 21109 19849 741 19633 696 3055 1 0 1 0 0 0 0 0 0 2 1 R 0
930 21133 23040 590 21872 559 6589 1 0 1 0 0 0 0 0 0 1 1 R 0
931 21153 19888 573 19921 536 4507 1 0 0 0 0 0 0 0 0 2 1 R 0
932 21177 22720 630 21578 590 3929 1 0 4 0 0 0 0 0 0 1 1 R 0
933 21195 18035 1389 18085 1370 3106 1 0 0 0 0 0 0 0 0 2 1 R 0
934 21217 20249 584 20246 557 3892 1 0 0 0 0 0 0 0 0 1 1 R 0
935 21240 22336 875 20669 804 4079 1 0 4 0 0 0 0 0 0 1 1 R 0
936 21260 19394 591 19425 561 4441 1 0 0 0 0 0 0 0 0 1 1 R 0
937 21281 20405 678 20467 613 4129 1 0 0 0 0 0 0 0 0 1 1 R 0
938 21303 21255 719 19916 692 3491 1 0 4 0 0 0 0 0 0 2 1 R 0
939 21324 20283 771 19211 733 3219 1 0 1 0 0 0 0 0 0 2 1 R 0
940 21346 21141 558 21165 529 3897 1 0 0 0 0 0 0 0 0 2 1 R 0
941 21368 21716 775 20908 764 3821 1 0 4 0 0 0 0 0 0 1 1 R 0
942 21389 19851 577 19854 543 4168 1 0 0 0 0 0 0 0 0 1 1 R 0
943 21408 18685 695 18762 623 3177 1 0 0 0 0 0 0 0 0 2 1 R 0
944 21428 19012 680 19055 647 3315 1 0 0 0 0 0 0 0 0 2 1 R 0
945 21454 25286 587 24247 557 11458 1 0 4 0 0 0 0 0 0 1 1 R 0
946 21475 20429 599 20461 568 3982 1 0 0 0 0 0 0 0 0 2 1 R 0
947 21494 18657 817 18745 732 3355 1 0 0 0 0 0 0 0 0 1 1 R 0
948 21520 24957 817 22487 776 3061 1 0 5 0 0 0 0 0 0 2 1 R 0
949 21540 18920 806 18991 740 3517 1 0 0 0 0 0 0 0 0 1 1 R 0
950 21560 19751 632 19793 584 4371 1 0 0 0 0 0 0 0 0 1 1 R 0
951 21583 22210 592 21176 561 4312 1 0 4 0 0 0 0 0 0 2 1 R 0
952 21601 17507 880 17589 803 3713 1 0 0 0 0 0 0 0 0 1 1 R 0
953 21621 18945 991 19014 954 4692 1 0 0 0 0 0 0 0 0 2 1 R 0
954 21641 19509 750 19544 688 4512 1 0 0 0 0 0 0 0 0 2 1 R 0
955 21665 22504 579 21310 539 6740 1 0 4 0 0 0 0 0 0 1 1 R 0
956 21684 19165 584 19201 549 3975 1 0 0 0 0 0 0 0 0 2 1 R 0
957 21703 18250 714 18299 661 3296 1 0 0 0 0 0 0 0 0 1 1 R 0
958 21730 26484 689 23931 632 3308 1 0 6 0 0 0 0 0 0 3 1 R 0
959 21749 17985 1518 18033 1499 3578 1 0 0 0 0 1 0 0 0 2 1 R 0
960 21774 23362 651 23384 616 8855 1 0 0 0 0 0 0 0 0 1 1 R 0
961 21799 24507 605 22368 569 3244 1 0 4 0 0 0 0 0 0 1 1 R 0
962 21820 19695 675 19185 601 3166 1 0 1 0 0 0 0 0 0 2 1 R 0
963 21839 18361 852 18435 774 3798 1 0 0 0 0 0 0 0 0 1 1 R 0
964 21862 22932 605 21370 574 4920 1 0 4 0 0 0 0 0 0 2 1 R 0
965 21883 20357 600 20391 563 4326 1 0 0 0 0 0 0 0 0 1 1 R 0
966 21902 18393 719 18465 652 3747 1 0 0 0 0 0 0 0 0 2 1 R 0
967 21925 21669 613 19945 575 3786 1 0 1 0 0 0 0 0 0 2 1 R 0
968 21948 22500 583 20670 550 5309 1 0 4 0 0 0 0 0 0 1 1 R 0
969 21968 20008 588 20046 553 3334 1 0 0 0 0 0 0 0 0 1 1 R 0
970 21989 19621 589 19650 560 4135 1 0 0 0 0 0 0 0 0 1 1 R 0
971 22011 22306 712 21412 668 3143 1 0 4 0 0 0 0 0 0 2 1 R 0
972 22030 17853 733 17902 672 3594 1 0 0 0 0 0 0 0 0 2 1 R 0
973 22050 18753 769 18822 692 4288 1 0 0 0 0 0 0 0 0 2 1 R 0
974 22074 23256 595 22249 562 4955 1 0 4 0 0 0 0 0 0 1 1 R 0
975 22098 23593 759 23623 722 7631 1 0 0 0 0 0 0 0 0 2 1 R 0
976 22117 18057 2226 18139 1078 3191 1 0 0 0 1 0 0 0 0 2 1 R 0
977 22151 31850 939 21982 897 3556 1 0 6 0 1 0 0 0 0 2 1 R 0
978 22179 27840 829 23904 737 4036 1 0 2 0 0 0 0 0 0 2 1 R 0
979 22202 21401 655 21425 613 4357 1 0 0 0 0 0 0 0 0 1 1 R 0
980 22223 20465 801 19363 756 5821 1 0 4 0 0 0 0 0 0 2 1 R 0
981 22243 18973 806 19057 715 3615 1 0 0 0 0 0 0 0 0 2 1 R 0
982 22263 19326 886 19442 767 5239 1 0 0 0 0 0 0 0 0 2 1 R 0
983 22289 25234 958 23629 874 5058 1 0 4 0 0 0 0 0 0 1 1 R 0
984 22309 19531 577 19562 543 4400 1 0 0 0 0 0 0 0 0 1 1 R 0
985 22331 20656 718 19746 661 3226 1 0 1 0 0 0 0 0 0 2 1 R 0
986 22353 21866 710 20293 666 3512 1 0 4 0 0 0 0 0 0 2 1 R 0
987 22374 20574 603 20602 565 3957 1 0 0 0 0 0 0 0 0 1 1 R 0
988 22395 20072 998 20112 981 3924 1 0 0 0 0 0 0 0 0 2 1 R 0
989 22415 19061 1193 19077 1167 3709 1 0 0 0 1 0 0 0 0 0 1 R 0
990 22441 24537 660 22617 617 6616 1 0 3 0 0 0 0 0 0 2 1 R 0
991 22461 19204 689 19254 652 3704 1 0 0 0 0 0 0 0 0 2 1 R 0
992 22481 19989 601 20011 565 4383 1 0 0 0 0 0 0 0 0 1 1 R 0
993 22504 21673 583 20574 544 6287 1 0 4 0 0 0 0 0 0 1 1 R 0
994 22525 20833 1290 19447 1259 3134 1 0 1 0 0 0 0 0 0 2 1 R 0
995 22544 17988 757 18037 673 3082 1 0 0 0 0 0 0 0 0 1 1 R 0
996 22569 23363 884 22498 862 3745 1 0 4 0 0 0 0 0 0 3 1 R 0
997 22590 20566 595 20583 554 4524 1 0 0 0 0 0 0 0 0 1 1 R 0
998 22610 19521 583 19556 552 4413 1 0 0 0 0 0 0 0 0 1 1 R 0
999 22634 22957 597 21287 566 3864 1 0 4 0 0 0 0 0 0 2 1 R 0
1000 22653 18487 767 18541 728 3552 1 0 0 0 0 0 0 0 0 2 1 R 0
1001 22672 18796 669 18820 643 3184 1 0 0 0 0 0 0 0 0 1 1 R 0
1002 22694 20920 601 20937 566 4975 1 0 0 0 0 0 0 0 0 2 1 R 0
1003 22717 22361 584 21398 546 5512 1 0 4 0 0 0 0 0 0 0 1 R 0
1004 22738 20167 1076 18936 1051 4907 1 0 1 0 0 0 0 0 0 3 1 R 0
1005 22761 22646 607 22644 571 8724 1 0 0 0 0 0 0 0 0 1 1 R 0
1006 22784 21787 584 20628 549 5902 1 0 4 0 0 0 0 0 0 2 1 R 0
1007 22804 19999 593 20037 555 4062 1 0 0 0 0 0 0 0 0 1 1 R 0
1008 22825 19800 1675 19883 1606 3735 1 0 0 0 0 0 0 0 0 2 1 R 0
1009 22848 22124 732 21125 639 3108 1 0 4 0 0 0 0 0 0 1 1 R 0
1010 22868 18616 708 18667 662 3169 1 0 0 0 0 0 0 0 0 2 1 R 0
1011 22889 20803 585 20835 549 3997 1 0 0 0 0 0 0 0 0 1 1 R 0
1012 22913 22827 611 21547 570 4463 1 0 4 0 0 0 0 0 0 1 1 R 0
1013 22933 20138 818 19172 757 3625 1 0 1 0 0 0 0 0 0 2 1 R 0
1014 22952 17919 919 18013 844 3432 1 0 0 0 0 0 0 0 0 2 1 R 0
1015 22973 19964 679 19989 642 4665 1 0 0 0 0 0 0 0 0 2 1 R 0
1016 22997 23685 589 22266 552 5532 1 0 4 0 0 0 0 0 0 1 1 R 0
1017 23018 20101 587 20140 554 3886 1 0 0 0 0 0 0 0 0 1 1 R 0
1018 23037 18684 713 18732 676 3456 1 0 0 0 0 0 0 0 0 2 1 R 0
1019 23061 23004 822 22223 688 3055 1 0 4 0 0 1 0 0 0 2 1 R 0
1020 23085 22742 596 22774 559 7361 1 0 0 0 0 0 0 0 0 1 1 R 0
1021 23105 19420 712 19456 688 4056 1 0 0 0 0 0 0 0 0 2 1 R 0
1022 23129 23764 641 21116 607 3457 1 0 5 0 0 0 0 0 0 1 1 R 0
1023 23148 18633 804 18693 749 3216 1 0 0 0 0 0 0 0 0 2 1 R 0
1024 23168 19145 1089 19231 1040 3074 1 0 0 0 0 0 0 0 0 1 1 R 0
1025 23192 22410 592 21729 556 4402 1 0 4 0 0 0 0 0 0 2 1 R 0
1026 23213 20137 584 20176 545 4403 1 0 0 0 0 0 0 0 0 1 1 R 0
1027 23233 19344 832 19420 759 4266 1 0 0 0 0 0 0 0 0 2 1 R 0
1028 23252 18266 683 18315 746 3876 1 0 0 0 0 0 0 0 0 1 1 R 0
1029 23274 21375 731 20398 653 5708 1 0 4 0 0 0 0 0 0 2 1 R 0
1030 23295 20093 597 20131 558 3911 1 0 0 0 0 0 0 0 0 1 1 R 0
1031 23316 20675 644 20713 607 3845 1 0 0 0 0 0 0 0 0 1 1 R 0
1032 23340 23396 597 20500 558 4121 1 0 5 0 0 0 0 0 0 3 1 R 0
1033 23359 18271 742 18315 713 3774 1 0 0 0 0 0 0 0 0 0 1 R 0
1034 23378 18984 842 19037 789 4748 1 0 0 0 0 0 0 0 0 2 1 R 0
1035 23405 25387 735 24328 713 8267 1 0 4 0 0 0 0 0 0 2 1 R 0
1036 23426 20450 646 20476 606 3925 1 0 0 0 0 0 0 0 0 1 1 R 0
1037 23444 17616 678 17685 612 3147 1 0 0 0 0 0 0 0 0 3 1 R 0
1038 23464 19011 689 19063 637 3876 1 0 0 0 0 0 0 0 0 2 1 R 0
1039 23489 24171 592 22450 558 3397 1 0 4 0 0 0 0 0 0 1 1 R 0
1040 23509 19974 585 20007 553 3945 1 0 0 0 0 0 0 0 0 2 1 R 0
1041 23532 21643 725 20358 683 3802 1 0 1 0 0 0 0 0 0 1 1 R 0
1042 23552 19618 750 18724 726 5306 1 0 4 0 0 0 0 0 0 2 1 R 0
1043 23571 18558 923 18594 896 3513 1 0 0 0 0 0 0 0 0 2 1 R 0
1044 23593 20936 597 20942 560 4483 1 0 0 0 0 0 0 0 0 1 1 R 0
1045 23615 21537 1022 20402 1000 4303 1 0 4 0 0 0 0 0 0 1 1 R 0
1046 23635 18791 863 18800 836 3862 1 0 0 0 0 0 0 0 0 1 1 R 0
1047 23655 19329 1324 19074 1284 3383 1 0 1 0 0 0 0 0 0 2 1 R 0
1048 23675 18214 3689 18245 2590 3241 1 0 0 0 4 0 0 0 0 1 1 R 0
1049 23698 19952 838 19505 790 3152 1 0 0 0 0 0 0 0 0 2 1 R 0
1050 23723 23705 644 23773 560 8467 1 0 0 0 0 0 0 0 0 1 1 R 0
1051 23750 26627 600 23911 574 6228 1 0 5 0 0 0 0 0 0 2 1 R 0
1052 23768 17344 817 17411 748 3766 1 0 0 0 0 0 0 0 0 2 1 R 0
1053 23790 21526 700 21571 656 6496 1 0 0 0 0 0 0 0 0 2 1 R 0
1054 23811 19762 712 19835 642 3861 1 0 0 0 0 0 0 0 0 1 1 R 0
1055 23834 22117 649 21012 627 6306 1 0 4 0 0 0 0 0 0 1 1 R 0
1056 23852 18019 729 18074 662 3377 1 0 0 0 0 0 0 0 0 2 1 R 0
1057 23874 20950 588 20984 551 4069 1 0 0 0 0 0 0 0 0 1 1 R 0
1058 23897 22680 582 21184 548 3937 1 0 4 0 0 0 0 0 0 2 1 R 0
1059 23918 20127 644 20165 618 3829 1 0 0 0 0 0 0 0 0 1 1 R 0
1060 23940 21341 590 20128 559 4129 1 0 1 0 0 0 0 0 0 1 1 R 0
1061 23963 22049 744 20623 705 3863 1 0 4 0 0 0 0 0 0 2 1 R 0
1062 23981 17522 1585 17567 1545 3647 1 0 0 0 0 1 0 0 0 2 1 R 0
1063 24001 18652 800 18690 753 3836 1 0 0 0 0 0 0 0 0 2 1 R 0
1064 24023 20832 617 20868 579 5457 1 0 0 0 0 0 0 0 0 1 1 R 0
1065 24048 24299 578 23439 540 9508 1 0 4 0 0 0 0 0 0 1 1 R 0
1066 24067 18538 721 18596 669 3216 1 0 0 0 0 0 0 0 0 2 1 R 0
1067 24087 18962 677 19012 633 3238 1 0 0 0 0 0 0 0 0 2 1 R 0
1068 24110 22600 588 21294 556 3609 1 0 4 0 0 0 0 0 0 1 1 R 0
1069 24132 21581 950 20798 874 4323 1 0 1 0 0 0 0 0 0 1 1 R 0
1070 24153 20298 609 20340 570 4565 1 0 0 0 0 0 0 0 0 2 1 R 0
1071 24175 21412 1566 20579 1536 3338 1 0 4 0 0 0 0 0 0 2 1 R 0
1072 24194 17571 585 17607 532 3190 1 0 0 0 0 0 0 0 0 0 1 R 0
1073 24242 46704 695 23454 670 29825 1 2 7 0 1 0 0 0 0 3 0 R 1
1074 24269 26999 2464 17343 742 2522 1 0 3 0 1 0 0 0 0 2 0 R 0
1075 24298 26484 684 18017 656 6291 1 0 6 0 1 0 0 0 0 1 0 R 0
1076 24323 23601 605 21008 567 2197 1 0 4 0 0 0 0 0 0 1 1 R 0
1077 24345 21440 596 20431 562 4539 1 0 1 0 0 0 0 0 0 1 1 R 0
1078 24363 17603 816 17701 718 3183 1 0 0 0 0 0 0 0 0 1 1 R 0
1079 24387 23348 842 22363 767 4044 1 0 4 0 0 0 0 0 0 2 1 R 0
1080 24410 22127 626 22175 579 6589 1 0 0 0 0 0 0 0 0 2 1 R 0
1081 24430 19751 594 19786 554 4252 1 0 0 0 0 0 0 0 0 1 1 R 0
1082 24453 22247 599 21154 566 4527 1 0 4 0 0 0 0 0 0 1 1 R 0
1083 24473 18928 694 18978 651 3189 1 0 0 0 0 0 0 0 0 2 1 R 0
1084 24492 18362 684 18417 630 3178 1 0 0 0 0 0 0 0 0 2 1 R 0
1085 24511 18895 755 18951 685 4485 1 0 0 0 0 0 0 0 0 2 1 R 0
1086 24537 25277 588 23484 557 8052 1 0 5 0 0 0 0 0 0 1 1 R 0
1087 24558 20111 626 20143 590 3521 1 0 0 0 0 0 0 0 0 1 1 R 0
1088 24577 17830 679 17876 647 3166 1 0 0 0 0 0 0 0 0 2 1 R 0
1089 24601 23699 583 22633 545 4878 1 0 4 0 0 0 0 0 0 2 1 R 0
1090 24622 20333 576 20361 547 4540 1 0 0 0 0 0 0 0 0 1 1 R 0
1091 24642 19689 603 19725 566 4318 1 0 0 0 0 0 0 0 0 1 1 R 0
1092 24665 22478 968 21030 949 3909 1 0 4 0 0 0 0 0 0 2 1 R 0
1093 24684 17942 779 17979 737 3110 1 0 0 0 0 0 0 0 0 1 1 R 0
1094 24703 18137 796 18189 742 3350 1 0 0 0 0 0 0 0 0 2 1 R 0
1095 24731 27453 592 26754 559 8929 1 0 4 0 0 0 0 0 0 2 1 R 0
1096 24753 21142 1013 19951 991 4540 1 0 1 0 0 0 0 0 0 1 1 R 0
1097 24775 20965 1457 20395 1409 4020 1 0 1 0 0 0 0 0 0 2 1 R 0
1098 24794 17327 757 17358 713 3274 1 0 0 0 0 0 0 0 0 1 1 R 0
1099 24819 24308 638 22854 590 3469 1 0 4 0 0 0 0 0 0 2 1 R 0
1100 24839 19408 593 19435 555 4539 1 0 0 0 0 0 0 0 0 1 1 R 0
1101 24860 20310 572 20346 538 3817 1 0 0 0 0 0 0 0 0 2 1 R 0
1102 24882 21313 734 20494 666 3155 1 0 4 0 0 0 0 0 0 1 1 R 0
1103 24901 18289 661 18324 623 3706 1 0 0 0 0 0 0 0 0 2 1 R 0
1104 24921 19525 727 19588 1047 4479 1 0 0 0 0 0 0 0 0 2 1 R 0
1105 24945 22987 606 20515 569 4295 1 0 5 0 0 0 0 0 0 1 1 R 0
1106 24966 20604 637 20647 597 4089 1 0 0 0 0 0 0 0 0 2 1 R 0
1107 24984 17659 730 17709 694 3217 1 0 0 0 0 0 0 0 0 1 1 R 0
1108 25004 19115 696 19161 634 3868 1 0 0 0 0 0 0 0 0 2 1 R 0
1109 25028 23284 751 22210 670 3414 1 0 4 0 0 0 0 0 0 2 1 R 0
1110 25051 21831 587 21856 615 8328 1 0 0 0 0 0 0 0 0 1 1 R 0
1111 25072 20722 581 20689 553 4006 1 0 0 0 0 0 0 0 0 1 1 R 0
1112 25093 20738 703 19802 665 5438 1 0 4 0 0 1 0 0 0 2 1 R 0
1113 25113 18727 833 18774 774 3214 1 0 0 0 0 0 0 0 0 2 1 R 0
1114 25134 20945 585 20973 552 3976 1 0 0 0 0 0 0 0 0 1 1 R 0
1115 25159 24474 586 21510 548 3785 1 0 5 0 0 0 0 0 0 2 1 R 0
1116 25179 18954 864 19020 804 4290 1 0 0 0 0 0 0 0 0 1 1 R 0
1117 25199 18929 706 18990 650 3344 1 0 0 0 0 0 0 0 0 1 1 R 0
1118 25221 21482 1227 20174 1197 3370 1 0 4 0 0 0 0 0 0 2 1 R 0
1119 25243 20415 609 20434 571 4226 1 0 0 0 0 0 0 0 0 3 1 R 0
1120 25263 19397 604 19433 571 4427 1 0 0 0 0 0 0 0 0 1 1 R 0
1121 25282 19094 723 19145 671 4019 1 0 0 0 0 0 0 0 0 1 1 R 0
1122 25303 20296 820 19401 760 5626 1 0 4 0 0 0 0 0 0 2 1 R 0
1123 25323 19015 679 19064 633 3147 1 0 0 0 0 0 0 0 0 1 1 R 0
1124 25347 22781 569 20999 537 3879 1 0 1 0 0 0 0 0 0 2 1 R 0
1125 25372 25053 595 23234 563 11253 1 0 5 0 0 0 0 0 0 1 1 R 0
1126 25391 17874 755 17921 713 3577 1 0 0 0 0 0 0 0 0 2 1 R 0
1127 25410 18814 792 18858 750 4235 1 0 0 0 0 0 0 0 0 1 1 R 0
1128 25434 22923 605 21708 581 4661 1 0 4 0 0 0 0 0 0 2 1 R 0
1129 25454 19702 597 19734 556 4079 1 0 0 0 0 0 0 0 0 2 1 R 0
1130 25475 19700 683 19765 623 3953 1 0 0 0 0 0 0 0 0 1 1 R 0
1131 25493 17938 734 18003 666 3109 1 0 0 0 0 0 0 0 0 2 1 R 0
1132 25515 20994 1436 19515 1394 4546 1 0 4 0 0 0 0 0 0 2 1 R 0
1133 25535 18897 1942 18939 1924 3425 1 0 0 0 0 0 0 0 0 1 1 R 0
1134 25558 20643 591 19508 555 3891 1 0 1 0 0 0 0 0 0 1 1 R 0
1135 25581 22907 589 21850 554 3819 1 0 4 0 0 0 0 0 0 2 1 R 0
1136 25600 18126 780 18170 743 3578 1 0 0 0 0 0 0 0 0 1 1 R 0
1137 25620 18856 693 18912 633 4466 1 0 0 0 0 0 0 0 0 2 1 R 0
1138 25644 23318 595 22211 557 4708 1 0 4 0 0 0 0 0 0 2 1 R 0
1139 25664 19719 600 19760 559 3862 1 0 0 0 0 0 0 0 0 1 1 R 0
1140 25688 23091 734 23125 717 7046 1 0 0 0 0 0 0 0 0 1 1 R 0
1141 25711 22369 570 20900 538 3144 1 0 4 0 0 0 0 0 0 2 1 R 0
1142 25733 21898 592 21478 565 3761 1 0 1 0 0 0 0 0 0 2 1 R 0
1143 25755 20985 1078 19938 1063 5414 1 0 1 0 0 0 0 0 0 1 1 R 0
1144 25778 22136 746 21224 697 3947 1 0 4 0 0 0 0 0 0 1 1 R 0
1145 25798 18841 686 18878 657 3083 1 0 0 0 0 0 0 0 0 2 1 R 0
1146 25817 18469 844 18518 794 3406 1 0 0 0 0 0 0 0 0 2 1 R 0
1147 25839 20831 683 20869 644 4211 1 0 0 0 0 0 0 0 0 2 1 R 0
1148 25861 22060 596 20818 565 3836 1 0 4 0 0 0 0 0 0 1 1 R 0
1149 25882 20529 599 20566 555 4403 1 0 0 0 0 0 0 0 0 1 1 R 0
1150 25901 17541 888 17718 711 3798 1 0 0 0 0 0 0 0 0 2 1 R 0
1151 25924 22164 725 21116 682 4841 1 0 4 0 0 0 0 0 0 2 1 R 0
1152 25947 22290 581 21222 550 3227 1 0 1 0 0 0 0 0 0 2 1 R 0
1153 25967 19888 892 19950 852 3877 1 0 0 0 0 0 0 0 0 1 1 R 0
1154 25990 22365 727 21323 703 4160 1 0 4 0 0 0 0 0 0 1 1 R 0
1155 26013 22144 994 22245 901 6677 1 0 0 0 0 0 0 0 0 2 1 R 0
1156 26033 18817 691 18848 645 3055 1 0 0 0 0 0 0 0 0 2 1 R 0
1157 26055 20835 737 20873 708 4134 1 0 0 0 0 0 0 0 0 1 1 R 0
1158 26078 23121 701 21424 657 4365 1 0 4 0 0 0 0 0 0 1 1 R 0
1159 26099 19922 780 19970 735 3778 1 0 0 0 0 0 0 0 0 1 1 R 0
1160 26118 17996 763 18036 727 3092 1 0 0 0 0 0 0 0 0 3 1 R 0
1161 26142 23134 604 22253 568 3648 1 0 4 0 0 0 0 0 0 0 1 R 0
1162 26163 21099 589 19870 557 3846 1 0 1 0 0 0 0 0 0 3 1 R 0
1163 26184 19917 579 19947 546 3943 1 0 0 0 0 0 0 0 0 1 1 R 0
1164 26207 22565 1255 21109 1234 4050 1 0 4 0 0 1 0 0 0 1 1 R 0
1165 26227 19029 695 19066 653 3305 1 0 0 0 0 0 0 0 0 2 1 R 0
1166 26253 24553 7205 20910 841 3215 1 0 3 0 0 0 0 0 0 2 1 R 0
1167 26293 33275 9118 21247 2834 12273 1 0 7 0 1 0 0 1 1 1 1 R 1
1168 26322 19273 1074 18890 1046 3051 1 1 0 0 0 0 0 0 0 2 1 R 0
1169 26349 26276 796 23771 770 5568 1 0 5 0 0 0 0 0 0 2 1 R 0
1170 26373 23449 647 23476 614 7982 1 0 0 0 0 0 0 0 0 1 1 R 0
1171 26393 19730 584 19763 551 3868 1 0 0 0 0 0 0 0 0 1 1 R 0
1172 26417 23304 713 22217 629 3269 1 0 4 0 0 0 0 0 0 1 1 R 0
1173 26436 18397 665 18465 608 3268 1 0 0 0 0 0 0 0 0 3 1 R 0
1174 26457 19937 792 19973 758 3252 1 0 0 0 0 0 0 0 0 1 1 R 0
1175 26480 22110 592 21371 559 3798 1 0 4 0 0 0 0 0 0 1 1 R 0
1176 26501 20070 719 20117 671 4549 1 0 0 0 0 0 0 0 0 2 1 R 0
1177 26520 18338 808 18398 748 3595 1 0 0 0 0 0 0 0 0 1 1 R 0
1178 26538 17689 1393 17741 1362 3640 1 0 0 0 0 0 0 0 0 2 1 R 0
1179 26564 24713 599 22200 561 7741 1 0 5 0 0 0 0 0 0 1 1 R 0
1180 26585 19696 599 19730 566 3946 1 0 0 0 0 0 0 0 0 1 1 R 0
1181 26605 20154 1036 20230 981 3866 1 0 0 0 0 0 0 0 0 3 1 R 0
1182 26628 21161 820 20166 780 3092 1 0 4 0 0 0 0 0 0 1 1 R 0
1183 26647 19010 695 19041 652 3122 1 0 0 0 0 0 0 0 0 2 1 R 0
1184 26667 18764 639 18790 608 3104 1 0 0 0 0 0 0 0 0 1 1 R 0
1185 26694 26463 594 25774 560 8781 1 0 4 0 0 0 0 0 0 2 1 R 0
1186 26715 20225 583 20258 549 3992 1 0 0 0 0 0 0 0 0 1 1 R 0
1187 26733 17970 668 18022 614 3163 1 0 0 0 0 0 0 0 0 2 1 R 0
1188 26755 20673 3701 19781 2540 3972 1 0 1 0 2 0 0 0 0 2 1 R 0
1189 26781 22246 601 20719 560 5187 1 0 3 0 0 0 0 0 0 1 1 R 0
1190 26801 19538 784 19586 755 4516 1 0 0 0 0 0 0 0 0 1 1 R 0
1191 26823 21163 719 21212 669 5124 1 0 0 0 0 0 0 0 0 2 1 R 0
1192 26844 20524 670 19641 643 5079 1 0 4 0 0 0 0 0 0 2 1 R 0
1193 26864 19406 673 19437 628 3084 1 0 0 0 0 0 0 0 0 2 1 R 0
1194 26885 20697 933 20723 915 4030 1 0 0 0 0 0 0 0 0 2 1 R 0
1195 26908 21802 589 20058 555 4092 1 0 4 0 0 0 0 0 0 1 1 R 0
1196 26927 18353 692 18421 631 3213 1 0 0 0 0 0 0 0 0 2 1 R 0
1197 26947 19062 2860 19122 1316 3786 1 0 0 0 1 0 0 0 0 1 1 R 0
1198 26971 21564 730 20570 718 3088 1 0 4 0 0 0 0 0 0 2 1 R 0
1199 26992 19970 600 19990 565 4298 1 0 0 0 0 0 0 0 0 1 1 R 0
1200 27017 24202 728 24243 697 8023 1 0 0 0 0 0 0 0 0 2 1 R 0
1201 27035 17371 2732 17415 1888 3233 1 0 0 0 2 0 0 0 0 1 1 R 0
1202 27058 20501 703 19095 654 3477 1 0 2 0 0 0 0 0 0 2 1 R 0
1203 27080 20994 577 21030 539 3812 1 0 0 0 0 0 0 0 0 1 1 R 0
1204 27100 19675 575 19704 546 4550 1 0 0 0 0 0 0 0 0 1 1 R 0
1205 27124 23006 720 22066 680 5192 1 0 4 0 0 1 0 0 0 3 1 R 0
1206 27142 17686 1046 17758 984 3278 1 0 0 0 0 0 0 0 0 2 1 R 0
1207 27164 21232 712 20239 666 6221 1 0 1 0 0 0 0 0 0 2 1 R 0
1208 27188 23226 721 21650 694 4214 1 0 4 0 0 0 0 0 0 1 1 R 0
1209 27209 20020 825 20084 748 3817 1 0 0 0 0 0 0 0 0 0 1 R 0
1210 27230 20626 879 20692 825 4750 1 0 0 0 0 0 0 0 0 3 1 R 0
1211 27253 21328 702 20056 660 3657 1 0 4 0 0 0 0 0 0 2 1 R 0
1212 27273 19523 715 19580 663 3144 1 0 0 0 0 0 0 0 0 1 1 R 0
1213 27294 20298 585 20323 548 3833 1 0 0 0 0 0 0 0 0 1 1 R 0
1214 27315 20054 586 20089 552 3947 1 0 0 0 0 0 0 0 0 1 1 R 0
1215 27340 24767 590 23466 554 6726 1 0 4 0 0 0 0 0 0 1 1 R 0
1216 27360 19648 711 18680 671 3198 1 0 1 0 0 0 0 0 0 2 1 R 0
1217 27380 19413 901 19510 802 3884 1 0 0 0 0 0 0 0 0 2 1 R 0
1218 27407 25819 801 24688 769 6784 1 0 4 0 0 0 0 0 0 3 1 R 0
1219 27429 20866 824 20897 780 3170 1 0 0 0 0 0 0 0 0 2 1 R 0
1220 27448 18390 731 18442 675 3075 1 0 0 0 0 0 0 0 0 1 1 R 0
1221 27471 22887 844 21634 814 3818 1 0 4 0 0 0 0 0 0 3 1 R 0
1222 27492 19209 584 19212 551 3937 1 0 0 0 0 0 0 0 0 0 1 R 0
1223 27512 20301 708 20395 621 4295 1 0 0 0 0 0 0 0 0 1 1 R 0
1224 27535 21698 597 20386 565 4444 1 0 4 0 0 0 0 0 0 2 1 R 0
1225 27557 21372 727 19906 660 3493 1 0 1 0 0 0 0 0 0 1 1 R 0
1226 27576 18878 678 18920 648 3067 1 0 0 0 0 0 0 0 0 3 1 R 0
1227 27600 22433 575 21656 546 4090 1 0 4 0 0 0 0 0 0 1 1 R 0
1228 27620 20131 594 20168 561 4492 1 0 0 0 0 0 0 0 0 1 1 R 0
1229 27640 19094 721 19160 658 3698 1 0 0 0 0 0 0 0 0 2 1 R 0
1230 27663 22465 877 22503 834 6628 1 0 0 0 0 0 0 0 0 2 1 R 0
1231 27685 20710 712 19789 673 5095 1 0 4 0 0 0 0 0 0 2 1 R 0
1232 27706 20664 562 20680 540 4081 1 0 0 0 0 0 0 0 0 0 1 R 0
1233 27729 22785 591 22453 559 3851 1 0 1 0 0 0 0 0 0 3 1 R 0
1234 27752 22073 632 20922 600 3350 1 0 4 0 0 0 0 0 0 1 1 R 0
1235 27774 21684 602 20500 564 3799 1 0 1 0 0 0 0 0 0 1 1 R 0
1236 27795 20064 984 20095 963 3896 1 0 0 0 0 0 0 0 0 2 1 R 0
1237 27818 22139 994 20738 955 3879 1 0 4 0 0 0 0 0 0 1 1 R 0
1238 27839 19708 591 19740 561 4020 1 0 0 0 0 0 0 0 0 1 1 R 0
1239 27858 18813 777 18858 733 3202 1 0 0 0 0 0 0 0 0 2 1 R 0
1240 27882 23000 886 21735 842 3746 1 0 4 0 0 0 0 0 0 2 1 R 0
1241 27902 19480 591 19494 555 4473 1 0 0 0 0 0 0 0 0 1 1 R 0
1242 27923 20294 589 20326 555 4518 1 0 0 0 0 0 0 0 0 1 1 R 0
1243 27944 19974 716 20007 688 3840 1 0 0 0 0 0 0 0 0 2 1 R 0
1244 27968 23300 759 20835 698 4512 1 0 5 0 0 0 0 0 0 2 1 R 0
1245 27991 22187 642 22218 602 6498 1 0 0 0 0 0 0 0 0 1 1 R 0
1246 28012 20166 609 20219 559 4367 1 0 0 0 0 0 0 0 0 1 1 R 0
1247 28034 21430 600 20404 566 6069 1 0 4 0 0 0 0 0 0 1 1 R 0
1248 28052 18060 763 18151 675 3550 1 0 0 0 0 0 0 0 0 2 1 R 0
1249 28109 56110 828 24131 770 4265 1 5 0 0 0 96 0 0 0 2 1 R 0
1250 28141 31218 736 20998 669 4722 1 1 0 0 0 18 0 0 0 1 1 R 0
1251 28168 25488 750 23148 665 5085 1 0 5 0 0 7 0 0 0 2 1 R 0
1252 28187 19206 791 19298 710 3213 1 0 0 0 0 0 0 0 0 2 1 R 0
1253 28208 19263 795 19317 728 3107 1 0 0 0 0 0 0 0 0 1 1 R 0
1254 28231 22977 600 22054 564 3886 1 0 4 0 0 0 0 0 0 1 1 R 0
1255 28251 19252 769 19336 689 4280 1 0 0 0 0 0 0 0 0 2 1 R 0
1256 28270 17837 702 17883 648 3847 1 0 0 0 0 0 0 0 0 2 1 R 0
1257 28292 21743 600 21783 562 5428 1 0 0 0 0 0 0 0 0 1 1 R 0
1258 28324 31694 941 23156 865 9003 1 0 7 0 0 0 0 0 0 2 1 R 0
1259 28344 18915 717 18959 672 3845 1 0 0 0 0 0 0 0 0 1 1 R 0
1260 28393 48411 645 23081 628 33731 1 2 3 0 1 0 0 0 0 2 0 R 1
1261 28410 16353 568 14552 516 2090 1 0 0 0 0 0 0 0 0 0 1 R 0
1262 28445 33776 7262 29448 724 19036 1 0 5 0 1 0 0 0 0 4 0 R 1
1263 28473 21116 682 17684 662 5389 1 0 3 0 1 0 0 0 0 0 0 R 0
1264 28499 25559 805 16480 768 2413 1 0 2 0 0 0 0 1 1 0 0 R 1
1265 28524 23403 590 20609 554 7682 1 1 5 0 0 0 0 0 0 2 1 R 0
1266 28545 20350 1778 20387 1757 3936 1 0 0 0 0 1 0 0 0 1 1 R 0
1267 28567 20700 674 19709 628 3313 1 0 1 0 0 0 0 0 0 2 1 R 0
1268 28591 23061 845 22011 802 3406 1 0 4 0 0 0 0 0 0 2 1 R 0
1269 28611 19524 599 19555 563 3735 1 0 0 0 0 0 0 0 0 1 1 R 0
1270 28632 20135 669 20167 642 4456 1 0 0 0 0 0 0 0 0 1 1 R 0
1271 28654 21359 603 20189 563 4396 1 0 4 0 0 0 0 0 0 1 1 R 0
1272 28673 18596 727 18655 683 3323 1 0 0 0 0 0 0 0 0 2 1 R 0
1273 28694 20379 729 20118 673 3912 1 0 1 0 0 0 0 0 0 2 1 R 0
1274 28715 20245 1123 20277 1106 3698 1 0 0 0 2 0 0 0 0 2 1 R 0
1275 28741 25106 627 23610 588 9590 1 0 2 0 0 0 0 0 0 1 1 R 0
1276 28767 25349 1167 24038 530 4478 1 0 2 0 0 0 0 0 0 2 1 R 0
1277 28789 20647 824 18842 798 3282 1 0 4 0 0 0 0 0 0 2 1 R 0
1278 28810 20134 706 20180 663 4627 1 0 0 0 0 0 0 0 0 1 1 R 0
1279 28832 20610 685 20657 630 4753 1 0 0 0 0 0 0 0 0 2 1 R 0
1280 28852 20181 593 20213 558 4571 1 0 0 0 0 0 0 0 0 1 1 R 0
1281 28874 20554 705 19611 659 5748 1 0 4 0 0 0 0 0 0 2 1 R 0
1282 28893 18741 696 18788 660 3208 1 0 0 0 0 0 0 0 0 2 1 R 0
1283 28913 19242 696 19281 654 3655 1 0 0 0 0 0 0 0 0 1 1 R 0
1284 28937 23785 921 22191 845 4041 1 0 4 0 0 0 0 0 0 2 1 R 0
1285 28959 20909 594 20944 558 3848 1 0 0 0 0 0 0 0 0 1 1 R 0
1286 28980 19775 677 18508 633 3611 1 0 1 0 0 0 0 0 0 2 1 R 0
1287 29003 22651 771 21280 704 4130 1 0 4 0 0 0 0 0 0 2 1 R 0
1288 29024 20083 594 20117 556 3863 1 0 0 0 0 0 0 0 0 2 1 R 0
1289 29044 19971 579 20006 544 3800 1 0 0 0 0 0 0 0 0 1 1 R 0
1290 29070 25199 607 24397 584 7034 1 0 4 0 0 0 0 0 0 1 1 R 0
1291 29089 18741 682 18803 615 3659 1 0 0 0 0 0 0 0 0 2 1 R 0
1292 29109 18694 884 18757 827 3585 1 0 0 0 0 0 0 0 0 1 1 R 0
1293 29130 20301 589 20324 559 4445 1 0 0 0 0 0 0 0 0 1 1 R 0
1294 29153 22317 705 21097 656 6574 1 0 4 0 0 0 0 0 0 3 1 R 0
1295 29177 23530 644 22511 603 3778 1 0 1 0 0 0 0 0 0 1 1 R 0
1296 29195 16937 1608 16987 1599 3212 1 0 0 0 0 0 0 0 0 2 1 R 0
1297 29221 24444 605 23535 582 4983 1 0 4 0 0 0 0 0 0 1 1 R 0
1298 29242 20424 591 20448 556 4400 1 0 0 0 0 1 0 0 0 1 1 R 0
1299 29262 19372 583 19405 549 4355 1 0 0 0 0 0 0 0 0 1 1 R 0
1300 29283 20516 707 19410 655 3786 1 0 4 0 0 0 0 0 0 2 1 R 0
1301 29301 17858 1170 17921 1090 3551 1 0 0 0 0 0 0 0 0 2 1 R 0
1302 29322 18927 900 18995 855 4895 1 0 0 0 0 0 0 0 0 2 1 R 0
1303 29344 21172 586 21189 550 5623 1 0 0 0 0 0 0 0 0 1 1 R 0
1304 29368 24175 585 22280 547 6099 1 0 5 0 0 0 0 0 0 2 1 R 0
1305 29391 22391 585 22425 550 6556 1 0 0 0 0 0 0 0 0 2 1 R 0
1306 29410 18197 716 18243 671 3652 1 0 0 0 0 0 0 0 0 1 1 R 0
1307 29433 22531 595 21446 555 6938 1 0 4 0 0 0 0 0 0 2 1 R 0
1308 29454 20323 593 20359 563 4111 1 0 0 0 0 0 0 0 0 1 1 R 0
1309 29474 19498 569 19528 535 3254 1 0 0 0 0 0 0 0 0 2 1 R 0
1310 29497 22377 686 21358 607 3469 1 0 4 0 0 0 0 0 0 1 1 R 0
1311 29516 18216 708 18264 669 3141 1 0 0 0 0 0 0 0 0 2 1 R 0
1312 29535 18316 1394 18360 1375 3597 1 0 0 0 0 0 0 0 0 1 1 R 0
1313 29558 21435 1741 21016 869 3830 1 0 2 0 2 0 0 0 0 2 1 R 0
1314 29581 21409 614 20260 588 5755 1 0 1 0 0 0 0 0 0 1 1 R 0
1315 29600 18093 717 18161 647 3690 1 0 0 0 0 0 0 0 0 2 1 R 0
1316 29620 19361 815 19439 744 4907 1 0 0 0 0 0 0 0 0 2 1 R 0
1317 29644 22769 597 21760 561 7078 1 0 4 0 0 0 0 0 0 1 1 R 0
1318 29665 20332 612 20363 588 4007 1 0 0 0 0 0 0 0 0 2 1 R 0
1319 29684 18945 964 19035 869 3827 1 0 0 0 0 0 0 0 0 1 1 R 0
1320 29711 26015 588 24904 554 6760 1 0 4 0 0 0 0 0 0 2 1 R 0
1321 29732 20373 785 19577 696 3689 1 0 1 0 0 0 0 0 0 2 1 R 0
1322 29753 20576 594 20601 559 4628 1 0 0 0 0 0 0 0 0 1 1 R 0
1323 29779 25294 593 22329 555 3876 1 0 5 0 0 0 0 0 0 1 1 R 0
1324 29799 18800 794 18863 732 3177 1 0 0 0 0 0 0 0 0 2 1 R 0
1325 29818 18943 703 19000 639 3832 1 0 0 0 0 0 0 0 0 2 1 R 0
1326 29842 22545 770 20848 733 3342 1 0 4 0 0 0 0 0 0 2 1 R 0
1327 29862 19918 625 19951 575 4388 1 0 0 0 0 0 0 0 0 1 1 R 0
1328 29883 19658 581 19693 549 4009 1 0 0 0 0 0 0 0 0 1 1 R 0
1329 29901 17873 728 17944 656 3752 1 0 0 0 0 0 0 0 0 2 1 R 0
1330 29924 21737 746 20864 701 6347 1 0 4 0 0 0 0 0 0 2 1 R 0
1331 29945 20436 589 20463 556 3743 1 0 0 0 0 0 0 0 0 1 1 R 0
1332 29965 19722 987 19755 966 3964 1 0 0 0 0 0 0 0 0 1 1 R 0
1333 29989 23209 598 20622 565 3483 1 0 5 0 0 0 0 0 0 1 1 R 0
1334 30009 19442 853 19549 750 3246 1 0 0 0 0 0 0 0 0 3 1 R 0
1335 30032 21716 863 21766 812 6407 1 0 0 0 0 0 0 0 0 2 1 R 0
1336 30055 21826 817 20798 794 4481 1 0 4 0 0 0 0 0 0 0 1 R 0
1337 30075 19721 1106 19790 1057 3843 1 0 0 0 0 0 0 0 0 1 1 R 0
1338 30095 18448 1160 18465 1121 3683 1 0 0 0 0 0 0 0 0 2 1 R 0
1339 30113 17248 736 17304 664 3396 1 0 0 0 0 0 0 0 0 2 1 R 0
1340 30137 23348 782 21764 730 5131 1 0 4 0 0 0 0 0 0 2 1 R 0
1341 30158 19696 650 19802 549 3178 1 0 0 0 0 0 0 0 0 1 1 R 0
1342 30180 21956 578 20423 540 3913 1 0 1 0 0 0 0 0 0 1 1 R 0
1343 30202 21475 729 20489 659 3780 1 0 4 0 0 0 0 0 0 2 1 R 0
1344 30221 17663 718 17689 690 3024 1 0 0 0 0 0 0 0 0 2 1 R 0
1345 30244 22333 783 22367 743 6395 1 0 0 0 0 0 0 0 0 2 1 R 0
1346 30267 22831 598 21263 563 4024 1 0 4 0 0 0 0 0 0 1 1 R 0
1347 30295 27154 2498 21912 1289 4092 1 0 3 0 1 0 0 0 0 2 0 S 2
1348 30339 41206 2061 19984 700 6878 1 0 14 0 0 0 0 0 0 1 0 R 0
1349 30391 50230 745 25573 711 32187 1 2 6 0 1 0 0 0 0 2 0 R 0
1350 30423 31578 665 20842 648 9089 1 0 5 0 1 0 0 0 0 1 0 R 0
1351 30449 24928 7074 16707 789 2188 1 0 1 0 1 0 0 0 0 2 0 R 0
1352 30477 20379 583 18372 552 2353 1 0 4 0 0 0 0 0 0 0 1 R 0
1353 30496 19155 613 19189 575 3788 1 0 0 0 0 0 0 0 0 1 1 R 0
1354 30515 17794 686 17839 651 3065 1 0 0 0 0 0 0 0 0 2 1 R 0
1355 30534 19095 757 19145 693 4162 1 0 0 0 0 0 0 0 0 1 1 R 0
1356 30558 22832 697 20650 653 3839 1 0 4 0 0 0 0 0 0 3 1 R 0
1357 30580 21189 596 20118 558 3850 1 0 1 0 0 1 0 0 0 1 1 R 0
1358 30601 20048 571 20084 537 3967 1 0 0 0 0 0 0 0 0 1 1 R 0
1359 30622 21239 811 20213 764 4674 1 0 4 0 0 0 0 0 0 2 1 R 0
1360 30641 18023 743 18081 679 3507 1 0 0 0 0 0 0 0 0 2 1 R 0
1361 30663 21204 631 21230 593 5554 1 0 0 0 0 0 0 0 0 0 1 R 0
1362 30686 22539 703 21408 635 3982 1 0 4 0 0 0 0 0 0 3 1 R 0
1363 30707 20205 710 20239 680 3864 1 0 0 0 0 0 0 0 0 1 1 R 0
1364 30727 18844 658 18888 610 3172 1 0 0 0 0 0 0 0 0 2 1 R 0
1365 30752 24703 647 23718 606 6610 1 0 4 0 0 0 0 0 0 1 1 R 0
1366 30776 23347 555 21964 525 4409 1 0 2 0 0 0 0 0 0 1 1 R 0
1367 30796 19469 569 19501 544 3859 1 0 0 0 0 0 0 0 0 1 1 R 0
1368 30815 17854 780 17939 715 3090 1 0 0 0 0 0 0 0 0 2 1 R 0
1369 30839 23802 1216 22133 1195 3845 1 0 4 0 0 1 0 0 0 2 1 R 0
1370 30861 20487 585 20507 551 4322 1 0 0 0 0 0 0 0 0 1 1 R 0
1371 30881 19397 593 19431 558 4292 1 0 0 0 0 0 0 0 0 1 1 R 0
1372 30904 22931 889 21814 869 7014 1 0 4 0 0 0 0 0 0 2 1 R 0
1373 30923 18021 701 18052 662 3243 1 0 0 0 0 0 0 0 0 1 1 R 0
1374 30943 19410 757 19448 712 3679 1 0 0 0 0 0 0 0 0 2 1 R 0
1375 30968 23445 584 21925 548 3151 1 0 4 0 0 0 0 0 0 2 1 R 0
1376 30989 20879 638 19827 606 5958 1 0 1 0 0 0 0 0 0 1 1 R 0
1377 31010 20269 587 20304 556 3517 1 0 0 0 0 0 0 0 0 2 1 R 0
1378 31032 21315 681 19992 631 3600 1 0 4 0 0 0 0 0 0 1 1 R 0
1379 31052 19504 711 19544 666 3304 1 0 0 0 0 0 0 0 0 2 1 R 0
1380 31078 24703 585 24732 554 8358 1 0 0 0 0 0 0 0 0 2 1 R 0
1381 31100 22298 601 21122 567 3871 1 0 4 0 0 0 0 0 0 1 1 R 0
1382 31120 19020 695 19090 625 4086 1 0 0 0 0 0 0 0 0 2 1 R 0
1383 31140 18968 658 19017 616 3669 1 0 0 0 0 0 0 0 0 2 1 R 0
1384 31159 18927 698 18981 654 3621 1 0 0 0 0 0 0 0 0 1 1 R 0
1385 31184 23868 602 20633 569 4127 1 0 5 0 0 0 0 0 0 2 1 R 0
1386 31204 19768 748 19815 710 4144 1 0 0 0 0 0 0 0 0 1 1 R 0
1387 31223 18118 703 18176 646 3229 1 0 0 0 0 0 0 0 0 2 1 R 0
1388 31245 21413 1682 20336 1632 3186 1 0 4 0 0 0 0 0 0 1 1 R 0
1389 31265 17897 1311 17939 1297 3126 1 0 0 0 0 0 0 0 0 2 1 R 0
1390 31287 20423 574 20406 541 4098 1 0 0 0 0 0 0 0 0 1 1 R 0
1391 31318 30876 581 23687 541 3821 1 0 5 0 0 1 0 0 0 2 1 R 0
1392 31337 18662 764 18705 730 3582 1 0 0 0 0 0 0 0 0 1 1 R 0
1393 31373 34950 563 22590 535 3763 1 0 8 0 0 0 0 0 0 1 1 R 0
1394 31415 41694 11441 27957 2814 11963 1 0 8 0 1 0 0 1 1 4 1 R 1
1395 31457 30666 584 26433 554 7141 1 1 5 0 0 0 0 0 0 2 1 R 0
1396 31495 37397 4415 23972 1921 13708 1 0 9 0 1 0 0 1 1 1 1 R 1
1397 31540 40018 638 25208 595 8399 1 1 6 0 0 0 0 0 0 2 1 R 0
1398 31558 17888 753 17934 706 3085 1 0 0 0 0 0 0 0 0 1 1 R 0
1399 31603 43849 701 18837 677 31050 1 2 6 0 1 0 0 0 0 3 1 R 0
1400 31627 23527 1659 21111 956 3154 1 0 2 0 1 0 0 0 0 1 1 R 0
1401 31649 19785 585 19432 534 3547 1 0 1 0 0 0 0 0 0 1 1 R 0
1402 31729 80305 898 34695 897 55153 1 2 8 0 1 0 0 0 0 4 0 R 0
1403 31795 64218 4189 37548 2052 13918 1 0 17 0 1 0 0 0 0 2 0 R 0
1404 31849 49971 1349 32228 1317 19476 1 0 8 0 1 0 0 0 0 2 0 R 0
1405 31901 51182 1532 31794 1485 13942 1 0 5 0 1 0 0 0 0 1 0 R 0
1406 31955 51872 4698 31950 1928 7476 1 0 6 0 1 0 0 0 0 2 0 R 0
1407 32018 58422 7051 34308 934 9907 1 0 11 0 1 0 0 0 1 3 0 R 2
1408 32067 42455 1281 28307 1365 13096 1 1 4 0 1 0 0 1 1 2 1 R 1
1409 32102 33865 2885 24438 1207 4368 1 1 7 0 1 0 0 0 0 1 1 R 0
1410 32138 32501 1195 20646 1171 17915 1 0 1 0 0 0 0 0 0 2 1 R 0
1411 32157 18316 664 18356 621 3673 1 0 0 0 0 0 0 0 0 1 1 R 0
1412 32230 72046 1284 28678 1228 46740 1 2 7 0 1 0 0 0 0 2 0 R 0
1413 32271 39556 642 23803 622 13086 1 0 11 0 1 0 0 0 0 1 0 R 0
1414 32294 22297 896 20068 841 3886 1 0 1 0 0 0 0 0 0 2 1 R 0
1415 32325 30818 3544 27813 564 3817 1 0 5 0 0 0 0 0 0 2 1 R 0
1416 32377 47635 4198 32634 1689 13464 1 0 10 0 1 0 0 1 1 1 1 R 1
1417 32449 68487 599 31461 569 10706 1 1 15 0 0 0 0 0 0 3 1 R 0
1418 32491 40621 651 22039 620 3540 1 0 3 0 0 0 0 0 0 2 1 R 0
1419 32522 30393 1116 19607 1049 15350 1 0 2 0 1 0 0 1 1 1 1 R 1
1420 32565 42662 5992 22930 2744 3601 1 1 3 0 1 0 0 1 1 3 1 R 1
1421 32614 42373 1099 23601 1070 3036 1 1 8 0 1 0 0 1 1 1 1 R 1
1422 32662 46642 825 25817 801 8024 1 1 6 0 0 0 0 0 0 3 1 R 0
1423 32684 21574 1002 20640 970 6080 1 0 4 0 0 0 0 0 0 1 1 R 0
1424 32763 77844 1207 37831 1171 43756 1 2 11 0 1 0 0 0 0 2 0 R 1
1425 32827 63496 5420 37451 1547 20655 1 0 17 0 1 0 0 0 0 2 0 R 1
1426 32913 80097 4053 31530 1446 14269 1 0 21 0 1 0 0 0 0 2 0 R 1
1427 33021 104279 7054 30134 1171 17407 1 0 20 0 0 0 0 0 0 2 0 R 2
1428 33077 48616 9216 27367 1557 12991 1 0 9 0 1 0 0 0 0 1 0 R 0
1429 33129 42932 976 21998 963 12511 1 0 7 0 0 0 0 0 0 1 0 R 0
1430 33223 92883 738 32260 714 24339 1 0 18 0 1 0 0 0 0 2 0 R 0
1431 33270 46269 760 22206 710 10406 1 0 9 0 0 0 0 0 0 2 1 R 0
1432 33289 18739 743 18787 701 3770 1 0 0 0 0 0 0 0 0 1 1 R 0
1433 33367 76266 2594 23822 807 53557 1 2 6 0 1 0 0 0 0 2 0 R 0
1434 33408 39320 4061 25619 1974 3525 1 0 6 0 1 0 0 0 0 1 0 R 0
1435 33440 28007 589 23230 548 7331 1 0 3 0 0 0 0 0 0 2 1 R 1
1436 33464 23394 718 22333 657 4520 1 0 4 0 0 0 0 0 0 1 1 R 0
1437 33485 19923 1435 19973 1393 3900 1 0 0 0 0 0 0 0 0 2 1 R 0
1438 33508 21133 695 21166 656 3748 1 0 0 0 0 0 0 0 0 2 1 R 0
1439 33532 23647 599 22411 566 3817 1 0 4 0 0 0 0 0 0 2 1 R 0
1440 33561 28731 993 28793 932 9866 1 0 0 0 1 0 0 0 0 1 1 R 0
1441 33589 26960 723 19970 695 3275 1 0 2 0 0 0 0 0 0 1 1 R 0
1442 33614 23582 596 20551 572 9234 1 0 5 0 0 0 0 0 0 2 1 R 0
1443 33691 77110 571 28127 546 35644 1 2 11 0 0 0 0 0 0 3 1 R 2
1444 33733 41211 2178 25027 693 8866 1 0 11 0 0 0 0 0 0 3 1 R 1
1445 33805 69626 11948 43908 2880 12191 1 0 13 0 1 0 0 1 1 3 1 R 1
1446 33855 38447 1748 25004 1996 12196 1 1 8 0 1 0 0 1 1 1 1 R 1
1447 33905 47708 12639 25309 999 13932 1 1 12 0 0 0 0 0 0 2 1 R 1
1448 33959 41472 1232 24223 1207 3447 1 0 5 0 1 0 0 1 1 2 1 R 2
1449 34009 48572 901 23820 878 3148 1 1 4 0 1 0 0 0 0 2 1 R 1
1450 34070 60365 1148 28676 1143 15165 1 0 11 0 1 0 0 1 1 3 1 R 2
1451 34122 50409 749 22754 724 6562 1 1 9 0 0 0 0 0 0 3 1 R 0
1452 34162 40182 2282 20466 758 16730 1 0 3 0 0 0 0 0 0 2 1 R 0
1453 34211 46279 5960 23467 759 6755 1 0 12 0 0 0 0 0 0 2 1 R 1
1454 34255 38096 2972 21647 1373 3243 1 0 8 0 1 0 0 0 0 2 1 R 1
1455 34310 52170 7060 32998 3167 15520 1 0 8 0 1 0 0 1 1 2 1 R 2
1456 34359 42208 2035 21724 751 3838 1 1 4 0 0 0 0 0 0 2 1 R 1
1457 34412 50617 1970 36355 1936 5408 1 0 4 0 1 0 0 1 1 2 1 R 1
1458 34489 74859 719 30388 701 12810 1 1 13 0 0 0 0 0 0 2 0 R 0
1459 34530 40714 977 21521 968 6453 1 0 11 0 1 0 0 1 1 1 1 R 2
1460 34578 47052 983 24603 939 10983 1 1 7 0 1 0 0 0 0 2 1 R 2
1461 34612 32784 7075 18094 2251 17280 1 0 6 0 1 0 0 1 1 2 1 R 1
1462 34665 45283 1859 25937 1218 9483 1 1 12 0 1 0 0 1 1 2 1 R 1
1463 34705 38423 6474 20226 2611 11099 1 1 4 0 1 0 0 1 1 2 1 R 1
1464 34782 70863 5539 26500 894 19150 1 1 22 0 0 0 0 0 0 2 1 R 1
1465 34860 71893 3011 39142 1102 3332 1 0 8 0 1 0 0 1 1 3 1 R 1
1466 34890 27225 611 23244 576 4193 1 1 5 0 0 0 0 0 0 1 1 R 0
1467 34909 18750 780 18829 702 4003 1 0 0 0 0 0 0 0 0 2 1 R 0
1468 34930 19956 868 19507 806 4498 1 0 1 0 0 0 0 0 0 2 1 R 0
1469 34953 22478 733 21145 677 5012 1 0 4 0 0 0 0 0 0 2 1 R 0
1470 34979 25013 678 25045 651 7586 1 0 0 0 0 1 0 0 0 1 1 R 0
1471 35026 46789 873 36807 635 3840 1 0 6 0 0 0 0 0 0 2 1 R 0
1472 35048 20650 602 20676 571 3912 1 0 0 0 0 0 0 0 0 1 1 R 0
1473 35069 19933 757 19998 697 3701 1 0 0 0 0 0 0 0 0 2 1 R 0
1474 35092 23150 587 21549 560 4493 1 0 4 0 0 0 0 0 0 1 1 R 0
1475 35113 20418 594 20448 558 4645 1 0 0 0 0 0 0 0 0 2 1 R 0
1476 35133 19136 678 19181 645 3484 1 0 0 0 0 0 0 0 0 1 1 R 0
1477 35153 19612 792 19677 732 3442 1 0 0 0 0 0 0 0 0 2 1 R 0
1478 35179 24783 600 22726 565 3964 1 0 4 0 0 0 0 0 0 2 1 R 0
1479 35199 19810 575 19844 541 3811 1 0 0 0 0 1 0 0 0 1 1 R 0
1480 35222 21530 723 20455 702 5369 1 0 1 0 0 0 0 0 0 1 1 R 0
1481 35244 21539 591 20665 553 6290 1 0 4 0 0 0 0 0 0 2 1 R 0
1482 35265 20191 594 20228 559 3912 1 0 0 0 0 0 0 0 0 1 1 R 0
1483 35285 19373 589 19407 553 3828 1 0 0 0 0 0 0 0 0 2 1 R 0
1484 35308 22762 635 21212 602 4141 1 0 4 0 0 0 0 0 0 1 1 R 0
1485 35331 22314 584 22344 557 6830 1 0 0 0 0 0 0 0 0 1 1 R 0
1486 35351 19033 708 19078 663 3789 1 0 0 0 0 0 0 0 0 2 1 R 0
1487 35373 22252 599 21081 568 4190 1 0 4 0 0 0 0 0 0 1 1 R 0
1488 35394 19774 587 19806 552 3968 1 0 0 0 0 0 0 0 0 1 1 R 0
1489 35417 22154 723 20692 690 3379 1 0 1 0 0 0 0 0 0 1 1 R 0
1490 35435 17276 809 17324 765 3299 1 0 0 0 0 0 0 0 0 2 1 R 0
1491 35458 22694 765 21501 719 3416 1 0 4 0 0 0 0 0 0 3 1 R 0
1492 35481 21927 590 20754 559 3896 1 0 1 0 0 0 0 0 0 1 1 R 0
1493 35501 19758 587 19790 553 4346 1 0 0 0 0 0 0 0 0 1 1 R 0
1494 35524 21793 603 20682 566 6018 1 0 4 0 0 0 0 0 0 2 1 R 0
1495 35542 18140 697 18189 650 3265 1 0 0 0 0 0 0 0 0 2 1 R 0
1496 35562 19057 705 19101 663 4371 1 0 0 0 0 0 0 0 0 1 1 R 0
1497 35587 24314 596 23364 562 5447 1 0 4 0 0 0 0 0 0 1 1 R 0
1498 35609 21566 821 20781 794 3951 1 0 1 0 0 0 0 0 0 1 1 R 0
1499 35628 18201 692 18235 648 3051 1 0 0 0 0 0 0 0 0 3 1 R 0
