impl  L       exact ideal565        R        G        B  Y/exact
mesa  tex    127.50   127.50   127.50   127.50   127.50    1.000
mesa  20      20.00    19.87    17.69    18.94    17.69    0.921
mesa  39      39.00    38.90    37.00    38.45    37.00    0.971
mesa  55      55.00    54.93    53.44    54.61    53.44    0.984
mesa  71      71.00    70.96    69.91    70.80    69.91    0.992
mesa  100    100.00    99.90    99.75   100.16    99.75    1.000
mesa  135    134.56   134.57   134.97   134.95   134.97    1.003
mesa  199    173.13   173.15   172.22   172.72   172.22    0.996
ours  tex    127.50   127.50   127.50   127.50   127.50    1.000
ours  20      20.00    19.87    12.50    18.06    12.50    0.788
ours  39      39.00    38.90    29.78    34.70    29.78    0.838
ours  55      55.00    54.93    46.47    50.64    46.47    0.889
ours  71      71.00    70.96    63.69    67.95    63.69    0.932
ours  100    100.00    99.90    98.19   100.47    98.19    0.995
ours  135    134.56   134.57   131.34   133.19   131.34    0.984
ours  199    173.13   173.15   171.47   172.78   171.47    0.995
