impl  L       exact ideal565        R        G        B  Y/exact
mesa  tex    127.50   127.50   127.50   127.50   127.50    1.000
mesa  16      16.00    15.89    13.28    15.00    13.28    0.893
mesa  32      32.00    31.95    29.78    31.33    29.78    0.959
mesa  48      48.00    47.93    46.22    47.61    46.22    0.980
mesa  64      64.00    63.89    62.66    63.67    62.66    0.988
mesa  96      96.00    95.95    95.62    96.17    95.62    0.999
mesa  128    128.00   127.98   128.28   128.45   128.28    1.003
mesa  255    191.00   190.97   189.19   190.23   189.19    0.994
ours  tex    127.50   127.50   127.50   127.50   127.50    1.000
ours  16      16.00    15.89    12.50    14.12    12.50    0.841
ours  32      32.00    31.95    29.78    30.56    29.78    0.945
ours  48      48.00    47.93    46.47    46.80    46.47    0.972
ours  64      64.00    63.89    63.69    63.67    63.69    0.995
ours  96      96.00    95.95    98.19    96.48    98.19    1.012
ours  128    128.00   127.98   131.34   129.45   131.34    1.017
ours  255    191.00   190.97   189.19   190.23   189.19    0.994
band  input-range   exact  mesa(R,G)   ours(R,G)   ours/mesa(Y)
 tex  x   0- 31    15.50   12.25  14.00   12.25  14.00   1.000
 tex  x  32- 63    47.50   45.25  46.62   45.25  46.62   1.000
 tex  x  64-127    95.50   94.50  95.00   94.50  95.00   1.000
 tex  x 128-255   191.50  193.38 192.34  193.38 192.34   1.000
  64  x   0- 31     7.78    4.00   6.00    4.00   6.00   1.000
  64  x  32- 63    23.84   20.50  22.00   20.50  22.00   1.000
  64  x  64-127    47.94   45.25  46.62   45.25  46.62   1.000
  64  x 128-255    96.13   96.56  97.03   98.62  97.03   1.009
 128  x   0- 31    15.56   12.25  14.00   12.25  14.00   1.000
 128  x  32- 63    47.69   45.25  46.62   45.25  46.62   1.000
 128  x  64-127    95.87   94.50  95.00   94.50  95.00   1.000
 128  x 128-255   192.24  194.94 194.25  201.06 196.25   1.019
