== arm s31fp pid 2157 lvdesk 254 uname #393 SMP Sat Sep 26 12:31:02 UTC 2026
audio_tid 2159
bounces0 3227
xruns0 232
up0 1984.85
S0 2157 (opentyrian) S 2152 2152 2152 0 -1 4194560 578 0 15 0 572 195 0 0 20 0 2 0 195559 5488640 457 4294967295 1761959936 1762389712 2636902784 0 0 0 0 8198 17600 1 0 0 17 0 0 0 0 0 0 1762391060 1762396240 1770590208 2636906150 2636906193 2636906193 2636906463 0
S0 2159 (opentyrian) R 2152 2152 2152 0 -1 4194368 9 0 0 0 1508 107 0 0 20 0 2 0 195688 5488640 457 4294967295 1761959936 1762389712 2636902784 0 0 0 234975239 8198 17600 0 0 0 -1 0 0 0 0 0 0 1762391060 1762396240 1770590208 2636906150 2636906193 2636906193 2636906463 0
S0 254 (lvdesk) S 1 254 254 0 -1 4194560 2903 157 47 0 4183 2483 12 17 20 0 1 0 1763 5271552 74 4294967295 65536 1038512 2639916208 0 0 0 0 4100 83555 1 0 0 17 0 0 0 0 0 0 1044192 1045680 21401600 2639916916 2639916932 2639916932 2639917036 0
up1 2000.18
S1 2157 (opentyrian) S 2152 2152 2152 0 -1 4194560 584 0 15 0 890 268 0 0 20 0 2 0 195559 5488640 457 4294967295 1761959936 1762389712 2636902784 0 0 0 0 8198 17600 1 0 0 17 1 0 0 0 0 0 1762391060 1762396240 1770590208 2636906150 2636906193 2636906193 2636906463 0
S1 2159 (opentyrian) R 2152 2152 2152 0 -1 4194368 11 0 0 0 2823 215 0 0 20 0 2 0 195688 5488640 457 4294967295 1761959936 1762389712 2636902784 0 0 0 234975239 8198 17600 0 0 0 -1 0 0 0 0 0 0 1762391060 1762396240 1770590208 2636906150 2636906193 2636906193 2636906463 0
S1 254 (lvdesk) R 1 254 254 0 -1 4194560 2910 157 47 0 4528 2587 12 17 20 0 1 0 1763 5271552 74 4294967295 65536 1038512 2639916208 0 0 0 0 4100 83555 0 0 0 17 0 0 0 0 0 0 1044192 1045680 21401600 2639916916 2639916932 2639916932 2639917036 0
xruns1 622
bounces1 3233
2157 3
2159 3
access: MMAP_INTERLEAVED
format: S16_LE
subformat: STD
channels: 2
rate: 44100 (44100/1)
period_size: 512
buffer_size: 8192
    940 
    313 overrun occurred
    313 ALSA lib pcm.c:8787:(snd_pcm_recover) [error.pcm] underrun
      1 xlite: UNIMPLEMENTED XSetExtensionErrorHandler() - returning 0 and carrying on
      1 xlite: UNIMPLEMENTED XReparentWindow() - returning 0 and carrying on
TYR_DONE
COLLECT_OK
