== arm s31fp-place pid 2220 lvdesk 254 uname #393 SMP Sat Sep 26 12:31:02 UTC 2026
audio_tid 2222
bounces0 3359
xruns0 248
up0 2051.76
S0 2220 (opentyrian) R 2215 2215 2215 0 -1 4194560 582 0 0 0 568 191 0 0 20 0 2 0 202228 5488640 452 4294967295 1762373632 1762803408 2642155456 0 0 0 0 8198 17600 0 0 0 17 1 0 0 0 0 0 1762804756 1762809936 1763913728 2642157222 2642157265 2642157265 2642157535 0
S0 2222 (opentyrian) R 2215 2215 2215 0 -1 4194368 9 0 0 0 1576 111 0 0 20 0 2 0 202349 5488640 452 4294967295 1762373632 1762803408 2642155456 0 0 0 234975239 8198 17600 0 0 0 -1 0 0 0 0 0 0 1762804756 1762809936 1763913728 2642157222 2642157265 2642157265 2642157535 0
S0 254 (lvdesk) S 1 254 254 0 -1 4194560 3297 157 47 0 5109 2806 12 17 20 0 1 0 1763 5271552 70 4294967295 65536 1038512 2639916208 0 0 0 0 4100 83555 1 0 0 17 1 0 0 0 0 0 1044192 1045680 21401600 2639916916 2639916932 2639916932 2639917036 0
up1 2067.15
S1 2220 (opentyrian) S 2215 2215 2215 0 -1 4194560 588 0 0 0 910 243 0 0 20 0 2 0 202228 5488640 452 4294967295 1762373632 1762803408 2642155456 0 0 0 0 8198 17600 1 0 0 17 1 0 0 0 0 0 1762804756 1762809936 1763913728 2642157222 2642157265 2642157265 2642157535 0
S1 2222 (opentyrian) R 2215 2215 2215 0 -1 4194368 9 0 0 0 2915 210 0 0 20 0 2 0 202349 5488640 452 4294967295 1762373632 1762803408 2642155456 0 0 0 234975239 8198 17600 0 0 0 -1 0 0 0 0 0 0 1762804756 1762809936 1763913728 2642157222 2642157265 2642157265 2642157535 0
S1 254 (lvdesk) S 1 254 254 0 -1 4194560 3303 157 47 0 5442 2932 12 17 20 0 1 0 1763 5271552 70 4294967295 65536 1038512 2639916208 0 0 0 0 4100 83555 1 0 0 17 1 0 0 0 0 0 1044192 1045680 21401600 2639916916 2639916932 2639916932 2639917036 0
xruns1 646
bounces1 3366
2220 2
2222 1
access: MMAP_INTERLEAVED
format: S16_LE
subformat: STD
channels: 2
rate: 44100 (44100/1)
period_size: 512
buffer_size: 8192
    982 
    327 overrun occurred
    327 ALSA lib pcm.c:8787:(snd_pcm_recover) [error.pcm] underrun
      1 xlite: UNIMPLEMENTED XSetExtensionErrorHandler() - returning 0 and carrying on
      1 xlite: UNIMPLEMENTED XReparentWindow() - returning 0 and carrying on
TYR_DONE
COLLECT_OK
