== arm stock pid 2094 lvdesk 254 uname #393 SMP Sat Sep 26 12:31:02 UTC 2026
audio_tid 2097
bounces0 3105
xruns0 280
up0 1918.23
S0 2094 (opentyrian) S 2089 2089 2089 0 -1 4194560 617 0 14 0 569 205 0 0 20 0 2 0 188895 5472256 448 4294967295 1762177024 1762606800 2641690528 0 0 0 0 8198 17600 1 0 0 17 0 0 0 0 0 0 1762608148 1762613328 1787936768 2641694407 2641694450 2641694450 2641694687 0
S0 2097 (opentyrian) R 2089 2089 2089 0 -1 4194368 18 0 0 0 1671 110 0 0 20 0 2 0 189003 5472256 448 4294967295 1762177024 1762606800 2641690528 0 0 0 234975239 8198 17600 0 0 0 -1 0 0 0 0 0 0 1762608148 1762613328 1787936768 2641694407 2641694450 2641694450 2641694687 0
S0 254 (lvdesk) R 1 254 254 0 -1 4194560 2507 157 47 0 3263 2165 12 17 20 0 1 0 1763 5271552 65 4294967295 65536 1038512 2639916208 0 0 0 0 4100 83555 0 0 0 17 0 0 0 0 0 0 1044192 1045680 21401600 2639916916 2639916932 2639916932 2639917036 0
up1 1933.51
S1 2094 (opentyrian) S 2089 2089 2089 0 -1 4194560 626 0 14 0 876 283 0 0 20 0 2 0 188895 5472256 448 4294967295 1762177024 1762606800 2641690528 0 0 0 0 8198 17600 1 0 0 17 0 0 0 0 0 0 1762608148 1762613328 1787936768 2641694407 2641694450 2641694450 2641694687 0
S1 2097 (opentyrian) R 2089 2089 2089 0 -1 4194368 18 0 0 0 3061 172 0 0 20 0 2 0 189003 5472256 448 4294967295 1762177024 1762606800 2641690528 0 0 0 234975239 8198 17600 0 0 0 -1 0 0 0 0 0 0 1762608148 1762613328 1787936768 2641694407 2641694450 2641694450 2641694687 0
S1 254 (lvdesk) S 1 254 254 0 -1 4194560 2514 157 47 0 3626 2251 12 17 20 0 1 0 1763 5271552 65 4294967295 65536 1038512 2639916208 0 0 0 0 4100 83555 1 0 0 17 1 0 0 0 0 0 1044192 1045680 21401600 2639916916 2639916932 2639916932 2639917036 0
xruns1 498
bounces1 3115
2094 3
2097 3
access: MMAP_INTERLEAVED
format: S16_LE
subformat: STD
channels: 2
rate: 44100 (44100/1)
period_size: 512
buffer_size: 8192
    754 
    251 overrun occurred
    251 ALSA lib pcm.c:8787:(snd_pcm_recover) [error.pcm] underrun
      1 xlite: UNIMPLEMENTED XSetExtensionErrorHandler() - returning 0 and carrying on
      1 xlite: UNIMPLEMENTED XReparentWindow() - returning 0 and carrying on
TYR_DONE
COLLECT_OK
