# swapstamp frames 1500 skip 300 peer 470
# f t_ms gap_us swap_us crend_us cswap_us clr_us nclr vcs_r ivcs_r vcs_s ivcs_s minf majf cpu0 cpu1 pticks pcpu pstate ctr
0 0 21560 584 21581 552 8266 1 0 0 0 0 0 0 0 0 0 1 R 0
1 21 21241 976 20101 950 4748 1 0 4 0 0 0 0 0 0 2 1 R 0
2 41 19160 1028 19186 1007 3179 1 0 0 0 0 0 0 0 0 1 1 R 0
3 61 18395 1115 18445 1066 3120 1 0 0 0 0 0 0 0 0 1 1 R 0
4 84 21706 592 20298 554 3343 1 0 4 0 0 0 0 0 0 2 1 R 0
5 104 19663 583 19691 552 4105 1 0 0 0 0 0 0 0 0 1 1 R 0
6 124 19638 630 19669 601 3564 1 0 0 0 0 0 0 0 0 1 1 R 0
7 147 21905 632 21218 582 3753 1 0 4 0 0 0 0 0 0 2 1 R 0
8 168 20790 588 19735 557 5777 1 0 1 0 0 0 0 0 0 1 1 R 0
9 189 19826 581 19858 547 4322 1 0 0 0 0 0 0 0 0 1 1 R 0
10 208 19115 586 19149 549 4257 1 0 0 0 0 0 0 0 0 1 1 R 0
11 230 21205 667 20112 622 6130 1 0 4 0 0 0 0 0 0 2 1 R 0
12 250 18998 590 19031 560 3873 1 0 0 0 0 0 0 0 0 1 1 R 0
13 269 18759 1175 18822 1118 3836 1 0 0 0 0 0 0 0 0 2 1 R 0
14 292 22215 623 21145 590 3838 1 0 4 0 0 0 0 0 0 1 1 R 0
15 316 22771 585 22807 556 7886 1 0 0 0 0 0 0 0 0 1 1 R 0
16 335 18208 726 18252 684 3844 1 0 0 0 0 0 0 0 0 1 1 R 0
17 360 24227 707 20838 628 3025 1 0 4 0 0 0 0 0 0 3 1 R 0
18 380 19364 582 19394 550 4034 1 0 0 0 0 0 0 0 0 1 1 R 0
19 400 19871 584 19906 553 4178 1 0 0 0 0 0 0 0 0 0 1 R 0
20 420 19398 574 19424 544 3144 1 0 0 0 0 0 0 0 0 2 1 R 0
21 443 22282 570 20939 539 3132 1 0 4 0 0 0 0 0 0 2 1 R 0
22 463 19159 599 19189 571 3603 1 0 0 0 0 0 0 0 0 1 1 R 0
23 483 19967 570 19994 542 3850 1 0 0 0 0 0 0 0 0 1 1 R 0
24 507 22817 655 21059 606 4053 1 0 5 0 0 0 0 0 0 1 1 R 0
25 527 19901 577 19927 551 4383 1 0 0 0 0 0 0 0 0 1 1 R 0
26 547 19416 639 19460 605 4257 1 0 0 0 0 0 0 0 0 1 1 R 0
27 570 22530 599 20460 563 5318 1 0 5 0 0 0 0 0 0 3 1 R 0
28 593 21799 580 21238 549 3807 1 0 1 0 0 0 0 0 0 0 1 R 0
29 613 19286 577 19316 542 3975 1 0 0 0 0 0 0 0 0 1 1 R 0
30 638 24859 579 24090 548 7036 1 0 4 0 0 0 0 0 0 3 1 R 0
31 657 18479 733 18550 662 3697 1 0 0 0 0 0 0 0 0 0 1 R 0
32 677 19315 673 19377 627 3666 1 0 0 0 0 0 0 0 0 2 1 R 0
33 698 20097 587 20116 555 4321 1 0 0 0 0 0 0 0 0 1 1 R 0
34 720 21741 594 20537 562 6450 1 0 4 0 0 0 0 0 0 1 1 R 0
35 740 18794 806 18876 732 3140 1 0 0 0 0 0 0 0 0 2 1 R 0
36 762 21974 568 20527 540 3135 1 0 1 0 0 0 0 0 0 2 1 R 0
37 785 21961 605 20691 568 3172 1 0 4 0 0 0 0 0 0 1 1 R 0
38 806 19938 628 19969 592 3816 1 0 0 0 0 0 0 0 0 1 1 R 0
39 826 19772 584 19803 555 4364 1 0 0 0 0 0 0 0 0 1 1 R 0
40 849 22296 581 21196 552 4296 1 0 4 0 0 0 0 0 0 3 1 R 0
41 869 19209 641 19251 609 4501 1 0 0 0 0 0 0 0 0 1 1 R 0
42 889 19326 599 19349 565 4102 1 0 0 0 0 0 0 0 0 1 1 R 0
43 909 19360 571 19389 541 4358 1 0 0 0 0 0 0 0 0 1 1 R 0
44 930 20838 632 19751 608 6159 1 0 4 0 0 0 0 0 0 1 1 R 0
45 954 23575 588 23599 560 7217 1 0 0 0 0 0 0 0 0 1 1 R 0
46 975 20307 640 19214 610 3237 1 0 1 0 0 0 0 0 0 2 1 R 0
47 998 22546 592 21458 560 4655 1 0 4 0 0 0 0 0 0 2 1 R 0
48 1018 19210 602 19245 565 4598 1 0 0 0 0 0 0 0 0 1 1 R 0
49 1039 20077 591 20110 563 4425 1 0 0 0 0 0 0 0 0 1 1 R 0
50 1061 21746 1108 19747 1094 3621 1 0 4 0 0 0 0 0 0 2 1 R 0
51 1080 18151 789 18174 758 3103 1 0 0 0 0 0 0 0 0 1 1 R 0
52 1100 18430 773 18469 727 3454 1 0 0 0 0 0 0 0 0 1 1 R 0
53 1121 20211 602 20243 568 4027 1 0 0 0 0 0 0 0 0 1 1 R 0
54 1144 22712 631 20794 594 4076 1 0 4 0 0 0 0 0 0 1 1 R 0
55 1165 20965 584 19486 548 3284 1 0 1 0 0 0 0 0 0 2 1 R 0
56 1186 19886 709 19922 699 4214 1 0 0 0 0 0 0 0 0 1 1 R 0
57 1209 21899 610 20718 584 5228 1 0 4 0 0 0 0 0 0 2 1 R 0
58 1229 20046 592 20070 557 4255 1 0 0 0 0 0 0 0 0 1 1 R 0
59 1249 19421 632 19456 596 3941 1 0 0 0 0 0 0 0 0 1 1 R 0
60 1275 24924 666 23575 632 7163 1 0 4 0 0 0 0 0 0 2 1 R 0
61 1294 18918 745 18992 671 3292 1 0 0 0 0 0 0 0 0 1 1 R 0
62 1315 20096 591 20129 556 3786 1 0 0 0 0 0 0 0 0 1 1 R 0
63 1338 21848 813 20759 787 4491 1 0 4 0 0 0 0 0 0 2 1 R 0
64 1357 18450 785 18487 758 3571 1 0 0 0 0 1 0 0 0 1 1 R 0
65 1379 20860 575 19082 543 3190 1 0 1 0 0 0 0 0 0 2 1 R 0
66 1399 19646 573 19677 542 3520 1 0 0 0 0 0 0 0 0 1 1 R 0
67 1420 20822 589 19710 561 6452 1 0 4 0 0 0 0 0 0 1 1 R 0
68 1441 20050 578 20081 550 3865 1 0 0 0 0 0 0 0 0 2 1 R 0
69 1460 18341 727 18417 652 3227 1 0 0 0 0 0 0 0 0 1 1 R 0
70 1483 22796 583 21320 547 3337 1 0 4 0 0 0 0 0 0 2 1 R 0
71 1503 19590 565 19617 538 3498 1 0 0 0 0 0 0 0 0 1 1 R 0
72 1524 19577 631 19607 599 3832 1 0 0 0 0 0 0 0 0 1 1 R 0
73 1546 22310 570 21201 544 4012 1 0 4 0 0 0 0 0 0 1 1 R 0
74 1567 20216 584 18563 552 4403 1 0 1 0 0 0 0 0 0 1 1 R 0
75 1591 23313 1007 23345 980 8036 1 0 0 0 0 0 0 0 0 2 1 R 0
76 1611 18897 1127 18923 1120 3858 1 0 0 0 2 0 0 0 0 1 1 R 0
77 1635 22541 619 20786 588 4162 1 0 2 0 0 0 0 0 0 1 1 R 0
78 1655 19402 590 19433 561 3779 1 0 0 0 0 0 0 0 0 2 1 R 0
79 1674 18846 710 18890 674 3357 1 0 0 0 0 0 0 0 0 1 1 R 0
80 1697 21956 586 21010 552 3300 1 0 4 0 0 0 0 0 0 2 1 R 0
81 1717 20051 589 20081 559 4460 1 0 0 0 0 0 0 0 0 2 1 R 0
82 1738 19503 639 19538 605 4410 1 0 0 0 0 0 0 0 0 1 1 R 0
83 1764 25760 575 22821 549 4426 1 0 5 0 0 0 0 0 0 1 1 R 0
84 1785 20333 835 20410 757 3249 1 0 0 0 0 0 0 0 0 2 1 R 0
85 1805 19340 575 19366 547 3064 1 0 0 0 0 0 0 0 0 1 1 R 0
86 1828 22141 583 21064 551 3734 1 0 4 0 0 0 0 0 0 1 1 R 0
87 1848 19916 590 19941 559 4352 1 0 0 0 0 0 0 0 0 1 1 R 0
88 1869 20250 576 20289 544 4381 1 0 0 0 0 1 0 0 0 2 1 R 0
89 1889 19671 625 19698 599 3886 1 0 0 0 0 0 0 0 0 1 1 R 0
90 1915 25116 672 23997 639 8753 1 0 4 0 0 0 0 0 0 2 1 R 0
91 1935 19340 571 19377 540 4481 1 0 0 0 0 0 0 0 0 1 1 R 0
92 1956 20227 813 20255 781 3510 1 0 0 0 0 0 0 0 0 2 1 R 0
93 1979 22460 1247 20251 1228 5728 1 0 5 0 0 1 0 0 0 1 1 R 0
94 1999 19025 703 19067 653 3074 1 0 0 0 0 0 0 0 0 1 1 R 0
95 2021 20849 1103 20877 1090 3887 1 0 0 0 0 0 0 0 0 1 1 R 0
96 2050 28009 598 22974 563 3208 1 0 6 0 0 0 0 0 0 2 1 R 0
97 2076 25115 620 25145 585 4841 1 0 0 0 0 0 0 0 0 2 1 R 0
98 2097 20119 797 20170 763 3082 1 0 0 0 0 0 0 0 0 1 1 R 0
99 2119 21128 594 20239 560 4472 1 0 4 0 0 0 0 0 0 2 1 R 0
100 2139 19960 586 19990 556 4243 1 0 0 0 0 0 0 0 0 1 1 R 0
101 2159 19261 581 19292 544 4523 1 0 0 0 0 0 0 0 0 1 1 R 0
102 2183 23323 572 20813 545 4814 1 0 5 0 0 0 0 0 0 2 1 R 0
103 2203 19470 698 19489 680 3884 1 0 0 0 0 0 0 0 0 1 1 R 0
104 2223 19816 578 19839 546 3774 1 0 0 0 0 0 0 0 0 1 1 R 0
105 2249 24781 585 24092 552 8560 1 0 4 0 0 0 0 0 0 2 1 R 0
106 2269 19619 581 19650 549 4342 1 0 0 0 0 0 0 0 0 1 1 R 0
107 2290 20280 567 20314 535 3895 1 0 0 0 0 0 0 0 0 2 1 R 0
108 2310 19320 589 19354 562 3847 1 0 0 0 0 0 0 0 0 1 1 R 0
109 2333 22927 575 21472 549 5738 1 0 4 0 0 0 0 0 0 2 1 R 0
110 2353 19410 567 19436 540 4029 1 0 0 0 0 0 0 0 0 1 1 R 0
111 2375 21591 581 20435 549 3695 1 0 1 0 0 0 0 0 0 2 1 R 0
112 2397 21187 777 20167 691 3187 1 0 4 0 0 0 0 0 0 1 1 R 0
113 2416 18253 726 18285 695 3766 1 0 0 0 0 0 0 0 0 2 1 R 0
114 2437 19782 592 19805 562 4340 1 0 0 0 0 0 0 0 0 1 1 R 0
115 2459 22188 597 20961 562 4491 1 0 4 0 0 0 0 0 0 1 1 R 0
116 2478 18136 693 18175 655 3091 1 0 0 0 0 0 0 0 0 1 1 R 0
117 2497 18460 694 18505 661 3554 1 0 0 0 0 0 0 0 0 1 1 R 0
118 2518 19502 790 19187 759 4796 1 0 1 0 0 0 0 0 0 2 1 R 0
119 2540 21812 600 20668 566 6369 1 0 4 0 0 0 0 0 0 1 1 R 0
120 2564 23655 576 23687 548 8072 1 0 0 0 0 0 0 0 0 1 1 R 0
121 2586 20992 746 19902 699 3811 1 0 1 0 0 0 0 0 0 3 1 R 0
122 2608 21579 606 20600 566 3917 1 0 4 0 0 0 0 0 0 1 1 R 0
123 2629 20365 582 20396 554 4404 1 0 0 0 0 0 0 0 0 1 1 R 0
124 2649 19174 601 19207 568 3923 1 0 0 0 0 0 0 0 0 1 1 R 0
125 2674 24501 636 22662 596 4521 1 0 4 0 0 0 0 0 0 2 1 R 0
126 2695 19805 656 19917 551 3646 1 0 0 0 0 0 0 0 0 1 1 R 0
127 2715 19564 685 19610 641 3839 1 0 0 0 0 0 0 0 0 1 1 R 0
128 2738 22254 577 21469 542 4022 1 0 4 0 0 0 0 0 0 1 1 R 0
129 2758 19521 866 19552 843 4495 1 0 0 0 0 0 0 0 0 1 1 R 0
130 2780 21654 610 20681 575 4260 1 0 1 0 0 0 0 0 0 2 1 R 0
131 2799 18449 748 18512 687 3479 1 0 0 0 0 0 0 0 0 1 1 R 0
132 2823 23106 587 22035 560 3666 1 0 4 0 0 0 0 0 0 2 1 R 0
133 2843 19177 684 19210 655 3222 1 0 0 0 0 0 0 0 0 1 1 R 0
134 2864 20271 641 20295 613 3801 1 0 0 0 0 0 0 0 0 2 1 R 0
135 2889 23885 605 22846 570 10542 1 0 4 0 0 0 0 0 0 1 1 R 0
136 2909 19882 578 19916 543 3852 1 0 0 0 0 0 0 0 0 1 1 R 0
137 2929 19504 585 19538 557 3877 1 0 0 0 0 0 0 0 0 2 1 R 0
138 2952 22426 870 21131 831 3889 1 0 4 0 0 0 0 0 0 1 1 R 0
139 2977 23768 792 22013 743 3932 1 0 1 0 0 0 0 0 0 2 1 R 0
140 2998 20155 806 20213 746 3701 1 0 0 0 0 0 0 0 0 2 1 R 0
141 3020 21230 732 19817 582 3621 1 0 4 0 0 0 0 0 0 2 1 R 0
142 3039 18313 719 18356 678 3143 1 0 0 0 0 0 0 0 0 2 1 R 0
143 3060 20261 578 20285 546 3442 1 0 0 0 0 0 0 0 0 1 1 R 0
144 3080 19255 574 19285 539 3740 1 0 0 0 0 0 0 0 0 1 1 R 0
145 3101 20855 1547 20064 1497 4979 1 0 4 0 0 0 0 0 0 2 1 R 0
146 3121 18448 1441 18492 1407 3404 1 0 0 0 0 0 0 0 0 1 1 R 0
147 3141 18823 1052 18898 972 3295 1 0 0 0 0 0 0 0 0 2 1 R 0
148 3164 21631 591 19984 559 3834 1 0 4 0 0 0 0 0 0 1 1 R 0
149 3186 21459 722 20018 695 3708 1 0 1 0 0 0 0 0 0 1 1 R 0
150 3209 21853 592 21879 562 6624 1 0 0 0 0 0 0 0 0 2 1 R 0
151 3232 22870 614 21511 584 4304 1 0 4 0 0 0 0 0 0 1 1 R 0
152 3251 18810 969 19219 562 4116 1 0 0 0 0 0 0 0 0 1 1 R 0
153 3272 19367 616 19404 584 3881 1 0 0 0 0 0 0 0 0 1 1 R 0
154 3296 23727 779 22693 757 3940 1 0 4 0 0 0 0 0 0 2 1 R 0
155 3315 18090 722 18126 680 3782 1 0 0 0 0 0 0 0 0 1 1 R 0
156 3336 19886 1000 19973 923 4544 1 0 0 0 0 0 0 0 0 2 1 R 0
157 3357 19962 576 19976 545 4601 1 0 0 0 0 0 0 0 0 1 1 R 0
158 3380 22408 595 19872 567 6114 1 0 5 0 0 0 0 0 0 1 1 R 0
159 3398 17975 815 18037 754 3024 1 0 0 0 0 0 0 0 0 1 1 R 0
160 3418 18920 727 18963 693 4045 1 0 0 0 0 0 0 0 0 2 1 R 0
161 3440 21358 818 19899 761 3529 1 0 4 0 0 0 0 0 0 1 1 R 0
162 3460 19236 610 19252 578 3835 1 0 0 0 0 0 0 0 0 2 1 R 0
163 3480 19768 591 19801 566 3870 1 0 0 0 0 0 0 0 0 1 1 R 0
164 3499 18419 821 18467 782 3442 1 0 0 0 0 0 0 0 0 1 1 R 0
165 3525 24816 589 23998 559 8035 1 0 4 0 0 0 0 0 0 2 1 R 0
166 3546 20531 655 19979 636 3067 1 0 1 0 0 0 0 0 0 1 1 R 0
167 3566 19535 593 19555 560 4563 1 0 0 0 0 0 0 0 0 1 1 R 0
168 3590 23264 612 21122 575 7423 1 0 4 0 0 0 0 0 0 2 1 R 0
169 3610 19180 592 19210 563 3836 1 0 0 0 0 0 0 0 0 1 1 R 0
170 3630 19759 622 19790 595 3738 1 0 0 0 0 0 0 0 0 1 1 R 0
171 3654 22968 586 21493 558 4113 1 0 4 0 0 0 0 0 0 2 1 R 0
172 3674 18972 631 18997 601 3795 1 0 0 0 0 0 0 0 0 1 1 R 0
173 3695 20986 644 21033 599 3993 1 0 0 0 0 0 0 0 0 2 1 R 0
174 3717 21098 581 20095 548 3695 1 0 4 0 0 0 0 0 0 1 1 R 0
175 3738 20612 610 20643 579 4290 1 0 0 0 0 0 0 0 0 2 1 R 0
176 3756 17772 742 17823 698 3624 1 0 0 0 0 0 0 0 0 1 1 R 0
177 3778 21195 840 20097 792 4472 1 0 1 0 0 0 0 0 0 1 1 R 0
178 3800 20496 598 19340 568 5908 1 0 4 0 0 0 0 0 0 2 1 R 0
179 3818 18097 713 18167 658 3389 1 0 0 0 0 0 0 0 0 0 1 R 0
180 3843 23698 570 23711 540 6699 1 0 0 0 0 0 0 0 0 2 1 R 0
181 3866 22425 600 21454 564 3182 1 0 4 0 0 1 0 0 0 2 1 R 0
182 3886 19592 739 19625 706 4388 1 0 0 0 0 0 0 0 0 2 1 R 0
183 3908 21182 578 21210 548 4574 1 0 0 0 0 0 0 0 0 1 1 R 0
184 3930 21803 608 20218 576 3872 1 0 4 0 0 0 0 0 0 1 1 R 0
185 3950 19026 1218 19106 1168 3508 1 0 0 0 0 0 0 0 0 2 1 R 0
186 3974 22550 777 22570 738 3780 1 0 0 0 0 0 0 0 0 2 1 R 0
187 3997 22858 664 21094 628 4474 1 0 5 0 0 0 0 0 0 1 1 R 0
188 4017 18785 690 18828 646 4145 1 0 0 0 0 0 0 0 0 2 1 R 0
189 4038 20551 580 20579 549 3871 1 0 0 0 0 0 0 0 0 1 1 R 0
190 4056 17839 773 17903 714 3555 1 0 0 0 0 0 0 0 0 2 1 R 0
191 4080 22586 582 21543 549 7133 1 0 4 0 0 0 0 0 0 1 1 R 0
192 4100 19630 596 19665 566 4045 1 0 0 0 0 1 0 0 0 1 1 R 0
193 4119 18181 696 18237 644 3373 1 0 0 0 0 0 0 0 0 2 1 R 0
194 4143 23608 587 22243 553 3609 1 0 4 0 0 0 0 0 0 2 1 R 0
195 4166 22024 590 22057 558 6675 1 0 0 0 0 0 0 0 0 1 1 R 0
196 4187 20937 1488 19787 1465 4464 1 0 1 0 0 1 0 0 0 1 1 R 0
197 4213 24130 582 23116 547 4207 1 0 4 0 0 0 0 0 0 2 1 R 0
198 4234 20222 563 20248 536 4053 1 0 0 0 0 0 0 0 0 1 1 R 0
199 4255 20258 568 20291 533 4114 1 0 0 0 0 0 0 0 0 2 1 R 0
200 4277 21451 583 20693 553 3799 1 0 4 0 0 0 0 0 0 1 1 R 0
201 4298 20384 587 20418 557 4422 1 0 0 0 0 0 0 0 0 1 1 R 0
202 4319 20538 596 20569 560 4677 1 0 0 0 0 0 0 0 0 2 1 R 0
203 4341 21615 586 21651 551 4956 1 0 0 0 0 0 0 0 0 1 1 R 0
204 4366 24233 711 22831 673 4026 1 0 4 0 0 0 0 0 0 1 1 R 0
205 4388 21439 617 20393 586 4521 1 0 1 0 0 0 0 0 0 1 1 R 0
206 4409 20337 627 20375 591 4437 1 0 0 0 0 0 0 0 0 1 1 R 0
207 4433 24072 669 23128 636 7140 1 0 4 0 0 0 0 0 0 2 1 R 0
208 4454 20108 642 20140 608 4012 1 0 0 0 0 0 0 0 0 2 1 R 0
209 4475 19889 697 19930 680 3936 1 0 0 0 0 0 0 0 0 1 1 R 0
210 4499 23441 1007 22335 929 11279 1 0 4 0 0 0 0 0 0 1 1 R 0
211 4521 20709 595 20266 563 4860 1 0 1 0 0 0 0 0 0 1 1 R 0
212 4539 17747 691 17792 653 3190 1 0 0 0 0 0 0 0 0 1 1 R 0
213 4563 23281 584 21989 545 3186 1 0 4 0 0 0 0 0 0 2 1 R 0
214 4585 21279 569 20192 537 3137 1 0 1 0 0 0 0 0 0 1 1 R 0
215 4605 19676 642 19707 609 3861 1 0 0 0 0 0 0 0 0 1 1 R 0
216 4629 23491 659 22090 643 3929 1 0 4 0 0 0 0 0 0 3 1 R 0
217 4651 20682 733 20717 690 3364 1 0 0 0 0 0 0 0 0 2 1 R 0
218 4670 19111 689 19145 649 3129 1 0 0 0 0 0 0 0 0 0 1 R 0
219 4691 20353 3063 20449 2411 4115 1 0 0 0 4 0 0 0 0 3 1 R 0
220 4716 21502 586 21091 549 3836 1 0 0 0 0 0 0 0 0 1 1 R 0
221 4736 19424 724 19459 698 4562 1 0 0 0 0 0 0 0 0 1 1 R 0
222 4758 21289 595 21319 567 4896 1 0 0 0 0 0 0 0 0 1 1 R 0
223 4780 21152 600 20218 567 6696 1 0 4 0 0 0 0 0 0 1 1 R 0
224 4801 20837 941 19796 916 4092 1 0 1 0 0 0 0 0 0 2 1 R 0
225 4825 22890 576 22909 547 6787 1 0 0 0 0 0 0 0 0 0 1 R 0
226 4847 21405 804 20410 722 3070 1 0 4 0 0 0 0 0 0 2 1 R 0
227 4866 18486 692 18545 633 3821 1 0 0 0 0 0 0 0 0 2 1 R 0
228 4887 20277 582 20300 554 4442 1 0 0 0 0 0 0 0 0 1 1 R 0
229 4909 21117 686 20099 619 4363 1 0 4 0 0 0 0 0 0 1 1 R 0
230 4929 19692 580 19723 550 3831 1 0 0 0 0 0 0 0 0 2 1 R 0
231 4948 18099 700 18158 654 3220 1 0 0 0 0 0 0 0 0 2 1 R 0
232 4968 19496 726 19548 671 4925 1 0 0 0 0 0 0 0 0 2 1 R 0
233 4993 24014 576 21553 564 3984 1 0 5 0 0 0 0 0 0 1 1 R 0
234 5013 19531 711 19551 684 3806 1 0 0 0 0 0 0 0 0 1 1 R 0
235 5033 19329 585 19350 554 3909 1 0 0 0 0 0 0 0 0 2 1 R 0
236 5055 21701 787 20926 697 3336 1 0 4 0 0 0 0 0 0 1 1 R 0
237 5074 18279 933 18360 874 3239 1 0 0 0 0 0 0 0 0 2 1 R 0
238 5096 20639 573 20643 542 4762 1 0 0 0 0 0 0 0 0 1 1 R 0
239 5119 22531 586 21150 558 4382 1 0 4 0 0 0 0 0 0 1 1 R 0
240 5145 24763 1022 24803 976 8084 1 0 0 0 0 0 0 0 0 2 1 R 0
241 5165 19237 815 19282 783 3074 1 0 0 0 0 0 0 0 0 1 1 R 0
242 5189 22971 579 20398 552 3285 1 0 4 0 0 0 0 0 0 2 1 R 0
243 5208 19336 588 19368 556 4060 1 0 0 0 0 0 0 0 0 1 1 R 0
244 5228 19254 573 19286 542 4332 1 0 0 0 0 0 0 0 0 1 1 R 0
245 5247 17894 764 17960 706 3624 1 0 0 0 0 0 0 0 0 2 1 R 0
246 5269 21862 903 21060 819 6514 1 0 4 0 0 0 0 0 0 2 1 R 0
247 5289 19140 1011 19178 967 3174 1 0 0 0 0 0 0 0 0 1 1 R 0
248 5310 19302 593 19327 556 3901 1 0 0 0 0 0 0 0 0 2 1 R 0
249 5333 22535 624 20931 578 3883 1 0 4 0 0 0 0 0 0 1 1 R 0
250 5352 18642 1201 18697 1158 3712 1 0 0 0 0 0 0 0 0 1 1 R 0
251 5371 18076 1393 18127 1343 3152 1 0 0 0 0 0 0 0 0 3 1 R 0
252 5397 24157 679 21602 552 3197 1 0 5 0 0 0 0 0 0 2 1 R 0
253 5417 19260 588 19288 558 4530 1 0 0 0 0 0 0 0 0 1 1 R 0
254 5438 20033 579 20061 553 3970 1 0 0 0 0 0 0 0 0 1 1 R 0
255 5461 22797 1715 22826 1324 8151 1 0 0 0 1 0 0 0 0 1 1 R 0
256 5484 21666 603 20639 563 3347 1 0 3 0 0 0 0 0 0 2 1 R 0
257 5505 20099 843 20153 794 3119 1 0 0 0 0 0 0 0 0 1 1 R 0
258 5526 19798 609 19834 569 4297 1 0 0 0 0 0 0 0 0 1 1 R 0
259 5549 22710 593 21015 559 5006 1 0 5 0 0 0 0 0 0 3 1 R 0
260 5567 17809 708 17859 667 3317 1 0 0 0 0 0 0 0 0 1 1 R 0
261 5590 22008 619 20921 550 4132 1 0 1 0 0 0 0 0 0 2 1 R 0
262 5612 21660 577 20388 545 3170 1 0 4 0 0 0 0 0 0 1 1 R 0
263 5634 21177 617 20665 588 3926 1 0 1 0 0 0 0 0 0 1 1 R 0
264 5657 21899 666 21951 619 4009 1 0 0 0 0 0 0 0 0 2 1 R 0
265 5679 22020 578 20692 549 3781 1 0 4 0 0 0 0 0 0 1 1 R 0
266 5699 19488 880 19605 761 3040 1 0 0 0 0 0 0 0 0 2 1 R 0
267 5720 19484 725 19647 561 4137 1 0 0 0 0 0 0 0 0 1 1 R 0
268 5740 19948 908 20004 847 3817 1 0 0 0 0 0 0 0 0 2 1 R 0
269 5764 22321 583 20271 552 3479 1 0 4 0 0 0 0 0 0 1 1 R 0
270 5786 22133 732 22189 683 7101 1 0 0 0 0 0 0 0 0 2 1 R 0
271 5809 22152 588 20080 552 3943 1 0 1 0 0 0 0 0 0 1 1 R 0
272 5833 22662 579 21670 552 5999 1 0 4 0 0 0 0 0 0 1 1 R 0
273 5853 19616 960 19682 900 4184 1 0 0 0 0 0 0 0 0 1 1 R 0
274 5874 19865 714 19630 657 3044 1 0 1 0 0 1 0 0 0 3 1 R 0
275 5897 22264 654 21259 624 3126 1 0 4 0 0 0 0 0 0 1 1 R 0
276 5917 20061 582 20095 550 4445 1 0 0 0 0 0 0 0 0 1 1 R 0
277 5938 19753 596 19785 562 4584 1 0 0 0 0 0 0 0 0 1 1 R 0
278 5960 22110 582 20014 549 3900 1 0 4 0 0 0 0 0 0 2 1 R 0
279 5979 18327 669 18374 627 3209 1 0 0 0 0 0 0 0 0 2 1 R 0
280 6001 20977 1712 20111 1648 3207 1 0 1 0 0 0 0 0 0 2 1 R 0
281 6022 19743 2111 19728 1311 3896 1 0 1 0 3 0 0 0 0 0 1 R 0
282 6045 20566 587 20555 556 3837 1 0 0 0 0 0 0 0 0 2 1 R 0
283 6064 18294 670 18343 627 3168 1 0 0 0 0 0 0 0 0 1 1 R 0
284 6084 19185 780 19223 740 3598 1 0 0 0 0 0 0 0 0 2 1 R 0
285 6109 24375 603 23534 568 7811 1 0 4 0 0 0 0 0 0 2 1 R 0
286 6129 19596 582 19628 551 4316 1 0 0 0 0 0 0 0 0 1 1 R 0
287 6149 19373 594 19404 562 3959 1 0 0 0 0 0 0 0 0 1 1 R 0
288 6171 21707 1112 20718 1007 3829 1 0 4 0 0 0 0 0 0 2 1 R 0
289 6190 17781 2610 17823 917 3089 1 0 0 0 1 0 0 0 0 2 1 R 0
290 6211 18165 1427 18198 1391 3140 1 0 0 0 0 0 0 0 0 1 1 R 0
291 6231 18910 1353 18956 1310 3885 1 0 0 0 1 0 0 0 0 1 1 R 0
292 6255 22025 618 20019 582 3660 1 0 3 0 0 0 0 0 0 1 1 R 0
293 6274 18348 698 18403 652 3163 1 0 0 0 0 0 0 0 0 2 1 R 0
294 6294 19864 686 19902 661 3632 1 0 0 0 0 0 0 0 0 1 1 R 0
295 6317 22247 667 21180 543 3164 1 0 4 0 0 0 0 0 0 2 1 R 0
296 6337 19205 580 19238 551 4365 1 0 0 0 0 0 0 0 0 1 1 R 0
297 6358 20201 686 20252 627 4221 1 0 0 0 0 0 0 0 0 2 1 R 0
298 6380 21171 1583 19721 1541 3545 1 0 4 0 0 1 0 0 0 1 1 R 0
299 6403 21449 1066 20484 1026 4030 1 0 1 0 0 0 0 0 0 2 1 R 0
300 6426 22381 564 22399 538 8289 1 0 0 0 0 0 0 0 0 1 1 R 0
301 6449 22374 602 21107 563 4393 1 0 4 0 0 0 0 0 0 1 1 R 0
302 6469 19634 735 19669 706 3942 1 0 0 0 0 0 0 0 0 2 1 R 0
303 6490 20154 594 20178 571 3381 1 0 0 0 0 0 0 0 0 1 1 R 0
304 6511 20053 2615 19707 1933 3560 1 0 1 0 3 0 0 0 0 2 1 R 0
305 6534 20831 592 20226 552 4142 1 0 1 0 0 0 0 0 0 1 1 R 0
306 6554 19418 669 19457 639 3849 1 0 0 0 0 0 0 0 0 1 1 R 0
307 6574 18545 713 18603 659 3168 1 0 0 0 0 0 0 0 0 2 1 R 0
308 6598 23735 570 21782 539 3070 1 0 5 0 0 0 0 0 0 2 1 R 0
309 6616 17771 817 17858 745 3752 1 0 0 0 0 0 0 0 0 1 1 R 0
310 6638 20935 587 20955 550 4579 1 0 0 0 0 0 0 0 0 2 1 R 0
311 6661 22469 1861 20831 1867 4505 1 0 4 0 0 0 0 0 0 1 1 R 0
312 6684 21437 698 21430 662 3778 1 0 0 0 0 0 0 0 0 1 1 R 0
313 6705 20001 597 20043 562 3859 1 0 0 0 0 0 0 0 0 1 1 R 0
314 6730 24406 611 21256 574 4479 1 0 5 0 0 0 0 0 0 2 1 R 0
315 6754 23520 659 23594 581 8079 1 0 0 0 0 0 0 0 0 1 1 R 0
316 6774 19228 653 19262 619 3874 1 0 0 0 0 0 0 0 0 1 1 R 0
317 6797 22568 971 19889 973 3079 1 0 3 0 0 0 0 0 0 2 1 R 0
318 6817 18319 798 18353 742 3708 1 0 0 0 0 0 0 0 0 1 1 R 0
319 6839 21912 713 21952 661 6124 1 0 0 0 0 0 0 0 0 2 1 R 0
320 6861 20622 586 20656 552 3762 1 0 0 0 0 1 0 0 0 1 1 R 0
321 6884 22946 572 21603 539 3444 1 0 4 0 0 0 0 0 0 2 1 R 0
322 6904 18982 741 19029 696 3106 1 0 0 0 0 0 0 0 0 2 1 R 0
323 6923 18386 776 18457 719 3022 1 0 0 0 0 0 0 0 0 2 1 R 0
324 6947 23242 592 22047 556 4335 1 0 4 0 0 0 0 0 0 1 1 R 0
325 6967 19480 578 19512 543 4520 1 0 0 0 0 0 0 0 0 1 1 R 0
326 6985 17320 745 17384 684 3722 1 0 0 0 0 0 0 0 0 2 1 R 0
327 7011 25432 992 23131 963 5553 1 0 5 0 0 0 0 0 0 1 1 R 0
328 7033 20806 644 20827 617 3859 1 0 0 0 0 0 0 0 0 2 1 R 0
329 7053 19141 743 19167 718 4069 1 0 0 0 0 0 0 0 0 1 1 R 0
330 7079 25419 595 24395 561 7460 1 0 4 0 0 0 0 0 0 1 1 R 0
331 7097 17932 934 17974 893 3681 1 0 0 0 0 0 0 0 0 2 1 R 0
332 7117 18787 780 18841 731 4504 1 0 0 0 0 0 0 0 0 2 1 R 0
333 7139 20980 585 21003 557 4493 1 0 0 0 0 0 0 0 0 2 1 R 0
334 7161 21658 1250 20553 1228 6669 1 0 4 0 0 0 0 0 0 1 1 R 0
335 7184 21120 623 21144 590 3895 1 0 0 0 0 0 0 0 0 1 1 R 0
336 7205 21236 648 19726 609 3899 1 0 1 0 0 0 0 0 0 2 1 R 0
337 7228 21648 679 20669 605 3250 1 0 4 0 0 0 0 0 0 1 1 R 0
338 7248 19899 582 19924 550 4189 1 0 0 0 0 0 0 0 0 2 1 R 0
339 7268 19327 589 19360 556 4578 1 0 0 0 0 0 0 0 0 1 1 R 0
340 7291 22269 919 20972 900 3910 1 0 4 0 0 0 0 0 0 1 1 R 0
341 7310 17965 703 18023 634 3130 1 0 0 0 0 0 0 0 0 2 1 R 0
342 7329 18824 700 18875 655 3246 1 0 0 0 0 0 0 0 0 1 1 R 0
343 7351 20523 575 20550 543 4051 1 0 0 0 0 0 0 0 0 1 1 R 0
344 7374 22546 901 20924 822 3981 1 0 4 0 0 0 0 0 0 2 1 R 0
345 7397 22201 647 22235 615 7215 1 0 0 0 0 0 0 0 0 2 1 R 0
346 7418 20319 647 18996 612 3603 1 0 1 0 0 0 0 0 0 2 1 R 0
347 7440 21336 698 20462 648 5461 1 0 4 0 0 0 0 0 0 1 1 R 0
348 7460 19392 577 19419 550 3423 1 0 0 0 0 0 0 0 0 1 1 R 0
349 7481 19996 562 20024 531 3870 1 0 0 0 0 0 0 0 0 1 1 R 0
350 7502 21251 791 20291 754 3324 1 0 4 0 0 0 0 0 0 2 1 R 0
351 7523 19545 873 19593 831 3139 1 0 0 0 0 0 0 0 0 2 1 R 0
352 7543 19287 711 18947 685 3114 1 0 1 0 0 0 0 0 0 1 1 R 0
353 7565 21950 658 21198 634 3971 1 0 4 0 0 0 0 0 0 1 1 R 0
354 7586 19815 1039 19867 993 4250 1 0 0 0 0 0 0 0 0 2 1 R 0
355 7607 20002 796 18786 759 3620 1 0 1 0 0 0 0 0 0 2 1 R 0
356 7627 19338 741 19372 691 4199 1 0 0 0 0 0 0 0 0 1 1 R 0
357 7648 20246 703 19362 650 5411 1 0 4 0 0 0 0 0 0 2 1 R 0
358 7669 20492 769 20509 750 4957 1 0 0 0 0 0 0 0 0 1 1 R 0
359 7690 20064 579 20085 543 3369 1 0 0 0 0 0 0 0 0 2 1 R 0
360 7717 26246 657 25067 618 6185 1 0 4 0 0 0 0 0 0 2 1 R 0
361 7736 18136 1068 18188 1043 3970 1 0 0 0 0 0 0 0 0 1 1 R 0
362 7756 19056 715 19085 662 3905 1 0 0 0 0 0 0 0 0 2 1 R 0
363 7779 22755 599 22005 562 4316 1 0 4 0 0 0 0 0 0 1 1 R 0
364 7799 18918 713 18971 668 3738 1 0 0 0 0 0 0 0 0 2 1 R 0
365 7821 21213 580 19804 552 3166 1 0 1 0 0 0 0 0 0 0 1 R 0
366 7840 19064 568 19092 538 3886 1 0 0 0 0 0 0 0 0 1 1 R 0
367 7864 23345 757 21297 725 3651 1 0 4 0 0 1 0 0 0 2 1 R 0
368 7885 19508 573 19539 544 4004 1 0 0 0 0 0 0 0 0 1 1 R 0
369 7904 18916 665 18955 619 3104 1 0 0 0 0 0 0 0 0 2 1 R 0
370 7927 22017 588 21008 547 3359 1 0 4 0 0 0 0 0 0 2 1 R 0
371 7946 18491 865 18577 796 3641 1 0 0 0 0 0 0 0 0 2 1 R 0
372 7967 19876 581 19895 549 4346 1 0 0 0 0 0 0 0 0 1 1 R 0
373 7990 22675 685 21102 649 4504 1 0 4 0 0 0 0 0 0 1 1 R 0
374 8010 19651 725 18667 686 3206 1 0 1 0 0 0 0 0 0 2 1 R 0
375 8035 23602 612 23611 584 6305 1 0 0 0 0 0 0 0 0 2 1 R 0
376 8056 20929 582 19896 544 3233 1 0 4 0 0 0 0 0 0 1 1 R 0
377 8077 20368 581 20398 554 4361 1 0 0 0 0 0 0 0 0 1 1 R 0
378 8097 19508 567 19537 531 4364 1 0 0 0 0 0 0 0 0 1 1 R 0
379 8116 17978 693 18044 632 3520 1 0 0 0 0 0 0 0 0 2 1 R 0
380 8138 22117 618 21226 595 6064 1 0 4 0 0 0 0 0 0 2 1 R 0
381 8158 19180 714 19221 672 3670 1 0 0 0 0 0 0 0 0 1 1 R 0
382 8179 19798 637 19822 610 4313 1 0 0 0 0 0 0 0 0 1 1 R 0
383 8201 21879 1125 20304 1099 4310 1 0 4 0 0 0 0 0 0 1 1 R 0
384 8223 20190 806 18968 754 3115 1 0 1 0 0 0 0 0 0 1 1 R 0
385 8243 19951 686 19980 659 3749 1 0 0 0 0 0 0 0 0 3 1 R 0
386 8266 22177 571 21462 543 3583 1 0 4 0 0 0 0 0 0 1 1 R 0
387 8287 19830 579 19860 546 4514 1 0 0 0 0 0 0 0 0 1 1 R 0
388 8307 19389 653 19437 612 3880 1 0 0 0 0 0 0 0 0 1 1 R 0
389 8325 18167 681 18208 639 3639 1 0 0 0 0 0 0 0 0 2 1 R 0
390 8351 25153 1026 24128 986 9985 1 0 4 0 0 0 0 0 0 2 1 R 0
391 8372 19664 538 19674 520 4011 1 0 0 0 0 0 0 0 0 1 1 R 0
392 8393 20041 561 20062 533 3837 1 0 0 0 0 0 0 0 0 1 1 R 0
393 8417 23970 680 21708 651 3934 1 0 5 0 0 0 0 0 0 2 1 R 0
394 8436 18097 978 18152 962 3701 1 0 0 0 0 0 0 0 0 1 1 R 0
395 8456 19450 675 19455 626 4661 1 0 0 0 0 0 0 0 0 2 1 R 0
396 8480 22571 597 21419 558 4567 1 0 4 0 0 0 0 0 0 2 1 R 0
397 8500 19906 594 19939 561 3900 1 0 0 0 0 0 0 0 0 1 1 R 0
398 8520 19720 684 19395 623 3075 1 0 1 0 0 0 0 0 0 2 1 R 0
399 8540 19238 708 19292 650 3199 1 0 0 0 0 0 0 0 0 1 1 R 0
400 8564 22608 1262 21489 1235 3573 1 0 4 0 0 1 0 0 0 2 1 R 0
401 8585 19676 600 19707 574 4004 1 0 0 0 0 0 0 0 0 1 1 R 0
402 8605 19450 665 19483 628 3756 1 0 0 0 0 0 0 0 0 1 1 R 0
403 8628 22349 670 20048 630 4300 1 0 5 0 0 0 0 0 0 2 1 R 0
404 8647 18787 574 18814 542 3634 1 0 0 0 0 0 0 0 0 1 1 R 0
405 8681 33848 3572 28311 1574 8733 1 0 5 0 3 0 0 0 0 2 0 S 3
406 8716 30877 724 21933 696 3683 1 0 6 0 0 0 0 1 1 0 0 R 0
407 8742 25611 737 24947 713 7173 1 0 1 0 0 0 0 1 1 3 0 R 0
408 8765 21559 604 21186 566 3805 1 0 1 0 0 0 0 1 1 1 0 R 0
409 8785 20209 589 20241 560 4246 1 0 0 0 0 0 0 1 1 1 0 R 0
410 8806 19562 604 19599 566 3725 1 0 0 0 0 0 0 1 1 1 0 R 0
411 8827 21004 618 21033 590 4566 1 0 0 0 0 0 0 1 1 2 0 R 0
412 8847 18945 594 18977 565 4381 1 0 0 0 0 0 0 1 1 1 0 R 0
413 8868 20236 936 20604 568 4627 1 0 0 0 0 0 0 1 1 1 0 R 0
414 8888 19036 585 19063 564 4499 1 0 0 0 0 0 0 1 1 1 0 R 0
415 8909 20806 603 20836 568 3983 1 0 0 0 0 0 0 1 1 1 0 R 0
416 8935 25966 883 25995 851 6297 1 0 0 0 0 0 0 1 1 1 0 R 0
417 8963 26222 649 26249 626 4856 1 0 0 0 0 0 0 1 1 2 0 R 0
418 8983 20018 583 20043 558 4152 1 0 0 0 0 0 0 1 1 2 0 R 0
419 9003 19377 658 19417 612 3877 1 0 0 0 0 0 0 1 1 1 0 R 0
420 9031 27240 1875 27375 1760 9620 1 0 0 0 0 0 0 1 1 1 0 R 0
421 9059 26276 1046 26295 1020 5069 1 0 0 0 0 0 0 1 1 1 0 R 0
422 9085 24207 828 24229 805 4684 1 0 0 0 0 0 0 1 1 1 0 R 0
423 9105 19533 576 19554 551 3886 1 0 0 0 0 0 0 1 1 1 0 R 0
424 9129 23139 758 23174 821 5060 1 0 0 0 0 0 0 1 1 1 0 R 0
425 9164 34244 625 28761 592 7159 1 0 1 0 0 0 0 1 1 2 0 R 0
426 9188 23819 595 23854 564 6495 1 0 0 0 0 0 0 1 1 1 0 R 0
427 9208 19756 592 19784 562 4497 1 0 0 0 0 0 0 1 1 1 0 R 0
428 9235 26214 976 26344 848 3827 1 0 0 0 0 0 0 1 1 1 0 R 0
429 9261 24870 1020 24910 1008 4696 1 0 0 0 0 0 0 1 1 1 0 R 0
430 9286 23632 1127 23767 974 5117 1 0 0 0 0 0 0 1 1 1 0 R 0
431 9307 20520 601 20539 570 4503 1 0 0 0 0 0 0 1 1 1 0 R 0
432 9335 26868 972 26901 950 5875 1 0 0 0 0 0 0 1 1 2 0 R 0
433 9356 19991 793 20058 723 4260 1 0 0 0 0 0 0 1 1 1 0 R 0
434 9375 18795 576 18819 546 4183 1 0 0 0 0 0 0 1 1 2 0 R 0
435 9401 24986 1147 25022 1131 9348 1 0 0 0 0 0 0 1 1 1 0 R 0
436 9423 21073 902 21085 881 4173 1 0 0 0 0 0 0 1 1 1 0 R 0
437 9448 23752 1023 23778 998 6682 1 0 0 0 0 0 0 1 1 1 0 R 0
438 9476 27459 588 27480 559 4336 1 0 0 0 0 0 0 1 1 1 0 R 0
439 9497 20081 1011 20112 999 4493 1 0 0 0 0 0 0 1 1 2 0 R 0
440 9518 20157 1023 20174 988 4209 1 0 0 0 0 0 0 1 1 1 0 R 0
441 9548 29153 1038 28883 1000 5042 1 0 1 0 0 0 0 1 1 1 0 R 0
442 9576 26407 1086 26529 971 5154 1 0 0 0 0 0 0 1 1 2 0 R 0
443 9599 21830 651 21856 626 5036 1 0 0 0 0 0 0 1 1 1 0 R 0
444 9620 20319 1023 20352 1000 4158 1 0 0 0 0 0 0 1 1 1 0 R 0
445 9644 23068 994 23083 1072 3872 1 0 0 0 0 0 0 1 1 1 0 R 0
446 9668 23315 1419 23246 1434 5553 1 0 0 0 0 0 0 1 1 1 0 R 0
447 9693 23741 582 23717 560 6817 1 0 0 0 0 0 0 1 1 1 0 R 0
448 9713 19065 579 19088 550 3835 1 0 0 0 0 1 0 1 1 2 0 R 0
449 9738 24118 992 24246 865 3872 1 0 0 0 0 0 0 1 1 1 0 R 0
450 9767 28899 1302 28938 1274 12798 1 0 0 0 0 0 0 1 1 1 0 R 0
451 9792 23662 1020 23695 1015 6435 1 0 0 0 0 0 0 1 1 1 0 R 0
452 9813 19953 630 19945 600 4169 1 0 0 0 0 0 0 1 1 1 0 R 0
453 9836 22199 991 22330 971 4056 1 0 0 0 0 0 0 1 1 2 0 R 0
454 9863 26161 951 26080 930 4718 1 0 0 0 0 0 0 1 1 1 0 R 0
455 9889 24670 606 24698 572 5188 1 0 0 0 0 0 0 1 1 1 0 R 0
456 9909 19494 593 19523 564 4221 1 0 0 0 0 0 0 1 1 1 0 R 0
457 9930 20066 745 20106 706 4272 1 0 0 0 0 0 0 1 1 1 0 R 0
458 9957 26844 604 26877 569 4506 1 0 0 0 0 0 0 1 1 1 0 R 0
459 9982 24489 581 24515 554 4590 1 0 0 0 0 0 0 1 1 1 0 R 0
460 10003 20095 606 20121 579 4219 1 0 0 0 0 0 0 1 1 2 0 R 0
461 10025 21082 585 21116 552 3813 1 0 0 0 0 1 0 1 1 1 0 R 0
462 10048 22207 1331 22509 1041 6248 1 0 0 0 0 0 0 1 1 1 0 R 0
463 10073 24430 1144 24533 1040 6642 1 0 0 0 0 0 0 1 1 1 0 R 0
464 10097 22918 600 22941 565 5861 1 0 0 0 0 0 0 1 1 1 0 R 0
465 10120 22150 617 22186 589 8617 1 0 0 0 0 0 0 1 1 2 0 R 0
466 10141 20472 1039 20504 1010 3748 1 0 0 0 0 0 0 1 1 1 0 R 0
467 10167 24587 863 24612 832 4919 1 0 0 0 0 0 0 1 1 1 0 R 0
468 10194 26497 961 26523 937 4900 1 0 0 0 0 0 0 1 1 2 0 R 0
469 10215 20157 592 20185 566 4487 1 0 0 0 0 0 0 1 1 1 0 R 0
470 10238 21995 611 22025 576 4256 1 0 0 0 0 0 0 1 1 1 0 R 0
471 10263 24129 789 24193 729 4725 1 0 0 0 0 0 0 1 1 2 0 R 0
472 10286 22540 595 22573 565 5021 1 0 0 0 0 0 0 1 1 1 0 R 0
473 10309 22011 647 22040 617 5846 1 0 0 0 0 0 0 1 1 1 0 R 0
474 10328 18759 771 18812 728 4151 1 0 0 0 0 0 0 1 1 1 0 R 0
475 10359 30148 1380 30194 1433 4313 1 0 0 0 0 0 0 1 1 2 0 R 0
476 10384 23447 587 23364 556 3858 1 0 0 0 0 0 0 1 1 2 0 R 0
477 10407 22400 578 22431 547 5698 1 0 0 0 0 0 0 1 1 2 0 R 0
478 10428 20156 586 20189 555 4429 1 0 0 0 0 0 0 1 1 1 0 R 0
479 10449 20565 769 20603 731 4094 1 0 0 0 0 0 0 1 1 1 0 R 0
480 10480 30358 601 30390 628 13178 1 0 0 0 0 0 0 1 1 1 0 R 0
481 10506 25467 597 25077 570 4196 1 0 1 0 0 0 0 1 1 1 0 R 0
482 10526 19917 600 19940 569 4591 1 0 0 0 0 0 0 1 1 2 0 R 0
483 10547 20145 632 20178 601 4500 1 0 0 0 0 0 0 1 1 1 0 R 0
484 10570 22622 1008 22668 970 4905 1 0 0 0 0 0 0 1 1 1 0 R 0
485 10599 27986 1001 28015 986 5230 1 0 0 0 0 0 0 1 1 1 0 R 0
486 10621 20671 1144 20710 1093 3946 1 0 0 0 0 0 0 1 1 2 0 R 0
487 10641 18709 583 18732 553 3894 1 0 0 0 0 0 0 1 1 1 0 R 0
488 10666 24384 731 24416 699 4143 1 0 0 0 0 0 0 1 1 1 0 R 0
489 10691 24641 1550 24763 1449 6778 1 0 0 0 0 0 0 1 1 1 0 R 0
490 10716 22763 601 22770 574 7460 1 0 0 0 0 0 0 1 1 1 0 R 0
491 10735 19070 631 19098 601 4333 1 0 0 0 0 0 0 1 1 1 0 R 0
492 10757 21435 1425 21467 1394 3755 1 0 0 0 0 0 0 1 1 1 0 R 0
493 10786 27497 656 27526 621 4188 1 0 0 0 0 0 0 1 1 1 0 R 0
494 10811 23661 610 23698 581 6007 1 0 0 0 0 0 0 1 1 2 0 R 0
495 10835 23672 594 23713 547 9442 1 0 0 0 0 0 0 1 1 1 0 R 0
496 10856 21076 605 21111 573 3721 1 0 0 0 0 0 0 1 1 1 0 R 0
497 10884 27267 595 27296 567 5916 1 0 0 0 0 0 0 1 1 2 0 R 0
498 10910 25276 601 25305 570 4275 1 0 0 0 0 0 0 1 1 1 0 R 0
499 10933 21897 579 21925 551 4414 1 0 0 0 0 0 0 1 1 1 0 R 0
500 10954 21052 592 21086 558 4159 1 0 0 0 0 0 0 1 1 1 0 R 0
501 10980 25035 639 25065 758 4632 1 0 0 0 0 0 0 1 1 2 0 R 0
502 11007 26396 968 26284 937 4523 1 0 0 0 0 0 0 1 1 1 0 R 0
503 11030 22077 1289 22109 1264 4880 1 0 0 0 0 1 0 1 1 1 0 R 0
504 11050 18906 608 18928 581 3800 1 0 0 0 0 0 0 1 1 1 0 R 0
505 11080 29590 1010 29621 978 5296 1 0 0 0 0 0 0 1 1 1 0 R 0
506 11107 25582 1098 25611 1078 4775 1 0 0 0 0 0 0 1 1 1 0 R 0
507 11133 24522 669 24552 631 7387 1 0 0 0 0 0 0 1 1 2 0 R 0
508 11154 20587 587 20616 556 4097 1 0 0 0 0 0 0 1 1 1 0 R 0
509 11175 20870 772 20906 739 4372 1 0 0 0 0 0 0 1 1 1 0 R 0
510 11205 28432 969 28457 945 13758 1 0 0 0 0 0 0 1 1 1 0 R 0
511 11231 25459 1173 25488 1151 6689 1 0 0 0 0 0 0 1 1 1 0 R 0
512 11252 20043 576 20059 550 4206 1 0 0 0 0 0 0 1 1 1 0 R 0
513 11278 25091 1515 25134 1625 5067 1 0 0 0 0 0 0 1 1 1 0 R 0
514 11305 25322 752 25203 820 4718 1 0 0 0 0 0 0 1 1 2 0 R 0
515 11330 24914 791 24854 751 7488 1 0 0 0 0 0 0 1 1 1 0 R 0
516 11352 21113 566 21137 541 3818 1 0 0 0 0 0 0 1 1 1 0 R 0
517 11376 23418 1017 23458 987 3825 1 0 0 0 0 0 0 1 1 1 0 R 0
518 11404 26487 611 26506 594 5656 1 0 0 0 0 0 0 1 1 1 0 R 0
519 11429 24127 596 24153 561 6436 1 0 0 0 0 0 0 1 1 1 0 R 0
520 11449 19842 635 19874 608 4687 1 0 0 0 0 0 0 1 1 2 0 R 0
521 11469 19841 653 19871 620 4259 1 0 0 0 0 0 0 1 1 1 0 R 0
522 11501 30547 1765 29782 1756 9019 1 0 1 0 0 0 0 1 1 2 0 R 0
523 11527 24748 598 24755 568 4632 1 0 0 0 0 0 0 1 1 1 0 R 0
524 11548 20141 590 20168 560 4617 1 0 0 0 0 0 0 1 1 1 0 R 0
525 11573 24401 596 24433 565 7915 1 0 0 0 0 0 0 1 1 2 0 R 0
526 11595 21510 595 21540 564 5454 1 0 0 0 0 0 0 1 1 1 0 R 0
527 11616 19976 774 20006 746 4881 1 0 0 0 0 0 0 1 1 1 0 R 0
528 11637 20550 590 20580 558 4475 1 0 0 0 0 0 0 1 1 1 0 R 0
529 11657 19464 1044 19497 1033 4293 1 0 0 0 0 0 0 1 1 1 0 R 0
530 11678 20021 608 20042 569 4256 1 0 0 0 0 0 0 1 1 1 0 R 0
531 11699 20756 599 20788 567 4291 1 0 0 0 0 0 0 1 1 2 0 R 0
532 11723 23216 910 23241 884 3986 1 0 0 0 0 0 0 1 1 1 0 R 0
533 11745 20378 599 20412 566 4710 1 0 0 0 0 0 0 1 1 1 0 R 0
534 11765 20293 589 20321 563 4243 1 0 0 0 0 0 0 1 1 1 0 R 0
535 11788 22345 847 22433 767 4949 1 0 0 0 0 0 0 1 1 1 0 R 0
536 11815 25529 996 25549 981 6544 1 0 0 0 0 0 0 1 1 1 0 R 0
537 11844 28494 711 28507 691 6614 1 0 0 0 0 0 0 1 1 2 0 R 0
538 11864 19193 584 19217 554 3861 1 0 0 0 0 0 0 1 1 1 0 R 0
539 11887 22323 991 22356 959 3853 1 0 0 0 0 0 0 1 1 1 0 R 0
540 11918 29597 986 29627 951 14495 1 0 0 0 0 0 0 1 1 1 0 R 0
541 11942 23396 634 23443 587 5526 1 0 0 0 0 0 0 1 1 1 0 R 0
542 11963 20061 581 20086 561 3833 1 0 0 0 0 0 0 1 1 1 0 R 0
543 11985 21306 737 21338 703 3913 1 0 0 0 0 0 0 1 1 1 0 R 0
544 12013 27215 862 27240 965 6163 1 0 0 0 0 0 0 1 1 1 0 R 0
545 12039 26009 592 25913 560 5459 1 0 0 0 0 0 0 1 1 2 0 R 0
546 12061 21191 922 21221 895 4085 1 0 0 0 0 0 0 1 1 1 0 R 0
547 12083 20735 710 20762 684 3887 1 0 0 0 0 0 0 1 1 1 0 R 0
548 12110 26537 1225 26565 1207 5071 1 0 0 0 0 0 0 1 1 2 0 R 0
549 12139 27281 617 27300 590 4573 1 0 0 0 0 0 0 1 1 1 0 R 0
550 12159 20115 600 20143 569 4448 1 0 0 0 0 0 0 1 1 1 0 R 0
551 12180 20012 1135 20051 1108 3896 1 0 0 0 0 0 0 1 1 1 0 R 0
552 12205 24141 614 24155 587 4170 1 0 0 0 0 0 0 1 1 2 0 R 0
553 12230 24616 1762 24651 1842 6829 1 0 0 0 0 0 0 1 1 1 0 R 0
554 12256 23988 596 23904 566 7372 1 0 0 0 0 1 0 1 1 1 0 R 0
555 12290 33460 915 25294 866 16800 1 0 5 0 0 0 0 1 1 2 0 R 0
556 12319 27572 826 27594 897 6539 1 0 0 0 0 0 0 1 1 1 0 R 0
557 12346 26598 599 26520 570 4465 1 0 0 0 0 0 0 1 1 1 0 R 0
558 12367 19887 572 19914 546 4194 1 0 0 0 0 0 0 1 1 1 0 R 0
559 12388 21008 617 21043 581 4247 1 0 0 0 0 0 0 1 1 1 0 R 0
560 12416 27213 1003 27245 978 4586 1 0 0 0 0 0 0 1 1 2 0 R 0
561 12445 28167 595 28192 570 6136 1 0 0 0 0 0 0 1 1 1 0 R 0
562 12467 20921 584 20943 562 4604 1 0 0 0 0 0 0 1 1 1 0 R 0
563 12488 20702 1010 20736 983 4248 1 0 0 0 0 0 0 1 1 1 0 R 0
564 12518 29407 1000 28603 980 4217 1 0 1 0 0 0 0 1 1 1 0 R 0
565 12549 29815 1016 29757 978 5375 1 0 0 0 0 0 0 1 1 2 0 R 0
566 12573 22603 584 22613 560 6580 1 0 0 0 0 0 0 1 1 1 0 R 0
567 12594 20985 804 21049 754 3904 1 0 0 0 0 0 0 1 1 1 0 R 0
568 12629 34006 1189 34046 1163 5633 1 0 0 0 0 0 0 1 1 2 0 R 0
569 12659 28460 959 28467 929 5799 1 0 0 0 0 0 0 1 1 2 0 R 0
570 12685 25126 603 25152 576 10302 1 0 0 0 0 0 0 1 1 1 0 R 0
571 12710 24528 1036 24578 1096 5820 1 0 0 0 0 0 0 1 1 2 0 R 0
572 12735 24199 595 24119 562 5784 1 0 0 0 0 0 0 1 1 1 0 R 0
573 12756 20048 588 20080 557 4232 1 0 0 0 0 0 0 1 1 1 0 R 0
574 12779 22044 594 22075 569 6202 1 0 0 0 0 0 0 1 1 1 0 R 0
575 12800 21048 626 21098 571 4247 1 0 0 0 0 0 0 1 1 3 0 R 0
576 12830 29487 1085 29609 1511 5958 1 0 0 0 0 1 0 1 1 0 0 R 0
577 12858 26793 611 26283 579 4451 1 0 0 0 0 0 0 1 1 1 0 R 0
578 12878 19394 608 19423 575 4588 1 0 0 0 0 0 0 1 1 1 0 R 0
579 12900 21040 625 21076 589 4092 1 0 0 0 0 0 0 1 1 1 0 R 0
580 12929 28254 1003 28289 967 4618 1 0 0 0 0 0 0 1 1 2 0 R 0
581 12959 28809 595 28837 568 5049 1 0 0 0 0 0 0 1 1 1 0 R 0
582 12979 19642 638 19670 612 4437 1 0 0 0 0 0 0 1 1 1 0 R 0
583 13000 20363 636 20401 600 4257 1 0 0 0 0 0 0 1 1 1 0 R 0
584 13028 27492 1116 27606 1010 3746 1 0 0 0 0 0 0 1 1 2 0 R 0
585 13058 28959 610 28983 580 13366 1 0 0 0 0 0 0 1 1 1 0 R 0
586 13080 21521 676 21547 646 4356 1 0 0 0 0 0 0 1 1 1 0 R 0
587 13103 22486 885 22617 755 3912 1 0 0 0 0 0 0 1 1 2 0 R 0
588 13131 26742 1537 26779 1510 4025 1 0 0 0 0 0 0 1 1 1 0 R 0
589 13159 26957 1113 27076 994 7119 1 0 0 0 0 0 0 1 1 1 0 R 0
590 13185 24528 602 24551 572 5965 1 0 0 0 0 0 0 1 1 1 0 R 0
591 13207 21312 608 21350 569 4318 1 0 0 0 0 0 0 1 1 2 0 R 0
592 13235 27651 1060 27679 1040 4859 1 0 0 0 0 0 0 1 1 1 0 R 0
593 13265 28855 833 28904 790 5876 1 0 0 0 0 0 0 1 1 1 0 R 0
594 13286 19557 634 19574 602 4405 1 0 0 0 0 0 0 1 1 1 0 R 0
595 13308 22170 781 22301 656 4597 1 0 0 0 0 0 0 1 1 1 0 R 0
596 13336 27041 1159 27161 1044 4691 1 0 0 0 0 0 0 1 1 1 0 R 0
597 13366 28188 1176 28210 1170 7038 1 0 0 0 0 0 0 1 1 1 0 R 0
598 13389 22127 866 22169 812 4394 1 0 0 0 0 0 0 1 1 2 0 R 0
599 13411 21598 1061 21622 1034 4320 1 0 0 0 0 0 0 1 1 1 0 R 0
600 13441 28175 1793 28199 1873 9857 1 0 0 0 0 0 0 1 1 2 0 R 0
601 13469 26617 1042 26140 1014 4943 1 0 1 0 0 0 0 1 1 1 0 R 0
602 13490 20134 618 20154 587 4505 1 0 0 0 0 0 0 1 1 1 0 R 0
603 13511 20283 1561 20319 1644 3962 1 0 0 0 0 0 0 1 1 1 0 R 0
604 13538 25763 1006 25674 977 3692 1 0 0 0 0 0 0 1 1 2 0 R 0
605 13567 27313 2428 27476 2277 6952 1 0 0 0 0 1 0 1 1 1 0 R 0
606 13594 24803 634 24821 602 7086 1 0 0 0 0 0 0 1 1 1 0 R 0
607 13616 21393 686 21430 650 3892 1 0 0 0 0 0 0 1 1 1 0 R 0
608 13643 26140 856 26163 955 4549 1 0 0 0 0 0 0 1 1 1 0 R 0
609 13672 28679 881 28582 857 7376 1 0 0 0 0 0 0 1 1 1 0 R 0
610 13693 19597 585 19624 560 3788 1 0 0 0 0 0 0 1 1 1 0 R 0
611 13713 19548 573 19574 546 3930 1 0 0 0 0 0 0 1 1 2 0 R 0
612 13740 26911 1006 27032 1555 4271 1 0 0 0 0 0 0 1 1 1 0 R 0
613 13769 27131 989 26500 950 7986 1 0 0 0 0 0 0 1 1 2 0 R 0
614 13791 21691 941 21743 892 5241 1 0 0 0 0 0 0 1 1 1 0 R 0
615 13815 22378 592 22409 560 7801 1 0 0 0 0 0 0 1 1 1 0 R 0
616 13842 27205 957 27314 845 6154 1 0 0 0 0 0 0 1 1 1 0 R 0
617 13870 26754 1159 26881 1048 7457 1 0 0 0 0 0 0 1 1 1 0 R 0
618 13894 22627 597 22645 565 6306 1 0 0 0 0 0 0 1 1 1 0 R 0
619 13914 19772 582 19799 556 3942 1 0 0 0 0 0 0 1 1 1 0 R 0
620 13939 24321 1428 24457 1312 4668 1 0 0 0 0 0 0 1 1 1 0 R 0
621 13966 25593 996 25702 977 6188 1 0 0 0 0 0 0 1 1 1 0 R 0
622 13990 22791 623 22718 592 6311 1 0 0 0 0 0 0 1 1 2 0 R 0
623 14011 20843 1037 20888 997 3924 1 0 0 0 0 0 0 1 1 1 0 R 0
624 14039 26600 1114 21754 987 4152 1 0 2 0 0 0 0 1 1 1 0 R 0
625 14067 26390 980 26419 950 5605 1 0 0 0 0 0 0 1 1 1 0 R 0
626 14093 25062 578 25088 553 6422 1 0 0 0 0 0 0 1 1 1 0 R 0
627 14113 19568 571 19595 549 3890 1 0 0 0 0 0 0 1 1 1 0 R 0
628 14135 21654 828 21779 696 4150 1 0 0 0 0 0 0 1 1 2 0 R 0
629 14164 28118 993 28243 979 6425 1 0 0 0 0 0 0 1 1 1 0 R 0
630 14192 27435 578 27353 552 11238 1 0 0 0 0 0 0 1 1 1 0 R 0
631 14212 19151 678 19189 645 4256 1 0 0 0 0 0 0 1 1 1 0 R 0
632 14233 20415 581 20442 551 3685 1 0 0 0 0 0 0 1 1 1 0 R 0
633 14261 27292 1400 27424 1276 5277 1 0 0 0 0 0 0 1 1 1 0 R 0
634 14288 25980 601 26007 566 4651 1 0 0 0 0 0 0 1 1 2 0 R 0
635 14309 20172 610 20207 573 4653 1 0 0 0 0 0 0 1 1 1 0 R 0
636 14330 20007 659 20048 622 3844 1 0 0 0 0 0 0 1 1 1 0 R 0
637 14356 25023 1059 25142 949 4025 1 0 0 0 0 0 0 1 1 1 0 R 0
638 14383 26351 1008 26369 993 7303 1 0 0 0 0 0 0 1 1 1 0 R 0
639 14405 20999 583 21012 560 4120 1 0 0 0 0 0 0 1 1 1 0 R 0
640 14425 19209 586 19239 555 3857 1 0 0 0 0 0 0 1 1 2 0 R 0
641 14448 22969 603 23002 568 3967 1 0 0 0 0 0 0 1 1 1 0 R 0
642 14474 24598 586 24626 558 4928 1 0 0 0 0 0 0 1 1 1 0 R 0
643 14497 22551 638 22589 606 6884 1 0 0 0 0 0 0 1 1 1 0 R 0
644 14518 20624 645 20184 610 4590 1 0 1 0 0 0 0 1 1 1 0 R 0
645 14543 24532 864 24564 840 8305 1 0 0 0 0 0 0 1 1 2 0 R 0
646 14569 24840 818 24868 794 4223 1 0 0 0 0 0 0 1 1 1 0 R 0
647 14593 23056 582 23074 554 4644 1 0 0 0 0 1 0 1 1 1 0 R 0
648 14613 20156 594 20183 564 3804 1 0 0 0 0 0 0 1 1 2 0 R 0
649 14634 20402 588 20430 558 3918 1 0 0 0 0 0 0 1 1 1 0 R 0
650 14662 27203 950 27230 931 4862 1 0 0 0 0 0 0 1 1 1 0 R 0
651 14687 24202 602 24234 567 4439 1 0 0 0 0 0 0 1 1 1 0 R 0
652 14709 20790 604 20824 569 4888 1 0 0 0 0 0 0 1 1 1 0 R 0
653 14729 19877 597 19909 567 4288 1 0 0 0 0 0 0 1 1 2 0 R 0
654 14750 20436 995 20469 962 3856 1 0 0 0 0 0 0 1 1 0 0 R 0
655 14773 21387 865 21425 828 4379 1 0 0 0 0 0 0 1 1 1 0 R 0
656 14797 23533 637 23560 766 5112 1 0 0 0 0 0 0 1 1 2 0 R 0
657 14821 22993 4932 22897 2051 7605 1 0 0 0 1 0 0 1 1 1 0 R 0
658 14850 24318 757 22572 721 7322 1 0 1 0 0 0 0 1 1 1 0 R 0
659 14874 23041 864 23065 840 5896 1 0 0 0 0 0 0 1 1 1 0 R 0
660 14903 28632 1041 28658 1021 11849 1 0 0 0 0 0 0 1 1 1 0 R 0
661 14926 21446 587 21465 560 4768 1 0 0 0 0 0 0 1 1 1 0 R 0
662 14947 21002 698 21038 661 4295 1 0 0 0 0 0 0 1 1 2 0 R 0
663 14969 21072 606 21106 570 4395 1 0 0 0 0 0 0 1 1 1 0 R 0
664 14993 23803 584 23837 568 4844 1 0 0 0 0 0 0 1 1 1 0 R 0
665 15016 21709 649 21727 613 5903 1 0 0 0 0 0 0 1 1 1 0 R 0
666 15036 19428 586 19461 558 4191 1 0 0 0 0 0 0 1 1 1 0 R 0
667 15058 21238 829 21274 802 4309 1 0 0 0 0 0 0 1 1 1 0 R 0
668 15079 20266 683 20305 643 4549 1 0 0 0 0 0 0 1 1 2 0 R 0
669 15099 19601 600 19623 570 4461 1 0 0 0 0 0 0 1 1 1 0 R 0
670 15120 20060 675 20095 643 4316 1 0 0 0 0 0 0 1 1 2 0 R 0
671 15140 19377 654 19429 599 3645 1 0 0 0 0 0 0 1 1 0 0 R 0
672 15161 20804 1381 20840 1349 3787 1 0 0 0 0 0 0 1 1 1 0 R 0
673 15187 24890 594 24916 561 4729 1 0 0 0 0 0 0 1 1 2 0 R 0
674 15211 22844 1060 22884 1049 4082 1 0 0 0 0 0 0 1 1 1 0 R 0
675 15235 22644 650 22650 618 9925 1 0 0 0 0 0 0 1 1 2 0 R 0
676 15256 20544 596 20578 566 3772 1 0 0 0 0 0 0 1 1 1 0 R 0
677 15281 24321 1795 24349 1787 5504 1 0 0 0 0 0 0 1 1 1 0 R 0
678 15308 25381 605 25392 568 4676 1 0 0 0 0 0 0 1 1 1 0 R 0
679 15328 19772 589 19803 559 4547 1 0 0 0 0 0 0 1 1 1 0 R 0
680 15348 19454 900 19511 857 4149 1 0 0 0 0 0 0 1 1 1 0 R 0
681 15371 21274 595 21294 567 5389 1 0 0 0 0 0 0 1 1 2 0 R 0
682 15395 24015 584 24040 555 5506 1 0 0 0 0 0 0 1 1 1 0 R 0
683 15418 22778 607 22813 576 6007 1 0 0 0 0 0 0 1 1 1 0 R 0
684 15439 19677 612 19709 578 4534 1 0 0 0 0 0 0 1 1 1 0 R 0
685 15461 21648 3157 21683 1224 4286 1 0 0 0 1 0 0 1 1 1 0 R 0
686 15488 24123 593 24135 557 3960 1 0 0 0 0 0 0 1 1 2 0 R 0
687 15511 21598 607 21637 572 4488 1 0 0 0 0 0 0 1 1 1 0 R 0
688 15532 21293 805 21361 738 4568 1 0 0 0 0 0 0 1 1 1 0 R 0
689 15553 19696 621 19720 592 3787 1 0 0 0 0 0 0 1 1 1 0 R 0
690 15580 26122 1008 26157 970 11343 1 0 0 0 0 0 0 1 1 1 0 R 0
691 15605 23947 860 23980 833 5149 1 0 0 0 0 0 0 1 1 2 0 R 0
692 15628 22619 602 22651 567 4493 1 0 0 0 0 0 0 1 1 1 0 R 0
693 15648 19493 577 19523 551 4471 1 0 0 0 0 0 0 1 1 1 0 R 0
694 15669 20494 607 20528 573 4215 1 0 0 0 0 0 0 1 1 1 0 R 0
695 15695 25040 827 25071 793 4727 1 0 0 0 0 0 0 1 1 2 0 R 0
696 15719 23568 1401 23606 1410 5047 1 0 0 0 0 0 0 1 1 1 0 R 0
697 15741 20316 992 20305 969 4153 1 0 0 0 0 0 0 1 1 1 0 R 0
698 15761 19455 1087 19783 762 3819 1 0 0 0 0 0 0 1 1 1 0 R 0
699 15787 24710 785 24733 751 3978 1 0 0 0 0 0 0 1 1 1 0 R 0
700 15810 21806 611 21836 583 5448 1 0 0 0 0 0 0 1 1 1 0 R 0
701 15834 23471 598 23498 569 4849 1 0 0 0 0 0 0 1 1 2 0 R 0
702 15854 19392 670 19440 624 3861 1 0 0 0 0 0 0 1 1 1 0 R 0
703 15876 21174 786 21204 751 3890 1 0 0 0 0 0 0 1 1 1 0 R 0
704 15901 24801 1659 24947 1528 6390 1 0 0 0 0 0 0 1 1 1 0 R 0
705 15931 27994 1097 28012 1089 9657 1 0 0 0 0 0 0 1 1 1 0 R 0
706 15952 19696 594 19700 568 4100 1 0 0 0 0 0 0 1 1 1 0 R 0
707 15973 20346 586 20378 558 3903 1 0 0 0 0 0 0 1 1 1 0 R 0
708 15997 24000 1858 24137 1833 5218 1 0 0 0 0 1 0 1 1 1 0 R 0
709 16024 25128 761 25044 744 5868 1 0 0 0 0 0 0 1 1 2 0 R 0
710 16047 22362 594 22381 563 4442 1 0 0 0 0 0 0 1 1 2 0 R 0
711 16067 19253 1031 19284 1002 4375 1 0 0 0 0 0 0 1 1 1 0 R 0
712 16091 22176 604 22209 566 4523 1 0 0 0 0 0 0 1 1 0 0 R 0
713 16115 24237 742 24270 713 5086 1 0 0 0 0 0 0 1 1 2 0 R 0
714 16138 22060 635 22096 603 6714 1 0 0 0 0 0 0 1 1 1 0 R 0
715 16158 19620 604 19649 571 4698 1 0 0 0 0 0 0 1 1 1 0 R 0
716 16180 20552 658 20585 622 4263 1 0 0 0 0 0 0 1 1 1 0 R 0
717 16206 26194 970 26230 944 5463 1 0 0 0 0 0 0 1 1 1 0 R 0
718 16229 21608 597 21633 565 4499 1 0 0 0 0 0 0 1 1 2 0 R 0
719 16251 21193 603 21227 569 4952 1 0 0 0 0 0 0 1 1 1 0 R 0
720 16274 23051 1344 23082 1319 7595 1 0 0 0 0 0 0 1 1 1 0 R 0
721 16299 23241 1002 23268 979 4526 1 0 0 0 0 0 0 1 1 1 0 R 0
722 16324 23507 724 23530 697 6354 1 0 0 0 0 0 0 1 1 1 0 R 0
723 16344 19879 593 19903 567 4042 1 0 0 0 0 0 0 1 1 1 0 R 0
724 16364 19688 570 19716 541 4224 1 0 0 0 0 0 0 1 1 1 0 R 0
725 16386 20875 598 20907 566 3804 1 0 0 0 0 0 0 1 1 1 0 R 0
726 16411 24418 603 24449 597 4656 1 0 0 0 0 0 0 1 1 1 0 R 0
727 16434 22810 646 22816 615 3934 1 0 0 0 0 0 0 1 1 2 0 R 0
728 16456 20950 587 20981 558 4993 1 0 0 0 0 0 0 1 1 1 0 R 0
729 16476 19866 584 19900 552 4364 1 0 0 0 0 0 0 1 1 1 0 R 0
730 16500 23299 1096 23427 971 5964 1 0 0 0 0 0 0 1 1 1 0 R 0
731 16529 27573 599 26800 565 5983 1 0 1 0 0 0 0 1 1 1 0 R 0
732 16550 20643 628 20686 593 4662 1 0 0 0 0 0 0 1 1 1 0 R 0
733 16570 19301 765 19369 699 3926 1 0 0 0 0 0 0 1 1 2 0 R 0
734 16594 22660 1202 22827 1028 3798 1 0 0 0 0 0 0 1 1 1 0 R 0
735 16625 30439 650 30478 624 12038 1 0 0 0 0 0 0 1 1 1 0 R 0
736 16648 22548 867 22573 836 4804 1 0 0 0 0 0 0 1 1 1 0 R 0
737 16670 21049 615 21098 565 4819 1 0 0 0 0 0 0 1 1 2 0 R 0
738 16692 21385 589 21414 557 3830 1 0 0 0 0 0 0 1 1 1 0 R 0
739 16717 23856 962 23887 938 5717 1 0 0 0 0 0 0 1 1 2 0 R 0
740 16741 23782 1959 24312 1449 6672 1 0 0 0 0 1 0 1 1 1 0 R 0
741 16764 20329 601 20334 574 3946 1 0 0 0 0 0 0 1 1 1 0 R 0
742 16784 19667 572 19692 544 3697 1 0 0 0 0 0 0 1 1 1 0 R 0
743 16810 25309 621 25340 587 5930 1 0 0 0 0 0 0 1 1 1 0 R 0
744 16834 23485 740 23516 713 4808 1 0 0 0 0 0 0 1 1 1 0 R 0
745 16857 22178 594 22213 558 6668 1 0 0 0 0 0 0 1 1 1 0 R 0
746 16879 21080 654 21111 626 4291 1 0 0 0 0 0 0 1 1 1 0 R 0
747 16900 20339 1114 20466 992 4234 1 0 0 0 0 0 0 1 1 1 0 R 0
748 16926 25732 994 25754 969 6262 1 0 0 0 0 0 0 1 1 1 0 R 0
749 16953 25348 583 25371 553 4431 1 0 0 0 0 0 0 1 1 2 0 R 0
750 16976 23085 604 23123 570 8966 1 0 0 0 0 0 0 1 1 1 0 R 0
751 16997 20171 951 20207 922 4399 1 0 0 0 0 0 0 1 1 1 0 R 0
752 17023 25136 1173 25153 1168 5974 1 0 0 0 0 0 0 1 1 1 0 R 0
753 17050 25492 615 25504 584 5023 1 0 0 0 0 0 0 1 1 1 0 R 0
754 17072 21376 567 21400 544 4396 1 0 0 0 0 0 0 1 1 2 0 R 0
755 17093 20094 611 20120 590 3911 1 0 0 0 0 0 0 1 1 1 0 R 0
756 17114 20923 762 20951 730 4105 1 0 0 0 0 0 0 1 1 1 0 R 0
757 17138 22911 753 22943 723 6141 1 0 0 0 0 0 0 1 1 1 0 R 0
758 17162 23289 595 23321 564 7286 1 0 0 0 0 0 0 1 1 1 0 R 0
759 17183 20255 567 20278 543 4227 1 0 0 0 0 0 0 1 1 1 0 R 0
760 17204 20399 641 20429 609 3753 1 0 0 0 0 0 0 1 1 1 0 R 0
761 17228 23236 998 23272 972 4943 1 0 0 0 0 0 0 1 1 1 0 R 0
762 17253 24482 1040 24504 1030 4356 1 0 0 0 0 0 0 1 1 3 0 R 0
763 17275 21024 582 21031 556 4488 1 0 0 0 0 0 0 1 1 1 0 R 0
764 17295 19361 603 19396 568 3851 1 0 0 0 0 0 0 1 1 1 0 R 0
765 17324 28028 988 28054 970 10630 1 0 0 0 0 0 0 1 1 0 0 R 0
766 17349 23828 969 23854 939 4886 1 0 0 0 0 0 0 1 1 3 0 R 0
767 17373 23036 584 23056 558 4550 1 0 0 0 0 0 0 1 1 1 0 R 0
768 17391 18284 881 18317 853 3787 1 0 0 0 0 0 0 1 1 1 0 R 0
769 17413 20773 639 20801 612 3904 1 0 0 0 0 0 0 1 1 1 0 R 0
770 17437 23391 1184 23424 1168 5232 1 0 0 0 0 0 0 1 1 1 0 R 0
771 17461 22985 3487 23098 2804 4632 1 0 0 0 1 0 0 1 1 1 0 R 0
772 17488 22860 603 22772 572 5170 1 0 0 0 0 0 0 1 1 1 0 R 0
773 17510 21977 632 22010 596 4693 1 0 0 0 0 0 0 1 1 1 0 R 0
774 17534 23067 600 23097 572 4198 1 0 0 0 0 0 0 1 1 2 0 R 0
775 17557 22851 879 22881 854 6583 1 0 0 0 0 0 0 1 1 1 0 R 0
776 17581 22563 663 22592 631 6978 1 0 0 0 0 0 0 1 1 1 0 R 0
777 17601 19623 939 19654 913 3886 1 0 0 0 0 0 0 1 1 1 0 R 0
778 17626 23634 996 23654 974 5422 1 0 0 0 0 0 0 1 1 1 0 R 0
779 17650 23471 606 23496 574 4670 1 0 0 0 0 0 0 1 1 1 0 R 0
780 17677 25787 838 25840 805 10142 1 0 0 0 0 0 0 1 1 1 0 R 0
781 17697 19623 591 19636 563 4406 1 0 0 0 0 0 0 1 1 2 0 R 0
782 17720 22257 1375 22294 1340 4179 1 0 0 0 0 0 0 1 1 1 0 R 0
783 17746 24384 1154 24510 1032 4748 1 0 0 0 0 0 0 1 1 1 0 R 0
784 17771 23836 865 23910 791 4213 1 0 0 0 0 0 0 1 1 2 0 R 0
785 17792 20753 574 20773 550 4416 1 0 0 0 0 0 0 1 1 1 0 R 0
786 17813 20400 602 20431 575 3833 1 0 0 0 0 0 0 1 1 1 0 R 0
787 17836 22079 826 22149 757 3840 1 0 0 0 0 0 0 1 1 1 0 R 0
788 17860 23616 946 23645 1039 7177 1 0 0 0 0 0 0 1 1 1 0 R 0
789 17884 22809 580 22709 553 5658 1 0 0 0 0 0 0 1 1 1 0 R 0
790 17904 19712 639 19742 613 3799 1 0 0 0 0 0 0 1 1 1 0 R 0
791 17927 22219 1022 22350 1009 3980 1 0 0 0 0 0 0 1 1 1 0 R 0
792 17952 24058 759 23964 733 4397 1 0 0 0 0 0 0 1 1 1 0 R 0
793 17976 22802 604 22838 568 4741 1 0 0 0 0 0 0 1 1 1 0 R 0
794 17997 20755 590 20784 564 4585 1 0 0 0 0 0 0 1 1 2 0 R 0
795 18021 22807 656 22842 620 8087 1 0 0 0 0 0 0 1 1 1 0 R 0
796 18045 24170 1101 24293 986 4447 1 0 0 0 0 0 0 1 1 1 0 R 0
797 18076 29171 949 29261 867 4738 1 0 0 0 0 0 0 1 1 3 0 S 0
798 18099 22625 899 22703 827 5325 1 0 0 0 0 0 0 1 1 0 0 R 0
799 18125 24690 603 24708 564 6004 1 0 0 0 0 0 0 1 1 2 0 R 0
800 18149 23682 610 23716 577 5696 1 0 0 0 0 0 0 1 1 2 0 R 0
801 18169 19120 589 19150 561 3888 1 0 0 0 0 0 0 1 1 1 0 R 0
802 18191 21351 1267 21384 1247 4154 1 0 0 0 0 0 0 1 1 1 0 R 0
803 18213 21080 591 21115 540 3927 1 0 0 0 0 0 0 1 1 1 0 R 0
804 18236 21953 644 21990 609 3707 1 0 0 0 0 0 0 1 1 1 0 R 0
805 18261 24526 1145 24556 1128 5665 1 0 0 0 0 0 0 1 1 1 0 R 0
806 18287 24546 918 24567 896 5538 1 0 0 0 0 0 0 1 1 1 0 R 0
807 18307 19340 593 19360 563 4671 1 0 0 0 0 0 0 1 1 1 0 R 0
808 18329 21289 806 21346 761 4244 1 0 0 0 0 0 0 1 1 2 0 R 0
809 18360 30892 1950 31055 1790 4918 1 0 0 0 0 0 0 1 1 3 0 R 0
810 18395 33049 1834 33099 1800 13110 1 0 0 0 0 1 0 1 1 3 0 R 0
811 18418 20459 581 20456 553 4400 1 0 0 0 0 0 0 1 1 2 0 R 0
812 18442 23943 1234 24000 1196 4229 1 0 0 0 0 0 0 1 1 1 0 R 0
813 18469 25090 701 25130 647 7303 1 0 0 0 0 0 0 1 1 1 0 R 0
814 18498 28726 677 28841 562 5557 1 0 0 0 0 0 0 1 1 1 0 R 0
815 18520 21399 644 20847 594 6491 1 0 1 0 0 0 0 1 1 1 0 R 0
816 18545 24184 989 24216 962 3852 1 0 0 0 0 0 0 1 1 1 0 R 0
817 18573 27425 877 27544 756 6407 1 0 0 0 0 0 0 1 1 1 0 R 0
818 18599 24717 963 24749 935 6652 1 0 0 0 0 0 0 1 1 1 0 R 0
819 18620 20430 601 20454 569 3898 1 0 0 0 0 0 0 1 1 2 0 R 0
820 18644 22597 984 22723 967 3787 1 0 0 0 0 0 0 1 1 1 0 R 0
821 18669 24556 1357 24567 1254 6993 1 0 0 0 0 0 0 1 1 1 0 R 0
822 18695 24886 623 24900 591 4493 1 0 0 0 0 0 0 1 1 2 0 R 0
823 18716 19747 652 19799 612 4814 1 0 0 0 0 0 0 1 1 1 0 R 0
824 18736 19713 615 19739 580 4218 1 0 0 0 0 0 0 1 1 1 0 R 0
825 18763 26561 752 26620 703 11252 1 0 0 0 0 0 0 1 1 1 0 R 0
826 18784 20036 604 20054 572 4151 1 0 0 0 0 0 0 1 1 1 0 R 0
827 18807 22070 906 22104 883 3905 1 0 0 0 0 0 0 1 1 1 0 R 0
828 18827 19807 601 19831 566 4519 1 0 0 0 0 0 0 1 1 1 0 R 0
829 18853 24677 767 24767 687 4159 1 0 0 0 0 0 0 1 1 3 0 R 0
830 18877 23722 595 23747 564 5284 1 0 0 0 0 0 0 1 1 1 0 R 0
831 18901 23533 1153 23567 1134 6922 1 0 0 0 0 0 0 1 1 1 0 R 0
832 18923 20199 572 20208 552 4093 1 0 0 0 0 0 0 1 1 1 0 R 0
833 18944 20909 645 20942 608 3881 1 0 0 0 0 1 0 1 1 1 0 R 0
834 18971 26623 1162 26658 1140 6192 1 0 0 0 0 0 0 1 1 1 0 R 0
835 18997 24654 848 24675 814 4961 1 0 0 0 0 0 0 1 1 2 0 R 0
836 19018 20050 595 20081 566 4676 1 0 0 0 0 0 0 1 1 1 0 R 0
837 19038 19488 596 19520 563 4328 1 0 0 0 0 0 0 1 1 1 0 R 0
838 19064 24777 599 24812 565 3883 1 0 0 0 0 0 0 1 1 1 0 R 0
839 19088 23658 1221 23687 1216 4424 1 0 0 0 0 0 0 1 1 1 0 R 0
840 19114 24667 627 24689 583 10394 1 0 0 0 0 0 0 1 1 2 0 R 0
841 19134 19384 605 19411 579 3868 1 0 0 0 0 0 0 1 1 1 0 R 0
842 19156 21640 603 21673 569 3804 1 0 0 0 0 0 0 1 1 1 0 R 0
843 19180 23079 665 23115 628 4721 1 0 0 0 0 0 0 1 1 1 0 R 0
844 19203 22352 577 22382 552 4457 1 0 0 0 0 0 0 1 1 1 0 R 0
845 19226 22782 638 22809 606 4423 1 0 0 0 0 0 0 1 1 2 0 R 0
846 19248 21721 700 21761 663 4501 1 0 0 0 0 0 0 1 1 1 0 R 0
847 19273 24229 958 24350 838 4268 1 0 0 0 0 0 0 1 1 1 0 R 0
848 19297 23047 596 23083 564 4606 1 0 0 0 0 0 0 1 1 1 0 R 0
849 19323 24683 680 22850 640 10453 1 0 2 0 0 0 0 1 1 2 0 R 0
850 19343 19845 571 19869 547 3826 1 0 0 0 0 0 0 1 1 1 0 R 0
851 19367 23157 1132 23306 991 5473 1 0 0 0 0 0 0 1 1 1 0 R 0
852 19393 24618 682 24650 642 5138 1 0 0 0 0 0 0 1 1 1 0 R 0
853 19417 23376 744 23452 677 4384 1 0 0 0 0 0 0 1 1 1 0 R 0
854 19437 19416 656 19465 605 4349 1 0 0 0 0 0 0 1 1 1 0 R 0
855 19461 23110 2884 23144 2161 8503 1 0 0 0 1 0 0 1 1 1 0 R 0
856 19491 27148 728 27095 696 6521 1 0 0 0 0 0 0 1 1 1 0 R 0
857 19516 24862 604 24876 566 4480 1 0 0 0 0 0 0 1 1 2 0 R 0
858 19537 20661 583 20694 553 4564 1 0 0 0 0 0 0 1 1 1 0 R 0
859 19559 20755 600 20789 571 4314 1 0 0 0 0 0 0 1 1 1 0 R 0
860 19584 24846 976 24869 962 5622 1 0 0 0 0 0 0 1 1 1 0 R 0
861 19611 26094 1611 26112 1705 6051 1 0 0 0 0 0 0 1 1 1 0 R 0
862 19632 19331 576 19231 553 3938 1 0 0 0 0 0 0 1 1 1 0 R 0
863 19652 19419 565 19444 541 3881 1 0 0 0 0 0 0 1 1 2 0 R 0
864 19678 25556 1021 25687 894 4341 1 0 0 0 0 0 0 1 1 1 0 R 0
865 19707 27390 903 27418 870 5934 1 0 0 0 0 0 0 1 1 2 0 R 0
866 19729 21322 632 21358 595 5490 1 0 0 0 0 0 0 1 1 1 0 R 0
867 19749 19434 582 19467 551 3851 1 0 0 0 0 0 0 1 1 1 0 R 0
868 19774 24436 1199 24468 1185 4167 1 0 0 0 0 0 0 1 1 1 0 R 0
869 19800 24798 608 24812 576 7537 1 0 0 0 0 0 0 1 1 1 0 R 0
870 19827 26593 604 26631 569 13387 1 0 0 0 0 0 0 1 1 0 0 R 0
871 19848 19795 611 19831 574 4296 1 0 0 0 0 0 0 1 1 1 0 R 0
872 19868 19575 1026 19613 994 4184 1 0 0 0 0 0 0 1 1 1 0 R 0
873 19897 27694 990 27721 959 5036 1 0 0 0 0 0 0 1 1 3 0 R 0
874 19923 25805 596 25831 569 5148 1 0 0 0 0 0 0 1 1 1 0 R 0
875 19944 20276 587 20305 556 3902 1 0 0 0 0 0 0 1 1 1 0 R 0
876 19966 20737 588 20773 554 3733 1 0 0 0 0 0 0 1 1 1 0 R 0
877 19994 27419 990 27447 970 5250 1 0 0 0 0 0 0 1 1 1 0 R 0
878 20023 28602 668 28621 641 6054 1 0 0 0 0 0 0 1 1 1 0 R 0
879 20044 20525 604 20556 575 4438 1 0 0 0 0 0 0 1 1 2 0 R 0
880 20066 20550 1012 20585 979 3735 1 0 0 0 0 0 0 1 1 1 0 R 0
881 20095 28126 1090 28195 1032 4253 1 0 0 0 0 0 0 1 1 1 0 R 0
882 20124 28399 1006 28412 984 6998 1 0 0 0 0 0 0 1 1 1 0 R 0
883 20148 22683 584 22711 552 7452 1 0 0 0 0 0 0 1 1 1 0 R 0
884 20170 21473 761 21516 719 4237 1 0 0 0 0 0 0 1 1 1 0 R 0
885 20201 30537 2166 30662 2060 12375 1 0 0 0 0 0 0 1 1 1 0 R 0
886 20230 26396 641 26412 608 5259 1 0 0 0 0 0 0 1 1 1 0 R 0
887 20250 20005 638 20037 605 3942 1 0 0 0 0 0 0 1 1 2 0 R 0
888 20273 21584 587 21616 556 3799 1 0 0 0 0 0 0 1 1 1 0 R 0
889 20301 27883 1672 28015 1546 4525 1 0 0 0 0 0 0 1 1 1 0 R 0
890 20330 27080 807 27106 782 5163 1 0 0 0 0 0 0 1 1 1 0 R 0
891 20350 19397 619 19420 592 4037 1 0 0 0 0 0 0 1 1 2 0 R 0
892 20370 19005 803 19078 727 3809 1 0 0 0 0 0 0 1 1 0 0 R 0
893 20399 28522 1013 28655 878 4004 1 0 0 0 0 0 0 1 1 2 0 R 0
894 20428 27962 974 28084 853 6497 1 0 0 0 0 0 0 1 1 2 0 R 0
895 20451 21808 604 21844 570 3946 1 0 0 0 0 0 0 1 1 1 0 R 0
896 20470 18847 584 18881 550 3818 1 0 0 0 0 0 0 1 1 1 0 R 0
897 20499 28112 1025 28146 993 5951 1 0 0 0 0 0 0 1 1 1 0 R 0
898 20530 30105 1153 29762 1006 8894 1 0 1 0 0 0 0 1 1 1 0 R 0
899 20553 21347 623 21363 599 4143 1 0 0 0 0 0 0 1 1 2 0 R 0
900 20575 22269 1682 22993 960 8224 1 0 0 0 0 0 0 1 1 1 0 R 0
901 20605 27686 1063 27714 1045 4283 1 0 0 0 0 0 0 1 1 1 0 R 0
902 20633 27118 984 27228 964 6265 1 0 0 0 0 0 0 1 1 1 0 R 0
903 20655 21380 639 21309 613 4458 1 0 0 0 0 0 0 1 1 1 0 R 0
904 20675 19154 581 19181 554 4193 1 0 0 0 0 0 0 1 1 1 0 R 0
905 20703 26884 1021 26907 1003 6182 1 0 0 0 0 0 0 1 1 2 0 R 0
906 20730 26797 1005 26825 1486 7342 1 0 0 0 0 0 0 1 1 1 0 R 0
907 20755 23299 598 22817 570 6193 1 0 0 0 0 0 0 1 1 1 0 R 0
908 20775 19124 705 19183 651 3839 1 0 0 0 0 0 0 1 1 1 0 R 0
909 20800 24599 1030 24626 1121 5763 1 0 0 0 0 0 0 1 1 2 0 R 0
910 20827 25741 1151 25745 1032 6203 1 0 0 0 0 0 0 1 1 0 0 R 0
911 20851 22827 610 22857 574 7478 1 0 0 0 0 0 0 1 1 2 0 R 0
912 20872 20839 1179 20858 1168 3847 1 0 0 0 0 1 0 1 1 1 0 R 0
913 20897 23725 1200 23749 1184 3896 1 0 0 0 0 0 0 1 1 1 0 R 0
914 20926 27571 596 27583 566 7224 1 0 0 0 0 0 0 1 1 0 0 R 0
915 20959 32519 646 32574 595 13742 1 0 0 0 0 0 0 1 1 3 0 R 0
916 20979 19415 583 19442 556 4451 1 0 0 0 0 0 0 1 1 1 0 R 0
917 21006 26635 999 26669 972 5349 1 0 0 0 0 0 0 1 1 1 0 R 0
918 21033 26003 807 26023 793 7687 1 0 0 0 0 0 0 1 1 1 0 R 0
919 21056 22287 597 22307 567 7457 1 0 0 0 0 0 0 1 1 1 0 R 0
920 21077 20362 563 20388 535 4267 1 0 0 0 0 0 0 1 1 1 0 R 0
921 21099 21712 855 21747 937 4285 1 0 0 0 0 0 0 1 1 1 0 R 0
922 21129 28358 712 28274 679 6794 1 0 0 0 0 0 0 1 1 1 0 R 0
923 21154 24493 635 24519 803 6723 1 0 0 0 0 0 0 1 1 1 0 R 0
924 21174 19722 591 19558 561 4541 1 0 0 0 0 0 0 1 1 1 0 R 0
925 21196 21263 767 21344 693 3952 1 0 0 0 0 0 0 1 1 2 0 R 0
926 21226 29011 1023 29037 1003 6515 1 0 0 0 0 1 0 1 1 1 0 R 0
927 21254 27246 584 27265 553 4791 1 0 0 0 0 0 0 1 1 1 0 R 0
928 21275 19903 583 19933 555 4041 1 0 0 0 0 0 0 1 1 1 0 R 0
929 21297 22212 615 22250 576 3975 1 0 0 0 0 0 0 1 1 1 0 R 0
930 21330 31696 1259 31728 1532 12782 1 0 0 0 0 0 0 1 1 2 0 R 0
931 21367 35954 1260 35718 1208 4710 1 0 0 0 0 0 0 1 1 3 0 R 0
932 21390 21950 863 22032 770 4447 1 0 0 0 0 0 0 1 1 2 0 R 0
933 21417 26381 1013 26406 982 5570 1 0 0 0 0 0 0 1 1 2 0 R 0
934 21446 27905 1003 27939 978 6469 1 0 0 0 0 0 0 1 1 1 0 R 0
935 21473 26125 592 26145 568 7404 1 0 0 0 0 0 0 1 1 1 0 R 0
936 21494 19590 679 19630 642 3845 1 0 0 0 0 0 0 1 1 1 0 R 0
937 21520 25925 2232 25971 2194 6297 1 0 0 0 0 0 0 1 1 2 0 R 0
938 21542 19641 1197 19667 853 5070 1 0 0 0 1 0 0 1 1 0 0 R 0
939 21564 20288 1129 20314 1101 3829 1 0 0 0 0 0 0 1 1 1 0 R 0
940 21586 21068 589 21084 561 5919 1 0 0 0 0 0 0 1 1 2 0 R 0
941 21607 20385 609 20421 574 4349 1 0 0 0 0 0 0 1 1 1 0 R 0
942 21635 28100 1001 28129 983 6527 1 0 0 0 0 0 0 1 1 1 0 R 0
943 21665 28515 994 28531 974 5150 1 0 0 0 0 0 0 1 1 1 0 R 0
944 21686 20169 604 20193 572 4607 1 0 0 0 0 0 0 1 1 1 0 R 0
945 21713 26722 994 26753 966 8136 1 0 0 0 0 0 0 1 1 2 0 R 0
946 21743 28891 640 28919 609 6361 1 0 0 0 0 0 0 1 1 1 0 R 0
947 21768 24465 783 24496 755 6440 1 0 0 0 0 0 0 1 1 1 0 R 0
948 21789 19527 764 19581 708 4397 1 0 0 0 0 0 0 1 1 1 0 R 0
949 21811 21201 611 21240 575 4448 1 0 0 0 0 0 0 1 1 2 0 R 0
950 21840 28300 1243 28460 1191 5223 1 0 0 0 0 0 0 1 1 1 0 R 0
951 21870 29202 1111 29236 974 4360 1 0 0 0 0 0 0 1 1 1 0 R 0
952 21893 22172 591 22194 561 6301 1 0 0 0 0 0 0 1 1 1 0 R 0
953 21915 21402 1155 21469 1099 3816 1 0 0 0 0 0 0 1 1 2 0 R 0
954 21952 35595 990 35655 1080 7656 1 0 0 0 0 0 0 1 1 3 0 R 0
955 21981 27438 821 27329 786 7781 1 0 0 0 0 0 0 1 1 3 0 R 0
956 22003 21161 747 21205 704 3669 1 0 0 0 0 0 0 1 1 2 0 R 0
957 22028 24778 1004 24889 995 4931 1 0 0 0 0 0 0 1 1 2 0 R 0
958 22057 28207 996 28121 968 6830 1 0 0 0 0 0 0 1 1 1 0 R 0
959 22083 24921 590 24946 562 7132 1 0 0 0 0 0 0 1 1 1 0 R 0
960 22107 22807 605 22840 575 7932 1 0 0 0 0 0 0 1 1 2 0 R 0
961 22133 25953 988 25974 973 5900 1 0 0 0 0 0 0 1 1 1 0 R 0
962 22159 25127 994 25148 963 7004 1 0 0 0 0 0 0 1 1 1 0 R 0
963 22188 27995 604 28029 570 6527 1 0 0 0 0 0 0 1 1 1 0 R 0
964 22208 19328 585 19359 554 4403 1 0 0 0 0 0 0 1 1 0 0 R 0
965 22231 22349 1623 22476 1509 4885 1 0 0 0 0 0 0 1 1 1 0 R 0
966 22258 24864 765 24885 748 7582 1 0 0 0 0 0 0 1 1 2 0 R 0
967 22284 25682 591 25699 560 6546 1 0 0 0 0 0 0 1 1 2 0 R 0
968 22305 20239 591 20267 562 3967 1 0 0 0 0 0 0 1 1 1 0 R 0
969 22327 21374 998 21502 969 3905 1 0 0 0 0 0 0 1 1 1 0 R 0
970 22357 29178 773 29112 744 6033 1 0 0 0 0 0 0 1 1 1 0 R 0
971 22383 25479 791 25500 766 6084 1 0 0 0 0 0 0 1 1 1 0 R 0
972 22405 20514 723 20565 679 4202 1 0 0 0 0 0 0 1 1 2 0 R 0
973 22426 20664 600 20691 565 3918 1 0 0 0 0 0 0 1 1 1 0 R 0
974 22453 26207 1010 26235 994 4827 1 0 0 0 0 0 0 1 1 1 0 R 0
975 22486 32622 975 32646 953 12305 1 0 0 0 0 0 0 1 1 1 0 R 0
976 22510 22868 601 22118 562 5029 1 0 1 0 0 0 0 1 1 1 0 R 0
977 22532 21614 1019 21643 999 3841 1 0 0 0 0 0 0 1 1 2 0 R 0
978 22563 29971 586 29990 562 7486 1 0 0 0 0 0 0 1 1 1 0 R 0
979 22589 24521 601 24555 566 6339 1 0 0 0 0 0 0 1 1 0 0 R 0
980 22609 19717 623 19745 595 4565 1 0 0 0 0 0 0 1 1 2 0 R 0
981 22630 20655 645 20731 570 3931 1 0 0 0 0 0 0 1 1 1 0 R 0
982 22658 27142 966 27177 935 6101 1 0 0 0 0 0 0 1 1 1 0 R 0
983 22687 28317 592 28341 564 4778 1 0 0 0 0 0 0 1 1 1 0 R 0
984 22708 20156 598 20183 573 4452 1 0 0 0 0 0 0 1 1 1 0 R 0
985 22730 21374 668 21411 630 4313 1 0 0 0 0 0 0 1 1 1 0 R 0
986 22761 29925 1741 29965 1837 4745 1 0 0 0 0 0 0 1 1 2 0 R 0
987 22789 26728 604 26629 569 4734 1 0 0 0 0 0 0 1 1 1 0 R 0
988 22809 19640 589 19667 566 4439 1 0 0 0 0 0 0 1 1 1 0 R 0
989 22833 23041 582 23065 555 3844 1 0 0 0 0 0 0 1 1 1 0 R 0
990 22865 31392 1002 31421 988 11957 1 0 0 0 0 0 0 1 1 3 0 R 0
991 22894 28387 998 28405 974 4760 1 0 0 0 0 0 0 1 1 1 0 R 0
992 22918 22552 613 22576 579 6392 1 0 0 0 0 0 0 1 1 1 0 R 0
993 22939 20908 617 20946 582 4322 1 0 0 0 0 0 0 1 1 1 0 R 0
994 22968 28447 1188 28479 1186 5996 1 0 0 0 0 0 0 1 1 1 0 R 0
995 22996 25912 608 25916 574 4579 1 0 0 0 0 0 0 1 1 1 0 R 0
996 23016 19909 604 19936 572 4605 1 0 0 0 0 0 0 1 1 1 0 R 0
997 23038 21483 651 21523 614 4400 1 0 0 0 0 0 0 1 1 1 0 R 0
998 23065 26187 992 26219 970 5010 1 0 0 0 0 0 0 1 1 2 0 R 0
999 23092 26349 967 26367 952 6346 1 0 0 0 0 0 0 1 1 1 0 R 0
1000 23114 21096 603 21134 551 3749 1 0 0 0 0 0 0 1 1 1 0 R 0
1001 23135 19934 1607 19967 1624 4302 1 0 0 0 0 0 0 1 1 1 0 R 0
1002 23164 27352 1009 27333 985 4516 1 0 0 0 0 0 0 1 1 1 0 R 0
1003 23194 29461 994 29575 878 6498 1 0 0 0 0 0 0 1 1 1 0 R 0
1004 23216 20643 598 20674 561 4354 1 0 0 0 0 0 0 1 1 2 0 R 0
1005 23239 22913 1024 22952 993 8174 1 0 0 0 0 0 0 1 1 1 0 R 0
1006 23267 26502 1514 26532 1494 3723 1 0 0 0 0 0 0 1 1 1 0 R 0
1007 23298 29499 1034 29523 1021 6477 1 0 0 0 0 0 0 1 1 2 0 R 0
1008 23319 20159 648 20165 621 4484 1 0 0 0 0 0 0 1 1 1 0 R 0
1009 23340 19656 586 19683 556 3908 1 0 0 0 0 0 0 1 1 1 0 R 0
1010 23364 23495 943 23624 830 3858 1 0 0 0 0 0 0 1 1 1 0 R 0
1011 23391 26585 1501 26605 1478 7393 1 0 0 0 0 0 0 1 1 1 0 R 0
1012 23415 22724 601 22745 571 7581 1 0 0 0 0 0 0 1 1 1 0 R 0
1013 23435 19538 585 19568 555 4269 1 0 0 0 0 0 0 1 1 1 0 R 0
1014 23461 24771 1524 24806 1501 4303 1 0 0 0 0 0 0 1 1 1 0 R 0
1015 23489 26211 2175 26319 2176 7358 1 0 0 0 0 1 0 1 1 1 0 R 0
1016 23519 28448 674 28375 629 6497 1 0 0 0 0 0 0 1 1 1 0 R 0
1017 23540 19710 685 19753 640 3976 1 0 0 0 0 0 0 1 1 2 0 R 0
1018 23568 27288 1007 27012 979 6260 1 0 1 0 0 0 0 1 1 0 0 R 0
1019 23596 27543 1189 27861 997 6221 1 0 0 0 0 1 0 1 1 2 0 R 0
1020 23622 24876 827 24785 806 12028 1 0 0 0 0 0 0 1 1 1 0 R 0
1021 23645 21847 860 21883 821 4292 1 0 0 0 0 0 0 1 1 1 0 R 0
1022 23671 25694 1536 25716 1523 5792 1 0 0 0 0 0 0 1 1 3 0 R 0
1023 23699 26068 1197 26179 1089 8050 1 0 0 0 0 0 0 1 1 1 0 R 0
1024 23724 24051 600 24057 571 6593 1 0 0 0 0 0 0 1 1 0 0 R 0
1025 23744 19493 570 19521 540 3966 1 0 0 0 0 0 0 1 1 1 0 R 0
1026 23766 20736 624 20771 596 4477 1 0 0 0 0 0 0 1 1 3 0 R 0
1027 23787 20785 577 20808 548 5609 1 0 0 0 0 0 0 1 1 1 0 R 0
1028 23808 20754 613 20791 578 4219 1 0 0 0 0 0 0 1 1 1 0 R 0
1029 23829 20046 603 20078 571 4198 1 0 0 0 0 0 0 1 1 1 0 R 0
1030 23849 19284 605 19317 573 3829 1 0 0 0 0 0 0 1 1 1 0 R 0
1031 23876 26246 1277 26370 1177 5818 1 0 0 0 0 0 0 1 1 1 0 R 0
1032 23905 27930 1001 27935 989 7346 1 0 0 0 0 0 0 1 1 2 0 R 0
1033 23931 25220 940 25237 918 6774 1 0 0 0 0 0 0 1 1 1 0 R 0
1034 23953 20390 566 20405 545 3806 1 0 0 0 0 0 0 1 1 1 0 R 0
1035 23984 31314 1118 31346 1107 10190 1 0 0 0 0 0 0 1 1 1 0 R 0
1036 24014 28180 976 28280 966 7263 1 0 0 0 0 0 0 1 1 1 0 R 0
1037 24036 20793 604 20716 573 4512 1 0 0 0 0 0 0 1 1 2 0 R 0
1038 24055 18787 576 18815 548 4320 1 0 0 0 0 0 0 1 1 1 0 R 0
1039 24084 28820 646 28849 612 5087 1 0 0 0 0 0 0 1 1 1 0 R 0
1040 24111 26171 1469 26210 1448 6993 1 0 0 0 0 0 0 1 1 1 0 R 0
1041 24134 21795 646 21813 614 5143 1 0 0 0 0 0 0 1 1 1 0 R 0
1042 24155 19704 708 19760 656 3850 1 0 0 0 0 0 0 1 1 2 0 R 0
1043 24180 24987 1950 25013 1949 6155 1 0 0 0 0 0 0 1 1 0 0 R 0
1044 24207 24599 1174 24697 1077 6419 1 0 0 0 0 0 0 1 1 2 0 R 0
1045 24231 22390 600 22399 565 7253 1 0 0 0 0 0 0 1 1 0 0 R 0
1046 24251 19347 638 19374 612 3768 1 0 0 0 0 0 0 1 1 1 0 R 0
1047 24272 20886 1289 20915 1370 3868 1 0 0 0 0 0 0 1 1 2 0 R 0
1048 24298 25091 923 25019 895 6996 1 0 0 0 0 0 0 1 1 0 0 R 0
1049 24324 24822 751 24842 727 4370 1 0 0 0 0 0 0 1 1 1 0 R 0
1050 24348 22937 603 22964 569 8740 1 0 0 0 0 0 0 1 1 3 0 R 0
1051 24369 20952 611 20992 574 4309 1 0 0 0 0 0 0 1 1 1 0 R 0
1052 24396 25555 971 25583 945 5450 1 0 0 0 0 0 0 1 1 1 0 R 0
1053 24421 24199 692 24250 641 4443 1 0 0 0 0 0 0 1 1 1 0 R 0
1054 24445 23932 607 23961 577 5582 1 0 0 0 0 0 0 1 1 1 0 R 0
1055 24466 19536 640 19568 606 4298 1 0 0 0 0 0 0 1 1 1 0 R 0
1056 24491 24548 1618 24671 1507 4502 1 0 0 0 0 0 0 1 1 1 0 R 0
1057 24520 27864 644 26702 599 5392 1 0 1 0 0 0 0 1 1 1 0 R 0
1058 24543 22222 593 22248 566 5972 1 0 0 0 0 0 0 1 1 1 0 R 0
1059 24563 19195 600 19222 573 3828 1 0 0 0 0 0 0 1 1 1 0 R 0
1060 24587 23134 993 23173 968 3787 1 0 0 0 0 0 0 1 1 2 0 R 0
1061 24613 25656 811 25668 801 7110 1 0 0 0 0 0 0 1 1 1 0 R 0
1062 24637 23165 597 23187 562 6178 1 0 0 0 0 0 0 1 1 1 0 R 0
1063 24657 19650 593 19681 562 4688 1 0 0 0 0 0 0 1 1 1 0 R 0
1064 24678 20222 609 20260 574 4126 1 0 0 0 0 0 0 1 1 1 0 R 0
1065 24708 28921 1109 29049 990 10642 1 0 0 0 0 0 0 1 1 1 0 R 0
1066 24735 25723 1003 25741 976 3603 1 0 0 0 0 0 0 1 1 2 0 R 0
1067 24758 22246 593 22278 559 5838 1 0 0 0 0 0 0 1 1 1 0 R 0
1068 24779 20544 612 20585 574 4288 1 0 0 0 0 0 0 1 1 1 0 R 0
1069 24807 27603 1222 27635 1207 5310 1 0 0 0 0 0 0 1 1 1 0 R 0
1070 24835 26092 1103 26191 994 5326 1 0 0 0 0 0 0 1 1 1 0 R 0
1071 24856 20383 580 20404 552 4467 1 0 0 0 0 0 0 1 1 2 0 R 0
1072 24876 18970 580 19003 551 4230 1 0 0 0 0 0 0 1 1 1 0 R 0
1073 24903 27056 863 27090 937 4520 1 0 0 0 0 0 0 1 1 1 0 R 0
1074 24934 29994 1101 30007 983 7774 1 0 0 0 0 0 0 1 1 1 0 R 0
1075 24956 20735 655 20763 621 4605 1 0 0 0 0 0 0 1 1 2 0 R 0
1076 24975 18830 580 18861 550 4215 1 0 0 0 0 0 0 1 1 1 0 R 0
1077 24999 22703 613 22736 583 5512 1 0 0 0 0 0 0 1 1 1 0 R 0
1078 25026 26516 612 26545 580 5937 1 0 0 0 0 0 0 1 1 1 0 R 0
1079 25049 22802 720 22875 655 6832 1 0 0 0 0 0 0 1 1 1 0 R 0
1080 25074 24001 589 24021 565 8199 1 0 0 0 0 0 0 1 1 2 0 R 0
1081 25099 24136 1007 24167 989 3895 1 0 0 0 0 0 0 1 1 1 0 R 0
1082 25126 25885 812 25901 779 6013 1 0 0 0 0 0 0 1 1 1 0 R 0
1083 25154 27714 761 27744 735 6012 1 0 0 0 0 0 0 1 1 1 0 R 0
1084 25174 19618 585 19647 553 4233 1 0 0 0 0 0 0 1 1 1 0 R 0
1085 25199 23446 894 23483 862 3914 1 0 0 0 0 0 0 1 1 1 0 R 0
1086 25226 26133 595 26161 562 4933 1 0 0 0 0 0 0 1 1 2 0 R 0
1087 25250 23522 614 23557 582 6574 1 0 0 0 0 0 0 1 1 1 0 R 0
1088 25270 19272 608 19305 577 4193 1 0 0 0 0 0 0 1 1 1 0 R 0
1089 25293 22411 592 22439 563 3710 1 0 0 0 0 0 0 1 1 1 0 R 0
1090 25317 23991 994 24017 969 5683 1 0 0 0 0 0 0 1 1 2 0 R 0
1091 25344 26026 713 26053 688 4921 1 0 0 0 0 0 0 1 1 1 0 R 0
1092 25365 20132 602 20160 573 4179 1 0 0 0 0 0 0 1 1 1 0 R 0
1093 25385 19518 581 19546 551 3892 1 0 0 0 0 0 0 1 1 1 0 R 0
1094 25409 22781 983 22810 963 5957 1 0 0 0 0 0 0 1 1 1 0 R 0
1095 25439 29292 1180 29582 1001 12107 1 0 0 0 0 0 0 1 1 1 0 R 0
1096 25461 21533 1361 21955 661 4628 1 0 1 0 0 0 0 1 1 1 0 R 0
1097 25482 19092 608 19113 586 3898 1 0 0 0 0 0 0 1 1 1 0 R 0
1098 25504 21335 629 21361 595 3828 1 0 0 0 0 0 0 1 1 2 0 R 0
1099 25528 23390 894 23424 862 6504 1 0 0 0 0 0 0 1 1 1 0 R 0
1100 25554 25674 641 25705 611 4379 1 0 0 0 0 0 0 1 1 1 0 R 0
1101 25575 20103 594 20133 564 4128 1 0 0 0 0 0 0 1 1 1 0 R 0
1102 25597 21307 694 21344 658 3776 1 0 0 0 0 0 0 1 1 1 0 R 0
1103 25623 25508 702 25545 668 4653 1 0 0 0 0 0 0 1 1 2 0 R 0
1104 25647 23262 1095 23382 974 5437 1 0 0 0 0 0 0 1 1 1 0 R 0
1105 25670 21890 638 21919 604 4961 1 0 0 0 0 0 0 1 1 1 0 R 0
1106 25690 19284 568 19317 537 3845 1 0 0 0 0 0 0 1 1 1 0 R 0
1107 25716 25359 617 25399 582 5412 1 0 0 0 0 0 0 1 1 1 0 R 0
1108 25740 22815 1195 22909 1111 5070 1 0 0 0 0 0 0 1 1 2 0 R 0
1109 25764 23377 600 23400 569 4120 1 0 0 0 0 0 0 1 1 1 0 R 0
1110 25787 22146 971 22177 940 8462 1 0 0 0 0 0 0 1 1 1 0 R 0
1111 25809 20702 986 20740 952 4323 1 0 0 0 0 0 0 1 1 1 0 R 0
1112 25838 28176 1165 28297 1048 6980 1 0 0 0 0 1 0 1 1 1 0 R 0
1113 25864 24899 583 24923 554 4778 1 0 0 0 0 0 0 1 1 1 0 R 0
1114 25884 20094 592 20123 564 4137 1 0 0 0 0 0 0 1 1 1 0 R 0
1115 25906 20535 595 20568 560 3938 1 0 0 0 0 0 0 1 1 2 0 R 0
1116 25932 26215 1010 26239 996 5453 1 0 0 0 0 0 0 1 1 1 0 R 0
1117 25960 26649 2158 26674 2144 6294 1 0 0 0 0 1 0 1 1 1 0 R 0
1118 25983 21019 594 21025 571 4349 1 0 0 0 0 0 0 1 1 1 0 R 0
1119 26004 20172 1166 20252 1092 3885 1 0 0 0 0 0 0 1 1 2 0 R 0
1120 26028 22749 1007 22781 993 3922 1 0 0 0 0 0 0 1 1 1 0 R 0
1121 26056 27371 1557 27378 1659 6051 1 0 0 0 0 0 0 1 1 2 0 R 0
1122 26079 20920 600 20817 573 4980 1 0 0 0 0 0 0 1 1 1 0 R 0
1123 26099 19403 574 19428 548 4380 1 0 0 0 0 0 0 1 1 1 0 R 0
1124 26123 23360 755 23433 687 4932 1 0 0 0 0 0 0 1 1 1 0 R 0
1125 26151 27541 1581 27654 1476 12187 1 0 0 0 0 0 0 1 1 1 0 R 0
1126 26174 20964 599 20983 566 5857 1 0 0 0 0 0 0 1 1 1 0 R 0
1127 26195 20415 583 20443 556 4515 1 0 0 0 0 0 0 1 1 1 0 R 0
1128 26215 20003 644 20038 605 3796 1 0 0 0 0 0 0 1 1 1 0 R 0
1129 26241 25035 1386 25074 1363 4676 1 0 0 0 0 0 0 1 1 2 0 R 0
1130 26268 25319 648 25343 617 5057 1 0 0 0 0 0 0 1 1 1 0 R 0
1131 26291 22713 931 22747 902 5867 1 0 0 0 0 0 0 1 1 1 0 R 0
1132 26312 20537 1206 20698 1039 3732 1 0 0 0 0 0 0 1 1 1 0 R 0
1133 26340 26717 1010 26744 981 3875 1 0 0 0 0 0 0 1 1 2 0 R 0
1134 26369 27292 1028 27321 999 5582 1 0 0 0 0 0 0 1 1 1 0 R 0
1135 26390 20689 600 20724 564 3867 1 0 0 0 0 0 0 1 1 1 0 R 0
1136 26410 19013 654 19065 601 3696 1 0 0 0 0 0 0 1 1 1 0 R 0
1137 26438 27794 1166 27926 1044 4809 1 0 0 0 0 0 0 1 1 1 0 R 0
1138 26465 25731 988 25848 981 5408 1 0 0 0 0 0 0 1 1 2 0 R 0
1139 26488 21683 598 21596 565 6265 1 0 0 0 0 0 0 1 1 1 0 R 0
1140 26513 24518 591 23684 565 7953 1 0 1 0 0 0 0 1 1 1 0 R 0
1141 26541 27088 1720 27125 1724 4788 1 0 0 0 0 0 0 1 1 1 0 R 0
1142 26567 24863 995 24853 969 5997 1 0 0 0 0 0 0 1 1 1 0 R 0
1143 26590 21749 613 21793 566 5955 1 0 0 0 0 0 0 1 1 1 0 R 0
1144 26610 19759 597 19791 565 3765 1 0 0 0 0 0 0 1 1 1 0 R 0
1145 26637 25936 1098 26060 983 4701 1 0 0 0 0 0 0 1 1 2 0 R 0
1146 26673 35063 1224 35085 1200 5523 1 0 0 0 0 0 0 1 1 1 0 R 0
1147 26697 22660 604 22684 571 5067 1 0 0 0 0 0 0 1 1 2 0 R 0
1148 26717 19276 981 19305 955 4283 1 0 0 0 0 0 0 1 1 1 0 R 0
1149 26747 29019 1030 29139 909 5097 1 0 0 0 0 0 0 1 1 1 0 R 0
1150 26776 27903 995 27939 964 7597 1 0 0 0 0 0 0 1 1 1 0 R 0
1151 26801 23821 642 23849 609 7187 1 0 0 0 0 0 0 1 1 1 0 R 0
1152 26821 19440 586 19475 555 3748 1 0 0 0 0 0 0 1 1 2 0 R 0
1153 26846 25028 906 25157 774 4176 1 0 0 0 0 0 0 1 1 1 0 R 0
1154 26875 27969 1176 28098 1157 7283 1 0 0 0 0 0 0 1 1 1 0 R 0
1155 26901 25012 988 24939 959 10122 1 0 0 0 0 0 0 1 1 1 0 R 0
1156 26921 18357 581 18383 555 3803 1 0 0 0 0 0 0 1 1 1 0 R 0
1157 26946 24453 1008 24575 877 4611 1 0 0 0 0 0 0 1 1 1 0 R 0
1158 26974 27519 981 27552 954 6447 1 0 0 0 0 0 0 1 1 2 0 R 0
1159 27001 26071 945 26100 924 6696 1 0 0 0 0 0 0 1 1 1 0 R 0
1160 27021 19005 925 19024 902 4068 1 0 0 0 0 0 0 1 1 1 0 R 0
1161 27046 24121 1500 24146 1600 4988 1 0 0 0 0 0 0 1 1 1 0 R 0
1162 27073 25592 996 25488 990 7253 1 0 0 0 0 0 0 1 1 2 0 R 0
1163 27103 28899 628 28913 596 7322 1 0 0 0 0 0 0 1 1 1 0 R 0
1164 27124 19657 628 19686 600 4116 1 0 0 0 0 0 0 1 1 1 0 R 0
1165 27148 24156 1116 24282 991 5019 1 0 0 0 0 0 0 1 1 1 0 R 0
1166 27175 25914 648 25945 613 6658 1 0 0 0 0 0 0 1 1 1 0 R 0
1167 27195 19156 588 19188 556 4324 1 0 0 0 0 0 0 1 1 1 0 R 0
1168 27218 21923 605 21961 568 5625 1 0 0 0 0 0 0 1 1 1 0 R 0
1169 27240 21615 628 21655 590 4385 1 0 0 0 0 0 0 1 1 1 0 R 0
1170 27273 32301 584 32326 559 12354 1 0 0 0 0 0 0 1 1 1 0 R 0
1171 27301 27496 1568 27611 1469 5515 1 0 0 0 0 0 0 1 1 3 0 R 0
1172 27324 21784 589 21800 560 4220 1 0 0 0 0 0 0 1 1 1 0 R 0
1173 27347 21855 995 21889 970 3888 1 0 0 0 0 0 0 1 1 1 0 R 0
1174 27376 27919 594 27942 567 6835 1 0 0 0 0 0 0 1 1 1 0 R 0
1175 27405 28322 707 28344 691 6421 1 0 0 0 0 0 0 1 1 1 0 R 0
1176 27426 20964 602 20983 572 4885 1 0 0 0 0 0 0 1 1 1 0 R 0
1177 27450 22577 1135 22701 1013 4319 1 0 0 0 0 0 0 1 1 2 0 R 0
1178 27479 28492 597 27985 564 6470 1 0 1 0 0 0 0 1 1 0 0 R 0
1179 27500 19780 632 19835 576 3938 1 0 0 0 0 0 0 1 1 1 0 R 0
1180 27522 22218 572 22240 549 5499 1 0 0 0 0 0 0 1 1 1 0 R 0
1181 27545 21778 759 21828 730 3816 1 0 0 0 0 0 0 1 1 2 0 R 0
1182 27568 22931 1004 22942 975 6283 1 0 0 0 0 0 0 1 1 2 0 R 0
1183 27600 30315 1028 30439 925 6628 1 0 0 0 0 0 0 1 1 0 0 R 0
1184 27621 19820 594 19829 565 3983 1 0 0 0 0 0 0 1 1 1 0 R 0
1185 27645 24144 601 24177 566 8113 1 0 0 0 0 0 0 1 1 1 0 R 0
1186 27667 21549 1005 21600 960 4978 1 0 0 0 0 0 0 1 1 2 0 R 0
1187 27691 23012 1795 23445 1361 5022 1 0 0 0 0 0 0 1 1 1 0 R 0
1188 27714 20639 595 20664 565 3958 1 0 0 0 0 0 0 1 1 1 0 R 0
1189 27735 20612 592 20645 560 4099 1 0 0 0 0 0 0 1 1 1 0 R 0
1190 27758 21914 985 21948 956 4335 1 0 0 0 0 0 0 1 1 2 0 R 0
1191 27786 27056 604 27082 574 7203 1 0 0 0 0 0 0 1 1 1 0 R 0
1192 27811 24754 968 24805 927 6056 1 0 0 0 0 0 0 1 1 2 0 R 0
1193 27831 19479 970 19880 558 4236 1 0 0 0 0 0 0 1 1 1 0 R 0
1194 27854 21056 616 21106 572 3740 1 0 0 0 0 0 0 1 1 1 0 R 0
1195 27884 29675 1002 29804 977 6470 1 0 0 0 0 0 0 1 1 1 0 R 0
1196 27910 25457 818 25406 765 5156 1 0 0 0 0 0 0 1 1 1 0 R 0
1197 27930 19192 593 19220 563 3962 1 0 0 0 0 0 0 1 1 1 0 R 0
1198 27953 22508 624 22542 592 3789 1 0 0 0 0 0 0 1 1 1 0 R 0
1199 27981 27484 1523 28049 961 4893 1 0 0 0 0 0 0 1 1 1 0 R 0
1200 28017 33522 943 33626 832 12822 1 0 0 0 0 0 0 1 1 1 0 R 0
1201 28039 21503 604 21537 569 5200 1 0 0 0 0 0 0 1 1 3 0 R 0
1202 28060 20112 609 20154 587 4140 1 0 0 0 0 0 0 1 1 1 0 R 0
1203 28089 28246 993 28264 961 5286 1 0 0 0 0 0 0 1 1 1 0 R 0
1204 28118 28569 955 28690 834 4679 1 0 0 0 0 0 0 1 1 1 0 R 0
1205 28141 21889 893 21919 874 5623 1 0 0 0 0 1 0 1 1 1 0 R 0
1206 28163 21447 594 21466 565 3561 1 0 0 0 0 0 0 1 1 1 0 R 0
1207 28190 26290 605 26320 576 5765 1 0 0 0 0 0 0 1 1 1 0 R 0
1208 28210 18773 628 18804 600 3717 1 0 0 0 0 0 0 1 1 1 0 R 0
1209 28233 22619 578 22640 553 3717 1 0 0 0 0 0 0 1 1 1 0 R 0
1210 28253 19392 563 19418 540 3802 1 0 0 0 0 0 0 1 1 1 0 R 0
1211 28279 25347 1325 25375 1313 5576 1 0 0 0 0 0 0 1 1 1 0 R 0
1212 28314 34390 1403 34513 1269 4214 1 0 0 0 0 0 0 1 1 4 0 R 0
1213 28339 23284 818 23355 756 4484 1 0 0 0 0 0 0 1 1 2 0 R 0
1214 28365 24872 805 24926 748 3769 1 0 0 0 0 0 0 1 1 2 0 R 0
1215 28406 40495 1603 40540 1561 15194 1 0 0 0 0 0 0 1 1 4 0 R 0
1216 28439 31115 1086 31435 765 7108 1 0 0 0 0 0 0 1 1 3 0 R 0
1217 28464 24259 946 24323 887 3844 1 0 0 0 0 0 0 1 1 3 0 R 0
1218 28501 36224 908 36271 864 4239 1 0 0 0 0 0 0 1 1 4 0 R 0
1219 28533 30367 824 29440 893 7787 1 0 1 0 0 0 0 1 1 1 0 R 0
1220 28554 20534 1246 20473 1232 3752 1 0 0 0 0 1 0 1 1 1 0 R 0
1221 28581 25623 1663 25736 1551 3813 1 0 0 0 0 0 0 1 1 2 0 R 0
1222 28604 21630 637 21645 610 7310 1 0 0 0 0 0 0 1 1 1 0 R 0
1223 28624 19011 580 19036 554 3895 1 0 0 0 0 0 0 1 1 1 0 R 0
1224 28647 22284 598 22314 566 4274 1 0 0 0 0 0 0 1 1 1 0 R 0
1225 28669 21569 601 21605 569 4354 1 0 0 0 0 0 0 1 1 1 0 R 0
1226 28696 26815 589 26847 554 5341 1 0 0 0 0 0 0 1 1 2 0 R 0
1227 28727 30024 1181 30059 1169 6451 1 0 0 0 0 0 0 1 1 1 0 R 0
1228 28751 23203 949 23215 922 7776 1 0 0 0 0 0 0 1 1 1 0 R 0
1229 28774 22160 595 22187 561 4291 1 0 0 0 0 0 0 1 1 1 0 R 0
1230 28807 31971 1115 32093 1004 12976 1 0 0 0 0 0 0 1 1 1 0 R 0
1231 28833 25434 585 25451 558 5457 1 0 0 0 0 0 0 1 1 2 0 R 0
1232 28856 21724 596 21754 566 4162 1 0 0 0 0 0 0 1 1 1 0 R 0
1233 28877 20397 979 20433 945 4235 1 0 0 0 0 0 0 1 1 1 0 R 0
1234 28906 28343 1087 28466 972 6738 1 0 0 0 0 0 0 1 1 1 0 R 0
1235 28935 27564 608 27595 570 4586 1 0 0 0 0 0 0 1 1 2 0 R 0
1236 28956 20475 590 20505 560 4604 1 0 0 0 0 0 0 1 1 1 0 R 0
1237 28977 21020 603 21062 563 4212 1 0 0 0 0 0 0 1 1 1 0 R 0
1238 29007 28566 883 28597 852 5343 1 0 0 0 0 0 0 1 1 2 0 R 0
1239 29036 28237 607 28269 572 5266 1 0 0 0 0 0 0 1 1 1 0 R 0
1240 29057 20501 995 20533 980 4412 1 0 0 0 0 0 0 1 1 1 0 R 0
1241 29079 21428 606 21448 569 4236 1 0 0 0 0 0 0 1 1 1 0 R 0
1242 29108 27903 1036 27934 1014 4777 1 0 0 0 0 0 0 1 1 1 0 R 0
1243 29137 28565 758 28587 735 6363 1 0 0 0 0 0 0 1 1 2 0 R 0
1244 29158 19721 642 19746 615 4355 1 0 0 0 0 0 0 1 1 1 0 R 0
1245 29183 24825 587 24855 557 8217 1 0 0 0 0 0 0 1 1 1 0 R 0
1246 29209 25381 1098 25416 1066 5263 1 0 0 0 0 0 0 1 1 1 0 R 0
1247 29238 28028 910 28062 884 5207 1 0 0 0 0 0 0 1 1 1 0 R 0
1248 29259 19650 586 19669 559 4324 1 0 0 0 0 0 0 1 1 2 0 R 0
1249 29278 18772 804 18822 763 3957 1 0 0 0 0 0 0 1 1 1 0 R 0
1250 29308 28937 1092 29047 977 3961 1 0 0 0 0 0 0 1 1 1 0 R 0
1251 29337 28259 1322 28336 1384 5673 1 0 0 0 0 0 0 1 1 1 0 R 0
1252 29362 23347 616 23225 595 5053 1 0 0 0 0 0 0 1 1 2 0 R 0
1253 29381 18502 1838 18530 1822 3891 1 0 0 0 0 0 0 1 1 1 0 R 0
1254 29410 26918 985 26936 958 4286 1 0 0 0 0 0 0 1 1 2 0 R 0
1255 29438 27237 1121 27364 1003 8525 1 0 0 0 0 0 0 1 1 0 0 R 0
1256 29464 25107 575 24830 542 6474 1 0 1 0 0 0 0 1 1 2 0 R 0
1257 29487 21645 816 21774 689 3881 1 0 0 0 0 0 0 1 1 2 0 R 0
1258 29513 25737 1187 25791 1136 4162 1 0 0 0 0 0 0 1 1 1 0 R 0
1259 29541 26317 1675 26348 1670 7568 1 0 0 0 0 0 0 1 1 0 0 R 0
1260 29567 24754 949 24756 919 8220 1 0 0 0 0 0 0 1 1 2 0 R 0
1261 29588 19680 610 19720 571 4340 1 0 0 0 0 0 0 1 1 1 0 R 0
1262 29609 20698 600 20729 570 4177 1 0 0 0 0 0 0 1 1 1 0 R 0
1263 29629 19710 630 19760 584 3870 1 0 0 0 0 0 0 1 1 1 0 R 0
1264 29650 20387 588 20413 558 4898 1 0 0 0 0 0 0 1 1 2 0 R 0
1265 29671 20432 869 20460 846 4431 1 0 0 0 0 0 0 1 1 1 0 R 0
1266 29694 21475 643 21500 610 3701 1 0 0 0 0 0 0 1 1 1 0 R 0
1267 29718 24036 900 24074 864 4375 1 0 0 0 0 0 0 1 1 2 0 R 0
1268 29745 25327 1381 25360 1367 4919 1 0 0 0 0 0 0 1 1 1 0 R 0
1269 29767 20888 604 20900 573 4529 1 0 0 0 0 0 0 1 1 1 0 R 0
1270 29787 19552 590 19581 561 4185 1 0 0 0 0 0 0 1 1 1 0 R 0
1271 29811 23469 1243 23504 1226 5875 1 0 0 0 0 0 0 1 1 1 0 R 0
1272 29837 24582 1410 24600 1392 7901 1 0 0 0 0 0 0 1 1 1 0 R 0
1273 29861 22307 646 22326 611 6492 1 0 0 0 0 0 0 1 1 2 0 R 0
1274 29881 19174 599 19209 571 3898 1 0 0 0 0 0 0 1 1 1 0 R 0
1275 29907 25627 941 25660 919 7898 1 0 0 0 0 0 0 1 1 1 0 R 0
1276 29931 23630 963 23649 934 4839 1 0 0 0 0 0 0 1 1 1 0 R 0
1277 29956 24111 590 24137 561 4629 1 0 0 0 0 0 0 1 1 1 0 R 0
1278 29977 20093 591 20124 559 4391 1 0 0 0 0 0 0 1 1 2 0 R 0
1279 29999 21140 1020 21175 991 4393 1 0 0 0 0 0 0 1 1 1 0 R 0
1280 30025 25003 967 25025 945 4864 1 0 0 0 0 0 0 1 1 1 0 R 0
1281 30050 23694 616 23724 586 4506 1 0 0 0 0 0 0 1 1 1 0 R 0
1282 30071 20841 970 20872 940 4580 1 0 0 0 0 0 0 1 1 1 0 R 0
1283 30091 18931 575 18952 549 3858 1 0 0 0 0 0 0 1 1 2 0 R 0
1284 30113 21657 894 21847 718 3784 1 0 0 0 0 0 0 1 1 1 0 R 0
1285 30138 23902 1107 24022 978 7287 1 0 0 0 0 0 0 1 1 1 0 R 0
1286 30163 23958 653 23998 631 5438 1 0 0 0 0 0 0 1 1 1 0 R 0
1287 30184 20171 603 20180 576 4144 1 0 0 0 0 0 0 1 1 1 0 R 0
1288 30206 21230 596 21260 567 3785 1 0 0 0 0 0 0 1 1 1 0 R 0
1289 30230 23477 649 23508 615 4247 1 0 0 0 0 0 0 1 1 1 0 R 0
1290 30256 25586 1018 25617 996 12371 1 0 0 0 0 0 0 1 1 2 0 R 0
1291 30279 22194 586 22216 554 7414 1 0 0 0 0 0 0 1 1 1 0 R 0
1292 30299 19451 596 19481 567 3836 1 0 0 0 0 0 0 1 1 1 0 R 0
1293 30327 27423 695 27452 663 5634 1 0 0 0 0 0 0 1 1 1 0 R 0
1294 30350 21969 619 22007 589 4441 1 0 0 0 0 0 0 1 1 1 0 R 0
1295 30374 23038 584 23058 557 5150 1 0 0 0 0 0 0 1 1 1 0 R 0
1296 30394 20004 619 20034 592 4208 1 0 0 0 0 0 0 1 1 1 0 R 0
1297 30415 20288 964 20320 938 3917 1 0 0 0 0 0 0 1 1 2 0 R 0
1298 30440 23947 992 23972 977 7259 1 0 0 0 0 1 0 1 1 1 0 R 0
1299 30468 26884 597 26898 568 4884 1 0 0 0 0 0 0 1 1 1 0 R 0
1300 30488 19310 597 19342 567 4561 1 0 0 0 0 0 0 1 1 1 0 R 0
1301 30509 21156 666 21191 634 4183 1 0 0 0 0 0 0 1 1 1 0 R 0
1302 30534 24045 588 23742 557 4729 1 0 1 0 0 0 0 1 1 1 0 R 0
1303 30559 24431 1112 24553 1004 7214 1 0 0 0 0 0 0 1 1 1 0 R 0
1304 30582 21838 569 21847 549 5594 1 0 0 0 0 0 0 1 1 1 0 R 0
1305 30606 23177 589 23208 561 8092 1 0 0 0 0 0 0 1 1 2 0 R 0
1306 30629 22263 582 22289 552 4914 1 0 0 0 0 0 0 1 1 1 0 R 0
1307 30653 23312 589 23339 564 4812 1 0 0 0 0 0 0 1 1 1 0 R 0
1308 30676 23126 589 23152 564 5869 1 0 0 0 0 0 0 1 1 1 0 R 0
1309 30697 20173 589 20198 565 4740 1 0 0 0 0 0 0 1 1 3 0 R 0
1310 30717 19406 652 19437 615 4232 1 0 0 0 0 0 0 1 1 1 0 R 0
1311 30744 26042 595 26077 563 5899 1 0 0 0 0 0 0 1 1 1 0 R 0
1312 30764 19650 597 19682 567 4054 1 0 0 0 0 0 0 1 1 1 0 R 0
1313 30786 21327 855 21433 755 3903 1 0 0 0 0 0 0 1 1 2 0 R 0
1314 30807 20425 594 20449 565 4331 1 0 0 0 0 0 0 1 1 1 0 R 0
1315 30830 21873 662 21907 627 4268 1 0 0 0 0 0 0 1 1 1 0 R 0
1316 30854 23941 588 23970 559 4727 1 0 0 0 0 0 0 1 1 1 0 R 0
1317 30879 24141 1126 24271 1002 5533 1 0 0 0 0 0 0 1 1 1 0 R 0
1318 30902 22286 582 22304 556 5594 1 0 0 0 0 0 0 1 1 1 0 R 0
1319 30924 21389 641 21424 605 3857 1 0 0 0 0 0 0 1 1 1 0 R 0
1320 30953 27767 773 27812 736 9549 1 0 0 0 0 0 0 1 1 1 0 R 0
1321 30976 21919 792 21941 776 4965 1 0 0 0 0 0 0 1 1 1 0 R 0
1322 30997 20772 601 20794 572 4622 1 0 0 0 0 0 0 1 1 2 0 R 0
1323 31018 19837 599 19866 571 4279 1 0 0 0 0 0 0 1 1 1 0 R 0
1324 31043 24494 962 24513 955 6172 1 0 0 0 0 0 0 1 1 1 0 R 0
1325 31068 24445 690 24555 567 5299 1 0 0 0 0 0 0 1 1 1 0 R 0
1326 31091 22307 948 22341 934 4530 1 0 0 0 0 0 0 1 1 1 0 R 0
1327 31111 19214 866 19222 843 4326 1 0 0 0 0 0 0 1 1 2 0 R 0
1328 31133 21083 911 21108 879 3766 1 0 0 0 0 0 0 1 1 1 0 R 0
1329 31157 22638 1385 22931 1218 6300 1 0 0 0 0 0 0 1 1 1 0 R 0
1330 31183 25340 1088 25244 1070 5080 1 0 0 0 0 0 0 1 1 1 0 R 0
1331 31204 19657 587 19675 560 4407 1 0 0 0 0 0 0 1 1 1 0 R 0
1332 31225 19979 1615 20005 1598 3715 1 0 0 0 0 0 0 1 1 1 0 R 0
1333 31250 24054 609 24079 572 4503 1 0 0 0 0 0 0 1 1 2 0 R 0
1334 31272 21274 565 21301 539 3867 1 0 0 0 0 0 0 1 1 1 0 R 0
1335 31299 25865 636 25901 601 12954 1 0 0 0 0 0 0 1 1 1 0 R 0
1336 31318 18634 590 18669 559 4163 1 0 0 0 0 0 0 1 1 1 0 R 0
1337 31341 22418 1522 22454 1497 4453 1 0 0 0 0 0 0 1 1 1 0 R 0
1338 31367 24025 1513 24144 1392 5063 1 0 0 0 0 0 0 1 1 2 0 R 0
1339 31392 24058 731 24239 546 4721 1 0 0 0 0 0 0 1 1 1 0 R 0
1340 31412 19548 582 19566 555 4143 1 0 0 0 0 0 0 1 1 1 0 R 0
1341 31434 21261 596 21296 566 3924 1 0 0 0 0 0 0 1 1 1 0 R 0
1342 31457 22028 961 22059 929 4532 1 0 0 0 0 0 0 1 1 1 0 R 0
1343 31483 25170 962 24413 844 8231 1 0 1 0 0 0 0 1 1 1 0 R 0
1344 31505 21088 599 21120 568 4454 1 0 0 0 0 0 0 1 1 1 0 R 0
1345 31525 19487 570 19516 543 3844 1 0 0 0 0 0 0 1 1 1 0 R 0
1346 31549 23387 603 23424 567 3868 1 0 0 0 0 0 0 1 1 1 0 R 0
1347 31574 23891 685 23919 678 3983 1 0 0 0 0 0 0 1 1 2 0 R 0
1348 31597 22234 599 22246 566 6883 1 0 0 0 0 0 0 1 1 1 0 R 0
1349 31617 20015 598 20048 568 4323 1 0 0 0 0 0 0 1 1 1 0 R 0
1350 31641 23497 957 23533 926 8093 1 0 0 0 0 0 0 1 1 1 0 R 0
1351 31666 23341 987 23456 979 4141 1 0 0 0 0 0 0 1 1 2 0 R 0
1352 31691 24043 590 23963 558 4686 1 0 0 0 0 0 0 1 1 1 0 R 0
1353 31711 20036 954 20067 929 4260 1 0 0 0 0 0 0 1 1 1 0 R 0
1354 31731 19091 1056 19178 970 3683 1 0 0 0 0 0 0 1 1 1 0 R 0
1355 31753 21005 607 21025 582 5080 1 0 0 0 0 0 0 1 1 2 0 R 0
1356 31777 23254 1096 23284 1082 4798 1 0 0 0 0 0 0 1 1 0 0 R 0
1357 31802 24050 988 24057 975 5572 1 0 0 0 0 0 0 1 1 2 0 R 0
1358 31826 22371 591 22395 560 5336 1 0 0 0 0 0 0 1 1 1 0 R 0
1359 31850 23883 607 20372 571 4345 1 0 1 0 0 0 0 1 1 1 0 R 0
1360 31873 21954 637 22006 590 4164 1 0 0 0 0 0 0 1 1 2 0 R 0
1361 31896 22736 603 19639 566 3880 1 0 1 0 0 0 0 1 1 1 0 R 0
1362 31918 20909 784 20943 752 4297 1 0 0 0 0 0 0 1 1 1 0 R 0
1363 31940 21303 626 21336 592 5594 1 0 0 0 0 0 0 1 1 1 0 R 0
1364 31968 27558 1280 27684 1165 4359 1 0 0 0 0 0 0 1 1 2 0 R 0
1365 31995 25727 606 25753 574 11414 1 0 0 0 0 0 0 1 1 1 0 R 0
1366 32019 23704 598 23728 573 6664 1 0 0 0 0 0 0 1 1 1 0 R 0
1367 32041 20957 596 20991 574 4947 1 0 0 0 0 0 0 1 1 2 0 R 0
1368 32065 23917 966 24021 845 5537 1 0 0 0 0 0 0 1 1 1 0 R 0
1369 32090 24056 587 24096 561 4562 1 0 0 0 0 0 0 1 1 1 0 R 0
1370 32114 23138 642 23159 611 4476 1 0 0 0 0 0 0 1 1 1 0 R 0
1371 32135 20516 579 20543 552 4242 1 0 0 0 0 0 0 1 1 0 0 R 0
1372 32156 20628 804 20684 759 3792 1 0 0 0 0 0 0 1 1 3 0 R 0
1373 32183 25758 1288 25793 1249 6883 1 0 0 0 0 0 0 1 1 1 0 R 0
1374 32210 25770 817 25928 657 4094 1 0 0 0 0 0 0 1 1 1 0 R 0
1375 32231 19673 596 19704 563 4295 1 0 0 0 0 0 0 1 1 0 0 R 0
1376 32251 20210 939 20248 905 3853 1 0 0 0 0 0 0 1 1 2 0 R 0
1377 32276 24175 629 24197 602 4678 1 0 0 0 0 0 0 1 1 1 0 R 0
1378 32300 22501 624 22531 591 7263 1 0 0 0 0 0 0 1 1 1 0 R 0
1379 32324 23347 577 23374 551 6042 1 0 0 0 0 0 0 1 1 1 0 R 0
1380 32347 22736 594 22766 568 8303 1 0 0 0 0 0 0 1 1 1 0 R 0
1381 32371 23487 1126 23568 1055 5040 1 0 0 0 0 0 0 1 1 1 0 R 0
1382 32395 22898 605 22923 568 4000 1 0 0 0 0 0 0 1 1 2 0 R 0
1383 32419 23155 605 23191 570 6539 1 0 0 0 0 0 0 1 1 1 0 R 0
1384 32439 19861 638 19891 609 4660 1 0 0 0 0 0 0 1 1 1 0 R 0
1385 32460 20241 610 20279 570 3898 1 0 0 0 0 0 0 1 1 1 0 R 0
1386 32488 27332 1023 27366 1008 5590 1 0 0 0 0 0 0 1 1 1 0 R 0
1387 32514 25117 735 25130 705 4449 1 0 0 0 0 0 0 1 1 1 0 R 0
1388 32535 20140 598 20169 570 4020 1 0 0 0 0 0 0 1 1 2 0 R 0
1389 32555 19699 579 19726 554 4236 1 0 0 0 0 0 0 1 1 2 0 R 0
1390 32579 23187 983 23223 952 4584 1 0 0 0 0 0 0 1 1 1 0 R 0
1391 32605 25189 976 25212 948 6509 1 0 0 0 0 1 0 1 1 1 0 R 0
1392 32629 22387 602 22423 572 4797 1 0 0 0 0 0 0 1 1 1 0 R 0
1393 32648 18945 636 18970 606 4264 1 0 0 0 0 0 0 1 1 1 0 R 0
1394 32670 21130 988 21164 956 4165 1 0 0 0 0 0 0 1 1 1 0 R 0
1395 32697 26562 620 26593 587 10932 1 0 0 0 0 0 0 1 1 1 0 R 0
1396 32722 24378 591 24406 560 5270 1 0 0 0 0 0 0 1 1 1 0 R 0
1397 32742 19370 582 19397 559 4142 1 0 0 0 0 0 0 1 1 1 0 R 0
1398 32764 20923 1037 21074 884 3782 1 0 0 0 0 0 0 1 1 2 0 R 0
1399 32788 23439 1001 23465 981 4078 1 0 0 0 0 0 0 1 1 1 0 R 0
1400 32813 23567 579 23583 553 3810 1 0 0 0 0 0 0 1 1 1 0 R 0
1401 32835 21173 596 21203 567 4089 1 0 0 0 0 0 0 1 1 1 0 R 0
1402 32855 19765 633 19793 603 3784 1 0 0 0 0 0 0 1 1 1 0 R 0
1403 32876 20457 594 20491 567 3889 1 0 0 0 0 0 0 1 1 1 0 R 0
1404 32900 23356 1182 23382 1158 5357 1 0 0 0 0 0 0 1 1 2 0 R 0
1405 32926 25065 593 25087 560 4328 1 0 0 0 0 0 0 1 1 1 0 R 0
1406 32947 19788 591 19816 561 4460 1 0 0 0 0 0 0 1 1 1 0 R 0
1407 32968 20302 1064 20342 1036 4285 1 0 0 0 0 0 0 1 1 1 0 R 0
1408 32993 24610 595 24626 568 3884 1 0 0 0 0 0 0 1 1 1 0 R 0
1409 33016 21658 643 21691 611 3943 1 0 0 0 0 0 0 1 1 2 0 R 0
1410 33041 25148 980 25178 960 12099 1 0 0 0 0 0 0 1 1 1 0 R 0
1411 33061 18508 1132 18543 1097 3678 1 0 0 0 0 0 0 1 1 1 0 R 0
1412 33086 23727 995 23749 966 3800 1 0 0 0 0 0 0 1 1 1 0 R 0
1413 33111 24693 1061 24720 1038 5033 1 0 0 0 0 0 0 1 1 1 0 R 0
1414 33137 24137 623 24164 585 3681 1 0 0 0 0 0 0 1 1 1 0 R 0
1415 33156 19198 591 19227 565 4602 1 0 0 0 0 0 0 1 1 1 0 R 0
1416 33178 20679 605 20713 570 4220 1 0 0 0 0 0 0 1 1 2 0 R 0
1417 33204 25656 962 25767 944 6142 1 0 0 0 0 0 0 1 1 1 0 R 0
1418 33231 25641 1215 25576 1194 5291 1 0 0 0 0 0 0 1 1 1 0 R 0
1419 33251 18974 597 18995 568 4237 1 0 0 0 0 0 0 1 1 1 0 R 0
1420 33271 19626 987 19679 939 4041 1 0 0 0 0 0 0 1 1 2 0 R 0
1421 33296 23687 608 23716 571 4066 1 0 0 0 0 0 0 1 1 1 0 R 0
1422 33319 22207 608 22239 573 4751 1 0 0 0 0 0 0 1 1 1 0 R 0
1423 33343 23941 591 23971 566 6526 1 0 0 0 0 0 0 1 1 1 0 R 0
1424 33363 19435 586 19457 562 4186 1 0 0 0 0 0 0 1 1 1 0 R 0
1425 33389 25610 1028 25645 997 8093 1 0 0 0 0 0 0 1 1 2 0 R 0
1426 33415 24983 592 25006 562 4354 1 0 0 0 0 0 0 1 1 1 0 R 0
1427 33439 23234 767 23435 573 5855 1 0 0 0 0 0 0 1 1 1 0 R 0
1428 33459 19602 616 19627 586 4092 1 0 0 0 0 0 0 1 1 1 0 R 0
1429 33481 20653 1303 20689 1397 3695 1 0 0 0 0 0 0 1 1 2 0 R 0
1430 33503 21001 1067 20895 1058 4190 1 0 0 0 0 0 0 1 1 1 0 R 0
1431 33529 24462 1102 24568 988 7467 1 0 0 0 0 0 0 1 1 1 0 R 0
1432 33553 23498 616 22617 584 4328 1 0 1 0 0 0 0 1 1 1 0 R 0
1433 33573 19526 796 19569 753 4195 1 0 0 0 0 0 0 1 1 2 0 R 0
1434 33596 21953 656 21991 619 3805 1 0 0 0 0 0 0 1 1 1 0 R 0
1435 33620 23636 1626 23692 1591 4306 1 0 0 0 0 0 0 1 1 1 0 R 0
1436 33643 21459 582 21463 557 3998 1 0 0 0 0 0 0 1 1 1 0 R 0
1437 33663 19299 583 19321 560 4130 1 0 0 0 0 0 0 1 1 1 0 R 0
1438 33685 21299 984 21422 869 3811 1 0 0 0 0 0 0 1 1 2 0 R 0
1439 33713 26655 861 26671 841 4965 1 0 0 0 0 0 0 1 1 1 0 R 0
1440 33740 26347 809 26376 785 11077 1 0 0 0 0 0 0 1 1 1 0 R 0
1441 33765 24495 607 24512 579 6129 1 0 0 0 0 0 0 1 1 1 0 R 0
1442 33787 20928 1009 21067 868 4461 1 0 0 0 0 0 0 1 1 1 0 R 0
1443 33814 25937 603 25978 565 4260 1 0 0 0 0 0 0 1 1 2 0 R 0
1444 33836 21866 582 21893 553 4101 1 0 0 0 0 0 0 1 1 1 0 R 0
1445 33858 20974 602 21003 572 4833 1 0 0 0 0 0 0 1 1 1 0 R 0
1446 33878 19091 586 19122 556 4148 1 0 0 0 0 0 0 1 1 1 0 R 0
1447 33903 24819 1024 24843 1015 4282 1 0 0 0 0 0 0 1 1 1 0 R 0
1448 33929 24998 639 25012 604 5847 1 0 0 0 0 0 0 1 1 1 0 R 0
1449 33953 23271 632 23306 598 4044 1 0 0 0 0 0 0 1 1 1 0 R 0
1450 33974 20897 600 20926 567 4075 1 0 0 0 0 0 0 1 1 1 0 R 0
1451 33997 21935 600 21973 569 5104 1 0 0 0 0 0 0 1 1 2 0 R 0
1452 34021 23365 1864 23408 1836 6413 1 0 0 0 0 0 0 1 1 1 0 R 0
1453 34047 24638 997 24652 959 6209 1 0 0 0 0 0 0 1 1 1 0 R 0
1454 34070 21662 629 21700 595 4605 1 0 0 0 0 0 0 1 1 1 0 R 0
1455 34094 23506 646 23538 611 8023 1 0 0 0 0 0 0 1 1 2 0 R 0
1456 34118 23463 729 23496 699 4179 1 0 0 0 0 0 0 1 1 1 0 R 0
1457 34141 21940 1339 21969 1340 7043 1 0 0 0 0 0 0 1 1 1 0 R 0
1458 34165 22649 600 22644 574 7771 1 0 0 0 0 0 0 1 1 1 0 R 0
1459 34186 19893 602 19919 585 3891 1 0 0 0 0 0 0 1 1 1 0 R 0
1460 34207 20797 778 20843 730 4106 1 0 0 0 0 0 0 1 1 1 0 R 0
1461 34234 26063 589 26078 561 4913 1 0 0 0 0 0 0 1 1 1 0 R 0
1462 34258 23643 642 23677 608 3759 1 0 0 0 0 0 0 1 1 1 0 R 0
1463 34279 20494 607 20528 571 4468 1 0 0 0 0 0 0 1 1 1 0 R 0
1464 34300 20458 793 20499 762 3823 1 0 0 0 0 0 0 1 1 2 0 R 0
1465 34326 25109 1175 25133 1255 4200 1 0 0 0 0 0 0 1 1 1 0 R 0
1466 34354 26887 1024 26801 1009 5894 1 0 0 0 0 0 0 1 1 2 0 R 0
1467 34376 20985 771 21025 736 4569 1 0 0 0 0 0 0 1 1 1 0 R 0
1468 34396 19094 587 19104 557 4436 1 0 0 0 0 0 0 1 1 1 0 R 0
1469 34420 23191 808 23222 772 5775 1 0 0 0 0 0 0 1 1 1 0 R 0
1470 34449 28526 1022 28561 1002 13570 1 0 0 0 0 0 0 1 1 1 0 R 0
1471 34472 22313 592 22325 564 5258 1 0 0 0 0 0 0 1 1 1 0 R 0
1472 34492 19218 564 19249 534 3747 1 0 0 0 0 0 0 1 1 2 0 R 0
1473 34516 23540 704 22297 667 3894 1 0 1 0 0 0 0 1 1 1 0 R 0
1474 34543 25495 763 25519 741 5613 1 0 0 0 0 0 0 1 1 1 0 R 0
1475 34568 24614 1470 24731 1369 5216 1 0 0 0 0 0 0 1 1 1 0 R 0
1476 34593 23185 627 23190 606 4619 1 0 0 0 0 0 0 1 1 1 0 R 0
1477 34615 21279 596 21308 561 3882 1 0 0 0 0 0 0 1 1 1 0 R 0
1478 34641 25432 588 25464 554 5351 1 0 0 0 0 0 0 1 1 2 0 R 0
1479 34667 26267 586 26297 558 4419 1 0 0 0 0 0 0 1 1 1 0 R 0
1480 34687 19119 593 19148 564 4320 1 0 0 0 0 0 0 1 1 1 0 R 0
1481 34709 21368 1173 21498 1047 4306 1 0 0 0 0 0 0 1 1 1 0 R 0
1482 34736 25971 1012 25995 985 4085 1 0 0 0 0 0 0 1 1 1 0 R 0
1483 34762 24826 565 24844 540 5906 1 0 0 0 0 0 0 1 1 1 0 R 0
1484 34787 24365 1050 24853 570 6862 1 0 0 0 0 0 0 1 1 1 0 R 0
1485 34813 24924 592 24950 561 7974 1 0 0 0 0 0 0 1 1 1 0 R 0
1486 34840 26738 751 26769 715 5201 1 0 0 0 0 0 0 1 1 3 0 R 0
1487 34868 26930 1206 26964 1203 6442 1 0 0 0 0 0 0 1 1 1 0 R 0
1488 34890 20685 617 20685 589 3995 1 0 0 0 0 0 0 1 1 1 0 R 0
1489 34909 18934 603 18963 590 3899 1 0 0 0 0 0 0 1 1 1 0 R 0
1490 34936 25838 608 25856 576 3961 1 0 0 0 0 0 0 1 1 1 0 R 0
1491 34963 26307 979 26329 953 7063 1 0 0 0 0 0 0 1 1 1 0 R 0
1492 34987 22963 636 22995 598 7355 1 0 0 0 0 0 0 1 1 1 0 R 0
1493 35008 20404 590 20437 558 4247 1 0 0 0 0 0 0 1 1 2 0 R 0
1494 35033 24643 959 24757 845 4896 1 0 0 0 0 0 0 1 1 1 0 R 0
1495 35060 25562 1050 25719 892 6537 1 0 0 0 0 0 0 1 1 1 0 R 0
1496 35088 27488 907 27594 801 6737 1 0 0 0 0 0 0 1 1 1 0 R 0
1497 35108 19429 599 19460 567 4562 1 0 0 0 0 0 0 1 1 1 0 R 0
1498 35134 25453 778 25485 762 4216 1 0 0 0 0 0 0 1 1 1 0 R 0
1499 35161 26036 1858 26075 1822 5580 1 0 0 0 0 0 0 1 1 2 0 R 0
