# swapstamp frames 1500 skip 300 peer 522
# f t_ms gap_us swap_us crend_us cswap_us clr_us nclr vcs_r ivcs_r vcs_s ivcs_s minf majf cpu0 cpu1 pticks pcpu pstate ctr
0 0 28624 681 28633 653 12850 1 0 0 0 0 0 0 1 1 0 0 R 0
1 23 22858 645 22888 616 7005 1 0 0 0 0 0 0 1 1 1 0 R 0
2 43 19366 744 19442 661 4060 1 0 0 0 0 0 0 1 1 2 0 R 0
3 71 26816 1046 26391 1121 4825 1 0 1 0 0 0 0 1 1 2 0 R 0
4 98 26839 998 26756 978 6311 1 0 0 0 0 0 0 1 1 1 0 R 0
5 125 25844 967 25865 949 7093 1 0 0 0 0 0 0 1 1 1 0 R 0
6 145 19018 885 19034 862 3856 1 0 0 0 0 0 0 1 1 1 0 R 0
7 168 21326 1018 21354 986 3831 1 0 0 0 0 0 0 1 1 1 0 R 0
8 198 29311 657 29348 618 8100 1 0 0 0 0 0 0 1 1 1 0 R 0
9 220 21776 614 21803 581 6532 1 0 0 0 0 0 0 1 1 1 0 R 0
10 241 20560 634 20591 608 4211 1 0 0 0 0 0 0 1 1 1 0 R 0
11 264 21533 602 21559 570 4621 1 0 0 0 0 0 0 1 1 2 0 R 0
12 287 22517 602 22552 560 4392 1 0 0 0 0 0 0 1 1 1 0 R 0
13 310 22340 599 22364 576 4267 1 0 0 0 0 0 0 1 1 1 0 R 0
14 331 21133 606 21162 575 4761 1 0 0 0 0 0 0 1 1 1 0 R 0
15 354 22336 612 22362 581 8216 1 0 0 0 0 0 0 1 1 2 0 R 0
16 379 24470 1013 24493 994 5182 1 0 0 0 0 0 0 1 1 1 0 R 0
17 408 27418 1367 27489 1294 7145 1 0 0 0 0 0 0 1 1 1 0 R 0
18 431 21439 970 21466 943 3846 1 0 0 0 0 0 0 1 1 1 0 R 0
19 453 20973 644 20993 616 4570 1 0 0 0 0 0 0 1 1 1 0 R 0
20 475 22131 1664 22258 1560 4182 1 0 0 0 0 0 0 1 1 2 0 R 0
21 506 28832 599 28833 573 7818 1 0 0 0 0 0 0 1 1 1 0 R 0
22 534 27815 1072 27921 963 4527 1 0 0 0 0 0 0 1 1 1 0 R 0
23 556 20712 619 20728 602 3934 1 0 0 0 0 0 0 1 1 1 0 R 0
24 580 22758 1207 22787 1192 3869 1 0 0 0 0 0 0 1 1 1 0 R 0
25 607 26393 631 26395 608 5689 1 0 0 0 0 0 0 1 1 2 0 R 0
26 630 22333 595 22361 566 5089 1 0 0 0 0 0 0 1 1 1 0 R 0
27 651 19908 591 19935 567 4604 1 0 0 0 0 0 0 1 1 2 0 R 0
28 673 21859 840 21919 788 4243 1 0 0 0 0 0 0 1 1 1 0 R 0
29 702 28283 1000 28295 975 5219 1 0 0 0 0 0 0 1 1 1 0 R 0
30 736 33260 1336 33360 1241 11854 1 0 0 0 0 0 0 1 1 1 0 R 0
31 759 21221 600 21237 571 4757 1 0 0 0 0 0 0 1 1 1 0 R 0
32 782 22085 628 22139 574 3851 1 0 0 0 0 0 0 1 1 1 0 R 0
33 812 29696 689 29741 650 5528 1 0 0 0 0 0 0 1 1 2 0 R 0
34 838 25338 593 25358 565 6670 1 0 0 0 0 0 0 1 1 1 0 R 0
35 859 20839 593 20862 565 4653 1 0 0 0 0 0 0 1 1 1 0 R 0
36 881 20899 586 20928 564 4196 1 0 0 0 0 0 0 1 1 1 0 R 0
37 909 27889 1016 27906 1096 6601 1 0 0 0 0 0 0 1 1 1 0 R 0
38 938 27375 1884 27431 1734 4871 1 0 0 0 0 0 0 1 1 1 0 R 0
39 966 26216 811 26227 809 6149 1 0 0 0 0 0 0 1 1 3 0 R 0
40 997 30131 1564 30242 1445 3888 1 0 0 0 0 0 0 1 1 3 0 R 0
41 1039 40195 762 38664 734 11218 1 0 1 0 0 0 0 1 1 4 0 R 0
42 1059 19372 603 19388 576 4092 1 0 0 0 0 0 0 1 1 1 0 R 0
43 1081 22100 618 22130 588 3846 1 0 0 0 0 0 0 1 1 2 0 R 0
44 1109 27097 768 27208 646 5051 1 0 0 0 0 0 0 1 1 1 0 R 0
45 1140 30270 601 30300 574 11291 1 0 0 0 0 0 0 1 1 1 0 R 0
46 1162 20934 593 20956 566 4767 1 0 0 0 0 0 0 1 1 1 0 R 0
47 1183 20970 627 21007 598 4211 1 0 0 0 0 0 0 1 1 1 0 R 0
48 1210 25781 574 25432 545 5587 1 0 1 0 0 0 0 1 1 1 0 R 0
49 1241 31070 748 30498 601 5246 1 0 1 0 0 0 0 1 1 2 0 R 0
50 1262 20371 641 20021 603 5404 1 0 1 0 0 0 0 1 1 1 0 R 0
51 1285 21872 1232 21909 1211 4407 1 0 0 0 0 0 0 1 1 1 0 R 0
52 1314 27878 1151 27981 1036 4015 1 0 0 0 0 0 0 1 1 1 0 R 0
53 1344 28452 712 28473 691 6435 1 0 0 0 0 0 0 1 1 1 0 R 0
54 1365 20374 632 20393 601 4113 1 0 0 0 0 0 0 1 1 2 0 R 0
55 1387 21251 997 21370 976 3817 1 0 0 0 0 0 0 1 1 1 0 R 0
56 1415 27526 1477 27555 1478 3858 1 0 0 0 0 0 0 1 1 2 0 R 0
57 1445 28578 1364 28476 1350 5505 1 0 0 0 0 0 0 1 1 1 0 R 0
58 1467 19974 651 19998 614 4070 1 0 0 0 0 0 0 1 1 1 0 R 0
59 1490 22993 604 23024 567 3750 1 0 0 0 0 0 0 1 1 1 0 R 0
60 1521 30653 1215 30707 1177 8483 1 0 0 0 0 1 0 1 1 2 0 R 0
61 1555 32532 1116 32586 1072 4688 1 0 0 0 0 0 0 1 1 3 0 R 0
62 1578 22011 593 22002 565 4224 1 0 0 0 0 0 0 1 1 1 0 R 0
63 1601 22028 824 22079 798 3692 1 0 0 0 0 0 0 1 1 2 0 R 0
64 1631 29350 593 29354 561 6946 1 0 0 0 0 0 0 1 1 1 0 R 0
65 1657 25632 615 25661 586 6139 1 0 0 0 0 0 0 1 1 1 0 R 0
66 1677 19348 624 19369 601 4174 1 0 0 0 0 0 0 1 1 1 0 R 0
67 1700 21585 611 21617 579 3971 1 0 0 0 0 0 0 1 1 1 0 R 0
68 1728 28193 1031 28215 1113 6702 1 0 0 0 0 0 0 1 1 1 0 R 0
69 1757 27187 726 27108 710 4955 1 0 0 0 0 0 0 1 1 1 0 R 0
70 1776 18859 561 18864 542 3808 1 0 0 0 0 0 0 1 1 2 0 R 0
71 1799 22264 601 22292 572 3803 1 0 0 0 0 0 0 1 1 1 0 R 0
72 1829 29252 1007 29277 988 5855 1 0 0 0 0 0 0 1 1 1 0 R 0
73 1858 27929 590 27936 570 5737 1 0 0 0 0 0 0 1 1 1 0 R 0
74 1878 20013 604 20041 576 4080 1 0 0 0 0 0 0 1 1 1 0 R 0
75 1904 24844 665 24877 628 8127 1 0 0 0 0 0 0 1 1 1 0 R 0
76 1934 29760 1017 29793 988 4776 1 0 0 0 0 0 0 1 1 2 0 R 0
77 1961 26009 619 26032 591 4322 1 0 0 0 0 0 0 1 1 1 0 R 0
78 1982 19718 584 19740 558 4620 1 0 0 0 0 0 0 1 1 2 0 R 0
79 2004 21789 603 21817 574 4438 1 0 0 0 0 0 0 1 1 1 0 R 0
80 2033 28548 999 28572 969 5102 1 0 0 0 0 0 0 1 1 1 0 R 0
81 2062 28135 653 28179 616 4559 1 0 0 0 0 0 0 1 1 0 0 R 0
82 2083 20504 595 20520 573 4383 1 0 0 0 0 0 0 1 1 2 0 R 0
83 2107 22865 583 22887 560 3879 1 0 0 0 0 0 0 1 1 1 0 R 0
84 2134 26516 1043 26540 1020 5000 1 0 0 0 0 0 0 1 1 1 0 R 0
85 2163 27876 1310 27895 1310 5257 1 0 0 0 0 0 0 1 1 2 0 R 0
86 2187 22758 587 22758 614 6113 1 0 0 0 0 0 0 1 1 1 0 R 0
87 2210 22188 592 22162 564 3835 1 0 0 0 0 0 0 1 1 1 0 R 0
88 2239 28955 1102 29068 987 6096 1 0 0 0 0 1 0 1 1 1 0 R 0
89 2267 27003 604 27024 579 4821 1 0 0 0 0 0 0 1 1 1 0 R 0
90 2292 24096 608 24122 577 8254 1 0 0 0 0 0 0 1 1 1 0 R 0
91 2313 20291 611 20325 579 4244 1 0 0 0 0 0 0 1 1 2 0 R 0
92 2342 28727 1104 28842 989 6841 1 0 0 0 0 0 0 1 1 1 0 R 0
93 2370 26715 1241 26741 1227 4022 1 0 0 0 0 1 0 1 1 1 0 R 0
94 2392 20835 603 20842 575 4982 1 0 0 0 0 0 0 1 1 1 0 R 0
95 2414 21261 613 21296 579 4249 1 0 0 0 0 0 0 1 1 2 0 R 0
96 2442 27474 1145 27586 1046 5174 1 0 0 0 0 0 0 1 1 1 0 R 0
97 2472 28725 587 28728 566 5048 1 0 0 0 0 0 0 1 1 1 0 R 0
98 2493 20435 643 20461 610 4517 1 0 0 0 0 0 0 1 1 1 0 R 0
99 2515 21668 960 21703 936 3914 1 0 0 0 0 0 0 1 1 1 0 R 0
100 2544 27499 1032 27513 1020 4714 1 0 0 0 0 0 0 1 1 1 0 R 0
101 2574 29065 603 29074 573 5389 1 0 0 0 0 0 0 1 1 2 0 R 0
102 2595 20377 943 20409 920 4077 1 0 0 0 0 0 0 1 1 1 0 R 0
103 2617 21341 699 21356 677 3880 1 0 0 0 0 0 0 1 1 1 0 R 0
104 2647 28998 885 29112 867 4273 1 0 0 0 0 0 0 1 1 2 0 R 0
105 2677 29207 587 29132 579 12437 1 0 0 0 0 0 0 1 1 1 0 R 0
106 2698 20686 591 20691 568 4114 1 0 0 0 0 0 0 1 1 1 0 R 0
107 2720 21578 590 21605 562 3826 1 0 0 0 0 0 0 1 1 1 0 R 0
108 2749 27674 1031 27691 1016 5304 1 0 0 0 0 0 0 1 1 1 0 R 0
109 2772 22364 767 22411 722 6226 1 0 0 0 0 0 0 1 1 1 0 R 0
110 2793 20347 610 20368 578 5198 1 0 0 0 0 0 0 1 1 1 0 R 0
111 2814 19886 599 19911 571 4061 1 0 0 0 0 0 0 1 1 2 0 R 0
112 2840 25750 792 25776 765 5581 1 0 0 0 0 0 0 1 1 1 0 R 0
113 2867 25773 998 25794 979 6931 1 0 0 0 0 0 0 1 1 1 0 R 0
114 2895 27144 602 27170 567 7196 1 0 0 0 0 0 0 1 1 1 0 R 0
115 2916 20918 586 20942 562 4135 1 0 0 0 0 0 0 1 1 1 0 R 0
116 2941 23854 783 23973 662 5494 1 0 0 0 0 0 0 1 1 1 0 R 0
117 2968 26901 1000 26929 985 7466 1 0 0 0 0 0 0 1 1 1 0 R 0
118 2994 24211 595 24225 566 6515 1 0 0 0 0 0 0 1 1 1 0 R 0
119 3015 21148 933 20611 906 3857 1 0 1 0 0 0 0 1 1 1 0 R 0
120 3047 30601 1007 30616 1110 10426 1 0 0 0 0 0 0 1 1 2 0 R 0
121 3075 26659 1957 26652 1961 7061 1 0 0 0 0 0 0 1 1 1 0 R 0
122 3100 23043 603 22944 580 7291 1 0 0 0 0 0 0 1 1 1 0 R 0
123 3120 19853 568 19872 547 4147 1 0 0 0 0 0 0 1 1 1 0 R 0
124 3147 26532 1021 26831 722 6534 1 0 0 0 0 0 0 1 1 1 0 R 0
125 3175 26422 1720 26537 1714 7170 1 0 0 0 0 0 0 1 1 1 0 R 0
126 3202 25550 774 25458 746 8675 1 0 0 0 0 0 0 1 1 2 0 R 0
127 3222 19783 596 19808 569 4431 1 0 0 0 0 0 0 1 1 1 0 R 0
128 3251 27809 960 27340 942 5671 1 0 1 0 0 0 0 1 1 1 0 R 0
129 3283 31222 1115 30002 999 6378 1 0 1 0 0 0 0 1 1 1 0 R 0
130 3307 22914 586 22924 583 4764 1 0 0 0 0 0 0 1 1 1 0 R 0
131 3327 19625 852 19649 811 3797 1 0 0 0 0 0 0 1 1 1 0 R 0
132 3354 25980 1174 26093 1071 6176 1 0 0 0 0 0 0 1 1 2 0 R 0
133 3382 26554 1116 26659 993 8174 1 0 0 0 0 0 0 1 1 0 0 R 0
134 3409 25985 603 26008 575 5868 1 0 0 0 0 0 0 1 1 2 0 R 0
135 3432 22277 592 22306 567 8089 1 0 0 0 0 0 0 1 1 1 0 R 0
136 3458 26020 1177 26040 1172 3965 1 0 0 0 0 0 0 1 1 1 0 R 0
137 3485 25127 1623 25139 1602 6041 1 0 0 0 0 0 0 1 1 1 0 R 0
138 3509 22215 599 22229 570 5427 1 0 0 0 0 0 0 1 1 2 0 R 0
139 3528 19138 573 19165 547 3833 1 0 0 0 0 0 0 1 1 2 0 R 0
140 3554 25039 1002 25071 963 3860 1 0 0 0 0 0 0 1 1 0 0 R 0
141 3581 25957 1128 26084 1012 6335 1 0 0 0 0 0 0 1 1 2 0 R 0
142 3605 22843 598 22863 567 7007 1 0 0 0 0 0 0 1 1 1 0 R 0
143 3625 19811 956 19858 915 3791 1 0 0 0 0 0 0 1 1 1 0 R 0
144 3648 21848 1152 21955 1061 3836 1 0 0 0 0 0 0 1 1 1 0 R 0
145 3679 30067 591 30066 565 6793 1 0 0 0 0 0 0 1 1 1 0 R 0
146 3703 23041 855 23079 822 6661 1 0 0 0 0 0 0 1 1 1 0 R 0
147 3724 19943 596 19960 567 4195 1 0 0 0 0 0 0 1 1 2 0 R 0
148 3745 20405 615 20440 578 3901 1 0 0 0 0 0 0 1 1 1 0 R 0
149 3769 23697 647 23382 605 4436 1 0 1 0 0 0 0 1 1 1 0 R 0
150 3793 23579 592 23060 561 10241 1 0 1 0 0 0 0 1 1 1 0 R 0
151 3818 23672 649 23705 629 4674 1 0 0 0 0 0 0 1 1 1 0 R 0
152 3839 20360 587 20372 557 4041 1 0 0 0 0 0 0 1 1 2 0 R 0
153 3861 22299 834 22329 821 5545 1 0 0 0 0 0 0 1 1 1 0 R 0
154 3887 24704 1104 24724 1074 6316 1 0 0 0 0 0 0 1 1 1 0 R 0
155 3913 24482 586 24500 557 6716 1 0 0 0 0 0 0 1 1 1 0 R 0
156 3933 19405 641 19438 605 4312 1 0 0 0 0 0 0 1 1 1 0 R 0
157 3954 20815 813 20849 783 4292 1 0 0 0 0 0 0 1 1 1 0 R 0
158 3987 31899 583 30401 559 5852 1 0 1 0 0 0 0 1 1 2 0 R 0
159 4012 24481 610 24506 577 7158 1 0 0 0 0 0 0 1 1 1 0 R 0
160 4033 20245 606 20277 573 4664 1 0 0 0 0 0 0 1 1 1 0 R 0
161 4055 21441 627 21476 593 4283 1 0 0 0 0 0 0 1 1 1 0 R 0
162 4084 28633 2573 28656 2665 6142 1 0 0 0 0 0 0 1 1 1 0 R 0
163 4113 26348 603 26258 570 4473 1 0 0 0 0 0 0 1 1 2 0 R 0
164 4134 20031 594 20057 565 4331 1 0 0 0 0 0 0 1 1 1 0 R 0
165 4159 25174 1032 25204 1020 7682 1 0 0 0 0 0 0 1 1 1 0 R 0
166 4182 21410 597 21419 564 5632 1 0 0 0 0 0 0 1 1 1 0 R 0
167 4202 19590 579 19618 557 4286 1 0 0 0 0 0 0 1 1 1 0 R 0
168 4225 22159 614 22185 581 4817 1 0 0 0 0 0 0 1 1 2 0 R 0
169 4246 21021 565 21041 546 4108 1 0 0 0 0 0 0 1 1 1 0 R 0
170 4272 25236 991 25351 968 4941 1 0 0 0 0 0 0 1 1 1 0 R 0
171 4301 27659 1028 27589 1012 6491 1 0 0 0 0 0 0 1 1 1 0 R 0
172 4329 27656 588 27669 557 6626 1 0 0 0 0 0 0 1 1 2 0 R 0
173 4349 19302 599 19330 572 4484 1 0 0 0 0 0 0 1 1 1 0 R 0
174 4374 24283 960 24309 932 5696 1 0 0 0 0 0 0 1 1 1 0 R 0
175 4404 28414 916 28447 888 5493 1 0 0 0 0 0 0 1 1 1 0 R 0
176 4427 22907 611 22922 584 5562 1 0 0 0 0 0 0 1 1 1 0 R 0
177 4448 19967 710 20002 677 3819 1 0 0 0 0 0 0 1 1 2 0 R 0
178 4472 23780 1040 23809 1017 3830 1 0 0 0 0 0 0 1 1 1 0 R 0
179 4501 27324 605 27342 747 6629 1 0 0 0 0 0 0 1 1 1 0 R 0
180 4534 32197 637 32051 606 14648 1 0 0 0 0 0 0 1 1 1 0 R 0
181 4554 19914 595 19944 565 4141 1 0 0 0 0 1 0 1 1 1 0 R 0
182 4582 27459 1019 27484 996 5503 1 0 0 0 0 0 0 1 1 1 0 R 0
183 4611 27689 1010 27811 1002 5644 1 0 0 0 0 0 0 1 1 2 0 R 0
184 4635 22907 592 22814 562 6956 1 0 0 0 0 0 0 1 1 1 0 R 0
185 4654 19009 583 19041 561 3931 1 0 0 0 0 0 0 1 1 1 0 R 0
186 4678 22682 829 22696 804 3878 1 0 0 0 0 0 0 1 1 1 0 R 0
187 4706 27807 714 27822 702 6704 1 0 0 0 0 0 0 1 1 1 0 R 0
188 4731 23610 609 23635 580 6383 1 0 0 0 0 1 0 1 1 2 0 R 0
189 4751 19720 880 19762 842 4531 1 0 0 0 0 0 0 1 1 1 0 R 0
190 4773 21124 758 21146 726 4235 1 0 0 0 0 0 0 1 1 1 0 R 0
191 4803 28909 745 28939 705 5300 1 0 0 0 0 0 0 1 1 2 0 R 0
192 4830 26125 586 26153 556 5245 1 0 0 0 0 0 0 1 1 1 0 R 0
193 4850 20078 595 20110 563 4615 1 0 0 0 0 0 0 1 1 1 0 R 0
194 4872 20981 602 21016 572 4286 1 0 0 0 0 0 0 1 1 1 0 R 0
195 4904 31078 3091 31100 3203 11884 1 0 0 0 0 1 0 1 1 2 0 R 0
196 4932 25139 639 25030 625 4999 1 0 0 0 0 0 0 1 1 1 0 R 0
197 4952 19855 594 19862 566 4423 1 0 0 0 0 0 0 1 1 1 0 R 0
198 4974 21100 597 21132 566 4241 1 0 0 0 0 0 0 1 1 1 0 R 0
199 5003 28603 1136 28723 1018 4699 1 0 0 0 0 0 0 1 1 1 0 R 0
200 5032 27664 590 26954 562 3807 1 0 1 0 0 0 0 1 1 2 0 R 0
201 5052 19738 606 19769 575 4484 1 0 0 0 0 0 0 1 1 1 0 R 0
202 5074 21035 1007 21161 880 4231 1 0 0 0 0 0 0 1 1 1 0 R 0
203 5113 38010 703 38050 659 4335 1 0 0 0 0 0 0 1 1 2 0 R 0
204 5139 25736 635 25769 598 6525 1 0 0 0 0 0 0 1 1 1 0 R 0
205 5160 19808 601 19832 574 4556 1 0 0 0 0 0 0 1 1 1 0 R 0
206 5182 22015 601 22047 570 4758 1 0 0 0 0 0 0 1 1 1 0 R 0
207 5209 25607 597 25633 569 4758 1 0 0 0 0 0 0 1 1 1 0 R 0
208 5238 28864 1019 28886 995 5325 1 0 0 0 0 0 0 1 1 2 0 R 0
209 5261 21900 609 21927 576 6414 1 0 0 0 0 0 0 1 1 1 0 R 0
210 5287 25156 1044 25187 1057 8064 1 0 0 0 0 0 0 1 1 1 0 R 0
211 5312 23912 780 23935 714 7215 1 0 0 0 0 0 0 1 1 1 0 R 0
212 5339 26063 606 26088 577 5190 1 0 0 0 0 0 0 1 1 1 0 R 0
213 5360 20812 595 20833 569 4353 1 0 0 0 0 0 0 1 1 1 0 R 0
214 5382 21455 595 21491 560 4209 1 0 0 0 0 0 0 1 1 1 0 R 0
215 5410 27277 1000 27307 980 4853 1 0 0 0 0 0 0 1 1 2 0 R 0
216 5431 19945 576 19958 546 4246 1 0 0 0 0 0 0 1 1 1 0 R 0
217 5453 21949 881 21981 858 4570 1 0 0 0 0 0 0 1 1 1 0 R 0
218 5474 20064 595 20084 562 4172 1 0 0 0 0 0 0 1 1 1 0 R 0
219 5501 25808 1170 25835 1158 4856 1 0 0 0 0 0 0 1 1 1 0 R 0
220 5529 27578 1179 27592 1182 6311 1 0 0 0 0 0 0 1 1 1 0 R 0
221 5553 22387 801 22414 758 7264 1 0 0 0 0 0 0 1 1 1 0 R 0
222 5573 19148 632 19159 604 3956 1 0 0 0 0 0 0 1 1 1 0 R 0
223 5595 21798 1530 21829 1519 4258 1 0 0 0 0 0 0 1 1 2 0 R 0
224 5624 26929 935 26935 903 6510 1 0 0 0 0 0 0 1 1 1 0 R 0
225 5653 27945 621 27980 585 13431 1 0 0 0 0 0 0 1 1 1 0 R 0
226 5673 19198 604 19225 581 3913 1 0 0 0 0 0 0 1 1 1 0 R 0
227 5694 20865 612 20894 580 4250 1 0 0 0 0 0 0 1 1 1 0 R 0
228 5727 32796 635 32836 591 5429 1 0 0 0 0 0 0 1 1 2 0 R 0
229 5756 28141 922 28153 918 6433 1 0 0 0 0 0 0 1 1 2 0 R 0
230 5778 21125 624 21137 595 4252 1 0 0 0 0 0 0 1 1 1 0 R 0
231 5802 22616 760 22693 688 3872 1 0 0 0 0 0 0 1 1 1 0 R 0
232 5830 27759 633 27782 600 6139 1 0 0 0 0 0 0 1 1 1 0 R 0
233 5854 22969 679 23004 649 4778 1 0 0 0 0 0 0 1 1 1 0 R 0
234 5874 19343 607 19370 576 4250 1 0 0 0 0 0 0 1 1 1 0 R 0
235 5896 22162 585 22185 560 3834 1 0 0 0 0 0 0 1 1 1 0 R 0
236 5925 27937 1504 27965 1487 4808 1 0 0 0 0 0 0 1 1 1 0 R 0
237 5955 28277 1527 28295 1621 4518 1 0 0 0 0 0 0 1 1 1 0 R 0
238 5979 23183 578 22789 548 6967 1 0 1 0 0 0 0 1 1 1 0 R 0
239 6001 20650 598 20685 565 4215 1 0 0 0 0 0 0 1 1 1 0 R 0
240 6034 32287 898 32309 874 14356 1 0 0 0 0 0 0 1 1 2 0 R 0
241 6060 25895 598 25922 569 5594 1 0 0 0 0 0 0 1 1 1 0 R 0
242 6081 19627 590 19651 560 5033 1 0 0 0 0 0 0 1 1 1 0 R 0
243 6102 20614 694 20726 583 4187 1 0 0 0 0 0 0 1 1 1 0 R 0
244 6131 28871 1001 28894 976 6396 1 0 0 0 0 0 0 1 1 2 0 R 0
245 6160 27490 612 27519 578 4264 1 0 0 0 0 0 0 1 1 1 0 R 0
246 6180 19980 577 20004 549 4232 1 0 0 0 0 0 0 1 1 1 0 R 0
247 6203 21626 623 21662 590 4687 1 0 0 0 0 0 0 1 1 1 0 R 0
248 6233 29550 1006 29580 976 5068 1 0 0 0 0 0 0 1 1 2 0 R 0
249 6262 27670 610 27697 577 4644 1 0 0 0 0 0 0 1 1 1 0 R 0
250 6283 20591 594 20617 564 4401 1 0 0 0 0 0 0 1 1 1 0 R 0
251 6304 20884 950 20966 876 4316 1 0 0 0 0 0 0 1 1 1 0 R 0
252 6331 25696 1043 25713 1128 4408 1 0 0 0 0 0 0 1 1 2 0 R 0
253 6361 29392 940 29306 920 6770 1 0 0 0 0 0 0 1 1 1 0 R 0
254 6383 20577 636 20598 603 4990 1 0 0 0 0 0 0 1 1 1 0 R 0
255 6409 25177 610 25209 581 8074 1 0 0 0 0 0 0 1 1 1 0 R 0
256 6438 29173 1015 29193 1002 5678 1 0 0 0 0 0 0 1 1 1 0 R 0
257 6468 28880 1503 28893 1622 4856 1 0 0 0 0 0 0 1 1 1 0 R 0
258 6492 22016 604 21901 573 5725 1 0 0 0 0 0 0 1 1 2 0 R 0
259 6514 21586 2234 21614 2230 4209 1 0 0 0 0 0 0 1 1 1 0 R 0
260 6543 27131 1191 27129 1181 7824 1 0 0 0 0 0 0 1 1 1 0 R 0
261 6574 29616 1262 29644 1795 4962 1 0 0 0 0 0 0 1 1 2 0 R 0
262 6597 21553 591 20993 568 4830 1 0 0 0 0 0 0 1 1 0 0 R 0
263 6621 23501 688 23528 660 3788 1 0 0 0 0 0 0 1 1 1 0 R 0
264 6646 24328 609 24348 589 6594 1 0 0 0 0 0 0 1 1 2 0 R 0
265 6665 18621 1019 18645 993 3838 1 0 0 0 0 0 0 1 1 1 0 R 0
266 6688 22051 895 22075 873 3789 1 0 0 0 0 0 0 1 1 1 0 R 0
267 6709 19844 2064 19886 2018 3841 1 0 0 0 0 0 0 1 1 2 0 R 0
268 6740 28726 1199 28751 1173 5030 1 0 0 0 0 0 0 1 1 1 0 R 0
269 6770 28385 1011 28499 1006 6561 1 0 0 0 0 0 0 1 1 1 0 R 0
270 6797 26618 637 26530 625 13208 1 0 0 0 0 0 0 1 1 1 0 R 0
271 6819 20731 594 20742 561 3724 1 0 0 0 0 0 0 1 1 1 0 R 0
272 6848 28562 993 28684 864 6329 1 0 0 0 0 0 0 1 1 1 0 R 0
273 6876 27703 577 27729 553 4641 1 0 0 0 0 0 0 1 1 2 0 R 0
274 6897 19801 684 19828 655 3890 1 0 0 0 0 1 0 1 1 1 0 R 0
275 6920 22568 629 22599 603 3830 1 0 0 0 0 0 0 1 1 1 0 R 0
276 6949 28177 1015 28194 993 5747 1 0 0 0 0 0 0 1 1 1 0 R 0
277 6980 30034 977 30057 960 5250 1 0 0 0 0 0 0 1 1 1 0 R 0
278 7002 21643 634 21680 583 6552 1 0 0 0 0 0 0 1 1 1 0 R 0
279 7024 21367 645 20943 611 5079 1 0 1 0 0 0 0 1 1 2 0 R 0
280 7054 29343 2117 29367 2114 6286 1 0 0 0 0 0 0 1 1 1 0 R 0
281 7085 27963 1992 28049 1895 4242 1 0 0 0 0 0 0 1 1 1 0 R 0
282 7108 21422 735 21458 683 4880 1 0 0 0 0 0 0 1 1 1 0 R 0
283 7131 21861 892 21888 864 3898 1 0 0 0 0 0 0 1 1 1 0 R 0
284 7157 25154 570 25170 548 7035 1 0 0 0 0 0 0 1 1 1 0 R 0
285 7180 22746 626 22772 595 8124 1 0 0 0 0 0 0 1 1 2 0 R 0
286 7202 21256 614 21290 585 4864 1 0 0 0 0 0 0 1 1 1 0 R 0
287 7223 20785 1279 20816 1251 4467 1 0 0 0 0 0 0 1 1 1 0 R 0
288 7261 36704 1430 36819 1436 3870 1 0 0 0 0 0 0 1 1 3 0 R 0
289 7293 30298 1318 30219 1280 6158 1 0 0 0 0 0 0 1 1 3 0 R 0
290 7317 22373 686 22406 637 3888 1 0 0 0 0 0 0 1 1 3 0 R 0
291 7342 25159 990 25276 992 3866 1 0 0 0 0 0 0 1 1 2 0 R 0
292 7370 26923 973 26827 938 6365 1 0 0 0 0 0 0 1 1 1 0 R 0
293 7401 29211 608 29243 573 7186 1 0 0 0 0 0 0 1 1 1 0 R 0
294 7421 20188 605 20221 573 4557 1 0 0 0 0 0 0 1 1 1 0 R 0
295 7448 26501 1154 26787 981 5662 1 0 0 0 0 0 0 1 1 1 0 R 0
296 7477 27560 1016 27468 996 6197 1 0 0 0 0 0 0 1 1 1 0 R 0
297 7504 25798 639 25824 605 7293 1 0 0 0 0 0 0 1 1 2 0 R 0
298 7525 20077 1618 20109 1600 3900 1 0 0 0 0 1 0 1 1 1 0 R 0
299 7548 21455 955 21465 929 4722 1 0 0 0 0 0 0 1 1 1 0 R 0
300 7576 27142 589 27167 563 8968 1 0 0 0 0 0 0 1 1 2 0 R 0
301 7601 24870 798 24893 794 7340 1 0 0 0 0 0 0 1 1 1 0 R 0
302 7623 20999 596 21007 563 5146 1 0 0 0 0 0 0 1 1 1 0 R 0
303 7645 21178 1516 21211 1498 3819 1 0 0 0 0 0 0 1 1 1 0 R 0
304 7672 25782 816 25796 782 4540 1 0 0 0 0 0 0 1 1 1 0 R 0
305 7702 28873 1058 28980 958 5973 1 0 0 0 0 0 0 1 1 1 0 R 0
306 7724 20870 932 20922 869 4397 1 0 0 0 0 0 0 1 1 2 0 R 0
307 7748 23561 991 23591 967 3841 1 0 0 0 0 0 0 1 1 1 0 R 0
308 7778 28410 944 28442 1018 7252 1 0 0 0 0 0 0 1 1 1 0 R 0
309 7802 23652 599 23568 568 7126 1 0 0 0 0 0 0 1 1 1 0 R 0
310 7823 20016 595 20041 567 4898 1 0 0 0 0 0 0 1 1 1 0 R 0
311 7845 21685 1445 21724 1413 4262 1 0 0 0 0 0 0 1 1 1 0 R 0
312 7873 26028 605 26052 570 7505 1 0 0 0 0 0 0 1 1 1 0 R 0
313 7901 27379 985 27503 974 4874 1 0 0 0 0 0 0 1 1 1 0 R 0
314 7924 21890 610 21809 577 6778 1 0 0 0 0 0 0 1 1 1 0 R 0
315 7951 26980 1008 27015 981 7565 1 0 0 0 0 0 0 1 1 2 0 R 0
316 7982 30056 609 29543 572 6549 1 0 1 0 0 1 0 1 1 1 0 R 0
317 8012 29206 1339 29260 1317 5759 1 0 0 0 0 0 0 1 1 1 0 R 0
318 8033 19399 586 19388 559 4290 1 0 0 0 0 0 0 1 1 2 0 R 0
319 8059 25431 975 25460 946 4312 1 0 0 0 0 0 0 1 1 1 0 R 0
320 8084 24488 611 24516 580 6552 1 0 0 0 0 0 0 1 1 1 0 R 0
321 8104 19043 758 19125 671 3875 1 0 0 0 0 0 0 1 1 1 0 R 0
322 8128 23183 602 23207 576 5485 1 0 0 0 0 0 0 1 1 1 0 R 0
323 8150 21521 605 21557 570 3836 1 0 0 0 0 0 0 1 1 2 0 R 0
324 8180 29727 997 29754 974 6170 1 0 0 0 0 0 0 1 1 1 0 R 0
325 8208 26340 615 26360 585 4910 1 0 0 0 0 0 0 1 1 1 0 R 0
326 8229 20839 651 20892 597 4072 1 0 0 0 0 0 0 1 1 1 0 R 0
327 8251 20903 608 20938 573 3772 1 0 0 0 0 0 0 1 1 2 0 R 0
328 8279 27597 991 27717 979 5509 1 0 0 0 0 0 0 1 1 1 0 R 0
329 8309 29101 590 29020 558 5917 1 0 0 0 0 0 0 1 1 1 0 R 0
330 8333 23583 644 23613 610 9314 1 0 0 0 0 0 0 1 1 1 0 R 0
331 8354 20038 613 20076 576 3978 1 0 0 0 0 0 0 1 1 1 0 R 0
332 8375 20289 585 20314 556 4139 1 0 0 0 0 0 0 1 1 1 0 R 0
333 8396 20806 565 20827 545 4225 1 0 0 0 0 0 0 1 1 2 0 R 0
334 8417 20632 594 20655 570 3826 1 0 0 0 0 0 0 1 1 1 0 R 0
335 8438 19929 686 19950 659 4198 1 0 0 0 0 0 0 1 1 1 0 R 0
336 8458 19954 585 19987 553 3871 1 0 0 0 0 0 0 1 1 1 0 R 0
337 8480 20929 597 20957 570 3794 1 0 0 0 0 0 0 1 1 1 0 R 0
338 8505 24417 1361 24443 1341 4613 1 0 0 0 0 0 0 1 1 2 0 R 0
339 8530 23854 603 23879 569 5330 1 0 0 0 0 0 0 1 1 1 0 R 0
340 8550 18971 621 19001 587 4161 1 0 0 0 0 0 0 1 1 1 0 R 0
341 8578 27122 1029 27152 1000 6001 1 0 0 0 0 0 0 1 1 1 0 R 0
342 8605 26703 1505 26736 1483 7583 1 0 0 0 0 0 0 1 1 1 0 R 0
343 8629 22619 592 22631 562 6797 1 0 0 0 0 0 0 1 1 2 0 R 0
344 8650 19709 641 19733 619 4224 1 0 0 0 0 0 0 1 1 1 0 R 0
345 8681 31040 1120 31159 1002 10816 1 0 0 0 0 0 0 1 1 1 0 R 0
346 8710 27031 759 27051 733 7414 1 0 0 0 0 0 0 1 1 1 0 R 0
347 8733 22674 594 22701 564 5615 1 0 0 0 0 0 0 1 1 1 0 R 0
348 8753 18971 594 19004 562 4374 1 0 0 0 0 0 0 1 1 1 0 R 0
349 8780 27047 1019 27070 988 5659 1 0 0 0 0 0 0 1 1 2 0 R 0
350 8809 28261 1001 28292 980 6365 1 0 0 0 0 0 0 1 1 1 0 R 0
351 8837 26419 582 26434 561 7369 1 0 0 0 0 0 0 1 1 1 0 R 0
352 8858 20536 671 20557 653 3942 1 0 0 0 0 0 0 1 1 1 0 R 0
353 8888 29699 1002 29720 984 4998 1 0 0 0 0 0 0 1 1 1 0 R 0
354 8915 26107 1473 26593 982 6827 1 0 0 0 0 0 0 1 1 2 0 R 0
355 8939 22318 769 22337 744 4385 1 0 0 0 0 0 0 1 1 1 0 R 0
356 8961 20552 590 20578 560 5032 1 0 0 0 0 0 0 1 1 1 0 R 0
357 8989 27321 1035 27342 1123 5040 1 0 0 0 0 0 0 1 1 1 0 R 0
358 9021 31132 1008 30519 994 6206 1 0 1 0 0 0 0 1 1 1 0 R 0
359 9043 20982 662 20997 632 4231 1 0 0 0 0 0 0 1 1 1 0 R 0
360 9065 21486 2897 21511 2904 8048 1 0 0 0 0 0 0 1 1 2 0 R 0
361 9094 26174 1161 26262 1041 3844 1 0 0 0 0 0 0 1 1 1 0 R 0
362 9123 27965 581 27984 555 7597 1 0 0 0 0 0 0 1 1 1 0 R 0
363 9149 25225 1070 25250 1155 6236 1 0 0 0 0 0 0 1 1 1 0 R 0
364 9172 22067 598 21984 561 4581 1 0 0 0 0 0 0 1 1 1 0 R 0
365 9201 28447 910 28478 878 5171 1 0 0 0 0 0 0 1 1 1 0 R 0
366 9230 28490 591 28520 567 5651 1 0 0 0 0 0 0 1 1 2 0 R 0
367 9252 20630 604 20657 568 4370 1 0 0 0 0 1 0 1 1 1 0 R 0
368 9273 20542 900 20581 858 4263 1 0 0 0 0 0 0 1 1 1 0 R 0
369 9301 26879 1180 26909 1165 3941 1 0 0 0 0 0 0 1 1 2 0 R 0
370 9331 29236 1008 29250 1002 7684 1 0 0 0 0 0 0 1 1 1 0 R 0
371 9352 20178 640 20183 609 4420 1 0 0 0 0 0 0 1 1 1 0 R 0
372 9374 20809 996 20936 977 4423 1 0 0 0 0 0 0 1 1 1 0 R 0
373 9403 28132 1142 28146 1026 3821 1 0 0 0 0 0 0 1 1 1 0 R 0
374 9433 29207 1206 29228 1192 6697 1 0 0 0 0 0 0 1 1 2 0 R 0
375 9458 24103 606 24115 587 9862 1 0 0 0 0 0 0 1 1 1 0 R 0
376 9480 21173 595 21195 563 3870 1 0 0 0 0 0 0 1 1 1 0 R 0
377 9509 28626 986 28648 965 6049 1 0 0 0 0 0 0 1 1 1 0 R 0
378 9537 26610 566 26629 542 5447 1 0 0 0 0 0 0 1 1 1 0 R 0
379 9558 20011 710 20045 674 4037 1 0 0 0 0 0 0 1 1 1 0 R 0
380 9580 21364 816 21393 891 3851 1 0 0 0 0 0 0 1 1 2 0 R 0
381 9608 27843 1037 27756 1025 4354 1 0 0 0 0 0 0 1 1 1 0 R 0
382 9640 30448 564 28659 537 6981 1 0 1 0 0 0 0 1 1 1 0 R 0
383 9663 22775 641 20095 609 4800 1 0 2 0 0 0 0 1 1 1 0 R 0
384 9685 21294 1011 21346 967 3819 1 0 0 0 0 0 0 1 1 1 0 R 0
385 9711 24890 1307 24927 1386 4690 1 0 0 0 0 0 0 1 1 2 0 R 0
386 9743 30487 592 30391 559 7160 1 0 0 0 0 0 0 1 1 1 0 R 0
387 9766 22707 852 22741 818 5913 1 0 0 0 0 0 0 1 1 1 0 R 0
388 9788 21165 633 21191 603 3694 1 0 0 0 0 0 0 1 1 1 0 R 0
389 9817 28695 1157 28718 1134 6121 1 0 0 0 0 0 0 1 1 1 0 R 0
390 9849 30102 1041 30565 578 12278 1 0 0 0 0 0 0 1 1 1 0 R 0
391 9871 21707 647 21734 611 5110 1 0 0 0 0 0 0 1 1 2 0 R 0
392 9893 20665 592 20697 562 4251 1 0 0 0 0 0 0 1 1 1 0 R 0
393 9923 29755 1309 29806 1262 6393 1 0 0 0 0 0 0 1 1 1 0 R 0
394 9953 28991 943 29091 835 4953 1 0 0 0 0 0 0 1 1 1 0 R 0
395 9976 22109 693 22133 671 4408 1 0 0 0 0 0 0 1 1 1 0 R 0
396 10000 22410 1008 22436 981 3761 1 0 0 0 0 0 0 1 1 2 0 R 0
397 10024 23887 1813 23913 1836 6434 1 0 0 0 0 0 0 1 1 1 0 R 0
398 10045 18470 629 18441 619 3825 1 0 0 0 0 0 0 1 1 1 0 R 0
399 10069 23949 606 23284 574 4041 1 0 1 0 0 0 0 1 1 1 0 R 0
400 10090 20310 2151 20436 2039 4295 1 0 0 0 0 1 0 1 1 1 0 R 0
401 10120 27431 1424 27539 1308 4531 1 0 0 0 0 0 0 1 1 1 0 R 0
402 10156 34657 989 34674 980 6925 1 0 0 0 0 0 0 1 1 3 0 R 0
403 10176 19567 584 19568 560 4196 1 0 0 0 0 0 0 1 1 2 0 R 0
404 10198 20691 1692 20720 1719 3804 1 0 0 0 0 0 0 1 1 1 0 R 0
405 10229 29120 1030 29093 1013 13588 1 0 0 0 0 0 0 1 1 1 0 R 0
406 10257 27034 656 27038 636 5092 1 0 0 0 0 0 0 1 1 1 0 R 0
407 10278 20441 592 20462 571 3797 1 0 0 0 0 0 0 1 1 3 0 R 0
408 10300 21467 637 21494 603 3853 1 0 0 0 0 0 0 1 1 1 0 R 0
409 10328 27183 1214 27219 1191 5733 1 0 0 0 0 0 0 1 1 1 0 R 0
410 10353 23941 694 23960 675 5475 1 0 0 0 0 0 0 1 1 1 0 R 0
411 10375 21315 591 21329 568 4817 1 0 0 0 0 0 0 1 1 1 0 R 0
412 10395 19697 936 19721 915 3865 1 0 0 0 0 0 0 1 1 1 0 R 0
413 10424 28205 596 28226 562 3976 1 0 0 0 0 0 0 1 1 2 0 R 0
414 10450 24911 1298 24971 1247 4575 1 0 0 0 0 0 0 1 1 1 0 R 0
415 10477 25838 794 25847 775 7502 1 0 0 0 0 0 0 1 1 1 0 R 0
416 10497 18969 558 18988 538 3851 1 0 0 0 0 0 0 1 1 1 0 R 0
417 10523 25969 1084 26003 1061 4350 1 0 0 0 0 0 0 1 1 1 0 R 0
418 10547 23188 1005 23196 985 4440 1 0 0 0 0 0 0 1 1 1 0 R 0
419 10572 23949 581 23971 553 5930 1 0 0 0 0 0 0 1 1 2 0 R 0
420 10594 21500 591 21530 562 8003 1 0 0 0 0 0 0 1 1 1 0 R 0
421 10622 27079 1364 27198 1256 3749 1 0 0 0 0 0 0 1 1 1 0 R 0
422 10651 27417 990 27426 962 6179 1 0 0 0 0 0 0 1 1 0 0 R 0
423 10675 22956 643 22986 613 7363 1 0 0 0 0 0 0 1 1 2 0 R 0
424 10696 20568 574 20594 544 3695 1 0 0 0 0 0 0 1 1 2 0 R 0
425 10719 22697 904 22728 873 3779 1 0 0 0 0 0 0 1 1 1 0 R 0
426 10747 26856 638 26878 615 5051 1 0 0 0 0 0 0 1 1 1 0 R 0
427 10771 23318 605 23353 564 5040 1 0 0 0 0 0 0 1 1 1 0 R 0
428 10791 19683 582 19711 558 4665 1 0 0 0 0 0 0 1 1 1 0 R 0
429 10812 20593 656 20642 605 4399 1 0 0 0 0 0 0 1 1 2 0 R 0
430 10842 29186 991 29213 962 6250 1 0 0 0 0 0 0 1 1 1 0 R 0
431 10869 25417 832 25444 802 3730 1 0 0 0 0 0 0 1 1 1 0 R 0
432 10891 21097 587 21123 560 4627 1 0 0 0 0 0 0 1 1 1 0 R 0
433 10912 20449 608 20483 572 4291 1 0 0 0 0 0 0 1 1 1 0 R 0
434 10940 27961 1074 28018 1124 4774 1 0 0 0 0 0 0 1 1 1 0 R 0
435 10972 30421 602 30342 574 13487 1 0 0 0 0 0 0 1 1 2 0 R 0
436 10992 19798 636 19821 607 4509 1 0 0 0 0 0 0 1 1 1 0 R 0
437 11015 21768 711 21806 673 4254 1 0 0 0 0 0 0 1 1 1 0 R 0
438 11041 25506 768 25070 735 5150 1 0 1 0 0 0 0 1 1 1 0 R 0
439 11064 22872 1606 22932 1565 6048 1 0 0 0 0 0 0 1 1 1 0 R 0
440 11090 24158 838 24196 769 5608 1 0 0 0 0 0 0 1 1 1 0 R 0
441 11111 20117 602 20147 572 4429 1 0 0 0 0 0 0 1 1 1 0 R 0
442 11138 26344 1137 26466 1031 4946 1 0 0 0 0 0 0 1 1 1 0 R 0
443 11170 30767 990 30777 976 6507 1 0 0 0 0 0 0 1 1 2 0 R 0
444 11193 21580 600 21596 568 4495 1 0 0 0 0 1 0 1 1 1 0 R 0
445 11213 19430 594 19458 568 4639 1 0 0 0 0 0 0 1 1 1 0 R 0
446 11238 24850 852 24869 836 5904 1 0 0 0 0 0 0 1 1 2 0 R 0
447 11264 25124 601 25147 573 5998 1 0 0 0 0 0 0 1 1 1 0 R 0
448 11289 24169 583 24192 554 5979 1 0 0 0 0 0 0 1 1 1 0 R 0
449 11309 19798 639 19820 621 3859 1 0 0 0 0 0 0 1 1 1 0 R 0
450 11338 27988 1114 28098 1006 9996 1 0 0 0 0 0 0 1 1 2 0 R 0
451 11360 21422 589 21441 558 3928 1 0 0 0 0 0 0 1 1 1 0 R 0
452 11385 23701 779 23737 746 5619 1 0 0 0 0 0 0 1 1 1 0 R 0
453 11405 19946 1379 19973 1367 4235 1 0 0 0 0 0 0 1 1 1 0 R 0
454 11427 20424 1318 20431 1305 3868 1 0 0 0 0 0 0 1 1 1 0 R 0
455 11457 28504 987 28512 976 5973 1 0 0 0 0 0 0 1 1 1 0 R 0
456 11484 25703 608 25722 573 4158 1 0 0 0 0 0 0 1 1 2 0 R 0
457 11504 19968 600 19997 569 4113 1 0 0 0 0 0 0 1 1 1 0 R 0
458 11528 23356 603 23387 574 3892 1 0 0 0 0 0 0 1 1 1 0 R 0
459 11553 23802 1022 23828 995 4771 1 0 0 0 0 0 0 1 1 1 0 R 0
460 11577 23279 969 23302 949 4381 1 0 0 0 0 0 0 1 1 1 0 R 0
461 11604 25757 596 25778 568 7862 1 0 0 0 0 1 0 1 1 1 0 R 0
462 11624 19574 621 19597 594 3928 1 0 0 0 0 0 0 1 1 2 0 R 0
463 11653 28620 1097 28746 975 4016 1 0 0 0 0 0 0 1 1 1 0 R 0
464 11682 27515 1013 27542 990 5738 1 0 0 0 0 0 0 1 1 2 0 R 0
465 11708 24986 585 24996 558 9775 1 0 0 0 0 0 0 1 1 1 0 R 0
466 11729 20912 1148 20973 1092 3848 1 0 0 0 0 0 0 1 1 1 0 R 0
467 11757 26229 964 26249 948 4484 1 0 0 0 0 0 0 1 1 1 0 R 0
468 11785 27816 1632 27923 1528 8097 1 0 0 0 0 0 0 1 1 1 0 R 0
469 11808 21485 590 21499 562 3831 1 0 0 0 0 0 0 1 1 1 0 R 0
470 11828 19172 648 19192 623 3805 1 0 0 0 0 0 0 1 1 1 0 R 0
471 11854 25169 1016 25302 883 4588 1 0 0 0 0 0 0 1 1 1 0 R 0
472 11882 26811 883 26840 855 6113 1 0 0 0 0 0 0 1 1 1 0 R 0
473 11904 21077 604 21107 576 5123 1 0 0 0 0 0 0 1 1 2 0 R 0
474 11924 19318 585 19339 557 3891 1 0 0 0 0 0 0 1 1 1 0 R 0
475 11950 25574 980 25598 962 3899 1 0 0 0 0 0 0 1 1 1 0 R 0
476 11980 29318 975 28811 946 7291 1 0 1 0 0 0 0 1 1 1 0 R 0
477 12004 22679 1221 22730 1173 7283 1 0 0 0 0 0 0 1 1 1 0 R 0
478 12025 19590 628 19627 576 3809 1 0 0 0 0 0 0 1 1 2 0 R 0
479 12047 22040 1078 22064 1052 3880 1 0 0 0 0 0 0 1 1 1 0 R 0
480 12080 31722 982 31747 953 13119 1 0 0 0 0 0 0 1 1 1 0 R 0
481 12109 28015 868 28117 767 7202 1 0 0 0 0 0 0 1 1 1 0 R 0
482 12131 20562 593 20589 562 4197 1 0 0 0 0 0 0 1 1 1 0 R 0
483 12157 26026 968 26141 850 4977 1 0 0 0 0 0 0 1 1 1 0 R 0
484 12184 25419 986 25450 962 7157 1 0 0 0 0 0 0 1 1 2 0 R 0
485 12213 28340 779 28358 759 7605 1 0 0 0 0 0 0 1 1 1 0 R 0
486 12233 19200 676 19244 622 4331 1 0 0 0 0 0 0 1 1 1 0 R 0
487 12260 26178 968 26295 851 4991 1 0 0 0 0 0 0 1 1 1 0 R 0
488 12283 22332 603 22361 571 6937 1 0 0 0 0 0 0 1 1 1 0 R 0
489 12303 19101 580 19129 552 4133 1 0 0 0 0 0 0 1 1 1 0 R 0
490 12325 22130 962 22177 924 6276 1 0 0 0 0 0 0 1 1 1 0 R 0
491 12348 21495 730 21511 706 3962 1 0 0 0 0 0 0 1 1 2 0 R 0
492 12378 29287 1108 29395 1002 5911 1 0 0 0 0 0 0 1 1 1 0 R 0
493 12408 28663 992 28766 875 4723 1 0 0 0 0 0 0 1 1 1 0 R 0
494 12431 22459 600 22490 567 6476 1 0 0 0 0 0 0 1 1 1 0 R 0
495 12458 25769 1033 25797 1009 8098 1 0 0 0 0 0 0 1 1 2 0 R 0
496 12487 28778 578 28796 552 7310 1 0 0 0 0 0 0 1 1 1 0 R 0
497 12518 29719 867 29742 857 6443 1 0 0 0 0 0 0 1 1 1 0 R 0
498 12539 20041 582 20059 552 3890 1 0 0 0 0 0 0 1 1 1 0 R 0
499 12566 27168 1149 27280 1042 3865 1 0 0 0 0 0 0 1 1 1 0 R 0
500 12589 21810 602 21830 570 6592 1 0 0 0 0 0 0 1 1 1 0 R 0
501 12609 19636 583 19664 553 4203 1 0 0 0 0 0 0 1 1 2 0 R 0
502 12632 21593 1247 21624 1239 5467 1 0 0 0 0 1 0 1 1 1 0 R 0
503 12654 21282 610 21296 576 4612 1 0 0 0 0 0 0 1 1 1 0 R 0
504 12683 28330 1012 28448 895 4560 1 0 0 0 0 0 0 1 1 1 0 R 0
505 12713 29109 998 29133 968 5398 1 0 0 0 0 0 0 1 1 2 0 R 0
506 12737 22988 593 23013 566 6383 1 0 0 0 0 0 0 1 1 1 0 R 0
507 12759 21386 601 21420 564 3886 1 0 0 0 0 0 0 1 1 1 0 R 0
508 12789 29400 1195 29733 977 6561 1 0 0 0 0 0 0 1 1 2 0 R 0
509 12816 26047 581 25949 558 5083 1 0 0 0 0 0 0 1 1 1 0 R 0
510 12840 22587 597 22616 568 8976 1 0 0 0 0 0 0 1 1 0 0 R 0
511 12862 21577 620 21608 585 4765 1 0 0 0 0 0 0 1 1 2 0 R 0
512 12891 28262 777 28388 650 6804 1 0 0 0 0 0 0 1 1 1 0 R 0
513 12919 27937 696 27989 648 4750 1 0 0 0 0 0 0 1 1 1 0 R 0
514 12940 19702 590 19725 559 4693 1 0 0 0 0 0 0 1 1 2 0 R 0
515 12962 21672 701 21707 668 4219 1 0 0 0 0 0 0 1 1 0 0 R 0
516 12987 24040 1165 24061 1611 5876 1 0 0 0 0 0 0 1 1 1 0 R 0
517 13019 31106 757 30089 731 7523 1 0 1 0 0 0 0 1 1 1 0 R 0
518 13040 20396 588 20405 557 4974 1 0 0 0 0 0 0 1 1 2 0 R 0
519 13062 21626 745 21783 594 4260 1 0 0 0 0 0 0 1 1 1 0 R 0
520 13092 28325 985 28344 959 4760 1 0 0 0 0 0 0 1 1 2 0 R 0
521 13121 28735 604 28758 580 5615 1 0 0 0 0 0 0 1 1 1 0 R 0
522 13142 20028 698 20064 668 4456 1 0 0 0 0 0 0 1 1 1 0 R 0
523 13164 21150 1001 21172 965 4357 1 0 0 0 0 0 0 1 1 1 0 R 0
524 13198 32797 1039 32824 1018 5528 1 0 0 0 0 0 0 1 1 1 0 R 0
525 13230 31831 588 31854 555 13606 1 0 0 0 0 0 0 1 1 1 0 R 0
526 13251 19536 590 19567 556 4694 1 0 0 0 0 0 0 1 1 1 0 R 0
527 13273 21457 597 21494 559 4262 1 0 0 0 0 0 0 1 1 2 0 R 0
528 13303 29434 1064 29467 1030 6656 1 0 0 0 0 0 0 1 1 2 0 R 0
529 13332 28267 1108 28332 1153 4450 1 0 0 0 0 0 0 1 1 1 0 R 0
530 13355 21553 632 21469 602 4613 1 0 0 0 0 0 0 1 1 0 0 R 0
531 13378 23249 1013 23275 989 3892 1 0 0 0 0 0 0 1 1 2 0 R 0
532 13409 29660 686 29701 653 7941 1 0 0 0 0 0 0 1 1 1 0 R 0
533 13439 28888 782 28897 763 6998 1 0 0 0 0 0 0 1 1 1 0 R 0
534 13460 20760 582 20781 555 4997 1 0 0 0 0 0 0 1 1 1 0 R 0
535 13485 24248 1476 24372 1457 4173 1 0 0 0 0 0 0 1 1 1 0 R 0
536 13509 22385 634 22301 605 7242 1 0 0 0 0 0 0 1 1 1 0 R 0
537 13529 19175 628 19201 607 3826 1 0 0 0 0 0 0 1 1 2 0 R 0
538 13552 22367 609 22396 579 3820 1 0 0 0 0 0 0 1 1 1 0 R 0
539 13574 21942 701 21969 669 4246 1 0 0 0 0 0 0 1 1 1 0 R 0
540 13606 31403 974 31424 962 11659 1 0 0 0 0 0 0 1 1 1 0 R 0
541 13635 27656 971 27674 954 4463 1 0 0 0 0 0 0 1 1 1 0 R 0
542 13655 19062 910 19078 889 4130 1 0 0 0 0 0 0 1 1 1 0 R 0
543 13678 21856 653 21871 626 3862 1 0 0 0 0 0 0 1 1 3 0 R 0
544 13706 27909 945 28026 834 4577 1 0 0 0 0 0 0 1 1 1 0 R 0
545 13734 26326 1046 26348 1124 6636 1 0 0 0 0 0 0 1 1 0 0 R 0
546 13755 20154 595 20076 858 4058 1 0 0 0 0 0 0 1 1 1 0 R 0
547 13775 19080 724 18825 701 3959 1 0 0 0 0 0 0 1 1 1 0 R 0
548 13803 27745 1010 27766 967 3911 1 0 0 0 0 0 0 1 1 1 0 R 0
549 13834 29890 1030 29923 1004 6478 1 0 0 0 0 0 0 1 1 2 0 R 0
550 13856 21232 567 21243 549 3924 1 0 0 0 0 0 0 1 1 2 0 R 0
551 13876 19231 781 19257 767 3839 1 0 0 0 0 0 0 1 1 0 0 R 0
552 13904 26904 1295 26946 1241 4555 1 0 0 0 0 0 0 1 1 2 0 R 0
553 13942 37133 928 37195 878 6985 1 0 0 0 0 0 0 1 1 3 0 S 0
554 13965 21770 1344 21847 1285 4575 1 0 0 0 0 1 0 1 1 1 0 R 0
555 13997 31222 1266 30812 1174 10031 1 0 1 0 0 0 0 1 1 2 0 R 0
556 14025 26565 1727 26574 1713 7984 1 0 0 0 0 0 0 1 1 1 0 R 0
557 14051 24004 599 24015 564 7044 1 0 0 0 0 0 0 1 1 1 0 R 0
558 14071 19886 586 19913 559 4297 1 0 0 0 0 0 0 1 1 1 0 R 0
559 14093 20899 1017 21021 1002 4721 1 0 0 0 0 0 0 1 1 1 0 R 0
560 14125 30812 1205 30777 1143 6626 1 0 0 0 0 0 0 1 1 2 0 R 0
561 14154 28014 1202 28031 1182 5930 1 0 0 0 0 0 0 1 1 1 0 R 0
562 14176 21022 710 21064 653 4355 1 0 0 0 0 0 0 1 1 1 0 R 0
563 14202 25250 1016 25280 982 3726 1 0 0 0 0 0 0 1 1 2 0 R 0
564 14231 28003 993 28032 973 6781 1 0 0 0 0 0 0 1 1 1 0 R 0
565 14257 24682 950 24690 928 7426 1 0 0 0 0 0 0 1 1 1 0 R 0
566 14278 20418 650 20444 624 4398 1 0 0 0 0 0 0 1 1 1 0 R 0
567 14302 22992 1327 23118 1216 3775 1 0 0 0 0 0 0 1 1 1 0 R 0
568 14331 28130 670 28168 614 6251 1 0 0 0 0 0 0 1 1 2 0 R 0
569 14357 24928 583 24949 556 6696 1 0 0 0 0 0 0 1 1 1 0 R 0
570 14380 22943 587 22972 559 8308 1 0 0 0 0 0 0 1 1 1 0 R 0
571 14405 23560 1979 23597 1974 4291 1 0 0 0 0 0 0 1 1 1 0 R 0
572 14434 26940 608 26937 573 7960 1 0 0 0 0 1 0 1 1 1 0 R 0
573 14459 25014 605 25049 573 6587 1 0 0 0 0 0 0 1 1 1 0 R 0
574 14480 20113 571 20135 548 5019 1 0 0 0 0 0 0 1 1 2 0 R 0
575 14501 20711 609 20744 575 4210 1 0 0 0 0 0 0 1 1 1 0 R 0
576 14532 29863 1013 29888 983 7232 1 0 0 0 0 0 0 1 1 1 0 R 0
577 14558 25732 625 25760 596 5264 1 0 0 0 0 0 0 1 1 1 0 R 0
578 14579 19663 582 19689 554 4289 1 0 0 0 0 0 0 1 1 1 0 R 0
579 14601 21507 599 21537 566 3794 1 0 0 0 0 0 0 1 1 1 0 R 0
580 14630 28365 1012 28393 993 5628 1 0 0 0 0 0 0 1 1 1 0 R 0
581 14659 27877 597 27896 561 5317 1 0 0 0 0 0 0 1 1 1 0 R 0
582 14680 20616 599 20652 570 4010 1 0 0 0 0 0 0 1 1 2 0 R 0
583 14702 21154 684 21188 654 4212 1 0 0 0 0 0 0 1 1 1 0 R 0
584 14731 28657 1023 28675 999 5918 1 0 0 0 0 0 0 1 1 1 0 R 0
585 14761 29003 1022 29029 1000 10116 1 0 0 0 0 0 0 1 1 1 0 R 0
586 14784 22210 602 22232 571 6819 1 0 0 0 0 0 0 1 1 1 0 R 0
587 14807 22195 657 22224 627 3921 1 0 0 0 0 0 0 1 1 1 0 R 0
588 14838 30066 1173 30085 1173 6583 1 0 0 0 0 0 0 1 1 2 0 R 0
589 14868 28625 639 28623 619 5060 1 0 0 0 0 0 0 1 1 1 0 R 0
590 14889 20644 578 20662 555 4241 1 0 0 0 0 0 0 1 1 1 0 R 0
591 14910 20446 609 20479 575 3869 1 0 0 0 0 0 0 1 1 1 0 R 0
592 14939 28532 1000 28555 988 6639 1 0 0 0 0 0 0 1 1 2 0 R 0
593 14967 27259 852 27321 781 4842 1 0 0 0 0 0 0 1 1 1 0 R 0
594 14989 20473 657 20552 574 3881 1 0 0 0 0 0 0 1 1 1 0 R 0
595 15012 22542 595 21983 567 3866 1 0 1 0 0 0 0 1 1 1 0 R 0
596 15041 29096 672 29123 642 6522 1 0 0 0 0 0 0 1 1 1 0 R 0
597 15069 26412 618 26437 591 4701 1 0 0 0 0 0 0 1 1 1 0 R 0
598 15089 20072 603 20097 580 4111 1 0 0 0 0 0 0 1 1 1 0 R 0
599 15112 21718 611 21747 580 3863 1 0 0 0 0 0 0 1 1 2 0 R 0
600 15143 31190 1042 31213 1018 11001 1 0 0 0 0 0 0 1 1 1 0 R 0
601 15172 27864 607 27887 578 4158 1 0 0 0 0 0 0 1 1 2 0 R 0
602 15193 20323 606 20352 574 4630 1 0 0 0 0 0 0 1 1 1 0 R 0
603 15214 20435 674 20479 645 3797 1 0 0 0 0 0 0 1 1 1 0 R 0
604 15244 29040 1196 29062 1176 4678 1 0 0 0 0 0 0 1 1 1 0 R 0
605 15275 30086 2789 30203 2776 4407 1 0 0 0 0 1 0 1 1 1 0 R 0
606 15299 21231 597 21131 573 5440 1 0 0 0 0 0 0 1 1 1 0 R 0
607 15321 20774 588 20806 564 4356 1 0 0 0 0 0 0 1 1 2 0 R 0
608 15350 28610 1014 28624 995 7128 1 0 0 0 0 0 0 1 1 1 0 R 0
609 15382 31080 1046 31186 933 4967 1 0 0 0 0 0 0 1 1 1 0 R 0
610 15404 21086 610 21116 576 3908 1 0 0 0 0 0 0 1 1 1 0 R 0
611 15428 23080 994 23196 1209 3901 1 0 0 0 0 0 0 1 1 1 0 R 0
612 15456 27528 573 27215 550 6824 1 0 0 0 0 0 0 1 1 2 0 R 0
613 15475 18547 901 18575 878 3859 1 0 0 0 0 0 0 1 1 1 0 R 0
614 15498 22011 657 22031 624 4419 1 0 0 0 0 0 0 1 1 1 0 R 0
615 15524 24800 607 24840 570 7757 1 0 0 0 0 0 0 1 1 2 0 R 0
616 15550 25780 1265 25950 1104 5456 1 0 0 0 0 0 0 1 1 1 0 R 0
617 15581 29338 985 29347 973 5813 1 0 0 0 0 0 0 1 1 1 0 R 0
618 15603 21549 660 21568 632 6926 1 0 0 0 0 0 0 1 1 1 0 R 0
619 15625 21483 1669 21513 1656 3858 1 0 0 0 0 0 0 1 1 1 0 R 0
620 15657 29495 956 29587 949 5249 1 0 0 0 0 0 0 1 1 2 0 R 0
621 15683 25636 604 25562 568 3859 1 0 0 0 0 0 0 1 1 1 0 R 0
622 15704 20480 601 20511 568 3967 1 0 0 0 0 0 0 1 1 1 0 R 0
623 15728 22762 809 22821 764 3897 1 0 0 0 0 0 0 1 1 1 0 R 0
624 15765 36099 765 36131 730 5307 1 0 0 0 0 0 0 1 1 4 0 R 0
625 15801 36101 796 36142 752 6129 1 0 0 0 0 0 0 1 1 3 0 R 0
626 15825 23071 1919 23125 1867 4236 1 0 0 0 0 0 0 1 1 3 0 R 0
627 15863 35841 1652 36206 1280 3781 1 0 0 0 0 0 0 1 1 3 0 R 0
628 15895 30453 1591 30506 1536 5119 1 0 0 0 0 0 0 1 1 4 0 R 0
629 15916 19370 577 19373 556 3877 1 0 0 0 0 0 0 1 1 1 0 R 0
630 15942 25263 925 25296 897 9287 1 0 0 0 0 0 0 1 1 2 0 R 0
631 15971 27979 1102 28004 1081 6495 1 0 0 0 0 0 0 1 1 1 0 R 0
632 15997 24576 686 24603 646 6937 1 0 0 0 0 0 0 1 1 1 0 R 0
633 16017 19639 559 19658 547 3837 1 0 0 0 0 0 0 1 1 1 0 R 0
634 16038 20892 1234 20915 1201 3844 1 0 0 0 0 0 0 1 1 1 0 R 0
635 16071 31175 615 30603 577 9127 1 0 1 0 0 0 0 1 1 1 0 R 0
636 16097 25521 610 25544 587 6351 1 0 0 0 0 0 0 1 1 2 0 R 0
637 16117 19780 587 19803 568 4196 1 0 0 0 0 0 0 1 1 1 0 R 0
638 16140 21976 595 22002 564 3811 1 0 0 0 0 0 0 1 1 1 0 R 0
639 16167 26145 593 26174 562 6940 1 0 0 0 0 0 0 1 1 1 0 R 0
640 16188 21022 635 21045 607 3837 1 0 0 0 0 0 0 1 1 1 0 R 0
641 16211 22502 584 22535 550 3844 1 0 0 0 0 0 0 1 1 2 0 R 0
642 16231 19045 597 19076 565 4522 1 0 0 0 0 0 0 1 1 1 0 R 0
643 16257 25848 730 25966 611 6203 1 0 0 0 0 0 0 1 1 1 0 R 0
644 16286 27873 964 27991 847 7638 1 0 0 0 0 0 0 1 1 1 0 R 0
645 16312 24661 658 24690 622 11280 1 0 0 0 0 0 0 1 1 1 0 R 0
646 16332 19761 582 19790 557 4218 1 0 0 0 0 0 0 1 1 1 0 R 0
647 16360 27113 998 27135 977 5976 1 0 0 0 0 1 0 1 1 1 0 R 0
648 16388 27012 1012 27129 991 7225 1 0 0 0 0 0 0 1 1 1 0 R 0
649 16410 21725 594 21648 565 6875 1 0 0 0 0 0 0 1 1 2 0 R 0
650 16431 20036 594 20067 561 4575 1 0 0 0 0 0 0 1 1 1 0 R 0
651 16458 25850 998 25878 985 4236 1 0 0 0 0 0 0 1 1 1 0 R 0
652 16484 25463 1159 25573 1040 7056 1 0 0 0 0 0 0 1 1 1 0 R 0
653 16511 25485 610 25510 573 5621 1 0 0 0 0 0 0 1 1 1 0 R 0
654 16531 19809 587 19839 555 4243 1 0 0 0 0 0 0 1 1 1 0 R 0
655 16554 22363 880 22400 845 4302 1 0 0 0 0 0 0 1 1 2 0 R 0
656 16584 29564 592 29593 558 5797 1 0 0 0 0 0 0 1 1 1 0 R 0
657 16613 28063 793 28094 858 4680 1 0 0 0 0 0 0 1 1 1 0 R 0
658 16635 21418 905 21351 889 3880 1 0 0 0 0 0 0 1 1 1 0 R 0
659 16660 23669 990 23683 967 3910 1 0 0 0 0 0 0 1 1 2 0 R 0
660 16692 31555 1347 31574 1335 13658 1 0 0 0 0 0 0 1 1 1 0 R 0
661 16717 23669 604 23676 576 5448 1 0 0 0 0 0 0 1 1 1 0 R 0
662 16737 19307 989 19367 929 3934 1 0 0 0 0 0 0 1 1 1 0 R 0
663 16764 25454 1101 25571 986 3881 1 0 0 0 0 0 0 1 1 2 0 R 0
664 16794 28799 1009 28824 986 5778 1 0 0 0 0 0 0 1 1 1 0 R 0
665 16822 27712 594 27731 566 6281 1 0 0 0 0 0 0 1 1 1 0 R 0
666 16844 20958 608 20986 580 4603 1 0 0 0 0 0 0 1 1 1 0 R 0
667 16872 27011 1188 27306 1005 4952 1 0 0 0 0 0 0 1 1 2 0 R 0
668 16899 25965 1148 25871 1138 6566 1 0 0 0 0 0 0 1 1 1 0 R 0
669 16923 22660 645 22675 615 6015 1 0 0 0 0 0 0 1 1 1 0 R 0
670 16942 19236 594 19263 579 4417 1 0 0 0 0 0 0 1 1 1 0 R 0
671 16967 23623 978 23736 850 4203 1 0 0 0 0 0 0 1 1 1 0 R 0
672 16996 28630 973 28743 856 7494 1 0 0 0 0 0 0 1 1 1 0 R 0
673 17022 24296 604 22666 574 9505 1 0 1 0 0 0 0 1 1 1 0 R 0
674 17041 19310 601 19339 571 4270 1 0 0 0 0 0 0 1 1 2 0 R 0
675 17070 27693 707 27726 674 8350 1 0 0 0 0 0 0 1 1 2 0 R 0
676 17097 26768 776 26790 748 6536 1 0 0 0 0 0 0 1 1 1 0 R 0
677 17128 29495 776 29514 757 7673 1 0 0 0 0 0 0 1 1 1 0 R 0
678 17149 20322 613 20341 583 4102 1 0 0 0 0 0 0 1 1 1 0 R 0
679 17173 24065 1010 24096 986 3845 1 0 0 0 0 0 0 1 1 1 0 R 0
680 17203 28468 993 28484 964 5798 1 0 0 0 0 0 0 1 1 2 0 R 0
681 17228 24072 585 24083 560 5923 1 0 0 0 0 0 0 1 1 0 0 R 0
682 17247 18949 621 18964 598 3880 1 0 0 0 0 0 0 1 1 1 0 R 0
683 17271 23436 1098 23464 1087 3829 1 0 0 0 0 0 0 1 1 2 0 R 0
684 17300 27854 635 27854 605 6879 1 0 0 0 0 0 0 1 1 1 0 R 0
685 17329 27971 848 27992 822 6362 1 0 0 0 0 0 0 1 1 1 0 R 0
686 17351 21645 648 21667 612 5551 1 0 0 0 0 0 0 1 1 1 0 R 0
687 17375 22543 1993 22596 2050 4228 1 0 0 0 0 0 0 1 1 1 0 R 0
688 17404 27121 639 27022 613 6878 1 0 0 0 0 0 0 1 1 1 0 R 0
689 17433 28448 797 28472 761 6546 1 0 0 0 0 0 0 1 1 1 0 R 0
690 17457 23374 580 23398 554 8832 1 0 0 0 0 0 0 1 1 2 0 R 0
691 17484 26199 1042 26220 1007 4984 1 0 0 0 0 0 0 1 1 1 0 R 0
692 17510 24654 648 24681 612 5098 1 0 0 0 0 0 0 1 1 1 0 R 0
693 17531 21075 937 21107 913 4199 1 0 0 0 0 0 0 1 1 1 0 R 0
694 17553 21104 577 21117 560 4984 1 0 0 0 0 0 0 1 1 1 0 R 0
695 17574 20331 979 20347 954 3874 1 0 0 0 0 0 0 1 1 2 0 R 0
696 17605 29431 1384 29441 1368 6005 1 0 0 0 0 0 0 1 1 1 0 R 0
697 17630 23688 862 23697 843 4185 1 0 0 0 0 0 0 1 1 1 0 R 0
698 17651 20142 589 20155 553 4586 1 0 0 0 0 0 0 1 1 1 0 R 0
699 17671 19946 722 19977 691 4254 1 0 0 0 0 0 0 1 1 1 0 R 0
700 17700 28424 991 28530 871 5307 1 0 0 0 0 0 0 1 1 2 0 R 0
701 17729 27413 961 27429 951 6724 1 0 0 0 0 0 0 1 1 1 0 R 0
702 17751 20817 585 20824 557 4479 1 0 0 0 0 0 0 1 1 1 0 R 0
703 17772 20981 621 21013 581 4264 1 0 0 0 0 0 0 1 1 1 0 R 0
704 17802 29059 1138 29186 1004 4295 1 0 0 0 0 0 0 1 1 2 0 R 0
705 17837 34457 927 34551 824 13374 1 0 0 0 0 0 0 1 1 1 0 R 0
706 17860 21403 616 21427 588 5465 1 0 0 0 0 0 0 1 1 1 0 R 0
707 17881 20784 1627 20804 1616 4175 1 0 0 0 0 1 0 1 1 1 0 R 0
708 17913 30405 891 30497 766 5682 1 0 0 0 0 0 0 1 1 2 0 R 0
709 17939 24831 816 24857 787 5406 1 0 0 0 0 0 0 1 1 1 0 R 0
710 17960 20773 586 20787 559 5114 1 0 0 0 0 0 0 1 1 1 0 R 0
711 17983 21541 615 21258 580 5100 1 0 1 0 0 0 0 1 1 1 0 R 0
712 18014 30434 1026 30455 1000 6026 1 0 0 0 0 0 0 1 1 1 0 R 0
713 18041 25986 616 26007 582 4792 1 0 0 0 0 0 0 1 1 1 0 R 0
714 18061 19918 572 19938 541 4508 1 0 0 0 0 0 0 1 1 1 0 R 0
715 18083 21657 602 21685 572 4764 1 0 0 0 0 0 0 1 1 2 0 R 0
716 18109 25076 1002 25091 984 5726 1 0 0 0 0 0 0 1 1 1 0 R 0
717 18139 29297 593 29305 572 6758 1 0 0 0 0 0 0 1 1 1 0 R 0
718 18160 19621 588 19638 559 4413 1 0 0 0 0 0 0 1 1 1 0 R 0
719 18181 20777 1369 20921 1231 4137 1 0 0 0 0 0 0 1 1 1 0 R 0
720 18214 31686 1003 31704 979 9651 1 0 0 0 0 0 0 1 1 2 0 R 0
721 18248 32521 1393 32548 1354 4666 1 0 0 0 0 0 0 1 1 1 0 R 0
722 18269 20515 603 20525 578 5149 1 0 0 0 0 0 0 1 1 1 0 R 0
723 18291 20947 602 20972 743 4255 1 0 0 0 0 0 0 1 1 1 0 R 0
724 18322 29922 1100 29855 994 7204 1 0 0 0 0 0 0 1 1 1 0 R 0
725 18352 28882 965 28891 938 5293 1 0 0 0 0 0 0 1 1 2 0 R 0
726 18374 21110 602 21130 568 4941 1 0 0 0 0 0 0 1 1 1 0 R 0
727 18398 23977 1205 24002 1192 3609 1 0 0 0 0 0 0 1 1 1 0 R 0
728 18422 22425 601 22433 573 7148 1 0 0 0 0 0 0 1 1 1 0 R 0
729 18442 19706 592 19725 564 4757 1 0 0 0 0 0 0 1 1 1 0 R 0
730 18465 21920 600 21941 570 3971 1 0 0 0 0 0 0 1 1 2 0 R 0
731 18484 19172 597 19199 563 3826 1 0 0 0 0 0 0 1 1 1 0 R 0
732 18513 28434 1094 28558 967 4443 1 0 0 0 0 0 0 1 1 1 0 R 0
733 18544 29083 1155 29100 1135 5601 1 0 0 0 0 0 0 1 1 2 0 R 0
734 18567 21986 591 21989 569 4049 1 0 0 0 0 0 0 1 1 1 0 R 0
735 18593 25153 1147 25299 1000 8999 1 0 0 0 0 0 0 1 1 1 0 R 0
736 18622 28718 1113 28816 1006 5840 1 0 0 0 0 0 0 1 1 1 0 R 0
737 18652 28662 596 28676 566 5548 1 0 0 0 0 0 0 1 1 1 0 R 0
738 18673 20634 640 20652 614 4333 1 0 0 0 0 0 0 1 1 2 0 R 0
739 18694 20427 1014 20550 887 3830 1 0 0 0 0 0 0 1 1 1 0 R 0
740 18723 27470 1172 27490 1165 4074 1 0 0 0 0 1 0 1 1 1 0 R 0
741 18753 28809 960 28814 936 5556 1 0 0 0 0 0 0 1 1 1 0 R 0
742 18774 20252 652 20263 618 4448 1 0 0 0 0 0 0 1 1 1 0 R 0
743 18798 22790 916 22920 782 3818 1 0 0 0 0 0 0 1 1 2 0 R 0
744 18823 24180 846 24297 725 4617 1 0 0 0 0 0 0 1 1 1 0 R 0
745 18852 28911 1102 29015 990 6647 1 0 0 0 0 0 0 1 1 2 0 R 0
746 18874 20811 606 20834 570 3929 1 0 0 0 0 0 0 1 1 1 0 R 0
747 18894 19237 600 19263 564 3815 1 0 0 0 0 0 0 1 1 1 0 R 0
748 18920 25528 979 25553 956 4494 1 0 0 0 0 0 0 1 1 1 0 R 0
749 18949 27906 1350 27976 1290 6570 1 0 0 0 0 0 0 1 1 1 0 R 0
750 18976 25601 574 25590 556 11191 1 0 0 0 0 0 0 1 1 1 0 R 0
751 18997 19877 639 19916 597 3801 1 0 0 0 0 0 0 1 1 2 0 R 0
752 19029 31874 1143 31400 1116 4845 1 0 1 0 0 0 0 1 1 1 0 R 0
753 19059 28787 1112 28796 994 7341 1 0 0 0 0 0 0 1 1 1 0 R 0
754 19080 20151 595 20165 567 4493 1 0 0 0 0 0 0 1 1 1 0 R 0
755 19100 19547 627 19570 601 4407 1 0 0 0 0 0 0 1 1 2 0 R 0
756 19129 28139 1031 28178 991 4449 1 0 0 0 0 0 0 1 1 1 0 R 0
757 19159 28819 1291 28925 1184 6967 1 0 0 0 0 0 0 1 1 1 0 R 0
758 19181 20728 594 20731 565 4459 1 0 0 0 0 0 0 1 1 0 0 R 0
759 19201 19254 578 19280 546 4242 1 0 0 0 0 0 0 1 1 1 0 R 0
760 19229 27861 969 27877 954 6530 1 0 0 0 0 0 0 1 1 2 0 R 0
761 19258 27553 624 27561 600 7233 1 0 0 0 0 0 0 1 1 2 0 R 0
762 19283 24215 593 24240 567 7634 1 0 0 0 0 0 0 1 1 1 0 R 0
763 19303 19883 599 19900 569 4078 1 0 0 0 0 0 0 1 1 1 0 R 0
764 19331 27191 980 27212 950 5614 1 0 0 0 0 0 0 1 1 1 0 R 0
765 19364 32026 1001 32048 977 13187 1 0 0 0 0 0 0 1 1 1 0 R 0
766 19388 22701 587 22711 561 3858 1 0 0 0 0 0 0 1 1 1 0 R 0
767 19408 19765 557 19782 538 3890 1 0 0 0 0 0 0 1 1 2 0 R 0
768 19436 27785 981 27893 871 4361 1 0 0 0 0 0 0 1 1 1 0 R 0
769 19464 26839 1002 26855 977 7546 1 0 0 0 0 0 0 1 1 1 0 R 0
770 19491 25755 716 25782 674 8088 1 0 0 0 0 0 0 1 1 1 0 R 0
771 19511 19362 1771 20058 1093 4136 1 0 0 0 0 0 0 1 1 1 0 R 0
772 19541 28010 993 28004 964 4198 1 0 0 0 0 0 0 1 1 1 0 R 0
773 19571 29276 1024 29298 1007 7221 1 0 0 0 0 0 0 1 1 2 0 R 0
774 19595 22952 1005 22963 981 7357 1 0 0 0 0 0 0 1 1 1 0 R 0
775 19618 21513 741 21538 705 4035 1 0 0 0 0 0 0 1 1 1 0 R 0
776 19645 26144 586 26164 551 4402 1 0 0 0 0 0 0 1 1 0 0 R 0
777 19664 19109 606 19141 572 3844 1 0 0 0 0 0 0 1 1 1 0 R 0
778 19688 22693 935 22716 914 3849 1 0 0 0 0 0 0 1 1 1 0 R 0
779 19708 19836 777 19897 706 4044 1 0 0 0 0 0 0 1 1 2 0 R 0
780 19738 28441 1167 28451 1160 10223 1 0 0 0 0 0 0 1 1 1 0 R 0
781 19765 26279 1657 26285 1645 7979 1 0 0 0 0 0 0 1 1 1 0 R 0
782 19789 22798 628 22801 596 7977 1 0 0 0 0 0 0 1 1 2 0 R 0
783 19810 19678 585 19702 558 4183 1 0 0 0 0 0 0 1 1 1 0 R 0
784 19833 22737 748 22764 714 4218 1 0 0 0 0 0 0 1 1 1 0 R 0
785 19862 27814 680 27837 647 4884 1 0 0 0 0 0 0 1 1 1 0 R 0
786 19886 23684 578 23711 544 6011 1 0 0 0 0 0 0 1 1 1 0 R 0
787 19905 18904 928 18945 887 4280 1 0 0 0 0 0 0 1 1 1 0 R 0
788 19928 21926 618 21949 582 3835 1 0 0 0 0 0 0 1 1 1 0 R 0
789 19958 28848 882 28862 1211 6633 1 0 0 0 0 0 0 1 1 2 0 R 0
790 19988 29021 1343 27923 1423 7376 1 0 1 0 0 0 0 1 1 1 0 R 0
791 20011 22013 647 21933 620 5540 1 0 0 0 0 0 0 1 1 1 0 R 0
792 20033 21059 955 21083 923 4625 1 0 0 0 0 0 0 1 1 1 0 R 0
793 20064 30431 898 30455 864 6537 1 0 0 0 0 0 0 1 1 1 0 R 0
794 20090 24526 648 24597 570 5653 1 0 0 0 0 0 0 1 1 1 0 R 0
795 20113 23076 591 23101 560 8695 1 0 0 0 0 0 0 1 1 1 0 R 0
796 20137 23241 900 23260 885 3916 1 0 0 0 0 0 0 1 1 1 0 R 0
797 20165 27005 1890 27112 1784 6136 1 0 0 0 0 0 0 1 1 1 0 R 0
798 20192 24852 593 24851 560 4178 1 0 0 0 0 0 0 1 1 2 0 R 0
799 20212 20008 894 20094 815 4716 1 0 0 0 0 0 0 1 1 1 0 R 0
800 20234 20806 612 20829 575 4302 1 0 0 0 0 0 0 1 1 1 0 R 0
801 20264 29456 1020 29482 988 5160 1 0 0 0 0 0 0 1 1 2 0 R 0
802 20296 31328 911 31337 888 4405 1 0 0 0 0 0 0 1 1 1 0 R 0
803 20319 21739 610 21758 583 4703 1 0 0 0 0 0 0 1 1 1 0 R 0
804 20342 21785 976 21814 942 3911 1 0 0 0 0 0 0 1 1 1 0 R 0
805 20369 26345 1057 26362 1037 7546 1 0 0 0 0 0 0 1 1 1 0 R 0
806 20396 26444 578 26454 552 5452 1 0 0 0 0 0 0 1 1 2 0 R 0
807 20418 21003 584 21022 561 4292 1 0 0 0 0 0 0 1 1 1 0 R 0
808 20439 20861 692 20887 656 3859 1 0 0 0 0 0 0 1 1 1 0 R 0
809 20468 28343 1012 28366 996 5543 1 0 0 0 0 0 0 1 1 1 0 R 0
810 20499 29497 1437 29502 1431 10835 1 0 0 0 0 1 0 1 1 1 0 R 0
811 20520 20013 594 20018 562 4623 1 0 0 0 0 0 0 1 1 1 0 R 0
812 20542 20628 593 20654 567 4412 1 0 0 0 0 0 0 1 1 2 0 R 0
813 20572 29890 1027 29907 1103 5920 1 0 0 0 0 0 0 1 1 1 0 R 0
814 20600 27368 648 27287 612 4098 1 0 0 0 0 0 0 1 1 1 0 R 0
815 20622 21268 575 21291 548 4705 1 0 0 0 0 0 0 1 1 1 0 R 0
816 20644 20762 602 20790 573 4196 1 0 0 0 0 0 0 1 1 2 0 R 0
817 20671 26545 610 26567 575 6105 1 0 0 0 0 0 0 1 1 1 0 R 0
818 20700 28710 590 28733 725 5202 1 0 0 0 0 0 0 1 1 1 0 R 0
819 20723 22679 609 22540 571 7331 1 0 0 0 0 0 0 1 1 1 0 R 0
820 20746 22216 584 22239 558 3838 1 0 0 0 0 0 0 1 1 1 0 R 0
821 20776 29574 975 29683 856 5041 1 0 0 0 0 0 0 1 1 2 0 R 0
822 20805 27317 1261 27389 1192 4358 1 0 0 0 0 0 0 1 1 2 0 R 0
823 20826 20326 1176 20333 1161 3775 1 0 0 0 0 0 0 1 1 1 0 R 0
824 20848 20954 601 20974 568 3978 1 0 0 0 0 0 0 1 1 1 0 R 0
825 20882 32885 1048 32903 1027 12808 1 0 0 0 0 0 0 1 1 1 0 R 0
826 20908 24946 588 24956 559 5521 1 0 0 0 0 0 0 1 1 1 0 R 0
827 20929 19968 599 19996 564 3745 1 0 0 0 0 0 0 1 1 2 0 R 0
828 20951 21704 606 21733 572 3873 1 0 0 0 0 0 0 1 1 0 0 R 0
829 20980 28536 1020 28558 1010 5690 1 0 0 0 0 0 0 1 1 1 0 R 0
830 21010 29029 574 28677 548 5383 1 0 1 0 0 0 0 1 1 1 0 R 0
831 21031 20276 589 20300 562 4257 1 0 0 0 0 0 0 1 1 2 0 R 0
832 21053 21072 603 21098 570 4169 1 0 0 0 0 0 0 1 1 2 0 R 0
833 21082 28528 1111 28642 984 5430 1 0 0 0 0 1 0 1 1 1 0 R 0
834 21111 28501 587 28518 568 5173 1 0 0 0 0 0 0 1 1 1 0 R 0
835 21132 19967 599 19990 562 4471 1 0 0 0 0 0 0 1 1 1 0 R 0
836 21154 21182 738 21305 609 4259 1 0 0 0 0 0 0 1 1 1 0 R 0
837 21183 28150 1016 28180 979 4471 1 0 0 0 0 0 0 1 1 1 0 R 0
838 21214 30073 1012 30096 983 6255 1 0 0 0 0 0 0 1 1 1 0 R 0
839 21237 22519 590 22536 562 6275 1 0 0 0 0 0 0 1 1 1 0 R 0
840 21262 24746 972 24789 1059 8034 1 0 0 0 0 0 0 1 1 2 0 R 0
841 21293 29493 1003 29376 983 6093 1 0 0 0 0 0 0 1 1 1 0 R 0
842 21320 26231 601 26249 563 5298 1 0 0 0 0 0 0 1 1 1 0 R 0
843 21340 19455 595 19483 564 4563 1 0 0 0 0 0 0 1 1 1 0 R 0
844 21362 20713 1323 20740 1298 4166 1 0 0 0 0 0 0 1 1 1 0 R 0
845 21392 29447 992 29458 972 6913 1 0 0 0 0 0 0 1 1 1 0 R 0
846 21420 26929 603 26947 570 4476 1 0 0 0 0 0 0 1 1 1 0 R 0
847 21441 20191 586 20213 560 4746 1 0 0 0 0 0 0 1 1 2 0 R 0
848 21463 21311 612 21339 575 4141 1 0 0 0 0 0 0 1 1 1 0 R 0
849 21493 28999 1011 29022 990 5672 1 0 0 0 0 0 0 1 1 1 0 R 0
850 21521 27887 690 27923 640 4435 1 0 0 0 0 0 0 1 1 1 0 R 0
851 21543 20740 604 20761 573 3936 1 0 0 0 0 0 0 1 1 1 0 R 0
852 21565 21454 915 21482 891 4758 1 0 0 0 0 0 0 1 1 2 0 R 0
853 21594 27723 1187 27734 1160 5163 1 0 0 0 0 0 0 1 1 0 0 R 0
854 21624 29521 1000 29542 975 4564 1 0 0 0 0 0 0 1 1 2 0 R 0
855 21651 25459 607 25476 572 11809 1 0 0 0 0 0 0 1 1 1 0 R 0
856 21674 22259 970 22288 947 4200 1 0 0 0 0 0 0 1 1 1 0 R 0
857 21703 28585 922 28695 793 5350 1 0 0 0 0 0 0 1 1 1 0 R 0
858 21729 24624 814 24647 789 4993 1 0 0 0 0 0 0 1 1 1 0 R 0
859 21750 20135 612 20153 580 4637 1 0 0 0 0 0 0 1 1 1 0 R 0
860 21771 20976 595 21005 562 4257 1 0 0 0 0 0 0 1 1 2 0 R 0
861 21802 29983 1304 30035 1365 5541 1 0 0 0 0 0 0 1 1 1 0 R 0
862 21831 27425 612 27332 578 4230 1 0 0 0 0 0 0 1 1 1 0 R 0
863 21852 20371 789 20439 716 4623 1 0 0 0 0 0 0 1 1 1 0 R 0
864 21873 20666 609 20693 575 4258 1 0 0 0 0 0 0 1 1 2 0 R 0
865 21903 28948 1032 28967 1015 5484 1 0 0 0 0 0 0 1 1 1 0 R 0
866 21933 29397 1000 29406 972 4403 1 0 0 0 0 0 0 1 1 1 0 R 0
867 21958 23859 607 23874 580 5844 1 0 0 0 0 0 0 1 1 1 0 R 0
868 21983 24399 1014 24054 992 4146 1 0 1 0 0 0 0 1 1 2 0 R 0
869 22013 29009 882 29077 793 6545 1 0 0 0 0 0 0 1 1 1 0 R 0
870 22041 27495 1131 27542 1109 13772 1 0 0 0 0 0 0 1 1 1 0 R 0
871 22061 18752 818 18764 784 4052 1 0 0 0 0 0 0 1 1 1 0 R 0
872 22082 20510 1109 20608 992 4333 1 0 0 0 0 0 0 1 1 1 0 R 0
873 22114 30842 609 30868 576 5681 1 0 0 0 0 0 0 1 1 2 0 R 0
874 22143 28364 1180 28460 1079 6013 1 0 0 0 0 0 0 1 1 1 0 R 0
875 22166 21544 565 21553 544 3896 1 0 0 0 0 0 0 1 1 1 0 R 0
876 22191 23867 1204 23891 1183 3900 1 0 0 0 0 0 0 1 1 1 0 R 0
877 22220 28648 968 28754 844 6637 1 0 0 0 0 0 0 1 1 1 0 R 0
878 22250 28954 596 28969 569 6470 1 0 0 0 0 0 0 1 1 2 0 R 0
879 22272 21209 603 21239 569 4506 1 0 0 0 0 0 0 1 1 2 0 R 0
880 22300 26828 985 26845 956 5795 1 0 0 0 0 0 0 1 1 0 0 R 0
881 22321 20894 600 20920 571 5396 1 0 0 0 0 0 0 1 1 1 0 R 0
882 22342 19528 580 19551 549 4317 1 0 0 0 0 0 0 1 1 1 0 R 0
883 22364 22201 594 22230 560 6011 1 0 0 0 0 0 0 1 1 2 0 R 0
884 22386 21153 559 21170 536 3810 1 0 0 0 0 0 0 1 1 1 0 R 0
885 22420 32994 1003 33010 979 13912 1 0 0 0 0 0 0 1 1 1 0 R 0
886 22445 24706 1277 24724 1261 5729 1 0 0 0 0 0 0 1 1 1 0 R 0
887 22467 20115 574 20120 550 4222 1 0 0 0 0 0 0 1 1 1 0 R 0
888 22488 20548 591 20573 565 3887 1 0 0 0 0 0 0 1 1 2 0 R 0
889 22516 27969 958 28067 847 4567 1 0 0 0 0 0 0 1 1 1 0 R 0
890 22545 27346 606 27371 572 4961 1 0 0 0 0 0 0 1 1 1 0 R 0
891 22565 19277 610 19310 576 4043 1 0 0 0 0 0 0 1 1 1 0 R 0
892 22588 22874 586 22897 555 3899 1 0 0 0 0 0 0 1 1 2 0 R 0
893 22618 28811 994 28914 992 4787 1 0 0 0 0 0 0 1 1 1 0 R 0
894 22647 28843 650 28751 630 6711 1 0 0 0 0 0 0 1 1 1 0 R 0
895 22671 23444 857 23480 815 4032 1 0 0 0 0 0 0 1 1 2 0 S 0
896 22739 66471 1494 39415 1480 4875 1 4 5 0 0 75 0 1 1 1 0 R 0
897 22764 24105 600 23990 564 6576 1 0 0 0 0 17 0 1 1 2 0 R 0
898 22785 19947 606 19972 983 3774 1 0 0 0 0 0 0 1 1 1 0 R 0
899 22813 27479 1114 27194 995 5486 1 0 0 0 0 0 0 1 1 1 0 R 0
900 22847 33273 1110 33377 1011 13227 1 0 0 0 0 0 0 1 1 1 0 R 0
901 22873 24361 602 24360 572 6303 1 0 0 0 0 0 0 1 1 2 0 R 0
902 22895 21792 1045 21826 1016 4152 1 0 0 0 0 0 0 1 1 1 0 R 0
903 22924 27449 1004 27560 988 4680 1 0 0 0 0 0 0 1 1 1 0 R 0
904 22954 29715 918 29626 1520 5261 1 0 0 0 0 0 0 1 1 1 0 R 0
905 22976 20853 559 20236 538 3818 1 0 0 0 0 0 0 1 1 1 0 R 0
906 22999 22409 611 22431 580 3814 1 0 0 0 0 0 0 1 1 1 0 R 0
907 23031 31065 1188 30472 1177 7485 1 0 1 0 0 0 0 1 1 1 0 R 0
908 23059 26900 607 26902 580 4833 1 0 0 0 0 0 0 1 1 2 0 R 0
909 23081 21617 604 21643 567 4646 1 0 0 0 0 0 0 1 1 1 0 R 0
910 23103 21602 613 21636 575 4379 1 0 0 0 0 0 0 1 1 1 0 R 0
911 23133 29368 1294 29484 1180 6206 1 0 0 0 0 0 0 1 1 1 0 R 0
912 23165 30048 2787 30146 2696 4515 1 0 0 0 0 1 0 1 1 2 0 R 0
913 23189 21637 590 21631 561 4345 1 0 0 0 0 0 0 1 1 1 0 R 0
914 23214 24204 1110 24323 986 3698 1 0 0 0 0 0 0 1 1 1 0 R 0
915 23244 29321 1876 29344 1874 13615 1 0 0 0 0 0 0 1 1 1 0 R 0
916 23275 28692 926 28682 913 6713 1 0 0 0 0 0 0 1 1 1 0 R 0
917 23297 20813 583 20817 555 4016 1 0 0 0 0 0 0 1 1 2 0 R 0
918 23322 25073 1183 25097 1174 5468 1 0 0 0 0 0 0 1 1 1 0 R 0
919 23349 25198 603 25197 573 5135 1 0 0 0 0 0 0 1 1 1 0 R 0
920 23370 21126 955 21238 840 3840 1 0 0 0 0 0 0 1 1 1 0 R 0
921 23393 21538 655 21558 627 4902 1 0 0 0 0 0 0 1 1 2 0 R 0
922 23415 21212 1131 21333 1012 4223 1 0 0 0 0 0 0 1 1 1 0 R 0
923 23446 30043 570 30051 546 5836 1 0 0 0 0 0 0 1 1 1 0 R 0
924 23472 25047 617 25071 588 6125 1 0 0 0 0 0 0 1 1 1 0 R 0
925 23493 20911 593 20926 571 4568 1 0 0 0 0 0 0 1 1 1 0 R 0
926 23518 24040 1092 24146 982 3852 1 0 0 0 0 1 0 1 1 1 0 R 0
927 23548 29460 595 29474 570 7284 1 0 0 0 0 0 0 1 1 1 0 R 0
928 23574 25191 639 25216 612 6586 1 0 0 0 0 0 0 1 1 2 0 R 0
929 23594 19724 702 19754 676 4192 1 0 0 0 0 0 0 1 1 1 0 R 0
930 23620 24492 1193 24605 1058 8143 1 0 0 0 0 0 0 1 1 1 0 R 0
931 23651 29910 785 29958 749 6553 1 0 0 0 0 0 0 1 1 1 0 R 0
932 23675 23689 1177 23692 1157 6102 1 0 0 0 0 0 0 1 1 1 0 R 0
933 23698 21784 645 21795 620 4209 1 0 0 0 0 0 0 1 1 1 0 R 0
934 23721 22062 607 22086 574 3867 1 0 0 0 0 0 0 1 1 2 0 R 0
935 23752 30410 751 30427 723 7097 1 0 0 0 0 0 0 1 1 1 0 R 0
936 23781 27803 676 27831 642 5840 1 0 0 0 0 0 0 1 1 1 0 R 0
937 23802 20663 607 20690 571 4210 1 0 0 0 0 0 0 1 1 1 0 R 0
938 23824 21776 1024 21808 999 4382 1 0 0 0 0 0 0 1 1 2 0 R 0
939 23855 29969 908 29982 886 8344 1 0 0 0 0 0 0 1 1 0 0 R 0
940 23881 24933 603 24949 570 5759 1 0 0 0 0 0 0 1 1 2 0 R 0
941 23902 20509 598 20531 574 4829 1 0 0 0 0 0 0 1 1 1 0 R 0
942 23924 20970 613 20998 574 4120 1 0 0 0 0 0 0 1 1 2 0 R 0
943 23954 29380 1686 29434 1641 5990 1 0 0 0 0 0 0 1 1 1 0 R 0
944 23983 27190 769 26242 734 4555 1 0 1 0 0 0 0 1 1 1 0 R 0
945 24006 22884 593 22906 567 8934 1 0 0 0 0 0 0 1 1 1 0 R 0
946 24030 22920 1109 23028 1005 3774 1 0 0 0 0 0 0 1 1 1 0 R 0
947 24061 30188 597 30198 569 7092 1 0 0 0 0 0 0 1 1 2 0 R 0
948 24090 27956 1076 27971 1059 7223 1 0 0 0 0 0 0 1 1 0 0 R 0
949 24112 20916 799 20945 784 4492 1 0 0 0 0 0 0 1 1 2 0 R 0
950 24139 26191 1008 26187 980 4141 1 0 0 0 0 0 0 1 1 1 0 R 0
951 24168 28738 852 28760 933 7349 1 0 0 0 0 0 0 1 1 1 0 R 0
952 24198 28761 606 28664 578 7331 1 0 0 0 0 0 0 1 1 2 0 R 0
953 24219 20034 634 20058 603 4119 1 0 0 0 0 0 0 1 1 0 0 R 0
954 24245 25411 1767 25436 1872 6134 1 0 0 0 0 0 0 1 1 2 0 R 0
955 24270 23613 634 23499 604 8293 1 0 0 0 0 0 0 1 1 1 0 R 0
956 24291 19928 1079 20036 973 4204 1 0 0 0 0 0 0 1 1 1 0 R 0
957 24313 21626 597 21641 569 5495 1 0 0 0 0 0 0 1 1 1 0 R 0
958 24338 24565 985 24672 969 3800 1 0 0 0 0 0 0 1 1 1 0 R 0
959 24369 29896 614 29828 578 6822 1 0 0 0 0 0 0 1 1 1 0 R 0
960 24402 32461 609 32484 576 13844 1 0 0 0 0 0 0 1 1 1 0 R 0
961 24423 20212 599 20235 569 4599 1 0 0 0 0 0 0 1 1 2 0 R 0
962 24451 27559 1011 27583 982 5843 1 0 0 0 0 0 0 1 1 1 0 R 0
963 24480 27811 1017 27828 998 7178 1 0 0 0 0 0 0 1 1 1 0 R 0
964 24507 25849 586 25860 558 7400 1 0 0 0 0 0 0 1 1 1 0 R 0
965 24529 21038 592 21062 566 3758 1 0 0 0 0 0 0 1 1 1 0 R 0
966 24558 29147 967 29168 940 4698 1 0 0 0 0 0 0 1 1 1 0 R 0
967 24579 19478 616 19495 588 4205 1 0 0 0 0 0 0 1 1 1 0 R 0
968 24601 21895 1212 21922 1181 3810 1 0 0 0 0 0 0 1 1 2 0 R 0
969 24624 20896 601 20914 571 4909 1 0 0 0 0 0 0 1 1 1 0 R 0
970 24651 26612 904 26640 873 3800 1 0 0 0 0 0 0 1 1 2 0 R 0
971 24680 28107 995 28124 973 7311 1 0 0 0 0 0 0 1 1 1 0 R 0
972 24710 29044 604 29059 579 7201 1 0 0 0 0 0 0 1 1 1 0 R 0
973 24730 20057 620 20078 586 4489 1 0 0 0 0 0 0 1 1 1 0 R 0
974 24757 26369 1002 26391 973 5644 1 0 0 0 0 0 0 1 1 2 0 R 0
975 24790 31826 1138 31945 1017 13224 1 0 0 0 0 0 0 1 1 1 0 R 0
976 24814 22676 638 22693 605 5535 1 0 0 0 0 0 0 1 1 1 0 R 0
977 24835 20730 958 21062 627 3704 1 0 0 0 0 0 0 1 1 1 0 R 0
978 24864 27736 1035 27856 902 4307 1 0 0 0 0 0 0 1 1 1 0 R 0
979 24894 28564 993 28589 964 6446 1 0 0 0 0 0 0 1 1 1 0 R 0
980 24917 22493 589 22509 560 4335 1 0 0 0 0 0 0 1 1 1 0 R 0
981 24937 19267 574 19292 549 3860 1 0 0 0 0 0 0 1 1 1 0 R 0
982 24964 26421 1129 26540 1016 5534 1 0 0 0 0 0 0 1 1 1 0 R 0
983 24991 26229 1095 26240 1071 7624 1 0 0 0 0 0 0 1 1 2 0 R 0
984 25016 23697 841 23703 645 7067 1 0 1 0 0 0 0 1 1 1 0 R 0
985 25038 20844 584 20861 556 3861 1 0 0 0 0 0 0 1 1 2 0 R 0
986 25064 25872 2130 26127 1988 6009 1 0 0 0 0 0 0 1 1 1 0 R 0
987 25092 25240 1184 25141 1170 7445 1 0 0 0 0 0 0 1 1 1 0 R 0
988 25117 24374 630 24374 604 5852 1 0 0 0 0 0 0 1 1 1 0 R 0
989 25139 21151 604 21184 564 3869 1 0 0 0 0 0 0 1 1 1 0 R 0
990 25170 29997 1054 30018 1035 11618 1 0 0 0 0 0 0 1 1 1 0 R 0
991 25199 27903 978 28008 957 6676 1 0 0 0 0 0 0 1 1 1 0 R 0
992 25222 21970 654 21893 621 5793 1 0 0 0 0 0 0 1 1 2 0 R 0
993 25243 20616 610 20640 584 4210 1 0 0 0 0 0 0 1 1 1 0 R 0
994 25271 27067 1208 27088 1197 5625 1 0 0 0 0 0 0 1 1 1 0 R 0
995 25300 28020 979 28023 956 7068 1 0 0 0 0 0 0 1 1 1 0 R 0
996 25323 22171 659 22190 626 5397 1 0 0 0 0 0 0 1 1 2 0 R 0
997 25344 20017 595 20040 564 4485 1 0 0 0 0 0 0 1 1 1 0 R 0
998 25370 26139 993 26165 961 4889 1 0 0 0 0 0 0 1 1 1 0 R 0
999 25398 26833 880 26856 850 5379 1 0 0 0 0 0 0 1 1 1 0 R 0
1000 25422 23055 685 23098 639 7072 1 0 0 0 0 0 0 1 1 1 0 R 0
1001 25443 20021 588 20042 558 4284 1 0 0 0 0 0 0 1 1 1 0 R 0
1002 25469 25081 976 25103 947 4438 1 0 0 0 0 0 0 1 1 1 0 R 0
1003 25495 25795 994 25816 974 6641 1 0 0 0 0 0 0 1 1 2 0 R 0
1004 25525 29070 1349 29087 1323 7619 1 0 0 0 0 0 0 1 1 1 0 R 0
1005 25550 22898 601 22913 571 8914 1 0 0 0 0 0 0 1 1 1 0 R 0
1006 25576 26082 1130 26364 867 5814 1 0 0 0 0 0 0 1 1 2 0 R 0
1007 25605 27924 1705 28014 1701 7202 1 0 0 0 0 0 0 1 1 1 0 R 0
1008 25630 22863 597 22766 568 7143 1 0 0 0 0 0 0 1 1 1 0 R 0
1009 25650 19602 585 19623 561 4318 1 0 0 0 0 0 0 1 1 1 0 R 0
1010 25674 23388 609 23416 573 4190 1 0 0 0 0 0 0 1 1 1 0 R 0
1011 25702 26828 867 26849 844 4971 1 0 0 0 0 0 0 1 1 1 0 R 0
1012 25732 29483 967 29499 951 7210 1 0 0 0 0 0 0 1 1 1 0 R 0
1013 25753 20068 648 20075 618 4495 1 0 0 0 0 0 0 1 1 2 0 R 0
1014 25780 26422 2218 26448 2217 5042 1 0 0 0 0 1 0 1 1 1 0 R 0
1015 25809 26439 612 26430 582 7478 1 0 0 0 0 0 0 1 1 1 0 R 0
1016 25835 25864 983 25891 954 3785 1 0 0 0 0 0 0 1 1 1 0 R 0
1017 25856 19938 602 19945 583 4213 1 0 0 0 0 0 0 1 1 1 0 R 0
1018 25885 28325 1657 28441 1545 4779 1 0 0 0 0 0 0 1 1 1 0 R 0
1019 25913 25993 716 26006 685 7098 1 0 0 0 0 1 0 1 1 1 0 R 0
1020 25940 26997 601 27023 572 8358 1 0 0 0 0 0 0 1 1 2 0 R 0
1021 25962 20607 605 20631 577 4478 1 0 0 0 0 0 0 1 1 1 0 R 0
1022 25990 27919 1009 27937 990 6213 1 0 0 0 0 0 0 1 1 1 0 R 0
1023 26020 28807 1253 28816 1250 7252 1 0 0 0 0 0 0 1 1 1 0 R 0
1024 26047 25806 1222 25808 945 7752 1 0 1 0 0 0 0 1 1 2 0 R 0
1025 26070 22253 645 22265 611 3851 1 0 0 0 0 0 0 1 1 1 0 R 0
1026 26098 26965 1251 27023 1188 5089 1 0 0 0 0 0 0 1 1 1 0 R 0
1027 26128 28324 985 28435 864 6972 1 0 0 0 0 0 0 1 1 1 0 R 0
1028 26149 20709 607 20732 582 4116 1 0 0 0 0 0 0 1 1 1 0 R 0
1029 26172 22325 608 22352 576 4257 1 0 0 0 0 0 0 1 1 1 0 R 0
1030 26200 26688 989 26795 987 4168 1 0 0 0 0 0 0 1 1 2 0 R 0
1031 26230 29432 1182 29340 1175 6051 1 0 0 0 0 0 0 1 1 1 0 R 0
1032 26252 21029 609 21028 575 4469 1 0 0 0 0 0 0 1 1 1 0 R 0
1033 26273 20645 978 20676 945 4259 1 0 0 0 0 0 0 1 1 1 0 R 0
1034 26304 29160 1040 29175 1020 3824 1 0 0 0 0 0 0 1 1 1 0 R 0
1035 26337 31915 606 31923 587 13105 1 0 0 0 0 0 0 1 1 1 0 R 0
1036 26358 20700 690 20733 648 3838 1 0 0 0 0 0 0 1 1 2 0 R 0
1037 26379 20570 638 20595 609 3861 1 0 0 0 0 0 0 1 1 2 0 R 0
1038 26410 29819 992 29931 863 5804 1 0 0 0 0 0 0 1 1 1 0 R 0
1039 26438 27896 597 27922 565 5052 1 0 0 0 0 0 0 1 1 1 0 R 0
1040 26460 21234 642 21264 606 3932 1 0 0 0 0 0 0 1 1 1 0 R 0
1041 26482 21348 614 21382 575 4282 1 0 0 0 0 0 0 1 1 1 0 R 0
1042 26513 29756 1180 29783 1152 5623 1 0 0 0 0 0 0 1 1 2 0 R 0
1043 26543 29464 1319 29861 916 4319 1 0 0 0 0 0 0 1 1 1 0 R 0
1044 26569 24171 626 24209 578 6102 1 0 0 0 0 2 0 1 1 1 0 R 0
1045 26594 24227 1179 24339 1068 3883 1 0 0 0 0 0 0 1 1 1 0 R 0
1046 26619 24494 1121 24601 1000 4090 1 0 0 0 0 0 0 1 1 1 0 R 0
1047 26650 29917 1185 30016 1076 6084 1 0 0 0 0 0 0 1 1 1 0 R 0
1048 26672 20862 643 20883 608 4618 1 0 0 0 0 0 0 1 1 1 0 R 0
1049 26697 24381 1026 24406 1006 4608 1 0 0 0 0 0 0 1 1 1 0 R 0
1050 26730 31444 1023 31457 999 14052 1 0 0 0 0 0 0 1 1 2 0 R 0
1051 26753 22109 1096 22343 862 4299 1 0 0 0 0 0 0 1 1 1 0 R 0
1052 26775 21078 966 21093 939 3796 1 0 0 0 0 0 0 1 1 1 0 R 0
1053 26801 24910 1138 25031 1013 3703 1 0 0 0 0 0 0 1 1 1 0 R 0
1054 26830 27685 1037 27700 1005 7498 1 0 0 0 0 0 0 1 1 1 0 R 0
1055 26860 29416 827 29441 800 6987 1 0 0 0 0 0 0 1 1 1 0 R 0
1056 26881 20039 656 20057 627 4675 1 0 0 0 0 0 0 1 1 1 0 R 0
1057 26909 27219 1284 27348 1163 6179 1 0 0 0 0 0 0 1 1 2 0 R 0
1058 26939 28816 988 28824 957 6286 1 0 0 0 0 0 0 1 1 1 0 R 0
1059 26963 22854 612 22895 567 7204 1 0 0 0 0 0 0 1 1 1 0 R 0
1060 26983 19254 582 19276 558 4282 1 0 0 0 0 0 0 1 1 1 0 R 0
1061 27012 28650 1148 28237 1021 5226 1 0 1 0 0 0 0 1 1 2 0 R 0
1062 27039 26120 1004 26135 983 6712 1 0 0 0 0 0 0 1 1 1 0 R 0
1063 27066 25756 573 25762 554 6992 1 0 0 0 0 0 0 1 1 1 0 R 0
1064 27087 19779 1360 19819 1321 4273 1 0 0 0 0 0 0 1 1 1 0 R 0
1065 27117 29613 990 29623 972 10034 1 0 0 0 0 0 0 1 1 1 0 R 0
1066 27147 28849 1087 28949 981 6362 1 0 0 0 0 0 0 1 1 1 0 R 0
1067 27169 20740 606 20756 573 4726 1 0 0 0 0 0 0 1 1 1 0 R 0
1068 27189 19515 588 19538 559 3839 1 0 0 0 0 0 0 1 1 1 0 R 0
1069 27218 28016 2015 28041 2106 5853 1 0 0 0 0 0 0 1 1 2 0 R 0
1070 27249 29465 1118 29462 1001 7643 1 0 0 0 0 0 0 1 1 1 0 R 0
1071 27273 22521 604 22536 574 5071 1 0 0 0 0 0 0 1 1 1 0 R 0
1072 27293 19439 598 19466 565 4203 1 0 0 0 0 0 0 1 1 2 0 R 0
1073 27321 27618 1165 27731 1054 6048 1 0 0 0 0 0 0 1 1 1 0 R 0
1074 27352 29907 1172 29921 1150 7373 1 0 0 0 0 0 0 1 1 1 0 R 0
1075 27378 24515 594 24530 560 6740 1 0 0 0 0 0 0 1 1 1 0 R 0
1076 27398 19146 2120 19168 2116 3786 1 0 0 0 0 0 0 1 1 1 0 R 0
1077 27429 28627 1575 28626 1670 4439 1 0 0 0 0 0 0 1 1 2 0 R 0
1078 27460 29817 841 29713 828 7225 1 0 0 0 0 0 0 1 1 1 0 R 0
1079 27482 20867 623 20880 592 4584 1 0 0 0 0 0 0 1 1 1 0 R 0
1080 27508 26253 631 26277 601 8815 1 0 0 0 0 0 0 1 1 1 0 R 0
1081 27538 29257 1164 29532 990 6521 1 0 0 0 0 0 0 1 1 1 0 R 0
1082 27567 27414 583 27323 553 5088 1 0 0 0 0 0 0 1 1 2 0 R 0
1083 27588 20773 636 20799 607 4166 1 0 0 0 0 0 0 1 1 1 0 R 0
1084 27611 21715 609 21750 567 3819 1 0 0 0 0 0 0 1 1 1 0 R 0
1085 27640 29151 1206 29175 1197 5668 1 0 0 0 0 0 0 1 1 2 0 R 0
1086 27671 29309 953 29315 920 5155 1 0 0 0 0 0 0 1 1 1 0 R 0
1087 27694 22272 657 22293 630 5341 1 0 0 0 0 0 0 1 1 1 0 R 0
1088 27718 22822 991 22845 980 3811 1 0 0 0 0 0 0 1 1 1 0 R 0
1089 27748 29443 586 29443 557 7176 1 0 0 0 0 0 0 1 1 1 0 R 0
1090 27774 25605 611 25635 574 6606 1 0 0 0 0 0 0 1 1 2 0 R 0
1091 27795 20107 1079 20180 1017 4194 1 0 0 0 0 0 0 1 1 1 0 R 0
1092 27818 21609 746 21765 568 4039 1 0 0 0 0 0 0 1 1 1 0 R 0
1093 27850 31942 649 31965 617 6604 1 0 0 0 0 0 0 1 1 1 0 R 0
1094 27875 24466 915 24801 578 6653 1 0 0 0 0 0 0 1 1 1 0 R 0
1095 27900 23354 596 23374 570 8824 1 0 0 0 0 0 0 1 1 1 0 R 0
1096 27922 22096 1001 22120 980 4283 1 0 0 0 0 0 0 1 1 1 0 R 0
1097 27953 29691 612 29704 581 6677 1 0 0 0 0 0 0 1 1 1 0 R 0
1098 27984 30499 973 30525 947 6021 1 0 0 0 0 0 0 1 1 2 0 R 0
1099 28007 22052 636 22066 606 4113 1 0 0 0 0 0 0 1 1 1 0 R 0
1100 28034 25650 1014 25765 1002 5102 1 0 0 0 0 0 0 1 1 1 0 R 0
1101 28064 29704 1185 29618 1176 5844 1 0 0 0 0 0 0 1 1 2 0 R 0
1102 28088 22889 597 22887 569 6990 1 0 0 0 0 0 0 1 1 1 0 R 0
1103 28109 19997 580 20019 556 3834 1 0 0 0 0 0 0 1 1 1 0 R 0
1104 28135 25465 1532 25588 1406 3835 1 0 0 0 0 0 0 1 1 1 0 R 0
1105 28162 25133 1032 25149 1005 7492 1 0 0 0 0 0 0 1 1 1 0 R 0
1106 28187 24160 960 24173 938 6739 1 0 0 0 0 0 0 1 1 1 0 R 0
1107 28208 19702 564 19719 537 3864 1 0 0 0 0 0 0 1 1 1 0 R 0
1108 28233 24547 1167 24669 1044 3842 1 0 0 0 0 0 0 1 1 1 0 R 0
1109 28257 22956 587 22975 558 3875 1 0 0 0 0 0 0 1 1 1 0 R 0
1110 28280 22319 590 22341 567 8186 1 0 0 0 0 0 0 1 1 1 0 R 0
1111 28305 24693 1091 24724 1064 5294 1 0 0 0 0 0 0 1 1 3 0 R 0
1112 28328 22412 576 22436 901 3558 1 0 0 0 0 1 0 1 1 1 0 R 0
1113 28362 33243 638 32894 614 8760 1 0 0 0 0 0 0 1 1 1 0 R 0
1114 28388 24633 696 24661 662 4868 1 0 0 0 0 0 0 1 1 2 0 R 0
1115 28409 20759 600 20778 567 4134 1 0 0 0 0 0 0 1 1 1 0 R 0
1116 28431 20909 613 20941 578 3819 1 0 0 0 0 0 0 1 1 1 0 R 0
1117 28461 29413 1884 29431 1874 6229 1 0 0 0 0 1 0 1 1 1 0 R 0
1118 28492 30036 952 30043 918 5330 1 0 0 0 0 0 0 1 1 1 0 R 0
1119 28515 21204 608 21228 575 4412 1 0 0 0 0 0 0 1 1 1 0 R 0
1120 28540 25259 994 25286 972 3786 1 0 0 0 0 0 0 1 1 1 0 R 0
1121 28570 28175 1063 28188 1042 7049 1 0 0 0 0 0 0 1 1 1 0 R 0
1122 28600 28914 683 28926 657 5935 1 0 0 0 0 0 0 1 1 1 0 R 0
1123 28621 20760 603 20783 571 4519 1 0 0 0 0 0 0 1 1 2 0 R 0
1124 28647 25496 880 25513 858 5074 1 0 0 0 0 0 0 1 1 1 0 R 0
1125 28674 25902 649 25925 617 11584 1 0 0 0 0 0 0 1 1 1 0 R 0
1126 28695 20369 1420 20401 1391 3816 1 0 0 0 0 0 0 1 1 1 0 R 0
1127 28719 22260 598 22280 565 4994 1 0 0 0 0 0 0 1 1 1 0 R 0
1128 28743 23405 915 23435 1006 3811 1 0 0 0 0 0 0 1 1 2 0 R 0
1129 28773 29346 621 29240 600 7127 1 0 0 0 0 0 0 1 1 1 0 R 0
1130 28799 25529 607 25552 569 6500 1 0 0 0 0 0 0 1 1 1 0 R 0
1131 28820 20546 563 20568 535 4521 1 0 0 0 0 0 0 1 1 2 0 R 0
1132 28842 21695 1014 21822 988 4106 1 0 0 0 0 0 0 1 1 1 0 R 0
1133 28874 30365 729 30285 692 6560 1 0 0 0 0 0 0 1 1 1 0 R 0
1134 28900 25406 601 25435 568 5863 1 0 0 0 0 0 0 1 1 2 0 R 0
1135 28921 20199 596 20225 563 4590 1 0 0 0 0 0 0 1 1 0 0 R 0
1136 28943 21400 809 21492 721 4127 1 0 0 0 0 0 0 1 1 1 0 R 0
1137 28973 29112 1092 29218 983 5817 1 0 0 0 0 0 0 1 1 2 0 R 0
1138 29003 28806 865 28824 825 4645 1 0 0 0 0 0 0 1 1 1 0 R 0
1139 29028 24647 584 24395 553 6385 1 0 1 0 0 0 0 1 1 1 0 R 0
1140 29059 29825 1165 29841 1156 10294 1 0 0 0 0 0 0 1 1 1 0 R 0
1141 29088 28130 1002 28133 1091 7148 1 0 0 0 0 0 0 1 1 1 0 R 0
1142 29113 24433 651 24341 621 7516 1 0 0 0 0 0 0 1 1 1 0 R 0
1143 29133 19250 666 19293 619 3842 1 0 0 0 0 0 0 1 1 1 0 R 0
1144 29160 25891 1029 26009 901 4820 1 0 0 0 0 0 0 1 1 1 0 R 0
1145 29188 27116 1194 27267 1043 7260 1 0 0 0 0 0 0 1 1 2 0 R 0
1146 29217 27909 619 27918 597 6396 1 0 0 0 0 0 0 1 1 1 0 R 0
1147 29239 21166 600 21189 573 4098 1 0 0 0 0 0 0 1 1 1 0 R 0
1148 29268 28500 1041 28526 1007 5882 1 0 0 0 0 0 0 1 1 1 0 R 0
1149 29299 30572 907 30595 888 6985 1 0 0 0 0 0 0 1 1 1 0 R 0
1150 29324 23764 688 23777 652 7319 1 0 0 0 0 0 0 1 1 2 0 R 0
1151 29347 21760 1084 21875 973 3829 1 0 0 0 0 0 0 1 1 1 0 R 0
1152 29375 27190 639 27205 614 3867 1 0 0 0 0 0 0 1 1 1 0 R 0
1153 29395 19462 1034 19483 1023 4267 1 0 0 0 0 0 0 1 1 1 0 R 0
1154 29419 23284 599 23288 571 3841 1 0 0 0 0 0 0 1 1 1 0 R 0
1155 29443 23253 603 23277 569 8314 1 0 0 0 0 0 0 1 1 2 0 R 0
1156 29472 28129 1011 28156 974 5448 1 0 0 0 0 0 0 1 1 1 0 R 0
1157 29500 27337 1023 27368 997 6620 1 0 0 0 0 0 0 1 1 1 0 R 0
1158 29527 26085 857 26095 835 6376 1 0 0 0 0 0 0 1 1 1 0 R 0
1159 29547 19260 573 19280 543 3851 1 0 0 0 0 0 0 1 1 1 0 R 0
1160 29575 27349 1802 28138 1023 4771 1 0 0 0 0 0 0 1 1 2 0 R 0
1161 29605 28162 1021 28213 963 6176 1 0 0 0 0 0 0 1 1 2 0 R 0
1162 29630 23814 575 23823 547 7826 1 0 0 0 0 0 0 1 1 1 0 R 0
1163 29654 22968 993 22997 969 4390 1 0 0 0 0 0 0 1 1 1 0 R 0
1164 29682 27506 620 27538 566 3867 1 0 0 0 0 0 0 1 1 1 0 R 0
1165 29703 20023 642 20047 613 4231 1 0 0 0 0 0 0 1 1 1 0 R 0
1166 29727 23025 1103 23074 1058 4135 1 0 0 0 0 0 0 1 1 1 0 R 0
1167 29747 19803 594 19816 561 4148 1 0 0 0 0 0 0 1 1 1 0 R 0
1168 29774 26005 1136 26038 1115 3897 1 0 0 0 0 0 0 1 1 2 0 R 0
1169 29803 28051 1169 28062 1157 6363 1 0 0 0 0 0 0 1 1 0 0 R 0
1170 29832 27209 614 27213 582 13091 1 0 0 0 0 0 0 1 1 2 0 R 0
1171 29852 19929 611 19952 583 4268 1 0 0 0 0 0 0 1 1 1 0 R 0
1172 29879 25999 1417 26161 1362 5731 1 0 0 0 0 0 0 1 1 1 0 R 0
1173 29907 26514 986 26414 968 7200 1 0 0 0 0 0 0 1 1 1 0 R 0
1174 29931 22965 610 22982 590 7270 1 0 0 0 0 0 0 1 1 1 0 R 0
1175 29952 20272 590 20290 559 4364 1 0 0 0 0 0 0 1 1 1 0 R 0
1176 29980 27520 995 27109 963 4195 1 0 1 0 0 0 0 1 1 2 0 R 0
1177 30008 27099 993 27138 959 6999 1 0 0 0 0 0 0 1 1 1 0 R 0
1178 30032 23222 622 23233 589 7288 1 0 0 0 0 0 0 1 1 1 0 R 0
1179 30052 19612 614 19638 591 4242 1 0 0 0 0 0 0 1 1 1 0 R 0
1180 30079 25692 1055 25710 1127 4246 1 0 0 0 0 0 0 1 1 2 0 R 0
1181 30107 27639 1003 27554 988 7273 1 0 0 0 0 0 0 1 1 1 0 R 0
1182 30132 24143 681 24178 629 6901 1 0 0 0 0 0 0 1 1 1 0 R 0
1183 30154 20584 581 20606 551 4053 1 0 0 0 0 0 0 1 1 1 0 R 0
1184 30177 22326 1420 22389 1356 3777 1 0 0 0 0 0 0 1 1 1 0 R 0
1185 30211 32781 1142 32895 1020 13332 1 0 0 0 0 0 0 1 1 2 0 R 0
1186 30235 22819 597 22841 567 7354 1 0 0 0 0 0 0 1 1 1 0 R 0
1187 30255 19473 599 19493 572 3761 1 0 0 0 0 0 0 1 1 1 0 R 0
1188 30278 22924 595 22943 573 3796 1 0 0 0 0 0 0 1 1 1 0 R 0
1189 30301 21667 596 21689 561 4027 1 0 0 0 0 0 0 1 1 2 0 R 0
1190 30323 21701 611 21730 581 4587 1 0 0 0 0 0 0 1 1 1 0 R 0
1191 30345 21453 1138 21478 1122 4643 1 0 0 0 0 0 0 1 1 1 0 R 0
1192 30366 20043 568 20041 545 3839 1 0 0 0 0 0 0 1 1 1 0 R 0
1193 30393 26627 998 26653 970 5774 1 0 0 0 0 0 0 1 1 2 0 R 0
1194 30422 27954 1142 28059 1034 6675 1 0 0 0 0 0 0 1 1 1 0 R 0
1195 30445 22001 970 22014 951 5064 1 0 0 0 0 0 0 1 1 1 0 R 0
1196 30467 20659 578 20668 552 3793 1 0 0 0 0 0 0 1 1 1 0 R 0
1197 30495 27105 1715 27137 1798 5445 1 0 0 0 0 0 0 1 1 1 0 R 0
1198 30523 27080 1188 26982 1163 7547 1 0 0 0 0 0 0 1 1 1 0 R 0
1199 30547 22670 586 22685 557 5544 1 0 0 0 0 0 0 1 1 1 0 R 0
1200 30571 23501 620 23528 594 7882 1 0 0 0 0 0 0 1 1 1 0 R 0
1201 30599 26647 1013 26770 879 5017 1 0 0 0 0 0 0 1 1 1 0 R 0
1202 30629 28791 1105 28810 1193 7375 1 0 0 0 0 0 0 1 1 1 0 R 0
1203 30654 24451 795 24358 769 7948 1 0 0 0 0 0 0 1 1 1 0 R 0
1204 30675 20234 1796 20259 1902 3760 1 0 0 0 0 0 0 1 1 1 0 R 0
1205 30705 27863 2020 27749 2102 3966 1 0 0 0 0 1 0 1 1 2 0 R 0
1206 30736 29490 1024 29386 1017 7806 1 0 0 0 0 0 0 1 1 2 0 R 0
1207 30757 19764 618 19774 586 4002 1 0 0 0 0 0 0 1 1 1 0 R 0
1208 30778 20666 2005 21713 1060 3825 1 0 0 0 0 0 0 1 1 1 0 R 0
1209 30808 27281 993 27200 973 4222 1 0 0 0 0 0 0 1 1 1 0 R 0
1210 30838 29712 1006 29721 983 7323 1 0 0 0 0 0 0 1 1 1 0 R 0
1211 30860 20464 664 20501 634 4478 1 0 0 0 0 0 0 1 1 1 0 R 0
1212 30880 19661 581 19672 553 4190 1 0 0 0 0 1 0 1 1 1 0 R 0
1213 30911 30073 1346 30189 1237 4348 1 0 0 0 0 0 0 1 1 1 0 R 0
1214 30937 24504 987 24501 976 7223 1 0 0 0 0 0 0 1 1 2 0 R 0
1215 30965 27636 980 27654 948 13366 1 0 0 0 0 0 0 1 1 1 0 R 0
1216 30989 22755 616 22781 579 3819 1 0 0 0 0 0 0 1 1 1 0 R 0
1217 31021 31442 976 31141 951 5355 1 0 1 0 0 0 0 1 1 1 0 R 0
1218 31052 30206 955 30224 919 5313 1 0 0 0 0 0 0 1 1 1 0 R 0
1219 31075 22157 1932 22231 1876 4267 1 0 0 0 0 1 0 1 1 2 0 R 0
1220 31101 24164 1006 24170 980 3844 1 0 0 0 0 0 0 1 1 2 0 R 0
1221 31128 26032 602 26045 572 7194 1 0 0 0 0 0 0 1 1 1 0 R 0
1222 31149 19558 669 19593 648 3846 1 0 0 0 0 0 0 1 1 1 0 R 0
1223 31171 21497 657 21506 619 5679 1 0 0 0 0 0 0 1 1 1 0 R 0
1224 31194 22575 947 22624 897 4149 1 0 0 0 0 0 0 1 1 1 0 R 0
1225 31223 28216 1181 28337 1056 5076 1 0 0 0 0 0 0 1 1 1 0 R 0
1226 31252 27769 616 27788 583 4673 1 0 0 0 0 0 0 1 1 1 0 R 0
1227 31274 21459 653 21486 619 4371 1 0 0 0 0 0 0 1 1 2 0 R 0
1228 31297 21632 588 21658 559 3821 1 0 0 0 0 0 0 1 1 1 0 R 0
1229 31326 29302 1057 29324 1026 4948 1 0 0 0 0 0 0 1 1 1 0 R 0
1230 31360 32892 1049 33001 944 12018 1 0 0 0 0 0 0 1 1 1 0 R 0
1231 31383 21155 622 21169 588 4780 1 0 0 0 0 0 0 1 1 2 0 R 0
1232 31408 24499 977 24528 949 4194 1 0 0 0 0 0 0 1 1 1 0 R 0
1233 31437 28218 730 28279 669 7487 1 0 0 0 0 0 0 1 1 1 0 R 0
1234 31462 24555 628 24574 593 7264 1 0 0 0 0 0 0 1 1 1 0 R 0
1235 31483 20016 858 20060 823 4441 1 0 0 0 0 0 0 1 1 2 0 R 0
1236 31505 21450 1454 21548 1346 3856 1 0 0 0 0 0 0 1 1 1 0 R 0
1237 31536 29645 1034 29748 924 7339 1 0 0 0 0 0 0 1 1 0 0 R 0
1238 31567 30210 784 30218 756 5809 1 0 0 0 0 0 0 1 1 2 0 R 0
1239 31590 21365 654 21390 621 4445 1 0 0 0 0 0 0 1 1 1 0 R 0
1240 31617 26353 802 26400 753 4266 1 0 0 0 0 0 0 1 1 2 0 R 0
1241 31644 26182 1054 26207 1022 6115 1 0 0 0 0 0 0 1 1 1 0 R 0
1242 31677 32638 681 32695 618 6507 1 0 0 0 0 0 0 1 1 1 0 S 0
1243 31701 23435 1623 23603 1455 4837 1 0 0 0 0 0 0 1 1 2 0 R 0
1244 31734 31310 1003 31418 877 5974 1 0 0 0 0 0 0 1 1 1 0 R 0
1245 31760 24841 671 24886 621 10375 1 0 0 0 0 0 0 1 1 1 0 R 0
1246 31783 21701 621 21727 586 4265 1 0 0 0 0 0 0 1 1 1 0 R 0
1247 31805 21573 1672 21701 1552 4259 1 0 0 0 0 0 0 1 1 1 0 R 0
1248 31835 28960 1541 28971 1517 4494 1 0 0 0 0 0 0 1 1 2 0 R 0
1249 31864 27476 700 27498 676 4452 1 0 0 0 0 0 0 1 1 1 0 R 0
1250 31887 21640 692 21660 655 4112 1 0 0 0 0 0 0 1 1 1 0 R 0
1251 31909 21571 679 21597 645 3895 1 0 0 0 0 0 0 1 1 1 0 R 0
1252 31939 29070 971 29097 951 5224 1 0 0 0 0 0 0 1 1 1 0 R 0
1253 31972 31751 1405 31241 1389 5492 1 0 1 0 0 0 0 1 1 1 0 R 0
1254 31995 22055 899 22061 879 5335 1 0 0 0 0 0 0 1 1 1 0 R 0
1255 32017 20820 930 20833 908 3837 1 0 0 0 0 0 0 1 1 1 0 R 0
1256 32047 28892 976 28990 868 6268 1 0 0 0 0 0 0 1 1 2 0 R 0
1257 32073 25665 676 25691 638 4656 1 0 0 0 0 0 0 1 1 2 0 R 0
1258 32095 21360 1051 21387 1031 4703 1 0 0 0 0 0 0 1 1 1 0 R 0
1259 32118 22115 605 22131 571 3694 1 0 0 0 0 0 0 1 1 1 0 R 0
1260 32152 32607 608 32631 573 13466 1 0 0 0 0 0 0 1 1 1 0 R 0
1261 32182 30015 960 30045 929 5864 1 0 0 0 0 0 0 1 1 1 0 R 0
1262 32205 21629 604 21651 573 3898 1 0 0 0 0 0 0 1 1 2 0 R 0
1263 32232 26679 1033 26706 1002 3812 1 0 0 0 0 0 0 1 1 1 0 R 0
1264 32263 29844 1038 29955 921 5104 1 0 0 0 0 0 0 1 1 0 0 R 0
1265 32288 23903 606 23925 574 6460 1 0 0 0 0 0 0 1 1 2 0 R 0
1266 32309 20299 598 20319 576 3935 1 0 0 0 0 0 0 1 1 1 0 R 0
1267 32335 25458 2115 25573 2001 5448 1 0 0 0 0 0 0 1 1 2 0 R 0
1268 32364 27522 1530 27536 1526 7604 1 0 0 0 0 0 0 1 1 1 0 R 0
1269 32390 23528 679 23523 649 7631 1 0 0 0 0 0 0 1 1 1 0 R 0
1270 32410 20080 590 20108 555 4451 1 0 0 0 0 0 0 1 1 1 0 R 0
1271 32435 23877 1357 23912 1336 4233 1 0 0 0 0 0 0 1 1 1 0 R 0
1272 32463 27182 1034 27191 1008 8351 1 0 0 0 0 0 0 1 1 1 0 R 0
1273 32489 24318 950 24338 918 6526 1 0 0 0 0 0 0 1 1 1 0 R 0
1274 32509 19445 598 19470 567 3942 1 0 0 0 0 0 0 1 1 1 0 R 0
1275 32539 29107 600 29136 563 7844 1 0 0 0 0 0 0 1 1 2 0 R 0
1276 32565 25400 1662 25515 1655 6453 1 0 0 0 0 0 0 1 1 1 0 R 0
1277 32590 23811 593 23720 564 7618 1 0 0 0 0 0 0 1 1 1 0 R 0
1278 32611 20102 625 20125 594 4267 1 0 0 0 0 0 0 1 1 1 0 R 0
1279 32633 21502 992 21537 962 4261 1 0 0 0 0 0 0 1 1 1 0 R 0
1280 32664 29695 751 29715 735 6416 1 0 0 0 0 0 0 1 1 1 0 R 0
1281 32690 25032 619 25042 586 5664 1 0 0 0 0 0 0 1 1 1 0 R 0
1282 32711 20535 592 20557 560 4740 1 0 0 0 0 0 0 1 1 2 0 R 0
1283 32733 21672 626 21702 593 4276 1 0 0 0 0 0 0 1 1 1 0 R 0
1284 32763 29458 1171 29592 1050 6478 1 0 0 0 0 0 0 1 1 1 0 R 0
1285 32790 25446 627 25445 599 4737 1 0 0 0 0 0 0 1 1 1 0 R 0
1286 32811 20914 599 20944 566 4561 1 0 0 0 0 0 0 1 1 1 0 R 0
1287 32834 21706 1334 21741 1298 4360 1 0 0 0 0 0 0 1 1 1 0 R 0
1288 32859 23962 604 23988 566 5520 1 0 0 0 0 0 0 1 1 2 0 R 0
1289 32881 21670 1290 21727 1352 3835 1 0 0 0 0 0 0 1 1 1 0 R 0
1290 32908 25278 588 25174 565 12130 1 0 0 0 0 0 0 1 1 1 0 R 0
1291 32927 19176 569 19197 542 3842 1 0 0 0 0 0 0 1 1 1 0 R 0
1292 32956 28153 996 28169 990 5252 1 0 0 0 0 0 0 1 1 1 0 R 0
1293 32983 26253 1095 26357 973 7247 1 0 0 0 0 0 0 1 1 2 0 R 0
1294 33009 24113 754 23852 735 5318 1 0 1 0 0 0 0 1 1 1 0 R 0
1295 33029 19906 647 19929 623 4242 1 0 0 0 0 0 0 1 1 1 0 R 0
1296 33057 27471 1002 27477 978 6120 1 0 0 0 0 0 0 1 1 1 0 R 0
1297 33088 29905 1002 29926 988 6694 1 0 0 0 0 0 0 1 1 1 0 R 0
1298 33111 21730 614 21741 582 4566 1 0 0 0 0 1 0 1 1 1 0 R 0
1299 33131 19738 577 19762 549 4341 1 0 0 0 0 0 0 1 1 1 0 R 0
1300 33160 27799 1489 27918 1372 6042 1 0 0 0 0 0 0 1 1 2 0 R 0
1301 33190 28718 1622 28728 1743 7149 1 0 0 0 0 0 0 1 1 1 0 R 0
1302 33214 22197 661 22075 625 4966 1 0 0 0 0 0 0 1 1 1 0 R 0
1303 33234 19691 580 19718 552 3757 1 0 0 0 0 0 0 1 1 2 0 R 0
1304 33264 29112 1058 29138 1030 4631 1 0 0 0 0 0 0 1 1 1 0 R 0
1305 33300 35086 1015 35102 986 12248 1 0 0 0 0 0 0 1 1 1 0 R 0
1306 33324 22797 602 22824 569 6867 1 0 0 0 0 0 0 1 1 1 0 R 0
1307 33347 22340 595 22366 563 3826 1 0 0 0 0 0 0 1 1 1 0 R 0
1308 33379 31639 1007 31752 996 7122 1 0 0 0 0 0 0 1 1 1 0 R 0
1309 33409 29169 949 29080 929 5545 1 0 0 0 0 0 0 1 1 1 0 R 0
1310 33432 22326 613 22347 574 4991 1 0 0 0 0 0 0 1 1 1 0 R 0
1311 33457 24162 889 24285 768 4243 1 0 0 0 0 0 0 1 1 2 0 R 0
1312 33482 24032 935 24103 856 6487 1 0 0 0 0 0 0 1 1 1 0 R 0
1313 33504 20738 594 20760 566 4338 1 0 0 0 0 0 0 1 1 1 0 R 0
1314 33527 22852 590 22876 564 5035 1 0 0 0 0 0 0 1 1 1 0 R 0
1315 33550 21891 597 21917 560 3840 1 0 0 0 0 0 0 1 1 1 0 R 0
1316 33580 29721 1107 29839 991 6220 1 0 0 0 0 0 0 1 1 1 0 R 0
1317 33609 27610 610 27632 575 4827 1 0 0 0 0 0 0 1 1 1 0 R 0
1318 33630 20853 645 20890 607 4636 1 0 0 0 0 0 0 1 1 2 0 R 0
1319 33652 21598 660 21628 618 4201 1 0 0 0 0 0 0 1 1 1 0 R 0
1320 33686 32374 1721 32953 1148 14346 1 0 0 0 0 0 0 1 1 1 0 R 0
1321 33713 25497 871 25510 843 4493 1 0 0 0 0 0 0 1 1 1 0 R 0
1322 33735 21286 612 21316 873 4810 1 0 0 0 0 0 0 1 1 1 0 R 0
1323 33758 22486 773 22213 739 3851 1 0 0 0 0 0 0 1 1 2 0 R 0
1324 33790 31013 1249 31135 1125 5637 1 0 0 0 0 0 0 1 1 2 0 R 0
1325 33818 27066 636 27114 583 5729 1 0 0 0 0 0 0 1 1 1 0 R 0
1326 33839 20314 613 20336 579 4207 1 0 0 0 0 0 0 1 1 1 0 R 0
1327 33862 21893 1019 21928 984 3909 1 0 0 0 0 0 0 1 1 1 0 R 0
1328 33894 30980 724 31020 691 6444 1 0 0 0 0 0 0 1 1 2 0 R 0
1329 33924 29464 1007 29473 966 6317 1 0 0 0 0 0 0 1 1 1 0 R 0
1330 33945 20523 915 20554 890 4125 1 0 0 0 0 0 0 1 1 0 0 R 0
1331 33972 25561 1133 25676 1018 3838 1 0 0 0 0 0 0 1 1 2 0 R 0
1332 34002 28858 1202 28867 1191 6487 1 0 0 0 0 0 0 1 1 1 0 R 0
1333 34027 23845 591 23846 566 6858 1 0 0 0 0 0 0 1 1 1 0 R 0
1334 34048 20638 708 20326 694 3794 1 0 1 0 0 0 0 1 1 2 0 R 0
1335 34079 30588 663 30597 636 9640 1 0 0 0 0 0 0 1 1 1 0 R 0
1336 34108 28300 1011 28322 993 6410 1 0 0 0 0 0 0 1 1 1 0 R 0
1337 34132 22627 645 22638 614 6560 1 0 0 0 0 0 0 1 1 1 0 R 0
1338 34152 19925 608 19957 572 4409 1 0 0 0 0 0 0 1 1 1 0 R 0
1339 34179 26216 1010 26244 983 5223 1 0 0 0 0 0 0 1 1 2 0 R 0
1340 34209 28465 1003 28487 985 7593 1 0 0 0 0 0 0 1 1 1 0 R 0
1341 34232 22378 666 22399 644 5947 1 0 0 0 0 0 0 1 1 1 0 R 0
1342 34253 20048 613 20054 582 4263 1 0 0 0 0 0 0 1 1 1 0 R 0
1343 34280 26271 1178 26442 1010 4265 1 0 0 0 0 0 0 1 1 1 0 R 0
1344 34308 27387 1095 27485 983 6722 1 0 0 0 0 0 0 1 1 1 0 R 0
1345 34332 22938 971 22962 948 7337 1 0 0 0 0 0 0 1 1 1 0 R 0
1346 34353 19698 651 19710 625 4038 1 0 0 0 0 0 0 1 1 2 0 R 0
1347 34377 23113 790 23134 761 4232 1 0 0 0 0 0 0 1 1 1 0 R 0
1348 34406 28556 775 28603 731 7166 1 0 0 0 0 0 0 1 1 1 0 R 0
1349 34432 25241 604 25259 572 5380 1 0 0 0 0 0 0 1 1 1 0 R 0
1350 34456 23377 621 23395 594 9043 1 0 0 0 0 0 0 1 1 1 0 R 0
1351 34480 23396 1094 23426 1074 3843 1 0 0 0 0 0 0 1 1 2 0 R 0
1352 34510 28668 653 28678 620 6287 1 0 0 0 0 0 0 1 1 1 0 R 0
1353 34535 24249 598 24278 563 6114 1 0 0 0 0 0 0 1 1 1 0 R 0
1354 34557 21568 574 21590 548 4135 1 0 0 0 0 0 0 1 1 1 0 R 0
1355 34578 20768 602 20799 567 3860 1 0 0 0 0 0 0 1 1 1 0 R 0
1356 34609 30027 892 30047 864 6307 1 0 0 0 0 0 0 1 1 2 0 R 0
1357 34635 24884 1122 24914 1100 5629 1 0 0 0 0 0 0 1 1 1 0 R 0
1358 34656 20165 567 20169 546 4147 1 0 0 0 0 0 0 1 1 1 0 R 0
1359 34679 22325 601 22352 567 3866 1 0 0 0 0 0 0 1 1 1 0 R 0
1360 34709 28987 1117 29114 994 5152 1 0 0 0 0 0 0 1 1 2 0 R 0
1361 34735 25040 593 25056 562 4533 1 0 0 0 0 0 0 1 1 1 0 R 0
1362 34755 19711 897 19734 876 3748 1 0 0 0 0 0 0 1 1 1 0 R 0
1363 34778 22491 646 22507 609 4130 1 0 0 0 0 0 0 1 1 2 0 R 0
1364 34808 29168 1108 29286 995 6044 1 0 0 0 0 0 0 1 1 1 0 R 0
1365 34843 33917 1071 34007 978 10960 1 0 0 0 0 0 0 1 1 1 0 R 0
1366 34866 21893 1440 21895 1433 4474 1 0 0 0 0 0 0 1 1 1 0 R 0
1367 34893 24903 1015 24933 970 4085 1 0 0 0 0 0 0 1 1 1 0 R 0
1368 34921 27314 1002 27333 981 5734 1 0 0 0 0 0 0 1 1 2 0 R 0
1369 34950 28073 870 28169 767 7409 1 0 0 0 0 0 0 1 1 1 0 R 0
1370 34972 20930 618 20944 588 4468 1 0 0 0 0 0 0 1 1 1 0 R 0
1371 34999 26706 1002 26731 973 5311 1 0 0 0 0 0 0 1 1 1 0 R 0
1372 35023 22512 601 21815 573 7679 1 0 1 0 0 0 0 1 1 1 0 R 0
1373 35044 21009 592 21031 564 4233 1 0 0 0 0 0 0 1 1 1 0 R 0
1374 35067 22723 577 22742 551 6383 1 0 0 0 0 0 0 1 1 2 0 R 0
1375 35089 20760 612 20809 562 3821 1 0 0 0 0 0 0 1 1 1 0 R 0
1376 35119 29814 1285 29922 1174 6700 1 0 0 0 0 0 0 1 1 1 0 R 0
1377 35149 28296 959 28315 924 5229 1 0 0 0 0 0 0 1 1 1 0 R 0
1378 35172 22326 655 22366 609 5281 1 0 0 0 0 0 0 1 1 2 0 R 0
1379 35194 21653 686 21711 634 4027 1 0 0 0 0 0 0 1 1 1 0 R 0
1380 35228 33298 1024 33313 998 13124 1 0 0 0 0 0 0 1 1 1 0 R 0
1381 35254 24468 614 24491 577 7301 1 0 0 0 0 0 0 1 1 1 0 R 0
1382 35274 19620 585 19649 553 3875 1 0 0 0 0 0 0 1 1 1 0 R 0
1383 35297 22617 982 22736 978 3837 1 0 0 0 0 0 0 1 1 1 0 R 0
1384 35329 30232 589 30136 566 7235 1 0 0 0 0 0 0 1 1 2 0 R 0
1385 35354 24394 626 24414 592 6966 1 0 0 0 0 0 0 1 1 1 0 R 0
1386 35374 20066 590 20088 562 4213 1 0 0 0 0 0 0 1 1 1 0 R 0
1387 35397 22407 994 22435 974 3843 1 0 0 0 0 0 0 1 1 1 0 R 0
1388 35428 29769 1147 29895 1019 7513 1 0 0 0 0 0 0 1 1 1 0 R 0
1389 35457 27882 998 27904 955 5474 1 0 0 0 0 0 0 1 1 1 0 R 0
1390 35479 21288 628 21307 599 4689 1 0 0 0 0 0 0 1 1 1 0 R 0
1391 35503 22913 1157 23038 1030 4213 1 0 0 0 0 1 0 1 1 1 0 R 0
1392 35533 29117 624 29145 583 6712 1 0 0 0 0 0 0 1 1 1 0 R 0
1393 35562 27748 1165 27857 1053 5764 1 0 0 0 0 0 0 1 1 2 0 R 0
1394 35583 20741 599 20764 571 4912 1 0 0 0 0 0 0 1 1 1 0 R 0
1395 35613 29261 1185 29281 1159 11313 1 0 0 0 0 0 0 1 1 1 0 R 0
1396 35637 22202 712 22246 658 6315 1 0 0 0 0 0 0 1 1 1 0 R 0
1397 35657 19281 571 19303 548 3835 1 0 0 0 0 0 0 1 1 1 0 R 0
1398 35680 23183 987 23209 963 5586 1 0 0 0 0 0 0 1 1 1 0 R 0
1399 35702 20738 609 20758 575 4268 1 0 0 0 0 0 0 1 1 1 0 R 0
1400 35732 28898 1082 29019 955 6070 1 0 0 0 0 0 0 1 1 2 0 R 0
1401 35759 26049 597 26075 562 3875 1 0 0 0 0 0 0 1 1 1 0 R 0
1402 35781 21226 589 21253 557 4033 1 0 0 0 0 0 0 1 1 1 0 R 0
1403 35803 21413 748 21445 709 4278 1 0 0 0 0 0 0 1 1 1 0 R 0
1404 35833 30067 1172 30186 1057 5785 1 0 0 0 0 0 0 1 1 2 0 R 0
1405 35862 27327 616 27349 580 4352 1 0 0 0 0 0 0 1 1 1 0 R 0
1406 35883 20641 678 20680 654 4194 1 0 0 0 0 0 0 1 1 1 0 R 0
1407 35907 22696 587 22700 560 3752 1 0 0 0 0 0 0 1 1 1 0 R 0
1408 35935 28290 1548 28878 960 5846 1 0 0 0 0 0 0 1 1 1 0 R 0
1409 35964 26552 629 26570 600 4332 1 0 0 0 0 0 0 1 1 1 0 R 0
1410 35987 22995 628 23009 604 8537 1 0 0 0 0 0 0 1 1 2 0 R 0
1411 36009 21309 607 21343 570 3829 1 0 0 0 0 0 0 1 1 1 0 R 0
1412 36040 29889 1211 29912 1202 6388 1 0 0 0 0 0 0 1 1 1 0 R 0
1413 36070 29307 855 28020 1334 5896 1 0 1 0 0 0 0 1 1 1 0 R 0
1414 36094 22727 699 22239 674 5389 1 0 0 0 0 0 0 1 1 2 0 R 0
1415 36117 22899 1285 22936 1243 3877 1 0 0 0 0 0 0 1 1 1 0 R 0
1416 36148 28962 592 28974 565 7238 1 0 0 0 0 0 0 1 1 1 0 R 0
1417 36173 24911 658 24954 615 6450 1 0 0 0 0 0 0 1 1 1 0 R 0
1418 36193 19734 652 19754 623 4231 1 0 0 0 0 0 0 1 1 1 0 R 0
1419 36215 21140 958 21178 928 3852 1 0 0 0 0 0 0 1 1 1 0 R 0
1420 36247 30755 967 30760 953 5914 1 0 0 0 0 0 0 1 1 2 0 R 0
1421 36277 28818 944 28825 930 5188 1 0 0 0 0 0 0 1 1 1 0 R 0
1422 36301 22882 675 22905 649 4272 1 0 0 0 0 0 0 1 1 1 0 R 0
1423 36327 25902 967 26006 845 4471 1 0 0 0 0 0 0 1 1 1 0 R 0
1424 36355 26640 1649 26751 1548 7217 1 0 0 0 0 0 0 1 1 1 0 R 0
1425 36383 26618 613 26629 582 12890 1 0 0 0 0 0 0 1 1 1 0 R 0
1426 36404 20366 602 20390 570 4198 1 0 0 0 0 0 0 1 1 1 0 R 0
1427 36428 22996 1195 23024 1202 3907 1 0 0 0 0 0 0 1 1 2 0 R 0
1428 36457 28158 1098 28230 993 7596 1 0 0 0 0 0 0 1 1 1 0 R 0
1429 36481 23185 650 23200 615 5976 1 0 0 0 0 0 0 1 1 1 0 R 0
1430 36503 20805 822 20858 767 4726 1 0 0 0 0 0 0 1 1 1 0 R 0
1431 36525 21645 1388 21672 1360 3697 1 0 0 0 0 0 0 1 1 1 0 R 0
1432 36557 30056 734 30110 666 7671 1 0 0 0 0 0 0 1 1 2 0 R 0
1433 36582 25155 801 25210 749 5940 1 0 0 0 0 0 0 1 1 1 0 R 0
1434 36604 20661 606 20692 560 3760 1 0 0 0 0 0 0 1 1 1 0 R 0
1435 36627 22257 1008 22276 987 3865 1 0 0 0 0 0 0 1 1 1 0 R 0
1436 36658 30319 674 30331 647 7227 1 0 0 0 0 0 0 1 1 1 0 R 0
1437 36683 24347 809 24375 796 5851 1 0 0 0 0 0 0 1 1 1 0 R 0
1438 36704 19644 725 19657 702 4142 1 0 0 0 0 0 0 1 1 2 0 R 0
1439 36727 22760 590 22774 556 3835 1 0 0 0 0 0 0 1 1 1 0 R 0
1440 36761 33199 949 33224 919 13648 1 0 0 0 0 0 0 1 1 2 0 R 0
1441 36792 30437 949 30462 924 6447 1 0 0 0 0 0 0 1 1 1 0 R 0
1442 36814 20329 606 20343 581 3860 1 0 0 0 0 0 0 1 1 1 0 R 0
1443 36840 25527 603 25553 566 3839 1 0 0 0 0 0 0 1 1 1 0 R 0
1444 36862 21530 599 21558 575 4480 1 0 0 0 0 0 0 1 1 1 0 R 0
1445 36890 27542 942 27646 827 4551 1 0 0 0 0 0 0 1 1 2 0 R 0
1446 36912 21477 646 21499 617 5134 1 0 0 0 0 0 0 1 1 1 0 R 0
1447 36935 21706 1091 21739 1067 4442 1 0 0 0 0 0 0 1 1 1 0 R 0
1448 36966 30307 621 30316 603 6634 1 0 0 0 0 0 0 1 1 1 0 R 0
1449 36990 23684 842 23700 814 5624 1 0 0 0 0 0 0 1 1 1 0 R 0
1450 37013 21338 619 21361 590 4652 1 0 0 0 0 0 0 1 1 1 0 R 0
1451 37037 23261 961 23008 941 5208 1 0 1 0 0 0 0 1 1 1 0 R 0
1452 37065 27857 1530 27876 1512 7359 1 0 0 0 0 0 0 1 1 1 0 R 0
1453 37095 28101 1614 28195 1599 4661 1 0 0 0 0 0 0 1 1 2 0 R 0
1454 37119 22067 589 21996 555 4497 1 0 0 0 0 0 0 1 1 1 0 R 0
1455 37149 29405 1165 29522 1051 10313 1 0 0 0 0 0 0 1 1 1 0 R 0
1456 37177 27596 972 27605 956 6645 1 0 0 0 0 0 0 1 1 1 0 R 0
1457 37205 27100 1083 27507 665 7058 1 0 0 0 0 0 0 1 1 1 0 R 0
1458 37227 20835 626 20863 595 4422 1 0 0 0 0 0 0 1 1 2 0 R 0
1459 37253 24977 1195 25091 1097 5500 1 0 0 0 0 0 0 1 1 1 0 R 0
1460 37277 23080 636 23083 607 6693 1 0 0 0 0 0 0 1 1 1 0 R 0
1461 37298 20087 1333 20102 1415 3863 1 0 0 0 0 0 0 1 1 1 0 R 0
1462 37322 22215 595 22128 563 6101 1 0 0 0 0 0 0 1 1 1 0 R 0
1463 37343 21164 609 21198 571 4248 1 0 0 0 0 0 0 1 1 1 0 R 0
1464 37373 28600 1078 28627 1052 4446 1 0 0 0 0 0 0 1 1 2 0 R 0
1465 37400 26207 604 26228 569 4698 1 0 0 0 0 0 0 1 1 1 0 R 0
1466 37421 20743 595 20769 564 4507 1 0 0 0 0 0 0 1 1 1 0 R 0
1467 37443 21334 605 21367 570 4311 1 0 0 0 0 0 0 1 1 1 0 R 0
1468 37473 29052 1330 29166 1243 5952 1 0 0 0 0 0 0 1 1 1 0 R 0
1469 37504 30028 983 30020 951 4682 1 0 0 0 0 0 0 1 1 2 0 R 0
1470 37531 25482 652 25506 620 10664 1 0 0 0 0 0 0 1 1 1 0 R 0
1471 37555 24157 1703 24184 1686 4249 1 0 0 0 0 0 0 1 1 1 0 R 0
1472 37585 27882 1648 27979 1538 6721 1 0 0 0 0 0 0 1 1 1 0 R 0
1473 37610 23047 591 23059 561 7467 1 0 0 0 0 0 0 1 1 1 0 R 0
1474 37631 20331 577 20355 552 4265 1 0 0 0 0 0 0 1 1 1 0 R 0
1475 37654 22413 1203 22581 1031 4442 1 0 0 0 0 0 0 1 1 2 0 R 0
1476 37684 28873 627 28892 596 6945 1 0 0 0 0 0 0 1 1 1 0 R 0
1477 37715 30653 1293 30685 1269 6754 1 0 0 0 0 0 0 1 1 1 0 R 0
1478 37737 21230 611 21234 582 4096 1 0 0 0 0 0 0 1 1 1 0 R 0
1479 37764 26323 1791 26402 1732 4854 1 0 0 0 0 0 0 1 1 1 0 R 0
1480 37794 27623 1033 27631 1007 6725 1 0 0 0 0 0 0 1 1 2 0 R 0
1481 37818 23192 603 23205 571 6484 1 0 0 0 0 0 0 1 1 0 0 R 0
1482 37838 19768 580 19796 552 3748 1 0 0 0 0 0 0 1 1 1 0 R 0
1483 37863 23862 1091 23908 1050 4230 1 0 0 0 0 0 0 1 1 2 0 R 0
1484 37892 28232 1116 28332 999 6960 1 0 0 0 0 0 0 1 1 1 0 R 0
1485 37921 27708 595 27723 572 13552 1 0 0 0 0 0 0 1 1 1 0 R 0
1486 37942 20378 601 20402 569 4227 1 0 0 0 0 0 0 1 1 2 0 R 0
1487 37969 26059 1001 26086 974 5310 1 0 0 0 0 0 0 1 1 1 0 R 0
1488 37998 28775 993 28794 970 6465 1 0 0 0 0 0 0 1 1 1 0 R 0
1489 38023 23229 655 23248 623 7140 1 0 0 0 0 0 0 1 1 1 0 R 0
1490 38042 19224 586 19249 558 4193 1 0 0 0 0 0 0 1 1 1 0 R 0
1491 38070 26588 989 26710 858 3962 1 0 0 0 0 0 0 1 1 2 0 R 0
1492 38098 27596 1158 27619 1141 7424 1 0 0 0 0 0 0 1 1 1 0 R 0
1493 38128 29023 651 29034 618 7060 1 0 0 0 0 0 0 1 1 1 0 R 0
1494 38149 20379 591 20407 558 4112 1 0 0 0 0 0 0 1 1 2 0 R 0
1495 38177 26510 1154 26631 1148 5747 1 0 0 0 0 0 0 1 1 1 0 R 0
1496 38208 29872 1006 29780 985 6621 1 0 0 0 0 0 0 1 1 1 0 R 0
1497 38230 21441 1003 21496 944 5495 1 0 0 0 0 0 0 1 1 1 0 R 0
1498 38251 19830 592 19844 563 4312 1 0 0 0 0 0 0 1 1 1 0 R 0
1499 38278 26675 1025 26698 1004 5740 1 0 0 0 0 0 0 1 1 2 0 R 0
