# song rate secs cpu_s us_per_sample realtime_x ops_avg ops_max att dec sus rel
0 44100 20 0.150 0.17 133.169 15.99 18 0.00 13.56 0.00 2.43
1 44100 20 0.087 0.10 231.105 12.99 18 0.05 12.93 0.00 0.01
2 44100 20 0.078 0.09 257.782 11.65 12 0.06 10.92 0.00 0.67
3 44100 20 0.072 0.08 277.418 10.85 16 0.02 5.97 0.00 4.86
4 44100 20 0.107 0.12 186.351 15.35 16 0.05 11.42 0.00 3.89
5 44100 20 0.117 0.13 170.381 17.90 18 0.00 13.14 3.37 1.39
6 44100 20 0.099 0.11 201.478 14.66 18 0.40 5.29 0.43 8.54
7 44100 20 0.118 0.13 169.317 17.90 18 0.01 14.13 0.00 3.75
8 44100 20 0.088 0.10 226.425 13.09 18 0.20 7.64 1.63 3.63
9 44100 20 0.073 0.08 275.973 7.56 14 0.03 2.46 0.00 5.07
10 44100 20 0.080 0.09 250.764 10.06 12 0.09 5.81 0.00 4.16
11 44100 20 0.115 0.13 174.587 16.91 18 0.03 11.81 1.69 3.38
12 44100 20 0.100 0.11 200.593 13.75 16 0.02 11.39 0.12 2.21
13 44100 20 0.117 0.13 170.874 17.88 18 0.00 12.29 3.73 1.86
14 44100 20 0.113 0.13 177.477 16.99 18 0.01 11.00 5.28 0.69
15 44100 20 0.107 0.12 187.463 16.08 18 0.07 11.01 0.99 4.01
16 44100 20 0.104 0.12 192.741 15.73 18 0.01 11.35 1.28 3.09
17 44100 20 0.116 0.13 172.417 17.59 18 0.03 11.53 2.67 3.37
18 44100 20 0.090 0.10 223.467 9.95 18 0.00 3.19 0.11 6.65
19 44100 20 0.096 0.11 208.230 14.38 18 0.01 9.56 0.58 4.24
20 44100 20 0.112 0.13 179.452 16.59 18 0.01 13.09 1.59 1.89
21 44100 20 0.068 0.08 292.938 9.84 12 0.04 9.24 0.36 0.20
22 44100 20 0.091 0.10 218.946 11.33 16 0.03 5.70 1.48 4.11
23 44100 20 0.067 0.08 296.859 10.07 14 0.02 8.91 0.00 1.14
24 44100 20 0.085 0.10 236.468 12.78 16 0.18 8.44 2.80 1.35
25 44100 20 0.109 0.12 184.298 16.48 18 0.04 10.84 0.18 5.42
26 44100 20 0.060 0.07 335.816 8.92 12 0.03 7.41 1.28 0.19
27 44100 20 0.104 0.12 191.747 15.82 16 0.00 9.42 2.79 3.61
28 44100 20 0.097 0.11 206.158 14.61 16 0.01 8.99 0.00 5.60
29 44100 20 0.068 0.08 295.017 10.04 14 0.31 4.30 2.59 2.85
30 44100 20 0.008 0.01 2492.693 0.93 8 0.01 0.78 0.00 0.14
31 44100 20 0.060 0.07 331.886 9.08 12 0.00 5.24 0.00 3.84
32 44100 20 0.098 0.11 204.009 14.83 18 0.02 13.36 0.22 1.23
33 44100 20 0.063 0.07 317.197 7.83 12 0.04 2.44 1.20 4.16
34 44100 20 0.063 0.07 318.938 9.07 12 0.00 4.41 1.02 3.65
35 44100 20 0.077 0.09 258.890 11.26 16 0.00 7.84 0.59 2.83
36 44100 20 0.081 0.09 247.920 11.81 16 0.10 6.41 0.96 4.34
37 44100 20 0.077 0.09 258.764 10.56 15 0.01 5.39 1.95 3.21
38 44100 20 0.076 0.09 263.602 11.28 12 0.07 7.88 0.00 3.32
39 44100 20 0.058 0.07 346.745 8.68 10 0.03 7.43 1.11 0.11
40 44100 20 0.066 0.08 301.640 9.80 14 0.48 2.64 1.25 5.43
