# swapstamp frames 1500 skip 300 peer 465
# f t_ms gap_us swap_us crend_us cswap_us clr_us nclr vcs_r ivcs_r vcs_s ivcs_s minf majf cpu0 cpu1 pticks pcpu pstate ctr
0 0 19806 668 19845 648 6579 1 0 0 0 0 0 0 0 0 0 1 R 0
1 20 20151 557 20148 528 3821 1 0 0 0 0 0 0 0 0 2 1 R 0
2 40 19459 571 19487 540 3814 1 0 0 0 0 0 0 0 0 1 1 R 0
3 63 21887 544 20393 513 3408 1 0 4 0 0 0 0 0 0 2 1 R 0
4 80 16993 1342 17081 1269 3192 1 0 0 0 0 0 0 0 0 1 1 R 0
5 100 18455 693 18494 658 3949 1 0 0 0 0 0 0 0 0 2 1 R 0
6 124 23638 626 21862 579 4494 1 0 4 0 0 0 0 0 0 2 1 R 0
7 146 20919 552 19878 524 5615 1 0 1 0 0 0 0 0 0 1 1 R 0
8 165 18341 656 18381 641 3938 1 0 0 0 0 0 0 0 0 1 1 R 0
9 188 22312 558 21075 534 4411 1 0 4 0 0 0 0 0 0 2 1 R 0
10 206 17881 697 17925 665 3617 1 0 0 0 0 0 0 0 0 2 1 R 0
11 227 20425 564 20443 536 5249 1 0 0 0 0 0 0 0 0 1 1 R 0
12 248 19591 556 19617 530 4240 1 0 0 0 0 0 0 0 0 1 1 R 0
13 268 19990 895 18979 825 5813 1 0 4 0 0 0 0 0 0 2 1 R 0
14 286 16816 1138 16900 1062 3822 1 0 0 0 0 0 0 0 0 2 1 R 0
15 310 22678 1071 22764 1023 8183 1 0 0 0 0 0 0 0 0 2 1 R 0
16 338 26898 768 23821 725 3753 1 0 5 0 0 0 0 0 0 1 1 R 0
17 357 19036 553 19044 523 4329 1 0 0 0 0 0 0 0 0 2 1 R 0
18 376 17512 658 17574 607 3899 1 0 0 0 0 0 0 0 0 2 1 R 0
19 399 22646 661 21418 628 5229 1 0 4 0 0 0 0 0 0 1 1 R 0
20 418 18678 853 18747 816 3370 1 0 0 0 0 0 0 0 0 2 1 R 0
21 439 19787 550 19778 528 3880 1 0 0 0 0 0 0 0 0 1 1 R 0
22 459 19196 555 19219 531 3920 1 0 0 0 0 0 0 0 0 2 1 R 0
23 479 20159 821 19060 734 5830 1 0 4 0 0 0 0 0 0 1 1 R 0
24 498 17722 799 17798 727 3118 1 0 0 0 0 0 0 0 0 3 1 R 0
25 518 19647 681 19695 640 5130 1 0 0 0 0 0 0 0 0 1 1 R 0
26 542 23525 556 20482 537 3891 1 0 4 0 0 0 0 0 0 1 1 R 0
27 562 18899 697 18953 647 3711 1 0 0 0 0 0 0 0 0 1 1 R 0
28 580 17194 747 17282 659 3260 1 0 0 0 0 0 0 0 0 2 1 R 0
29 600 19119 748 19161 710 4258 1 0 0 0 0 0 0 0 0 2 1 R 0
30 626 25657 573 24357 546 7235 1 0 4 0 0 0 0 0 0 1 1 R 0
31 646 19778 561 19805 533 4492 1 0 0 0 0 0 0 0 0 1 1 R 0
32 666 19272 568 19298 539 4288 1 0 0 0 0 0 0 0 0 2 1 R 0
33 686 19345 675 18458 658 5296 1 0 4 0 0 0 0 0 0 1 1 R 0
34 705 18150 733 18190 685 4251 1 0 0 0 0 0 0 0 0 2 1 R 0
35 728 22417 552 22431 525 4901 1 0 0 0 0 0 0 0 0 2 1 R 0
36 753 24204 605 22164 578 5700 1 0 5 0 0 0 0 0 0 1 1 R 0
37 773 19300 727 19374 655 3302 1 0 0 0 0 0 0 0 0 1 1 R 0
38 790 16638 722 16679 694 3212 1 0 0 0 0 0 0 0 0 3 1 R 0
39 810 18824 796 18889 749 4541 1 0 0 0 0 0 0 0 0 1 1 R 0
40 834 23830 576 21699 548 4541 1 0 4 0 0 0 0 0 0 1 1 R 0
41 854 19448 560 19480 531 3866 1 0 0 0 0 0 0 0 0 1 1 R 0
42 874 19242 544 19266 511 3319 1 0 0 0 0 0 0 0 0 2 1 R 0
43 896 21445 745 20313 713 3189 1 0 4 0 0 0 0 0 0 2 1 R 0
44 916 19145 733 18574 690 3752 1 0 1 0 0 0 0 0 0 1 1 R 0
45 941 24084 947 22525 933 7566 1 0 1 0 0 0 0 0 0 2 1 R 0
46 963 21300 606 20108 583 3791 1 0 4 0 0 0 0 0 0 1 1 R 0
47 983 19173 863 19266 787 3724 1 0 0 0 0 0 0 0 0 2 1 R 0
48 1017 33078 690 22651 666 3046 1 0 4 0 0 0 0 0 0 1 1 R 0
49 1048 30165 588 20214 559 5579 1 0 9 0 0 0 0 0 0 2 1 R 0
50 1074 26087 561 20394 529 13958 1 0 2 0 0 0 0 0 0 2 1 R 0
51 1097 21647 738 20082 708 3122 1 0 4 0 0 0 0 0 0 2 1 R 0
52 1117 19731 564 19753 534 4262 1 0 0 0 0 0 0 0 0 1 1 R 0
53 1138 20401 803 19535 797 4325 1 0 1 0 0 0 0 0 0 1 1 R 0
54 1158 19007 547 19014 521 4404 1 0 0 0 0 0 0 0 0 1 1 R 0
55 1180 21721 688 20744 644 6159 1 0 4 0 0 0 0 0 0 2 1 R 0
56 1199 17865 669 17905 637 3183 1 0 0 0 0 0 0 0 0 2 1 R 0
57 1219 19826 750 19611 727 3124 1 0 1 0 0 0 0 0 0 2 1 R 0
58 1243 22957 567 21360 546 3274 1 0 4 0 0 0 0 0 0 1 1 R 0
59 1263 19308 549 19331 524 3784 1 0 0 0 0 0 0 0 0 1 1 R 0
60 1286 22486 567 22516 540 7588 1 0 0 0 0 0 0 0 0 2 1 R 0
61 1307 20709 637 19293 595 3987 1 0 4 0 0 0 0 0 0 2 1 R 0
62 1326 18240 676 18289 631 3676 1 0 0 0 0 1 0 0 0 2 1 R 0
63 1350 23066 555 22039 527 5753 1 0 1 0 0 0 0 0 0 1 1 R 0
64 1370 19411 563 19438 532 3900 1 0 0 0 0 0 0 0 0 1 1 R 0
65 1393 22398 652 21373 625 6033 1 0 4 0 0 0 0 0 0 1 1 R 0
66 1410 16928 753 16984 700 3217 1 0 0 0 0 0 0 0 0 2 1 R 0
67 1430 18874 849 18951 791 4332 1 0 0 0 0 0 0 0 0 2 1 R 0
68 1455 23899 626 22325 601 4659 1 0 4 0 0 0 0 0 0 1 1 R 0
69 1475 19344 556 19366 529 3829 1 0 0 0 0 0 0 0 0 1 1 R 0
70 1496 20663 635 20703 594 3900 1 0 0 0 0 0 0 0 0 3 1 R 0
71 1517 20918 666 19488 644 3639 1 0 4 0 0 0 0 0 0 1 1 R 0
72 1536 17930 710 17988 650 3550 1 0 0 0 0 0 0 0 0 2 1 R 0
73 1559 22802 572 20947 548 4384 1 0 1 0 0 0 0 0 0 1 1 R 0
74 1579 19052 539 19076 515 3822 1 0 0 0 0 0 0 0 0 2 1 R 0
75 1604 24163 608 22998 584 7679 1 0 4 0 0 0 0 0 0 1 1 R 0
76 1622 17521 704 17567 654 3094 1 0 0 0 0 0 0 0 0 2 1 R 0
77 1642 19690 778 19775 703 4461 1 0 0 0 0 0 0 0 0 2 1 R 0
78 1665 22218 576 21111 545 3922 1 0 4 0 0 0 0 0 0 1 1 R 0
79 1685 19547 666 19580 631 4212 1 0 0 0 0 0 0 0 0 1 1 R 0
80 1703 17315 731 17369 708 3687 1 0 0 0 0 0 0 0 0 2 1 R 0
81 1727 22793 714 21322 708 4142 1 0 4 0 0 0 0 0 0 2 1 R 0
82 1748 19897 830 18854 779 3670 1 0 1 0 0 0 0 0 0 0 1 R 0
83 1768 19772 562 19784 533 4344 1 0 0 0 0 0 0 0 0 2 1 R 0
84 1788 19087 888 19133 868 4273 1 0 0 0 0 0 0 0 0 2 1 R 0
85 1812 23169 685 21653 644 5266 1 0 4 0 0 0 0 0 0 1 1 R 0
86 1829 16366 707 16444 649 3300 1 0 0 0 0 0 0 0 0 1 1 R 0
87 1850 20374 864 20429 809 4757 1 0 0 0 0 0 0 0 0 2 1 R 0
88 1875 23939 569 22353 542 3921 1 0 5 0 0 1 0 0 0 2 1 R 0
89 1896 20964 557 20991 523 4198 1 0 0 0 0 0 0 0 0 1 1 R 0
90 1917 20510 852 20561 813 6586 1 0 0 0 0 0 0 0 0 2 1 R 0
91 1939 20859 664 19485 635 3559 1 0 4 0 0 0 0 0 0 1 1 R 0
92 1960 20442 665 18465 631 3278 1 0 1 0 0 0 0 0 0 2 1 R 0
93 1980 19361 1830 19368 1827 3783 1 0 0 0 0 1 0 0 0 1 1 R 0
94 2001 18933 2312 19894 791 3305 1 0 1 0 0 0 0 0 0 2 1 R 0
95 2024 20423 644 19397 598 3339 1 0 3 0 0 0 0 0 0 1 1 R 0
96 2043 18513 672 18556 657 3146 1 0 0 0 0 0 0 0 0 2 1 R 0
97 2064 20683 555 20692 523 4459 1 0 0 0 0 0 0 0 0 2 1 R 0
98 2086 21514 589 20423 554 3823 1 0 4 0 0 0 0 0 0 1 1 R 0
99 2108 21389 538 21419 509 4407 1 0 0 0 0 0 0 0 0 2 1 R 0
100 2126 17254 863 17329 817 3714 1 0 0 0 0 0 0 0 0 1 1 R 0
101 2152 25159 627 22332 602 5610 1 0 4 0 0 0 0 0 0 2 1 R 0
102 2172 19489 555 19513 526 3824 1 0 0 0 0 0 0 0 0 2 1 R 0
103 2192 19254 586 19280 566 3844 1 0 0 0 0 0 0 0 0 1 1 R 0
104 2211 18119 3282 18172 2517 3840 1 0 0 0 3 0 0 0 0 1 1 R 0
105 2236 21639 551 21323 519 6435 1 0 1 0 0 0 0 0 0 3 1 R 0
106 2255 18956 538 18985 517 3589 1 0 0 0 0 0 0 0 0 1 1 R 0
107 2275 18884 592 18923 556 4305 1 0 0 0 0 0 0 0 0 1 1 R 0
108 2297 21634 558 20316 527 3763 1 0 4 0 0 0 0 0 0 1 1 R 0
109 2316 18239 663 18275 656 3682 1 0 0 0 0 0 0 0 0 2 1 R 0
110 2333 17233 854 17251 810 3518 1 0 0 0 0 0 0 0 0 1 1 R 0
111 2359 24695 553 22215 530 4472 1 0 5 0 0 0 0 0 0 1 1 R 0
112 2379 19272 644 19312 615 3834 1 0 0 0 0 0 0 0 0 2 1 R 0
113 2399 19580 551 19593 524 3899 1 0 0 0 0 0 0 0 0 2 1 R 0
114 2417 17332 673 17390 631 3184 1 0 0 0 0 0 0 0 0 1 1 R 0
115 2440 22434 626 21434 601 7193 1 0 4 0 0 0 0 0 0 1 1 R 0
116 2460 19451 554 19462 527 3799 1 0 0 0 0 0 0 0 0 1 1 R 0
117 2480 19229 630 19267 587 3771 1 0 0 0 0 0 0 0 0 2 1 R 0
118 2502 21790 596 20561 572 3839 1 0 4 0 0 0 0 0 0 1 1 R 0
119 2522 19418 620 19478 560 3088 1 0 0 0 0 0 0 0 0 1 1 R 0
120 2544 21165 672 21211 654 6198 1 0 0 0 1 0 0 0 0 1 1 R 0
121 2568 23355 552 20669 527 3770 1 0 4 0 0 0 0 0 0 2 1 R 0
122 2588 19394 554 19420 527 4371 1 0 0 0 0 0 0 0 0 1 1 R 0
123 2608 19054 571 19079 551 4352 1 0 0 0 0 0 0 0 0 2 1 R 0
124 2626 17735 673 17786 645 3890 1 0 0 0 0 0 0 0 0 2 1 R 0
125 2648 21412 692 20547 635 6437 1 0 4 0 0 0 0 0 0 2 1 R 0
126 2667 17961 687 18002 641 3212 1 0 0 0 0 0 0 0 0 1 1 R 0
127 2689 21764 570 21417 544 6283 1 0 1 0 0 0 0 0 0 1 1 R 0
128 2712 22109 547 20699 517 3826 1 0 4 0 0 0 0 0 0 2 1 R 0
129 2730 17610 2202 17689 2169 3250 1 0 0 0 0 0 0 0 0 2 1 R 0
130 2753 21020 698 19563 634 3207 1 0 1 0 0 0 0 0 0 1 1 R 0
131 2776 21724 698 20137 681 3739 1 0 4 0 0 0 0 0 0 1 1 R 0
132 2796 19737 553 19757 530 4339 1 0 0 0 0 0 0 0 0 2 1 R 0
133 2818 21048 587 21103 525 4321 1 0 0 0 0 0 0 0 0 2 1 R 0
134 2835 16699 721 16751 683 3651 1 0 0 0 0 0 0 0 0 1 1 R 0
135 2863 27026 759 26195 711 11087 1 0 4 0 0 0 0 0 0 2 1 R 0
136 2884 20121 546 20138 521 3825 1 0 0 0 0 0 0 0 0 2 1 R 0
137 2903 18940 547 18970 519 3860 1 0 0 0 0 0 0 0 0 1 1 R 0
138 2926 22531 552 21253 524 3285 1 0 4 0 0 0 0 0 0 1 1 R 0
139 2944 17287 727 17357 672 3562 1 0 0 0 0 0 0 0 0 2 1 R 0
140 2965 20391 676 18862 629 6108 1 0 1 0 0 0 0 0 0 2 1 R 0
141 2988 22257 575 20896 550 4444 1 0 4 0 0 0 0 0 0 2 1 R 0
142 3008 19274 560 19298 534 4344 1 0 0 0 0 0 0 0 0 1 1 R 0
143 3028 19009 749 19103 659 4326 1 0 0 0 0 0 0 0 0 1 1 R 0
144 3046 17691 865 17763 818 3786 1 0 0 0 0 0 0 0 0 2 1 R 0
145 3068 21357 711 20287 659 6714 1 0 4 0 0 0 0 0 0 2 1 R 0
146 3089 19690 552 19718 529 3884 1 0 0 0 0 0 0 0 0 1 1 R 0
147 3109 19963 705 19990 679 4568 1 0 0 0 0 0 0 0 0 1 1 R 0
148 3132 22406 549 21042 524 3805 1 0 4 0 0 0 0 0 0 2 1 R 0
149 3150 17387 2916 17480 629 3151 1 0 1 0 0 0 0 0 0 1 1 R 0
150 3175 22217 602 22222 562 6377 1 0 0 0 0 0 0 0 0 2 1 R 0
151 3198 22182 540 21348 517 4217 1 0 4 0 0 0 0 0 0 1 1 R 0
152 3218 19284 559 19309 535 4293 1 0 0 0 0 0 0 0 0 1 1 R 0
153 3237 18553 703 18593 664 3853 1 0 0 0 0 0 0 0 0 2 1 R 0
154 3256 18010 802 18086 736 4130 1 0 0 0 0 0 0 0 0 2 1 R 0
155 3278 21359 759 20405 727 6960 1 0 4 0 0 0 0 0 0 2 1 R 0
156 3299 20450 571 20464 540 3897 1 0 0 0 0 0 0 0 0 1 1 R 0
157 3319 19646 556 19679 529 3805 1 0 0 0 0 0 0 0 0 1 1 R 0
158 3342 22115 556 20890 531 3553 1 0 4 0 0 0 0 0 0 2 1 R 0
159 3362 19283 709 18425 660 3188 1 0 1 0 0 0 0 0 0 1 1 R 0
160 3381 17934 1459 17984 1404 3367 1 0 0 0 0 0 0 0 0 2 1 R 0
161 3401 18651 2790 18701 2074 3689 1 0 0 0 2 0 0 0 0 2 1 R 0
162 3424 20768 568 19436 540 4520 1 0 2 0 0 0 0 0 0 1 1 R 0
163 3443 18192 692 18250 643 2997 1 0 0 0 0 0 0 0 0 1 1 R 0
164 3462 18705 747 18755 692 3663 1 0 0 0 0 0 0 0 0 2 1 R 0
165 3488 24688 569 23727 545 8612 1 0 4 0 0 0 0 0 0 2 1 R 0
166 3508 19838 562 19864 538 4287 1 0 0 0 0 0 0 0 0 1 1 R 0
167 3528 19286 564 19311 536 4512 1 0 0 0 0 0 0 0 0 2 1 R 0
168 3549 20458 759 19405 702 3684 1 0 4 0 0 0 0 0 0 1 1 R 0
169 3569 19196 733 18358 650 4343 1 0 1 0 0 0 0 0 0 2 1 R 0
170 3589 18858 678 18912 654 3230 1 0 0 0 0 0 0 0 0 2 1 R 0
171 3610 20348 604 20348 576 3763 1 0 0 0 0 0 0 0 0 1 1 R 0
172 3632 22251 558 21199 533 6166 1 0 4 0 0 0 0 0 0 1 1 R 0
173 3650 16712 763 16794 685 3222 1 0 0 0 0 0 0 0 0 2 1 R 0
174 3669 18419 782 18484 723 4357 1 0 0 0 0 0 0 0 0 1 1 R 0
175 3694 23963 593 22898 546 4546 1 0 4 0 0 0 0 0 0 2 1 R 0
176 3714 19567 544 19587 520 3850 1 0 0 0 0 0 0 0 0 1 1 R 0
177 3734 19339 547 19366 524 3907 1 0 0 0 0 0 0 0 0 1 1 R 0
178 3760 25491 615 23042 578 3934 1 0 4 0 0 0 0 0 0 2 1 R 0
179 3778 17107 869 17188 804 3107 1 0 0 0 0 0 0 0 0 1 1 R 0
180 3802 24073 546 24081 523 8989 1 0 0 0 0 0 0 0 0 3 1 R 0
181 3825 22391 545 21598 521 3825 1 0 4 0 0 1 0 0 0 1 1 R 0
182 3847 20747 748 20789 719 5367 1 0 0 0 0 0 0 0 0 1 1 R 0
183 3866 18912 548 18930 519 4324 1 0 0 0 0 0 0 0 0 1 1 R 0
184 3888 20656 568 20231 537 5651 1 0 1 0 0 0 0 0 0 2 1 R 0
185 3909 20821 577 19895 548 6133 1 0 4 0 0 0 0 0 0 1 1 R 0
186 3929 19801 749 19840 706 3794 1 0 0 0 0 0 0 0 0 1 1 R 0
187 3949 18937 884 19008 819 3877 1 0 0 0 0 0 0 0 0 2 1 R 0
188 3975 24924 552 22428 523 4561 1 0 6 0 0 0 0 0 0 2 1 R 0
189 3993 17913 762 17985 700 3201 1 0 0 0 0 0 0 0 0 2 1 R 0
190 4016 21596 569 21617 541 5899 1 0 0 0 0 1 0 0 0 1 1 R 0
191 4038 21741 559 20555 532 4333 1 0 4 0 0 0 0 0 0 1 1 R 0
192 4056 17947 679 17998 634 3862 1 0 0 0 0 0 0 0 0 2 1 R 0
193 4075 18283 726 18363 644 4021 1 0 0 0 0 0 0 0 0 2 1 R 0
194 4095 19117 685 19168 643 4880 1 0 0 0 0 0 0 0 0 1 1 R 0
195 4121 24967 1591 24050 1575 10243 1 0 4 0 0 1 0 0 0 2 1 R 0
196 4143 20299 600 20306 581 3833 1 0 0 0 0 0 0 0 0 1 1 R 0
197 4164 20194 641 19082 637 3052 1 0 1 0 0 0 0 0 0 2 1 R 0
198 4186 21412 747 20390 723 3198 1 0 4 0 0 0 0 0 0 2 1 R 0
199 4206 19798 651 19829 612 3722 1 0 0 0 0 0 0 0 0 2 1 R 0
200 4226 18898 567 18918 539 4271 1 0 0 0 0 0 0 0 0 1 1 R 0
201 4249 22584 565 21127 534 4456 1 0 4 0 0 0 0 0 0 1 1 R 0
202 4268 18945 662 18996 615 3273 1 0 0 0 0 0 0 0 0 2 1 R 0
203 4287 18117 696 18146 670 3256 1 0 0 0 0 0 0 0 0 1 1 R 0
204 4309 20654 727 20714 691 6187 1 0 0 0 0 0 0 0 0 2 1 R 0
205 4332 22579 544 21532 518 6071 1 0 4 0 0 0 0 0 0 2 1 R 0
206 4351 18184 1451 18282 1373 3843 1 0 0 0 0 0 0 0 0 1 1 R 0
207 4371 18775 1404 17851 1356 3226 1 0 1 0 0 0 0 0 0 1 1 R 0
208 4394 21369 674 20271 653 3277 1 0 4 0 0 0 0 0 0 2 1 R 0
209 4414 20196 538 20201 511 3393 1 0 0 0 0 0 0 0 0 1 1 R 0
210 4437 21592 561 21627 528 8630 1 0 0 0 0 0 0 0 0 1 1 R 0
211 4459 21732 564 20214 526 4058 1 0 4 0 0 0 0 0 0 2 1 R 0
212 4477 17810 757 17873 717 3207 1 0 0 0 0 0 0 0 0 1 1 R 0
213 4496 18173 733 18209 693 4191 1 0 0 0 0 0 0 0 0 2 1 R 0
214 4518 20676 548 20690 519 5233 1 0 0 0 0 0 0 0 0 1 1 R 0
215 4539 21211 575 20246 547 6683 1 0 4 0 0 0 0 0 0 1 1 R 0
216 4561 20995 954 19947 946 3426 1 0 1 0 0 0 0 0 0 2 1 R 0
217 4579 17218 791 17293 710 3439 1 0 0 0 0 0 0 0 0 2 1 R 0
218 4600 20197 586 19103 539 3622 1 0 4 0 0 0 0 0 0 1 1 R 0
219 4649 48289 997 23905 973 33602 1 3 0 0 1 52 0 0 0 2 0 R 0
220 4699 49064 795 19035 768 3613 1 2 3 0 1 35 0 0 0 2 0 R 0
221 4724 24367 7876 16110 954 2334 1 0 1 0 1 17 0 0 0 1 0 R 0
222 4749 17061 830 16562 751 3038 1 0 3 0 0 0 0 0 0 0 1 R 0
223 4773 22971 583 21027 536 3904 1 0 1 0 0 0 0 0 0 2 1 R 0
224 4790 16534 711 16571 678 3229 1 0 0 0 0 0 0 0 0 2 1 R 0
225 4818 27210 568 26087 541 10789 1 0 4 0 0 0 0 0 0 2 1 R 0
226 4838 19196 564 19226 532 4338 1 0 0 0 0 0 0 0 0 1 1 R 0
227 4858 19750 553 19778 527 4286 1 0 0 0 0 0 0 0 0 1 1 R 0
228 4879 20533 811 19496 727 3713 1 0 4 0 0 0 0 0 0 2 1 R 0
229 4898 18066 645 18109 626 3178 1 0 0 0 0 0 0 0 0 1 1 R 0
230 4919 19864 770 19498 735 4318 1 0 1 0 0 0 0 0 0 2 1 R 0
231 4940 20237 561 20251 533 3870 1 0 0 0 0 0 0 0 0 1 1 R 0
232 4964 24016 555 21335 533 4163 1 0 5 0 0 0 0 0 0 2 1 R 0
233 4986 21194 576 21229 551 3849 1 0 0 0 0 0 0 0 0 1 1 R 0
234 5004 17162 1128 17219 1089 3721 1 0 0 0 0 0 0 0 0 2 1 R 0
235 5027 22501 566 21331 532 6365 1 0 4 0 0 0 0 0 0 2 1 R 0
236 5047 19603 557 19633 533 4337 1 0 0 0 0 0 0 0 0 1 1 R 0
237 5067 19162 609 19187 576 4403 1 0 0 0 0 0 0 0 0 1 1 R 0
238 5089 20826 677 19360 666 3939 1 0 4 0 0 0 0 0 0 2 1 R 0
239 5107 17753 914 17774 868 3267 1 0 0 0 0 0 0 0 0 1 1 R 0
240 5132 24308 552 24308 529 9006 1 0 0 0 0 0 0 0 0 2 1 R 0
241 5154 20889 1283 20487 708 3862 1 0 3 0 1 0 0 0 0 1 1 R 0
242 5176 21094 601 20121 577 3333 1 0 1 0 0 0 0 0 0 2 1 R 0
243 5195 18016 647 18049 619 3632 1 0 0 0 0 0 0 0 0 1 1 R 0
244 5214 18600 689 18634 679 3601 1 0 0 0 0 0 0 0 0 2 1 R 0
245 5237 22586 606 21258 579 3970 1 0 4 0 0 0 0 0 0 1 1 R 0
246 5257 19585 555 19611 527 4326 1 0 0 0 0 0 0 0 0 2 1 R 0
247 5277 18949 734 19032 650 3679 1 0 0 0 0 0 0 0 0 1 1 R 0
248 5299 21053 680 19567 632 3706 1 0 4 0 0 0 0 0 0 2 1 R 0
249 5318 18312 753 18394 708 3056 1 0 0 0 0 0 0 0 0 1 1 R 0
250 5339 20497 603 20501 564 5296 1 0 0 0 0 0 0 0 0 2 1 R 0
251 5359 19599 543 19628 513 3849 1 0 0 0 0 0 0 0 0 1 1 R 0
252 5383 23260 555 21070 534 6987 1 0 4 0 0 0 0 0 0 1 1 R 0
253 5400 16893 1675 16975 1682 3231 1 0 0 0 0 0 0 0 0 3 1 R 0
254 5420 18426 1453 18390 1427 4081 1 0 0 0 0 0 0 0 0 1 1 R 0
255 5447 24833 573 23500 538 11407 1 0 4 0 0 0 0 0 0 1 1 R 0
256 5467 19288 561 19319 527 4339 1 0 0 0 0 0 0 0 0 1 1 R 0
257 5487 20256 540 20289 510 4385 1 0 0 0 0 0 0 0 0 2 1 R 0
258 5509 20576 662 19310 612 3762 1 0 4 0 0 0 0 0 0 2 1 R 0
259 5527 18110 734 18179 706 3172 1 0 0 0 0 0 0 0 0 2 1 R 0
260 5548 19862 780 19893 743 5285 1 0 0 0 0 0 0 0 0 1 1 R 0
261 5570 21587 563 20331 540 4242 1 0 1 0 0 0 0 0 0 1 1 R 0
262 5593 22489 650 20803 609 3241 1 0 4 0 0 0 0 0 0 2 1 R 0
263 5611 16730 1338 16795 1285 3033 1 0 0 0 0 0 0 0 0 1 1 R 0
264 5630 18419 1363 18468 1337 4398 1 0 0 0 0 0 0 0 0 3 1 R 0
265 5655 22940 555 21409 524 4308 1 0 4 0 0 0 0 0 0 1 1 R 0
266 5675 19436 563 19465 533 3820 1 0 0 0 0 0 0 0 0 1 1 R 0
267 5694 18792 783 18856 741 3449 1 0 0 0 0 0 0 0 0 1 1 R 0
268 5716 20796 976 19451 916 3098 1 0 4 0 0 0 0 0 0 2 1 R 0
269 5735 17839 617 17855 714 3606 1 0 0 0 0 0 0 0 0 1 1 R 0
270 5759 23423 564 23334 532 8341 1 0 0 0 0 0 0 0 0 2 1 R 0
271 5780 20984 545 19979 524 4357 1 0 1 0 0 0 0 0 0 1 1 R 0
272 5802 21551 873 19938 796 4656 1 0 4 0 0 0 0 0 0 2 1 R 0
273 5820 17291 1212 17352 1169 3197 1 0 0 0 0 0 0 0 0 1 1 R 0
274 5840 18824 1704 18878 1661 3286 1 0 0 0 0 1 0 0 0 2 1 R 0
275 5864 21995 565 20580 535 3895 1 0 4 0 0 0 0 0 0 1 1 R 0
276 5886 21327 566 20892 540 3910 1 0 1 0 0 0 0 0 0 1 1 R 0
277 5904 17538 638 17582 589 3870 1 0 0 0 0 0 0 0 0 2 1 R 0
278 5927 22574 781 21258 757 4545 1 0 4 0 0 0 0 0 0 2 1 R 0
279 5947 19310 1164 19417 1056 3597 1 0 0 0 0 0 0 0 0 2 1 R 0
280 5969 20387 537 19563 516 4349 1 0 1 0 0 0 0 0 0 1 1 R 0
281 5990 20067 650 20110 606 3851 1 0 0 0 0 0 0 0 0 1 1 R 0
282 6011 20478 1581 19321 1550 3924 1 0 4 0 0 0 0 0 0 2 1 R 0
283 6030 18201 1361 18247 1318 3825 1 0 0 0 0 0 0 0 0 2 1 R 0
284 6052 19996 549 19999 520 3508 1 0 0 0 0 0 0 0 0 1 1 R 0
285 6076 23947 566 22570 533 10574 1 0 4 0 0 0 0 0 0 1 1 R 0
286 6097 20540 564 20571 534 3823 1 0 0 0 0 0 0 0 0 1 1 R 0
287 6115 16874 539 16916 494 3686 1 0 0 0 0 0 0 0 0 2 1 R 0
288 6139 23666 710 22594 678 6842 1 0 4 0 0 0 0 0 0 2 1 R 0
289 6160 20208 597 20227 571 3906 1 0 0 0 0 0 0 0 0 2 1 R 0
290 6182 21138 863 20082 804 3807 1 0 1 0 0 0 0 0 0 1 1 R 0
291 6202 19808 1729 19835 936 3712 1 0 1 0 3 0 0 0 0 1 1 R 0
292 6223 19199 647 18953 622 3086 1 0 0 0 0 0 0 0 0 2 1 R 0
293 6242 18425 654 18470 613 3544 1 0 0 0 0 0 0 0 0 2 1 R 0
294 6262 19390 673 19424 637 4125 1 0 0 0 0 0 0 0 0 2 1 R 0
295 6285 22237 594 20809 544 3851 1 0 4 0 0 0 0 0 0 1 1 R 0
296 6307 20855 564 20887 538 4493 1 0 0 0 0 0 0 0 0 1 1 R 0
297 6325 18087 848 18178 793 3997 1 0 0 0 0 0 0 0 0 2 1 R 0
298 6348 22074 1626 20547 1675 5305 1 0 4 0 0 1 0 0 0 2 1 R 0
299 6369 18678 3457 18618 1146 3293 1 0 0 0 1 0 0 0 0 1 1 R 0
300 6394 22037 567 22042 540 9344 1 0 0 0 0 0 0 0 0 2 1 R 0
301 6414 18932 1912 18599 1198 3046 1 0 2 0 2 0 0 0 0 1 1 R 0
302 6436 20405 601 20386 573 4353 1 0 0 0 0 0 0 0 0 1 1 R 0
303 6456 18999 541 19029 514 4323 1 0 0 0 0 0 0 0 0 1 1 R 0
304 6476 19823 552 19848 528 4081 1 0 0 0 0 0 0 0 0 2 1 R 0
305 6498 21276 579 20090 547 6446 1 0 4 0 0 0 0 0 0 1 1 R 0
306 6515 17081 802 17153 756 3490 1 0 0 0 0 0 0 0 0 1 1 R 0
307 6538 21593 682 20607 634 5060 1 0 1 0 0 0 0 0 0 2 1 R 0
308 6562 23028 528 21674 508 3605 1 0 4 0 0 0 0 0 0 2 1 R 0
309 6583 21107 559 19686 532 3848 1 0 1 0 0 0 0 0 0 1 1 R 0
310 6603 19367 608 19390 579 3871 1 0 0 0 0 0 0 0 0 1 1 R 0
311 6624 20140 2366 19672 1143 3202 1 0 3 0 1 0 0 0 0 2 1 R 0
312 6643 17218 793 17261 778 3558 1 0 0 0 0 0 0 0 0 2 1 R 0
313 6665 20779 744 20842 653 4974 1 0 0 0 0 0 0 0 0 1 1 R 0
314 6685 19691 560 19709 538 4441 1 0 0 0 0 0 0 0 0 2 1 R 0
315 6710 24265 564 23212 533 10126 1 0 4 0 0 0 0 0 0 2 1 R 0
316 6728 17022 767 17091 719 3305 1 0 0 0 0 0 0 0 0 0 1 R 0
317 6749 19971 690 20012 643 4550 1 0 0 0 0 1 0 0 0 3 1 R 0
318 6771 21230 1598 20169 1575 3337 1 0 4 0 0 0 0 0 0 2 1 R 0
319 6794 21462 560 20135 528 3823 1 0 1 0 0 0 0 0 0 1 1 R 0
320 6815 21161 557 21192 521 3315 1 0 0 0 0 0 0 0 0 1 1 R 0
321 6838 21698 658 20160 598 3255 1 0 4 0 0 0 0 0 0 2 1 R 0
322 6856 18153 770 18210 745 3960 1 0 0 0 0 0 0 0 0 2 1 R 0
323 6879 21650 614 21650 578 5991 1 0 0 0 0 0 0 0 0 1 1 R 0
324 6901 21066 1273 21101 1267 3852 1 0 0 0 1 1 0 0 0 2 1 R 0
325 6925 22971 564 20938 537 3483 1 0 4 0 0 0 0 0 0 1 1 R 0
326 6943 17614 1343 17676 1303 3150 1 0 0 0 0 0 0 0 0 2 1 R 0
327 6964 19555 629 19568 592 4130 1 0 0 0 0 0 0 0 0 2 1 R 0
328 6988 23083 580 20265 552 3856 1 0 5 0 0 0 0 0 0 1 1 R 0
329 7008 19835 568 19864 543 4302 1 0 0 0 0 0 0 0 0 1 1 R 0
330 7029 20615 892 20694 822 6553 1 0 0 0 0 0 0 0 0 2 1 R 0
331 7053 22846 932 21864 901 3109 1 0 4 0 0 0 0 0 0 2 1 R 0
332 7072 18236 713 18267 692 3154 1 0 0 0 0 0 0 0 0 1 1 R 0
333 7093 20382 544 20391 514 4410 1 0 0 0 0 0 0 0 0 2 1 R 0
334 7115 21661 549 20826 528 3759 1 0 4 0 0 0 0 0 0 2 1 R 0
335 7133 17247 717 17320 667 3618 1 0 0 0 0 0 0 0 0 2 1 R 0
336 7154 19967 652 19994 600 4808 1 0 0 0 0 0 0 0 0 1 1 R 0
337 7173 18954 728 19021 698 3112 1 0 0 0 0 0 0 0 0 2 1 R 0
338 7197 22506 574 20164 545 5040 1 0 5 0 0 0 0 0 0 1 1 R 0
339 7217 20003 576 20029 550 4362 1 0 0 0 0 0 0 0 0 2 1 R 0
340 7236 17847 682 17903 629 3758 1 0 0 0 0 0 0 0 0 1 1 R 0
341 7259 22283 552 21089 523 5023 1 0 4 0 0 0 0 0 0 1 1 R 0
342 7279 19604 570 19633 539 4291 1 0 0 0 0 0 0 0 0 2 1 R 0
343 7299 19407 556 19438 540 3630 1 0 0 0 0 0 0 0 0 1 1 R 0
344 7319 19221 553 19236 522 3822 1 0 0 0 0 0 0 0 0 2 1 R 0
345 7343 24258 559 23189 529 8834 1 0 4 0 0 0 0 0 0 1 1 R 0
346 7361 16774 1341 16865 1272 3200 1 0 0 0 0 0 0 0 0 2 1 R 0
347 7384 21567 751 20284 746 4465 1 0 1 0 0 0 0 0 0 2 1 R 0
348 7407 22217 576 21145 541 3864 1 0 4 0 0 0 0 0 0 1 1 R 0
349 7426 19167 552 19191 527 4030 1 0 0 0 0 0 0 0 0 1 1 R 0
350 7444 17129 847 17195 779 3607 1 0 0 0 0 0 0 0 0 2 1 R 0
351 7468 23111 786 21549 708 5146 1 0 4 0 0 0 0 0 0 2 1 R 0
352 7488 19264 568 19291 540 4353 1 0 0 0 0 0 0 0 0 1 1 R 0
353 7508 19592 560 19622 538 4341 1 0 0 0 0 0 0 0 0 1 1 R 0
354 7528 19110 565 19131 539 4142 1 0 0 0 0 0 0 0 0 2 1 R 0
355 7548 19979 691 19175 656 5471 1 0 4 0 0 0 0 0 0 1 1 R 0
356 7567 18073 914 18295 686 3154 1 0 0 0 0 0 0 0 0 2 1 R 0
357 7590 22023 669 20999 619 5132 1 0 1 0 0 0 0 0 0 1 1 R 0
358 7613 22124 591 20653 564 3865 1 0 4 0 0 0 0 0 0 2 1 R 0
359 7633 19488 546 19517 515 3338 1 0 0 0 0 0 0 0 0 1 1 R 0
360 7654 20832 670 20896 613 6518 1 0 0 0 0 0 0 0 0 2 1 R 0
361 7677 22000 762 20568 718 3219 1 0 4 0 0 0 0 0 0 1 1 R 0
362 7697 19120 556 19139 531 4337 1 0 0 0 0 0 0 0 0 1 1 R 0
363 7717 19266 599 19298 571 4259 1 0 0 0 0 0 0 0 0 2 1 R 0
364 7739 21447 556 21470 529 4095 1 0 0 0 0 0 0 0 0 1 1 R 0
365 7760 20272 765 19466 689 5106 1 0 4 0 0 0 0 0 0 3 1 R 0
366 7779 18991 3189 19080 1272 3930 1 0 0 0 1 0 0 0 0 1 1 R 0
367 7803 20188 756 20184 731 3443 1 0 0 0 0 1 0 0 0 2 1 R 0
368 7826 22210 572 20813 543 3836 1 0 4 0 0 0 0 0 0 1 1 R 0
369 7845 18816 776 18891 730 4075 1 0 0 0 0 0 0 0 0 1 1 R 0
370 7863 17622 734 17646 677 3708 1 0 0 0 0 0 0 0 0 2 1 R 0
371 7888 23399 805 21488 771 4689 1 0 5 0 0 0 0 0 0 2 1 R 0
372 7908 19356 562 19369 536 4248 1 0 0 0 0 0 0 0 0 1 1 R 0
373 7928 19913 559 19942 532 4206 1 0 0 0 0 0 0 0 0 2 1 R 0
374 7947 17812 680 17855 638 3821 1 0 0 0 0 0 0 0 0 1 1 R 0
375 7971 23587 1369 22786 1300 8781 1 0 4 0 0 0 0 0 0 2 1 R 0
376 7993 20365 614 19410 589 3193 1 0 1 0 0 0 0 0 0 2 1 R 0
377 8014 20875 568 20895 538 4765 1 0 0 0 0 0 0 0 0 1 1 R 0
378 8037 22154 572 20759 544 3860 1 0 4 0 0 0 0 0 0 1 1 R 0
379 8055 18049 657 18085 648 3647 1 0 0 0 0 0 0 0 0 2 1 R 0
380 8076 19569 697 19593 648 4957 1 0 0 0 0 0 0 0 0 2 1 R 0
381 8099 22828 774 21306 746 4220 1 0 4 0 0 0 0 0 0 2 1 R 0
382 8120 19902 641 19929 611 3818 1 0 0 0 0 0 0 0 0 1 1 R 0
383 8140 19595 1495 19698 1400 3877 1 0 0 0 0 0 0 0 0 1 1 R 0
384 8159 17663 784 17746 708 3132 1 0 0 0 0 0 0 0 0 1 1 R 0
385 8184 24406 544 21855 518 3807 1 0 5 0 0 0 0 0 0 4 1 R 0
386 8204 18525 654 18564 648 3245 1 0 0 0 0 0 0 0 0 2 1 R 0
387 8224 20248 612 20249 589 4593 1 0 0 0 0 0 0 0 0 1 1 R 0
388 8248 22484 561 21545 533 3714 1 0 4 0 0 0 0 0 0 1 1 R 0
389 8266 17990 801 18052 752 3779 1 0 0 0 0 0 0 0 0 2 1 R 0
390 8290 22879 562 22895 527 8494 1 0 0 0 0 0 0 0 0 1 1 R 0
391 8313 22408 544 20979 520 3858 1 0 4 0 0 0 0 0 0 2 1 R 0
392 8333 19910 584 19936 557 3870 1 0 0 0 0 0 0 0 0 1 1 R 0
393 8355 21345 541 21374 517 3944 1 0 0 0 0 0 0 0 0 1 1 R 0
394 8378 22544 680 21101 651 3228 1 0 4 0 0 0 0 0 0 2 1 R 0
395 8398 19436 932 18400 888 5044 1 0 1 0 0 0 0 0 0 1 1 R 0
396 8418 19080 551 19074 521 3774 1 0 0 0 0 0 0 0 0 2 1 R 0
397 8438 19157 601 19186 576 4286 1 0 0 0 0 0 0 0 0 1 1 R 0
398 8459 20706 601 19768 571 6190 1 0 4 0 0 0 0 0 0 0 1 R 0
399 8478 18009 669 18073 622 3204 1 0 0 0 0 0 0 0 0 2 1 R 0
400 8497 18458 1540 18546 1485 4363 1 0 0 0 0 1 0 0 0 2 1 R 0
401 8522 22997 814 21843 766 4109 1 0 4 0 0 0 0 0 0 2 1 R 0
402 8544 21740 824 21798 778 3879 1 0 0 0 0 0 0 0 0 2 1 R 0
403 8563 18286 675 18332 654 3048 1 0 0 0 0 0 0 0 0 2 1 R 0
404 8587 22856 660 20746 645 3211 1 0 5 0 0 0 0 0 0 1 1 R 0
405 8609 21504 718 21535 688 6829 1 0 0 0 0 0 0 0 0 1 1 R 0
406 8629 19058 582 19074 548 3777 1 0 0 0 0 0 0 0 0 2 1 R 0
407 8649 19700 574 19759 524 3876 1 0 0 0 0 0 0 0 0 1 1 R 0
408 8670 20064 781 19203 742 5072 1 0 4 0 0 0 0 0 0 2 1 R 0
409 8689 18629 736 18653 711 3203 1 0 0 0 0 0 0 0 0 2 1 R 0
410 8710 19972 956 20062 854 4197 1 0 0 0 0 0 0 0 0 1 1 R 0
411 8733 22471 541 20992 517 3904 1 0 4 0 0 0 0 0 0 1 1 R 0
412 8754 20040 536 20065 511 3813 1 0 0 0 0 0 0 0 0 2 1 R 0
413 8776 21260 559 21293 529 3655 1 0 0 0 0 0 0 0 0 2 1 R 0
414 8804 27406 553 24647 528 4875 1 0 5 0 0 0 0 0 0 1 1 R 0
415 8824 19561 751 19613 707 3816 1 0 0 0 0 0 0 0 0 1 1 R 0
416 8846 21808 613 21842 589 3795 1 0 0 0 0 0 0 0 0 2 1 R 0
417 8869 22198 574 20413 544 4423 1 0 4 0 0 0 0 0 0 2 1 R 0
418 8888 17867 698 17923 645 3241 1 0 0 0 0 0 0 0 0 2 1 R 0
419 8907 19032 656 19084 607 4661 1 0 0 0 0 0 0 0 0 1 1 R 0
420 8935 27412 562 26205 538 9977 1 0 5 0 0 0 0 0 0 2 1 R 0
421 8955 19553 547 19578 521 4364 1 0 0 0 0 0 0 0 0 1 1 R 0
422 8973 17418 690 17468 655 3283 1 0 0 0 0 0 0 0 0 2 1 R 0
423 8995 21271 672 20195 599 4322 1 0 1 0 0 0 0 0 0 2 1 R 0
424 9018 21851 660 20856 633 4174 1 0 4 0 0 0 0 0 0 1 1 R 0
425 9038 19404 587 19444 547 4290 1 0 0 0 0 0 0 0 0 2 1 R 0
426 9058 19557 652 19585 625 4386 1 0 0 0 0 0 0 0 0 1 1 R 0
427 9080 20906 710 19778 650 3726 1 0 4 0 0 0 0 0 0 1 1 R 0
428 9098 17958 852 18034 781 3171 1 0 0 0 0 0 0 0 0 2 1 R 0
429 9120 21075 592 21071 570 4921 1 0 0 0 0 0 0 0 0 2 1 R 0
430 9140 19191 610 19230 574 3833 1 0 0 0 0 0 0 0 0 2 1 R 0
431 9163 22611 559 20841 534 5869 1 0 4 0 0 0 0 0 0 1 1 R 0
432 9181 16974 1452 17056 1378 3191 1 0 0 0 0 0 0 0 0 2 1 R 0
433 9203 20981 656 20043 611 3976 1 0 1 0 0 0 0 0 0 1 1 R 0
434 9227 22858 814 22000 705 3293 1 0 4 0 0 0 0 0 0 2 1 R 0
435 9249 21716 549 21744 524 8028 1 0 0 0 0 0 0 0 0 1 1 R 0
436 9270 19798 556 19823 529 3479 1 0 0 0 0 0 0 0 0 2 1 R 0
437 9290 20057 683 19017 639 3252 1 0 4 0 0 0 0 0 0 2 1 R 0
438 9312 20825 583 20838 553 3798 1 0 0 0 0 0 0 0 0 1 1 R 0
439 9331 18598 876 18982 500 3829 1 0 0 0 0 0 0 0 0 1 1 R 0
440 9352 19860 1771 19886 1286 3855 1 0 1 0 3 0 0 0 0 1 1 R 0
441 9374 20097 550 19636 525 3332 1 0 0 0 0 0 0 0 0 2 1 R 0
442 9395 20550 927 18772 856 3380 1 0 1 0 0 0 0 0 0 1 1 R 0
443 9413 17836 680 17888 620 3089 1 0 0 0 0 0 0 0 0 2 1 R 0
444 9436 21640 723 20640 679 3285 1 0 4 0 0 0 0 0 0 2 1 R 0
445 9457 20390 551 20407 522 4306 1 0 0 0 0 1 0 0 0 1 1 R 0
446 9477 19176 847 19265 753 3793 1 0 0 0 0 0 0 0 0 2 1 R 0
447 9497 19982 650 18654 605 3587 1 0 4 0 0 0 0 0 0 1 1 R 0
448 9516 17886 634 17933 607 3543 1 0 0 0 0 0 0 0 0 2 1 R 0
449 9537 20830 741 20881 666 5518 1 0 0 0 0 0 0 0 0 2 1 R 0
450 9561 22589 1474 22659 1409 8077 1 0 0 0 1 0 0 0 0 1 1 R 0
451 9584 21873 556 19792 531 4068 1 0 3 0 0 0 0 0 0 1 1 R 0
452 9604 19637 670 18762 655 3123 1 0 1 0 0 0 0 0 0 2 1 R 0
453 9624 18802 624 18823 595 3293 1 0 0 0 0 0 0 0 0 2 1 R 0
454 9647 22730 561 21806 532 3998 1 0 4 0 0 0 0 0 0 1 1 R 0
455 9668 19973 542 19994 518 4298 1 0 0 0 0 0 0 0 0 2 1 R 0
456 9687 18440 758 18493 718 4118 1 0 0 0 0 0 0 0 0 1 1 R 0
457 9708 20188 729 18868 685 3676 1 0 4 0 0 0 0 0 0 2 1 R 0
458 9726 17830 716 17910 647 3853 1 0 0 0 0 0 0 0 0 2 1 R 0
459 9748 21529 565 21537 537 6001 1 0 0 0 0 0 0 0 0 1 1 R 0
460 9768 19455 623 19486 590 4436 1 0 0 0 0 0 0 0 0 1 1 R 0
461 9799 29723 480 23744 456 5745 1 0 7 0 0 1 0 0 0 2 1 S 1
462 9824 24719 614 18523 595 10723 1 0 4 0 0 0 0 0 0 1 1 R 0
463 9860 35491 570 18852 538 24258 1 2 0 0 0 0 0 0 0 2 1 R 0
464 9882 21495 584 20745 569 3841 1 0 1 0 0 0 0 0 0 1 1 R 0
465 9904 21371 692 21415 643 6085 1 0 0 0 0 0 0 0 0 2 1 R 0
466 9927 21856 842 20806 819 3208 1 0 4 0 0 0 0 0 0 2 1 R 0
467 9947 19574 557 19562 529 4535 1 0 0 0 0 0 0 0 0 1 1 R 0
468 9968 20265 570 19894 534 5158 1 0 1 0 0 0 0 0 0 1 1 R 0
469 9990 21423 570 20245 538 3762 1 0 4 0 0 0 0 0 0 2 1 R 0
470 10009 18871 837 18007 757 4478 1 0 1 0 0 0 0 0 0 1 1 R 0
471 10028 18018 773 18086 736 3598 1 0 0 0 0 0 0 0 0 2 1 R 0
472 10049 20164 544 20156 518 5443 1 0 0 0 0 0 0 0 0 2 1 R 0
473 10072 22223 541 20957 517 4188 1 0 4 0 0 0 0 0 0 1 1 R 0
474 10091 18362 1426 18433 1402 3495 1 0 0 0 0 0 0 0 0 1 1 R 0
475 10110 17750 713 17786 645 3318 1 0 0 0 0 0 0 0 0 2 1 R 0
476 10134 22929 773 21888 740 3366 1 0 4 0 0 0 0 0 0 2 1 R 0
477 10154 19586 541 19594 510 3823 1 0 0 0 0 0 0 0 0 1 1 R 0
478 10174 19515 555 19541 529 3833 1 0 0 0 0 0 0 0 0 1 1 R 0
479 10198 23892 596 21251 575 3341 1 0 4 0 0 0 0 0 0 1 1 R 0
480 10220 20572 696 20616 675 6563 1 0 0 0 0 0 0 0 0 2 1 R 0
481 10239 18237 676 18255 643 3195 1 0 0 0 0 0 0 0 0 2 1 R 0
482 10261 21289 1318 21301 1297 4935 1 0 0 0 2 0 0 0 0 2 1 R 0
483 10283 21298 594 19639 566 3900 1 0 2 0 0 0 0 0 0 1 1 R 0
484 10303 18821 728 18896 654 3453 1 0 0 0 0 0 0 0 0 1 1 R 0
485 10320 17136 1302 17200 1265 3103 1 0 0 0 0 0 0 0 0 2 1 R 0
486 10344 21869 682 20914 639 3672 1 0 4 0 0 0 0 0 0 3 1 R 0
487 10365 20430 610 20451 584 3800 1 0 0 0 0 0 0 0 0 1 1 R 0
488 10385 19437 597 19464 570 3794 1 0 0 0 0 0 0 0 0 1 1 R 0
489 10409 23538 548 21135 517 3669 1 0 5 0 0 0 0 0 0 1 1 R 0
490 10427 17502 697 17568 658 3137 1 0 0 0 0 0 0 0 0 2 1 R 0
491 10447 19074 820 19109 774 4572 1 0 0 0 0 0 0 0 0 2 1 R 0
492 10468 20442 551 20449 530 4849 1 0 0 0 0 0 0 0 0 1 1 R 0
493 10490 21213 564 20189 535 6947 1 0 4 0 0 0 0 0 0 1 1 R 0
494 10508 17389 684 17429 642 3054 1 0 0 0 0 0 0 0 0 2 1 R 0
495 10530 21746 680 21807 627 7565 1 0 0 0 0 0 0 0 0 2 1 R 0
496 10553 21949 753 21020 758 3284 1 0 4 0 0 0 0 0 0 1 1 R 0
497 10574 20084 551 20073 522 3804 1 0 0 0 0 0 0 0 0 2 1 R 0
498 10593 19101 545 19128 517 3814 1 0 0 0 0 0 0 0 0 1 1 R 0
499 10617 22842 543 20258 517 4370 1 0 5 0 0 0 0 0 0 1 1 R 0
500 10635 17343 785 17411 724 3726 1 0 0 0 0 0 0 0 0 2 1 R 0
501 10655 20158 670 20215 620 5120 1 0 0 0 0 0 0 0 0 2 1 R 0
502 10676 20032 1175 20049 1163 4282 1 0 0 0 0 1 0 0 0 1 1 R 0
503 10699 21710 555 20685 522 6230 1 0 4 0 0 0 0 0 0 1 1 R 0
504 10717 17790 825 17888 733 3214 1 0 0 0 0 0 0 0 0 2 1 R 0
505 10737 18337 745 18401 679 4704 1 0 0 0 0 0 0 0 0 2 1 R 0
506 10760 22882 569 21194 542 5277 1 0 4 0 0 0 0 0 0 2 1 R 0
507 10780 19409 538 19431 510 3861 1 0 0 0 0 0 0 0 0 1 1 R 0
508 10804 23013 527 21431 502 3815 1 0 2 0 0 0 0 0 0 1 1 R 0
509 10824 19347 2709 18579 1781 3223 1 0 3 0 1 0 0 0 0 2 1 R 0
510 10848 21860 1061 21792 847 7111 1 0 0 0 0 0 0 0 0 2 1 R 0
511 10871 21463 1144 21496 1110 3880 1 0 0 0 0 0 0 0 0 3 1 R 0
512 10897 25154 754 24043 731 3889 1 0 4 0 0 0 0 0 0 2 1 R 0
513 10918 20067 547 19186 514 3935 1 0 1 0 0 0 0 0 0 2 1 R 0
514 10936 17144 727 17196 691 3781 1 0 0 0 0 0 0 0 0 1 1 R 0
515 10955 19066 891 19156 789 5037 1 0 0 0 0 0 0 0 0 2 1 R 0
516 10979 22415 569 21519 541 6881 1 0 4 0 0 0 0 0 0 2 1 R 0
517 10999 19539 588 19565 566 4435 1 0 0 0 0 0 0 0 0 1 1 R 0
518 11019 19808 675 17633 621 3253 1 0 1 0 0 0 0 0 0 2 1 R 0
519 11040 19982 708 18921 661 3248 1 0 4 0 0 0 0 0 0 2 1 R 0
520 11059 18053 686 18089 646 3194 1 0 0 0 0 0 0 0 0 0 1 R 0
521 11080 20568 552 20586 523 4254 1 0 0 0 0 0 0 0 0 2 1 R 0
522 11100 19628 727 19676 683 3836 1 0 0 0 0 0 0 0 0 1 1 R 0
523 11122 21562 770 19700 721 5047 1 0 4 0 0 0 0 0 0 2 1 R 0
524 11142 19254 854 19327 782 3400 1 0 0 0 0 0 0 0 0 1 1 R 0
525 11165 22216 554 22246 531 8177 1 0 0 0 0 0 0 0 0 1 1 R 0
526 11188 21974 561 20908 532 4016 1 0 4 0 0 0 0 0 0 2 1 R 0
527 11209 20645 668 19419 638 4563 1 0 1 0 0 0 0 0 0 1 1 R 0
528 11227 17499 730 17553 672 3280 1 0 0 0 0 0 0 0 0 2 1 R 0
529 11249 21257 669 20219 643 4374 1 0 4 0 0 0 0 0 0 2 1 R 0
530 11269 18798 686 18835 647 3245 1 0 0 0 0 0 0 0 0 1 1 R 0
531 11290 20216 545 20225 517 3452 1 0 0 0 0 0 0 0 0 2 1 R 0
532 11309 19130 559 19163 527 3786 1 0 0 0 0 0 0 0 0 1 1 R 0
533 11331 20746 1379 19719 1337 4584 1 0 4 0 0 0 0 0 0 2 1 R 0
534 11349 17056 678 17074 631 3057 1 0 0 0 0 0 0 0 0 2 1 R 0
535 11369 19448 677 19494 639 4313 1 0 0 0 0 0 0 0 0 2 1 R 0
536 11393 23116 624 21608 577 3593 1 0 4 0 0 0 0 0 0 1 1 R 0
537 11414 20746 599 18971 572 3835 1 0 1 0 0 0 0 0 0 1 1 R 0
538 11434 18959 714 19013 666 3160 1 0 0 0 0 0 0 0 0 2 1 R 0
539 11456 21408 547 20620 521 3817 1 0 4 0 0 0 0 0 0 1 1 R 0
540 11479 22452 593 22488 555 8055 1 0 0 0 0 0 0 0 0 2 1 R 0
541 11499 19535 570 19570 540 3830 1 0 0 0 0 0 0 0 0 1 1 R 0
542 11519 18814 726 18895 651 3886 1 0 0 0 0 0 0 0 0 0 1 R 0
543 11539 19585 678 18479 604 4305 1 0 4 0 0 0 0 0 0 2 1 R 0
544 11558 18304 734 18372 697 3220 1 0 0 0 0 0 0 0 0 2 1 R 0
545 11578 19054 709 19083 654 5141 1 0 0 0 0 0 0 0 0 2 1 R 0
546 11602 23494 555 22376 532 5553 1 0 4 0 0 0 0 0 0 1 1 R 0
547 11624 21329 633 20288 592 5326 1 0 1 0 0 0 0 0 0 2 1 R 0
548 11642 17962 605 18004 589 3077 1 0 0 0 0 0 0 0 0 1 1 R 0
549 11661 17906 3697 17936 2363 3522 1 0 1 0 2 0 0 0 0 2 1 R 0
550 11685 20872 566 20484 538 4458 1 0 1 0 0 0 0 0 0 1 1 R 0
551 11705 19273 557 19305 527 4334 1 0 0 0 0 0 0 0 0 1 1 R 0
552 11727 21219 556 21245 530 4424 1 0 0 0 0 0 0 0 0 3 1 R 0
553 11749 21425 578 20272 551 6698 1 0 4 0 0 0 0 0 0 1 1 R 0
554 11769 19773 561 19802 535 3799 1 0 0 0 0 1 0 0 0 1 1 R 0
555 11793 23005 793 23063 727 7273 1 0 0 0 0 0 0 0 0 2 1 R 0
556 11816 22341 590 19919 564 3815 1 0 5 0 0 0 0 0 0 1 1 R 0
557 11837 20131 531 20150 505 4284 1 0 0 0 0 0 0 0 0 2 1 R 0
558 11855 17535 680 17600 650 3590 1 0 0 0 0 0 0 0 0 1 1 R 0
559 11878 22575 673 20808 635 4920 1 0 4 0 0 0 0 0 0 1 1 R 0
560 11899 20414 545 20439 520 3857 1 0 0 0 0 0 0 0 0 1 1 R 0
561 11920 20306 570 20337 540 3847 1 0 0 0 0 0 0 0 0 1 1 R 0
562 11940 19579 664 19632 634 4577 1 0 0 0 0 0 0 0 0 3 1 R 0
563 11963 22322 729 20751 688 3359 1 0 4 0 0 0 0 0 0 1 1 R 0
564 11984 20420 672 20427 640 3188 1 0 0 0 0 0 0 0 0 3 1 R 0
565 12005 20323 558 20351 522 3757 1 0 0 0 0 0 0 0 0 1 1 R 0
566 12028 22325 579 19865 544 6918 1 0 5 0 0 0 0 0 0 1 1 R 0
567 12046 17702 756 17760 703 3831 1 0 0 0 0 0 0 0 0 2 1 R 0
568 12066 18779 756 18873 670 4714 1 0 0 0 0 0 0 0 0 2 1 R 0
569 12089 21966 682 20444 657 5386 1 0 4 0 0 0 0 0 0 1 1 R 0
570 12113 23574 546 23565 519 7506 1 0 0 0 0 0 0 0 0 1 1 R 0
571 12133 19443 607 19485 571 3829 1 0 0 0 0 0 0 0 0 1 1 R 0
572 12157 23120 550 22333 524 3838 1 0 4 0 0 1 0 0 0 2 1 R 0
573 12176 19240 675 19269 649 4244 1 0 0 0 0 0 0 0 0 1 1 R 0
574 12196 19025 549 19051 523 3598 1 0 0 0 0 0 0 0 0 1 1 R 0
575 12218 20800 558 19687 532 4281 1 0 1 0 0 0 0 0 0 1 1 R 0
576 12239 20763 566 19525 531 6041 1 0 4 0 0 0 0 0 0 1 1 R 0
577 12257 17823 668 17881 627 3208 1 0 0 0 0 0 0 0 0 2 1 R 0
578 12276 18199 1184 18274 1095 4421 1 0 0 0 0 0 0 0 0 2 1 R 0
579 12300 22848 562 21682 527 5106 1 0 4 0 0 0 0 0 0 2 1 R 0
580 12320 19504 599 19535 573 3852 1 0 0 0 0 0 0 0 0 1 1 R 0
581 12340 18776 848 18820 811 3667 1 0 0 0 0 0 0 0 0 2 1 R 0
582 12360 19091 868 19177 771 3610 1 0 0 0 0 0 0 0 0 1 1 R 0
583 12381 20520 1300 19315 1272 3489 1 0 4 0 0 0 0 0 0 2 1 R 0
584 12401 18662 1342 18685 1317 3172 1 0 0 0 0 0 0 0 0 1 1 R 0
585 12426 23737 605 22694 578 10341 1 0 1 0 0 0 0 0 0 1 1 R 0
586 12448 21350 642 20234 595 5742 1 0 4 0 0 0 0 0 0 2 1 R 0
587 12466 17297 752 17383 675 3902 1 0 0 0 0 0 0 0 0 2 1 R 0
588 12486 19499 677 19562 612 5363 1 0 0 0 0 0 0 0 0 1 1 R 0
589 12509 21757 794 20183 757 4351 1 0 4 0 0 0 0 0 0 2 1 R 0
590 12530 20282 559 20301 530 3856 1 0 0 0 0 0 0 0 0 1 1 R 0
591 12550 19541 774 19612 702 3722 1 0 0 0 0 0 0 0 0 2 1 R 0
592 12568 17622 705 17678 648 3171 1 0 0 0 0 0 0 0 0 2 1 R 0
593 12590 20695 769 19915 714 6576 1 0 4 0 0 0 0 0 0 2 1 R 0
594 12610 20075 1958 20093 813 3831 1 0 0 0 1 0 0 0 0 0 1 R 0
595 12632 20059 715 20070 695 3862 1 0 0 0 0 0 0 0 0 1 1 R 0
596 12655 21818 716 20549 683 3623 1 0 4 0 0 0 0 0 0 3 1 R 0
597 12673 17832 668 17885 638 3019 1 0 0 0 0 0 0 0 0 2 1 R 0
598 12693 19358 659 19366 615 3981 1 0 0 0 0 0 0 0 0 2 1 R 0
599 12717 22523 534 21730 509 4183 1 0 4 0 0 0 0 0 0 1 1 R 0
600 12739 21944 558 21977 527 8258 1 0 0 0 0 0 0 0 0 1 1 R 0
601 12759 19480 1076 19579 984 3912 1 0 0 0 0 0 0 0 0 2 1 R 0
602 12778 17621 683 17681 644 3206 1 0 0 0 0 0 0 0 0 0 1 R 0
603 12800 21342 682 20089 641 6579 1 0 4 0 0 0 0 0 0 3 1 R 0
604 12823 22201 556 20674 531 3842 1 0 1 0 0 0 0 0 0 1 1 R 0
605 12842 19115 1172 19137 1165 3809 1 0 0 0 0 1 0 0 0 1 1 R 0
606 12866 22301 549 21149 525 3376 1 0 4 0 0 0 0 0 0 3 1 R 0
607 12885 18233 710 18278 686 3832 1 0 0 0 0 0 0 0 0 1 1 R 0
608 12904 18581 865 18602 851 3891 1 0 0 0 0 0 0 0 0 1 1 R 0
609 12929 23897 546 22254 517 5202 1 0 5 0 0 0 0 0 0 1 1 R 0
610 12949 19565 649 19603 614 3808 1 0 0 0 0 0 0 0 0 2 1 R 0
611 12972 22595 677 21754 651 4191 1 0 1 0 0 0 0 0 0 2 1 R 0
612 12989 16540 712 16605 681 3105 1 0 0 0 0 0 0 0 0 1 1 R 0
613 13016 25542 695 22881 629 3091 1 0 5 0 0 0 0 0 0 2 1 R 0
614 13035 19101 555 19130 532 4369 1 0 0 0 0 0 0 0 0 1 1 R 0
615 13059 22923 546 22951 520 7379 1 0 0 0 0 0 0 0 0 1 1 R 0
616 13079 19841 817 19025 726 5027 1 0 4 0 0 0 0 0 0 2 1 R 0
617 13099 18418 664 18480 624 3133 1 0 0 0 0 0 0 0 0 2 1 R 0
618 13120 20754 591 20764 563 3872 1 0 0 0 0 0 0 0 0 1 1 R 0
619 13143 22257 544 20881 531 3848 1 0 4 0 0 0 0 0 0 1 1 R 0
620 13163 19466 564 19483 529 3179 1 0 0 0 0 0 0 0 0 2 1 R 0
621 13181 17573 1308 18213 695 3176 1 0 0 0 0 0 0 0 0 2 1 R 0
622 13201 18485 4148 18516 2646 3947 1 0 0 0 4 0 0 0 0 1 1 R 0
623 13227 21772 576 20219 549 3798 1 0 1 0 0 0 0 0 0 3 1 R 0
624 13247 19938 1246 20004 1177 4595 1 0 0 0 0 0 0 0 0 1 1 R 0
625 13269 20101 544 20131 518 4405 1 0 0 0 0 0 0 0 0 1 1 R 0
626 13289 20037 714 19208 656 5125 1 0 4 0 0 0 0 0 0 2 1 R 0
627 13308 18678 689 18741 618 3423 1 0 0 0 0 0 0 0 0 0 1 R 0
628 13329 20251 550 20285 512 4215 1 0 0 0 0 0 0 0 0 2 1 R 0
629 13353 22621 561 21368 531 3879 1 0 4 0 0 0 0 0 0 1 1 R 0
630 13375 21828 539 21858 518 7184 1 0 0 0 0 0 0 0 0 1 1 R 0
631 13394 18125 683 18205 620 3221 1 0 0 0 0 0 0 0 0 2 1 R 0
632 13418 23917 539 21313 509 3872 1 0 5 0 0 0 0 0 0 2 1 R 0
633 13437 18584 875 18669 803 3738 1 0 0 0 0 0 0 0 0 2 1 R 0
634 13458 19438 564 19463 537 4277 1 0 0 0 0 0 0 0 0 1 1 R 0
635 13476 17875 760 17934 694 3792 1 0 0 0 0 0 0 0 0 1 1 R 0
636 13497 20251 803 19264 740 5643 1 0 4 0 0 0 0 0 0 2 1 R 0
637 13516 18345 814 18413 768 3623 1 0 0 0 0 0 0 0 0 2 1 R 0
638 13540 22818 724 22862 672 5084 1 0 0 0 0 0 0 0 0 3 1 R 0
639 13564 22903 638 21194 611 3848 1 0 4 0 0 0 0 0 0 1 1 R 0
640 13582 17954 720 17988 693 3194 1 0 0 0 0 0 0 0 0 2 1 R 0
641 13603 19708 730 19753 711 4020 1 0 0 0 0 0 0 0 0 1 1 R 0
642 13627 23686 551 20829 530 3643 1 0 5 0 0 0 0 0 0 3 1 R 0
643 13647 19618 537 19643 512 4276 1 0 0 0 0 0 0 0 0 1 1 R 0
644 13667 19322 559 19350 533 4439 1 0 0 0 0 0 0 0 0 1 1 R 0
645 13688 20866 691 20916 653 6566 1 0 0 0 0 0 0 0 0 2 1 R 0
646 13710 20520 833 19395 783 4627 1 0 4 0 0 0 0 0 0 2 1 R 0
647 13731 20290 969 20352 898 3438 1 0 0 0 0 1 0 0 0 0 1 R 0
648 13751 18953 942 18975 927 3814 1 0 0 0 0 0 0 0 0 1 1 R 0
649 13775 23219 697 21953 626 3867 1 0 4 0 0 0 0 0 0 3 1 R 0
650 13794 18168 928 18206 895 3098 1 0 0 0 0 0 0 0 0 2 1 R 0
651 13814 18856 821 18918 773 3338 1 0 0 0 0 0 0 0 0 0 1 R 0
652 13838 23611 553 21667 523 5411 1 0 5 0 0 0 0 0 0 3 1 R 0
653 13858 19135 550 19171 519 4336 1 0 0 0 0 0 0 0 0 1 1 R 0
654 13879 21142 593 20298 551 3943 1 0 1 0 0 0 0 0 0 0 1 R 0
655 13898 18125 621 18166 582 3221 1 0 0 0 0 0 0 0 0 2 1 R 0
656 13919 20705 682 19899 667 6360 1 0 4 0 0 0 0 0 0 2 1 R 0
657 13939 19137 755 19166 722 3425 1 0 0 0 0 0 0 0 0 2 1 R 0
658 13960 19941 553 19942 527 3881 1 0 0 0 0 0 0 0 0 1 1 R 0
659 13984 23535 617 21220 569 3506 1 0 4 0 0 0 0 0 0 2 1 R 0
660 14007 21915 860 21998 781 6487 1 0 0 0 0 0 0 0 0 2 1 R 0
661 14027 19766 719 18279 668 3850 1 0 1 0 0 0 0 0 0 1 1 R 0
662 14050 22205 569 20741 538 4330 1 0 4 0 0 0 0 0 0 2 1 R 0
663 14070 19164 620 19208 587 3839 1 0 0 0 0 0 0 0 0 1 1 R 0
664 14089 18786 678 18820 633 3671 1 0 0 0 0 0 0 0 0 2 1 R 0
665 14108 17688 705 17772 637 3243 1 0 0 0 0 0 0 0 0 2 1 R 0
666 14129 20845 778 20017 755 6674 1 0 4 0 0 0 0 0 0 1 1 R 0
667 14151 20654 949 20670 936 3917 1 0 0 0 0 0 0 0 0 1 1 R 0
668 14170 18767 597 18783 570 3796 1 0 0 0 0 0 0 0 0 1 1 R 0
669 14195 24377 565 23180 537 4135 1 0 4 0 0 0 0 0 0 2 1 R 0
670 14213 17339 709 17369 675 3178 1 0 0 0 0 0 0 0 0 2 1 R 0
671 14236 22167 664 21134 633 7916 1 0 1 0 0 0 0 0 0 2 1 R 0
672 14260 23142 565 22028 534 4648 1 0 4 0 0 0 0 0 0 1 1 R 0
673 14280 19457 592 19485 567 3856 1 0 0 0 0 0 0 0 0 1 1 R 0
674 14298 17585 694 17655 650 3266 1 0 0 0 0 0 0 0 0 2 1 R 0
675 14323 24685 1661 24069 1052 7540 1 0 1 0 3 0 0 0 0 2 1 R 0
676 14345 19417 555 19424 527 3021 1 0 0 0 0 0 0 0 0 1 1 R 0
677 14365 19440 560 19489 513 3814 1 0 0 0 0 0 0 0 0 2 1 R 0
678 14385 19595 717 19643 676 3861 1 0 0 0 0 0 0 0 0 1 1 R 0
679 14406 20711 784 19625 744 3130 1 0 4 0 0 0 0 0 0 1 1 R 0
680 14427 19698 667 18222 658 3733 1 0 1 0 0 0 0 0 0 2 1 R 0
681 14448 20661 540 20655 518 4050 1 0 0 0 0 0 0 0 0 2 1 R 0
682 14470 21210 564 19883 534 4293 1 0 4 0 0 0 0 0 0 1 1 R 0
683 14490 20257 1201 20290 1177 3859 1 0 0 0 0 0 0 0 0 1 1 R 0
684 14508 16318 749 16410 661 3207 1 0 0 0 0 0 0 0 0 2 1 R 0
685 14528 19151 692 19215 630 5287 1 0 0 0 0 0 0 0 0 2 1 R 0
686 14550 21229 882 20436 851 6323 1 0 4 0 0 0 0 0 0 2 1 R 0
687 14571 19854 940 19836 918 3770 1 0 0 0 0 0 0 0 0 1 1 R 0
688 14590 18338 790 18398 746 3813 1 0 0 0 0 0 0 0 0 1 1 R 0
689 14611 20327 1724 20271 733 3241 1 0 4 0 0 0 0 0 0 2 1 R 0
690 14636 23307 545 22375 520 6178 1 0 1 0 0 0 0 0 0 2 1 R 0
691 14654 17467 749 17561 668 3725 1 0 0 0 0 0 0 0 0 1 1 R 0
692 14679 23790 543 22553 519 5728 1 0 4 0 0 0 0 0 0 2 1 R 0
693 14698 19397 579 19442 536 3829 1 0 0 0 0 0 0 0 0 1 1 R 0
694 14717 17550 680 17608 651 3530 1 0 0 0 0 0 0 0 0 2 1 R 0
695 14737 19772 546 19770 518 4407 1 0 0 0 0 0 0 0 0 1 1 R 0
696 14759 21247 570 20065 539 6392 1 0 4 0 0 0 0 0 0 1 1 R 0
697 14779 19520 566 19540 543 3843 1 0 0 0 0 0 0 0 0 1 1 R 0
698 14801 21151 1183 21182 1156 3525 1 0 0 0 0 0 0 0 0 2 1 R 0
699 14824 21678 764 20579 708 3164 1 0 4 0 0 0 0 0 0 2 1 R 0
700 14844 20161 793 18827 721 3064 1 0 1 0 0 0 0 0 0 2 1 R 0
701 14865 19750 592 19777 563 4579 1 0 0 0 0 0 0 0 0 1 1 R 0
702 14888 22411 553 20858 520 4350 1 0 4 0 0 0 0 0 0 1 1 R 0
703 14907 18587 838 18664 776 4284 1 0 0 0 0 0 0 0 0 2 1 R 0
704 14927 18701 660 18408 604 4717 1 0 1 0 0 0 0 0 0 1 1 R 0
705 14950 22319 651 22370 610 7192 1 0 0 0 0 0 0 0 0 2 1 R 0
706 14973 23035 551 21246 531 4166 1 0 4 0 0 0 0 0 0 2 1 R 0
707 14995 20926 1190 20755 1180 3838 1 0 1 0 0 1 0 0 0 1 1 R 0
708 15013 17374 706 17387 675 3634 1 0 0 0 0 0 0 0 0 2 1 R 0
709 15039 24752 830 22673 797 4763 1 0 5 0 0 0 0 0 0 2 1 R 0
710 15057 17698 676 17748 657 3189 1 0 0 0 0 0 0 0 0 2 1 R 0
711 15077 19388 600 19384 573 4308 1 0 0 0 0 0 0 0 0 1 1 R 0
712 15100 21867 580 20489 539 4238 1 0 4 0 0 0 0 0 0 1 1 R 0
713 15118 17329 752 17376 714 3241 1 0 0 0 0 0 0 0 0 2 1 R 0
714 15137 18733 775 18784 707 4841 1 0 0 0 0 0 0 0 0 2 1 R 0
715 15158 19535 674 19582 653 4815 1 0 0 0 0 0 0 0 0 2 1 R 0
716 15181 22411 974 21378 950 7371 1 0 4 0 0 0 0 0 0 0 1 R 0
717 15201 19157 921 19181 902 3843 1 0 0 0 0 0 0 0 0 2 1 R 0
718 15219 17237 706 17320 624 3045 1 0 0 0 0 0 0 0 0 2 1 R 0
719 15244 24780 542 22744 512 4156 1 0 5 0 0 0 0 0 0 2 1 R 0
720 15267 21889 567 21924 543 6708 1 0 0 0 0 0 0 0 0 1 1 R 0
721 15286 18993 598 19020 571 4417 1 0 0 0 0 0 0 0 0 1 1 R 0
722 15310 23304 1122 20649 1107 4315 1 0 4 0 0 0 0 0 0 2 1 R 0
723 15328 16690 849 16759 788 3178 1 0 0 0 0 0 0 0 0 1 1 R 0
724 15348 19226 588 19257 538 4714 1 0 0 0 0 0 0 0 0 2 1 R 0
725 15371 21995 3943 22067 2711 7508 1 0 0 0 4 0 0 0 0 2 1 R 0
726 15394 19082 554 19091 528 3801 1 0 0 0 0 0 0 0 0 1 1 R 0
727 15414 19878 564 19923 519 3421 1 0 0 0 0 0 0 0 0 1 1 R 0
728 15434 19608 698 18077 670 3078 1 0 1 0 0 0 0 0 0 2 1 R 0
729 15457 21389 750 20399 666 3606 1 0 4 0 0 0 0 0 0 2 1 R 0
730 15477 19641 551 19664 525 4362 1 0 0 0 0 0 0 0 0 1 1 R 0
731 15497 19059 599 19085 575 4393 1 0 0 0 0 0 0 0 0 1 1 R 0
732 15519 22201 555 20594 531 3902 1 0 4 0 0 0 0 0 0 1 1 R 0
733 15539 19146 554 19173 527 3878 1 0 0 0 0 0 0 0 0 2 1 R 0
734 15557 17352 836 17413 775 3226 1 0 0 0 0 0 0 0 0 2 1 R 0
735 15580 22413 683 22458 647 7663 1 0 0 0 1 0 0 0 0 1 1 R 0
736 15603 22315 625 20567 603 4314 1 0 3 0 0 0 0 0 0 2 1 R 0
737 15623 19380 538 19394 516 3794 1 0 0 0 0 0 0 0 0 1 1 R 0
738 15643 19416 637 18523 601 3205 1 0 1 0 0 0 0 0 0 1 1 R 0
739 15667 23141 541 21994 514 3178 1 0 4 0 0 0 0 0 0 3 1 R 0
740 15687 19597 558 19628 533 4273 1 0 0 0 0 1 0 0 0 1 1 R 0
741 15708 20028 590 20054 559 4519 1 0 0 0 0 0 0 0 0 1 1 R 0
742 15730 21664 561 20215 528 4237 1 0 4 0 0 0 0 0 0 2 1 R 0
743 15748 17589 719 17650 675 3210 1 0 0 0 0 0 0 0 0 2 1 R 0
744 15768 18839 722 18908 655 4844 1 0 0 0 0 0 0 0 0 2 1 R 0
745 15788 19194 667 19244 628 4872 1 0 0 0 0 0 0 0 0 1 1 R 0
746 15810 21643 575 20497 542 6625 1 0 4 0 0 0 0 0 0 1 1 R 0
747 15835 24636 539 22996 512 3918 1 0 2 0 0 0 0 0 0 2 1 R 0
748 15853 17294 692 17368 618 3344 1 0 0 0 0 0 0 0 0 1 1 R 0
749 15879 25188 796 23797 770 7706 1 0 5 0 0 0 0 0 0 2 1 R 0
750 15902 22184 533 22206 509 7959 1 0 0 0 0 0 0 0 0 1 1 R 0
751 15922 19626 527 19655 504 3834 1 0 0 0 0 0 0 0 0 2 1 R 0
752 15943 20938 646 19942 613 3219 1 0 4 0 0 0 0 0 0 1 1 R 0
753 15962 17871 828 17938 743 3225 1 0 0 0 0 0 0 0 0 2 1 R 0
754 15983 19817 1225 19908 1146 4230 1 0 0 0 0 0 0 0 0 2 1 R 0
755 16006 21716 807 20726 793 3458 1 0 4 0 0 0 0 0 0 1 1 R 0
756 16026 20038 541 20056 514 4379 1 0 0 0 0 0 0 0 0 1 1 R 0
757 16047 20369 767 19322 753 3539 1 0 1 0 0 0 0 0 0 2 1 R 0
758 16065 17308 696 17322 660 3881 1 0 0 0 0 0 0 0 0 2 1 R 0
759 16090 23435 599 22258 568 7755 1 0 4 0 0 0 0 0 0 1 1 R 0
760 16109 19009 561 19039 531 3829 1 0 0 0 0 0 0 0 0 1 1 R 0
761 16130 19849 697 19910 665 3636 1 0 0 0 0 0 0 0 0 2 1 R 0
762 16150 20014 1522 18814 1533 3100 1 0 4 0 0 0 0 0 0 1 1 R 0
763 16169 17062 680 17071 597 3195 1 0 0 0 0 0 0 0 0 2 1 R 0
764 16190 20326 717 20472 569 3945 1 0 0 0 0 0 0 0 0 2 1 R 0
765 16216 25159 772 24359 768 7596 1 0 4 0 0 0 0 0 0 1 1 R 0
766 16238 21155 548 19921 525 3930 1 0 1 0 0 0 0 0 0 2 1 R 0
767 16256 17512 875 17584 809 3597 1 0 0 0 0 0 0 0 0 2 1 R 0
768 16275 18886 769 18969 690 5016 1 0 0 0 0 0 0 0 0 2 1 R 0
769 16299 23145 570 22026 537 7623 1 0 4 0 0 0 0 0 0 1 1 R 0
770 16319 18964 871 18993 857 3873 1 0 0 0 0 0 0 0 0 1 1 R 0
771 16338 18631 684 18671 648 3765 1 0 0 0 0 0 0 0 0 2 1 R 0
772 16360 20407 709 19300 680 3200 1 0 4 0 0 0 0 0 0 2 1 R 0
773 16378 17880 731 17911 692 3263 1 0 0 0 0 0 0 0 0 2 1 R 0
774 16400 21250 556 21259 527 5857 1 0 0 0 0 0 0 0 0 1 1 R 0
775 16420 19526 553 19556 527 3831 1 0 0 0 0 0 0 0 0 1 1 R 0
776 16445 24225 556 21380 528 4687 1 0 5 0 0 0 0 0 0 1 1 R 0
777 16463 17340 1104 17383 1058 3226 1 0 0 0 0 0 0 0 0 2 1 R 0
778 16484 19720 630 19761 592 4160 1 0 0 0 0 0 0 0 0 2 1 R 0
779 16507 22205 589 21071 564 3759 1 0 4 0 0 0 0 0 0 1 1 R 0
780 16530 22445 544 22468 518 8116 1 0 0 0 0 0 0 0 0 2 1 R 0
781 16547 17333 681 17391 640 3259 1 0 0 0 0 0 0 0 0 1 1 R 0
782 16573 24718 661 23574 647 6336 1 0 4 0 0 0 0 0 0 2 1 R 0
783 16591 17489 1766 18612 627 3135 1 0 0 0 0 0 0 0 0 1 1 R 0
784 16613 19990 554 20018 513 3814 1 0 0 0 0 0 0 0 0 3 1 R 0
785 16635 21495 590 20724 553 3800 1 0 4 0 0 0 0 0 0 1 1 R 0
786 16655 19254 647 18355 629 4827 1 0 1 0 0 0 0 0 0 1 1 R 0
787 16674 18252 688 18302 643 3267 1 0 0 0 0 0 0 0 0 1 1 R 0
788 16693 18871 784 18886 768 3711 1 0 0 0 0 0 0 0 0 3 1 R 0
789 16717 22812 566 21465 530 3756 1 0 4 0 0 0 0 0 0 1 1 R 0
790 16736 19134 558 19163 530 4276 1 0 0 0 0 0 0 0 0 1 1 R 0
791 16755 18356 914 18474 798 4634 1 0 0 0 0 0 0 0 0 2 1 R 0
792 16779 22409 675 21201 648 5330 1 0 4 0 0 0 0 0 0 2 1 R 0
793 16798 19069 664 19116 620 3676 1 0 0 0 0 0 0 0 0 1 1 R 0
794 16819 20375 557 20387 532 3895 1 0 0 0 0 0 0 0 0 1 1 R 0
795 16847 27027 542 25486 509 7663 1 0 5 0 0 0 0 0 0 1 1 R 0
796 16865 17408 828 17516 725 3602 1 0 0 0 0 0 0 0 0 2 1 R 0
797 16885 18965 712 19018 673 4899 1 0 0 0 0 0 0 0 0 2 1 R 0
798 16906 20660 719 20736 636 5374 1 0 0 0 0 0 0 0 0 1 1 R 0
799 16930 22903 729 21707 683 7081 1 0 4 0 0 0 0 0 0 2 1 R 0
800 16949 18669 558 18703 531 3398 1 0 0 0 0 0 0 0 0 1 1 R 0
801 16967 17604 1139 17652 1115 3238 1 0 0 0 0 0 0 0 0 2 1 R 0
802 16990 21548 693 20466 658 4957 1 0 4 0 0 0 0 0 0 2 1 R 0
803 17009 18729 710 18780 651 3198 1 0 0 0 0 0 0 0 0 1 1 R 0
804 17031 20511 1009 20526 987 3842 1 0 0 0 0 0 0 0 0 2 1 R 0
805 17053 20940 1511 19866 871 3711 1 0 2 0 2 0 0 0 0 1 1 R 0
806 17073 19317 730 18978 697 3100 1 0 1 0 0 0 0 0 0 2 1 R 0
807 17092 18152 690 18183 662 3102 1 0 0 0 0 0 0 0 0 2 1 R 0
808 17114 20884 543 20906 514 4323 1 0 0 0 0 0 0 0 0 1 1 R 0
809 17136 21866 570 20422 536 3865 1 0 4 0 0 0 0 0 0 1 1 R 0
810 17159 22612 1299 22641 1277 7501 1 0 0 0 0 1 0 0 0 2 1 R 0
811 17178 17746 717 17796 663 3273 1 0 0 0 0 0 0 0 0 1 1 R 0
812 17203 23372 664 22319 630 4014 1 0 4 0 0 0 0 0 0 2 1 R 0
813 17223 19884 539 19902 505 3932 1 0 0 0 0 0 0 0 0 1 1 R 0
814 17244 20552 625 18962 608 3890 1 0 1 0 0 0 0 0 0 1 1 R 0
815 17267 21783 533 20489 504 3842 1 0 4 0 0 0 0 0 0 3 1 R 0
816 17284 17217 1001 17271 954 3698 1 0 0 0 0 0 0 0 0 1 1 R 0
817 17304 19005 653 19065 612 5268 1 0 0 0 0 0 0 0 0 2 1 R 0
818 17326 21289 561 21300 534 5984 1 0 0 0 0 0 0 0 0 2 1 R 0
819 17348 21302 560 20009 529 6363 1 0 4 0 0 0 0 0 0 1 1 R 0
820 17367 18293 666 18356 617 3946 1 0 0 0 0 0 0 0 0 2 1 R 0
821 17386 18516 638 18549 613 3906 1 0 0 0 0 0 0 0 0 1 1 R 0
822 17409 21848 749 20546 727 4210 1 0 4 0 0 0 0 0 0 2 1 R 0
823 17429 19612 575 19602 546 3760 1 0 0 0 0 0 0 0 0 1 1 R 0
824 17450 20745 918 19739 895 3788 1 0 1 0 0 0 0 0 0 1 1 R 0
825 17475 24075 626 22910 600 6347 1 0 4 0 0 0 0 0 0 1 1 R 0
826 17493 17431 827 17465 817 3539 1 0 0 0 0 0 0 0 0 2 1 R 0
827 17515 20896 727 20931 701 5245 1 0 0 0 0 0 0 0 0 2 1 R 0
828 17535 19486 553 19485 529 4318 1 0 0 0 0 0 0 0 0 1 1 R 0
829 17557 21513 646 20334 596 6151 1 0 4 0 0 0 0 0 0 1 1 R 0
830 17576 17663 652 17699 640 3572 1 0 0 0 0 0 0 0 0 2 1 R 0
831 17595 18305 1059 18338 1031 4473 1 0 0 0 0 0 0 0 0 2 1 R 0
832 17619 23654 743 22342 716 5469 1 0 4 0 0 0 0 0 0 1 1 R 0
833 17640 19420 559 19450 534 3848 1 0 0 0 0 1 0 0 0 1 1 R 0
834 17662 21685 598 20679 570 5154 1 0 1 0 0 0 0 0 0 3 1 R 0
835 17680 17195 713 17263 657 3262 1 0 0 0 0 0 0 0 0 1 1 R 0
836 17703 22493 663 20503 623 3393 1 0 4 0 0 0 0 0 0 2 1 R 0
837 17724 20008 619 20040 589 3323 1 0 0 0 0 0 0 0 0 1 1 R 0
838 17744 19488 538 19505 512 3798 1 0 0 0 0 0 0 0 0 1 1 R 0
839 17766 22044 669 20844 635 3790 1 0 4 0 0 0 0 0 0 2 1 R 0
840 17788 20776 680 20853 606 6548 1 0 0 0 0 0 0 0 0 1 1 R 0
841 17806 18033 780 18079 748 3723 1 0 0 0 0 0 0 0 0 2 1 R 0
842 17830 22809 585 21595 565 4689 1 0 4 0 0 0 0 0 0 2 1 R 0
843 17853 22470 577 21443 551 3966 1 0 1 0 0 0 0 0 0 2 1 R 0
844 17874 20392 525 19601 500 3263 1 0 1 0 0 0 0 0 0 1 1 R 0
845 17895 20488 1703 19470 1329 3257 1 0 4 0 0 0 0 0 0 1 1 R 0
846 17914 17396 718 17436 691 3676 1 0 0 0 0 0 0 0 0 2 1 R 0
847 17936 21057 539 21070 507 5750 1 0 0 0 0 0 0 0 0 1 1 R 0
848 17956 19456 554 19486 527 4310 1 0 0 0 0 0 0 0 0 2 1 R 0
849 17978 21790 547 20717 512 4025 1 0 4 0 0 0 0 0 0 1 1 R 0
850 17998 19353 668 19383 647 4301 1 0 0 0 0 0 0 0 0 1 1 R 0
851 18016 17581 735 17637 680 3731 1 0 0 0 0 0 0 0 0 2 1 R 0
852 18040 22477 857 21238 805 4861 1 0 4 0 0 0 0 0 0 2 1 R 0
853 18061 20984 553 19917 522 5271 1 0 1 0 0 0 0 0 0 1 1 R 0
854 18082 20176 537 20200 510 3891 1 0 0 0 0 0 0 0 0 1 1 R 0
855 18108 25630 559 24806 535 8122 1 0 4 0 0 0 0 0 0 3 1 R 0
856 18127 17883 820 17922 806 3686 1 0 0 0 0 0 0 0 0 1 1 R 0
857 18148 20173 557 20175 527 4960 1 0 0 0 0 0 0 0 0 2 1 R 0
858 18168 19899 554 19932 527 4457 1 0 0 0 0 0 0 0 0 1 1 R 0
859 18189 20131 675 19097 648 5515 1 0 4 0 0 0 0 0 0 1 1 R 0
860 18207 17233 803 17288 760 3306 1 0 0 0 0 0 0 0 0 2 1 R 0
861 18227 19705 655 19713 624 5042 1 0 0 0 0 0 0 0 0 2 1 R 0
862 18252 24464 541 22013 519 5078 1 0 5 0 0 0 0 0 0 1 1 R 0
863 18273 20465 535 20489 510 3856 1 0 0 0 0 0 0 0 0 1 1 R 0
864 18292 17809 712 17865 672 3158 1 0 0 0 0 0 0 0 0 1 1 R 0
865 18311 18060 4489 18114 2730 3778 1 0 0 0 4 0 0 0 0 3 1 R 0
866 18335 20432 534 20236 511 3393 1 0 1 0 0 0 0 0 0 2 1 R 0
867 18355 19380 551 19403 525 3917 1 0 0 0 0 0 0 0 0 1 1 R 0
868 18376 19911 592 19939 569 4472 1 0 0 0 0 0 0 0 0 1 1 R 0
869 18397 20599 674 19549 627 5025 1 0 4 0 0 0 0 0 0 2 1 R 0
870 18419 21129 671 21181 649 6492 1 0 0 0 0 0 0 0 0 1 1 R 0
871 18439 19609 718 19665 671 3434 1 0 0 0 0 0 0 0 0 2 1 R 0
872 18464 23881 671 21535 657 3838 1 0 5 0 0 0 0 0 0 1 1 R 0
873 18484 19525 559 19539 522 3804 1 0 0 0 0 0 0 0 0 2 1 R 0
874 18503 18437 620 18470 583 3078 1 0 0 0 0 0 0 0 0 1 1 R 0
875 18526 22753 530 21076 504 3242 1 0 4 0 0 0 0 0 0 2 1 R 0
876 18546 19131 571 19158 551 3787 1 0 0 0 0 0 0 0 0 1 1 R 0
877 18566 19646 554 19676 519 4289 1 0 0 0 0 0 0 0 0 1 1 R 0
878 18586 19700 564 19730 535 4708 1 0 0 0 0 0 0 0 0 1 1 R 0
879 18607 20323 650 19214 581 4425 1 0 4 0 0 0 0 0 0 2 1 R 0
880 18626 18367 672 18386 644 3650 1 0 0 0 0 0 0 0 0 2 1 R 0
881 18647 20183 641 20237 597 4534 1 0 0 0 0 0 0 0 0 2 1 R 0
882 18670 22554 949 20194 913 3915 1 0 5 0 0 0 0 0 0 1 1 R 0
883 18689 18132 674 18180 628 3535 1 0 0 0 0 0 0 0 0 1 1 R 0
884 18709 18343 628 18381 587 3376 1 0 0 0 0 0 0 0 0 2 1 R 0
885 18735 25732 842 24886 615 6743 1 0 4 0 0 0 0 0 0 2 1 R 0
886 18755 19434 783 19483 765 3744 1 0 0 0 0 0 0 0 0 2 1 R 0
887 18776 19628 542 19620 512 4283 1 0 0 0 0 0 0 0 0 1 1 R 0
888 18795 18900 762 18941 804 3856 1 0 0 0 0 0 0 0 0 1 1 R 0
889 18817 21735 930 20736 806 3259 1 0 4 0 0 0 0 0 0 2 1 R 0
890 18836 17790 698 17827 664 3592 1 0 0 0 0 0 0 0 0 2 1 R 0
891 18858 21058 568 19276 533 4298 1 0 1 0 0 0 0 0 0 1 1 R 0
892 18880 21496 583 20474 546 4220 1 0 4 0 0 0 0 0 0 1 1 R 0
893 18903 21902 675 21947 633 4037 1 0 0 0 0 0 0 0 0 2 1 R 0
894 18923 20178 648 19576 606 3451 1 0 1 0 0 0 0 0 0 1 1 R 0
895 18947 22489 708 21301 675 3094 1 0 4 0 0 0 0 0 0 2 1 R 0
896 18967 19618 555 19644 525 3642 1 0 0 0 0 0 0 0 0 1 1 R 0
897 18987 19548 545 19579 519 4370 1 0 0 0 0 0 0 0 0 1 1 R 0
898 19006 18780 739 18845 698 4072 1 0 0 0 0 0 0 0 0 2 1 R 0
899 19028 21238 557 20140 529 4737 1 0 4 0 0 0 0 0 0 2 1 R 0
900 19050 21131 779 21179 757 6634 1 0 0 0 0 0 0 0 0 2 1 R 0
901 19073 22010 555 20383 527 3834 1 0 1 0 0 0 0 0 0 1 1 R 0
902 19095 21893 672 20435 639 3914 1 0 4 0 0 0 0 0 0 1 1 R 0
903 19114 18368 666 18417 624 3086 1 0 0 0 0 0 0 0 0 1 1 R 0
904 19134 18727 661 18746 627 3078 1 0 0 0 0 0 0 0 0 2 1 R 0
905 19156 22185 934 21046 907 3758 1 0 4 0 0 0 0 0 0 2 1 R 0
906 19177 19646 585 19681 555 4302 1 0 0 0 0 0 0 0 0 1 1 R 0
907 19197 19069 558 19084 528 4282 1 0 0 0 0 0 0 0 0 2 1 R 0
908 19215 17789 658 17843 616 3796 1 0 0 0 0 0 0 0 0 1 1 R 0
909 19237 21297 704 20282 650 6468 1 0 4 0 0 0 0 0 0 2 1 R 0
910 19257 19686 699 18637 654 3550 1 0 1 0 0 0 0 0 0 2 1 R 0
911 19278 19698 591 19720 570 4283 1 0 0 0 0 0 0 0 0 1 1 R 0
912 19300 21668 1920 20479 1869 4366 1 0 4 0 0 1 0 0 0 1 1 R 0
913 19321 18553 1420 18320 1384 3215 1 0 1 0 0 0 0 0 0 2 1 R 0
914 19340 17849 700 17878 682 3693 1 0 0 0 0 0 0 0 0 1 1 R 0
915 19367 26792 780 25129 757 6863 1 0 4 0 0 0 0 0 0 2 1 R 0
916 19387 19254 562 19277 538 4282 1 0 0 0 0 0 0 0 0 1 1 R 0
917 19408 19974 541 19998 515 3984 1 0 0 0 0 0 0 0 0 2 1 R 0
918 19426 17531 655 17572 622 3668 1 0 0 0 0 0 0 0 0 1 1 R 0
919 19448 21852 671 20791 648 6985 1 0 4 0 0 0 0 0 0 2 1 R 0
920 19469 19565 702 18626 658 4433 1 0 1 0 0 0 0 0 0 2 1 R 0
921 19490 20260 615 20262 606 3885 1 0 0 0 0 0 0 0 0 1 1 R 0
922 19513 22294 601 20836 577 3402 1 0 4 0 0 0 0 0 0 2 1 R 0
923 19530 17000 735 17036 710 3079 1 0 0 0 0 0 0 0 0 2 1 R 0
924 19549 18255 780 18326 705 3663 1 0 0 0 0 0 0 0 0 1 1 R 0
925 19571 20771 2035 20781 1489 4593 1 0 0 0 2 0 0 0 0 2 1 R 0
926 19593 20764 595 19754 570 3809 1 0 2 0 0 1 0 0 0 1 1 R 0
927 19615 20897 637 20948 584 3286 1 0 0 0 0 0 0 0 0 1 1 R 0
928 19634 18430 880 18483 857 3274 1 0 0 0 0 0 0 0 0 2 1 R 0
929 19659 24391 625 22245 603 3598 1 0 5 0 0 0 0 0 0 2 1 R 0
930 19683 22787 546 22809 520 7462 1 0 0 0 0 0 0 0 0 2 1 R 0
931 19702 19156 555 19183 531 3833 1 0 0 0 0 0 0 0 0 1 1 R 0
932 19725 22188 584 21025 559 3711 1 0 4 0 0 0 0 0 0 1 1 R 0
933 19743 17620 821 17680 781 3203 1 0 0 0 0 0 0 0 0 2 1 R 0
934 19763 19268 699 19284 660 4067 1 0 0 0 0 0 0 0 0 2 1 R 0
935 19787 23206 523 21975 501 3895 1 0 4 0 0 0 0 0 0 1 1 R 0
936 19807 19132 684 19161 674 4286 1 0 0 0 0 0 0 0 0 1 1 R 0
937 19827 18957 769 18985 729 4522 1 0 0 0 0 0 0 0 0 2 1 R 0
938 19846 18506 577 18535 548 4944 1 0 0 0 0 0 0 0 0 2 1 R 0
939 19872 25172 934 22870 711 9403 1 0 6 0 0 0 0 0 0 2 1 R 0
940 19893 19859 545 19849 519 3876 1 0 0 0 0 0 0 0 0 1 1 R 0
941 19912 19169 544 19194 514 3804 1 0 0 0 0 0 0 0 0 1 1 R 0
942 19934 20885 655 19968 601 3288 1 0 4 0 0 0 0 0 0 2 1 R 0
943 19953 18374 658 18420 631 3103 1 0 0 0 0 0 0 0 0 2 1 R 0
944 19973 19370 651 19390 640 3993 1 0 0 0 0 0 0 0 0 1 1 R 0
945 19998 25122 564 24295 534 8034 1 0 4 0 0 0 0 0 0 1 1 R 0
946 20019 20065 561 20095 531 4320 1 0 0 0 0 0 0 0 0 2 1 R 0
947 20044 24360 559 23892 527 4119 1 0 1 0 0 0 0 0 0 1 1 R 0
948 20070 24993 570 22206 539 3145 1 0 5 0 0 0 0 0 0 2 1 R 0
949 20092 22257 586 22298 544 3856 1 0 0 0 0 0 0 0 0 2 1 R 0
950 20113 19804 715 19847 681 3791 1 0 0 0 0 0 0 0 0 1 1 R 0
951 20135 21021 912 20058 730 3506 1 0 4 0 0 0 0 0 0 1 1 R 0
952 20155 19443 599 19450 573 3070 1 0 0 0 0 0 0 0 0 1 1 R 0
953 20174 18255 654 18303 639 3101 1 0 0 0 0 0 0 0 0 3 1 R 0
954 20194 19767 550 19766 520 3832 1 0 0 0 0 0 0 0 0 1 1 R 0
955 20217 21897 569 20553 534 3804 1 0 4 0 0 0 0 0 0 1 1 R 0
956 20235 18007 660 18049 636 3843 1 0 0 0 0 0 0 0 0 2 1 R 0
957 20253 17622 772 17690 689 3586 1 0 0 0 0 0 0 0 0 2 1 R 0
958 20279 24478 545 22367 519 6464 1 0 5 0 0 0 0 0 0 2 1 R 0
959 20298 18861 559 18893 530 3866 1 0 0 0 0 0 0 0 0 1 1 R 0
960 20322 23044 551 23064 530 8241 1 0 0 0 0 0 0 0 0 1 1 R 0
961 20339 16802 727 16854 691 3223 1 0 0 0 0 0 0 0 0 1 1 R 0
962 20363 22758 757 21047 746 4298 1 0 4 0 0 0 0 0 0 2 1 R 0
963 20383 19933 738 19938 701 3201 1 0 0 0 0 0 0 0 0 2 1 R 0
964 20403 19296 556 19318 530 3810 1 0 0 0 0 0 0 0 0 1 1 R 0
965 20426 22083 544 20599 514 3848 1 0 4 0 0 0 0 0 0 1 1 R 0
966 20444 17724 642 17770 595 3938 1 0 0 0 0 0 0 0 0 2 1 R 0
967 20466 20924 692 19104 644 4818 1 0 1 0 0 0 0 0 0 2 1 R 0
968 20489 22221 557 20850 535 3598 1 0 4 0 0 0 0 0 0 1 1 R 0
969 20509 19421 552 19444 529 3900 1 0 0 0 0 0 0 0 0 1 1 R 0
970 20528 19207 545 19229 521 4324 1 0 0 0 0 0 0 0 0 2 1 R 0
971 20547 17670 652 17732 600 3702 1 0 0 0 0 0 0 0 0 1 1 R 0
972 20568 21118 715 20099 672 6616 1 0 4 0 0 0 0 0 0 2 1 R 0
973 20588 18723 667 18766 615 3306 1 0 0 0 0 0 0 0 0 2 1 R 0
974 20608 19553 532 19568 515 4255 1 0 0 0 0 0 0 0 0 1 1 R 0
975 20635 26644 619 25113 588 8276 1 0 4 0 0 0 0 0 0 1 1 R 0
976 20654 18346 655 18383 649 3188 1 0 0 0 0 0 0 0 0 2 1 R 0
977 20676 20767 1142 19728 1083 4835 1 0 1 0 0 0 0 0 0 2 1 R 0
978 20700 23483 567 22416 540 5512 1 0 4 0 0 0 0 0 0 1 1 R 0
979 20721 19861 952 19883 934 3824 1 0 0 0 0 0 0 0 0 1 1 R 0
980 20740 18382 687 18418 663 3405 1 0 0 0 0 0 0 0 0 2 1 R 0
981 20758 17657 694 17682 665 3230 1 0 0 0 0 0 0 0 0 2 1 R 0
982 20780 21385 1363 20112 1358 4907 1 0 4 0 0 0 0 0 0 2 1 R 0
983 20802 19960 744 19984 683 3887 1 0 0 0 0 0 0 0 0 1 1 R 0
984 20822 19289 528 19312 500 3927 1 0 0 0 0 0 0 0 0 1 1 R 0
985 20843 21052 541 19624 516 3381 1 0 4 0 0 0 0 0 0 1 1 R 0
986 20862 18250 718 18315 679 3208 1 0 0 0 0 0 0 0 0 2 1 R 0
987 20883 20351 961 18482 890 3059 1 0 1 0 0 0 0 0 0 2 1 R 0
988 20906 21709 696 20915 675 3910 1 0 4 0 0 0 0 0 0 1 1 R 0
989 20928 20950 687 20571 634 5507 1 0 1 0 0 0 0 0 0 1 1 R 0
990 20950 22106 559 22128 534 7685 1 0 0 0 0 0 0 0 0 2 1 R 0
991 20968 17056 848 17118 793 3211 1 0 0 0 0 0 0 0 0 2 1 R 0
992 20990 21080 692 19818 669 7380 1 0 4 0 0 0 0 0 0 2 1 R 0
993 21009 18566 694 18590 671 3461 1 0 0 0 0 0 0 0 0 1 1 R 0
994 21030 20352 591 20364 557 3790 1 0 0 0 0 0 0 0 0 2 1 R 0
995 21053 22286 545 20862 513 3815 1 0 4 0 0 0 0 0 0 1 1 R 0
996 21073 19755 746 18833 715 3213 1 0 1 0 0 0 0 0 0 1 1 R 0
997 21093 18539 655 18565 638 3227 1 0 0 0 0 0 0 0 0 2 1 R 0
998 21116 22381 712 21429 695 4461 1 0 4 0 0 0 0 0 0 2 1 R 0
999 21136 19810 558 19834 526 4246 1 0 0 0 0 0 0 0 0 1 1 R 0
1000 21158 20784 616 20861 550 4373 1 0 0 0 0 0 0 0 0 1 1 R 0
1001 21175 17246 687 17299 647 3659 1 0 0 0 0 0 0 0 0 2 1 R 0
1002 21202 25584 538 24377 516 9696 1 0 4 0 0 0 0 0 0 1 1 R 0
1003 21222 20181 534 20205 513 3885 1 0 0 0 0 0 0 0 0 1 1 R 0
1004 21243 20048 561 20075 531 3882 1 0 0 0 0 0 0 0 0 1 1 R 0
1005 21272 28647 543 25944 515 12122 1 0 5 0 0 0 0 0 0 2 1 R 0
1006 21293 20147 581 20172 559 4348 1 0 0 0 0 0 0 0 0 2 1 R 0
1007 21313 19450 537 19474 521 3711 1 0 0 0 0 0 0 0 0 1 1 R 0
1008 21335 21554 562 19936 533 3848 1 0 4 0 0 0 0 0 0 1 1 R 0
1009 21355 19615 698 19643 676 3711 1 0 0 0 0 0 0 0 0 1 1 R 0
1010 21374 17661 741 17693 706 3124 1 0 0 0 0 0 0 0 0 2 1 R 0
1011 21396 21741 1061 20705 1033 3589 1 0 4 0 0 0 0 0 0 2 1 R 0
1012 21415 18056 684 18101 629 3620 1 0 0 0 0 0 0 0 0 2 1 R 0
1013 21437 20809 552 20837 522 5157 1 0 0 0 0 0 0 0 0 1 1 R 0
1014 21456 19173 1216 19192 1208 3700 1 0 0 0 0 1 0 0 0 1 1 R 0
1015 21480 22493 1512 20555 1472 5594 1 0 5 0 0 0 0 0 0 3 1 R 0
1016 21499 17188 682 17236 630 3171 1 0 0 0 0 0 0 0 0 1 1 R 0
1017 21520 20853 591 20873 900 4452 1 0 0 0 0 0 0 0 0 1 1 R 0
1018 21544 22668 599 20363 566 3858 1 0 4 0 0 0 0 0 0 2 1 R 0
1019 21564 19608 539 19628 508 3809 1 0 0 0 0 1 0 0 0 1 1 R 0
1020 21585 20880 698 20930 666 6800 1 0 0 0 0 0 0 0 0 2 1 R 0
1021 21608 21665 529 20410 507 3620 1 0 4 0 0 0 0 0 0 2 1 R 0
1022 21628 19477 558 19503 531 4219 1 0 0 0 0 0 0 0 0 1 1 R 0
1023 21647 19244 559 19277 531 4524 1 0 0 0 0 0 0 0 0 1 1 R 0
1024 21671 22766 1805 21938 1256 4373 1 0 1 0 1 0 0 0 0 1 1 R 0
1025 21695 22073 653 21101 607 4089 1 0 3 0 0 0 0 0 0 2 1 R 0
1026 21714 18271 655 18301 627 3111 1 0 0 0 0 0 0 0 0 1 1 R 0
1027 21735 20975 568 20997 539 4438 1 0 0 0 0 0 0 0 0 1 1 R 0
1028 21758 22183 567 21012 538 5716 1 0 4 0 0 0 0 0 0 2 1 R 0
1029 21776 17857 622 17898 580 3634 1 0 0 0 0 0 0 0 0 2 1 R 0
1030 21795 18050 1283 18115 1245 4425 1 0 0 0 0 0 0 0 0 1 1 R 0
1031 21820 23883 553 22203 531 5240 1 0 4 0 0 0 0 0 0 2 1 R 0
1032 21840 18944 579 18971 548 3914 1 0 0 0 0 0 0 0 0 1 1 R 0
1033 21860 19679 542 19707 519 3766 1 0 0 0 0 0 0 0 0 1 1 R 0
1034 21885 24376 543 21696 516 3227 1 0 6 0 0 0 0 0 0 2 1 R 0
1035 21907 21954 729 21994 697 6681 1 0 0 0 0 0 0 0 0 2 1 R 0
1036 21927 19174 558 19198 532 4243 1 0 0 0 0 0 0 0 0 1 1 R 0
1037 21949 21061 577 21088 550 4447 1 0 0 0 0 0 0 0 0 1 1 R 0
1038 21971 21319 1020 20424 990 5501 1 0 4 0 0 0 0 0 0 2 1 R 0
1039 21989 16784 753 16857 711 3137 1 0 0 0 0 0 0 0 0 2 1 R 0
1040 22008 19096 792 19134 719 3996 1 0 0 0 0 0 0 0 0 1 1 R 0
1041 22033 23671 546 22117 521 4613 1 0 4 0 0 0 0 0 0 2 1 R 0
1042 22053 19952 936 19989 911 3846 1 0 0 0 0 0 0 0 0 1 1 R 0
1043 22075 20619 547 18883 518 4001 1 0 1 0 0 0 0 0 0 1 1 R 0
1044 22096 20964 944 19448 943 3206 1 0 4 0 0 0 0 0 0 2 1 R 0
1045 22116 18090 684 18110 638 3585 1 0 0 0 0 0 0 0 0 2 1 R 0
1046 22137 20886 546 20896 516 5461 1 0 0 0 0 0 0 0 0 1 1 R 0
1047 22157 19250 544 19273 524 4402 1 0 0 0 0 0 0 0 0 1 1 R 0
1048 22183 25598 596 24372 562 6517 1 0 4 0 0 0 0 0 0 2 1 R 0
1049 22201 16909 1673 17017 1596 3204 1 0 0 0 0 0 0 0 0 2 1 R 0
1050 22225 22867 800 22913 733 7766 1 0 0 0 0 0 0 0 0 2 1 R 0
1051 22248 21909 566 20894 532 4651 1 0 4 0 0 0 0 0 0 1 1 R 0
1052 22268 19803 567 19834 540 4363 1 0 0 0 0 0 0 0 0 1 1 R 0
1053 22287 18491 798 17554 749 4773 1 0 1 0 0 0 0 0 0 2 1 R 0
1054 22310 22143 777 20835 705 4970 1 0 4 0 0 0 0 0 0 1 1 R 0
1055 22329 17866 679 17918 621 3258 1 0 0 0 0 0 0 0 0 2 1 R 0
1056 22350 20225 560 20251 531 3836 1 0 0 0 0 0 0 0 0 1 1 R 0
1057 22371 20309 1883 20341 1368 3826 1 0 0 0 1 0 0 0 0 1 1 R 0
1058 22395 22343 613 19990 586 4339 1 0 3 0 0 0 0 0 0 2 1 R 0
1059 22414 18608 863 18690 803 3150 1 0 0 0 0 0 0 0 0 1 1 R 0
1060 22434 18790 629 18817 590 3083 1 0 0 0 0 0 0 0 0 3 1 R 0
1061 22457 22202 844 21167 757 3861 1 0 4 0 0 0 0 0 0 1 1 R 0
1062 22478 20638 567 19635 543 4313 1 0 1 0 0 0 0 0 0 1 1 R 0
1063 22496 17497 830 17555 795 3691 1 0 0 0 0 0 0 0 0 2 1 R 0
1064 22519 21794 779 20684 701 4908 1 0 4 0 0 0 0 0 0 2 1 R 0
1065 22542 22973 530 22980 504 6780 1 0 0 0 0 0 0 0 0 1 1 R 0
1066 22562 19429 554 19453 531 3789 1 0 0 0 0 0 0 0 0 2 1 R 0
1067 22582 19524 1495 19551 904 3358 1 0 1 0 2 0 0 0 0 1 1 R 0
1068 22603 19359 1015 19040 961 3122 1 0 1 0 0 0 0 0 0 2 1 R 0
1069 22622 17260 767 17311 722 3336 1 0 0 0 0 0 0 0 0 1 1 R 0
1070 22658 35809 546 21764 517 22227 1 2 4 0 0 0 0 0 0 2 1 R 0
1071 22685 25893 570 24199 542 4176 1 0 1 0 0 0 0 0 0 1 1 R 0
1072 22703 18201 661 18275 606 3205 1 0 0 0 0 0 0 0 0 1 1 R 0
1073 22729 25112 597 23328 562 4238 1 0 4 0 0 0 0 0 0 2 1 R 0
1074 22750 20068 577 20105 548 3790 1 0 0 0 0 0 0 0 0 2 1 R 0
1075 22770 19842 1483 19907 1416 3854 1 0 0 0 0 0 0 0 0 1 1 R 0
1076 22790 17966 772 18022 753 3871 1 0 0 0 0 0 0 0 0 2 1 R 0
1077 22813 22481 796 20761 781 3802 1 0 4 0 0 0 0 0 0 1 1 R 0
1078 22832 18072 809 18095 765 3220 1 0 0 0 0 0 0 0 0 2 1 R 0
1079 22853 20183 540 20197 514 4585 1 0 0 0 0 0 0 0 0 1 1 R 0
1080 22879 25705 704 23241 688 11246 1 0 5 0 0 0 0 0 0 1 1 R 0
1081 22900 20552 1014 20595 966 3942 1 0 0 0 0 0 0 0 0 2 1 R 0
1082 22920 19085 1327 18807 1278 3443 1 0 1 0 0 0 0 0 0 2 1 R 0
1083 22943 21669 618 20662 525 3194 1 0 4 0 0 0 0 0 0 1 1 R 0
1084 22964 19817 545 19840 519 3873 1 0 0 0 0 0 0 0 0 1 1 R 0
1085 22984 19420 629 19456 604 3812 1 0 0 0 0 0 0 0 0 1 1 R 0
1086 23005 20445 1256 19430 1229 3104 1 0 4 0 0 0 0 0 0 2 1 R 0
1087 23024 18067 623 18095 593 3525 1 0 0 0 0 0 0 0 0 1 1 R 0
1088 23044 19126 643 19181 619 3794 1 0 0 0 0 0 0 0 0 2 1 R 0
1089 23065 20578 536 20569 509 3814 1 0 0 0 0 0 0 0 0 3 1 R 0
1090 23089 22993 565 20482 527 4684 1 0 5 0 0 0 0 0 0 1 1 R 0
1091 23106 17115 733 17161 720 3261 1 0 0 0 0 0 0 0 0 1 1 R 0
1092 23126 18831 1286 18860 1262 5251 1 0 0 0 0 0 0 0 0 1 1 R 0
1093 23150 22466 843 20745 759 4964 1 0 4 0 0 0 0 0 0 2 1 R 0
1094 23170 19498 550 19515 525 3875 1 0 0 0 0 0 0 0 0 1 1 R 0
1095 23193 22677 558 22700 532 7511 1 0 0 0 0 0 0 0 0 2 1 R 0
1096 23216 22385 549 21124 524 3194 1 0 4 0 0 0 0 0 0 2 1 R 0
1097 23235 17951 903 18007 878 3701 1 0 0 0 0 0 0 0 0 2 1 R 0
1098 23257 21073 553 21071 529 5381 1 0 0 0 0 0 0 0 0 1 1 R 0
1099 23276 19120 713 19184 646 4261 1 0 0 0 0 0 0 0 0 1 1 R 0
1100 23300 22826 558 20751 529 6150 1 0 5 0 0 0 0 0 0 1 1 R 0
1101 23318 17599 665 17665 621 3212 1 0 0 0 0 0 0 0 0 2 1 R 0
1102 23337 18563 721 18583 686 4676 1 0 0 0 0 0 0 0 0 2 1 R 0
1103 23362 24356 567 22857 539 5014 1 0 4 0 0 0 0 0 0 2 1 R 0
1104 23382 18997 528 19022 504 3836 1 0 0 0 0 0 0 0 0 1 1 R 0
1105 23402 19654 597 19701 548 3252 1 0 0 0 0 0 0 0 0 1 1 R 0
1106 23420 17137 680 17205 620 3142 1 0 0 0 0 0 0 0 0 2 1 R 0
1107 23444 22988 748 20582 682 4539 1 0 4 0 0 0 0 0 0 2 1 R 0
1108 23464 19939 535 19960 508 3755 1 0 0 0 0 0 0 0 0 1 1 R 0
1109 23485 20606 571 18856 543 3818 1 0 1 0 0 0 0 0 0 1 1 R 0
1110 23511 24670 1097 23359 1036 9380 1 0 4 0 0 0 0 0 0 2 1 R 0
1111 23529 17395 745 17452 691 3153 1 0 0 0 0 0 0 0 0 1 1 R 0
1112 23549 19202 726 19256 678 3701 1 0 0 0 0 1 0 0 0 2 1 R 0
1113 23574 24154 551 22498 527 4486 1 0 4 0 0 0 0 0 0 2 1 R 0
1114 23595 20264 538 20292 510 3789 1 0 0 0 0 0 0 0 0 1 1 R 0
1115 23615 19301 542 19331 519 3434 1 0 0 0 0 0 0 0 0 1 1 R 0
1116 23636 21079 1019 19920 982 3138 1 0 4 0 0 0 0 0 0 2 1 R 0
1117 23655 17930 1542 17974 1543 3733 1 0 0 0 0 1 0 0 0 2 1 R 0
1118 23677 20083 553 20070 527 4553 1 0 0 0 0 0 0 0 0 1 1 R 0
1119 23698 20821 571 19740 539 5474 1 0 1 0 0 0 0 0 0 1 1 R 0
1120 23719 20455 757 19467 661 5812 1 0 4 0 0 0 0 0 0 2 1 R 0
1121 23737 17056 1030 17113 979 3303 1 0 0 0 0 0 0 0 0 2 1 R 0
1122 23758 19796 842 19887 758 5063 1 0 0 0 0 0 0 0 0 1 1 R 0
1123 23781 22115 896 20939 870 4629 1 0 4 0 0 0 0 0 0 2 1 R 0
1124 23802 20677 530 20697 508 3833 1 0 0 0 0 0 0 0 0 1 1 R 0
1125 23826 23498 619 23532 590 8503 1 0 0 0 0 0 0 0 0 1 1 R 0
1126 23849 22230 699 21180 625 4386 1 0 4 0 0 0 0 0 0 1 1 R 0
1127 23872 22290 748 21990 732 3858 1 0 1 0 0 0 0 0 0 2 1 R 0
1128 23894 20740 559 19248 534 3793 1 0 1 0 0 0 0 0 0 1 1 R 0
1129 23917 22471 536 21678 510 3293 1 0 4 0 0 0 0 0 0 2 1 R 0
1130 23934 17188 1141 17269 1080 3662 1 0 0 0 0 0 0 0 0 2 1 R 0
1131 23955 19482 728 19552 662 5179 1 0 0 0 0 0 0 0 0 1 1 R 0
1132 23977 21499 540 21519 516 5751 1 0 0 0 0 0 0 0 0 2 1 R 0
1133 23999 20730 762 19584 736 6328 1 0 4 0 0 0 0 0 0 1 1 R 0
1134 24020 20194 523 20210 500 3812 1 0 0 0 0 0 0 0 0 2 1 R 0
1135 24038 17922 749 17992 704 3079 1 0 0 0 0 0 0 0 0 1 1 R 0
1136 24059 20509 4919 18137 1023 4593 1 0 3 0 0 0 0 0 0 1 1 S 1
1137 24103 38378 659 18787 615 24678 1 1 1 0 0 0 0 0 0 2 1 R 0
1138 24125 21365 548 20051 521 3832 1 0 4 0 0 0 0 0 0 1 1 R 0
1139 24144 18761 654 18826 592 3059 1 0 0 0 0 0 0 0 0 2 1 R 0
1140 24167 22038 705 22112 636 7031 1 0 0 0 0 0 0 0 0 2 1 R 0
1141 24186 18756 675 18819 628 3712 1 0 0 0 0 0 0 0 0 1 1 R 0
1142 24209 22286 570 21118 541 6466 1 0 4 0 0 0 0 0 0 2 1 R 0
1143 24228 18078 646 18130 613 3235 1 0 0 0 0 0 0 0 0 1 1 R 0
1144 24246 18062 875 18106 848 4007 1 0 0 0 0 0 0 0 0 2 1 R 0
1145 24270 22428 700 21231 654 4632 1 0 4 0 0 0 0 0 0 2 1 R 0
1146 24292 21265 531 20229 513 3859 1 0 1 0 0 0 0 0 0 1 1 R 0
1147 24312 19939 539 19960 518 3761 1 0 0 0 0 0 0 0 0 1 1 R 0
1148 24330 17636 2841 17718 2156 3343 1 0 0 0 1 0 0 0 0 2 1 R 0
1149 24353 20180 698 19336 662 3332 1 0 3 0 0 0 0 0 0 1 1 R 0
1150 24372 18298 628 18341 600 3241 1 0 0 0 0 0 0 0 0 2 1 R 0
1151 24393 20478 539 20492 510 4281 1 0 0 0 0 0 0 0 0 1 1 R 0
1152 24416 22035 571 20702 537 3792 1 0 4 0 0 0 0 0 0 1 1 R 0
1153 24436 19661 683 19707 653 4948 1 0 0 0 0 0 0 0 0 2 1 R 0
1154 24455 17791 917 17869 847 3761 1 0 0 0 0 0 0 0 0 2 1 R 0
1155 24482 26583 546 25126 524 7917 1 0 4 0 0 0 0 0 0 2 1 R 0
1156 24504 21096 948 20111 880 5460 1 0 1 0 0 0 0 0 0 1 1 R 0
1157 24525 19790 546 19819 517 3826 1 0 0 0 0 0 0 0 0 1 1 R 0
1158 24546 21344 772 19935 735 3164 1 0 4 0 0 0 0 0 0 2 1 R 0
1159 24565 17942 824 17980 782 3622 1 0 0 0 0 0 0 0 0 2 1 R 0
1160 24586 19789 681 19830 661 5082 1 0 0 0 0 0 0 0 0 2 1 R 0
1161 24606 19538 542 19531 523 4272 1 0 0 0 0 0 0 0 0 1 1 R 0
1162 24629 22053 568 21065 539 5688 1 0 4 0 0 0 0 0 0 1 1 R 0
1163 24647 17701 803 17777 725 3260 1 0 0 0 0 0 0 0 0 2 1 R 0
1164 24666 18321 806 18427 735 4709 1 0 0 0 0 0 0 0 0 2 1 R 0
1165 24692 25657 539 23177 516 5206 1 0 5 0 0 0 0 0 0 1 1 R 0
1166 24712 19019 543 19046 521 3808 1 0 0 0 0 0 0 0 0 1 1 R 0
1167 24734 21353 539 21386 510 3435 1 0 0 0 0 0 0 0 0 2 1 R 0
1168 24756 21672 942 20451 884 3075 1 0 4 0 0 0 0 0 0 2 1 R 0
1169 24775 17778 776 17832 727 3761 1 0 0 0 0 0 0 0 0 2 1 R 0
1170 24800 24522 709 24558 683 9481 1 0 0 0 0 0 0 0 0 2 1 R 0
1171 24820 19252 729 19293 677 3861 1 0 0 0 0 0 0 0 0 1 1 R 0
1172 24843 21840 543 20291 517 3792 1 0 4 0 0 0 0 0 0 1 1 R 0
1173 24860 17054 1398 17106 1391 3070 1 0 0 0 0 0 0 0 0 2 1 R 0
1174 24880 17792 821 17828 777 3944 1 0 0 0 0 0 0 0 0 1 1 R 0
1175 24906 25388 540 23292 514 4544 1 0 5 0 0 0 0 0 0 1 1 R 0
1176 24927 20807 572 20284 545 5033 1 0 1 0 0 0 0 0 0 2 1 R 0
1177 24945 17763 674 17820 618 3722 1 0 0 0 0 0 0 0 0 2 1 R 0
1178 24964 18356 697 18427 649 4328 1 0 0 0 0 0 0 0 0 2 1 R 0
1179 24986 21344 662 20302 634 5981 1 0 4 0 0 0 0 0 0 2 1 R 0
1180 25007 20023 551 20029 528 4343 1 0 0 0 0 0 0 0 0 1 1 R 0
1181 25027 18864 548 18896 513 4212 1 0 0 0 0 0 0 0 0 1 1 R 0
1182 25049 22176 555 20516 522 4100 1 0 4 0 0 0 0 0 0 2 1 R 0
1183 25067 17046 799 17136 718 3324 1 0 0 0 0 0 0 0 0 2 1 R 0
1184 25088 19855 702 19372 665 5782 1 0 1 0 0 0 0 0 0 1 1 R 0
1185 25116 27798 538 25102 516 8045 1 0 5 0 0 0 0 0 0 2 1 R 0
1186 25136 19479 795 19528 750 4248 1 0 0 0 0 0 0 0 0 1 1 R 0
1187 25154 16920 839 17001 768 3594 1 0 0 0 0 0 0 0 0 2 1 R 0
1188 25173 18868 725 18914 707 5109 1 0 0 0 0 0 0 0 0 2 1 R 0
1189 25197 22710 839 21578 792 5709 1 0 4 0 0 0 0 0 0 2 1 R 0
1190 25217 19695 542 19699 515 4034 1 0 0 0 0 0 0 0 0 1 1 R 0
1191 25238 19524 1170 19564 1150 4443 1 0 0 0 0 0 0 0 0 1 1 R 0
1192 25259 20345 667 19172 642 3633 1 0 4 0 0 0 0 0 0 2 1 R 0
1193 25277 17471 736 17519 689 3214 1 0 0 0 0 0 0 0 0 2 1 R 0
1194 25300 21763 836 20306 735 5365 1 0 1 0 0 0 0 0 0 1 1 R 0
1195 25320 19329 538 19357 509 3908 1 0 0 0 0 0 0 0 0 2 1 R 0
1196 25343 22124 553 20673 528 5867 1 0 4 0 0 0 0 0 0 1 1 R 0
1197 25360 17177 652 17238 592 3142 1 0 0 0 0 0 0 0 0 1 1 R 0
1198 25379 18215 882 18312 799 3983 1 0 0 0 0 0 0 0 0 1 1 R 0
1199 25403 22910 644 21902 610 4043 1 0 4 0 0 0 0 0 0 3 1 R 0
1200 25426 22535 549 22561 523 7974 1 0 0 0 0 0 0 0 0 1 1 R 0
1201 25446 19551 711 19585 680 4290 1 0 0 0 0 0 0 0 0 1 1 R 0
1202 25468 21548 924 20045 836 3682 1 0 4 0 0 0 0 0 0 2 1 R 0
1203 25487 17493 797 17564 729 3171 1 0 0 0 0 0 0 0 0 2 1 R 0
1204 25509 21264 571 20262 544 6249 1 0 1 0 0 0 0 0 0 1 1 R 0
1205 25529 19912 605 19948 574 3762 1 0 0 0 0 1 0 0 0 2 1 R 0
1206 25552 21748 541 20184 515 5050 1 0 4 0 0 0 0 0 0 0 1 R 0
1207 25569 16621 718 16692 663 3165 1 0 0 0 0 0 0 0 0 3 1 R 0
1208 25589 19429 653 19478 614 4456 1 0 0 0 0 0 0 0 0 2 1 R 0
1209 25613 23075 701 22150 631 3455 1 0 4 0 0 0 0 0 0 2 1 R 0
1210 25634 20352 557 20376 528 3840 1 0 0 0 0 0 0 0 0 1 1 R 0
1211 25654 19902 532 19930 505 3346 1 0 0 0 0 0 0 0 0 1 1 R 0
1212 25677 21747 841 20305 777 3228 1 0 4 0 0 0 0 0 0 2 1 R 0
1213 25695 17067 2141 17121 990 3488 1 0 0 0 1 0 0 0 0 2 1 R 0
1214 25717 20246 563 20246 540 4981 1 0 0 0 0 0 0 0 0 1 1 R 0
1215 25740 22201 979 22262 932 8130 1 0 0 0 0 0 0 0 0 1 1 R 0
1216 25766 25330 605 23201 578 4276 1 0 5 0 0 0 0 0 0 2 1 R 0
1217 25786 19233 673 19292 618 4395 1 0 0 0 0 0 0 0 0 1 1 R 0
1218 25804 17371 617 17403 595 3678 1 0 0 0 0 0 0 0 0 2 1 R 0
1219 25828 23836 1191 22772 1175 6180 1 0 4 0 0 1 0 0 0 1 1 R 0
1220 25849 19793 556 19811 531 3935 1 0 0 0 0 0 0 0 0 2 1 R 0
1221 25869 19100 914 19157 865 3381 1 0 0 0 0 0 0 0 0 1 1 R 0
1222 25893 22935 632 21433 585 3493 1 0 5 0 0 0 0 0 0 2 1 R 0
1223 25914 20768 697 19864 632 4514 1 0 1 0 0 0 0 0 0 2 1 R 0
1224 25935 19623 564 19651 537 4019 1 0 0 0 0 0 0 0 0 1 1 R 0
1225 25958 22579 631 21285 589 3896 1 0 4 0 0 0 0 0 0 1 1 R 0
1226 25978 19541 663 19578 628 4886 1 0 0 0 0 0 0 0 0 1 1 R 0
1227 25996 17931 765 18038 702 3658 1 0 0 0 0 0 0 0 0 2 1 R 0
1228 26015 18073 741 18108 669 3873 1 0 0 0 0 0 0 0 0 2 1 R 0
1229 26039 23112 576 21972 551 7649 1 0 4 0 0 0 0 0 0 1 1 R 0
1230 26063 23107 595 23139 557 7421 1 0 0 0 0 0 0 0 0 2 1 R 0
1231 26082 19041 550 19072 533 3467 1 0 0 0 0 0 0 0 0 1 1 R 0
1232 26107 23720 550 21521 527 3233 1 0 5 0 0 0 0 0 0 2 1 R 0
1233 26126 19055 542 19083 519 4200 1 0 0 0 0 0 0 0 0 1 1 R 0
1234 26146 19608 555 19634 531 4265 1 0 0 0 0 0 0 0 0 1 1 R 0
1235 26168 21022 552 19686 519 3655 1 0 4 0 0 0 0 0 0 1 1 R 0
1236 26186 17781 632 17849 578 3759 1 0 0 0 0 0 0 0 0 2 1 R 0
1237 26207 20100 746 20141 730 4730 1 0 0 0 0 0 0 0 0 1 1 R 0
1238 26227 19402 553 19402 527 4231 1 0 0 0 0 0 0 0 0 2 1 R 0
1239 26250 21793 564 20694 531 6543 1 0 4 0 0 0 0 0 0 1 1 R 0
1240 26269 18831 813 18904 748 3305 1 0 0 0 0 0 0 0 0 2 1 R 0
1241 26286 16442 508 16474 475 3219 1 0 0 0 0 0 0 0 0 0 1 R 0
1242 26314 27038 903 25118 820 6759 1 0 5 0 0 0 0 0 0 3 1 R 0
1243 26334 19508 542 19536 512 3872 1 0 0 0 0 0 0 0 0 1 1 R 0
1244 26355 19814 552 19844 524 3868 1 0 0 0 0 0 0 0 0 1 1 R 0
1245 26380 24502 642 23476 607 7821 1 0 4 0 0 0 0 0 0 1 1 R 0
1246 26399 19117 718 19192 656 3745 1 0 0 0 0 0 0 0 0 2 1 R 0
1247 26418 18274 674 18342 625 3143 1 0 0 0 0 0 0 0 0 2 1 R 0
1248 26440 20824 691 20879 615 3932 1 0 0 0 0 0 0 0 0 1 1 R 0
1249 26463 21950 565 20250 540 5851 1 0 4 0 0 0 0 0 0 1 1 R 0
1250 26483 19856 520 19883 493 3618 1 0 0 0 0 0 0 0 0 2 1 R 0
1251 26503 19857 632 18392 600 3130 1 0 1 0 0 0 0 0 0 2 1 R 0
1252 26525 21113 669 20110 638 3160 1 0 4 0 0 0 0 0 0 2 1 R 0
1253 26548 22003 534 21123 507 3879 1 0 1 0 0 0 0 0 0 1 1 R 0
1254 26567 19174 570 19207 548 4446 1 0 0 0 0 0 0 0 0 1 1 R 0
1255 26590 21597 785 20275 721 3689 1 0 4 0 0 0 0 0 0 2 1 R 0
1256 26609 18363 648 18408 617 3200 1 0 0 0 0 0 0 0 0 2 1 R 0
1257 26628 18411 671 18475 630 3362 1 0 0 0 0 0 0 0 0 2 1 R 0
1258 26648 19569 864 19605 824 4721 1 0 0 0 0 0 0 0 0 1 1 R 0
1259 26670 21385 975 20213 907 6492 1 0 4 0 0 0 0 0 0 2 1 R 0
1260 26693 21588 743 21656 694 6215 1 0 0 0 0 0 0 0 0 1 1 R 0
1261 26714 20597 554 19564 527 3768 1 0 1 0 0 0 0 0 0 2 1 R 0
1262 26737 22295 553 20952 525 3865 1 0 4 0 0 0 0 0 0 1 1 R 0
1263 26757 18878 600 18905 574 4323 1 0 0 0 0 0 0 0 0 1 1 R 0
1264 26778 20878 558 20913 530 4326 1 0 0 0 0 0 0 0 0 2 1 R 0
1265 26800 21683 674 20471 623 4105 1 0 4 0 0 0 0 0 0 1 1 R 0
1266 26818 17439 710 17465 683 3179 1 0 0 0 0 0 0 0 0 2 1 R 0
1267 26843 23478 539 23500 512 6000 1 0 0 0 0 0 0 0 0 2 1 R 0
1268 26864 21082 1035 20300 1032 3845 1 0 4 0 0 0 0 0 0 1 1 R 0
1269 26886 20450 640 20464 604 3267 1 0 0 0 0 0 0 0 0 2 1 R 0
1270 26906 19928 743 18512 739 3537 1 0 1 0 0 0 0 0 0 2 1 R 0
1271 26926 18838 672 18411 640 4623 1 0 1 0 0 0 0 0 0 2 1 R 0
1272 26949 22529 576 21581 551 7510 1 0 4 0 0 0 0 0 0 1 1 R 0
1273 26970 20825 1116 20857 1082 3887 1 0 0 0 0 0 0 0 0 1 1 R 0
1274 26990 18249 752 18305 709 3829 1 0 0 0 0 0 0 0 0 2 1 R 0
1275 27015 24906 563 23824 532 6204 1 0 4 0 0 0 0 0 0 2 1 R 0
1276 27034 18257 688 18318 632 3828 1 0 0 0 0 0 0 0 0 1 1 R 0
1277 27055 20065 551 20095 524 3743 1 0 0 0 0 0 0 0 0 1 1 R 0
1278 27077 21831 558 20708 533 4427 1 0 4 0 0 0 0 0 0 2 1 R 0
1279 27096 18467 759 18583 657 3847 1 0 0 0 0 0 0 0 0 1 1 R 0
1280 27117 19949 723 19026 688 3979 1 0 1 0 0 0 0 0 0 2 1 R 0
1281 27136 18066 709 18086 697 3789 1 0 0 0 0 0 0 0 0 2 1 R 0
1282 27159 22874 577 21870 542 7545 1 0 4 0 0 0 0 0 0 1 1 R 0
1283 27179 19285 594 19316 568 3762 1 0 0 0 0 0 0 0 0 1 1 R 0
1284 27198 17904 724 17962 692 3113 1 0 0 0 0 0 0 0 0 2 1 R 0
1285 27221 22095 1424 21081 1367 4344 1 0 4 0 0 0 0 0 0 2 1 R 0
1286 27240 17834 690 17883 649 3241 1 0 0 0 0 0 0 0 0 2 1 R 0
1287 27262 20988 526 21001 508 3751 1 0 0 0 0 0 0 0 0 1 1 R 0
1288 27282 19365 1615 19350 967 3831 1 0 1 0 1 0 0 0 0 1 1 R 0
1289 27307 24012 666 21354 640 3761 1 0 3 0 0 0 0 0 0 2 1 R 0
1290 27329 21298 745 21357 718 6823 1 0 0 0 0 0 0 0 0 1 1 R 0
1291 27349 19567 703 19647 612 3502 1 0 0 0 0 0 0 0 0 2 1 R 0
1292 27373 22388 547 20735 520 3922 1 0 4 0 0 0 0 0 0 1 1 R 0
1293 27393 19870 698 19930 653 3714 1 0 0 0 0 0 0 0 0 1 1 R 0
1294 27410 16679 1379 16720 1351 3060 1 0 0 0 0 0 0 0 0 2 1 R 0
1295 27433 21808 748 20791 729 3861 1 0 4 0 0 0 0 0 0 2 1 R 0
1296 27453 18419 586 18425 557 3168 1 0 0 0 0 0 0 0 0 1 1 R 0
1297 27474 21021 562 21060 531 4671 1 0 0 0 0 0 0 0 0 2 1 R 0
1298 27497 22398 685 21270 651 3741 1 0 4 0 0 1 0 0 0 1 1 R 0
1299 27517 19125 809 18230 746 3758 1 0 1 0 0 0 0 0 0 2 1 R 0
1300 27536 18252 667 18268 645 3711 1 0 0 0 0 0 0 0 0 1 1 R 0
1301 27557 20510 757 20564 723 4873 1 0 0 0 0 0 0 0 0 2 1 R 0
1302 27583 25201 647 24161 615 6634 1 0 4 0 0 0 0 0 0 2 1 R 0
1303 27604 19669 544 19694 510 3725 1 0 0 0 0 0 0 0 0 2 1 R 0
1304 27622 17649 843 17694 828 3087 1 0 0 0 0 0 0 0 0 2 1 R 0
1305 27649 26303 811 25189 783 8443 1 0 4 0 0 0 0 0 0 2 1 R 0
1306 27668 18310 702 18382 638 3475 1 0 0 0 0 0 0 0 0 1 1 R 0
1307 27688 19522 550 19547 522 4300 1 0 0 0 0 0 0 0 0 1 1 R 0
1308 27711 22068 978 19602 957 4191 1 0 5 0 0 0 0 0 0 2 1 R 0
1309 27729 16777 817 16870 729 3246 1 0 0 0 0 0 0 0 0 1 1 R 0
1310 27749 19181 646 19231 604 4302 1 0 0 0 0 0 0 0 0 2 1 R 0
1311 27770 20446 548 20466 525 4218 1 0 0 0 0 0 0 0 0 2 1 R 0
1312 27793 22273 588 21247 564 6237 1 0 4 0 0 0 0 0 0 1 1 R 0
1313 27815 22044 781 22121 716 4443 1 0 0 0 0 0 0 0 0 1 1 R 0
1314 27833 16784 558 16816 523 3591 1 0 0 0 0 0 0 0 0 2 1 R 0
1315 27858 24338 679 22673 636 5466 1 0 4 0 0 0 0 0 0 2 1 R 0
1316 27880 22072 568 21491 541 5170 1 0 1 0 0 0 0 0 0 2 1 R 0
1317 27900 18968 851 19027 797 3870 1 0 0 0 0 0 0 0 0 1 1 R 0
1318 27925 23891 583 21789 551 3304 1 0 5 0 0 0 0 0 0 2 1 R 0
1319 27943 17686 804 17752 749 3258 1 0 0 0 0 0 0 0 0 2 1 R 0
1320 27967 23496 555 23519 526 8108 1 0 0 0 0 0 0 0 0 1 1 R 0
1321 27989 21066 607 19887 575 4393 1 0 4 0 0 0 0 0 0 1 1 R 0
1322 28009 20016 550 20045 527 3460 1 0 0 0 0 0 0 0 0 2 1 R 0
1323 28028 17568 624 17608 581 3242 1 0 0 0 0 0 0 0 0 1 1 R 0
1324 28047 18687 819 18740 791 4428 1 0 0 0 0 0 0 0 0 2 1 R 0
1325 28071 22882 987 21903 963 7541 1 0 4 0 0 0 0 0 0 2 1 R 0
1326 28090 18713 549 18736 524 3768 1 0 0 0 0 0 0 0 0 1 1 R 0
1327 28112 21556 599 20066 554 3396 1 0 1 0 0 0 0 0 0 1 1 R 0
1328 28134 20905 764 19752 766 3165 1 0 4 0 0 0 0 0 0 2 1 R 0
1329 28153 17984 620 17987 600 3135 1 0 0 0 0 0 0 0 0 2 1 R 0
1330 28175 21591 554 21606 524 4852 1 0 0 0 0 0 0 0 0 1 1 R 0
1331 28197 21747 646 20954 611 3765 1 0 4 0 0 0 0 0 0 1 1 R 0
1332 28217 19367 857 19405 821 4221 1 0 0 0 0 0 0 0 0 2 1 R 0
1333 28236 17904 634 17949 587 3741 1 0 0 0 0 0 0 0 0 1 1 R 0
1334 28255 18889 719 18954 689 4634 1 0 0 0 0 0 0 0 0 2 1 R 0
1335 28283 26617 560 25519 535 12149 1 0 4 0 0 0 0 0 0 2 1 R 0
1336 28303 19877 528 19905 502 3844 1 0 0 0 0 0 0 0 0 1 1 R 0
1337 28326 21780 763 20824 730 3776 1 0 1 0 0 0 0 0 0 1 1 R 0
1338 28349 22214 728 21300 674 4074 1 0 4 0 0 0 0 0 0 2 1 R 0
1339 28368 18693 772 18733 716 3382 1 0 0 0 0 0 0 0 0 2 1 R 0
1340 28388 19025 616 19050 593 3920 1 0 0 0 0 0 0 0 0 2 1 R 0
1341 28410 21823 561 20449 530 4317 1 0 4 0 0 0 0 0 0 0 1 R 0
1342 28429 17797 670 17852 623 3158 1 0 0 0 0 0 0 0 0 2 1 R 0
1343 28447 17856 784 17945 705 3582 1 0 0 0 0 0 0 0 0 2 1 R 0
1344 28467 19242 667 19277 626 5176 1 0 0 0 0 0 0 0 0 2 1 R 0
1345 28491 22772 1006 21730 984 7523 1 0 4 0 0 0 0 0 0 1 1 R 0
1346 28510 18623 554 18643 533 3821 1 0 0 0 0 0 0 0 0 1 1 R 0
1347 28531 20017 1555 18976 1500 3068 1 0 1 0 0 0 0 0 0 1 1 R 0
1348 28554 21364 661 20299 637 3607 1 0 4 0 0 0 0 0 0 3 1 R 0
1349 28572 17920 658 17968 632 3107 1 0 0 0 0 0 0 0 0 1 1 R 0
1350 28596 23347 626 23373 591 8459 1 0 0 0 0 0 0 0 0 2 1 R 0
1351 28619 22058 562 20619 528 4217 1 0 4 0 0 0 0 0 0 1 1 R 0
1352 28637 17268 732 17369 651 3203 1 0 0 0 0 0 0 0 0 2 1 R 0
1353 28657 19587 666 19631 632 5468 1 0 0 0 0 0 0 0 0 2 1 R 0
1354 28677 19507 708 19543 661 4654 1 0 0 0 0 0 0 0 0 1 1 R 0
1355 28700 21549 565 20595 533 6500 1 0 4 0 0 0 0 0 0 1 1 R 0
1356 28722 21641 536 20594 517 3795 1 0 1 0 0 0 0 0 0 1 1 R 0
1357 28739 17195 725 17255 681 3186 1 0 0 0 0 0 0 0 0 3 1 R 0
1358 28763 22781 854 21812 796 4087 1 0 4 0 0 0 0 0 0 1 1 R 0
1359 28784 19918 537 19930 507 3087 1 0 0 0 0 0 0 0 0 2 1 R 0
1360 28803 19088 611 19126 580 3796 1 0 0 0 0 0 0 0 0 1 1 R 0
1361 28827 23199 665 22162 645 3829 1 0 4 0 0 0 0 0 0 1 1 R 0
1362 28846 17894 687 18004 617 3873 1 0 0 0 0 0 0 0 0 1 1 R 0
1363 28866 19223 734 19247 676 5536 1 0 0 0 0 0 0 0 0 2 1 R 0
1364 28887 20238 721 20297 693 5908 1 0 0 0 0 0 0 0 0 3 1 R 0
1365 28914 26289 749 24801 673 12550 1 0 5 0 0 0 0 0 0 1 1 R 0
1366 28935 20649 657 19199 592 4287 1 0 1 0 0 0 0 0 0 1 1 R 0
1367 28953 17383 862 17428 828 3171 1 0 0 0 0 0 0 0 0 2 1 R 0
1368 28977 22910 747 22016 729 4798 1 0 4 0 0 0 0 0 0 2 1 R 0
1369 28998 19968 548 19958 521 4410 1 0 0 0 0 0 0 0 0 1 1 R 0
1370 29018 19810 849 19850 808 4352 1 0 0 0 0 0 0 0 0 1 1 R 0
1371 29040 21204 556 19572 521 4332 1 0 4 0 0 0 0 0 0 2 1 R 0
1372 29057 16806 740 16883 688 3278 1 0 0 0 0 0 0 0 0 2 1 R 0
1373 29078 19658 683 19714 611 5113 1 0 0 0 0 0 0 0 0 2 1 R 0
1374 29097 19023 698 19105 656 4426 1 0 0 0 0 0 0 0 0 1 1 R 0
1375 29122 24330 776 22484 706 6786 1 0 5 0 0 0 0 0 0 1 1 R 0
1376 29142 19015 780 19070 735 3657 1 0 0 0 0 0 0 0 0 2 1 R 0
1377 29160 17307 1235 17361 1185 3136 1 0 0 0 0 0 0 0 0 1 1 R 0
1378 29185 23094 760 22018 720 4212 1 0 4 0 0 0 0 0 0 2 1 R 0
1379 29205 19117 557 19144 530 4232 1 0 0 0 0 0 0 0 0 1 1 R 0
1380 29227 22248 614 22284 583 8045 1 0 0 0 0 0 0 0 0 1 1 R 0
1381 29250 21504 797 20274 769 3544 1 0 4 0 0 0 0 0 0 2 1 R 0
1382 29268 17801 669 17857 646 3258 1 0 0 0 0 0 0 0 0 2 1 R 0
1383 29288 19418 679 19442 642 4823 1 0 0 0 0 0 0 0 0 1 1 R 0
1384 29309 19815 554 19836 528 4773 1 0 0 0 0 0 0 0 0 1 1 R 0
1385 29333 23668 903 21572 845 7025 1 0 5 0 0 0 0 0 0 2 1 R 0
1386 29350 16507 1583 16618 1497 3110 1 0 0 0 0 0 0 0 0 2 1 R 0
1387 29372 20257 665 20309 607 4561 1 0 0 0 0 0 0 0 0 1 1 R 0
1388 29395 22320 557 21195 534 3229 1 0 4 0 0 0 0 0 0 2 1 R 0
1389 29415 19174 559 19203 534 4388 1 0 0 0 0 0 0 0 0 1 1 R 0
1390 29435 20000 620 20032 592 4425 1 0 0 0 0 0 0 0 0 2 1 R 0
1391 29457 21023 635 19756 594 3575 1 0 4 0 0 1 0 0 0 1 1 R 0
1392 29476 18110 684 18183 652 3664 1 0 0 0 0 0 0 0 0 2 1 R 0
1393 29497 20936 689 20986 614 4594 1 0 0 0 0 0 0 0 0 2 1 R 0
1394 29517 18982 543 19008 514 4299 1 0 0 0 0 0 0 0 0 1 1 R 0
1395 29545 27229 604 24328 574 10367 1 0 5 0 0 0 0 0 0 2 1 R 0
1396 29563 17501 635 17556 625 3271 1 0 0 0 0 0 0 0 0 1 1 R 0
1397 29583 19234 623 19242 589 4233 1 0 0 0 0 0 0 0 0 3 1 R 0
1398 29607 23129 572 22106 537 3478 1 0 4 0 0 0 0 0 0 1 1 R 0
1399 29627 19390 549 19421 520 4248 1 0 0 0 0 0 0 0 0 1 1 R 0
1400 29646 19270 631 19319 589 3797 1 0 0 0 0 0 0 0 0 1 1 R 0
1401 29668 21162 640 19395 628 3687 1 0 4 0 0 0 0 0 0 2 1 R 0
1402 29687 17868 744 17914 708 3699 1 0 0 0 0 0 0 0 0 2 1 R 0
1403 29708 20839 542 20835 515 5442 1 0 0 0 0 0 0 0 0 2 1 R 0
1404 29729 20640 851 18744 797 4233 1 0 1 0 0 0 0 0 0 1 1 R 0
1405 29753 22265 542 21282 513 4507 1 0 4 0 0 0 0 0 0 1 1 R 0
1406 29770 16889 800 16977 727 3237 1 0 0 0 0 0 0 0 0 2 1 R 0
1407 29790 18890 721 18975 646 4423 1 0 0 0 0 0 0 0 0 2 1 R 0
1408 29814 23526 610 21842 585 4855 1 0 4 0 0 0 0 0 0 1 1 R 0
1409 29834 19751 767 19778 745 3881 1 0 0 0 0 0 0 0 0 1 1 R 0
1410 29857 22098 557 22128 531 7748 1 0 0 0 0 0 0 0 0 2 1 R 0
1411 29880 22355 774 19974 685 3628 1 0 3 0 0 0 0 0 0 2 1 R 0
1412 29898 17615 653 17673 604 3168 1 0 0 0 0 0 0 0 0 1 1 R 0
1413 29919 19364 699 19424 656 3444 1 0 0 0 0 0 0 0 0 2 1 R 0
1414 29940 21276 1935 20292 1501 4958 1 0 1 0 2 0 0 0 0 1 1 R 0
1415 29966 23508 637 21474 586 3854 1 0 3 0 0 0 0 0 0 1 1 R 0
1416 29983 16700 868 16767 844 3647 1 0 0 0 0 0 0 0 0 2 1 R 0
1417 30004 20115 655 20124 648 5723 1 0 0 0 0 0 0 0 0 2 1 R 0
1418 30027 22479 552 21300 520 4642 1 0 4 0 0 0 0 0 0 1 1 R 0
1419 30047 19185 561 19218 532 4385 1 0 0 0 0 0 0 0 0 1 1 R 0
1420 30065 17073 794 17185 715 3443 1 0 0 0 0 0 0 0 0 2 1 R 0
1421 30088 22368 715 21101 655 4967 1 0 4 0 0 0 0 0 0 2 1 R 0
1422 30106 17581 802 17619 740 3559 1 0 0 0 0 0 0 0 0 1 1 R 0
1423 30129 22088 592 20761 564 6016 1 0 2 0 0 0 0 0 0 2 1 R 0
1424 30150 20115 591 20142 569 3922 1 0 0 0 0 0 0 0 0 1 1 R 0
1425 30174 23882 547 22431 514 6209 1 0 4 0 0 0 0 0 0 2 1 R 0
1426 30192 17500 679 17562 658 3122 1 0 0 0 0 0 0 0 0 2 1 R 0
1427 30213 20398 841 20443 772 4243 1 0 0 0 0 0 0 0 0 1 1 R 0
1428 30236 21652 555 20099 527 3847 1 0 4 0 0 0 0 0 0 1 1 R 0
1429 30256 19229 544 19254 522 4230 1 0 0 0 0 0 0 0 0 1 1 R 0
1430 30273 17121 807 17200 754 3810 1 0 0 0 0 0 0 0 0 2 1 R 0
1431 30298 23717 743 22555 726 5499 1 0 4 0 0 0 0 0 0 2 1 R 0
1432 30317 18167 879 18196 851 3519 1 0 0 0 0 0 0 0 0 2 1 R 0
1433 30338 20662 583 19683 548 4406 1 0 1 0 0 0 0 0 0 1 1 R 0
1434 30358 18944 539 18971 511 4296 1 0 0 0 0 0 0 0 0 1 1 R 0
1435 30378 19151 699 18189 670 5443 1 0 4 0 0 0 0 0 0 2 1 R 0
1436 30396 18038 807 18109 717 4051 1 0 0 0 0 0 0 0 0 2 1 R 0
1437 30417 19913 768 19970 746 4866 1 0 0 0 0 0 0 0 0 0 1 R 0
1438 30440 22080 679 20847 630 4344 1 0 4 0 0 0 0 0 0 2 1 R 0
1439 30460 19114 709 19206 629 3742 1 0 0 0 0 0 0 0 0 1 1 R 0
1440 30482 21699 770 21729 740 6200 1 0 0 0 0 0 0 0 0 2 1 R 0
1441 30500 17075 604 17112 584 3050 1 0 0 0 0 0 0 0 0 1 1 R 0
1442 30524 23271 550 21291 526 3382 1 0 4 0 0 0 0 0 0 2 1 R 0
1443 30545 20676 557 19515 529 4221 1 0 1 0 0 0 0 0 0 1 1 R 0
1444 30565 19589 680 19618 650 4398 1 0 0 0 0 0 0 0 0 1 1 R 0
1445 30588 21729 775 20611 681 3161 1 0 4 0 0 0 0 0 0 2 1 R 0
1446 30606 17457 1127 17535 1068 3578 1 0 0 0 0 0 0 0 0 2 1 R 0
1447 30628 21038 617 21053 588 5400 1 0 0 0 0 0 0 0 0 2 1 R 0
1448 30650 21658 560 20319 530 4316 1 0 4 0 0 0 0 0 0 1 1 R 0
1449 30670 19004 546 19038 519 3457 1 0 0 0 0 0 0 0 0 1 1 R 0
1450 30688 17502 810 17573 771 3210 1 0 0 0 0 0 0 0 0 2 1 R 0
1451 30707 18411 778 18463 715 4743 1 0 0 0 0 0 0 0 0 2 1 R 0
1452 30732 24309 544 21851 521 7209 1 0 5 0 0 0 0 0 0 1 1 R 0
1453 30753 20027 676 20065 656 3852 1 0 0 0 0 0 0 0 0 1 1 R 0
1454 30771 17462 1412 17505 1375 3417 1 0 0 0 0 0 0 0 0 2 1 R 0
1455 30797 24964 542 23822 510 6194 1 0 4 0 0 0 0 0 0 2 1 R 0
1456 30815 17436 819 17544 835 3737 1 0 0 0 0 0 0 0 0 2 1 R 0
1457 30837 21092 597 21011 571 5880 1 0 0 0 0 0 0 0 0 1 1 R 0
1458 30859 21106 789 19980 724 4279 1 0 4 0 0 0 0 0 0 1 1 R 0
1459 30879 18906 698 18984 635 3736 1 0 0 0 0 0 0 0 0 2 1 R 0
1460 30900 20280 657 20293 634 4060 1 0 0 0 0 0 0 0 0 1 1 R 0
1461 30919 19254 691 18946 641 3167 1 0 1 0 0 0 0 0 0 2 1 R 0
1462 30944 24295 659 21061 636 6214 1 0 4 0 0 0 0 0 0 1 1 R 0
1463 30964 19079 638 19113 608 3888 1 0 0 0 0 0 0 0 0 1 1 R 0
1464 30984 19226 546 19242 514 3795 1 0 0 0 0 0 0 0 0 2 1 R 0
1465 31005 20896 664 19806 630 3175 1 0 4 0 0 0 0 0 0 1 1 R 0
1466 31025 18407 753 18466 719 3560 1 0 0 0 0 0 0 0 0 2 1 R 0
1467 31046 20547 616 20548 586 4496 1 0 0 0 0 0 0 0 0 1 1 R 0
1468 31068 21811 548 20541 521 4466 1 0 4 0 0 0 0 0 0 2 1 R 0
1469 31087 18105 666 18167 631 3786 1 0 0 0 0 0 0 0 0 1 1 R 0
1470 31109 21839 695 21895 639 7013 1 0 0 0 0 0 0 0 0 2 1 R 0
1471 31128 17855 691 17885 647 3104 1 0 0 0 1 0 0 0 0 2 1 R 0
1472 31154 24984 604 21813 578 4258 1 0 4 0 0 0 0 0 0 2 1 R 0
1473 31174 20162 549 20198 517 3804 1 0 0 0 0 0 0 0 0 1 1 R 0
1474 31193 17718 692 17768 668 3060 1 0 0 0 0 0 0 0 0 2 1 R 0
1475 31216 22770 789 21589 738 4039 1 0 4 0 0 0 0 0 0 2 1 R 0
1476 31235 18364 737 18431 693 3780 1 0 0 0 0 0 0 0 0 1 1 R 0
1477 31256 19875 595 19888 565 4300 1 0 0 0 0 0 0 0 0 2 1 R 0
1478 31279 22114 561 20787 534 4319 1 0 4 0 0 0 0 0 0 1 1 R 0
1479 31297 17465 825 17547 752 3289 1 0 0 0 0 0 0 0 0 1 1 R 0
1480 31316 18090 626 18144 573 4815 1 0 0 0 0 0 0 0 0 2 1 R 0
1481 31362 46168 554 20065 532 35708 1 2 4 0 0 0 0 0 0 2 1 R 0
1482 31381 17942 1464 18010 1405 3799 1 0 0 0 0 0 0 0 0 1 1 R 0
1483 31400 17173 658 17216 631 3184 1 0 0 0 0 0 0 0 0 2 1 R 0
1484 31423 23055 819 22085 758 3699 1 0 4 0 0 0 0 0 0 2 1 R 0
1485 31446 21564 560 21596 536 6637 1 0 0 0 0 1 0 0 0 1 1 R 0
1486 31465 19071 872 19125 825 4304 1 0 0 0 0 0 0 0 0 1 1 R 0
1487 31489 22574 547 21207 526 4440 1 0 4 0 0 0 0 0 0 2 1 R 0
1488 31507 17427 747 17503 698 3250 1 0 0 0 0 0 0 0 0 2 1 R 0
1489 31527 19295 739 19333 698 5188 1 0 0 0 0 0 0 0 0 1 1 R 0
1490 31548 20135 674 19261 646 6004 1 0 1 0 0 0 0 0 0 2 1 R 0
1491 31571 22548 987 21302 962 7299 1 0 4 0 0 0 0 0 0 2 1 R 0
1492 31590 18118 785 18168 738 3501 1 0 0 0 0 0 0 0 0 1 1 R 0
1493 31608 17539 754 17612 676 3228 1 0 0 0 0 0 0 0 0 2 1 R 0
1494 31631 21895 1519 20904 1486 3934 1 0 4 0 0 0 0 0 0 2 1 R 0
1495 31651 18119 1034 18116 1016 3197 1 0 0 0 0 0 0 0 0 1 1 R 0
1496 31670 18598 603 18635 565 3878 1 0 0 0 0 0 0 0 0 1 1 R 0
1497 31690 18855 831 18944 748 3854 1 0 0 0 0 0 0 0 0 1 1 R 0
1498 31711 20303 1669 19245 1636 3936 1 0 4 0 0 0 0 0 0 2 1 R 0
1499 31730 17091 798 17139 740 3188 1 0 0 0 0 0 0 0 0 2 1 R 0
