# swapstamp frames 1500 skip 300 peer 515
# f t_ms gap_us swap_us crend_us cswap_us clr_us nclr vcs_r ivcs_r vcs_s ivcs_s minf majf cpu0 cpu1 pticks pcpu pstate ctr
0 0 19950 667 19999 642 6487 1 0 0 0 0 0 0 0 0 0 1 R 0
1 18 17789 733 17821 680 3165 1 0 0 0 0 0 0 0 0 2 1 R 0
2 39 20085 678 20118 634 5966 1 0 0 0 0 0 0 0 0 1 1 R 0
3 62 22661 1014 21598 993 7140 1 0 4 0 0 0 0 0 0 2 1 R 0
4 82 18883 973 18898 948 3616 1 0 0 0 0 0 0 0 0 1 1 R 0
5 105 22221 592 20920 543 3410 1 0 1 0 0 0 0 0 0 2 1 R 0
6 127 20865 765 19608 733 3094 1 0 4 0 0 0 0 0 0 2 1 R 0
7 146 18435 825 18663 610 3539 1 0 0 0 0 0 0 0 0 1 1 R 0
8 167 20479 616 20476 586 4467 1 0 0 0 0 0 0 0 0 2 1 R 0
9 192 24092 1207 22835 1138 4510 1 0 4 0 0 0 0 0 0 1 1 R 0
10 212 18626 1669 18287 1692 3402 1 0 1 0 0 0 0 0 0 2 1 R 0
11 233 19896 673 19856 642 3915 1 0 0 0 0 0 0 0 0 1 1 R 0
12 252 18100 2472 18169 1478 3663 1 0 0 0 4 0 0 0 0 1 1 R 0
13 276 21118 600 20694 569 3853 1 0 0 0 0 0 0 0 0 1 1 R 0
14 296 19400 646 19424 619 4118 1 0 0 0 0 0 0 0 0 1 1 R 0
15 320 23252 701 22236 641 7993 1 0 1 0 0 0 0 0 0 2 1 R 0
16 341 21011 590 20078 568 5904 1 0 4 0 0 0 0 0 0 2 1 R 0
17 362 19938 537 19955 512 4082 1 0 0 0 0 0 0 0 0 2 1 R 0
18 382 19443 604 19468 901 3908 1 0 0 0 0 0 0 0 0 1 1 R 0
19 404 22114 778 20709 705 3152 1 0 4 0 0 0 0 0 0 2 1 R 0
20 423 17804 790 17864 709 3067 1 0 0 0 0 0 0 0 0 1 1 R 0
21 442 18078 1438 18136 1386 3203 1 0 0 0 0 0 0 0 0 1 1 R 0
22 466 22252 926 21863 569 4116 1 0 4 0 0 0 0 0 0 2 1 R 0
23 487 20220 547 20237 517 4338 1 0 0 0 0 0 0 0 0 1 1 R 0
24 509 21272 717 20023 667 3647 1 0 1 0 0 0 0 0 0 2 1 R 0
25 527 17820 660 17872 612 3749 1 0 0 0 0 0 0 0 0 1 1 R 0
26 550 22592 578 21524 548 6262 1 0 4 0 0 0 0 0 0 2 1 R 0
27 571 19818 553 19847 520 3924 1 0 0 0 0 0 0 0 0 1 1 R 0
28 592 20283 614 20312 585 3890 1 0 0 0 0 0 0 0 0 1 1 R 0
29 618 25691 648 23354 598 3168 1 0 7 0 0 0 0 0 0 3 1 R 0
30 641 22105 638 22147 607 6964 1 0 0 0 0 0 0 0 0 1 1 R 0
31 665 23900 685 22829 656 3531 1 0 2 0 0 0 0 0 0 2 1 R 0
32 689 23086 575 21691 540 3857 1 0 4 0 0 0 0 0 0 1 1 R 0
33 710 20136 700 18486 664 3710 1 0 1 0 0 0 0 0 0 2 1 R 0
34 728 17709 793 17758 737 3267 1 0 0 0 0 0 0 0 0 2 1 R 0
35 753 24269 753 22934 725 4774 1 0 4 0 0 0 0 0 0 1 1 R 0
36 773 18980 525 18996 505 3938 1 0 0 0 0 0 0 0 0 1 1 R 0
37 794 20323 532 20343 506 3909 1 0 0 0 0 0 0 0 0 2 1 R 0
38 812 17378 2638 17432 2469 3077 1 0 0 0 2 0 0 0 0 2 1 R 0
39 836 21766 584 19804 544 3304 1 0 2 0 0 0 0 0 0 1 1 R 0
40 855 18677 802 18713 774 3182 1 0 0 0 0 0 0 0 0 1 1 R 0
41 876 19691 794 19730 756 3908 1 0 0 0 0 0 0 0 0 1 1 R 0
42 901 24698 688 23170 630 4111 1 0 4 0 0 0 0 0 0 3 1 R 0
43 922 19953 1590 18924 1549 3028 1 0 1 0 0 0 0 0 0 2 1 R 0
44 941 17418 712 17427 687 3075 1 0 0 0 0 0 0 0 0 2 1 R 0
45 968 26113 562 25162 535 6393 1 0 4 0 0 0 0 0 0 1 1 R 0
46 988 19368 569 19395 538 4417 1 0 0 0 0 0 0 0 0 2 1 R 0
47 1009 20270 541 20294 510 4108 1 0 0 0 0 0 0 0 0 1 1 R 0
48 1030 20648 673 19161 634 3685 1 0 4 0 0 0 0 0 0 2 1 R 0
49 1049 18479 642 18510 630 3159 1 0 0 0 0 0 0 0 0 1 1 R 0
50 1070 20326 562 20323 532 4405 1 0 0 0 0 0 0 0 0 2 1 R 0
51 1090 19427 558 19452 529 4411 1 0 0 0 0 0 0 0 0 1 1 R 0
52 1114 24046 545 21485 515 5978 1 0 5 0 0 0 0 0 0 2 1 R 0
53 1133 18409 673 18471 637 3195 1 0 0 0 0 0 0 0 0 1 1 R 0
54 1153 19278 718 19324 665 3632 1 0 0 0 0 0 0 0 0 2 1 R 0
55 1177 22708 561 21201 537 3804 1 0 4 0 0 0 0 0 0 1 1 R 0
56 1198 20404 550 20425 520 4475 1 0 0 0 0 0 0 0 0 1 1 R 0
57 1218 19354 552 19379 516 4118 1 0 0 0 0 0 0 0 0 2 1 R 0
58 1240 21297 645 19916 643 3636 1 0 4 0 0 0 0 0 0 1 1 R 0
59 1260 19988 604 19974 579 4643 1 0 0 0 0 0 0 0 0 2 1 R 0
60 1284 23308 526 23328 499 7603 1 0 0 0 0 0 0 0 0 1 1 R 0
61 1308 23406 819 21495 805 3909 1 0 4 0 0 0 0 0 0 1 1 R 0
62 1327 18044 681 18071 626 3619 1 0 0 0 0 0 0 0 0 2 1 R 0
63 1347 19074 638 19124 591 3527 1 0 0 0 0 0 0 0 0 2 1 R 0
64 1367 19363 678 19404 668 3845 1 0 0 0 0 0 0 0 0 1 1 R 0
65 1389 21960 571 20772 540 6287 1 0 4 0 0 0 0 0 0 1 1 R 0
66 1411 21574 542 21597 522 4499 1 0 0 0 0 1 0 0 0 2 1 R 0
67 1432 19736 1446 18685 1432 3494 1 0 1 0 1 0 0 0 0 2 1 R 0
68 1458 24987 667 22739 609 3389 1 0 5 0 0 0 0 0 0 1 1 R 0
69 1479 19782 569 19812 537 4374 1 0 0 0 0 0 0 0 0 2 1 R 0
70 1499 19861 550 19886 520 4351 1 0 0 0 0 0 0 0 0 1 1 R 0
71 1523 23619 577 21054 537 3759 1 0 5 0 0 0 0 0 0 1 1 R 0
72 1542 18066 1336 18144 1293 3164 1 0 0 0 0 0 0 0 0 2 1 R 0
73 1561 18100 657 18115 612 3455 1 0 0 0 0 0 0 0 0 2 1 R 0
74 1585 22774 756 22020 689 4427 1 0 4 0 0 0 0 0 0 1 1 R 0
75 1609 23168 547 23185 517 9129 1 0 0 0 0 0 0 0 0 1 1 R 0
76 1628 18515 625 18557 579 3938 1 0 0 0 0 0 0 0 0 2 1 R 0
77 1647 18662 700 18727 658 3640 1 0 0 0 0 0 0 0 0 1 1 R 0
78 1668 20179 732 19051 709 6069 1 0 4 0 0 0 0 0 0 1 1 R 0
79 1692 22950 569 22957 536 7283 1 0 0 0 0 0 0 0 0 3 1 R 0
80 1715 23284 564 21374 537 4014 1 0 2 0 0 0 0 0 0 1 1 R 0
81 1739 23123 754 21726 691 3187 1 0 5 0 0 0 0 0 0 2 1 R 0
82 1762 22051 964 21587 942 5733 1 0 1 0 0 0 0 0 0 1 1 R 0
83 1784 20652 809 20208 738 3316 1 0 2 0 0 0 0 0 0 2 1 R 0
84 1806 21645 663 20146 611 3839 1 0 4 0 0 0 0 0 0 1 1 R 0
85 1826 19347 532 19366 508 3230 1 0 0 0 0 0 0 0 0 1 1 R 0
86 1845 18585 628 18614 608 3280 1 0 0 0 0 0 0 0 0 2 1 R 0
87 1867 20863 692 19924 673 3446 1 0 4 0 0 0 0 0 0 1 1 R 0
88 1897 29975 582 26646 553 10324 1 0 3 0 0 1 0 0 0 2 1 R 0
89 1919 21368 551 20149 520 4391 1 0 1 0 0 0 0 0 0 1 1 R 0
90 1944 24348 536 23209 506 6412 1 0 4 0 0 0 0 0 0 2 1 R 0
91 1964 19754 715 19788 688 3127 1 0 0 0 0 0 0 0 0 2 1 R 0
92 1985 19753 762 19805 704 3320 1 0 0 0 0 0 0 0 0 1 1 R 0
93 2007 21867 1271 20900 1265 3897 1 0 4 0 0 1 0 0 0 1 1 R 0
94 2028 19501 574 19504 541 4187 1 0 0 0 0 0 0 0 0 2 1 R 0
95 2048 18764 675 18824 614 3521 1 0 0 0 0 0 0 0 0 2 1 R 0
96 2066 18002 768 18087 699 3636 1 0 0 0 0 0 0 0 0 1 1 R 0
97 2089 21987 589 20829 557 6560 1 0 4 0 0 0 0 0 0 1 1 R 0
98 2110 20021 554 20047 530 4331 1 0 0 0 0 0 0 0 0 2 1 R 0
99 2131 20361 617 19047 587 3479 1 0 1 0 0 0 0 0 0 1 1 R 0
100 2155 23399 533 22099 499 3236 1 0 4 0 0 0 0 0 0 2 1 R 0
101 2174 19029 667 19077 633 3419 1 0 0 0 0 0 0 0 0 1 1 R 0
102 2196 20698 680 20710 654 4099 1 0 0 0 0 0 0 0 0 2 1 R 0
103 2217 21059 561 20285 533 3923 1 0 4 0 0 0 0 0 0 1 1 R 0
104 2238 19784 746 19870 661 4011 1 0 0 0 0 0 0 0 0 1 1 R 0
105 2260 21585 780 21617 763 6877 1 0 0 0 0 0 0 0 0 2 1 R 0
106 2279 18083 988 18101 950 3248 1 0 0 0 0 0 0 0 0 2 1 R 0
107 2303 23311 543 22269 517 7301 1 0 4 0 0 0 0 0 0 1 1 R 0
108 2325 21239 553 19724 529 3895 1 0 1 0 0 0 0 0 0 2 1 R 0
109 2344 18954 767 18994 750 3813 1 0 0 0 0 0 0 0 0 1 1 R 0
110 2368 22377 662 21191 630 3253 1 0 4 0 0 0 0 0 0 1 1 R 0
111 2386 17842 648 17886 618 3620 1 0 0 0 0 0 0 0 0 2 1 R 0
112 2407 20166 544 20172 516 4551 1 0 0 0 0 0 0 0 0 1 1 R 0
113 2430 22349 551 21508 526 4363 1 0 4 0 0 0 0 0 0 1 1 R 0
114 2449 18719 704 18773 666 4107 1 0 0 0 0 0 0 0 0 2 1 R 0
115 2468 18297 768 18361 713 3586 1 0 0 0 0 0 0 0 0 2 1 R 0
116 2488 19183 659 19198 633 4622 1 0 0 0 0 0 0 0 0 2 1 R 0
117 2511 22190 580 21073 548 6618 1 0 4 0 0 0 0 0 0 1 1 R 0
118 2534 22735 550 21688 523 5439 1 0 1 0 0 0 0 0 0 2 1 R 0
119 2556 21141 825 20870 801 3160 1 0 1 0 0 0 0 0 0 2 1 R 0
120 2581 24482 672 23349 641 8646 1 0 4 0 0 0 0 0 0 2 1 R 0
121 2601 19057 616 19156 515 3125 1 0 0 0 0 0 0 0 0 1 1 R 0
122 2621 19860 598 19886 574 3916 1 0 0 0 0 0 0 0 0 1 1 R 0
123 2645 22674 546 21498 510 3869 1 0 4 0 0 0 0 0 0 2 1 R 0
124 2665 19700 652 19250 616 3111 1 0 1 0 0 0 0 0 0 1 1 R 0
125 2685 19884 658 19929 614 3943 1 0 0 0 0 0 0 0 0 2 1 R 0
126 2709 22485 535 21682 505 3620 1 0 4 0 0 0 0 0 0 1 1 R 0
127 2730 21398 679 20406 631 4390 1 0 1 0 0 0 0 0 0 2 1 R 0
128 2751 19424 797 19514 711 3952 1 0 0 0 0 0 0 0 0 1 1 R 0
129 2769 17869 613 17906 607 3156 1 0 0 0 0 0 0 0 0 2 1 R 0
130 2791 21014 802 20044 781 6116 1 0 4 0 0 0 0 0 0 2 1 R 0
131 2811 19471 683 19500 644 3711 1 0 0 0 0 0 0 0 0 1 1 R 0
132 2832 20413 1261 20450 1212 3903 1 0 0 0 0 0 0 0 0 2 1 R 0
133 2856 22032 643 21052 591 3848 1 0 4 0 0 0 0 0 0 0 1 R 0
134 2874 18186 643 18229 602 3045 1 0 0 0 0 0 0 0 0 3 1 R 0
135 2898 22913 543 22930 514 6635 1 0 0 0 0 0 0 0 0 1 1 R 0
136 2922 23519 1009 20679 984 3744 1 0 4 0 0 0 0 0 0 2 1 R 0
137 2943 20028 631 20065 583 3906 1 0 0 0 0 0 0 0 0 1 1 R 0
138 2961 17802 677 17846 654 3503 1 0 0 0 0 0 0 0 0 2 1 R 0
139 2983 21047 2389 21050 1498 4001 1 0 1 0 3 0 0 0 0 1 1 R 0
140 3005 19729 606 19741 572 3914 1 0 0 0 0 0 0 0 0 1 1 R 0
141 3026 20195 536 20221 509 3698 1 0 0 0 0 0 0 0 0 1 1 R 0
142 3047 19875 635 19903 602 4631 1 0 0 0 0 0 0 0 0 1 1 R 0
143 3068 20839 815 19838 759 3237 1 0 4 0 0 0 0 0 0 2 1 R 0
144 3087 17953 634 17986 589 3448 1 0 0 0 0 0 0 0 0 1 1 R 0
145 3108 20152 843 20196 809 4308 1 0 0 0 0 0 0 0 0 2 1 R 0
146 3132 23656 1004 20749 988 4355 1 0 5 0 0 0 0 0 0 2 1 R 0
147 3152 19253 1090 19268 1068 3862 1 0 0 0 0 0 0 0 0 1 1 R 0
148 3171 17672 845 17711 808 3200 1 0 0 0 0 0 0 0 0 2 1 R 0
149 3191 18824 656 18868 628 3323 1 0 0 0 0 0 0 0 0 1 1 R 0
150 3217 26069 551 24635 526 7186 1 0 4 0 0 0 0 0 0 2 1 R 0
151 3238 19604 562 19630 533 4365 1 0 0 0 0 0 0 0 0 1 1 R 0
152 3258 20143 544 20167 515 4089 1 0 0 0 0 0 0 0 0 2 1 R 0
153 3280 21214 859 20095 912 5769 1 0 4 0 0 0 0 0 0 1 1 R 0
154 3299 18001 670 17951 612 3174 1 0 0 0 0 0 0 0 0 2 1 R 0
155 3319 19232 2512 19323 1324 4803 1 0 0 0 1 0 0 0 0 2 1 R 0
156 3344 22913 929 21606 910 3873 1 0 4 0 0 0 0 0 0 0 1 R 0
157 3365 20144 529 20160 498 3836 1 0 0 0 0 0 0 0 0 2 1 R 0
158 3386 19932 712 19733 675 3059 1 0 1 0 0 0 0 0 0 2 1 R 0
159 3409 22560 554 20804 529 3328 1 0 4 0 0 0 0 0 0 2 1 R 0
160 3429 19294 706 19319 681 4506 1 0 0 0 0 0 0 0 0 1 1 R 0
161 3450 20120 549 20145 513 4349 1 0 0 0 0 0 0 0 0 1 1 R 0
162 3469 18724 811 18783 801 4461 1 0 0 0 0 0 0 0 0 2 1 R 0
163 3491 21064 948 20204 845 5591 1 0 4 0 0 0 0 0 0 1 1 R 0
164 3510 17760 694 17797 669 3316 1 0 0 0 0 0 0 0 0 2 1 R 0
165 3536 25628 802 23339 766 10719 1 0 1 0 0 0 0 0 0 1 1 R 0
166 3558 21104 621 19650 589 3897 1 0 4 0 0 0 0 0 0 1 1 R 0
167 3577 18339 655 18392 609 3723 1 0 0 0 0 0 0 0 0 2 1 R 0
168 3596 18642 641 18673 599 3699 1 0 0 0 0 0 0 0 0 1 1 R 0
169 3619 22591 534 21512 505 4297 1 0 4 0 0 0 0 0 0 2 1 R 0
170 3640 20169 543 20199 512 4086 1 0 0 0 0 0 0 0 0 1 1 R 0
171 3660 19828 561 19856 538 4552 1 0 0 0 0 0 0 0 0 1 1 R 0
172 3679 18049 1072 18110 1024 3042 1 0 0 0 0 0 0 0 0 2 1 R 0
173 3703 23333 661 21937 629 6242 1 0 5 0 0 0 0 0 0 2 1 R 0
174 3722 17719 3220 17776 1653 3067 1 0 0 0 1 0 0 0 0 1 1 R 0
175 3745 19710 564 19713 534 4141 1 0 0 0 0 0 0 0 0 1 1 R 0
176 3768 22993 569 21794 536 3898 1 0 4 0 0 0 0 0 0 2 1 R 0
177 3787 18324 670 18371 641 3579 1 0 0 0 0 0 0 0 0 1 1 R 0
178 3809 20935 622 20956 579 5293 1 0 0 0 0 0 0 0 0 2 1 R 0
179 3832 22263 571 20734 538 3642 1 0 4 0 0 0 0 0 0 2 1 R 0
180 3855 22782 545 22807 513 9017 1 0 0 0 0 0 0 0 0 1 1 R 0
181 3876 19948 543 19976 512 3403 1 0 0 0 0 1 0 0 0 1 1 R 0
182 3898 21946 535 20334 506 3325 1 0 4 0 0 0 0 0 0 2 1 R 0
183 3916 17715 674 17778 623 3676 1 0 0 0 0 0 0 0 0 1 1 R 0
184 3939 22397 599 21407 578 6858 1 0 1 0 0 0 0 0 0 2 1 R 0
185 3960 19720 570 19744 533 4500 1 0 0 0 0 0 0 0 0 1 1 R 0
186 3981 21188 572 20226 541 6738 1 0 4 0 0 0 0 0 0 1 1 R 0
187 4002 19975 1027 19997 1007 3906 1 0 0 0 0 0 0 0 0 2 1 R 0
188 4022 18621 556 18644 530 3580 1 0 0 0 0 0 0 0 0 1 1 R 0
189 4045 22493 539 20832 512 3891 1 0 4 0 0 0 0 0 0 1 1 R 0
190 4066 20402 539 20430 509 3863 1 0 0 0 0 0 0 0 0 2 1 R 0
191 4085 19326 796 19362 762 3745 1 0 0 0 0 0 0 0 0 2 1 R 0
192 4108 21372 727 20047 689 3150 1 0 4 0 0 0 0 0 0 1 1 R 0
193 4129 20395 1036 19349 992 4204 1 0 1 0 0 0 0 0 0 2 1 R 0
194 4150 20108 577 20132 550 4293 1 0 0 0 0 1 0 0 0 1 1 R 0
195 4173 22518 2057 22554 1045 8159 1 0 1 0 3 0 0 0 0 1 1 R 0
196 4194 19119 1987 19187 1904 3278 1 0 0 0 0 1 0 0 0 2 1 R 0
197 4215 18541 619 18563 584 3150 1 0 0 0 0 0 0 0 0 1 1 R 0
198 4235 19471 661 19513 617 3370 1 0 0 0 0 0 0 0 0 2 1 R 0
199 4259 23253 583 21694 551 3894 1 0 4 0 0 0 0 0 0 1 1 R 0
200 4279 19200 562 19226 525 4367 1 0 0 0 0 0 0 0 0 2 1 R 0
201 4298 18775 732 18860 658 3655 1 0 0 0 0 0 0 0 0 1 1 R 0
202 4320 21334 696 19709 663 3934 1 0 4 0 0 0 0 0 0 2 1 R 0
203 4342 20923 586 19976 553 4004 1 0 1 0 0 0 0 0 0 1 1 R 0
204 4362 19457 566 19485 538 4122 1 0 0 0 0 0 0 0 0 1 1 R 0
205 4382 19504 591 19532 556 3903 1 0 0 0 0 0 0 0 0 2 1 R 0
206 4404 21483 873 20238 829 3226 1 0 4 0 0 0 0 0 0 1 1 R 0
207 4422 17460 1333 17514 1286 3283 1 0 0 0 0 0 0 0 0 2 1 R 0
208 4442 18594 1540 18626 1525 4231 1 0 0 0 0 0 0 0 0 2 1 R 0
209 4466 22472 568 20988 537 3914 1 0 4 0 0 0 0 0 0 1 1 R 0
210 4489 22697 546 22717 523 7293 1 0 0 0 0 0 0 0 0 2 1 R 0
211 4508 18095 795 18140 755 3569 1 0 0 0 0 0 0 0 0 2 1 R 0
212 4532 23288 1385 21218 1282 4732 1 0 5 0 0 0 0 0 0 1 1 R 0
213 4554 20201 539 20211 512 3903 1 0 0 0 0 0 0 0 0 2 1 R 0
214 4573 18941 801 18964 774 3872 1 0 0 0 0 0 0 0 0 1 1 R 0
215 4594 20096 2530 20117 1341 3702 1 0 2 0 2 0 0 0 0 1 1 R 0
216 4615 18400 629 18429 594 3091 1 0 0 0 0 0 0 0 0 2 1 R 0
217 4634 18535 629 18553 601 3546 1 0 0 0 0 0 0 0 0 2 1 R 0
218 4657 22366 563 21929 537 4874 1 0 1 0 0 0 0 0 0 1 1 R 0
219 4680 22480 566 21470 538 4728 1 0 4 0 0 0 0 0 0 1 1 R 0
220 4699 18340 691 18389 641 3589 1 0 0 0 0 0 0 0 0 2 1 R 0
221 4718 18129 735 18189 695 3561 1 0 0 0 0 0 0 0 0 1 1 R 0
222 4743 24810 551 22463 525 4291 1 0 5 0 0 0 0 0 0 2 1 R 0
223 4763 19530 537 19555 516 4108 1 0 0 0 0 0 0 0 0 2 1 R 0
224 4785 20519 570 20540 545 4014 1 0 0 0 0 0 0 0 0 1 1 R 0
225 4810 24669 553 23592 524 6734 1 0 4 0 0 0 0 0 0 2 1 R 0
226 4828 17281 918 17377 817 3609 1 0 0 0 0 0 0 0 0 1 1 R 0
227 4849 20030 654 20078 634 4625 1 0 0 0 0 0 0 0 0 1 1 R 0
228 4869 19633 698 19644 673 4357 1 0 0 0 0 0 0 0 0 2 1 R 0
229 4891 21494 569 20268 539 6386 1 0 4 0 0 0 0 0 0 1 1 R 0
230 4909 17821 762 17868 742 3352 1 0 0 0 0 0 0 0 0 2 1 R 0
231 4929 18625 902 18636 871 4446 1 0 0 0 0 0 0 0 0 2 1 R 0
232 4954 24187 553 20176 525 3165 1 0 5 0 0 0 0 0 0 1 1 R 0
233 4974 19862 536 19890 511 3940 1 0 0 0 0 0 0 0 0 2 1 R 0
234 4995 19898 551 19918 527 4101 1 0 0 0 0 0 0 0 0 1 1 R 0
235 5017 22156 639 20551 627 3133 1 0 4 0 0 0 0 0 0 2 1 R 0
236 5037 18535 655 18569 618 3763 1 0 0 0 0 0 0 0 0 1 1 R 0
237 5059 21249 604 21287 572 3718 1 0 0 0 0 0 0 0 0 2 1 R 0
238 5090 30475 594 25399 568 4589 1 0 5 0 0 0 0 0 0 1 1 R 0
239 5109 19145 763 19205 696 4160 1 0 0 0 0 0 0 0 0 2 1 R 0
240 5131 21176 736 21244 660 6418 1 0 0 0 0 0 0 0 0 1 1 R 0
241 5152 20029 3266 18880 2454 3174 1 0 1 0 3 0 0 0 0 2 1 R 0
242 5175 20055 608 19761 570 3913 1 0 1 0 0 0 0 0 0 1 1 R 0
243 5196 19775 663 19797 636 4136 1 0 0 0 0 0 0 0 0 2 1 R 0
244 5215 18477 639 18532 584 3050 1 0 0 0 0 0 0 0 0 1 1 R 0
245 5238 22788 650 21935 593 3344 1 0 4 0 0 0 0 0 0 1 1 R 0
246 5257 18339 674 18380 647 3497 1 0 0 0 0 0 0 0 0 2 1 R 0
247 5278 20374 545 20379 519 4178 1 0 0 0 0 0 0 0 0 1 1 R 0
248 5300 21404 572 20092 543 4188 1 0 4 0 0 0 0 0 0 2 1 R 0
249 5321 20038 832 20097 797 3352 1 0 0 0 0 0 0 0 0 2 1 R 0
250 5345 23586 934 21740 897 3048 1 0 2 0 0 0 0 0 0 1 1 R 0
251 5370 23692 546 22548 522 3201 1 0 4 0 0 0 0 0 0 2 1 R 0
252 5390 19968 567 19993 533 3940 1 0 0 0 0 0 0 0 0 1 1 R 0
253 5411 20097 704 20131 686 3697 1 0 0 0 0 0 0 0 0 1 1 R 0
254 5429 17018 882 17063 828 3092 1 0 0 0 0 0 0 0 0 2 1 R 0
255 5455 25190 599 24281 578 9167 1 0 4 0 0 0 0 0 0 2 1 R 0
256 5476 20020 546 20044 513 3876 1 0 0 0 0 0 0 0 0 1 1 R 0
257 5496 19771 675 19802 655 4101 1 0 0 0 0 0 0 0 0 1 1 R 0
258 5520 22980 575 21716 538 3901 1 0 4 0 0 0 0 0 0 2 1 R 0
259 5540 19740 629 18463 578 3697 1 0 1 0 0 0 0 0 0 2 1 R 0
260 5561 20021 832 20101 794 3770 1 0 0 0 0 0 0 0 0 1 1 R 0
261 5584 22952 551 21361 523 3789 1 0 4 0 0 0 0 0 0 2 1 R 0
262 5605 20095 640 20125 618 3892 1 0 0 0 0 0 0 0 0 1 1 R 0
263 5624 18531 707 18581 670 3199 1 0 0 0 0 0 0 0 0 2 1 R 0
264 5647 22363 1001 21394 779 4156 1 0 4 0 0 0 0 0 0 1 1 R 0
265 5667 19092 665 19133 621 3646 1 0 0 0 0 0 0 0 0 2 1 R 0
266 5688 20081 549 20095 522 4461 1 0 0 0 0 0 0 0 0 1 1 R 0
267 5710 21351 563 20943 531 5335 1 0 1 0 0 0 0 0 0 2 1 R 0
268 5734 23124 549 21451 524 6774 1 0 4 0 0 0 0 0 0 1 1 R 0
269 5756 21442 834 20362 805 5357 1 0 1 0 0 0 0 0 0 1 1 R 0
270 5779 22604 717 22638 684 8391 1 0 0 0 0 0 0 0 0 1 1 R 0
271 5801 21516 544 20602 517 6581 1 0 4 0 0 0 0 0 0 2 1 R 0
272 5821 18986 890 19027 872 3583 1 0 0 0 0 0 0 0 0 1 1 R 0
273 5840 17811 662 17848 605 3173 1 0 0 0 0 0 0 0 0 2 1 R 0
274 5862 21964 1481 20831 1438 3372 1 0 4 0 0 1 0 0 0 2 1 R 0
275 5882 18344 1459 18382 1424 3221 1 0 0 0 0 0 0 0 0 1 1 R 0
276 5903 19811 541 19810 514 3957 1 0 0 0 0 0 0 0 0 1 1 R 0
277 5928 24480 554 23632 526 3439 1 0 4 0 0 0 0 0 0 2 1 R 0
278 5949 20125 782 19115 725 3684 1 0 1 0 0 0 0 0 0 2 1 R 0
279 5969 18878 640 18898 620 4537 1 0 0 0 0 0 0 0 0 1 1 R 0
280 5991 21267 612 21271 583 5426 1 0 0 0 0 0 0 0 0 2 1 R 0
281 6014 22578 540 21140 514 3893 1 0 4 0 0 0 0 0 0 1 1 R 0
282 6032 17874 1613 17916 1604 3238 1 0 0 0 0 0 0 0 0 1 1 R 0
283 6051 17684 667 17695 647 3069 1 0 0 0 0 0 0 0 0 2 1 R 0
284 6076 23886 546 22878 518 3665 1 0 4 0 0 0 0 0 0 2 1 R 0
285 6099 22429 562 22457 532 8263 1 0 0 0 0 0 0 0 0 1 1 R 0
286 6119 19537 595 19594 537 4265 1 0 0 0 0 0 0 0 0 1 1 R 0
287 6143 23276 622 20966 579 4174 1 0 5 0 0 0 0 0 0 2 1 R 0
288 6161 17870 657 17922 614 3317 1 0 0 0 0 0 0 0 0 1 1 R 0
289 6182 19970 970 19990 952 3780 1 0 0 0 0 0 0 0 0 2 1 R 0
290 6202 19227 2292 19244 1703 3897 1 0 0 0 4 0 0 0 0 1 1 R 0
291 6225 20441 556 19900 523 3909 1 0 0 0 0 0 0 0 0 1 1 R 0
292 6244 18637 632 18682 585 3402 1 0 0 0 0 0 0 0 0 2 1 R 0
293 6264 18840 639 18901 577 3076 1 0 0 0 0 0 0 0 0 2 1 R 0
294 6287 22640 544 21490 516 3400 1 0 4 0 0 0 0 0 0 1 1 R 0
295 6307 19722 554 19750 526 4335 1 0 0 0 0 0 0 0 0 1 1 R 0
296 6328 20459 562 20482 537 4597 1 0 0 0 0 0 0 0 0 2 1 R 0
297 6352 23562 985 21039 968 3749 1 0 5 0 0 0 0 0 0 1 1 R 0
298 6371 17608 2181 17639 2168 3109 1 0 0 0 0 1 0 0 0 2 1 R 0
299 6394 20604 527 20593 499 3810 1 0 0 0 0 0 0 0 0 1 1 R 0
300 6420 25419 564 24429 531 8725 1 0 4 0 0 0 0 0 0 2 1 R 0
301 6442 21650 1059 21684 1038 4443 1 0 0 0 0 0 0 0 0 1 1 R 0
302 6460 17167 666 17221 612 3363 1 0 0 0 0 0 0 0 0 1 1 R 0
303 6485 24451 2368 23571 1289 5671 1 0 2 0 2 0 0 0 0 3 1 R 0
304 6507 19716 572 19716 541 4389 1 0 0 0 0 0 0 0 0 1 1 R 0
305 6528 19926 558 19952 529 4519 1 0 0 0 0 0 0 0 0 1 1 R 0
306 6549 20628 837 19437 738 3581 1 0 1 0 0 0 0 0 0 2 1 R 0
307 6570 19964 668 19165 648 5452 1 0 4 0 0 0 0 0 0 1 1 R 0
308 6590 19182 1224 19212 1182 3204 1 0 0 0 0 0 0 0 0 3 1 R 0
309 6611 19741 563 19744 539 3834 1 0 0 0 0 0 0 0 0 1 1 R 0
310 6634 22602 552 21149 519 3861 1 0 4 0 0 0 0 0 0 1 1 R 0
311 6652 17469 2409 17542 1757 3209 1 0 0 0 1 0 0 0 0 2 1 R 0
312 6672 17626 1496 17486 1449 3207 1 0 0 0 0 0 0 0 0 1 1 R 0
313 6697 23918 602 22690 580 4936 1 0 4 0 0 0 0 0 0 2 1 R 0
314 6718 19830 558 19858 529 4396 1 0 0 0 0 0 0 0 0 1 1 R 0
315 6740 22256 555 22281 527 7388 1 0 0 0 0 0 0 0 0 1 1 R 0
316 6762 21248 2672 19850 1852 3498 1 0 2 0 3 0 0 0 0 2 1 R 0
317 6784 19028 643 19046 614 3096 1 0 0 0 0 0 0 0 0 1 1 R 0
318 6805 20023 535 20033 509 3844 1 0 0 0 0 0 0 0 0 1 1 R 0
319 6825 19759 577 19790 549 3908 1 0 0 0 0 0 0 0 0 1 1 R 0
320 6848 22891 592 21859 571 3599 1 0 4 0 0 0 0 0 0 3 1 R 0
321 6867 17778 772 17856 682 3691 1 0 0 0 0 0 0 0 0 2 1 R 0
322 6887 19814 727 19867 685 4960 1 0 0 0 0 1 0 0 0 2 1 R 0
323 6911 22762 557 21557 527 5081 1 0 4 0 0 0 0 0 0 1 1 R 0
324 6931 19774 573 19803 540 3931 1 0 0 0 0 0 0 0 0 1 1 R 0
325 6954 22450 589 21281 567 3934 1 0 1 0 0 0 0 0 0 1 1 R 0
326 6977 22270 822 21202 938 3102 1 0 4 0 0 0 0 0 0 3 1 R 0
327 6997 18935 674 18818 627 3548 1 0 0 0 0 0 0 0 0 1 1 R 0
328 7018 20095 557 20109 527 4277 1 0 0 0 0 0 0 0 0 1 1 R 0
329 7038 19961 536 19986 506 4387 1 0 0 0 0 0 0 0 0 1 1 R 0
330 7062 23211 955 22164 931 8721 1 0 4 0 0 0 0 0 0 2 1 R 0
331 7081 18132 666 18180 601 3444 1 0 0 0 0 0 0 0 0 1 1 R 0
332 7101 19374 786 19420 785 3281 1 0 0 0 0 0 0 0 0 2 1 R 0
333 7125 23053 561 21670 537 3957 1 0 4 0 0 0 0 0 0 0 1 R 0
334 7147 21263 548 20469 518 4150 1 0 1 0 0 0 0 0 0 1 1 R 0
335 7165 18274 638 18327 588 3214 1 0 0 0 0 0 0 0 0 2 1 R 0
336 7189 23260 540 21722 507 3554 1 0 4 0 0 0 0 0 0 2 1 R 0
337 7209 19189 649 19235 609 3739 1 0 0 0 0 0 0 0 0 2 1 R 0
338 7229 19393 660 19409 638 4334 1 0 0 0 0 0 0 0 0 1 1 R 0
339 7250 19880 561 19903 525 4424 1 0 0 0 0 0 0 0 0 1 1 R 0
340 7270 19973 780 19145 727 5648 1 0 4 0 0 0 0 0 0 2 1 R 0
341 7290 18702 622 18737 577 3610 1 0 0 0 0 0 0 0 0 2 1 R 0
342 7310 19456 845 19525 814 3464 1 0 0 0 0 0 0 0 0 1 1 R 0
343 7333 22651 537 21458 517 3903 1 0 4 0 0 0 0 0 0 1 1 R 0
344 7355 20855 549 19255 525 3840 1 0 1 0 0 0 0 0 0 2 1 R 0
345 7377 21880 891 21986 782 6701 1 0 0 0 0 0 0 0 0 1 1 R 0
346 7400 21544 643 19858 619 3546 1 0 4 0 0 0 0 0 0 2 1 R 0
347 7420 19444 772 19496 735 4291 1 0 0 0 0 0 0 0 0 1 1 R 0
348 7440 19248 546 19263 514 4286 1 0 0 0 0 0 0 0 0 1 1 R 0
349 7460 20241 617 20274 595 4141 1 0 0 0 0 0 0 0 0 2 1 R 0
350 7482 20714 1218 19461 1213 3459 1 0 4 0 0 0 0 0 0 1 1 R 0
351 7501 17510 781 17560 729 3295 1 0 0 0 0 0 0 0 0 2 1 R 0
352 7523 21658 531 21648 503 4840 1 0 0 0 0 0 0 0 0 2 1 R 0
353 7545 21805 559 20679 534 3920 1 0 4 0 0 0 0 0 0 1 1 R 0
354 7567 21505 565 20362 529 4189 1 0 1 0 0 0 0 0 0 1 1 R 0
355 7586 18108 662 18150 622 3544 1 0 0 0 0 0 0 0 0 2 1 R 0
356 7609 22407 540 20820 518 3177 1 0 4 0 0 0 0 0 0 2 1 R 0
357 7630 20320 569 20346 537 4335 1 0 0 0 0 0 0 0 0 1 1 R 0
358 7650 19670 578 19699 551 4336 1 0 0 0 0 0 0 0 0 1 1 R 0
359 7671 19861 557 19896 513 3693 1 0 0 0 0 0 0 0 0 2 1 R 0
360 7697 25675 542 23457 521 7769 1 0 5 0 0 0 0 0 0 2 1 R 0
361 7717 19656 610 19679 586 3058 1 0 0 0 0 0 0 0 0 1 1 R 0
362 7737 19683 538 19701 513 4284 1 0 0 0 0 0 0 0 0 1 1 R 0
363 7761 23281 573 20954 537 5682 1 0 5 0 0 0 0 0 0 1 1 R 0
364 7780 18509 663 18566 611 3132 1 0 0 0 0 0 0 0 0 2 1 R 0
365 7800 18881 745 18915 698 3409 1 0 0 0 0 0 0 0 0 2 1 R 0
366 7823 22747 765 21164 696 3335 1 0 4 0 0 0 0 0 0 1 1 R 0
367 7845 20868 528 20889 504 4166 1 0 0 0 0 1 0 0 0 2 1 R 0
368 7866 20050 541 20074 516 3804 1 0 0 0 0 0 0 0 0 1 1 R 0
369 7888 22390 657 20834 601 3156 1 0 4 0 0 0 0 0 0 2 1 R 0
370 7907 17769 769 17812 738 3642 1 0 0 0 0 0 0 0 0 2 1 R 0
371 7926 18770 662 18799 649 4234 1 0 0 0 0 0 0 0 0 1 1 R 0
372 7948 21071 548 21067 515 4631 1 0 0 0 0 0 0 0 0 2 1 R 0
373 7971 22478 566 20402 538 6122 1 0 5 0 0 0 0 0 0 1 1 R 0
374 7990 18271 729 18351 664 3307 1 0 0 0 0 0 0 0 0 2 1 R 0
375 8013 22574 846 22646 759 6153 1 0 0 0 0 0 0 0 0 1 1 R 0
376 8037 22663 606 20890 585 3880 1 0 4 0 0 0 0 0 0 2 1 R 0
377 8057 19656 553 19677 524 4376 1 0 0 0 0 0 0 0 0 1 1 R 0
378 8078 20272 545 20299 517 4387 1 0 0 0 0 0 0 0 0 1 1 R 0
379 8100 21570 678 19720 671 3581 1 0 4 0 0 0 0 0 0 2 1 R 0
380 8120 18812 681 18821 669 3183 1 0 0 0 0 0 0 0 0 2 1 R 0
381 8141 20493 552 20486 525 4419 1 0 0 0 0 0 0 0 0 1 1 R 0
382 8162 21108 2015 19579 938 4116 1 0 2 0 3 0 0 0 0 1 1 R 0
383 8184 20084 538 19690 512 3170 1 0 0 0 0 0 0 0 0 1 1 R 0
384 8204 19454 650 19490 627 3280 1 0 0 0 0 0 0 0 0 3 1 R 0
385 8225 19998 775 20021 747 3248 1 0 0 0 0 0 0 0 0 1 1 R 0
386 8248 21851 569 20369 535 4042 1 0 4 0 0 0 0 0 0 1 1 R 0
387 8269 20261 555 20290 523 4492 1 0 0 0 0 0 0 0 0 2 1 R 0
388 8287 18314 736 18360 694 3538 1 0 0 0 0 0 0 0 0 2 1 R 0
389 8310 22203 713 20603 682 4535 1 0 4 0 0 0 0 0 0 1 1 R 0
390 8334 23113 533 23104 503 6052 1 0 0 0 0 0 0 0 0 1 1 R 0
391 8356 21245 522 20475 503 3919 1 0 1 0 0 0 0 0 0 2 1 R 0
392 8379 22208 537 21178 518 3845 1 0 4 0 0 0 0 0 0 2 1 R 0
393 8398 19173 836 19210 812 3660 1 0 0 0 0 0 0 0 0 0 1 R 0
394 8419 19283 662 18972 612 3728 1 0 1 0 0 0 0 0 0 2 1 R 0
395 8439 20048 553 20076 524 4170 1 0 0 0 0 0 0 0 0 1 1 R 0
396 8462 21870 575 20771 541 6828 1 0 4 0 0 0 0 0 0 2 1 R 0
397 8481 19188 535 19211 509 3403 1 0 0 0 0 0 0 0 0 1 1 R 0
398 8500 18398 661 18460 597 3296 1 0 0 0 0 0 0 0 0 2 1 R 0
399 8522 21142 1455 20210 1427 3287 1 0 4 0 0 0 0 0 0 2 1 R 0
400 8544 20340 534 20328 511 3882 1 0 0 0 0 0 0 0 0 1 1 R 0
401 8565 20988 1214 19478 1202 3928 1 0 1 0 0 1 0 0 0 1 1 R 0
402 8590 22911 548 21207 522 3437 1 0 4 0 0 0 0 0 0 2 1 R 0
403 8608 18081 679 18134 632 3688 1 0 0 0 0 0 0 0 0 1 1 R 0
404 8628 19520 684 19558 645 4616 1 0 0 0 0 0 0 0 0 2 1 R 0
405 8655 26127 633 25604 617 8006 1 0 1 0 0 0 0 0 0 1 1 R 0
406 8678 21879 559 20775 533 4550 1 0 3 0 0 0 0 0 0 2 1 R 0
407 8697 18210 626 18247 594 3563 1 0 0 0 0 0 0 0 0 1 1 R 0
408 8716 18744 607 18773 593 4390 1 0 0 0 0 0 0 0 0 2 1 R 0
409 8739 22237 807 21064 770 3384 1 0 4 0 0 0 0 0 0 2 1 R 0
410 8760 20721 548 19490 518 3870 1 0 1 0 0 0 0 0 0 1 1 R 0
411 8781 20416 639 20443 623 3851 1 0 0 0 0 0 0 0 0 1 1 R 0
412 8805 22716 537 21609 513 3134 1 0 4 0 0 0 0 0 0 2 1 R 0
413 8823 18314 677 18377 607 3211 1 0 0 0 0 0 0 0 0 2 1 R 0
414 8846 22197 539 21762 510 4757 1 0 1 0 0 0 0 0 0 2 1 R 0
415 8868 21384 566 20276 533 4580 1 0 4 0 0 0 0 0 0 1 1 R 0
416 8891 22024 555 22053 528 4352 1 0 0 0 0 0 0 0 0 2 1 R 0
417 8912 20665 1121 20055 1097 4449 1 0 1 0 0 0 0 0 0 1 1 R 0
418 8931 17779 758 17868 674 3110 1 0 0 0 0 0 0 0 0 2 1 R 0
419 8956 23854 547 22357 514 4256 1 0 4 0 0 0 0 0 0 1 1 R 0
420 8980 24279 568 23018 538 9075 1 0 1 0 0 0 0 0 0 1 1 R 0
421 9000 19095 926 19136 890 3873 1 0 0 0 0 0 0 0 0 2 1 R 0
422 9022 21053 1397 19855 1378 4580 1 0 4 0 0 0 0 0 0 2 1 R 0
423 9042 18154 667 18154 653 3238 1 0 0 0 0 0 0 0 0 1 1 R 0
424 9062 19397 686 19418 1550 3725 1 0 0 0 0 0 0 0 0 2 1 R 0
425 9085 23124 551 20579 525 3944 1 0 4 0 0 0 0 0 0 1 1 R 0
426 9106 19918 734 19968 704 3402 1 0 0 0 0 0 0 0 0 2 1 R 0
427 9125 18635 609 18646 582 3134 1 0 0 0 0 0 0 0 0 1 1 R 0
428 9149 22633 536 21112 512 3641 1 0 4 0 0 0 0 0 0 2 1 R 0
429 9170 21336 559 19669 527 4462 1 0 1 0 0 0 0 0 0 1 1 R 0
430 9191 19514 556 19542 529 3863 1 0 0 0 0 0 0 0 0 2 1 R 0
431 9209 18227 769 18283 729 3387 1 0 0 0 0 0 0 0 0 1 1 R 0
432 9233 22991 660 22132 616 6295 1 0 4 0 0 0 0 0 0 3 1 R 0
433 9251 17477 783 17517 782 3094 1 0 0 0 0 0 0 0 0 1 1 R 0
434 9272 19779 594 19760 571 3832 1 0 0 0 0 0 0 0 0 1 1 R 0
435 9298 25454 565 23764 536 10406 1 0 4 0 0 0 0 0 0 2 1 R 0
436 9317 18282 784 18336 730 3570 1 0 0 0 0 0 0 0 0 1 1 R 0
437 9336 18745 580 18780 553 3819 1 0 0 0 0 0 0 0 0 2 1 R 0
438 9359 22640 539 21360 518 3314 1 0 4 0 0 0 0 0 0 2 1 R 0
439 9383 23504 530 20824 507 3859 1 0 2 0 0 0 0 0 0 1 1 R 0
440 9404 19526 539 19550 507 3652 1 0 0 0 0 0 0 0 0 1 1 R 0
441 9421 17183 653 17241 597 3176 1 0 0 0 0 0 0 0 0 2 1 R 0
442 9445 23485 788 21458 776 3415 1 0 4 0 0 0 0 0 0 1 1 R 0
443 9466 19767 648 19792 624 3980 1 0 0 0 0 0 0 0 0 2 1 R 0
444 9486 19490 531 19501 503 3909 1 0 0 0 0 0 0 0 0 1 1 R 0
445 9509 22264 552 21144 517 3417 1 0 4 0 0 0 0 0 0 1 1 R 0
446 9529 19182 555 19209 526 4371 1 0 0 0 0 0 0 0 0 1 1 R 0
447 9548 18360 646 18401 600 3652 1 0 0 0 0 0 0 0 0 2 1 R 0
448 9573 25214 544 22451 520 5129 1 0 4 0 0 0 0 0 0 2 1 R 0
449 9594 20065 672 20104 642 4139 1 0 0 0 0 0 0 0 0 1 1 R 0
450 9619 24014 585 24034 551 9909 1 0 0 0 0 1 0 0 0 1 1 R 0
451 9642 22988 1102 21739 1070 4465 1 0 4 0 0 0 0 0 0 1 1 R 0
452 9662 18591 972 18606 946 4090 1 0 0 0 0 0 0 0 0 1 1 R 0
453 9682 18836 559 18858 531 3424 1 0 0 0 0 0 0 0 0 1 1 R 0
454 9704 21809 1549 21110 763 3903 1 0 2 0 3 0 0 0 0 2 1 R 0
455 9725 19140 628 18813 600 3093 1 0 0 0 0 0 0 0 0 2 1 R 0
456 9745 19178 639 19217 589 3677 1 0 0 0 0 0 0 0 0 2 1 R 0
457 9767 21675 499 20109 482 3165 1 0 1 0 0 0 0 0 0 1 1 R 0
458 9789 21140 569 19985 534 6387 1 0 4 0 0 0 0 0 0 1 1 R 0
459 9809 19855 541 19884 510 4347 1 0 0 0 0 0 0 0 0 2 1 R 0
460 9827 17921 693 17969 644 3742 1 0 0 0 0 0 0 0 0 1 1 R 0
461 9850 22237 661 20653 611 3626 1 0 4 0 0 1 0 0 0 2 1 R 0
462 9870 18660 659 18700 633 3557 1 0 0 0 0 0 0 0 0 2 1 R 0
463 9895 24654 816 22261 786 3868 1 0 1 0 1 0 0 0 0 1 1 S 1
464 9929 33406 687 20994 679 2203 1 0 7 0 0 0 0 0 0 0 1 R 1
465 9965 34562 562 22216 534 23661 1 2 0 0 0 0 0 0 0 3 1 R 0
466 9987 22338 654 19947 635 3348 1 0 5 0 0 0 0 0 0 1 1 R 0
467 10007 19297 559 19306 528 4336 1 0 0 0 0 0 0 0 0 1 1 R 0
468 10026 18430 729 18475 716 3822 1 0 0 0 0 0 0 0 0 2 1 R 0
469 10047 19733 842 19737 808 4249 1 0 0 0 0 0 0 0 0 1 1 R 0
470 10069 21080 660 19891 620 4284 1 0 4 0 0 0 0 0 0 2 1 R 0
471 10090 20210 547 20234 521 4341 1 0 0 0 0 0 0 0 0 1 1 R 0
472 10111 21288 603 21324 563 4429 1 0 0 0 0 0 0 0 0 1 1 R 0
473 10141 28746 538 22616 489 6290 1 0 9 0 0 0 0 0 0 1 1 R 0
474 10173 31536 516 25707 489 4388 1 0 4 0 0 0 0 0 0 2 1 R 0
475 10207 33181 796 22230 730 19661 1 1 4 0 0 0 0 0 0 2 1 R 0
476 10227 19215 531 19243 503 4232 1 0 0 0 0 0 0 0 0 1 1 R 0
477 10245 18355 936 18396 897 3387 1 0 0 0 0 0 0 0 0 2 1 R 0
478 10269 22710 555 21067 505 3168 1 0 4 0 0 0 0 0 0 2 1 R 0
479 10289 19552 563 19572 535 4478 1 0 0 0 0 0 0 0 0 1 1 R 0
480 10313 23420 578 23438 556 8452 1 0 0 0 0 0 0 0 0 1 1 R 0
481 10332 17927 1542 17987 2073 3557 1 0 0 0 4 0 0 0 0 2 1 R 0
482 10354 20928 743 19183 699 3130 1 0 0 0 0 0 0 0 0 2 1 R 0
483 10376 20935 714 19525 696 3107 1 0 1 0 0 0 0 0 0 2 1 R 0
484 10397 19989 729 20048 651 4568 1 0 0 0 0 0 0 0 0 1 1 R 0
485 10419 21723 563 20495 535 4565 1 0 4 0 0 0 0 0 0 1 1 R 0
486 10438 18118 704 18204 649 3743 1 0 0 0 0 0 0 0 0 2 1 R 0
487 10457 18792 673 18812 640 4049 1 0 0 0 0 0 0 0 0 2 1 R 0
488 10479 21185 939 19779 916 4385 1 0 4 0 0 0 0 0 0 1 1 R 0
489 10500 20409 561 20416 531 4501 1 0 0 0 0 0 0 0 0 2 1 R 0
490 10520 19461 735 19541 654 3872 1 0 0 0 0 0 0 0 0 1 1 R 0
491 10542 20765 1546 20849 1668 4520 1 0 0 0 1 0 0 0 0 1 1 R 0
492 10565 21183 790 19287 741 3123 1 0 3 0 0 0 0 0 0 2 1 R 0
493 10585 19934 749 18992 697 4332 1 0 1 0 0 0 0 0 0 2 1 R 0
494 10606 20147 550 20173 521 3436 1 0 0 0 0 0 0 0 0 1 1 R 0
495 10631 24287 708 23043 673 10720 1 0 4 0 0 0 0 0 0 1 1 R 0
496 10650 18038 657 18090 645 3139 1 0 0 0 0 0 0 0 0 2 1 R 0
497 10671 20063 662 19126 598 3423 1 0 1 0 0 0 0 0 0 2 1 R 0
498 10695 23871 578 22434 555 4312 1 0 4 0 0 0 0 0 0 1 1 R 0
499 10715 19543 549 19564 519 3884 1 0 0 0 0 0 0 0 0 1 1 R 0
500 10736 20136 756 20169 729 3318 1 0 0 0 0 0 0 0 0 2 1 R 0
501 10759 21822 580 20469 510 3375 1 0 4 0 0 0 0 0 0 2 1 R 0
502 10779 19427 667 18073 647 3606 1 0 1 0 0 0 0 0 0 1 1 R 0
503 10800 21041 1194 21042 1181 4454 1 0 0 0 0 1 0 0 0 2 1 R 0
504 10821 19549 805 19591 751 3796 1 0 0 0 0 0 0 0 0 1 1 R 0
505 10845 22908 524 21429 498 4683 1 0 4 0 0 0 0 0 0 1 1 R 0
506 10864 18429 706 18471 666 3069 1 0 0 0 0 0 0 0 0 2 1 R 0
507 10884 19304 763 19359 724 3246 1 0 0 0 0 0 0 0 0 2 1 R 0
508 10907 22623 570 21029 542 3861 1 0 4 0 0 0 0 0 0 1 1 R 0
509 10928 20214 538 20242 505 4416 1 0 0 0 0 0 0 0 0 1 1 R 0
510 10950 21848 550 21876 523 6954 1 0 0 0 0 0 0 0 0 2 1 R 0
511 10972 21123 3147 20172 1502 3129 1 0 4 0 1 0 0 0 0 1 1 R 0
512 10993 18423 638 18436 610 3301 1 0 0 0 0 0 0 0 0 3 1 R 0
513 11014 19920 535 19939 506 3910 1 0 0 0 0 0 0 0 0 1 1 R 0
514 11037 22220 548 21268 527 3935 1 0 4 0 0 0 0 0 0 1 1 R 0
515 11056 18512 775 18550 739 3801 1 0 0 0 0 0 0 0 0 1 1 R 0
516 11075 18225 708 18287 633 3159 1 0 0 0 0 0 0 0 0 2 1 R 0
517 11096 20130 1161 20186 1123 4221 1 0 0 0 0 0 0 0 0 2 1 R 0
518 11118 21605 607 20236 585 5797 1 0 4 0 0 0 0 0 0 1 1 R 0
519 11139 19670 557 19693 522 4337 1 0 0 0 0 0 0 0 0 1 1 R 0
520 11158 18475 700 18543 648 3804 1 0 0 0 0 0 0 0 0 2 1 R 0
521 11181 23029 553 19757 523 3612 1 0 4 0 0 0 0 0 0 1 1 R 0
522 11201 18664 837 18720 790 3371 1 0 0 0 0 0 0 0 0 2 1 R 0
523 11221 19720 604 19743 568 3869 1 0 0 0 0 0 0 0 0 1 1 R 0
524 11241 19408 549 19439 516 3892 1 0 0 0 0 0 0 0 0 1 1 R 0
525 11266 24555 556 22884 526 8065 1 0 4 0 0 0 0 0 0 1 1 R 0
526 11285 18242 850 18403 723 3114 1 0 0 0 0 0 0 0 0 2 1 R 0
527 11307 20898 538 20888 509 3867 1 0 0 0 0 0 0 0 0 2 1 R 0
528 11329 21664 715 20523 682 4621 1 0 4 0 0 0 0 0 0 1 1 R 0
529 11350 20022 533 20041 505 3921 1 0 0 0 0 0 0 0 0 1 1 R 0
530 11368 17848 721 17901 691 3608 1 0 0 0 0 0 0 0 0 2 1 R 0
531 11392 23202 1429 21001 1377 4120 1 0 5 0 0 0 0 0 0 2 1 R 0
532 11413 19638 658 19665 630 4085 1 0 0 0 0 0 0 0 0 1 1 R 0
533 11434 19620 514 19632 490 3899 1 0 0 0 0 0 0 0 0 1 1 R 0
534 11454 20165 1500 20189 861 3166 1 0 1 0 2 0 0 0 0 2 1 R 0
535 11475 19729 711 19401 655 3371 1 0 1 0 0 0 0 0 0 1 1 R 0
536 11497 20815 671 20880 607 4575 1 0 0 0 0 0 0 0 0 1 1 R 0
537 11517 19772 620 19818 570 4455 1 0 0 0 0 0 0 0 0 2 1 R 0
538 11540 21795 557 20782 519 6038 1 0 4 0 0 0 0 0 0 1 1 R 0
539 11563 22917 644 22946 611 4658 1 0 0 0 0 0 0 0 0 2 1 R 0
540 11588 23805 862 22908 833 6055 1 0 1 0 0 0 0 0 0 2 1 R 0
541 11610 20961 830 19829 800 5787 1 0 4 0 0 0 0 0 0 1 1 R 0
542 11631 20516 606 20501 575 3903 1 0 0 0 0 0 0 0 0 2 1 R 0
543 11651 19601 538 19632 501 3926 1 0 0 0 0 0 0 0 0 1 1 R 0
544 11674 22704 530 21442 498 3090 1 0 4 0 0 0 0 0 0 2 1 R 0
545 11694 19319 1124 18798 1122 3454 1 0 1 0 0 0 0 0 0 1 1 R 0
546 11714 18994 627 19019 576 3116 1 0 0 0 0 0 0 0 0 2 1 R 0
547 11738 22904 537 22104 518 4387 1 0 4 0 0 0 0 0 0 1 1 R 0
548 11759 20216 540 20241 511 4288 1 0 0 0 0 0 0 0 0 1 1 R 0
549 11777 17696 641 17751 616 3698 1 0 0 0 0 0 0 0 0 2 1 R 0
550 11798 20723 658 18596 616 3445 1 0 1 0 0 0 0 0 0 2 1 R 0
551 11820 20715 714 19643 660 5977 1 0 4 0 0 0 0 0 0 2 1 R 0
552 11840 19934 553 19957 521 3974 1 0 0 0 0 0 0 0 0 1 1 R 0
553 11860 19436 585 19465 550 3728 1 0 0 0 0 0 0 0 0 1 1 R 0
554 11884 23090 524 21680 504 3039 1 0 4 0 0 1 0 0 0 2 1 R 0
555 11907 22434 602 22459 574 8514 1 0 0 0 0 0 0 0 0 1 1 R 0
556 11927 19482 560 19506 528 4116 1 0 0 0 0 0 0 0 0 2 1 R 0
557 11950 22512 561 20976 527 4471 1 0 4 0 0 0 0 0 0 1 1 R 0
558 11970 19886 856 19945 796 3927 1 0 0 0 0 0 0 0 0 1 1 R 0
559 11995 23520 541 22558 511 3155 1 0 1 0 0 0 0 0 0 3 1 R 0
560 12017 22056 751 20927 741 3664 1 0 4 0 0 0 0 0 0 1 1 R 0
561 12038 20055 554 20070 524 4403 1 0 0 0 0 0 0 0 0 1 1 R 0
562 12058 19637 709 19686 664 4440 1 0 0 0 0 0 0 0 0 1 1 R 0
563 12077 17565 644 17618 578 3645 1 0 0 0 0 0 0 0 0 2 1 R 0
564 12099 21889 548 20895 524 5650 1 0 4 0 0 0 0 0 0 2 1 R 0
565 12118 18086 631 18136 597 3702 1 0 0 0 0 0 0 0 0 1 1 R 0
566 12139 20179 553 20187 523 4407 1 0 0 0 0 0 0 0 0 2 1 R 0
567 12162 22342 566 20872 538 4443 1 0 4 0 0 0 0 0 0 0 1 R 0
568 12181 18705 2928 18750 1155 3710 1 0 0 0 1 0 0 0 0 2 1 R 0
569 12202 18023 1268 18019 1241 3124 1 0 0 0 0 0 0 0 0 2 1 R 0
570 12228 24936 531 23881 505 6252 1 0 4 0 0 0 0 0 0 2 1 R 0
571 12249 20140 553 20171 526 4395 1 0 0 0 0 0 0 0 0 1 1 R 0
572 12268 19150 561 19174 531 4274 1 0 0 0 0 0 0 0 0 1 1 R 0
573 12287 18144 629 18180 589 3602 1 0 0 0 0 0 0 0 0 2 1 R 0
574 12310 21856 742 21019 668 6399 1 0 4 0 0 0 0 0 0 2 1 R 0
575 12330 19912 556 19940 527 3508 1 0 0 0 0 0 0 0 0 1 1 R 0
576 12351 20127 640 20155 622 3876 1 0 0 0 0 1 0 0 0 2 1 R 0
577 12374 22420 544 20844 516 3831 1 0 4 0 0 0 0 0 0 1 1 R 0
578 12395 19973 658 19110 620 3368 1 0 1 0 0 0 0 0 0 1 1 R 0
579 12414 19169 614 19176 596 3083 1 0 0 0 0 0 0 0 0 2 1 R 0
580 12438 23008 522 22141 499 3837 1 0 4 0 0 0 0 0 0 1 1 R 0
581 12458 19467 552 19492 526 4364 1 0 0 0 0 0 0 0 0 1 1 R 0
582 12479 20227 567 20276 517 4128 1 0 0 0 0 0 0 0 0 2 1 R 0
583 12497 17874 640 17914 619 3547 1 0 0 0 0 0 0 0 0 2 1 R 0
584 12519 20842 694 19861 667 6132 1 0 4 0 0 0 0 0 0 2 1 R 0
585 12543 24140 534 24149 508 8380 1 0 0 0 0 0 0 0 0 1 1 R 0
586 12564 19592 538 19617 516 4100 1 0 0 0 0 0 0 0 0 1 1 R 0
587 12589 24665 549 22591 518 4187 1 0 5 0 0 0 0 0 0 2 1 R 0
588 12607 17964 695 18049 642 3694 1 0 0 0 0 0 0 0 0 1 1 R 0
589 12628 19685 680 19714 647 4823 1 0 0 0 0 0 0 0 0 2 1 R 0
590 12651 22514 608 20880 585 4348 1 0 4 0 0 0 0 0 0 1 1 R 0
591 12673 21525 607 21076 584 4959 1 0 1 0 0 0 0 0 0 2 1 R 0
592 12691 17386 623 17437 575 3159 1 0 0 0 0 0 0 0 0 1 1 R 0
593 12711 19693 697 19754 647 4173 1 0 0 0 0 0 0 0 0 1 1 R 0
594 12735 22745 737 20667 739 3426 1 0 4 0 0 0 0 0 0 3 1 R 0
595 12755 19683 524 19660 495 3895 1 0 0 0 0 0 0 0 0 1 1 R 0
596 12776 19982 667 20018 643 3865 1 0 0 0 0 0 0 0 0 1 1 R 0
597 12799 22564 627 20461 593 3320 1 0 5 0 0 0 0 0 0 2 1 R 0
598 12817 17825 612 17877 548 3558 1 0 0 0 0 0 0 0 0 2 1 R 0
599 12839 20512 607 20536 582 5037 1 0 0 0 0 0 0 0 0 1 1 R 0
600 12864 25267 546 23982 518 8329 1 0 4 0 0 0 0 0 0 1 1 R 0
601 12885 19854 542 19881 515 3614 1 0 0 0 0 0 0 0 0 2 1 R 0
602 12903 18050 666 18092 646 3151 1 0 0 0 0 0 0 0 0 1 1 R 0
603 12924 19875 2469 19896 1282 4140 1 0 2 0 2 0 0 0 0 2 1 R 0
604 12947 20800 547 20810 516 4234 1 0 0 0 0 0 0 0 0 1 1 R 0
605 12967 19345 1278 19374 1269 4383 1 0 0 0 0 1 0 0 0 1 1 R 0
606 12990 21878 525 20162 502 3819 1 0 1 0 0 0 0 0 0 2 1 R 0
607 13011 20619 692 19406 631 4875 1 0 4 0 0 0 0 0 0 2 1 R 0
608 13031 18716 718 18745 672 3250 1 0 0 0 0 0 0 0 0 1 1 R 0
609 13053 21433 530 21458 507 3883 1 0 0 0 0 0 0 0 0 2 1 R 0
610 13075 21843 712 20246 658 3854 1 0 4 0 0 0 0 0 0 1 1 R 0
611 13095 19351 779 19369 765 4112 1 0 0 0 0 0 0 0 0 1 1 R 0
612 13115 18432 622 18462 586 3135 1 0 0 0 0 0 0 0 0 2 1 R 0
613 13139 23283 531 21661 506 3514 1 0 4 0 0 0 0 0 0 1 1 R 0
614 13158 19116 745 19164 737 3661 1 0 0 0 0 0 0 0 0 2 1 R 0
615 13182 23244 1034 23229 1008 8446 1 0 0 0 0 0 0 0 0 1 1 R 0
616 13204 20788 1576 19856 933 4590 1 0 2 0 2 0 0 0 0 2 1 R 0
617 13225 19493 619 19095 598 3103 1 0 1 0 0 0 0 0 0 2 1 R 0
618 13245 19152 691 19177 637 3315 1 0 0 0 0 0 0 0 0 2 1 R 0
619 13266 20244 561 20264 528 4001 1 0 0 0 0 0 0 0 0 1 1 R 0
620 13289 22209 560 20813 527 3846 1 0 4 0 0 0 0 0 0 1 1 R 0
621 13308 18422 672 18466 640 3645 1 0 0 0 0 0 0 0 0 1 1 R 0
622 13327 18710 697 18791 605 4276 1 0 0 0 0 0 0 0 0 2 1 R 0
623 13351 23029 541 21822 511 4409 1 0 4 0 0 0 0 0 0 2 1 R 0
624 13371 19968 543 19995 512 3889 1 0 0 0 0 0 0 0 0 1 1 R 0
625 13393 21613 548 20812 511 3902 1 0 1 0 0 0 0 0 0 1 1 R 0
626 13411 17480 821 17576 738 3310 1 0 0 0 0 0 0 0 0 2 1 R 0
627 13435 23309 814 21343 761 3485 1 0 4 0 0 0 0 0 0 2 1 R 0
628 13457 20697 552 20404 521 3204 1 0 1 0 0 0 0 0 0 1 1 R 0
629 13477 19481 555 19515 527 4490 1 0 0 0 0 0 0 0 0 1 1 R 0
630 13503 25812 549 24682 525 10857 1 0 4 0 0 0 0 0 0 1 1 R 0
631 13522 17638 655 17695 609 3194 1 0 0 0 0 0 0 0 0 2 1 R 0
632 13541 19017 747 19066 698 3812 1 0 0 0 0 0 0 0 0 1 1 R 0
633 13565 23073 546 21620 516 4626 1 0 4 0 0 0 0 0 0 2 1 R 0
634 13585 19898 915 19937 885 3844 1 0 0 0 0 0 0 0 0 1 1 R 0
635 13608 21248 551 20176 517 5686 1 0 1 0 0 0 0 0 0 2 1 R 0
636 13630 21858 778 20684 728 3636 1 0 4 0 0 0 0 0 0 1 1 R 0
637 13650 18761 697 18805 648 3196 1 0 0 0 0 0 0 0 0 2 1 R 0
638 13670 20131 545 20138 515 3850 1 0 0 0 0 0 0 0 0 1 1 R 0
639 13691 20036 656 20107 579 3949 1 0 0 0 0 0 0 0 0 2 1 R 0
640 13715 22875 624 21140 580 3443 1 0 4 0 0 0 0 0 0 2 1 R 0
641 13735 19491 629 19526 614 3659 1 0 0 0 0 0 0 0 0 1 1 R 0
642 13754 19071 695 19089 663 3091 1 0 0 0 0 0 0 0 0 2 1 R 0
643 13778 22828 571 21600 538 4044 1 0 4 0 0 0 0 0 0 1 1 R 0
644 13800 21098 606 19227 563 4462 1 0 1 0 0 0 0 0 0 1 1 R 0
645 13821 21130 665 21180 641 6466 1 0 0 0 0 0 0 0 0 2 1 R 0
646 13845 23198 651 22255 575 3514 1 0 4 0 0 0 0 0 0 1 1 R 0
647 13867 21054 590 20379 567 3100 1 0 1 0 0 1 0 0 0 2 1 R 0
648 13887 19462 554 19488 523 4345 1 0 0 0 0 0 0 0 0 1 1 R 0
649 13910 22568 535 21378 503 4357 1 0 4 0 0 0 0 0 0 1 1 R 0
650 13929 18058 704 18126 644 3907 1 0 0 0 0 0 0 0 0 2 1 R 0
651 13948 18951 731 19016 674 3571 1 0 0 0 0 0 0 0 0 2 1 R 0
652 13969 20186 532 20195 503 4023 1 0 0 0 0 0 0 0 0 1 1 R 0
653 13992 21970 558 20732 526 6702 1 0 4 0 0 0 0 0 0 2 1 R 0
654 14014 21312 533 20050 500 3209 1 0 1 0 0 0 0 0 0 1 1 R 0
655 14032 18036 1369 18084 1323 3446 1 0 0 0 0 0 0 0 0 2 1 R 0
656 14057 23356 598 22118 567 3447 1 0 4 0 0 0 0 0 0 1 1 R 0
657 14077 19999 542 20026 513 4454 1 0 0 0 0 0 0 0 0 1 1 R 0
658 14098 19561 975 19617 917 4520 1 0 0 0 0 0 0 0 0 1 1 R 0
659 14121 22338 571 20658 529 4417 1 0 4 0 0 0 0 0 0 2 1 R 0
660 14144 22819 722 22895 656 6415 1 0 0 0 0 0 0 0 0 1 1 R 0
661 14163 18102 697 18141 664 3057 1 0 0 0 0 0 0 0 0 2 1 R 0
662 14186 22049 930 21647 577 3831 1 0 4 0 0 0 0 0 0 2 1 R 0
663 14208 21643 556 20595 530 4326 1 0 1 0 0 0 0 0 0 1 1 R 0
664 14227 17718 627 17759 593 3626 1 0 0 0 0 0 0 0 0 2 1 R 0
665 14247 19581 769 19606 743 4905 1 0 0 0 0 0 0 0 0 1 1 R 0
666 14269 21438 839 20483 767 5567 1 0 4 0 0 0 0 0 0 2 1 R 0
667 14289 19369 555 19369 524 4395 1 0 0 0 0 0 0 0 0 1 1 R 0
668 14310 20036 548 20062 522 4373 1 0 0 0 0 0 0 0 0 1 1 R 0
669 14332 21204 573 19718 545 3662 1 0 4 0 0 0 0 0 0 2 1 R 0
670 14350 18037 678 18061 658 3279 1 0 0 0 0 0 0 0 0 2 1 R 0
671 14371 20229 659 20263 623 4045 1 0 0 0 0 0 0 0 0 2 1 R 0
672 14392 20142 1141 20159 1117 3817 1 0 0 0 2 0 0 0 0 1 1 R 0
673 14417 23841 672 20975 634 5023 1 0 3 0 0 0 0 0 0 1 1 R 0
674 14436 18418 652 18458 608 3691 1 0 0 0 0 0 0 0 0 1 1 R 0
675 14460 23118 550 23148 523 6676 1 0 0 0 0 0 0 0 0 2 1 R 0
676 14482 21373 580 20230 547 6290 1 0 4 0 0 0 0 0 0 2 1 R 0
677 14502 19452 1234 19490 1215 4003 1 0 0 0 0 0 0 0 0 1 1 R 0
678 14523 19936 550 19938 520 3724 1 0 0 0 0 0 0 0 0 1 1 R 0
679 14545 21828 1007 20890 958 3193 1 0 4 0 0 0 0 0 0 2 1 R 0
680 14565 18938 641 18961 602 3093 1 0 0 0 0 0 0 0 0 2 1 R 0
681 14586 20293 534 20312 501 3802 1 0 0 0 0 0 0 0 0 1 1 R 0
682 14609 22457 683 20167 653 3845 1 0 5 0 0 0 0 0 0 1 1 R 0
683 14630 19668 543 19689 520 4224 1 0 0 0 0 0 0 0 0 2 1 R 0
684 14648 17652 692 17693 657 3564 1 0 0 0 0 0 0 0 0 1 1 R 0
685 14668 19489 630 19074 602 4667 1 0 1 0 0 0 0 0 0 2 1 R 0
686 14692 23031 564 22059 532 7362 1 0 4 0 0 0 0 0 0 2 1 R 0
687 14712 19386 622 19420 607 4143 1 0 0 0 0 0 0 0 0 1 1 R 0
688 14731 19247 847 19305 768 3771 1 0 0 0 0 0 0 0 0 1 1 R 0
689 14754 21578 615 20446 604 3236 1 0 4 0 0 0 0 0 0 2 1 R 0
690 14777 22671 541 22666 512 6844 1 0 0 0 0 0 0 0 0 2 1 R 0
691 14798 19880 563 19911 531 4485 1 0 0 0 0 0 0 0 0 1 1 R 0
692 14822 23502 561 20537 533 4508 1 0 5 0 0 0 0 0 0 1 1 R 0
693 14840 17931 750 17982 707 3122 1 0 0 0 0 0 0 0 0 1 1 R 0
694 14859 18199 771 18262 709 3462 1 0 0 0 0 0 0 0 0 2 1 R 0
695 14879 19254 1239 19303 1186 4801 1 0 0 0 0 0 0 0 0 2 1 R 0
696 14903 22789 534 21457 512 5733 1 0 4 0 0 0 0 0 0 1 1 R 0
697 14924 19990 528 20014 500 3866 1 0 0 0 0 0 0 0 0 2 1 R 0
698 14942 17452 633 17502 578 3197 1 0 0 0 0 0 0 0 0 2 1 R 0
699 14966 23302 549 22409 518 3870 1 0 4 0 0 0 0 0 0 1 1 R 0
700 14985 18586 651 18645 602 3150 1 0 0 0 0 0 0 0 0 2 1 R 0
701 15006 21080 602 20003 568 3954 1 0 1 0 0 0 0 0 0 1 1 R 0
702 15029 22091 660 20830 642 4393 1 0 4 0 0 0 0 0 0 1 1 R 0
703 15048 18219 642 18249 621 3597 1 0 0 0 0 0 0 0 0 2 1 R 0
704 15067 18475 794 18501 745 4411 1 0 0 0 0 0 0 0 0 2 1 R 0
705 15091 23093 657 23117 629 7828 1 0 0 0 0 0 0 0 0 1 1 R 0
706 15115 22915 564 21036 536 4382 1 0 4 0 0 0 0 0 0 2 1 R 0
707 15135 19877 528 19904 494 3896 1 0 0 0 0 0 0 0 0 1 1 R 0
708 15154 18448 1783 18518 1751 3384 1 0 0 0 0 1 0 0 0 1 1 R 0
709 15178 21984 815 21036 770 3130 1 0 4 0 0 0 0 0 0 2 1 R 0
710 15198 19223 556 19255 527 3559 1 0 0 0 0 0 0 0 0 1 1 R 0
711 15219 20789 621 19329 587 5754 1 0 1 0 0 0 0 0 0 1 1 R 0
712 15242 22425 949 21272 927 4190 1 0 4 0 0 0 0 0 0 2 1 R 0
713 15261 17426 665 17465 632 3597 1 0 0 0 0 0 0 0 0 2 1 R 0
714 15280 18517 697 18566 644 3504 1 0 0 0 0 0 0 0 0 1 1 R 0
715 15302 21069 549 21084 525 3828 1 0 0 0 0 0 0 0 0 2 1 R 0
716 15324 22011 849 20318 810 4847 1 0 4 0 0 0 0 0 0 1 1 R 0
717 15350 24691 553 24688 529 6915 1 0 0 0 0 2 0 0 0 2 1 R 0
718 15370 19935 553 19961 528 4880 1 0 0 0 0 0 0 0 0 1 1 R 0
719 15396 24990 681 22990 656 5496 1 0 4 0 0 0 0 0 0 2 1 R 0
720 15421 24829 578 23846 545 9513 1 0 1 0 0 0 0 0 0 1 1 R 0
721 15441 19328 561 19355 532 3914 1 0 0 0 0 0 0 0 0 2 1 R 0
722 15462 20273 1706 19101 1664 3164 1 0 4 0 0 0 0 0 0 1 1 R 0
723 15482 17957 670 17993 600 3275 1 0 0 0 0 0 0 0 0 2 1 R 0
724 15503 20789 521 20811 499 3488 1 0 0 0 0 0 0 0 0 1 1 R 0
725 15525 21656 560 19974 528 3895 1 0 4 0 0 0 0 0 0 2 1 R 0
726 15546 20137 661 20165 638 4127 1 0 0 0 0 0 0 0 0 1 1 R 0
727 15565 18203 633 18241 597 3182 1 0 0 0 0 0 0 0 0 2 1 R 0
728 15588 22338 919 20959 899 3522 1 0 4 0 0 0 0 0 0 1 1 R 0
729 15610 21085 558 20051 529 4041 1 0 1 0 0 0 0 0 0 2 1 R 0
730 15630 19691 560 19717 532 4327 1 0 0 0 0 0 0 0 0 1 1 R 0
731 15650 19513 553 19539 518 3863 1 0 0 0 0 0 0 0 0 1 1 R 0
732 15671 20291 770 19150 717 6080 1 0 4 0 0 0 0 0 0 2 1 R 0
733 15690 18619 672 18639 632 3233 1 0 0 0 0 0 0 0 0 1 1 R 0
734 15712 21206 1031 20205 1012 4102 1 0 1 0 0 0 0 0 0 2 1 R 0
735 15738 24839 557 23543 525 8689 1 0 4 0 0 0 0 0 0 1 1 R 0
736 15759 20214 835 20255 787 4320 1 0 0 0 0 0 0 0 0 1 1 R 0
737 15778 18062 666 18105 654 3791 1 0 0 0 0 0 0 0 0 2 1 R 0
738 15801 22796 560 21030 528 4128 1 0 4 0 0 0 0 0 0 2 1 R 0
739 15822 20262 1306 19388 1225 4536 1 0 1 0 0 0 0 0 0 1 1 R 0
740 15842 18945 995 18960 972 3884 1 0 0 0 0 1 0 0 0 1 1 R 0
741 15864 20279 2090 20292 1199 3881 1 0 1 0 3 0 0 0 0 2 1 R 0
742 15885 19042 645 19064 616 3064 1 0 0 0 0 0 0 0 0 2 1 R 0
743 15904 19058 621 19084 592 3150 1 0 0 0 0 0 0 0 0 1 1 R 0
744 15925 19843 813 19908 734 3816 1 0 0 0 0 0 0 0 0 1 1 R 0
745 15955 29146 566 25313 535 4122 1 0 6 0 0 0 0 0 0 1 1 R 0
746 15974 18574 739 18625 677 3480 1 0 0 0 0 0 0 0 0 2 1 R 0
747 15993 18464 700 18529 635 3313 1 0 0 0 0 0 0 0 0 1 1 R 0
748 16018 24106 753 21612 709 3497 1 0 5 0 0 0 0 0 0 2 1 R 0
749 16038 19305 544 19333 520 4327 1 0 0 0 0 0 0 0 0 1 1 R 0
750 16061 21978 550 22002 517 7296 1 0 0 0 0 0 0 0 0 2 1 R 0
751 16083 21867 838 20759 780 3352 1 0 4 0 0 0 0 0 0 1 1 R 0
752 16101 17604 732 17672 645 3035 1 0 0 0 0 0 0 0 0 2 1 R 0
753 16122 19827 1084 19853 1065 3911 1 0 0 0 0 0 0 0 0 1 1 R 0
754 16142 19190 1141 19207 1121 3809 1 0 0 0 2 0 0 0 0 1 1 R 0
755 16165 21923 724 19876 686 3456 1 0 2 0 0 0 0 0 0 2 1 R 0
756 16184 18379 705 18460 629 3085 1 0 0 0 0 0 0 0 0 1 1 R 0
757 16204 19164 676 19203 631 3246 1 0 0 0 0 0 0 0 0 3 1 R 0
758 16229 23870 562 21681 530 6198 1 0 5 0 0 0 0 0 0 1 1 R 0
759 16249 19712 584 19735 552 4313 1 0 0 0 0 0 0 0 0 1 1 R 0
760 16269 19259 545 19291 514 4378 1 0 0 0 0 0 0 0 0 1 1 R 0
761 16290 20773 693 19473 650 3804 1 0 4 0 0 0 0 0 0 2 1 R 0
762 16310 19121 711 19178 670 3392 1 0 0 0 0 0 0 0 0 2 1 R 0
763 16331 20206 552 20219 526 3888 1 0 0 0 0 0 0 0 0 1 1 R 0
764 16352 19991 544 20014 511 3859 1 0 0 0 0 0 0 0 0 1 1 R 0
765 16379 27153 692 25595 661 10018 1 0 4 0 0 0 0 0 0 2 1 R 0
766 16398 17670 650 17721 600 3502 1 0 0 0 0 0 0 0 0 1 1 R 0
767 16419 21184 660 20192 634 4730 1 0 1 0 0 0 0 0 0 2 1 R 0
768 16442 22194 942 21175 917 6861 1 0 4 0 0 0 0 0 0 1 1 R 0
769 16462 18787 1124 18810 1101 4108 1 0 0 0 0 0 0 0 0 2 1 R 0
770 16482 19137 1342 19175 1350 3922 1 0 0 0 0 0 0 0 0 1 1 R 0
771 16505 21151 839 20099 802 3081 1 0 4 0 0 0 0 0 0 2 1 R 0
772 16525 18943 697 18970 679 3083 1 0 0 0 0 0 0 0 0 1 1 R 0
773 16546 20303 743 20311 714 4117 1 0 0 0 0 0 0 0 0 1 1 R 0
774 16570 23389 730 21452 666 3908 1 0 4 0 0 0 0 0 0 2 1 R 0
775 16588 17187 871 17294 784 3582 1 0 0 0 0 0 0 0 0 1 1 R 0
776 16612 23512 1010 22336 991 6155 1 0 1 0 0 0 0 0 0 2 1 R 0
777 16636 22768 1138 22196 807 3441 1 0 3 0 1 0 0 0 0 1 1 R 0
778 16658 21437 719 20521 642 4437 1 0 1 0 0 0 0 0 0 2 1 R 0
779 16679 20182 688 20206 665 4576 1 0 0 0 0 0 0 0 0 1 1 R 0
780 16701 21253 680 21307 658 6416 1 0 0 0 0 0 0 0 0 2 1 R 0
781 16724 21914 672 20937 645 3491 1 0 4 0 0 0 0 0 0 2 1 R 0
782 16744 19501 772 19500 739 3516 1 0 0 0 0 0 0 0 0 1 1 R 0
783 16764 19718 801 19765 757 3902 1 0 0 0 0 0 0 0 0 1 1 R 0
784 16787 21411 551 20273 517 3682 1 0 4 0 0 0 0 0 0 1 1 R 0
785 16806 19045 644 19095 620 4210 1 0 0 0 0 0 0 0 0 2 1 R 0
786 16827 19634 975 18680 937 4868 1 0 1 0 0 0 0 0 0 2 1 R 0
787 16851 23057 705 21961 619 4344 1 0 4 0 0 0 0 0 0 1 1 R 0
788 16871 19471 556 19506 521 3902 1 0 0 0 0 0 0 0 0 1 1 R 0
789 16889 18099 684 18150 641 3150 1 0 0 0 0 0 0 0 0 2 1 R 0
790 16909 18786 745 18864 663 4227 1 0 0 0 0 0 0 0 0 1 1 R 0
791 16931 21167 922 20170 857 6285 1 0 4 0 0 0 0 0 0 2 1 R 0
792 16951 19144 551 19162 525 3801 1 0 0 0 0 0 0 0 0 1 1 R 0
793 16971 19506 551 19532 519 3849 1 0 0 0 0 0 0 0 0 2 1 R 0
794 16995 23412 747 22194 712 3090 1 0 4 0 0 0 0 0 0 1 1 R 0
795 17018 22683 719 21370 696 6398 1 0 1 0 0 0 0 0 0 2 1 R 0
796 17037 17523 824 17567 773 3683 1 0 0 0 0 0 0 0 0 2 1 R 0
797 17061 23210 564 21675 531 4666 1 0 4 0 0 0 0 0 0 1 1 R 0
798 17081 19609 556 19635 522 3872 1 0 0 0 0 0 0 0 0 1 1 R 0
799 17100 18697 753 18757 734 3294 1 0 0 0 0 0 0 0 0 2 1 R 0
800 17119 18605 657 18610 614 3281 1 0 0 0 0 0 0 0 0 2 1 R 0
801 17142 21517 575 20401 547 6242 1 0 4 0 0 0 0 0 0 1 1 R 0
802 17162 19793 1005 19817 986 4144 1 0 0 0 0 0 0 0 0 1 1 R 0
803 17182 18985 881 18998 863 3885 1 0 0 0 0 0 0 0 0 1 1 R 0
804 17205 22057 849 21100 770 3240 1 0 4 0 0 0 0 0 0 2 1 R 0
805 17225 19729 637 18788 593 3209 1 0 1 0 0 0 0 0 0 2 1 R 0
806 17245 18625 650 18669 626 3352 1 0 0 0 0 0 0 0 0 2 1 R 0
807 17268 22963 553 21951 530 3899 1 0 4 0 0 0 0 0 0 1 1 R 0
808 17288 19332 539 19360 503 4038 1 0 0 0 0 0 0 0 0 1 1 R 0
809 17307 18011 626 18059 617 3730 1 0 0 0 0 0 0 0 0 2 1 R 0
810 17329 21924 1634 21940 1649 7417 1 0 0 0 0 1 0 0 0 2 1 R 0
811 17354 22819 542 21386 519 5599 1 0 4 0 0 0 0 0 0 1 1 R 0
812 17374 19205 540 19227 512 3901 1 0 0 0 0 0 0 0 0 1 1 R 0
813 17395 21325 524 21349 498 3673 1 0 0 0 0 0 0 0 0 2 1 R 0
814 17419 23498 553 21389 522 3101 1 0 5 0 0 0 0 0 0 2 1 R 0
815 17438 17990 658 18036 623 3725 1 0 0 0 0 0 0 0 0 1 1 R 0
816 17460 21529 559 21549 534 5337 1 0 0 0 0 0 0 0 0 2 1 R 0
817 17483 22772 638 21579 608 3914 1 0 4 0 0 0 0 0 0 1 1 R 0
818 17502 17838 1610 17897 1573 3229 1 0 0 0 0 0 0 0 0 1 1 R 0
819 17521 17492 637 17507 612 3181 1 0 0 0 0 0 0 0 0 2 1 R 0
820 17541 19172 725 19203 717 3816 1 0 0 0 0 0 0 0 0 2 1 R 0
821 17565 23137 537 21700 513 3526 1 0 4 0 0 0 0 0 0 1 1 R 0
822 17585 19624 518 19650 492 3891 1 0 0 0 0 0 0 0 0 1 1 R 0
823 17605 19524 535 19548 506 3567 1 0 0 0 0 0 0 0 0 2 1 R 0
824 17627 21848 671 19739 635 3100 1 0 5 0 0 0 0 0 0 2 1 R 0
825 17651 23175 800 23190 773 6326 1 0 0 0 0 0 0 0 0 1 1 R 0
826 17671 19117 562 19146 529 3865 1 0 0 0 0 0 0 0 0 1 1 R 0
827 17697 25043 522 23115 492 3939 1 0 5 0 0 0 0 0 0 2 1 R 0
828 17718 20432 547 20463 518 4932 1 0 0 0 0 0 0 0 0 2 1 R 0
829 17739 20424 536 20449 507 3795 1 0 0 0 0 0 0 0 0 1 1 R 0
830 17762 22543 1051 21293 1027 4252 1 0 4 0 0 0 0 0 0 2 1 R 0
831 17782 19136 884 19150 862 4020 1 0 0 0 0 0 0 0 0 1 1 R 0
832 17802 19560 1040 19582 1019 3525 1 0 0 0 0 0 0 0 0 2 1 R 0
833 17827 23797 748 21311 732 3157 1 0 5 0 0 1 0 0 0 1 1 R 0
834 17846 18405 715 18448 679 3638 1 0 0 0 0 0 0 0 0 2 1 R 0
835 17867 20223 543 20236 514 4362 1 0 0 0 0 0 0 0 0 1 1 R 0
836 17888 19848 604 19879 573 4302 1 0 0 0 0 0 0 0 0 1 1 R 0
837 17910 21233 578 19971 548 6375 1 0 4 0 0 0 0 0 0 2 1 R 0
838 17928 18123 647 18182 584 3697 1 0 0 0 0 0 0 0 0 1 1 R 0
839 17948 19024 735 19054 724 3837 1 0 0 0 0 0 0 0 0 2 1 R 0
840 17975 26326 555 25241 524 8367 1 0 4 0 0 0 0 0 0 1 1 R 0
841 17996 20315 695 20346 667 4162 1 0 0 0 0 0 0 0 0 2 1 R 0
842 18015 18179 582 18200 572 3079 1 0 0 0 0 0 0 0 0 1 1 R 0
843 18039 24208 530 21642 502 4984 1 0 5 0 0 0 0 0 0 2 1 R 0
844 18058 18016 681 18070 628 3738 1 0 0 0 0 0 0 0 0 2 1 R 0
845 18078 19586 550 19612 523 4360 1 0 0 0 0 0 0 0 0 1 1 R 0
846 18099 20471 559 20498 530 4420 1 0 0 0 0 0 0 0 0 1 1 R 0
847 18120 20417 689 19562 623 5608 1 0 4 0 0 0 0 0 0 2 1 R 0
848 18139 18190 686 18237 652 3164 1 0 0 0 0 0 0 0 0 2 1 R 0
849 18160 20475 821 20561 734 4619 1 0 0 0 0 0 0 0 0 1 1 R 0
850 18184 22875 556 21721 531 3993 1 0 4 0 0 0 0 0 0 2 1 R 0
851 18204 19647 534 19662 501 3914 1 0 0 0 0 0 0 0 0 1 1 R 0
852 18225 20234 628 18789 591 3142 1 0 1 0 0 0 0 0 0 1 1 R 0
853 18247 21851 825 20784 762 3392 1 0 4 0 0 0 0 0 0 2 1 R 0
854 18268 19275 556 19297 525 3618 1 0 0 0 0 0 0 0 0 1 1 R 0
855 18291 22905 560 22937 530 8085 1 0 0 0 0 0 0 0 0 1 1 R 0
856 18311 19612 615 19640 593 4071 1 0 0 0 0 0 0 0 0 2 1 R 0
857 18334 21703 706 20072 628 4649 1 0 4 0 0 0 0 0 0 1 1 R 0
858 18352 17934 1340 17969 1318 3157 1 0 0 0 0 0 0 0 0 2 1 R 0
859 18372 18403 1567 18456 1505 3592 1 0 0 0 0 0 0 0 0 2 1 R 0
860 18396 22523 678 20955 653 4195 1 0 4 0 0 0 0 0 0 2 1 R 0
861 18417 20128 634 20167 583 3330 1 0 0 0 0 0 0 0 0 1 1 R 0
862 18437 19832 670 18563 607 4797 1 0 1 0 0 0 0 0 0 2 1 R 0
863 18460 21623 726 20102 698 3645 1 0 4 0 0 0 0 0 0 1 1 R 0
864 18481 20922 545 20931 523 3870 1 0 0 0 0 0 0 0 0 2 1 R 0
865 18502 20359 1021 20095 990 3912 1 0 1 0 0 0 0 0 0 1 1 R 0
866 18528 24506 559 23403 519 3950 1 0 4 0 0 0 0 0 0 1 1 R 0
867 18547 18565 826 18630 865 3548 1 0 0 0 0 0 0 0 0 2 1 R 0
868 18568 20792 973 20765 909 5194 1 0 0 0 0 0 0 0 0 2 1 R 0
869 18589 19505 548 19512 521 4315 1 0 0 0 0 0 0 0 0 1 1 R 0
870 18615 25718 548 24649 522 12449 1 0 4 0 0 0 0 0 0 1 1 R 0
871 18636 20235 663 19382 611 3143 1 0 1 0 0 0 0 0 0 2 1 R 0
872 18658 21216 925 20549 817 3176 1 0 1 0 0 0 0 0 0 2 1 R 0
873 18680 21422 566 20508 534 5104 1 0 4 0 0 0 0 0 0 2 1 R 0
874 18701 19955 548 19986 518 3844 1 0 0 0 0 0 0 0 0 1 1 R 0
875 18721 19288 553 19315 518 3719 1 0 0 0 0 0 0 0 0 1 1 R 0
876 18742 20613 1426 19602 1385 3205 1 0 4 0 0 0 0 0 0 1 1 R 0
877 18761 17527 784 17580 722 3352 1 0 0 0 0 0 0 0 0 3 1 R 0
878 18782 20589 936 20594 919 3515 1 0 0 0 0 0 0 0 0 0 1 R 0
879 18803 20007 944 19989 606 3934 1 0 1 0 0 0 0 0 0 3 1 R 0
880 18827 22812 535 20925 510 3517 1 0 4 0 0 0 0 0 0 1 1 R 0
881 18846 18526 979 18576 959 3745 1 0 0 0 0 0 0 0 0 2 1 R 0
882 18865 18600 753 18617 733 3099 1 0 0 0 0 0 0 0 0 1 1 R 0
883 18889 22424 549 21048 517 3505 1 0 4 0 0 0 0 0 0 1 1 R 0
884 18909 19732 582 19769 540 4350 1 0 0 0 0 0 0 0 0 1 1 R 0
885 18933 24022 576 24064 531 7497 1 0 0 0 0 0 0 0 0 2 1 R 0
886 18956 22167 545 21156 514 3316 1 0 4 0 0 0 0 0 0 2 1 R 0
887 18977 19957 522 19983 494 3214 1 0 0 0 0 0 0 0 0 1 1 R 0
888 18997 19579 554 19609 519 4484 1 0 0 0 0 0 0 0 0 1 1 R 0
889 19020 22593 561 20998 528 4451 1 0 4 0 0 0 0 0 0 1 1 R 0
890 19040 19832 877 18919 795 5223 1 0 1 0 0 0 0 0 0 2 1 R 0
891 19059 18103 852 18149 807 3401 1 0 0 0 0 0 0 0 0 1 1 R 0
892 19079 18492 684 18535 651 3143 1 0 0 0 0 0 0 0 0 2 1 R 0
893 19102 22456 577 21477 542 6767 1 0 4 0 0 0 0 0 0 1 1 R 0
894 19121 19108 557 19138 526 3808 1 0 0 0 0 0 0 0 0 2 1 R 0
895 19141 19100 727 19192 638 3484 1 0 0 0 0 0 0 0 0 1 1 R 0
896 19164 22632 553 21615 531 3478 1 0 4 0 0 0 0 0 0 2 1 R 0
897 19184 19011 649 19049 625 3301 1 0 0 0 0 0 0 0 0 1 1 R 0
898 19205 20279 538 20286 506 3271 1 0 0 0 0 0 0 0 0 2 1 R 0
899 19228 22451 536 20861 512 3870 1 0 5 0 0 0 0 0 0 1 1 R 0
900 19250 21448 681 21499 670 6436 1 0 0 0 0 0 0 0 0 1 1 R 0
901 19270 19143 660 19164 591 3267 1 0 0 0 0 0 0 0 0 1 1 R 0
902 19289 18378 1101 18455 1035 3194 1 0 0 0 0 0 0 0 0 2 1 R 0
903 19312 21632 578 20307 542 6668 1 0 4 0 0 0 0 0 0 1 1 R 0
904 19332 20022 970 20052 942 3875 1 0 0 0 0 0 0 0 0 2 1 R 0
905 19351 17848 773 17889 735 3195 1 0 0 0 0 0 0 0 0 1 1 R 0
906 19376 23768 626 22746 581 3220 1 0 4 0 0 0 0 0 0 2 1 R 0
907 19398 21720 555 20789 525 3500 1 0 1 0 0 0 0 0 0 1 1 R 0
908 19418 19856 546 19884 518 4395 1 0 0 0 0 0 0 0 0 1 1 R 0
909 19444 24928 546 22200 522 4230 1 0 5 0 0 0 0 0 0 3 1 R 0
910 19462 17475 1474 17565 1397 3215 1 0 0 0 0 0 0 0 0 1 1 R 0
911 19482 18616 1631 18650 1611 3961 1 0 0 0 0 0 0 0 0 2 1 R 0
912 19507 23242 1181 22356 1162 4609 1 0 4 0 0 1 0 0 0 1 1 R 0
913 19528 20357 618 20379 585 4514 1 0 0 0 0 0 0 0 0 1 1 R 0
914 19549 19772 553 19802 523 4332 1 0 0 0 0 0 0 0 0 1 1 R 0
915 19570 21162 689 21212 632 6594 1 0 0 0 0 0 0 0 0 2 1 R 0
916 19592 21171 1524 20235 1474 4575 1 0 4 0 0 0 0 0 0 2 1 R 0
917 19614 19816 548 19821 529 3511 1 0 0 0 0 0 0 0 0 1 1 R 0
918 19635 20816 548 19538 513 3840 1 0 1 0 0 0 0 0 0 1 1 R 0
919 19658 22314 683 21258 654 3166 1 0 4 0 0 0 0 0 0 2 1 R 0
920 19676 17575 675 17624 635 3668 1 0 0 0 0 0 0 0 0 2 1 R 0
921 19699 22199 764 21301 726 4858 1 0 2 0 0 0 0 0 0 2 1 R 0
922 19721 21719 558 20464 533 4046 1 0 4 0 0 0 0 0 0 1 1 R 0
923 19742 19698 552 19725 519 3893 1 0 0 0 0 0 0 0 0 2 1 R 0
924 19761 18623 683 18679 634 3362 1 0 0 0 0 0 0 0 0 1 1 R 0
925 19781 19757 552 19775 524 3871 1 0 0 0 0 0 0 0 0 1 1 R 0
926 19805 23556 595 21780 565 5451 1 0 4 0 0 1 0 0 0 1 1 R 0
927 19826 19989 538 20017 507 3903 1 0 0 0 0 0 0 0 0 1 1 R 0
928 19847 20769 676 19666 648 5817 1 0 1 0 0 0 0 0 0 2 1 R 0
929 19869 20896 831 19937 759 5299 1 0 4 0 0 0 0 0 0 1 1 R 0
930 19891 21451 617 21486 582 6622 1 0 0 0 0 0 0 0 0 2 1 R 0
931 19911 19568 594 19597 564 4000 1 0 0 0 0 0 0 0 0 2 1 R 0
932 19934 22126 539 20955 517 3874 1 0 4 0 0 0 0 0 0 1 1 R 0
933 19955 20496 529 20521 500 3451 1 0 0 0 0 0 0 0 0 2 1 R 0
934 19974 18696 702 18740 668 3263 1 0 0 0 0 0 0 0 0 1 1 R 0
935 19994 18886 3109 18955 1556 3488 1 0 1 0 3 0 0 0 0 2 1 R 0
936 20017 19809 565 19789 530 4369 1 0 0 0 0 0 0 0 0 1 1 R 0
937 20038 20915 564 19825 526 4504 1 0 1 0 0 0 0 0 0 1 1 R 0
938 20058 19427 554 19458 526 4466 1 0 0 0 0 0 0 0 0 1 1 R 0
939 20081 22032 564 21101 534 5847 1 0 4 0 0 0 0 0 0 2 1 R 0
940 20100 18063 661 18120 618 3078 1 0 0 0 0 0 0 0 0 2 1 R 0
941 20120 20020 555 20033 526 5062 1 0 0 0 0 0 0 0 0 1 1 R 0
942 20144 23293 590 21730 540 3925 1 0 4 0 0 0 0 0 0 1 1 R 0
943 20164 19486 619 19516 596 3686 1 0 0 0 0 0 0 0 0 2 1 R 0
944 20182 17395 1311 17445 1268 3166 1 0 0 0 0 0 0 0 0 1 1 R 0
945 20209 25319 539 24011 518 6607 1 0 4 0 0 0 0 0 0 2 1 R 0
946 20229 19343 544 19371 514 4316 1 0 0 0 0 0 0 0 0 1 1 R 0
947 20250 20859 578 19555 549 5585 1 0 1 0 0 0 0 0 0 1 1 R 0
948 20268 17042 694 17087 668 3253 1 0 0 0 0 0 0 0 0 1 1 R 0
949 20291 22732 701 21482 677 7976 1 0 4 0 0 0 0 0 0 3 1 R 0
950 20310 18154 689 18192 637 3339 1 0 0 0 0 0 0 0 0 1 1 R 0
951 20332 20922 540 20937 513 3942 1 0 0 0 0 0 0 0 0 2 1 R 0
952 20354 22121 584 20743 552 3879 1 0 4 0 0 0 0 0 0 1 1 R 0
953 20372 17333 1381 17378 1359 3220 1 0 0 0 0 0 0 0 0 1 1 R 0
954 20391 17709 658 17734 623 3013 1 0 0 0 0 0 0 0 0 2 1 R 0
955 20411 19400 885 19456 824 3753 1 0 0 0 0 0 0 0 0 1 1 R 0
956 20437 25038 552 22257 523 4146 1 0 5 0 0 0 0 0 0 2 1 R 0
957 20459 20949 702 20998 649 4532 1 0 0 0 0 0 0 0 0 1 1 R 0
958 20478 18462 660 18511 617 3686 1 0 0 0 0 0 0 0 0 2 1 R 0
959 20500 20998 727 19921 681 5513 1 0 4 0 0 0 0 0 0 1 1 R 0
960 20524 23445 541 23466 516 7316 1 0 0 0 0 0 0 0 0 2 1 R 0
961 20544 19390 565 19424 544 4135 1 0 0 0 0 0 0 0 0 1 1 R 0
962 20567 22384 568 20970 538 4030 1 0 4 0 0 0 0 0 0 1 1 R 0
963 20585 18178 651 18239 615 3098 1 0 0 0 0 0 0 0 0 2 1 R 0
964 20605 19002 664 19052 622 3311 1 0 0 0 0 0 0 0 0 1 1 R 0
965 20628 22751 518 21606 498 3444 1 0 4 0 0 0 0 0 0 2 1 R 0
966 20650 21228 565 20227 543 5594 1 0 1 0 0 0 0 0 0 1 1 R 0
967 20671 20438 562 19919 534 3917 1 0 1 0 0 0 0 0 0 2 1 R 0
968 20691 19444 751 19497 733 3166 1 0 0 0 0 0 0 0 0 2 1 R 0
969 20714 22120 538 20192 515 4972 1 0 4 0 0 0 0 0 0 1 1 R 0
970 20734 19790 590 19816 558 3800 1 0 0 0 0 0 0 0 0 1 1 R 0
971 20754 19419 920 19486 855 3863 1 0 0 0 0 0 0 0 0 1 1 R 0
972 20778 22382 563 21392 526 3743 1 0 4 0 0 0 0 0 0 2 1 R 0
973 20798 19829 547 19860 518 4071 1 0 0 0 0 0 0 0 0 1 1 R 0
974 20817 18266 939 18351 859 3816 1 0 0 0 0 0 0 0 0 2 1 R 0
975 20844 26315 595 24165 569 8404 1 0 5 0 0 0 0 0 0 2 1 R 0
976 20865 19776 536 19798 510 3918 1 0 0 0 0 0 0 0 0 1 1 R 0
977 20884 18797 625 18834 600 3366 1 0 0 0 0 0 0 0 0 1 1 R 0
978 20907 22308 529 21477 509 3663 1 0 4 0 0 0 0 0 0 1 1 R 0
979 20927 19711 576 19735 553 3940 1 0 0 0 0 0 0 0 0 1 1 R 0
980 20947 19802 534 19825 504 4305 1 0 0 0 0 0 0 0 0 2 1 R 0
981 20968 19786 553 19816 521 4395 1 0 0 0 0 0 0 0 0 2 1 R 0
982 20989 20830 663 19842 587 5365 1 0 4 0 0 0 0 0 0 0 1 R 0
983 21008 18426 741 18476 710 3785 1 0 0 0 0 0 0 0 0 2 1 R 0
984 21027 18092 681 18120 645 3726 1 0 0 0 0 0 0 0 0 2 1 R 0
985 21052 23753 556 21701 530 4664 1 0 5 0 0 0 0 0 0 1 1 R 0
986 21072 19503 557 19524 531 3884 1 0 0 0 0 0 0 0 0 1 1 R 0
987 21090 17938 654 17999 586 3108 1 0 0 0 0 0 0 0 0 2 1 R 0
988 21110 19172 686 19254 613 3183 1 0 0 0 0 0 0 0 0 1 1 R 0
989 21132 21570 1101 20360 1070 4859 1 0 4 0 0 0 0 0 0 2 1 R 0
990 21156 22337 544 22360 519 8360 1 0 0 0 0 0 0 0 0 2 1 R 0
991 21176 19775 543 19801 511 3884 1 0 0 0 0 0 0 0 0 1 1 R 0
992 21199 22180 864 21075 772 3480 1 0 4 0 0 0 0 0 0 2 1 R 0
993 21217 17381 682 17430 632 3649 1 0 0 0 0 0 0 0 0 1 1 R 0
994 21238 20183 1561 20185 728 3998 1 0 1 0 0 0 0 0 0 2 1 R 0
995 21261 22072 562 21096 539 4341 1 0 4 0 0 0 0 0 0 0 1 R 0
996 21281 19259 686 19279 664 3671 1 0 0 0 0 0 0 0 0 2 1 R 0
997 21301 19160 585 19181 550 3637 1 0 0 0 0 0 0 0 0 1 1 R 0
998 21319 17306 627 17353 591 3241 1 0 0 0 0 0 0 0 0 2 1 R 0
999 21344 24006 580 22559 554 7270 1 0 4 0 0 0 0 0 0 1 1 R 0
1000 21363 19187 533 19212 510 4085 1 0 0 0 0 0 0 0 0 2 1 R 0
1001 21384 20173 640 20193 614 3903 1 0 0 0 0 0 0 0 0 1 1 R 0
1002 21407 22204 551 20945 522 3224 1 0 4 0 0 0 0 0 0 1 1 R 0
1003 21426 18591 738 18646 704 3749 1 0 0 0 0 0 0 0 0 2 1 R 0
1004 21448 20841 600 19309 573 3508 1 0 1 0 0 0 0 0 0 1 1 R 0
1005 21474 25798 547 24669 519 8056 1 0 4 0 0 0 0 0 0 2 1 R 0
1006 21494 19660 533 19690 507 4069 1 0 0 0 0 0 0 0 0 2 1 R 0
1007 21513 18238 672 18270 661 3276 1 0 0 0 0 0 0 0 0 1 1 R 0
1008 21535 20984 1441 20287 931 3738 1 0 1 0 3 0 0 0 0 2 1 R 0
1009 21557 20813 546 20412 517 4386 1 0 0 0 0 0 0 0 0 1 1 R 0
1010 21577 19068 563 19096 528 4369 1 0 0 0 0 0 0 0 0 1 1 R 0
1011 21600 22454 552 22486 530 4680 1 0 0 0 0 0 0 0 0 1 1 R 0
1012 21624 23808 689 22786 650 6796 1 0 4 0 0 0 0 0 0 2 1 R 0
1013 21646 21466 667 20052 638 4104 1 0 1 0 0 0 0 0 0 1 1 R 0
1014 21666 19685 546 19711 518 3653 1 0 0 0 0 0 0 0 0 1 1 R 0
1015 21689 21628 1211 20332 1183 5882 1 0 4 0 0 1 0 0 0 1 1 R 0
1016 21709 19292 668 19005 618 4625 1 0 1 0 0 0 0 0 0 2 1 R 0
1017 21728 18586 686 18624 655 3646 1 0 0 0 0 0 0 0 0 2 1 R 0
1018 21751 22052 560 20526 524 3574 1 0 4 0 0 0 0 0 0 1 1 R 0
1019 21771 19393 568 19425 536 3863 1 0 0 0 0 1 0 0 0 1 1 R 0
1020 21796 24401 707 24465 644 7214 1 0 0 0 0 0 0 0 0 2 1 R 0
1021 21818 21768 643 20331 583 3080 1 0 4 0 0 0 0 0 0 2 1 R 0
1022 21838 18523 712 18566 680 3904 1 0 0 0 0 0 0 0 0 1 1 R 0
1023 21858 20080 697 18860 666 5462 1 0 1 0 0 0 0 0 0 1 1 R 0
1024 21879 19519 599 19527 576 4330 1 0 0 0 0 0 0 0 0 2 1 R 0
1025 21902 22426 567 21513 528 6427 1 0 4 0 0 0 0 0 0 1 1 R 0
1026 21920 17434 772 17485 740 3214 1 0 0 0 0 0 0 0 0 2 1 R 0
1027 21940 19369 679 19408 641 4160 1 0 0 0 0 0 0 0 0 2 1 R 0
1028 21965 24284 556 22338 529 4324 1 0 4 0 0 0 0 0 0 1 1 R 0
1029 21985 19733 716 19799 645 3904 1 0 0 0 0 0 0 0 0 1 1 R 0
1030 22008 21743 655 21793 602 3862 1 0 0 0 0 0 0 0 0 2 1 R 0
1031 22030 21400 548 20095 523 3562 1 0 4 0 0 0 0 0 0 2 1 R 0
1032 22050 20026 779 18929 670 3547 1 0 1 0 0 0 0 0 0 2 1 R 0
1033 22071 20218 554 20242 526 3890 1 0 0 0 0 0 0 0 0 1 1 R 0
1034 22091 19562 552 19587 523 3882 1 0 0 0 0 0 0 0 0 2 1 R 0
1035 22116 24355 557 22741 525 8163 1 0 4 0 0 0 0 0 0 1 1 R 0
1036 22135 18584 641 18625 615 3150 1 0 0 0 0 0 0 0 0 2 1 R 0
1037 22156 20307 720 20343 706 3380 1 0 0 0 0 0 0 0 0 2 1 R 0
1038 22179 22004 745 20695 720 5369 1 0 4 0 0 0 0 0 0 1 1 R 0
1039 22200 19926 551 19947 521 4440 1 0 0 0 0 0 0 0 0 1 1 R 0
1040 22218 17712 830 17772 806 3623 1 0 0 0 0 0 0 0 0 2 1 R 0
1041 22241 22050 680 20922 623 4528 1 0 4 0 0 0 0 0 0 2 1 R 0
1042 22264 22089 537 20901 507 3233 1 0 1 0 0 0 0 0 0 1 1 R 0
1043 22284 19811 518 19832 498 3912 1 0 0 0 0 0 0 0 0 1 1 R 0
1044 22307 22349 601 21567 582 3955 1 0 4 0 0 0 0 0 0 2 1 R 0
1045 22326 18241 721 18302 689 3702 1 0 0 0 0 0 0 0 0 1 1 R 0
1046 22345 18946 697 18946 674 4378 1 0 0 0 0 0 0 0 0 2 1 R 0
1047 22366 20452 536 20463 510 3545 1 0 0 0 0 0 0 0 0 2 1 R 0
1048 22389 21563 566 20286 532 5609 1 0 4 0 0 0 0 0 0 1 1 R 0
1049 22409 19541 552 19567 516 4044 1 0 0 0 0 0 0 0 0 1 1 R 0
1050 22430 21200 825 21267 760 6553 1 0 0 0 0 0 0 0 0 2 1 R 0
1051 22455 23987 702 21503 563 3245 1 0 4 0 0 0 0 0 0 2 1 R 0
1052 22476 19641 554 19657 525 3840 1 0 0 0 0 0 0 0 0 1 1 R 0
1053 22496 20233 556 20262 532 4114 1 0 0 0 0 0 0 0 0 1 1 R 0
1054 22520 22728 540 21211 507 4543 1 0 4 0 0 0 0 0 0 1 1 R 0
1055 22538 17962 744 18015 724 3617 1 0 0 0 0 0 0 0 0 2 1 R 0
1056 22558 19128 673 19162 632 4496 1 0 0 0 0 0 0 0 0 2 1 R 0
1057 22580 20950 540 20951 515 5215 1 0 0 0 0 0 0 0 0 1 1 R 0
1058 22602 21413 574 20176 544 6441 1 0 4 0 0 0 0 0 0 1 1 R 0
1059 22625 22723 643 22745 617 4042 1 0 0 0 0 0 0 0 0 2 1 R 0
1060 22643 17742 772 17820 725 3311 1 0 0 0 0 0 0 0 0 2 1 R 0
1061 22668 24269 565 21711 537 5705 1 0 5 0 0 0 0 0 0 2 1 R 0
1062 22689 20106 540 20131 513 4350 1 0 0 0 0 0 0 0 0 1 1 R 0
1063 22709 19421 558 19448 529 4371 1 0 0 0 0 0 0 0 0 1 1 R 0
1064 22731 21815 659 20467 617 3745 1 0 4 0 0 0 0 0 0 2 1 R 0
1065 22754 22089 635 22134 616 6140 1 0 0 0 0 0 0 0 0 2 1 R 0
1066 22774 18869 647 18907 600 3335 1 0 0 0 0 0 0 0 0 1 1 R 0
1067 22798 23531 654 22737 594 4526 1 0 4 0 0 0 0 0 0 1 1 R 0
1068 22818 19630 646 19668 601 4270 1 0 0 0 0 0 0 0 0 2 1 R 0
1069 22837 18041 624 18081 581 3530 1 0 0 0 0 0 0 0 0 1 1 R 0
1070 22857 20074 916 19164 882 3712 1 0 1 0 0 0 0 0 0 2 1 R 0
1071 22878 19892 799 18736 764 5776 1 0 4 0 0 0 0 0 0 2 1 R 0
1072 22900 20574 564 20589 535 4290 1 0 0 0 0 0 0 0 0 1 1 R 0
1073 22919 19256 598 19278 568 4295 1 0 0 0 0 0 0 0 0 1 1 R 0
1074 22942 21587 1119 20114 1036 3690 1 0 4 0 0 0 0 0 0 2 1 R 0
1075 22962 18836 598 18854 580 4111 1 0 0 0 0 0 0 0 0 1 1 R 0
1076 22983 20869 534 20879 514 3868 1 0 0 0 0 0 0 0 0 2 1 R 0
1077 23002 18751 2016 19334 1053 3879 1 0 1 0 3 0 0 0 0 1 1 R 0
1078 23026 21279 605 20854 570 3917 1 0 0 0 0 0 0 0 0 2 1 R 0
1079 23044 17754 1106 17818 1056 3470 1 0 0 0 0 0 0 0 0 1 1 R 0
1080 23070 24410 686 23515 638 8449 1 0 1 0 0 0 0 0 0 2 1 R 0
1081 23092 21357 569 20187 535 6723 1 0 4 0 0 0 0 0 0 2 1 R 0
1082 23112 20043 996 20069 967 4080 1 0 0 0 0 0 0 0 0 1 1 R 0
1083 23132 18907 1362 18964 1318 3913 1 0 0 0 0 0 0 0 0 1 1 R 0
1084 23155 21444 775 20399 743 3096 1 0 4 0 0 0 0 0 0 2 1 R 0
1085 23174 18131 624 18144 622 3232 1 0 0 0 0 0 0 0 0 1 1 R 0
1086 23194 19976 597 19965 577 4215 1 0 0 0 0 0 0 0 0 1 1 R 0
1087 23218 23023 580 22075 543 3904 1 0 4 0 0 0 0 0 0 2 1 R 0
1088 23238 19315 546 19341 511 3796 1 0 0 0 0 0 0 0 0 1 1 R 0
1089 23258 20016 678 19091 631 3687 1 0 1 0 0 0 0 0 0 2 1 R 0
1090 23277 18194 686 18273 596 3777 1 0 0 0 0 0 0 0 0 1 1 R 0
1091 23301 23181 565 21974 536 7220 1 0 4 0 0 0 0 0 0 2 1 R 0
1092 23321 19410 553 19434 525 3927 1 0 0 0 0 0 0 0 0 1 1 R 0
1093 23340 18240 772 18282 740 3124 1 0 0 0 0 0 0 0 0 2 1 R 0
1094 23364 23031 751 21811 726 3377 1 0 4 0 0 0 0 0 0 2 1 R 0
1095 23387 22171 584 22218 528 6515 1 0 0 0 0 0 0 0 0 1 1 R 0
1096 23407 20031 560 20062 527 4365 1 0 0 0 0 0 0 0 0 1 1 R 0
1097 23429 21496 1007 20479 979 4434 1 0 4 0 0 0 0 0 0 1 1 R 0
1098 23449 18247 883 18305 806 3465 1 0 0 0 0 0 0 0 0 2 1 R 0
1099 23470 20934 844 19711 816 4906 1 0 1 0 0 0 0 0 0 2 1 R 0
1100 23491 19215 557 19224 529 3513 1 0 0 0 0 0 0 0 0 2 1 R 0
1101 23514 23093 551 21763 525 4027 1 0 4 0 0 0 0 0 0 1 1 R 0
1102 23535 20653 856 20487 846 3780 1 0 1 0 0 0 0 0 0 2 1 R 0
1103 23558 21386 967 21443 911 4600 1 0 0 0 0 0 0 0 0 1 1 R 0
1104 23597 37939 561 23970 525 6674 1 0 9 0 0 0 0 0 0 2 1 R 2
1105 23621 23498 560 23521 531 7912 1 0 0 0 0 0 0 0 0 1 1 R 0
1106 23644 23230 526 21889 489 3554 1 0 4 0 0 0 0 0 0 2 1 R 0
1107 23665 20111 695 19213 663 3146 1 0 1 0 0 0 0 0 0 2 1 R 0
1108 23685 19527 632 19553 620 3201 1 0 0 0 0 0 0 0 0 2 1 R 0
1109 23710 23983 553 22256 522 4261 1 0 5 0 0 0 0 0 0 1 1 R 0
1110 23734 23352 639 23370 613 8370 1 0 0 0 0 0 0 0 0 1 1 R 0
1111 23753 18721 766 18793 716 3183 1 0 0 0 0 0 0 0 0 2 1 R 0
1112 23772 18334 4124 18376 2697 3144 1 0 0 0 3 1 0 0 0 2 1 R 0
1113 23797 20329 559 20129 531 3288 1 0 1 0 0 0 0 0 0 2 1 R 0
1114 23817 19371 560 19396 532 4482 1 0 0 0 0 0 0 0 0 1 1 R 0
1115 23837 20059 548 20088 509 4347 1 0 0 0 0 0 0 0 0 1 1 R 0
1116 23861 23249 539 20752 516 3791 1 0 5 0 0 0 0 0 0 2 1 R 0
1117 23880 18746 1848 18792 1844 3141 1 0 0 0 0 1 0 0 0 2 1 R 0
1118 23902 19371 694 19373 685 3218 1 0 0 0 0 0 0 0 0 1 1 R 0
1119 23925 22963 561 21292 530 3907 1 0 4 0 0 0 0 0 0 1 1 R 0
1120 23946 20302 637 20326 616 3725 1 0 0 0 0 0 0 0 0 1 1 R 0
1121 23969 22549 553 22577 525 4895 1 0 0 0 0 0 0 0 0 2 1 R 0
1122 23995 24700 573 23047 557 4857 1 0 3 0 0 0 0 0 0 1 1 R 0
1123 24015 20404 546 20429 519 4311 1 0 0 0 0 0 0 0 0 1 1 R 0
1124 24036 20313 545 20340 513 3854 1 0 0 0 0 0 0 0 0 1 1 R 0
1125 24064 26953 555 24379 524 7079 1 0 4 0 0 0 0 0 0 2 1 R 0
1126 24082 17753 1292 17819 1252 3052 1 0 0 0 0 0 0 0 0 2 1 R 0
1127 24102 18887 1730 19835 762 3680 1 0 0 0 0 0 0 0 0 1 1 R 0
1128 24126 21554 1304 20987 934 3827 1 0 4 0 0 0 0 0 0 1 1 R 0
1129 24147 20101 617 20123 580 4565 1 0 0 0 0 0 0 0 0 2 1 R 0
1130 24166 18418 753 18463 726 3761 1 0 0 0 0 0 0 0 0 1 1 R 0
1131 24186 18688 609 18705 579 3186 1 0 0 0 0 0 0 0 0 2 1 R 0
1132 24208 22030 559 20994 526 3511 1 0 4 0 0 0 0 0 0 1 1 R 0
1133 24228 19681 537 19708 511 4411 1 0 0 0 0 0 0 0 0 3 1 R 0
1134 24249 19921 629 19977 569 4352 1 0 0 0 0 0 0 0 0 1 1 R 0
1135 24273 23754 560 20922 529 4329 1 0 6 0 0 0 0 0 0 2 1 R 0
1136 24294 19979 618 20009 593 3813 1 0 0 0 0 0 0 0 0 1 1 R 0
1137 24314 19977 544 20000 505 3854 1 0 0 0 0 0 0 0 0 1 1 R 0
1138 24337 21796 596 21000 572 3861 1 0 4 0 0 0 0 0 0 1 1 R 0
1139 24357 20113 558 20138 527 3842 1 0 0 0 0 0 0 0 0 2 1 R 0
1140 24379 20996 934 21037 890 6548 1 0 0 0 0 0 0 0 0 1 1 R 0
1141 24398 18384 639 18428 598 3673 1 0 0 0 0 0 0 0 0 2 1 R 0
1142 24421 21701 683 20747 643 6779 1 0 4 0 0 0 0 0 0 2 1 R 0
1143 24442 20233 728 20268 660 3936 1 0 0 0 0 0 0 0 0 1 1 R 0
1144 24464 21966 541 20896 516 4186 1 0 1 0 0 0 0 0 0 1 1 R 0
1145 24487 21771 1352 20782 1288 3213 1 0 4 0 0 0 0 0 0 2 1 R 0
1146 24506 18022 726 18058 714 3522 1 0 0 0 0 0 0 0 0 2 1 R 0
1147 24527 20114 583 20112 547 4484 1 0 0 0 0 0 0 0 0 1 1 R 0
1148 24550 22304 562 21098 528 4458 1 0 4 0 0 0 0 0 0 1 1 R 0
1149 24569 19265 836 19360 743 4726 1 0 0 0 0 0 0 0 0 2 1 R 0
1150 24589 18787 814 18865 737 4801 1 0 0 0 0 0 0 0 0 2 1 R 0
1151 24610 20120 855 20159 817 5480 1 0 0 0 0 0 0 0 0 2 1 R 0
1152 24634 23337 550 21606 522 5789 1 0 4 0 0 0 0 0 0 1 1 R 0
1153 24656 21619 541 21355 517 3903 1 0 1 0 0 0 0 0 0 1 1 R 0
1154 24677 19772 750 18815 715 5072 1 0 1 0 0 0 0 0 0 2 1 R 0
1155 24702 24660 1108 23517 1087 8333 1 0 4 0 0 0 0 0 0 1 1 R 0
1156 24722 18420 702 18498 932 3381 1 0 0 0 0 0 0 0 0 2 1 R 0
1157 24742 19770 939 19480 910 3892 1 0 0 0 0 0 0 0 0 1 1 R 0
1158 24765 22051 546 20477 521 4099 1 0 4 0 0 0 0 0 0 1 1 R 0
1159 24784 18582 720 18630 696 3198 1 0 0 0 0 0 0 0 0 3 1 R 0
1160 24804 19351 675 19405 603 3709 1 0 0 0 0 0 0 0 0 1 1 R 0
1161 24827 21786 669 20988 649 3196 1 0 4 0 0 0 0 0 0 2 1 R 0
1162 24848 20171 556 20193 526 4538 1 0 0 0 0 0 0 0 0 1 1 R 0
1163 24869 20354 599 19085 551 3953 1 0 1 0 0 0 0 0 0 1 1 R 0
1164 24888 18369 665 18408 640 3525 1 0 0 0 0 0 0 0 0 2 1 R 0
1165 24909 20886 681 19880 659 5723 1 0 4 0 0 0 0 0 0 1 1 R 0
1166 24930 20464 547 20464 522 4314 1 0 0 0 0 0 0 0 0 2 1 R 0
1167 24950 19452 599 19481 568 3891 1 0 0 0 0 0 0 0 0 1 1 R 0
1168 24974 22857 544 21227 516 3297 1 0 4 0 0 0 0 0 0 1 1 R 0
1169 24992 17359 683 17410 631 3229 1 0 0 0 0 0 0 0 0 2 1 R 0
1170 25016 23549 617 23581 592 6884 1 0 0 0 0 0 0 0 0 1 1 R 0
1171 25039 22152 536 20992 512 3153 1 0 4 0 0 0 0 0 0 2 1 R 0
1172 25059 19953 545 19980 518 4305 1 0 0 0 0 0 0 0 0 1 1 R 0
1173 25080 20710 567 19026 544 5562 1 0 1 0 0 0 0 0 0 2 1 R 0
1174 25099 17993 678 18043 633 3172 1 0 0 0 0 0 0 0 0 1 1 R 0
1175 25120 20875 701 19846 671 6126 1 0 4 0 0 0 0 0 0 2 1 R 0
1176 25141 20338 565 20327 536 3802 1 0 0 0 0 0 0 0 0 2 1 R 0
1177 25162 19939 1095 19965 1079 4081 1 0 0 0 0 0 0 0 0 1 1 R 0
1178 25185 21711 549 20272 521 3692 1 0 4 0 0 0 0 0 0 1 1 R 0
1179 25205 19397 659 19471 610 3495 1 0 0 0 0 0 0 0 0 2 1 R 0
1180 25223 17723 593 17724 568 3006 1 0 0 0 0 0 0 0 0 1 1 R 0
1181 25246 21851 826 21126 817 4053 1 0 4 0 0 0 0 0 0 1 1 R 0
1182 25267 20860 549 20035 516 3864 1 0 1 0 0 0 0 0 0 1 1 R 0
1183 25286 18603 641 18651 602 3829 1 0 0 0 0 0 0 0 0 2 1 R 0
1184 25305 17787 690 17829 639 3770 1 0 0 0 0 0 0 0 0 2 1 R 0
1185 25333 27300 558 26209 524 11837 1 0 4 0 0 0 0 0 0 2 1 R 0
1186 25353 19768 527 19787 503 3833 1 0 0 0 0 0 0 0 0 1 1 R 0
1187 25373 19821 534 19846 511 3897 1 0 0 0 0 0 0 0 0 1 1 R 0
1188 25398 24382 572 22003 541 4929 1 0 4 0 0 0 0 0 0 2 1 R 0
1189 25416 17414 764 17468 720 3679 1 0 0 0 0 0 0 0 0 2 1 R 0
1190 25438 20925 890 20966 851 5436 1 0 0 0 0 0 0 0 0 1 1 R 0
1191 25459 19677 534 19685 509 4383 1 0 0 0 0 0 0 0 0 2 1 R 0
1192 25482 23070 1073 20517 1045 7633 1 0 4 0 0 0 0 0 0 1 1 R 0
1193 25501 17942 687 17990 644 3158 1 0 0 0 0 0 0 0 0 1 1 R 0
1194 25520 18140 664 18191 624 3186 1 0 0 0 0 0 0 0 0 2 1 R 0
1195 25544 23643 591 21775 563 3471 1 0 4 0 0 0 0 0 0 2 1 R 0
1196 25564 19296 533 19320 506 3935 1 0 0 0 0 0 0 0 0 1 1 R 0
1197 25585 20197 542 20226 513 3830 1 0 0 0 0 0 0 0 0 1 1 R 0
1198 25608 21930 532 20604 515 3699 1 0 4 0 0 0 0 0 0 1 1 R 0
1199 25626 18431 788 18468 753 3800 1 0 0 0 0 0 0 0 0 2 1 R 0
1200 25650 22955 557 22974 529 8089 1 0 0 0 0 0 0 0 0 1 1 R 0
1201 25672 20959 568 19900 538 3887 1 0 1 0 0 0 0 0 0 1 1 R 0
1202 25696 23580 642 21035 616 4037 1 0 5 0 0 0 0 0 0 1 1 R 0
1203 25716 19801 616 19837 578 3221 1 0 0 0 0 0 0 0 0 2 1 R 0
1204 25736 18640 638 18688 602 3109 1 0 0 0 0 0 0 0 0 2 1 R 0
1205 25759 23044 544 21882 512 4577 1 0 4 0 0 1 0 0 0 1 1 R 0
1206 25779 19435 1113 19460 1087 4421 1 0 0 0 0 0 0 0 0 1 1 R 0
1207 25799 18157 683 18200 648 3701 1 0 0 0 0 0 0 0 0 1 1 R 0
1208 25820 20908 667 19502 601 3899 1 0 4 0 0 0 0 0 0 2 1 R 0
1209 25839 18618 762 18698 690 3292 1 0 0 0 0 0 0 0 0 2 1 R 0
1210 25861 20666 551 20679 532 4918 1 0 0 0 0 0 0 0 0 1 1 R 0
1211 25882 20870 1117 19817 1094 5337 1 0 1 0 2 0 0 0 0 1 1 R 0
1212 25906 22219 533 20751 507 3137 1 0 2 0 0 0 0 0 0 2 1 R 0
1213 25924 18219 595 18258 565 3177 1 0 0 0 0 0 0 0 0 2 1 R 0
1214 25944 19550 653 19588 610 3987 1 0 0 0 0 0 0 0 0 1 1 R 0
1215 25970 25114 565 23733 532 11153 1 0 4 0 0 0 0 0 0 2 1 R 0
1216 25990 19468 557 19492 525 3925 1 0 0 0 0 0 0 0 0 1 1 R 0
1217 26008 17486 1132 17570 1056 3331 1 0 0 0 0 0 0 0 0 2 1 R 0
1218 26031 21926 699 20827 661 4553 1 0 4 0 0 0 0 0 0 1 1 R 0
1219 26051 18970 668 19020 643 3235 1 0 0 0 0 0 0 0 0 2 1 R 0
1220 26074 22166 1162 21072 1169 3911 1 0 1 0 0 1 0 0 0 2 1 R 0
1221 26098 23022 706 21561 646 3945 1 0 4 0 0 0 0 0 0 1 1 R 0
1222 26117 17954 634 17996 589 3656 1 0 0 0 0 0 0 0 0 2 1 R 0
1223 26137 19912 654 19965 612 4668 1 0 0 0 0 0 0 0 0 1 1 R 0
1224 26159 20809 551 20827 523 4430 1 0 0 0 0 0 0 0 0 2 1 R 0
1225 26181 21476 566 20503 536 6727 1 0 4 0 0 0 0 0 0 1 1 R 0
1226 26201 19335 761 19379 740 3512 1 0 0 0 0 0 0 0 0 1 1 R 0
1227 26219 17997 742 18019 702 3278 1 0 0 0 0 0 0 0 0 2 1 R 0
1228 26242 21658 1372 20544 1348 4482 1 0 4 0 0 0 0 0 0 2 1 R 0
1229 26263 20089 522 20086 502 4086 1 0 0 0 0 0 0 0 0 1 1 R 0
1230 26288 23740 570 22701 540 10487 1 0 1 0 0 0 0 0 0 1 1 R 0
1231 26310 21969 542 20832 510 4344 1 0 4 0 0 0 0 0 0 1 1 R 0
1232 26329 18164 752 18219 1041 3198 1 0 0 0 0 0 0 0 0 2 1 R 0
1233 26349 19201 681 18913 639 4010 1 0 0 0 0 0 0 0 0 2 1 R 0
1234 26370 20377 702 20425 635 4621 1 0 0 0 0 0 0 0 0 1 1 R 0
1235 26392 21304 911 20144 881 6363 1 0 4 0 0 0 0 0 0 0 1 R 0
1236 26415 21934 528 21955 504 4159 1 0 0 0 0 0 0 0 0 3 1 R 0
1237 26434 18480 771 18541 728 3187 1 0 0 0 0 0 0 0 0 1 1 R 0
1238 26458 23124 848 22094 809 3522 1 0 4 0 0 0 0 0 0 2 1 R 0
1239 26479 20626 761 19548 732 4389 1 0 1 0 0 0 0 0 0 1 1 R 0
1240 26500 19849 548 19871 514 4347 1 0 0 0 0 0 0 0 0 1 1 R 0
1241 26521 21000 828 19538 777 3889 1 0 4 0 0 0 0 0 0 2 1 R 0
1242 26540 18045 677 18106 643 3388 1 0 0 0 0 0 0 0 0 2 1 R 0
1243 26560 19361 660 19367 651 3426 1 0 0 0 0 0 0 0 0 1 1 R 0
1244 26581 19980 568 19976 535 3885 1 0 0 0 0 0 0 0 0 1 1 R 0
1245 26608 26175 672 25201 649 11767 1 0 4 0 0 0 0 0 0 1 1 R 0
1246 26626 17575 887 17639 841 3886 1 0 0 0 0 0 0 0 0 1 1 R 0
1247 26647 20241 829 20266 783 5808 1 0 0 0 0 0 0 0 0 3 1 R 0
1248 26673 25541 535 23058 513 8288 1 0 5 0 0 0 0 0 0 2 1 R 0
1249 26694 19909 640 19945 623 3917 1 0 0 0 0 0 0 0 0 1 1 R 0
1250 26714 19622 536 19626 511 3552 1 0 0 0 0 0 0 0 0 1 1 R 0
1251 26736 21191 661 20124 611 3125 1 0 4 0 0 0 0 0 0 2 1 R 0
1252 26755 18869 621 18892 577 3075 1 0 0 0 0 0 0 0 0 2 1 R 0
1253 26776 20456 527 20485 502 3944 1 0 0 0 0 0 0 0 0 1 1 R 0
1254 26799 21806 538 20498 509 4483 1 0 4 0 0 0 0 0 0 1 1 R 0
1255 26820 20576 557 20611 524 4627 1 0 0 0 0 0 0 0 0 2 1 R 0
1256 26838 17809 634 17852 588 3611 1 0 0 0 0 0 0 0 0 1 1 R 0
1257 26860 21009 545 21040 522 5171 1 0 0 0 0 0 0 0 0 2 1 R 0
1258 26884 23603 529 20475 501 6674 1 0 5 0 0 0 0 0 0 1 1 R 0
1259 26904 19902 523 19928 496 3853 1 0 0 0 0 0 0 0 0 2 1 R 0
1260 26928 23127 567 23158 533 8110 1 0 0 0 0 0 0 0 0 1 1 R 0
1261 26949 20811 673 19774 645 5658 1 0 4 0 0 0 0 0 0 2 1 R 0
1262 26970 19656 846 19722 791 4259 1 0 0 0 0 0 0 0 0 2 1 R 0
1263 26991 20000 556 19995 528 3911 1 0 0 0 0 0 0 0 0 1 1 R 0
1264 27015 23816 678 22295 653 4098 1 0 4 0 0 0 0 0 0 1 1 R 0
1265 27034 18638 709 18691 664 3270 1 0 0 0 0 0 0 0 0 2 1 R 0
1266 27054 19005 609 19033 581 3178 1 0 0 0 0 0 0 0 0 2 1 R 0
1267 27078 23486 610 21375 582 3266 1 0 5 0 0 0 0 0 0 1 1 R 0
1268 27099 20162 564 20194 538 4329 1 0 0 0 0 0 0 0 0 1 1 R 0
1269 27119 19563 550 19588 521 4272 1 0 0 0 0 0 0 0 0 1 1 R 0
1270 27138 18137 642 18182 604 3570 1 0 0 0 0 0 0 0 0 2 1 R 0
1271 27159 21170 638 20121 596 6405 1 0 4 0 0 0 0 0 0 2 1 R 0
1272 27180 20139 568 20167 539 4144 1 0 0 0 0 0 0 0 0 1 1 R 0
1273 27201 19719 608 19750 576 3918 1 0 0 0 0 0 0 0 0 2 1 R 0
1274 27223 22334 587 20647 567 3804 1 0 4 0 0 0 0 0 0 1 1 R 0
1275 27245 21172 719 21245 637 6381 1 0 0 0 0 0 0 0 0 2 1 R 0
1276 27265 18630 609 18669 581 3154 1 0 0 0 0 0 0 0 0 1 1 R 0
1277 27290 25058 557 22594 531 4258 1 0 5 0 0 0 0 0 0 2 1 R 0
1278 27311 19914 679 19953 640 4062 1 0 0 0 0 0 0 0 0 1 1 R 0
1279 27331 19595 559 19619 530 3877 1 0 0 0 0 0 0 0 0 1 1 R 0
1280 27350 18062 676 18130 621 3164 1 0 0 0 0 0 0 0 0 2 1 R 0
1281 27371 21093 705 20230 671 6511 1 0 4 0 0 0 0 0 0 1 1 R 0
1282 27392 19932 963 19939 948 3886 1 0 0 0 0 0 0 0 0 1 1 R 0
1283 27412 19253 1101 19288 1056 4060 1 0 0 0 0 0 0 0 0 2 1 R 0
1284 27437 23228 674 21818 644 3884 1 0 4 0 0 0 0 0 0 1 1 R 0
1285 27455 17800 712 17861 659 3081 1 0 0 0 0 0 0 0 0 2 1 R 0
1286 27475 19641 2966 19678 1324 4629 1 0 0 0 1 0 0 0 0 2 1 R 0
1287 27500 21761 566 20703 534 4370 1 0 4 0 0 0 0 0 0 1 1 R 0
1288 27521 19919 556 19948 527 3889 1 0 0 0 0 0 0 0 0 2 1 R 0
1289 27539 17914 637 17962 586 3078 1 0 0 0 0 0 0 0 0 1 1 R 0
1290 27561 21587 682 21636 685 7002 1 0 0 0 0 0 0 0 0 2 1 R 0
1291 27585 23137 715 21349 686 4810 1 0 4 0 0 0 0 0 0 2 1 R 0
1292 27605 19153 537 19182 511 3846 1 0 0 0 0 0 0 0 0 1 1 R 0
1293 27625 19594 670 19618 641 3909 1 0 0 0 0 0 0 0 0 1 1 R 0
1294 27647 21545 789 20432 754 3418 1 0 4 0 0 0 0 0 0 2 1 R 0
1295 27667 19119 650 19154 617 4114 1 0 0 0 0 0 0 0 0 1 1 R 0
1296 27689 20774 601 19714 574 3714 1 0 1 0 0 0 0 0 0 2 1 R 0
1297 27713 23951 527 22312 505 5572 1 0 5 0 0 0 0 0 0 1 1 R 0
1298 27734 19777 536 19801 507 3743 1 0 0 0 0 1 0 0 0 1 1 R 0
1299 27752 17424 665 17470 627 3220 1 0 0 0 0 0 0 0 0 2 1 R 0
1300 27771 19048 644 19094 607 3896 1 0 0 0 0 0 0 0 0 2 1 R 0
1301 27795 23079 539 21375 511 3739 1 0 4 0 0 0 0 0 0 1 1 R 0
1302 27815 19317 536 19345 506 3867 1 0 0 0 0 0 0 0 0 1 1 R 0
1303 27836 20612 575 20652 535 3879 1 0 0 0 0 0 0 0 0 2 1 R 0
1304 27858 21627 734 20732 652 3150 1 0 4 0 0 0 0 0 0 2 1 R 0
1305 27882 23135 1054 21881 1044 6609 1 0 1 0 0 0 0 0 0 1 1 R 0
1306 27902 18959 1039 18981 1017 3830 1 0 0 0 0 0 0 0 0 1 1 R 0
1307 27925 21728 541 20330 512 3827 1 0 4 0 0 0 0 0 0 2 1 R 0
1308 27945 19876 533 19900 508 4099 1 0 0 0 0 0 0 0 0 1 1 R 0
1309 27964 18653 691 18711 631 3114 1 0 0 0 0 0 0 0 0 1 1 R 0
1310 27988 22430 613 21022 599 3517 1 0 4 0 0 0 0 0 0 3 1 R 0
1311 28008 20181 623 20210 579 4474 1 0 0 0 0 0 0 0 0 1 1 R 0
1312 28028 19287 542 19315 504 4441 1 0 0 0 0 0 0 0 0 1 1 R 0
1313 28049 19843 667 19883 643 4329 1 0 0 0 0 0 0 0 0 1 1 R 0
1314 28069 20104 849 19273 792 5625 1 0 4 0 0 0 0 0 0 2 1 R 0
1315 28090 19592 667 18676 635 3578 1 0 1 0 0 0 0 0 0 2 1 R 0
1316 28110 19855 841 19889 834 3324 1 0 0 0 0 0 0 0 0 2 1 R 0
1317 28134 22565 779 21469 757 3864 1 0 4 0 0 0 0 0 0 1 1 R 0
1318 28154 19854 813 19916 752 3660 1 0 0 0 0 0 0 0 0 1 1 R 0
1319 28173 18256 702 18315 639 3151 1 0 0 0 0 0 0 0 0 2 1 R 0
1320 28199 25310 756 23925 725 7254 1 0 4 0 0 0 0 0 0 1 1 R 0
1321 28220 19451 564 19471 537 4464 1 0 0 0 0 0 0 0 0 1 1 R 0
1322 28240 19647 602 19690 556 4319 1 0 0 0 0 0 0 0 0 2 1 R 0
1323 28259 18237 609 18265 583 3235 1 0 0 0 0 0 0 0 0 1 1 R 0
1324 28280 20991 676 20153 634 5887 1 0 4 0 0 0 0 0 0 2 1 R 0
1325 28301 19860 748 17762 694 3132 1 0 1 0 0 0 0 0 0 1 1 R 0
1326 28321 19458 606 19459 578 3533 1 0 0 0 0 0 0 0 0 2 1 R 0
1327 28344 22630 544 21196 516 3855 1 0 4 0 0 0 0 0 0 1 1 R 0
1328 28364 18764 659 18817 613 3263 1 0 0 0 0 0 0 0 0 2 1 R 0
1329 28383 19118 673 19179 601 3554 1 0 0 0 0 0 0 0 0 1 1 R 0
1330 28408 23440 717 22118 702 3817 1 0 4 0 0 0 0 0 0 2 1 R 0
1331 28428 19541 558 19560 527 4416 1 0 0 0 0 0 0 0 0 1 1 R 0
1332 28449 20230 621 20256 593 4356 1 0 0 0 0 0 0 0 0 2 1 R 0
1333 28467 17843 644 17881 620 3695 1 0 0 0 0 0 0 0 0 2 1 R 0
1334 28491 23212 786 20890 747 6082 1 0 5 0 0 0 0 0 0 1 1 R 0
1335 28514 22789 533 22814 508 7342 1 0 0 0 0 0 0 0 0 1 1 R 0
1336 28535 19884 546 19911 513 3831 1 0 0 0 0 0 0 0 0 2 1 R 0
1337 28559 23411 556 22067 527 3315 1 0 4 0 0 0 0 0 0 1 1 R 0
1338 28579 19255 709 19059 659 3792 1 0 1 0 0 0 0 0 0 2 1 R 0
1339 28599 19734 700 19764 692 5006 1 0 0 0 0 0 0 0 0 2 1 R 0
1340 28623 23037 518 21894 494 5318 1 0 4 0 0 0 0 0 0 1 1 R 0
1341 28644 20395 532 20418 501 3929 1 0 0 0 0 0 0 0 0 1 1 R 0
1342 28665 20915 543 20520 517 4001 1 0 1 0 0 0 0 0 0 2 1 R 0
1343 28690 23765 524 20543 496 3231 1 0 4 0 0 0 0 0 0 1 1 R 0
1344 28709 18755 697 18800 665 3547 1 0 0 0 0 0 0 0 0 2 1 R 0
1345 28730 20450 538 20461 512 4402 1 0 0 0 0 0 0 0 0 1 1 R 0
1346 28750 19632 556 19663 523 4261 1 0 0 0 0 0 0 0 0 1 1 R 0
1347 28771 20665 729 19783 688 5144 1 0 4 0 0 0 0 0 0 2 1 R 0
1348 28790 18442 674 18459 645 3044 1 0 0 0 0 0 0 0 0 2 1 R 0
1349 28810 19103 672 19124 635 3514 1 0 0 0 0 0 0 0 0 2 1 R 0
1350 28837 25885 556 24383 526 7583 1 0 4 0 0 0 0 0 0 1 1 R 0
1351 28857 19855 552 19879 528 4481 1 0 0 0 0 0 0 0 0 1 1 R 0
1352 28876 18131 906 18210 838 3764 1 0 0 0 0 0 0 0 0 2 1 R 0
1353 28901 24076 685 21824 648 4053 1 0 5 0 0 0 0 0 0 2 1 R 0
1354 28920 18190 695 18242 656 3308 1 0 0 0 0 0 0 0 0 1 1 R 0
1355 28941 20900 537 20918 515 3900 1 0 0 0 0 0 0 0 0 1 1 R 0
1356 28961 19503 557 19524 533 4058 1 0 0 0 0 0 0 0 0 1 1 R 0
1357 28985 23260 659 21790 633 4712 1 0 4 0 0 0 0 0 0 3 1 R 0
1358 29004 18241 672 18298 632 3043 1 0 0 0 0 0 0 0 0 1 1 R 0
1359 29024 19638 677 19673 641 3956 1 0 0 0 0 0 0 0 0 2 1 R 0
1360 29048 22739 570 21413 538 4087 1 0 4 0 0 0 0 0 0 1 1 R 0
1361 29068 19556 804 19584 775 3835 1 0 0 0 0 0 0 0 0 1 1 R 0
1362 29090 21519 524 20394 503 3607 1 0 1 0 0 0 0 0 0 2 1 R 0
1363 29113 22378 511 21216 495 4039 1 0 4 0 0 0 0 0 0 1 1 R 0
1364 29132 18267 1517 18299 1485 3340 1 0 0 0 0 0 0 0 0 1 1 R 0
1365 29157 23294 556 23316 525 8821 1 0 0 0 0 0 0 0 0 2 1 R 0
1366 29179 21745 667 20382 651 4003 1 0 4 0 0 0 0 0 0 2 1 R 0
1367 29198 18464 745 18507 693 3629 1 0 0 0 0 0 0 0 0 2 1 R 0
1368 29218 19352 697 19395 670 4003 1 0 0 0 0 0 0 0 0 1 1 R 0
1369 29239 20185 560 20192 530 4517 1 0 0 0 0 0 0 0 0 2 1 R 0
1370 29262 22198 1190 20897 1173 6697 1 0 4 0 0 0 0 0 0 1 1 R 0
1371 29281 18031 659 18064 632 3131 1 0 0 0 0 0 0 0 0 1 1 R 0
1372 29302 20177 1523 19232 1496 3357 1 0 1 0 0 0 0 0 0 2 1 R 0
1373 29326 22721 621 21787 550 3146 1 0 4 0 0 0 0 0 0 2 1 R 0
1374 29346 19557 539 19580 517 4332 1 0 0 0 0 0 0 0 0 1 1 R 0
1375 29367 19611 565 19632 536 4428 1 0 0 0 0 0 0 0 0 1 1 R 0
1376 29390 22752 538 20280 508 3130 1 0 4 0 0 0 0 0 0 2 1 R 0
1377 29409 18427 652 18477 625 3651 1 0 0 0 0 0 0 0 0 2 1 R 0
1378 29428 18472 957 18505 919 3703 1 0 0 0 0 0 0 0 0 1 1 R 0
1379 29450 20920 540 20931 513 4412 1 0 0 0 0 0 0 0 0 2 1 R 0
1380 29475 24395 599 23279 566 11375 1 0 4 0 0 0 0 0 0 1 1 R 0
1381 29496 20641 937 19164 892 3395 1 0 1 0 0 0 0 0 0 2 1 R 0
1382 29517 19783 552 19807 522 4401 1 0 0 0 0 0 0 0 0 1 1 R 0
1383 29539 22101 567 20842 534 6464 1 0 4 0 0 0 0 0 0 1 1 R 0
1384 29559 19391 549 19415 521 4275 1 0 0 0 0 0 0 0 0 1 1 R 0
1385 29580 19869 548 19894 519 4112 1 0 0 0 0 0 0 0 0 2 1 R 0
1386 29601 21067 720 19633 700 3591 1 0 4 0 0 0 0 0 0 2 1 R 0
1387 29620 17751 811 17806 727 3242 1 0 0 0 0 0 0 0 0 2 1 R 0
1388 29643 22441 532 22447 507 4899 1 0 0 0 0 0 0 0 0 1 1 R 0
1389 29663 19535 2281 19560 1422 4107 1 0 1 0 3 0 0 0 0 1 1 R 0
1390 29686 20795 610 20808 576 3901 1 0 0 0 0 0 0 0 0 2 1 R 0
1391 29708 21170 692 19417 664 4938 1 0 2 0 0 1 0 0 0 2 1 R 0
1392 29727 18503 763 18537 732 3632 1 0 0 0 0 0 0 0 0 1 1 R 0
1393 29751 22527 613 21392 584 6476 1 0 4 0 0 0 0 0 0 1 1 R 0
1394 29771 20024 544 20045 518 3898 1 0 0 0 0 0 0 0 0 2 1 R 0
1395 29794 22431 531 22454 498 6655 1 0 0 0 0 0 0 0 0 1 1 R 0
1396 29817 22737 625 21740 573 3240 1 0 4 0 0 0 0 0 0 2 1 R 0
1397 29837 18783 643 18831 618 3744 1 0 0 0 0 0 0 0 0 1 1 R 0
1398 29858 20279 529 20282 507 4260 1 0 0 0 0 0 0 0 0 1 1 R 0
1399 29880 22044 567 21063 535 4538 1 0 4 0 0 0 0 0 0 1 1 R 0
1400 29901 20145 858 19278 769 3223 1 0 1 0 0 0 0 0 0 2 1 R 0
1401 29920 18469 663 18523 612 3196 1 0 0 0 0 0 0 0 0 2 1 R 0
1402 29940 19214 700 19250 648 3184 1 0 0 0 0 0 0 0 0 1 1 R 0
1403 29964 23431 569 21856 543 5827 1 0 4 0 0 0 0 0 0 1 1 R 0
1404 29985 20230 735 20268 694 3898 1 0 0 0 0 0 0 0 0 2 1 R 0
1405 30004 18257 619 18303 604 3090 1 0 0 0 0 0 0 0 0 1 1 R 0
1406 30027 22013 808 20885 764 3125 1 0 4 0 0 0 0 0 0 2 1 R 0
1407 30048 20183 549 20206 516 3687 1 0 0 0 0 0 0 0 0 1 1 R 0
1408 30068 19251 612 19283 582 4333 1 0 0 0 0 0 0 0 0 1 1 R 0
1409 30091 22321 604 20889 578 4505 1 0 4 0 0 0 0 0 0 2 1 R 0
1410 30115 23372 536 22470 510 7455 1 0 1 0 0 0 0 0 0 1 1 R 0
1411 30134 19075 722 19135 674 3190 1 0 0 0 0 0 0 0 0 3 1 R 0
1412 30157 22294 630 21476 617 3848 1 0 4 0 0 0 0 0 0 0 1 R 0
1413 30178 20139 769 20159 735 4574 1 0 0 0 0 0 0 0 0 1 1 R 0
1414 30199 19910 550 19940 515 4389 1 0 0 0 0 0 0 0 0 2 1 R 0
1415 30217 17826 656 17887 606 3609 1 0 0 0 0 0 0 0 0 2 1 R 0
1416 30239 21607 700 20606 661 6533 1 0 4 0 0 0 0 0 0 1 1 R 0
1417 30260 19822 548 19829 518 4538 1 0 0 0 0 0 0 0 0 2 1 R 0
1418 30280 19840 591 19866 565 4349 1 0 0 0 0 0 0 0 0 1 1 R 0
1419 30304 23509 661 21019 659 3991 1 0 4 0 0 0 0 0 0 2 1 R 0
1420 30322 16636 673 16679 637 3071 1 0 0 0 0 0 0 0 0 1 1 R 0
1421 30341 18486 755 18485 730 3663 1 0 0 0 0 0 0 0 0 1 1 R 0
1422 30381 39629 893 20978 812 27705 1 2 2 0 0 0 0 0 0 2 1 R 0
1423 30401 18799 769 18871 706 3854 1 0 0 0 0 0 0 0 0 2 1 R 0
1424 30419 17687 725 17760 648 3151 1 0 0 0 0 0 0 0 0 2 1 R 0
1425 30446 25834 726 24308 704 7771 1 0 4 0 0 0 0 0 0 2 1 R 0
1426 30466 19846 545 19868 515 4376 1 0 0 0 0 0 0 0 0 1 1 R 0
1427 30487 19801 551 19831 521 4361 1 0 0 0 0 0 0 0 0 1 1 R 0
1428 30511 23667 565 21049 531 4281 1 0 5 0 0 0 0 0 0 1 1 R 0
1429 30530 18515 632 18556 584 3267 1 0 0 0 0 0 0 0 0 2 1 R 0
1430 30549 18528 743 18576 728 3182 1 0 0 0 0 0 0 0 0 2 1 R 0
1431 30571 21245 571 20955 537 5932 1 0 1 0 0 0 0 0 0 1 1 R 0
1432 30595 22815 544 21403 514 6090 1 0 4 0 0 0 0 0 0 1 1 R 0
1433 30616 20794 667 20848 642 5037 1 0 0 0 0 0 0 0 0 2 1 R 0
1434 30635 18304 721 18338 662 3259 1 0 0 0 0 0 0 0 0 1 1 R 0
1435 30660 24837 546 22985 509 6825 1 0 5 0 0 0 0 0 0 3 1 R 0
1436 30681 19807 559 19840 531 3866 1 0 0 0 0 0 0 0 0 1 1 R 0
1437 30704 22671 582 21478 555 3902 1 0 1 0 0 0 0 0 0 1 1 R 0
1438 30726 21600 892 20667 872 3101 1 0 4 0 0 0 0 0 0 3 1 R 0
1439 30746 18371 630 18366 605 3793 1 0 0 0 0 0 0 0 0 1 1 R 0
1440 30770 23555 564 23573 538 7694 1 0 0 0 0 0 0 0 0 2 1 R 0
1441 30794 23399 547 22186 520 4384 1 0 4 0 0 0 0 0 0 1 1 R 0
1442 30814 19571 575 19605 542 4022 1 0 0 0 0 0 0 0 0 1 1 R 0
1443 30832 17413 1183 17452 1165 3113 1 0 0 0 0 0 0 0 0 2 1 R 0
1444 30852 18604 666 18630 635 3954 1 0 0 0 0 0 0 0 0 1 1 R 0
1445 30876 23562 559 21733 529 4585 1 0 4 0 0 0 0 0 0 2 1 R 0
1446 30897 20494 549 20526 514 4147 1 0 0 0 0 0 0 0 0 1 1 R 0
1447 30918 20560 736 19125 646 3982 1 0 1 0 0 0 0 0 0 2 1 R 0
1448 30941 21885 562 20780 525 5949 1 0 4 0 0 0 0 0 0 1 1 R 0
1449 30960 18483 778 18553 717 3338 1 0 0 0 0 0 0 0 0 2 1 R 0
1450 30981 20387 601 20401 570 3862 1 0 0 0 0 0 0 0 0 1 1 R 0
1451 31004 22302 532 20931 507 3850 1 0 4 0 0 0 0 0 0 1 1 R 0
1452 31021 17179 644 17242 588 3077 1 0 0 0 0 0 0 0 0 2 1 R 0
1453 31041 19300 643 19351 613 3804 1 0 0 0 0 0 0 0 0 1 1 R 0
1454 31061 18961 659 18988 623 3778 1 0 0 0 0 0 0 0 0 2 1 R 0
1455 31088 26702 575 25307 540 8170 1 0 4 0 0 0 0 0 0 2 1 R 0
1456 31110 20826 560 19298 531 4353 1 0 1 0 0 0 0 0 0 1 1 R 0
1457 31128 17769 688 17815 643 3646 1 0 0 0 0 0 0 0 0 2 1 R 0
1458 31151 22086 801 20992 769 6554 1 0 4 0 0 0 0 0 0 2 1 R 0
1459 31170 18841 697 18872 676 3234 1 0 0 0 0 0 0 0 0 1 1 R 0
1460 31191 20294 611 20295 581 3873 1 0 0 0 0 0 0 0 0 1 1 R 0
1461 31214 22307 545 20834 518 4107 1 0 4 0 0 0 0 0 0 2 1 R 0
1462 31233 18002 720 18050 676 3207 1 0 0 0 0 0 0 0 0 2 1 R 0
1463 31252 18642 1325 18679 1310 4108 1 0 0 0 0 0 0 0 0 1 1 R 0
1464 31274 20080 2364 20094 1443 3507 1 0 1 0 3 0 0 0 0 1 1 R 0
1465 31296 20111 685 19920 662 4560 1 0 0 0 0 0 0 0 0 1 1 R 0
1466 31318 21471 785 19858 700 5974 1 0 1 0 0 0 0 0 0 2 1 R 0
1467 31337 18302 662 18347 637 3751 1 0 0 0 0 0 0 0 0 2 1 R 0
1468 31359 20843 709 19882 684 6071 1 0 4 0 0 0 0 0 0 1 1 R 0
1469 31378 18118 715 18134 693 3733 1 0 0 0 0 0 0 0 0 2 1 R 0
1470 31403 24392 519 24395 495 9139 1 0 0 0 0 0 0 0 0 1 1 R 0
1471 31426 22782 538 21385 514 3425 1 0 4 0 0 0 0 0 0 2 1 R 0
1472 31445 18799 620 18843 587 3321 1 0 0 0 0 0 0 0 0 2 1 R 0
1473 31465 19257 627 19294 568 3612 1 0 0 0 0 0 0 0 0 2 1 R 0
1474 31489 22925 537 21759 510 4850 1 0 4 0 0 0 0 0 0 1 1 R 0
1475 31511 21060 570 20084 542 4370 1 0 1 0 0 0 0 0 0 1 1 R 0
1476 31531 20305 551 20329 522 3811 1 0 0 0 0 0 0 0 0 2 1 R 0
1477 31550 18000 641 18043 615 3173 1 0 0 0 0 0 0 0 0 2 1 R 0
1478 31572 21407 1594 19848 1573 4537 1 0 4 0 0 0 0 0 0 2 1 R 0
1479 31594 20128 584 20107 561 3210 1 0 0 0 0 0 0 0 0 1 1 R 0
1480 31614 19407 561 19435 527 4085 1 0 0 0 0 0 0 0 0 1 1 R 0
1481 31637 22920 546 21917 513 3895 1 0 4 0 0 0 0 0 0 2 1 R 0
1482 31656 18017 723 18071 777 3644 1 0 0 0 0 0 0 0 0 2 1 R 0
1483 31675 18761 691 18709 639 3685 1 0 0 0 0 0 0 0 0 1 1 R 0
1484 31699 23223 543 21342 521 4922 1 0 4 0 0 0 0 0 0 2 1 R 0
1485 31725 24971 535 24005 509 10368 1 0 1 0 0 0 0 0 0 1 1 R 0
1486 31744 18321 711 18367 687 3309 1 0 0 0 0 0 0 0 0 2 1 R 0
1487 31762 18111 3860 19342 1480 3233 1 0 1 0 3 0 0 0 0 1 1 R 0
1488 31787 20906 550 20870 522 3125 1 0 0 0 0 0 0 0 0 2 1 R 0
1489 31807 19611 550 19639 518 4338 1 0 0 0 0 0 0 0 0 1 1 R 0
1490 31828 19829 559 19861 524 4522 1 0 0 0 0 0 0 0 0 1 1 R 0
1491 31849 21192 660 20292 607 4366 1 0 4 0 0 0 0 0 0 2 1 R 0
1492 31868 18164 677 18241 610 3614 1 0 0 0 0 0 0 0 0 2 1 R 0
1493 31890 21001 574 21013 546 4614 1 0 0 0 0 0 0 0 0 1 1 R 0
1494 31913 22744 552 20257 526 4463 1 0 4 0 0 0 0 0 0 1 1 R 0
1495 31934 20333 528 20357 495 3543 1 0 0 0 0 0 0 0 0 2 1 R 0
1496 31952 17528 1547 17596 1503 3106 1 0 0 0 0 0 0 0 0 1 1 R 0
1497 31974 20121 2937 20164 1421 3930 1 0 2 0 2 0 0 0 0 2 1 R 0
1498 31997 20134 729 20206 653 4020 1 0 0 0 0 0 0 0 0 2 1 R 0
1499 32018 20403 550 20426 521 4358 1 0 0 0 0 0 0 0 0 1 1 R 0
