# swapstamp frames 1500 skip 300 peer 470
# f t_ms gap_us swap_us crend_us cswap_us clr_us nclr vcs_r ivcs_r vcs_s ivcs_s minf majf cpu0 cpu1 pticks pcpu pstate ctr
0 0 23645 606 22047 577 11466 1 0 3 0 0 0 0 0 0 0 1 R 0
1 21 21251 1053 21278 1039 4033 1 0 0 0 0 0 0 0 0 1 1 R 0
2 40 17462 722 17498 675 3109 1 0 0 0 0 0 0 0 0 1 1 R 0
3 65 23929 966 22906 923 3013 1 0 4 0 0 0 0 0 0 2 1 R 0
4 83 17873 804 17925 767 3033 1 0 0 0 0 0 0 0 0 2 1 R 0
5 106 21996 601 22004 569 4612 1 0 0 0 0 0 0 0 0 1 1 R 0
6 129 22096 591 20793 555 4301 1 0 4 0 0 0 0 0 0 1 1 R 0
7 151 21999 1174 21062 1140 4761 1 0 1 0 0 0 0 0 0 2 1 R 0
8 169 16815 700 16841 665 3348 1 0 0 0 0 0 0 0 0 2 1 R 0
9 195 24801 562 23968 530 4394 1 0 4 0 0 0 0 0 0 1 1 R 0
10 215 19201 802 19233 769 3904 1 0 0 0 0 0 0 0 0 1 1 R 0
11 237 21019 579 21051 548 3824 1 0 0 0 0 0 0 0 0 1 1 R 0
12 255 18254 936 18295 904 4335 1 0 0 0 0 0 0 0 0 2 1 R 0
13 279 22709 714 21708 697 3093 1 0 4 0 0 0 0 0 0 2 1 R 0
14 299 19174 584 19174 558 4288 1 0 0 0 0 0 0 0 0 1 1 R 0
15 324 24788 585 24810 560 8425 1 0 0 0 0 0 0 0 0 1 1 R 0
16 347 22268 628 20290 597 3074 1 0 5 0 0 0 0 0 0 2 1 R 0
17 368 20079 718 20124 686 3517 1 0 0 0 0 0 0 0 0 2 1 R 0
18 387 17966 707 17997 668 3592 1 0 0 0 0 0 0 0 0 1 1 R 0
19 411 23780 596 22725 566 4434 1 0 4 0 0 0 0 0 0 2 1 R 0
20 430 18728 794 18820 706 3861 1 0 0 0 0 0 0 0 0 1 1 R 0
21 453 21485 594 21510 560 3004 1 0 0 0 0 0 0 0 0 2 1 R 0
22 470 16921 702 16958 660 3287 1 0 0 0 0 0 0 0 0 1 1 R 0
23 495 24446 583 22221 553 3330 1 0 4 0 0 0 0 0 0 2 1 R 0
24 515 19141 591 19168 557 3868 1 0 0 0 0 0 0 0 0 1 1 R 0
25 538 22441 546 21615 521 3869 1 0 1 0 0 0 0 0 0 1 1 R 0
26 560 20944 583 19216 553 3546 1 0 4 0 0 0 0 0 0 2 1 R 0
27 579 19231 878 19291 821 3140 1 0 0 0 0 0 0 0 0 1 1 R 0
28 600 19777 587 19802 559 3873 1 0 0 0 0 0 0 0 0 1 1 R 0
29 622 20928 2549 20954 1442 4075 1 0 0 0 4 0 0 0 0 2 1 R 0
30 647 22558 584 22274 558 7636 1 0 0 0 0 0 0 0 0 1 1 R 0
31 668 20838 584 20863 549 4052 1 0 0 0 0 0 0 0 0 2 1 R 0
32 686 17316 689 17378 630 3699 1 0 0 0 0 0 0 0 0 2 1 R 0
33 710 23789 596 22756 566 6380 1 0 4 0 0 0 0 0 0 1 1 R 0
34 731 19863 595 19532 562 4860 1 0 1 0 0 0 0 0 0 1 1 R 0
35 754 22588 577 21648 544 3406 1 0 1 0 0 0 0 0 0 2 1 R 0
36 776 21367 589 20279 561 3221 1 0 4 0 0 0 0 0 0 1 1 R 0
37 797 20671 719 20726 679 3081 1 0 0 0 0 0 0 0 0 2 1 R 0
38 817 19086 596 19098 563 4351 1 0 0 0 0 0 0 0 0 1 1 R 0
39 841 23497 1118 21752 1045 4358 1 0 4 0 0 0 0 0 0 1 1 R 0
40 860 17418 693 17462 634 3151 1 0 0 0 0 0 0 0 0 2 1 R 0
41 881 20292 778 20365 711 3230 1 0 0 0 0 0 0 0 0 2 1 R 0
42 900 18222 792 18277 733 3065 1 0 0 0 0 0 0 0 0 1 1 R 0
43 925 24050 585 22454 553 5767 1 0 4 0 0 0 0 0 0 1 1 R 0
44 946 20891 577 19788 549 3842 1 0 1 0 0 0 0 0 0 1 1 R 0
45 970 23762 727 23790 706 7099 1 0 0 0 0 0 0 0 0 2 1 R 0
46 991 20381 1126 19486 1054 4601 1 0 4 0 0 0 0 0 0 1 1 R 0
47 1014 20924 586 20942 552 3373 1 0 0 0 0 0 0 0 0 2 1 R 0
48 1035 20885 635 20024 595 3891 1 0 1 0 0 0 0 0 0 1 1 R 0
49 1060 24339 599 22793 569 4099 1 0 4 0 0 0 0 0 0 1 1 R 0
50 1078 17001 1017 17068 945 3059 1 0 0 0 0 0 0 0 0 2 1 R 0
51 1099 20701 776 20749 742 4958 1 0 0 0 0 0 0 0 0 2 1 R 0
52 1123 22808 683 21793 634 4024 1 0 4 0 0 0 0 0 0 1 1 R 0
53 1145 21930 589 20806 559 3763 1 0 1 0 0 0 0 0 0 1 1 R 0
54 1164 18005 925 18062 875 3136 1 0 0 0 0 0 0 0 0 2 1 R 0
55 1188 23332 580 21936 552 3434 1 0 4 0 0 0 0 0 0 2 1 R 0
56 1208 18742 830 18810 762 3655 1 0 0 0 0 0 0 0 0 1 1 R 0
57 1229 20669 593 20694 562 4246 1 0 0 0 0 0 0 0 0 1 1 R 0
58 1249 19539 640 19565 614 4409 1 0 0 0 0 0 0 0 0 2 1 R 0
59 1273 22946 634 21731 593 6359 1 0 4 0 0 0 0 0 0 1 1 R 0
60 1296 22207 685 22239 656 5998 1 0 0 0 0 0 0 0 0 2 1 R 0
61 1316 19559 742 19610 711 3058 1 0 0 0 0 0 0 0 0 1 1 R 0
62 1339 21950 749 20738 726 6261 1 0 4 0 0 0 0 0 0 2 1 R 0
63 1361 22030 1012 20584 987 3538 1 0 1 0 0 0 0 0 0 1 1 R 0
64 1380 17661 957 17732 895 3408 1 0 0 0 0 0 0 0 0 2 1 R 0
65 1405 23999 738 22926 719 3025 1 0 4 0 0 0 0 0 0 1 1 R 0
66 1425 18827 717 18848 700 3215 1 0 0 0 0 0 0 0 0 2 1 R 0
67 1447 21704 588 21720 557 3829 1 0 0 0 0 1 0 0 0 1 1 R 0
68 1469 21644 623 20317 567 4156 1 0 4 0 0 0 0 0 0 1 1 R 0
69 1491 21033 597 21064 566 3734 1 0 0 0 0 0 0 0 0 2 1 R 0
70 1514 22028 817 22064 782 3879 1 0 0 0 0 0 0 0 0 1 1 R 0
71 1541 26669 596 23413 560 5514 1 0 6 0 0 0 0 0 0 2 1 R 0
72 1563 20967 574 19542 546 3310 1 0 1 0 0 0 0 0 0 1 1 R 0
73 1583 20143 556 20172 524 3048 1 0 0 0 0 0 0 0 0 1 1 R 0
74 1601 16957 689 17004 647 3098 1 0 0 0 0 0 0 0 0 1 1 R 0
75 1629 27595 595 24971 563 9762 1 0 4 0 0 0 0 0 0 2 1 R 0
76 1649 19531 624 19560 595 4346 1 0 0 0 0 0 0 0 0 1 1 R 0
77 1671 20891 575 20919 546 4013 1 0 0 0 0 0 0 0 0 2 1 R 0
78 1694 22187 618 20412 588 5290 1 0 4 0 0 0 0 0 0 1 1 R 0
79 1714 19749 682 19810 629 3072 1 0 0 0 0 0 0 0 0 2 1 R 0
80 1734 19591 575 19612 545 3128 1 0 0 0 0 0 0 0 0 1 1 R 0
81 1759 24594 675 21443 641 4071 1 0 4 0 0 0 0 0 0 1 1 R 0
82 1778 17478 691 17517 665 3292 1 0 0 0 0 0 0 0 0 2 1 R 0
83 1799 20691 906 20725 878 4335 1 0 0 0 0 0 0 0 0 2 1 R 0
84 1821 21601 1299 20224 1220 3112 1 0 4 0 0 0 0 0 0 2 1 R 0
85 1843 20621 573 20630 546 3431 1 0 0 0 0 0 0 0 0 1 1 R 0
86 1864 19743 569 19770 541 3889 1 0 0 0 0 0 0 0 0 2 1 R 0
87 1886 21833 697 20706 679 3242 1 0 4 0 0 0 0 0 0 1 1 R 0
88 1907 20016 598 20035 566 4341 1 0 0 0 0 1 0 0 0 1 1 R 0
89 1928 20410 647 20442 617 4298 1 0 0 0 0 0 0 0 0 1 1 R 0
90 1956 27478 577 25821 549 8979 1 0 5 0 0 0 0 0 0 1 1 R 0
91 1977 20686 601 20720 565 4276 1 0 0 0 0 0 0 0 0 2 1 R 0
92 1997 19074 716 18662 667 4885 1 0 1 0 0 0 0 0 0 1 1 R 0
93 2018 20293 1825 20351 1761 3529 1 0 0 0 0 1 0 0 0 2 1 R 0
94 2041 21083 864 20245 782 5094 1 0 4 0 0 0 0 0 0 1 1 R 0
95 2063 21415 614 21440 591 3858 1 0 0 0 0 0 0 0 0 1 1 R 0
96 2083 19624 681 19670 647 4247 1 0 0 0 0 0 0 0 0 3 1 R 0
97 2108 23975 722 22807 673 3453 1 0 4 0 0 0 0 0 0 2 1 R 0
98 2127 18583 694 18615 665 3506 1 0 0 0 0 0 0 0 0 1 1 R 0
99 2150 22262 580 21437 547 4404 1 0 1 0 0 0 0 0 0 2 1 R 0
100 2174 22880 716 21076 662 4053 1 0 4 0 0 0 0 0 0 1 1 R 0
101 2195 20595 574 20624 554 3252 1 0 0 0 0 0 0 0 0 1 1 R 0
102 2214 18276 686 18311 654 3104 1 0 0 0 0 0 0 0 0 1 1 R 0
103 2238 23340 580 22282 554 3326 1 0 4 0 0 0 0 0 0 2 1 R 0
104 2258 19549 598 19579 563 4303 1 0 0 0 0 0 0 0 0 1 1 R 0
105 2282 23893 621 23927 586 7145 1 0 0 0 0 0 0 0 0 2 1 R 0
106 2301 17421 723 17482 671 3073 1 0 0 0 0 0 0 0 0 1 1 R 0
107 2325 24218 715 22341 672 3317 1 0 4 0 0 0 0 0 0 2 1 R 0
108 2345 19106 589 19136 557 3860 1 0 0 0 0 0 0 0 0 1 1 R 0
109 2368 22165 598 21097 567 4279 1 0 1 0 0 0 0 0 0 1 1 R 0
110 2389 20735 592 19866 568 6175 1 0 4 0 0 0 0 0 0 1 1 R 0
111 2411 20978 576 21001 545 3778 1 0 0 0 0 0 0 0 0 3 1 R 0
112 2430 18229 821 18317 744 3748 1 0 0 0 0 0 0 0 0 1 1 R 0
113 2454 23836 600 22664 568 3807 1 0 4 0 0 0 0 0 0 1 1 R 0
114 2474 19226 569 19252 543 3807 1 0 0 0 0 0 0 0 0 1 1 R 0
115 2495 20051 756 20118 690 3147 1 0 0 0 0 0 0 0 0 1 1 R 0
116 2516 20746 667 19312 622 3107 1 0 4 0 0 0 0 0 0 2 1 R 0
117 2536 19264 721 19316 662 3457 1 0 0 0 0 0 0 0 0 1 1 R 0
118 2558 20807 637 19319 605 3775 1 0 1 0 0 0 0 0 0 2 1 R 0
119 2579 20813 619 20839 597 4321 1 0 0 0 0 0 0 0 0 1 1 R 0
120 2604 24186 587 23018 558 9243 1 0 4 0 0 0 0 0 0 2 1 R 0
121 2626 21732 572 21765 542 3394 1 0 0 0 0 0 0 0 0 1 1 R 0
122 2645 17906 762 17941 729 3050 1 0 0 0 0 0 0 0 0 2 1 R 0
123 2669 23469 606 22144 578 5623 1 0 4 0 0 0 0 0 0 1 1 R 0
124 2688 18535 582 18557 548 3950 1 0 0 0 0 0 0 0 0 2 1 R 0
125 2709 20506 641 20545 613 3516 1 0 0 0 0 0 0 0 0 1 1 R 0
126 2731 20752 711 19694 691 3978 1 0 4 0 0 0 0 0 0 1 1 R 0
127 2754 23019 579 22068 549 3814 1 0 1 0 0 0 0 0 0 2 1 R 0
128 2774 19044 1021 19074 1005 3856 1 0 0 0 0 0 0 0 0 1 1 R 0
129 2798 23133 622 22351 598 3842 1 0 4 0 0 0 0 0 0 1 1 R 0
130 2818 18916 861 18981 810 3964 1 0 0 0 0 0 0 0 0 2 1 R 0
131 2838 18998 690 19019 647 3754 1 0 0 0 0 0 0 0 0 1 1 R 0
132 2858 19961 599 19989 568 4316 1 0 0 0 0 0 0 0 0 1 1 R 0
133 2882 22802 950 21487 932 6481 1 0 4 0 0 0 0 0 0 2 1 R 0
134 2900 17855 784 17907 720 3547 1 0 0 0 0 0 0 0 0 1 1 R 0
135 2926 24564 583 24594 553 6523 1 0 0 0 0 0 0 0 0 2 1 R 0
136 2948 22004 774 21091 703 3090 1 0 4 0 0 0 0 0 0 1 1 R 0
137 2971 22095 1143 20744 1136 5835 1 0 1 0 0 0 0 0 0 2 1 R 0
138 2991 18750 1040 18756 1018 3820 1 0 0 0 0 0 0 0 0 2 1 R 0
139 3015 22569 591 21526 568 3222 1 0 4 0 0 0 0 0 0 1 1 R 0
140 3035 19195 747 18755 690 3153 1 0 1 0 0 0 0 0 0 1 1 R 0
141 3056 21066 590 21087 563 3388 1 0 0 0 0 0 0 0 0 1 1 R 0
142 3079 21617 582 20805 554 4308 1 0 4 0 0 0 0 0 0 2 1 R 0
143 3101 21412 593 21443 560 3773 1 0 0 0 0 0 0 0 0 1 1 R 0
144 3120 18488 773 18542 721 3378 1 0 0 0 0 0 0 0 0 2 1 R 0
145 3140 19056 805 19121 736 3160 1 0 0 0 0 0 0 0 0 1 1 R 0
146 3166 25938 603 22217 572 4801 1 0 5 0 0 0 0 0 0 2 1 R 0
147 3188 20928 595 20957 569 4398 1 0 0 0 0 0 0 0 0 2 1 R 0
148 3208 19324 590 19349 563 4067 1 0 0 0 0 0 0 0 0 1 1 R 0
149 3231 22744 611 21886 594 5754 1 0 4 0 0 0 0 0 0 2 1 R 0
150 3253 21522 851 21550 819 6260 1 0 0 0 0 0 0 0 0 1 1 R 0
151 3275 21453 585 21472 556 3793 1 0 0 0 0 0 0 0 0 2 1 R 0
152 3297 21240 688 19988 643 3838 1 0 4 0 0 0 0 0 0 1 1 R 0
153 3317 19433 718 19492 653 3643 1 0 0 0 0 0 0 0 0 2 1 R 0
154 3336 17859 685 17900 654 3581 1 0 0 0 0 0 0 0 0 1 1 R 0
155 3362 25026 983 23159 548 4675 1 0 4 0 0 0 0 0 0 2 1 R 0
156 3381 18425 597 18448 564 3903 1 0 0 0 0 0 0 0 0 1 1 R 0
157 3403 21643 578 21669 546 3822 1 0 0 0 0 0 0 0 0 1 1 R 0
158 3421 17329 3781 17395 2781 3080 1 0 0 0 3 0 0 0 0 2 1 R 0
159 3446 21308 564 21072 535 3120 1 0 1 0 0 0 0 0 0 1 1 R 0
160 3466 19317 588 19348 557 4087 1 0 0 0 0 0 0 0 0 1 1 R 0
161 3488 20775 600 20808 565 4356 1 0 0 0 0 0 0 0 0 2 1 R 0
162 3513 24783 576 22855 555 5784 1 0 5 0 0 0 0 0 0 1 1 R 0
163 3534 20436 617 20453 593 3824 1 0 0 0 0 0 0 0 0 1 1 R 0
164 3554 19626 590 19652 559 4080 1 0 0 0 0 0 0 0 0 1 1 R 0
165 3581 26056 711 23855 674 8646 1 0 5 0 0 0 0 0 0 2 1 R 0
166 3601 19027 599 19054 567 3848 1 0 0 0 0 0 0 0 0 1 1 R 0
167 3621 19668 1695 19745 1643 3195 1 0 0 0 0 0 0 0 0 2 1 R 0
168 3644 21159 592 20098 565 3193 1 0 4 0 0 0 0 0 0 1 1 R 0
169 3665 20182 841 20212 808 3062 1 0 0 0 0 0 0 0 0 1 1 R 0
170 3685 19317 591 19340 564 3686 1 0 0 0 0 0 0 0 0 2 1 R 0
171 3709 23262 580 22531 543 4125 1 0 4 0 0 0 0 0 0 1 1 R 0
172 3727 18283 722 18330 679 3865 1 0 0 0 0 0 0 0 0 1 1 R 0
173 3748 19798 873 19836 860 3466 1 0 0 0 0 0 0 0 0 2 1 R 0
174 3769 20121 881 19142 826 3679 1 0 1 0 0 0 0 0 0 2 1 R 0
175 3793 23255 577 22278 548 6669 1 0 4 0 0 0 0 0 0 1 1 R 0
176 3813 19311 697 19385 620 3893 1 0 0 0 0 0 0 0 0 1 1 R 0
177 3835 20894 573 20922 546 3074 1 0 0 0 0 0 0 0 0 2 1 R 0
178 3856 20955 773 19917 722 3250 1 0 4 0 0 0 0 0 0 1 1 R 0
179 3878 20990 580 21003 551 3899 1 0 0 0 0 0 0 0 0 1 1 R 0
180 3900 21347 597 21382 566 8413 1 0 0 0 0 0 0 0 0 1 1 R 0
181 3925 24562 627 23285 589 3853 1 0 4 0 0 1 0 0 0 3 1 R 0
182 3945 19293 861 19385 791 3557 1 0 0 0 0 0 0 0 0 1 1 R 0
183 3968 21824 641 20815 611 3063 1 0 1 0 0 0 0 0 0 1 1 R 0
184 3990 21841 604 20561 578 4324 1 0 4 0 0 0 0 0 0 1 1 R 0
185 4013 21881 648 21895 621 3840 1 0 0 0 0 0 0 0 0 1 1 R 0
186 4035 21494 623 21523 595 4906 1 0 0 0 0 0 0 0 0 2 1 R 0
187 4060 24312 585 23014 554 4049 1 0 4 0 0 0 0 0 0 1 1 R 0
188 4079 18982 603 19007 572 3896 1 0 0 0 0 0 0 0 0 1 1 R 0
189 4101 21254 726 21288 695 4272 1 0 0 0 0 0 0 0 0 2 1 R 0
190 4120 18588 666 18679 576 3777 1 0 0 0 0 0 0 0 0 1 1 R 0
191 4145 23719 609 22723 587 4006 1 0 4 0 0 0 0 0 0 2 1 R 0
192 4165 20066 685 18895 644 3123 1 0 1 0 0 0 0 0 0 1 1 R 0
193 4187 21355 585 21382 553 3062 1 0 0 0 0 0 0 0 0 2 1 R 0
194 4209 21431 606 20291 571 6321 1 0 4 0 0 0 0 0 0 1 1 R 0
195 4235 25182 734 25232 685 6907 1 0 0 0 0 1 0 0 0 2 1 R 0
196 4254 18398 2239 18487 2178 3268 1 0 0 0 0 1 0 0 0 1 1 R 0
197 4280 23570 610 22564 579 3213 1 0 4 0 0 0 0 0 0 3 1 R 0
198 4300 19158 600 19187 567 3841 1 0 0 0 0 0 0 0 0 1 1 R 0
199 4321 20914 1041 20950 1038 4072 1 0 0 0 0 0 0 0 0 1 1 R 0
200 4344 21038 778 19953 744 3140 1 0 4 0 0 0 0 0 0 2 1 R 0
201 4366 21890 604 20437 579 3076 1 0 1 0 0 0 0 0 0 2 1 R 0
202 4386 18832 584 18855 556 3590 1 0 0 0 0 0 0 0 0 1 1 R 0
203 4410 23466 593 22727 560 4525 1 0 4 0 0 0 0 0 0 1 1 R 0
204 4430 19355 591 19380 563 3391 1 0 0 0 0 0 0 0 0 2 1 R 0
205 4450 20106 777 20200 688 3049 1 0 0 0 0 0 0 0 0 1 1 R 0
206 4469 17555 727 17592 677 3325 1 0 0 0 0 0 0 0 0 1 1 R 0
207 4494 24457 575 23480 549 6287 1 0 4 0 0 0 0 0 0 2 1 R 0
208 4513 18809 581 18836 554 3867 1 0 0 0 0 0 0 0 0 1 1 R 0
209 4535 21433 582 21459 553 3170 1 0 0 0 0 0 0 0 0 2 1 R 0
210 4560 23865 627 22743 598 9380 1 0 4 0 0 0 0 0 0 2 1 R 0
211 4581 20417 752 18977 717 3090 1 0 1 0 0 0 0 0 0 1 1 R 0
212 4600 18859 711 18918 655 3364 1 0 0 0 0 0 0 0 0 1 1 R 0
213 4626 24416 598 22673 564 4045 1 0 4 0 0 0 0 0 0 1 1 R 0
214 4644 17743 696 17786 659 3126 1 0 0 0 0 0 0 0 0 3 1 R 0
215 4666 21166 584 21187 562 3273 1 0 0 0 0 0 0 0 0 1 1 R 0
216 4687 21200 590 20150 574 4313 1 0 4 0 0 0 0 0 0 1 1 R 0
217 4708 20355 597 20372 566 3764 1 0 0 0 0 0 0 0 0 1 1 R 0
218 4729 19527 594 19561 564 4535 1 0 0 0 0 0 0 0 0 1 1 R 0
219 4748 19144 714 19192 658 3527 1 0 0 0 0 0 0 0 0 2 1 R 0
220 4771 21741 795 19747 753 5841 1 0 5 0 0 0 0 0 0 2 1 R 0
221 4791 19885 1317 19923 1289 3036 1 0 0 0 0 0 0 0 0 1 1 R 0
222 4811 18575 1008 18583 984 3816 1 0 0 0 0 0 0 0 0 1 1 R 0
223 4836 24106 735 22342 709 3823 1 0 4 0 0 0 0 0 0 2 1 R 0
224 4855 18283 904 18317 904 3602 1 0 0 0 0 0 0 0 0 1 1 R 0
225 4879 22905 588 22895 559 6390 1 0 0 0 0 0 0 0 0 2 1 R 0
226 4902 21858 972 21081 559 3399 1 0 4 0 0 0 0 0 0 1 1 R 0
227 4923 20600 577 20615 548 4024 1 0 0 0 0 0 0 0 0 1 1 R 0
228 4944 20074 576 20107 546 3203 1 0 0 0 0 0 0 0 0 2 1 R 0
229 4969 24088 574 22018 542 3160 1 0 5 0 0 0 0 0 0 1 1 R 0
230 4987 17442 800 17482 765 3608 1 0 0 0 0 0 0 0 0 2 1 R 0
231 5010 22437 598 22465 569 4917 1 0 0 0 0 0 0 0 0 1 1 R 0
232 5032 21051 1147 20434 1130 3924 1 0 1 0 1 0 0 0 0 2 1 R 0
233 5056 22918 714 21504 689 3222 1 0 3 0 0 0 0 0 0 1 1 R 0
234 5074 17905 748 17932 730 3117 1 0 0 0 0 0 0 0 0 2 1 R 0
235 5095 20517 695 20555 643 3502 1 0 0 0 0 0 0 0 0 1 1 R 0
236 5118 21397 596 20161 566 3358 1 0 4 0 0 0 0 0 0 1 1 R 0
237 5139 21187 591 21210 563 4386 1 0 0 0 0 0 0 0 0 2 1 R 0
238 5158 17673 730 17711 704 3544 1 0 0 0 0 0 0 0 0 2 1 R 0
239 5184 25211 749 23146 712 5371 1 0 5 0 0 0 0 0 0 2 1 R 0
240 5206 21728 591 21751 565 6906 1 0 0 0 0 0 0 0 0 1 1 R 0
241 5227 20614 594 20641 562 4273 1 0 0 0 0 0 0 0 0 1 1 R 0
242 5249 21568 594 20365 567 4113 1 0 4 0 0 0 0 0 0 2 1 R 0
243 5273 23026 570 22516 536 3317 1 0 1 0 0 0 0 0 0 1 1 R 0
244 5291 17420 706 17469 670 3327 1 0 0 0 0 0 0 0 0 2 1 R 0
245 5316 24354 580 23569 550 3281 1 0 4 0 0 0 0 0 0 2 1 R 0
246 5336 18908 589 18934 557 4359 1 0 0 0 0 0 0 0 0 1 1 R 0
247 5358 21726 626 21759 592 4470 1 0 0 0 0 0 0 0 0 2 1 R 0
248 5379 20167 765 19330 647 4071 1 0 1 0 0 0 0 0 0 1 1 R 0
249 5401 21550 1316 20610 1274 5172 1 0 4 0 0 0 0 0 0 1 1 R 0
250 5420 18061 617 18077 585 4030 1 0 0 0 0 0 0 0 0 1 1 R 0
251 5443 21742 570 21762 546 3843 1 0 0 0 0 0 0 0 0 2 1 R 0
252 5464 21038 643 19891 609 3304 1 0 4 0 0 0 0 0 0 1 1 R 0
253 5485 20108 855 20167 806 3034 1 0 0 0 0 0 0 0 0 1 1 R 0
254 5504 18098 749 18145 701 3354 1 0 0 0 0 0 0 0 0 3 1 R 0
255 5531 26588 974 25563 957 6931 1 0 4 0 0 0 0 0 0 1 1 R 0
256 5553 20908 636 20932 599 3842 1 0 0 0 0 0 0 0 0 1 1 R 0
257 5577 23029 612 21449 576 3288 1 0 1 0 0 0 0 0 0 2 1 R 0
258 5599 21121 678 19457 609 3701 1 0 4 0 0 0 0 0 0 2 1 R 0
259 5619 19404 694 19460 643 3552 1 0 0 0 0 0 0 0 0 1 1 R 0
260 5639 19841 597 19861 566 4543 1 0 0 0 0 0 0 0 0 1 1 R 0
261 5660 20520 592 20550 560 3830 1 0 0 0 0 0 0 0 0 2 1 R 0
262 5682 21348 610 20374 588 4564 1 0 4 0 0 0 0 0 0 1 1 R 0
263 5704 20939 568 20969 535 3840 1 0 0 0 0 0 0 0 0 1 1 R 0
264 5723 18885 578 18912 549 3653 1 0 0 0 0 0 0 0 0 2 1 R 0
265 5747 23184 591 21626 565 3803 1 0 4 0 0 0 0 0 0 1 1 R 0
266 5768 19863 592 19884 559 4426 1 0 0 0 0 0 0 0 0 2 1 R 0
267 5790 22304 638 20606 605 3833 1 0 1 0 0 0 0 0 0 2 1 R 0
268 5812 20448 1550 19423 1525 3153 1 0 4 0 0 0 0 0 0 1 1 R 0
269 5834 21268 581 21265 553 3789 1 0 0 0 0 0 0 0 0 2 1 R 0
270 5857 21796 618 21825 596 8650 1 0 0 0 0 0 0 0 0 1 1 R 0
271 5880 22386 682 20833 646 3525 1 0 4 0 0 0 0 0 0 1 1 R 0
272 5899 18332 780 18381 724 3112 1 0 0 0 0 0 0 0 0 1 1 R 0
273 5920 20011 804 20066 743 3546 1 0 0 0 0 0 0 0 0 2 1 R 0
274 5940 19790 591 19815 563 3849 1 0 0 0 0 1 0 0 0 1 1 R 0
275 5965 24189 597 22789 569 5589 1 0 4 0 0 0 0 0 0 2 1 R 0
276 5987 21517 595 19737 566 5120 1 0 2 0 0 0 0 0 0 1 1 R 0
277 6007 19625 905 19690 848 3585 1 0 0 0 0 0 0 0 0 2 1 R 0
278 6030 21354 650 20401 628 6329 1 0 4 0 0 0 0 0 0 1 1 R 0
279 6051 20814 1262 20833 1236 3834 1 0 0 0 0 0 0 0 0 1 1 R 0
280 6077 24870 595 23732 564 3935 1 0 1 0 0 0 0 0 0 2 1 R 0
281 6100 22509 599 21420 566 5604 1 0 4 0 0 0 0 0 0 2 1 R 0
282 6119 17788 817 17834 778 3251 1 0 0 0 0 0 0 0 0 1 1 R 0
283 6141 21674 600 21696 566 4526 1 0 0 0 0 0 0 0 0 2 1 R 0
284 6164 22280 591 21083 556 3898 1 0 4 0 0 0 0 0 0 1 1 R 0
285 6188 23720 592 22220 559 7802 1 0 1 0 0 0 0 0 0 1 1 R 0
286 6206 17595 687 17638 642 3564 1 0 0 0 0 0 0 0 0 2 1 R 0
287 6231 23709 582 22442 557 4299 1 0 4 0 0 0 0 0 0 2 1 R 0
288 6251 19255 591 19278 561 3849 1 0 0 0 0 0 0 0 0 1 1 R 0
289 6272 20245 1140 20277 1122 3875 1 0 0 0 0 0 0 0 0 1 1 R 0
290 6291 18136 782 18195 711 3047 1 0 0 0 0 0 0 0 0 2 1 R 0
291 6315 23063 570 21909 539 3388 1 0 4 0 0 0 0 0 0 1 1 R 0
292 6333 18205 673 18239 648 3095 1 0 0 0 0 0 0 0 0 2 1 R 0
293 6356 21748 588 21763 563 4228 1 0 0 0 0 0 0 0 0 1 1 R 0
294 6379 22600 577 20208 550 3302 1 0 5 0 0 0 0 0 0 1 1 R 0
295 6400 20052 762 20132 687 3578 1 0 0 0 0 0 0 0 0 2 1 R 0
296 6418 17316 710 17363 677 3340 1 0 0 0 0 0 0 0 0 1 1 R 0
297 6443 24853 594 23257 569 4842 1 0 4 0 0 0 0 0 0 2 1 R 0
298 6463 19516 1382 19557 1346 3877 1 0 0 0 0 1 0 0 0 1 1 R 0
299 6486 20723 590 20742 563 3836 1 0 0 0 0 0 0 0 0 1 1 R 0
300 6510 24051 580 22936 546 6909 1 0 4 0 0 0 0 0 0 2 1 R 0
301 6531 20043 746 20103 683 3129 1 0 0 0 0 0 0 0 0 1 1 R 0
302 6552 20013 967 20040 952 3797 1 0 0 0 0 0 0 0 0 2 1 R 0
303 6577 24480 562 22218 537 4072 1 0 4 0 0 0 0 0 0 1 1 R 0
304 6596 18498 631 18527 597 3647 1 0 0 0 0 0 0 0 0 1 1 R 0
305 6617 20518 701 20566 676 3762 1 0 0 0 0 0 0 0 0 2 1 R 0
306 6638 19998 591 20005 561 3644 1 0 0 0 0 0 0 0 0 2 1 R 0
307 6661 22399 674 21229 634 6345 1 0 4 0 0 0 0 0 0 1 1 R 0
308 6680 18282 595 18313 562 3720 1 0 0 0 0 0 0 0 0 1 1 R 0
309 6700 19923 914 19986 865 3211 1 0 0 0 0 0 0 0 0 2 1 R 0
310 6724 22273 783 21381 711 3340 1 0 4 0 0 0 0 0 0 1 1 R 0
311 6745 20610 620 20646 578 3503 1 0 0 0 0 0 0 0 0 1 1 R 0
312 6765 19060 586 19091 556 3808 1 0 0 0 0 0 0 0 0 1 1 R 0
313 6790 25104 611 22409 572 3389 1 0 5 0 0 0 0 0 0 2 1 R 0
314 6810 19040 584 19068 551 3763 1 0 0 0 0 0 0 0 0 2 1 R 0
315 6835 23998 682 24031 650 5911 1 0 0 0 0 0 0 0 0 1 1 R 0
316 6857 21264 650 20265 624 3746 1 0 4 0 0 0 0 0 0 1 1 R 0
317 6878 21054 587 21077 557 4254 1 0 0 0 0 0 0 0 0 1 1 R 0
318 6898 19400 877 19520 772 3524 1 0 0 0 0 0 0 0 0 2 1 R 0
319 6919 19588 710 19650 625 3576 1 0 0 0 0 0 0 0 0 2 1 R 0
320 6939 19991 742 19060 690 5505 1 0 4 0 0 0 0 0 0 1 1 R 0
321 6963 23016 564 23035 536 3858 1 0 0 0 0 0 0 0 0 1 1 R 0
322 6984 20754 573 19353 546 3842 1 0 1 0 0 0 0 0 0 2 1 R 0
323 7008 23425 650 22499 612 3304 1 0 4 0 0 1 0 0 0 1 1 R 0
324 7028 18836 801 18259 722 3499 1 0 1 0 0 0 0 0 0 2 1 R 0
325 7050 21231 582 21255 547 3610 1 0 0 0 0 0 0 0 0 1 1 R 0
326 7072 21761 634 20797 539 4034 1 0 4 0 0 0 0 0 0 1 1 R 0
327 7094 21017 569 21048 534 3284 1 0 0 0 0 0 0 0 0 2 1 R 0
328 7113 18544 758 18582 728 3111 1 0 0 0 0 0 0 0 0 1 1 R 0
329 7137 23550 585 22181 535 3233 1 0 4 0 0 0 0 0 0 2 1 R 0
330 7160 21575 591 21600 560 6796 1 0 0 0 0 0 0 0 0 2 1 R 0
331 7183 23134 561 22003 531 3902 1 0 1 0 0 0 0 0 0 1 1 R 0
332 7201 17556 3708 17613 2239 3748 1 0 0 0 3 0 0 0 0 1 1 R 0
333 7226 20574 721 20283 646 3011 1 0 1 0 0 0 0 0 0 2 1 R 0
334 7244 17996 810 18039 779 3117 1 0 0 0 0 0 0 0 0 2 1 R 0
335 7268 23143 596 22197 558 3734 1 0 1 0 0 0 0 0 0 1 1 R 0
336 7291 21548 596 20617 566 6697 1 0 4 0 0 0 0 0 0 1 1 R 0
337 7311 19956 1321 20005 1284 3368 1 0 0 0 0 0 0 0 0 2 1 R 0
338 7329 16935 762 16958 727 3232 1 0 0 0 0 0 0 0 0 1 1 R 0
339 7354 24157 589 22978 560 3738 1 0 4 0 0 0 0 0 0 1 1 R 0
340 7374 19147 575 19176 544 3810 1 0 0 0 0 0 0 0 0 1 1 R 0
341 7397 21940 624 20889 600 5280 1 0 1 0 0 0 0 0 0 2 1 R 0
342 7419 21985 766 20155 743 3842 1 0 4 0 0 0 0 0 0 2 1 R 0
343 7439 18687 967 18725 949 3507 1 0 0 0 0 0 0 0 0 1 1 R 0
344 7457 17870 786 17897 725 3186 1 0 0 0 0 0 0 0 0 2 1 R 0
345 7487 28917 558 27981 543 9150 1 0 4 0 0 0 0 0 0 2 1 R 0
346 7510 22719 1146 20406 789 4361 1 0 2 0 0 0 0 0 0 1 1 R 0
347 7532 20720 551 20718 528 3599 1 0 0 0 0 0 0 0 0 1 1 R 0
348 7551 18406 2654 18453 1790 3837 1 0 0 0 3 0 0 0 0 1 1 R 0
349 7575 21205 584 21009 550 3300 1 0 1 0 0 0 0 0 0 1 1 R 0
350 7596 20718 637 19692 608 5696 1 0 1 0 0 0 0 0 0 1 1 R 0
351 7619 21595 562 21628 530 3940 1 0 0 0 0 0 0 0 0 2 1 R 0
352 7639 19490 948 18685 923 5653 1 0 4 0 0 0 0 0 0 2 1 R 0
353 7660 20188 726 20237 665 3029 1 0 0 0 0 0 0 0 0 2 1 R 0
354 7680 19554 589 19577 558 3816 1 0 0 0 0 0 0 0 0 1 1 R 0
355 7705 24180 631 22574 593 3836 1 0 4 0 0 0 0 0 0 2 1 R 0
356 7724 18319 660 18353 640 3111 1 0 0 0 0 0 0 0 0 1 1 R 0
357 7745 20323 749 20365 793 3230 1 0 0 0 0 0 0 0 0 1 1 R 0
358 7766 20900 576 19626 548 3149 1 0 4 0 0 0 0 0 0 2 1 R 0
359 7789 21989 735 20462 566 4638 1 0 1 0 0 0 0 0 0 1 1 R 0
360 7812 21831 1034 21863 1017 7316 1 0 0 0 0 0 0 0 0 1 1 R 0
361 7836 23383 566 22477 538 3065 1 0 4 0 0 0 0 0 0 2 1 R 0
362 7854 17930 692 17965 654 3383 1 0 0 0 0 0 0 0 0 1 1 R 0
363 7877 21962 600 21997 569 4347 1 0 0 0 0 0 0 0 0 2 1 R 0
364 7897 19349 581 19371 548 4310 1 0 0 0 0 0 0 0 0 1 1 R 0
365 7921 23760 1055 22609 1039 6786 1 0 4 0 0 0 0 0 0 2 1 R 0
366 7940 17337 677 17363 633 3090 1 0 0 0 0 0 0 0 0 1 1 R 0
367 7962 21176 1272 21240 1251 3071 1 0 0 0 0 1 0 0 0 2 1 R 0
368 7987 23937 580 21124 560 3837 1 0 6 0 0 0 0 0 0 1 1 R 0
369 8009 21917 591 21946 551 4232 1 0 0 0 0 0 0 0 0 1 1 R 0
370 8028 18090 742 18139 703 3820 1 0 0 0 0 0 0 0 0 2 1 R 0
371 8053 24500 566 23412 536 4336 1 0 4 0 0 0 0 0 0 2 1 R 0
372 8072 17729 1498 17769 1467 3268 1 0 0 0 0 0 0 0 0 1 1 R 0
373 8094 20688 573 20706 545 3867 1 0 0 0 0 0 0 0 0 1 1 R 0
374 8117 22133 755 20885 736 3829 1 0 4 0 0 0 0 0 0 1 1 R 0
375 8140 23204 601 23221 565 6656 1 0 0 0 0 0 0 0 0 2 1 R 0
376 8159 17911 717 17986 659 3083 1 0 0 0 0 0 0 0 0 2 1 R 0
377 8181 21213 596 21234 562 4779 1 0 0 0 0 0 0 0 0 1 1 R 0
378 8205 23592 566 20893 540 6454 1 0 4 0 0 0 0 0 0 1 1 R 0
379 8226 20556 578 20586 544 3839 1 0 0 0 0 0 0 0 0 1 1 R 0
380 8246 18979 812 19033 767 4060 1 0 0 0 0 0 0 0 0 2 1 R 0
381 8269 21952 663 20861 625 3060 1 0 4 0 0 0 0 0 0 2 1 R 0
382 8288 19030 755 19081 704 4386 1 0 0 0 0 0 0 0 0 1 1 R 0
383 8310 21026 593 21056 563 4268 1 0 0 0 0 0 0 0 0 1 1 R 0
384 8332 21856 564 20389 536 3207 1 0 4 0 0 0 0 0 0 2 1 R 0
385 8353 19837 861 19913 797 3052 1 0 0 0 0 0 0 0 0 1 1 R 0
386 8371 17267 1752 17306 1735 3104 1 0 0 0 0 0 0 0 0 2 1 R 0
387 8398 24989 578 23018 541 3793 1 0 5 0 0 0 0 0 0 1 1 R 0
388 8418 19332 595 19364 565 4428 1 0 0 0 0 0 0 0 0 1 1 R 0
389 8439 20677 1187 20733 1139 4460 1 0 0 0 0 0 0 0 0 2 1 R 0
390 8461 20922 2355 20958 1712 6006 1 0 0 0 3 0 0 0 0 2 1 R 0
391 8485 21218 577 20607 548 3251 1 0 1 0 0 0 0 0 0 1 1 R 0
392 8505 19755 586 19784 554 4068 1 0 0 0 0 0 0 0 0 1 1 R 0
393 8526 20604 581 20634 551 3520 1 0 0 0 0 0 0 0 0 1 1 R 0
394 8548 21423 589 20455 559 3112 1 0 4 0 0 0 0 0 0 2 1 R 0
395 8568 19359 703 19409 656 3574 1 0 0 0 0 0 0 0 0 1 1 R 0
396 8590 21082 832 19841 797 3520 1 0 1 0 0 0 0 0 0 2 1 R 0
397 8614 23354 632 22088 593 3871 1 0 4 0 0 0 0 0 0 1 1 R 0
398 8635 20653 766 20702 715 3946 1 0 0 0 0 0 0 0 0 2 1 R 0
399 8657 20774 610 20806 569 3734 1 0 0 0 0 0 0 0 0 1 1 R 0
400 8679 21567 594 20862 558 4493 1 0 4 0 0 0 0 0 0 1 1 R 0
401 8700 20619 1219 20653 1194 3639 1 0 0 0 0 1 0 0 0 2 1 R 0
402 8721 19224 598 19245 567 4050 1 0 0 0 0 0 0 0 0 1 1 R 0
403 8741 19794 2760 19862 2076 3097 1 0 0 0 3 0 0 0 0 1 1 R 0
404 8764 19877 721 19377 649 3110 1 0 1 0 0 0 0 0 0 3 1 R 0
405 8789 24803 560 23998 529 6579 1 0 1 0 0 0 0 0 0 1 1 R 0
406 8809 19010 600 19045 569 4370 1 0 0 0 0 0 0 0 0 1 1 R 0
407 8833 23203 576 22047 551 6240 1 0 4 0 0 0 0 0 0 1 1 R 0
408 8851 17761 1527 17798 1527 3086 1 0 0 0 0 0 0 0 0 2 1 R 0
409 8871 18777 1484 18781 1453 3307 1 0 0 0 0 0 0 0 0 1 1 R 0
410 8895 21878 671 20917 636 3289 1 0 4 0 0 0 0 0 0 2 1 R 0
411 8917 21472 591 21501 561 3890 1 0 0 0 0 0 0 0 0 1 1 R 0
412 8937 19878 585 19908 556 3868 1 0 0 0 0 0 0 0 0 1 1 R 0
413 8963 24842 1413 23210 1405 3644 1 0 4 0 0 0 0 0 0 2 1 R 0
414 8985 21161 1505 21184 1486 4460 1 0 0 0 0 0 0 0 0 1 1 R 0
415 9010 23562 606 22340 573 4152 1 0 1 0 0 0 0 0 0 2 1 R 0
416 9035 23808 592 22054 560 3863 1 0 4 0 0 0 0 0 0 1 1 R 0
417 9059 23867 589 23895 558 4782 1 0 0 0 0 0 0 0 0 1 1 R 0
418 9077 16887 843 16965 788 3726 1 0 0 0 0 0 0 0 0 2 1 R 0
419 9104 26410 584 25046 550 5795 1 0 4 0 0 0 0 0 0 2 1 R 0
420 9127 22631 629 22663 596 8540 1 0 0 0 0 0 0 0 0 1 1 R 0
421 9149 20993 574 21023 545 4118 1 0 0 0 0 0 0 0 0 2 1 R 0
422 9170 20872 584 19452 556 3937 1 0 4 0 0 0 0 0 0 1 1 R 0
423 9193 22450 828 21304 783 3086 1 0 1 0 0 0 0 0 0 2 1 R 0
424 9214 19542 580 19573 547 3823 1 0 0 0 0 0 0 0 0 1 1 R 0
425 9238 23635 580 22725 544 3885 1 0 4 0 0 0 0 0 0 1 1 R 0
426 9257 18391 704 18453 652 4014 1 0 0 0 0 0 0 0 0 2 1 R 0
427 9277 19822 717 19866 663 3368 1 0 0 0 0 0 0 0 0 2 1 R 0
428 9296 17791 685 17835 653 3560 1 0 0 0 0 0 0 0 0 2 1 R 0
429 9320 23895 596 22790 565 7559 1 0 4 0 0 0 0 0 0 1 1 R 0
430 9341 20002 596 20033 561 3895 1 0 0 0 0 0 0 0 0 1 1 R 0
431 9361 19828 1427 19866 1399 3140 1 0 0 0 0 0 0 0 0 1 1 R 0
432 9385 22180 581 21240 547 3070 1 0 4 0 0 0 0 0 0 2 1 R 0
433 9411 24839 6424 20678 1136 5593 1 0 4 0 0 0 0 0 0 2 1 S 0
434 9442 24729 3266 18480 1661 2175 1 0 3 0 3 0 0 0 0 1 1 R 1
435 9479 34175 594 23514 564 21629 1 2 0 0 0 0 0 0 0 1 1 R 0
436 9496 16722 786 16791 720 3632 1 0 0 0 0 0 0 0 0 2 1 R 0
437 9522 24485 1050 23321 1033 4907 1 0 4 0 0 0 0 0 0 3 1 R 0
438 9542 18829 979 18845 958 3882 1 0 0 0 0 0 0 0 0 1 1 R 0
439 9566 23059 574 23076 538 3073 1 0 0 0 0 0 0 0 0 1 1 R 0
440 9587 20615 765 19267 638 3115 1 0 4 0 0 0 0 0 0 1 1 R 0
441 9610 22510 578 21588 547 4617 1 0 1 0 0 0 0 0 0 3 1 R 0
442 9630 18859 596 18891 560 3840 1 0 0 0 0 0 0 0 0 1 1 R 0
443 9651 21132 1502 21177 1391 3861 1 0 0 0 2 0 0 0 0 0 1 R 0
444 9673 20508 606 19127 576 3083 1 0 2 0 0 0 0 0 0 3 1 R 0
445 9694 20010 868 20097 803 3123 1 0 0 0 0 0 0 0 0 1 1 R 0
446 9715 20357 738 20394 682 3113 1 0 0 0 0 0 0 0 0 2 1 R 0
447 9743 27370 725 25646 672 3808 1 0 4 0 0 0 0 0 0 3 1 R 0
448 9764 20153 690 20211 630 3366 1 0 0 0 0 0 0 0 0 2 1 R 0
449 9785 20590 563 20616 537 3204 1 0 0 0 0 0 0 0 0 2 1 R 0
450 9811 25007 578 23137 548 9720 1 0 4 0 0 1 0 0 0 1 1 R 0
451 9832 20128 945 20160 926 3816 1 0 0 0 0 0 0 0 0 1 1 R 0
452 9851 18884 986 18900 972 3818 1 0 0 0 0 0 0 0 0 2 1 R 0
453 9875 22523 577 21409 551 3424 1 0 4 0 0 0 0 0 0 1 1 R 0
454 9894 18210 820 18291 748 3101 1 0 0 0 0 0 0 0 0 1 1 R 0
455 9915 20616 581 20633 553 3186 1 0 0 0 0 0 0 0 0 2 1 R 0
456 9937 21689 584 20951 554 3857 1 0 4 0 0 0 0 0 0 1 1 R 0
457 9959 20548 595 20581 557 4107 1 0 0 0 0 0 0 0 0 1 1 R 0
458 9977 18201 975 18252 946 3627 1 0 0 0 0 0 0 0 0 2 1 R 0
459 10001 22310 827 20480 764 4340 1 0 2 0 0 0 0 0 0 2 1 R 0
460 10024 22804 583 20997 557 4163 1 0 4 0 0 0 0 0 0 1 1 R 0
461 10046 20896 614 20956 548 3882 1 0 0 0 0 1 0 0 0 2 1 R 0
462 10069 22558 591 22165 556 4583 1 0 1 0 0 0 0 0 0 1 1 R 0
463 10093 23151 624 21998 584 5774 1 0 4 0 0 0 0 0 0 2 1 R 0
464 10110 17065 773 17127 734 3117 1 0 0 0 0 0 0 0 0 2 1 R 0
465 10137 25438 591 25445 564 8271 1 0 0 0 0 0 0 0 0 1 1 R 0
466 10159 21892 598 20689 556 6184 1 0 4 0 0 0 0 0 0 1 1 R 0
467 10179 18918 790 18970 745 3502 1 0 0 0 0 0 0 0 0 2 1 R 0
468 10199 20061 681 18637 632 3115 1 0 1 0 0 0 0 0 0 2 1 R 0
469 10224 23697 575 22034 541 3317 1 0 4 0 0 0 0 0 0 1 1 R 0
470 10244 19365 615 19392 589 3887 1 0 0 0 0 0 0 0 0 1 1 R 0
471 10265 20793 580 20818 549 3864 1 0 0 0 0 0 0 0 0 1 1 R 0
472 10287 21696 563 20228 536 3073 1 0 4 0 0 0 0 0 0 3 1 R 0
473 10307 19446 705 19501 668 3731 1 0 0 0 0 0 0 0 0 1 1 R 0
474 10326 17854 696 17898 654 3511 1 0 0 0 0 0 0 0 0 2 1 R 0
475 10349 22282 595 22290 563 5375 1 0 0 0 0 0 0 0 0 1 1 R 0
476 10370 20543 596 19372 562 6111 1 0 4 0 0 0 0 0 0 1 1 R 0
477 10392 21310 701 21352 659 3053 1 0 0 0 0 0 0 0 0 2 1 R 0
478 10411 18641 1559 17709 1519 4429 1 0 1 0 0 0 0 0 0 2 1 R 0
479 10437 23687 603 22233 569 3833 1 0 4 0 0 0 0 0 0 1 1 R 0
480 10459 21970 694 22017 645 8577 1 0 0 0 0 0 0 0 0 1 1 R 0
481 10480 20338 585 20367 558 3941 1 0 0 0 0 0 0 0 0 2 1 R 0
482 10503 22479 619 21119 589 3195 1 0 4 0 0 0 0 0 0 0 1 R 0
483 10524 20131 766 20213 692 3263 1 0 0 0 0 0 0 0 0 3 1 R 0
484 10544 19162 575 19182 551 3961 1 0 0 0 0 0 0 0 0 1 1 R 0
485 10569 24209 569 23087 546 3818 1 0 4 0 0 0 0 0 0 1 1 R 0
486 10588 18332 924 18433 820 3833 1 0 0 0 0 0 0 0 0 1 1 R 0
487 10611 22263 835 21344 788 3696 1 0 1 0 0 0 0 0 0 2 1 R 0
488 10631 18944 592 18966 562 3303 1 0 0 0 0 0 0 0 0 1 1 R 0
489 10655 23636 586 22123 557 5709 1 0 4 0 0 0 0 0 0 1 1 R 0
490 10675 19809 586 19839 551 3652 1 0 0 0 0 0 0 0 0 2 1 R 0
491 10696 20480 572 20515 535 3053 1 0 0 0 0 0 0 0 0 1 1 R 0
492 10718 20607 896 19539 804 3106 1 0 4 0 0 0 0 0 0 2 1 R 0
493 10739 20781 590 20797 555 4020 1 0 0 0 0 0 0 0 0 1 1 R 0
494 10759 19419 586 19453 553 4451 1 0 0 0 0 0 0 0 0 1 1 R 0
495 10787 27296 712 25002 667 7443 1 0 4 0 0 0 0 0 0 2 1 R 0
496 10808 20259 629 18986 600 3724 1 0 1 0 0 0 0 0 0 1 1 R 0
497 10829 20028 628 20057 597 3752 1 0 0 0 0 0 0 0 0 2 1 R 0
498 10849 19179 598 19213 563 4535 1 0 0 0 0 0 0 0 0 1 1 R 0
499 10872 23238 642 22085 550 6549 1 0 4 0 0 0 0 0 0 1 1 R 0
500 10890 17026 723 17066 682 3092 1 0 0 0 0 0 0 0 0 2 1 R 0
501 10912 21692 646 21732 605 3308 1 0 0 0 0 0 0 0 0 2 1 R 0
502 10934 21069 594 19889 562 3140 1 0 4 0 0 0 0 0 0 1 1 R 0
503 10957 21763 1220 21791 1203 4076 1 0 0 0 0 1 0 0 0 1 1 R 0
504 10977 19134 571 19144 544 4350 1 0 0 0 0 0 0 0 0 1 1 R 0
505 11000 22672 584 20999 554 3657 1 0 4 0 0 0 0 0 0 2 1 R 0
506 11020 19016 709 18020 656 3267 1 0 1 0 0 0 0 0 0 2 1 R 0
507 11042 21932 971 21390 915 3443 1 0 1 0 0 0 0 0 0 2 1 R 0
508 11065 21482 705 20538 748 3828 1 0 4 0 0 0 0 0 0 1 1 R 0
509 11087 21174 577 21138 541 3554 1 0 0 0 0 0 0 0 0 1 1 R 0
510 11110 22705 630 21684 599 6694 1 0 1 0 0 0 0 0 0 1 1 R 0
511 11130 19459 673 19506 645 3156 1 0 0 0 0 0 0 0 0 2 1 R 0
512 11154 23017 579 21327 557 4403 1 0 4 0 0 0 0 0 0 2 1 R 0
513 11176 21410 643 21436 612 3897 1 0 0 0 0 0 0 0 0 1 1 R 0
514 11195 19066 602 19098 565 4206 1 0 0 0 0 0 0 0 0 1 1 R 0
515 11221 24411 606 22307 566 3772 1 0 4 0 0 0 0 0 0 1 1 R 0
516 11239 17805 984 17869 947 3274 1 0 0 0 0 0 0 0 0 2 1 R 0
517 11262 21825 974 22213 567 3783 1 0 0 0 0 0 0 0 0 1 1 R 0
518 11284 21799 1355 20579 1332 3825 1 0 4 0 0 0 0 0 0 1 1 R 0
519 11307 21307 590 21332 555 3631 1 0 0 0 0 0 0 0 0 2 1 R 0
520 11326 18256 780 18312 733 3969 1 0 0 0 0 0 0 0 0 2 1 R 0
521 11351 24578 986 23076 964 4791 1 0 4 0 0 0 0 0 0 1 1 R 0
522 11371 18510 1539 18560 1561 3804 1 0 0 0 0 0 0 0 0 2 1 R 0
523 11392 19315 1370 19916 697 2867 1 0 0 0 0 0 0 0 0 1 1 R 0
524 11420 26816 720 23403 694 4579 1 0 5 0 0 0 0 0 0 2 1 R 0
525 11448 27009 646 26277 624 6629 1 0 1 0 0 0 0 0 0 1 1 R 0
526 11469 20413 589 20432 553 4874 1 0 0 0 0 0 0 0 0 2 1 R 0
527 11494 24833 650 23700 591 4928 1 0 4 0 0 0 0 0 0 1 1 R 0
528 11515 20279 576 20315 538 3453 1 0 0 0 0 0 0 0 0 1 1 R 0
529 11537 21636 664 21675 623 3273 1 0 0 0 0 0 0 0 0 1 1 R 0
530 11559 21526 644 20444 611 4214 1 0 4 0 0 0 0 0 0 1 1 R 0
531 11581 20531 597 20565 568 3877 1 0 0 0 0 0 0 0 0 2 1 R 0
532 11600 18675 712 18711 678 3641 1 0 0 0 0 0 0 0 0 2 1 R 0
533 11626 25115 589 22963 530 4993 1 0 5 0 0 0 0 0 0 1 1 R 0
534 11645 18438 695 18478 662 3210 1 0 0 0 0 0 0 0 0 2 1 R 0
535 11667 21111 594 21135 561 3829 1 0 0 0 0 0 0 0 0 1 1 R 0
536 11687 19579 581 19612 541 4510 1 0 0 0 0 0 0 0 0 1 1 R 0
537 11710 22957 598 21788 560 5988 1 0 4 0 0 0 0 0 0 1 1 R 0
538 11729 17702 870 17785 785 3266 1 0 0 0 0 0 0 0 0 2 1 R 0
539 11749 19943 760 19999 707 3884 1 0 0 0 0 0 0 0 0 2 1 R 0
540 11777 26496 592 24880 558 7698 1 0 4 0 0 0 0 0 0 1 1 R 0
541 11798 20751 603 20783 570 4328 1 0 0 0 0 0 0 0 0 1 1 R 0
542 11818 19638 675 18737 607 3562 1 0 1 0 0 0 0 0 0 1 1 R 0
543 11842 22631 964 21032 942 3805 1 0 4 0 0 0 0 0 0 2 1 R 0
544 11860 17748 704 17792 667 3275 1 0 0 0 0 0 0 0 0 2 1 R 0
545 11883 22145 569 22153 544 3798 1 0 0 0 0 0 0 0 0 2 1 R 0
546 11903 18903 2359 18942 1347 4040 1 0 1 0 3 0 0 0 0 0 1 R 0
547 11926 20602 585 20612 552 3069 1 0 0 0 0 0 0 0 0 2 1 R 0
548 11944 18146 659 18195 620 3046 1 0 0 0 0 0 0 0 0 1 1 R 0
549 11967 22396 589 22418 563 3258 1 0 0 0 0 0 0 0 0 2 1 R 0
550 11991 22588 788 20973 773 6748 1 0 5 0 0 0 0 0 0 1 1 R 0
551 12014 22789 571 21590 543 3546 1 0 1 0 0 0 0 0 0 1 1 R 0
552 12035 20024 624 20049 596 3777 1 0 0 0 0 0 0 0 0 2 1 R 0
553 12058 23059 592 22185 556 3280 1 0 4 0 0 0 0 0 0 2 1 R 0
554 12079 19709 587 19740 555 4326 1 0 0 0 0 1 0 0 0 2 1 R 0
555 12104 24437 1360 24466 1345 8751 1 0 0 0 0 0 0 0 0 0 1 R 0
556 12127 21916 763 20768 694 3260 1 0 4 0 0 0 0 0 0 2 1 R 0
557 12148 19866 769 19917 703 3613 1 0 0 0 0 0 0 0 0 1 1 R 0
558 12166 18107 671 18161 626 3955 1 0 0 0 0 0 0 0 0 2 1 R 0
559 12191 23997 964 22887 944 5201 1 0 4 0 0 0 0 0 0 2 1 R 0
560 12213 20799 625 19610 577 3571 1 0 1 0 0 0 0 0 0 1 1 R 0
561 12234 20093 609 20146 560 3095 1 0 0 0 0 0 0 0 0 1 1 R 0
562 12251 16534 726 16594 663 3138 1 0 0 0 0 0 0 0 0 2 1 R 0
563 12277 25689 674 23518 646 3894 1 0 4 0 0 0 0 0 0 1 1 R 0
564 12299 20997 594 21010 560 5394 1 0 0 0 0 0 0 0 0 1 1 R 0
565 12320 20472 601 20506 568 4339 1 0 0 0 0 0 0 0 0 2 1 R 0
566 12343 22449 567 21185 543 5170 1 0 4 0 0 0 0 0 0 2 1 R 0
567 12364 20173 734 20250 657 3016 1 0 0 0 0 0 0 0 0 1 1 R 0
568 12384 19553 581 19581 556 3843 1 0 0 0 0 0 0 0 0 1 1 R 0
569 12407 22522 761 21133 711 4102 1 0 4 0 0 0 0 0 0 1 1 R 0
570 12430 22308 595 21308 569 8039 1 0 1 0 0 0 0 0 0 2 1 R 0
571 12450 18953 799 18997 748 3043 1 0 0 0 0 0 0 0 0 1 1 R 0
572 12473 22762 851 21140 806 3368 1 0 4 0 0 0 0 0 0 2 1 R 0
573 12495 20903 570 20932 540 3912 1 0 0 0 0 0 0 0 0 1 1 R 0
574 12515 19166 579 19195 556 3861 1 0 0 0 0 0 0 0 0 1 1 R 0
575 12539 23170 708 21755 689 3047 1 0 4 0 0 0 0 0 0 3 1 R 0
576 12557 17588 697 17622 648 3598 1 0 0 0 0 0 0 0 0 1 1 R 0
577 12579 21444 588 21468 558 4264 1 0 0 0 0 0 0 0 0 2 1 R 0
578 12599 19460 596 19494 563 4342 1 0 0 0 0 1 0 0 0 1 1 R 0
579 12625 25198 796 22683 765 6324 1 0 5 0 0 0 0 0 0 2 1 R 0
580 12645 19156 768 19192 731 3101 1 0 0 0 0 0 0 0 0 1 1 R 0
581 12666 20100 677 20138 652 3040 1 0 0 0 0 0 0 0 0 2 1 R 0
582 12688 21845 600 20455 571 6380 1 0 4 0 0 0 0 0 0 1 1 R 0
583 12710 21280 582 21308 548 4351 1 0 0 0 0 0 0 0 0 1 1 R 0
584 12729 18606 820 18661 775 3808 1 0 0 0 0 0 0 0 0 2 1 R 0
585 12757 26769 635 25329 598 6548 1 0 4 0 0 0 0 0 0 1 1 R 0
586 12775 17522 694 17571 642 3490 1 0 0 0 0 0 0 0 0 2 1 R 0
587 12797 21422 578 21454 544 4352 1 0 0 0 0 0 0 0 0 1 1 R 0
588 12820 22538 606 20726 572 4277 1 0 4 0 0 0 0 0 0 1 1 R 0
589 12840 19676 739 19736 679 3370 1 0 0 0 0 0 0 0 0 2 1 R 0
590 12859 17982 652 18013 644 3213 1 0 0 0 0 0 0 0 0 1 1 R 0
591 12881 21143 2489 21179 1937 3939 1 0 0 0 2 0 0 0 0 1 1 R 0
592 12904 20442 587 19552 564 4040 1 0 2 0 0 0 0 0 0 1 1 R 0
593 12926 21042 572 21067 545 3854 1 0 0 0 0 0 0 0 0 3 1 R 0
594 12945 18509 703 18554 656 3117 1 0 0 0 0 0 0 0 0 1 1 R 0
595 12968 23030 635 21984 590 3124 1 0 4 0 0 0 0 0 0 1 1 R 0
596 12988 18562 653 18597 619 3644 1 0 0 0 0 0 0 0 0 2 1 R 0
597 13009 20973 567 20990 541 4415 1 0 0 0 0 0 0 0 0 1 1 R 0
598 13035 25572 634 21660 609 5651 1 0 6 0 0 0 0 0 0 1 1 R 0
599 13058 21896 683 21917 654 4047 1 0 0 0 0 0 0 0 0 2 1 R 0
600 13079 20918 882 20955 848 6648 1 0 0 0 0 0 0 0 0 1 1 R 0
601 13104 23541 580 22064 552 3781 1 0 4 0 0 0 0 0 0 2 1 R 0
602 13124 19888 586 19912 561 3864 1 0 0 0 0 0 0 0 0 1 1 R 0
603 13145 20199 772 20272 700 3185 1 0 0 0 0 0 0 0 0 1 1 R 0
604 13168 21912 633 20385 607 3017 1 0 4 0 0 0 0 0 0 2 1 R 0
605 13188 19692 1792 19723 1795 3944 1 0 0 0 0 1 0 0 0 2 1 R 0
606 13210 19696 587 19684 555 3850 1 0 0 0 0 0 0 0 0 1 1 R 0
607 13235 25080 556 22934 538 5253 1 0 5 0 0 0 0 0 0 1 1 R 0
608 13255 18929 850 18974 795 3303 1 0 0 0 0 0 0 0 0 2 1 R 0
609 13276 20487 628 20562 547 3266 1 0 0 0 0 0 0 0 0 1 1 R 0
610 13295 18702 588 18738 560 3096 1 0 0 0 0 0 0 0 0 1 1 R 0
611 13319 23281 594 21763 559 3814 1 0 4 0 0 0 0 0 0 1 1 R 0
612 13340 19613 583 19641 549 3940 1 0 0 0 0 0 0 0 0 2 1 R 0
613 13361 20447 616 20482 584 3047 1 0 0 0 0 0 0 0 0 2 1 R 0
614 13383 21323 708 20391 675 3079 1 0 4 0 0 0 0 0 0 2 1 R 0
615 13408 24301 595 24316 568 8090 1 0 0 0 0 0 0 0 0 1 1 R 0
616 13429 20912 595 19246 562 4446 1 0 1 0 0 0 0 0 0 1 1 R 0
617 13452 22771 576 21284 554 3976 1 0 4 0 0 0 0 0 0 2 1 R 0
618 13470 16942 807 16985 775 3365 1 0 0 0 0 0 0 0 0 1 1 R 0
619 13491 20388 1173 20413 1155 3055 1 0 0 0 0 0 0 0 0 2 1 R 0
620 13512 19184 1116 19190 1109 3834 1 0 0 0 1 0 0 0 0 1 1 R 0
621 13536 23675 620 21504 594 3835 1 0 3 0 0 0 0 0 0 1 1 R 0
622 13556 19106 785 19143 751 3741 1 0 0 0 0 0 0 0 0 2 1 R 0
623 13577 20550 751 20591 715 4304 1 0 0 0 0 0 0 0 0 2 1 R 0
624 13599 21223 819 20298 740 6252 1 0 4 0 0 0 0 0 0 0 1 R 0
625 13623 23189 562 22357 535 3965 1 0 1 0 0 0 0 0 0 2 1 R 0
626 13644 19719 638 19760 600 3857 1 0 0 0 0 0 0 0 0 2 1 R 0
627 13667 22484 593 21343 556 3021 1 0 4 0 0 0 0 0 0 1 1 R 0
628 13685 17643 687 17686 642 3619 1 0 0 0 0 0 0 0 0 2 1 R 0
629 13707 21693 592 21731 558 3766 1 0 0 0 0 0 0 0 0 1 1 R 0
630 13733 25393 615 24424 579 8433 1 0 4 0 0 0 0 0 0 2 1 R 0
631 13755 20855 569 20888 534 4020 1 0 0 0 0 0 0 0 0 1 1 R 0
632 13775 19683 902 19905 687 3777 1 0 0 0 0 0 0 0 0 1 1 R 0
633 13798 22460 656 21108 629 3088 1 0 4 0 0 0 0 0 0 2 1 R 0
634 13818 19005 925 19119 814 3902 1 0 0 0 0 0 0 0 0 2 1 R 0
635 13841 21940 602 20959 567 3795 1 0 1 0 0 0 0 0 0 1 1 R 0
636 13859 17896 737 17946 705 3134 1 0 0 0 0 0 0 0 0 1 1 R 0
637 13883 22842 653 21844 625 3282 1 0 4 0 0 0 0 0 0 2 1 R 0
638 13901 17200 1527 17254 1512 3049 1 0 0 0 0 0 0 0 0 1 1 R 0
639 13924 22014 696 22025 651 3972 1 0 0 0 0 0 0 0 0 2 1 R 0
640 13946 21109 595 19651 564 3843 1 0 4 0 0 0 0 0 0 1 1 R 0
641 13967 19886 750 19930 731 3073 1 0 0 0 0 0 0 0 0 2 1 R 0
642 13988 20537 646 19942 620 3697 1 0 1 0 0 0 0 0 0 1 1 R 0
643 14011 22746 1101 20961 1079 3467 1 0 4 0 0 0 0 0 0 1 1 R 0
644 14033 20493 569 18247 545 3897 1 0 1 0 0 0 0 0 0 1 1 R 0
645 14060 26744 1128 26774 1105 7394 1 0 0 0 0 0 0 0 0 2 1 R 0
646 14087 25568 601 22486 569 4110 1 0 4 0 0 0 0 0 0 1 1 R 0
647 14110 22444 593 22472 562 3829 1 0 0 0 0 1 0 0 0 2 1 R 0
648 14130 19066 597 19100 560 3807 1 0 0 0 0 0 0 0 0 1 1 R 0
649 14152 21182 2413 21216 1428 3817 1 0 0 0 3 0 0 0 0 1 1 R 0
650 14172 17617 1558 17370 1546 3199 1 0 1 0 0 0 0 0 0 3 1 R 0
651 14194 20808 719 20840 673 3064 1 0 0 0 0 0 0 0 0 1 1 R 0
652 14212 17783 760 17838 688 3040 1 0 0 0 0 0 0 0 0 2 1 R 0
653 14237 24045 589 20974 550 3517 1 0 4 0 0 0 0 0 0 1 1 R 0
654 14257 19657 795 19689 764 4273 1 0 0 0 0 0 0 0 0 1 1 R 0
655 14278 19780 1016 19856 956 3478 1 0 0 0 0 0 0 0 0 2 1 R 0
656 14300 20565 725 19240 676 3722 1 0 4 0 0 0 0 0 0 2 1 R 0
657 14322 21168 1094 21182 1079 3399 1 0 0 0 0 0 0 0 0 0 1 R 0
658 14343 20001 595 20017 559 4016 1 0 0 0 0 0 0 0 0 2 1 R 0
659 14366 23021 642 22059 616 3449 1 0 4 0 0 0 0 0 0 2 1 R 0
660 14389 21735 831 21776 790 7496 1 0 0 0 0 0 0 0 0 1 1 R 0
661 14409 20037 1210 20135 1111 3620 1 0 0 0 0 0 0 0 0 2 1 R 0
662 14431 19862 587 18876 555 3818 1 0 1 0 0 0 0 0 0 1 1 R 0
663 14455 24168 823 22559 805 4389 1 0 4 0 0 0 0 0 0 1 1 R 0
664 14475 18519 665 18543 633 3314 1 0 0 0 0 0 0 0 0 2 1 R 0
665 14496 20989 628 21012 597 3277 1 0 0 0 0 0 0 0 0 0 1 R 0
666 14518 20787 835 19892 759 3774 1 0 4 0 0 0 0 0 0 2 1 R 0
667 14540 21183 587 21208 553 4353 1 0 0 0 0 0 0 0 0 1 1 R 0
668 14560 19650 593 19684 564 3839 1 0 0 0 0 0 0 0 0 1 1 R 0
669 14585 24447 591 23263 554 3099 1 0 4 0 0 0 0 0 0 2 1 R 0
670 14603 17407 787 17473 723 3344 1 0 0 0 0 0 0 0 0 2 1 R 0
671 14628 24105 568 23226 536 4410 1 0 1 0 0 0 0 0 0 1 1 R 0
672 14650 21196 598 20216 567 4337 1 0 4 0 0 0 0 0 0 1 1 R 0
673 14671 20896 581 20925 545 3562 1 0 0 0 0 0 0 0 0 2 1 R 0
674 14690 18117 695 18177 637 3160 1 0 0 0 0 0 0 0 0 2 1 R 0
675 14718 27053 594 26320 560 7303 1 0 4 0 0 0 0 0 0 2 1 R 0
676 14737 19118 684 19164 649 4423 1 0 0 0 0 0 0 0 0 0 1 R 0
677 14759 20691 589 20710 553 4238 1 0 0 0 0 0 0 0 0 2 1 R 0
678 14780 20910 589 20948 546 4454 1 0 0 0 0 0 0 0 0 1 1 R 0
679 14804 23287 565 21900 539 4976 1 0 4 0 0 0 0 0 0 2 1 R 0
680 14823 18320 1000 18378 950 3319 1 0 0 0 0 0 0 0 0 2 1 R 0
681 14846 22035 579 20953 549 5294 1 0 1 0 0 0 0 0 0 1 1 R 0
682 14868 21297 666 20168 607 5807 1 0 4 0 0 0 0 0 0 1 1 R 0
683 14888 19506 690 19553 650 3629 1 0 0 0 0 0 0 0 0 1 1 R 0
684 14907 18007 715 18058 655 3537 1 0 0 0 0 0 0 0 0 2 1 R 0
685 14931 23386 585 21744 552 4521 1 0 4 0 0 0 0 0 0 2 1 R 0
686 14950 18877 587 18904 558 3752 1 0 0 0 0 0 0 0 0 1 1 R 0
687 14972 20700 1952 20729 1937 4054 1 0 0 0 0 0 0 0 0 2 1 R 0
688 14991 17789 3180 17811 2395 3144 1 0 0 0 3 0 0 0 0 1 1 R 0
689 15016 21428 563 20930 535 3086 1 0 1 0 0 0 0 0 0 1 1 R 0
690 15041 24398 586 22295 553 8313 1 0 2 0 0 0 0 0 0 2 1 R 0
691 15063 21233 2564 21263 1309 3836 1 0 1 0 3 0 0 0 0 1 1 R 0
692 15085 19313 775 19317 748 3875 1 0 0 0 0 0 0 0 0 1 1 R 0
693 15107 21808 689 21564 650 3554 1 0 1 0 0 0 0 0 0 2 1 R 0
694 15125 17458 718 17497 680 3545 1 0 0 0 0 0 0 0 0 1 1 R 0
695 15149 23093 647 21847 597 6051 1 0 4 0 0 0 0 0 0 2 1 R 0
696 15169 19365 605 19393 574 4675 1 0 0 0 0 0 0 0 0 1 1 R 0
697 15191 21422 852 21445 835 4439 1 0 0 0 0 0 0 0 0 1 1 R 0
698 15215 22540 642 20924 611 4439 1 0 4 0 0 0 0 0 0 1 1 R 0
699 15237 22113 697 20635 622 3060 1 0 1 0 0 0 0 0 0 2 1 R 0
700 15257 19249 617 19276 597 4396 1 0 0 0 0 0 0 0 0 1 1 R 0
701 15281 22834 604 21943 565 4270 1 0 4 0 0 0 0 0 0 2 1 R 0
702 15300 18185 850 18254 792 3153 1 0 0 0 0 0 0 0 0 1 1 R 0
703 15320 19466 716 19527 655 3264 1 0 0 0 0 0 0 0 0 1 1 R 0
704 15340 18939 840 18984 805 3098 1 0 0 0 0 0 0 0 0 2 1 R 0
705 15367 26304 597 24897 566 10291 1 0 4 0 0 0 0 0 0 1 1 R 0
706 15387 19570 570 19597 537 4036 1 0 0 0 0 0 0 0 0 2 1 R 0
707 15408 20463 575 20497 542 3763 1 0 0 0 0 0 0 0 0 1 1 R 0
708 15428 20020 1565 19178 1515 5422 1 0 4 0 0 1 0 0 0 2 1 R 0
709 15453 23023 577 21417 545 3799 1 0 1 0 0 0 0 0 0 2 1 R 0
710 15473 19199 946 19277 866 4020 1 0 0 0 0 0 0 0 0 0 1 R 0
711 15498 24043 646 22769 612 3664 1 0 4 0 0 0 0 0 0 2 1 R 0
712 15517 18394 707 18453 654 3783 1 0 0 0 0 0 0 0 0 1 1 R 0
713 15537 19593 728 19648 671 3608 1 0 0 0 0 0 0 0 0 2 1 R 0
714 15560 22375 601 21212 570 4399 1 0 4 0 0 0 0 0 0 1 1 R 0
715 15581 20511 983 20541 954 3803 1 0 0 0 0 0 0 0 0 1 1 R 0
716 15601 18674 594 18698 566 3900 1 0 0 0 0 0 0 0 0 2 1 R 0
717 15621 19707 2713 19772 2226 3517 1 0 0 0 3 0 0 0 0 1 1 R 0
718 15645 21087 592 19623 563 3142 1 0 2 0 0 0 0 0 0 1 1 R 0
719 15667 20815 612 20840 582 3867 1 0 0 0 0 0 0 0 0 1 1 R 0
720 15689 21567 727 21601 691 8528 1 0 0 0 0 0 0 0 0 2 1 R 0
721 15714 24139 675 23146 629 6690 1 0 4 0 0 0 0 0 0 1 1 R 0
722 15731 17125 1404 17177 1370 3062 1 0 0 0 0 0 0 0 0 2 1 R 0
723 15754 21264 886 21317 830 3778 1 0 0 0 0 0 0 0 0 2 1 R 0
724 15776 21007 647 19487 609 3832 1 0 4 0 0 0 0 0 0 1 1 R 0
725 15799 21989 579 22025 545 4137 1 0 0 0 0 0 0 0 0 2 1 R 0
726 15818 18837 872 18897 818 3569 1 0 0 0 0 0 0 0 0 1 1 R 0
727 15843 24311 577 21590 548 3540 1 0 4 0 0 0 0 0 0 2 1 R 0
728 15861 17304 1296 17350 1260 3113 1 0 0 0 0 0 0 0 0 1 1 R 0
729 15884 21554 608 21565 580 3788 1 0 0 0 0 0 0 0 0 1 1 R 0
730 15906 21687 734 20784 719 4016 1 0 4 0 0 0 0 0 0 2 1 R 0
731 15928 20722 574 20731 548 4011 1 0 0 0 0 0 0 0 0 1 1 R 0
732 15947 18743 597 18769 569 3669 1 0 0 0 0 0 0 0 0 2 1 R 0
733 15968 20386 596 20411 570 3703 1 0 0 0 0 0 0 0 0 1 1 R 0
734 15991 22160 600 20615 570 6316 1 0 5 0 0 0 0 0 0 1 1 R 0
735 16015 23309 570 23334 542 6179 1 0 0 0 0 0 0 0 0 2 1 R 0
736 16033 18200 763 18275 693 3090 1 0 0 0 0 0 0 0 0 1 1 R 0
737 16060 26264 747 23877 709 3404 1 0 5 0 0 0 0 0 0 2 1 R 0
738 16080 18722 597 18748 569 3774 1 0 0 0 0 0 0 0 0 2 1 R 0
739 16105 24915 777 24497 738 3836 1 0 1 0 0 0 0 0 0 1 1 R 0
740 16128 22105 603 20989 569 4783 1 0 4 0 0 1 0 0 0 1 1 R 0
741 16153 23934 612 22833 577 4498 1 0 1 0 0 0 0 0 0 2 1 R 0
742 16171 17389 789 17438 741 3335 1 0 0 0 0 0 0 0 0 1 1 R 0
743 16196 24489 601 23071 567 3811 1 0 4 0 0 0 0 0 0 1 1 R 0
744 16215 18577 819 18619 792 3952 1 0 0 0 0 0 0 0 0 2 1 R 0
745 16239 22466 559 21360 673 3502 1 0 1 0 0 0 0 0 0 1 1 R 0
746 16260 20934 589 19535 567 3669 1 0 4 0 0 0 0 0 0 1 1 R 0
747 16282 20920 996 20945 975 3806 1 0 0 0 0 0 0 0 0 1 1 R 0
748 16302 18910 1003 18928 983 3865 1 0 0 0 0 0 0 0 0 2 1 R 0
749 16324 21838 1539 20854 1080 3257 1 0 1 0 3 0 0 0 0 2 1 R 0
750 16348 22042 579 21817 546 6480 1 0 0 0 0 0 0 0 0 2 1 R 0
751 16369 20452 634 20498 593 4026 1 0 0 0 0 0 0 0 0 1 1 R 0
752 16388 18839 590 18866 557 4378 1 0 0 0 0 0 0 0 0 1 1 R 0
753 16413 23929 595 22949 573 6288 1 0 4 0 0 0 0 0 0 2 1 R 0
754 16431 17406 715 17463 658 3109 1 0 0 0 0 0 0 0 0 1 1 R 0
755 16454 22355 793 21317 729 3123 1 0 1 0 0 0 0 0 0 2 1 R 0
756 16476 21125 592 19903 562 3109 1 0 4 0 0 0 0 0 0 1 1 R 0
757 16497 20927 584 20960 544 4450 1 0 0 0 0 0 0 0 0 1 1 R 0
758 16518 20242 598 20278 564 4352 1 0 0 0 0 0 0 0 0 1 1 R 0
759 16543 24131 618 22659 591 4153 1 0 4 0 0 0 0 0 0 2 1 R 0
760 16562 18550 561 18574 533 3847 1 0 0 0 0 0 0 0 0 1 1 R 0
761 16583 20492 564 20520 534 3030 1 0 0 0 0 0 0 0 0 1 1 R 0
762 16605 21195 738 20403 719 4061 1 0 4 0 0 0 0 0 0 2 1 R 0
763 16626 20739 573 20753 544 3227 1 0 0 0 0 0 0 0 0 2 1 R 0
764 16647 19535 700 18314 625 3534 1 0 1 0 0 0 0 0 0 2 1 R 0
765 16671 23497 781 23534 745 6743 1 0 0 0 0 0 0 0 0 1 1 R 0
766 16693 21750 622 19949 590 5310 1 0 4 0 0 0 0 0 0 0 1 R 0
767 16715 20926 592 20953 559 3822 1 0 0 0 0 0 0 0 0 2 1 R 0
768 16733 18025 681 18070 640 3232 1 0 0 0 0 0 0 0 0 2 1 R 0
769 16757 23313 614 22143 581 3260 1 0 4 0 0 0 0 0 0 1 1 R 0
770 16777 18892 656 18936 610 3559 1 0 0 0 0 0 0 0 0 2 1 R 0
771 16798 20054 596 20089 562 4294 1 0 0 0 0 0 0 0 0 1 1 R 0
772 16821 22413 581 21253 546 4480 1 0 4 0 0 0 0 0 0 1 1 R 0
773 16844 22228 559 21091 527 3069 1 0 1 0 0 0 0 0 0 2 1 R 0
774 16862 17432 1443 17514 1389 3213 1 0 0 0 0 0 0 0 0 1 1 R 0
775 16886 23177 592 22450 559 3696 1 0 4 0 0 0 0 0 0 2 1 R 0
776 16907 19814 944 19883 867 4557 1 0 0 0 0 0 0 0 0 1 1 R 0
777 16928 20478 682 20531 641 4105 1 0 0 0 0 0 0 0 0 1 1 R 0
778 16948 19690 685 19824 546 3981 1 0 0 0 0 0 0 0 0 2 1 R 0
779 16972 22697 1026 21725 1006 5769 1 0 4 0 0 0 0 0 0 2 1 R 0
780 16995 22403 618 22415 594 7990 1 0 0 0 0 0 0 0 0 1 1 R 0
781 17016 20656 590 20682 557 3861 1 0 0 0 0 0 0 0 0 1 1 R 0
782 17038 21237 667 19948 546 3711 1 0 4 0 0 0 0 0 0 2 1 R 0
783 17060 20911 712 19433 680 4906 1 0 1 0 0 0 0 0 0 2 1 R 0
784 17079 18553 776 18620 708 3376 1 0 0 0 0 0 0 0 0 0 1 R 0
785 17104 24101 593 22535 567 3467 1 0 4 0 0 0 0 0 0 2 1 R 0
786 17124 19813 569 19836 533 3818 1 0 0 0 0 0 0 0 0 2 1 R 0
787 17145 20456 803 20542 725 3089 1 0 0 0 0 0 0 0 0 1 1 R 0
788 17168 21511 615 20379 581 3060 1 0 4 0 0 0 0 0 0 2 1 R 0
789 17188 20137 584 20164 553 3573 1 0 0 0 0 0 0 0 0 1 1 R 0
790 17208 19425 579 19459 547 4409 1 0 0 0 0 0 0 0 0 1 1 R 0
791 17229 20211 588 20239 554 4123 1 0 0 0 0 0 0 0 0 1 1 R 0
792 17252 22614 557 20229 530 5410 1 0 5 0 0 0 0 0 0 2 1 R 0
793 17275 22005 557 21163 539 3197 1 0 1 0 0 0 0 0 0 2 1 R 0
794 17295 19297 578 19316 546 3839 1 0 0 0 0 0 0 0 0 1 1 R 0
795 17321 25386 610 24016 556 11001 1 0 4 0 0 0 0 0 0 1 1 R 0
796 17340 18208 694 18245 668 3435 1 0 0 0 0 0 0 0 0 1 1 R 0
797 17361 20450 801 20487 772 3536 1 0 0 0 0 0 0 0 0 2 1 R 0
798 17384 22597 688 21699 644 3253 1 0 4 0 0 0 0 0 0 2 1 R 0
799 17405 20562 765 20584 748 3959 1 0 0 0 0 0 0 0 0 1 1 R 0
800 17426 19407 600 19423 570 4298 1 0 0 0 0 0 0 0 0 1 1 R 0
801 17449 23017 651 20625 610 3120 1 0 4 0 0 0 0 0 0 2 1 R 0
802 17467 17366 696 17408 646 3571 1 0 0 0 0 0 0 0 0 1 1 R 0
803 17489 20961 723 20993 705 4331 1 0 0 0 0 0 0 0 0 2 1 R 0
804 17509 19480 583 19495 553 4477 1 0 0 0 0 0 0 0 0 1 1 R 0
805 17533 23555 649 22459 600 6866 1 0 4 0 0 0 0 0 0 1 1 R 0
806 17553 19187 750 19246 709 3509 1 0 0 0 0 0 0 0 0 1 1 R 0
807 17574 19911 737 19941 702 3190 1 0 0 0 0 0 0 0 0 3 1 R 0
808 17596 21581 855 20411 836 3111 1 0 4 0 0 0 0 0 0 1 1 R 0
809 17618 20634 592 20647 560 4361 1 0 0 0 0 0 0 0 0 1 1 R 0
810 17640 22138 1249 22167 1226 7253 1 0 0 0 0 1 0 0 0 2 1 R 0
811 17666 24694 668 22503 590 4674 1 0 5 0 0 0 0 0 0 1 1 R 0
812 17685 17909 763 17944 738 3089 1 0 0 0 0 0 0 0 0 2 1 R 0
813 17706 20477 743 20490 721 3134 1 0 0 0 0 0 0 0 0 1 1 R 0
814 17729 21889 582 20846 552 4284 1 0 4 0 0 0 0 0 0 2 1 R 0
815 17750 20361 640 20387 610 4366 1 0 0 0 0 0 0 0 0 1 1 R 0
816 17768 17824 733 17888 676 3600 1 0 0 0 0 0 0 0 0 2 1 R 0
817 17790 20791 592 20811 561 4228 1 0 0 0 0 0 0 0 0 1 1 R 0
818 17811 21050 935 19780 918 3976 1 0 4 0 0 0 0 0 0 1 1 R 0
819 17833 20405 640 20445 599 3830 1 0 0 0 0 0 0 0 0 2 1 R 0
820 17854 20535 579 19412 552 3674 1 0 1 0 0 0 0 0 0 1 1 R 0
821 17878 23328 633 22263 603 3220 1 0 4 0 0 0 0 0 0 1 1 R 0
822 17896 17793 717 17862 646 3770 1 0 0 0 0 0 0 0 0 2 1 R 0
823 17918 21217 604 21243 575 4276 1 0 0 0 0 0 0 0 0 1 1 R 0
824 17941 21949 590 20599 550 4402 1 0 4 0 0 0 0 0 0 1 1 R 0
825 17965 24167 563 24201 529 6025 1 0 0 0 0 0 0 0 0 3 1 R 0
826 17985 19335 681 18664 630 3049 1 0 1 0 0 0 0 0 0 1 1 R 0
827 18009 22882 574 21776 550 3168 1 0 4 0 0 0 0 0 0 2 1 R 0
828 18028 18872 705 18908 670 4369 1 0 0 0 0 0 0 0 0 1 1 R 0
829 18053 24459 604 23641 573 4214 1 0 1 0 0 0 0 0 0 1 1 R 0
830 18074 20329 1619 19392 1144 3341 1 0 1 0 3 0 0 0 0 1 1 R 0
831 18097 21441 595 21207 566 4415 1 0 0 0 0 0 0 0 0 2 1 R 0
832 18117 18460 897 18520 844 3713 1 0 0 0 0 0 0 0 0 1 1 R 0
833 18139 21361 717 21382 698 4438 1 0 0 0 0 1 0 0 0 1 1 R 0
834 18161 21604 1071 20479 1027 6198 1 0 4 0 0 0 0 0 0 2 1 R 0
835 18181 19250 1491 19298 1438 3137 1 0 0 0 0 0 0 0 0 1 1 R 0
836 18200 16951 719 16985 683 3153 1 0 0 0 0 0 0 0 0 1 1 R 0
837 18226 24939 651 23324 612 4353 1 0 4 0 0 0 0 0 0 2 1 R 0
838 18246 19322 713 19374 684 3836 1 0 0 0 0 0 0 0 0 1 1 R 0
839 18268 21449 578 20397 543 5173 1 0 1 0 0 0 0 0 0 1 1 R 0
840 18293 24787 644 23498 599 6785 1 0 4 0 0 0 0 0 0 2 1 R 0
841 18314 20620 563 20645 536 3188 1 0 0 0 0 0 0 0 0 2 1 R 0
842 18334 19093 620 19119 591 3836 1 0 0 0 0 0 0 0 0 1 1 R 0
843 18358 23385 584 22241 554 4042 1 0 4 0 0 0 0 0 0 1 1 R 0
844 18378 19112 707 19141 672 4322 1 0 0 0 0 0 0 0 0 1 1 R 0
845 18399 20880 585 20916 553 3804 1 0 0 0 0 0 0 0 0 2 1 R 0
846 18419 19558 593 19590 558 4468 1 0 0 0 0 0 0 0 0 1 1 R 0
847 18446 26324 825 25348 774 6876 1 0 4 0 0 0 0 0 0 1 1 R 0
848 18467 19947 590 18905 563 5346 1 0 1 0 0 0 0 0 0 3 1 R 0
849 18488 20676 632 20708 603 4335 1 0 0 0 0 0 0 0 0 1 1 R 0
850 18510 20842 633 19745 590 6283 1 0 4 0 0 0 0 0 0 1 1 R 0
851 18531 20139 589 20167 560 3206 1 0 0 0 0 0 0 0 0 1 1 R 0
852 18551 19318 579 19348 546 3811 1 0 0 0 0 0 0 0 0 0 1 R 0
853 18574 23214 583 21600 550 3567 1 0 4 0 0 0 0 0 0 2 1 R 0
854 18593 18086 742 18153 678 3117 1 0 0 0 0 0 0 0 0 1 1 R 0
855 18618 23953 587 23979 557 6869 1 0 0 0 0 0 0 0 0 3 1 R 0
856 18640 22040 606 20938 576 4056 1 0 4 0 0 0 0 0 0 1 1 R 0
857 18664 22762 720 21082 667 3839 1 0 1 0 0 0 0 0 0 2 1 R 0
858 18684 19301 914 19382 840 3068 1 0 0 0 0 0 0 0 0 1 1 R 0
859 18707 22743 560 21406 535 3170 1 0 4 0 0 0 0 0 0 2 1 R 0
860 18726 17933 677 17972 656 3516 1 0 0 0 0 0 0 0 0 1 1 R 0
861 18748 21281 629 21308 595 4234 1 0 0 0 0 0 0 0 0 2 1 R 0
862 18767 19057 590 19076 558 4075 1 0 0 0 0 0 0 0 0 1 1 R 0
863 18793 24731 574 23032 543 5259 1 0 5 0 0 0 0 0 0 2 1 R 0
864 18811 17199 719 17260 663 3082 1 0 0 0 0 0 0 0 0 1 1 R 0
865 18834 22655 571 22673 544 3807 1 0 0 0 0 0 0 0 0 2 1 R 0
866 18857 22867 602 20505 570 4090 1 0 5 0 0 0 0 0 0 1 1 R 0
867 18878 20319 579 20353 551 3952 1 0 0 0 0 0 0 0 0 1 1 R 0
868 18897 17773 723 17835 656 3660 1 0 0 0 0 0 0 0 0 1 1 R 0
869 18921 23423 650 21978 599 3668 1 0 4 0 0 0 0 0 0 2 1 R 0
870 18944 22159 629 22173 611 6706 1 0 0 0 0 0 0 0 0 2 1 R 0
871 18966 21513 578 21534 549 3832 1 0 0 0 0 0 0 0 0 1 1 R 0
872 18987 20771 748 19692 702 3148 1 0 4 0 0 0 0 0 0 1 1 R 0
873 19008 20121 783 20162 742 3580 1 0 0 0 0 0 0 0 0 2 1 R 0
874 19028 19119 665 18551 646 3648 1 0 1 0 0 0 0 0 0 2 1 R 0
875 19050 21052 594 21063 563 4371 1 0 0 0 0 0 0 0 0 1 1 R 0
876 19073 23010 574 20490 540 3789 1 0 3 0 0 0 0 0 0 1 1 R 0
877 19094 20397 561 20427 531 3026 1 0 0 0 0 0 0 0 0 2 1 R 0
878 19114 19188 569 19217 543 3845 1 0 0 0 0 0 0 0 0 1 1 R 0
879 19137 22731 592 21074 554 3813 1 0 4 0 0 0 0 0 0 1 1 R 0
880 19157 19201 585 19230 556 4337 1 0 0 0 0 0 0 0 0 1 1 R 0
881 19180 22317 598 22351 562 3865 1 0 0 0 0 0 0 0 0 2 1 R 0
882 19203 22837 590 21518 561 3221 1 0 4 0 0 0 0 0 0 1 1 R 0
883 19224 20090 760 20170 681 3056 1 0 0 0 0 0 0 0 0 3 1 R 0
884 19244 19174 741 19263 656 3341 1 0 0 0 0 0 0 0 0 1 1 R 0
885 19272 27737 731 25226 700 8306 1 0 5 0 0 0 0 0 0 1 1 R 0
886 19290 17081 723 17111 690 3187 1 0 0 0 0 0 0 0 0 2 1 R 0
887 19312 20571 1295 20633 1264 3090 1 0 0 0 0 0 0 0 0 2 1 R 0
888 19330 17166 720 17174 687 3070 1 0 0 0 0 0 0 0 0 1 1 R 0
889 19356 24966 692 23195 677 4422 1 0 4 0 0 0 0 0 0 2 1 R 0
890 19375 18967 584 18984 550 4314 1 0 0 0 0 0 0 0 0 1 1 R 0
891 19395 19502 698 19565 647 3066 1 0 0 0 0 0 0 0 0 1 1 R 0
892 19418 21979 591 20979 561 3082 1 0 4 0 0 0 0 0 0 2 1 R 0
893 19440 21643 616 21671 577 4404 1 0 0 0 0 0 0 0 0 1 1 R 0
894 19462 20643 998 19450 980 3860 1 0 1 0 0 0 0 0 0 1 1 R 0
895 19488 25093 703 23268 671 3630 1 0 4 0 0 0 0 0 0 2 1 R 0
896 19508 19225 796 19287 736 3912 1 0 0 0 0 0 0 0 0 2 1 R 0
897 19528 19084 677 19132 631 3520 1 0 0 0 0 0 0 0 0 0 1 R 0
898 19550 22112 693 21119 651 4211 1 0 4 0 0 0 0 0 0 2 1 R 0
899 19572 21430 646 21439 626 4038 1 0 0 0 0 0 0 0 0 1 1 R 0
900 19595 21630 646 21660 611 6806 1 0 0 0 0 0 0 0 0 1 1 R 0
901 19619 23581 578 21883 554 3425 1 0 4 0 0 0 0 0 0 3 1 R 0
902 19637 17454 710 17512 659 3666 1 0 0 0 0 0 0 0 0 1 1 R 0
903 19661 23347 573 22532 544 4185 1 0 1 0 0 0 0 0 0 1 1 R 0
904 19681 19109 601 19139 567 3892 1 0 0 0 0 0 0 0 0 1 1 R 0
905 19705 23550 619 22169 595 3394 1 0 4 0 0 0 0 0 0 2 1 R 0
906 19724 18458 697 18519 633 3062 1 0 0 0 0 0 0 0 0 1 1 R 0
907 19746 21460 588 21489 556 3069 1 0 0 0 0 0 0 0 0 2 1 R 0
908 19768 21300 586 19962 556 4528 1 0 4 0 0 0 0 0 0 2 1 R 0
909 19789 20489 693 20514 668 4452 1 0 0 0 0 0 0 0 0 1 1 R 0
910 19808 18169 1194 18212 1153 3679 1 0 0 0 0 0 0 0 0 0 1 R 0
911 19831 22257 1339 20671 1319 3485 1 0 4 0 0 0 0 0 0 2 1 R 0
912 19850 17170 703 17218 656 3680 1 0 0 0 0 0 0 0 0 2 1 R 0
913 19875 24080 1212 23003 1190 4055 1 0 1 0 0 1 0 0 0 1 1 R 0
914 19898 22438 593 21063 560 3533 1 0 4 0 0 0 0 0 0 1 1 R 0
915 19923 24059 570 24083 537 7210 1 0 0 0 0 0 0 0 0 2 1 R 0
916 19941 17598 1286 17665 1246 3253 1 0 0 0 0 0 0 0 0 1 1 R 0
917 19966 23638 647 22856 622 3237 1 0 4 0 0 0 0 0 0 2 1 R 0
918 19987 20663 648 19722 620 4404 1 0 1 0 0 0 0 0 0 1 1 R 0
919 20009 20667 589 20696 558 3689 1 0 0 0 0 0 0 0 0 2 1 R 0
920 20027 17572 700 17629 656 3766 1 0 0 0 0 0 0 0 0 1 1 R 0
921 20052 24813 594 23856 563 7005 1 0 4 0 0 0 0 0 0 2 1 R 0
922 20074 21200 623 20170 592 3988 1 0 1 0 0 0 0 0 0 1 1 R 0
923 20095 20291 588 20316 560 3851 1 0 0 0 0 0 0 0 0 1 1 R 0
924 20117 21213 582 20059 550 3056 1 0 4 0 0 0 0 0 0 2 1 R 0
925 20137 19504 875 19543 847 3556 1 0 0 0 0 0 0 0 0 1 1 R 0
926 20159 20806 599 20487 566 4702 1 0 1 0 0 1 0 0 0 2 1 R 0
927 20182 22458 986 21634 574 4295 1 0 4 0 0 0 0 0 0 2 1 R 0
928 20201 18337 1271 18385 1230 3335 1 0 0 0 0 0 0 0 0 1 1 R 0
929 20222 19213 1601 19248 1572 3352 1 0 0 0 0 0 0 0 0 1 1 R 0
930 20247 24162 588 22924 554 6160 1 0 4 0 0 0 0 0 0 2 1 R 0
931 20270 22031 590 20382 558 4393 1 0 1 0 0 0 0 0 0 1 1 R 0
932 20290 19362 595 19391 568 3875 1 0 0 0 0 0 0 0 0 1 1 R 0
933 20311 20664 583 20693 549 3608 1 0 0 0 0 0 0 0 0 2 1 R 0
934 20333 21560 564 19972 537 3608 1 0 4 0 0 0 0 0 0 1 1 R 0
935 20354 19820 845 19884 802 3152 1 0 0 0 0 0 0 0 0 2 1 R 0
936 20374 19412 596 19421 569 3840 1 0 0 0 0 0 0 0 0 1 1 R 0
937 20397 22855 622 21223 581 3837 1 0 4 0 0 0 0 0 0 1 1 R 0
938 20415 17306 686 17346 659 3610 1 0 0 0 0 0 0 0 0 2 1 R 0
939 20437 21153 795 21209 728 4996 1 0 0 0 0 0 0 0 0 2 1 R 0
940 20460 21778 851 20094 770 3561 1 0 4 0 0 0 0 0 0 2 1 R 0
941 20483 22396 573 21453 550 3829 1 0 1 0 0 0 0 0 0 0 1 R 0
942 20503 19944 563 19966 534 3872 1 0 0 0 0 0 0 0 0 2 1 R 0
943 20527 22722 677 21876 651 3105 1 0 4 0 0 0 0 0 0 2 1 R 0
944 20545 17943 710 18000 663 3652 1 0 0 0 0 0 0 0 0 1 1 R 0
945 20570 23855 592 23870 566 7429 1 0 0 0 0 0 0 0 0 2 1 R 0
946 20590 19713 590 19734 563 3827 1 0 0 0 0 0 0 0 0 1 1 R 0
947 20615 24169 689 22799 640 4729 1 0 4 0 0 0 0 0 0 2 1 R 0
948 20634 18667 856 18721 816 3527 1 0 0 0 0 0 0 0 0 1 1 R 0
949 20655 19747 686 19772 656 3280 1 0 0 0 0 0 0 0 0 1 1 R 0
950 20679 22930 619 20715 581 3119 1 0 4 0 0 0 0 0 0 2 1 R 0
951 20700 20717 715 20772 664 4288 1 0 0 0 0 0 0 0 0 1 1 R 0
952 20720 18968 592 18997 556 4132 1 0 0 0 0 0 0 0 0 1 1 R 0
953 20744 23794 631 22549 596 3554 1 0 4 0 0 0 0 0 0 2 1 R 0
954 20761 16828 1542 16868 1526 3145 1 0 0 0 0 0 0 0 0 1 1 R 0
955 20785 21555 581 21560 546 4306 1 0 0 0 0 0 0 0 0 2 1 R 0
956 20807 21698 633 20712 606 4067 1 0 4 0 0 0 0 0 0 1 1 R 0
957 20827 19344 778 19382 733 3498 1 0 0 0 0 0 0 0 0 2 1 R 0
958 20846 17892 676 17931 640 3566 1 0 0 0 0 0 0 0 0 1 1 R 0
959 20869 22979 579 21913 549 4619 1 0 1 0 0 0 0 0 0 2 1 R 0
960 20894 24721 586 23797 560 12125 1 0 4 0 0 0 0 0 0 1 1 R 0
961 20916 21395 619 21418 591 3877 1 0 0 0 0 0 0 0 0 2 1 R 0
962 20935 18193 711 18238 684 3504 1 0 0 0 0 0 0 0 0 1 1 R 0
963 20959 22972 656 21782 616 3202 1 0 4 0 0 0 0 0 0 1 1 R 0
964 20979 19171 592 19193 561 4142 1 0 0 0 0 0 0 0 0 2 1 R 0
965 21000 20553 581 20582 552 4290 1 0 0 0 0 0 0 0 0 1 1 R 0
966 21025 24265 580 22582 547 3388 1 0 5 0 0 0 0 0 0 1 1 R 0
967 21047 21887 576 21921 540 3473 1 0 0 0 0 0 0 0 0 2 1 R 0
968 21066 17740 2090 17780 1003 3664 1 0 0 0 1 0 0 0 0 2 1 R 0
969 21090 22818 679 21464 628 3665 1 0 4 0 0 0 0 0 0 1 1 R 0
970 21111 19446 591 19469 561 3861 1 0 0 0 0 0 0 0 0 2 1 R 0
971 21131 19962 1178 20051 1100 3294 1 0 0 0 0 0 0 0 0 1 1 R 0
972 21150 17205 728 17255 668 3222 1 0 0 0 0 0 0 0 0 1 1 R 0
973 21174 23506 577 22230 550 3269 1 0 4 0 0 0 0 0 0 2 1 R 0
974 21195 20826 586 20853 558 3819 1 0 0 0 0 0 0 0 0 1 1 R 0
975 21221 25729 1266 23560 1258 12182 1 0 2 0 1 0 0 0 0 2 1 R 0
976 21244 21413 644 19488 606 3627 1 0 3 0 0 0 0 0 0 1 1 R 0
977 21265 20487 563 20514 534 3093 1 0 0 0 0 0 0 0 0 1 1 R 0
978 21287 20704 565 19698 536 4567 1 0 1 0 0 0 0 0 0 2 1 R 0
979 21310 22565 929 21411 901 6538 1 0 4 0 0 0 0 0 0 1 1 R 0
980 21330 19300 595 19327 554 3802 1 0 0 0 0 0 0 0 0 1 1 R 0
981 21351 20070 640 20107 610 3001 1 0 0 0 0 0 0 0 0 1 1 R 0
982 21373 22164 565 21231 534 3432 1 0 4 0 0 0 0 0 0 1 1 R 0
983 21395 20929 576 20959 548 3758 1 0 0 0 0 0 0 0 0 1 1 R 0
984 21416 20343 603 20123 573 3865 1 0 1 0 0 0 0 0 0 1 1 R 0
985 21440 23415 593 21710 565 4294 1 0 4 0 0 0 0 0 0 3 1 R 0
986 21459 18247 759 18303 706 3064 1 0 0 0 0 0 0 0 0 0 1 R 0
987 21482 22124 1253 21134 1182 3595 1 0 1 0 0 0 0 0 0 3 1 R 0
988 21501 17938 681 17968 638 3364 1 0 0 0 0 0 0 0 0 1 1 R 0
989 21526 24239 1261 22466 1243 6015 1 0 4 0 0 0 0 0 0 1 1 R 0
990 21550 22637 589 22657 561 7636 1 0 0 0 0 0 0 0 0 2 1 R 0
991 21570 19585 981 19674 911 3053 1 0 0 0 0 0 0 0 0 1 1 R 0
992 21594 22819 584 21748 558 4154 1 0 4 0 0 0 0 0 0 2 1 R 0
993 21615 20829 578 20859 544 3850 1 0 0 0 0 0 0 0 0 1 1 R 0
994 21635 19104 576 19135 544 3327 1 0 0 0 0 0 0 0 0 1 1 R 0
995 21659 23400 598 22236 564 3387 1 0 4 0 0 0 0 0 0 2 1 R 0
996 21679 19936 881 18963 811 4068 1 0 1 0 0 0 0 0 0 2 1 R 0
997 21701 20794 816 20823 788 3102 1 0 0 0 0 0 0 0 0 1 1 R 0
998 21724 21990 594 20947 555 4016 1 0 4 0 0 0 0 0 0 1 1 R 0
999 21750 25664 489 22353 457 3760 1 0 2 0 1 0 0 0 0 2 1 S 0
1000 21779 28658 539 17305 486 5296 1 0 3 0 0 0 0 0 0 0 1 R 1
1001 21818 38066 602 20854 570 26434 1 2 0 0 0 0 0 0 0 3 1 R 0
1002 21837 18464 630 18487 604 4112 1 0 0 0 0 0 0 0 0 1 1 R 0
1003 21860 22492 757 21442 690 3675 1 0 4 0 0 0 0 0 0 1 1 R 0
1004 21880 19284 589 18159 556 3064 1 0 1 0 0 0 0 0 0 2 1 R 0
1005 21905 24729 576 24759 548 7516 1 0 0 0 0 0 0 0 0 1 1 R 0
1006 21927 21302 705 20361 674 3869 1 0 4 0 0 0 0 0 0 1 1 R 0
1007 21948 20529 635 20546 601 4303 1 0 0 0 0 0 0 0 0 2 1 R 0
1008 21967 18503 708 18550 662 3975 1 0 0 0 0 0 0 0 0 1 1 R 0
1009 21995 27006 564 25255 539 3729 1 0 5 0 0 0 0 0 0 2 1 R 0
1010 22015 19228 592 19257 574 3814 1 0 0 0 0 0 0 0 0 1 1 R 0
1011 22037 21369 1379 21385 1370 3902 1 0 0 0 0 0 0 0 0 1 1 R 0
1012 22057 18418 779 18439 732 3684 1 0 0 0 0 0 0 0 0 2 1 R 0
1013 22084 26022 572 23679 541 6631 1 0 5 0 0 0 0 0 0 2 1 R 0
1014 22103 18672 540 18692 522 3209 1 0 0 0 0 0 0 0 0 1 1 R 0
1015 22124 20507 1195 20535 1174 4107 1 0 0 0 0 1 0 0 0 1 1 R 0
1016 22147 22221 593 20909 562 3645 1 0 4 0 0 0 0 0 0 2 1 R 0
1017 22168 20562 582 20590 551 3700 1 0 0 0 0 0 0 0 0 1 1 R 0
1018 22186 17272 775 17345 707 3675 1 0 0 0 0 0 0 0 0 2 1 R 0
1019 22213 25595 623 23556 591 4342 1 0 4 0 0 1 0 0 0 2 1 R 0
1020 22235 22132 586 22159 555 8410 1 0 0 0 0 0 0 0 0 1 1 R 0
1021 22257 20591 573 20626 534 3889 1 0 0 0 0 0 0 0 0 1 1 R 0
1022 22280 22679 713 20104 682 3965 1 0 4 0 0 0 0 0 0 2 1 R 0
1023 22300 19456 719 19514 683 3043 1 0 0 0 0 0 0 0 0 2 1 R 0
1024 22320 19549 605 19566 563 3952 1 0 0 0 0 0 0 0 0 1 1 R 0
1025 22342 20718 1110 20749 1100 3856 1 0 0 0 2 0 0 0 0 1 1 R 0
1026 22364 21737 576 20201 545 3264 1 0 2 0 0 0 0 0 0 2 1 R 0
1027 22386 20542 620 20574 594 3149 1 0 0 0 0 0 0 0 0 1 1 R 0
1028 22404 18006 737 18056 686 3286 1 0 0 0 0 0 0 0 0 1 1 R 0
1029 22429 24214 594 22966 564 3823 1 0 4 0 0 0 0 0 0 2 1 R 0
1030 22449 19483 589 19505 559 4288 1 0 0 0 0 0 0 0 0 1 1 R 0
1031 22469 19524 720 19576 678 3854 1 0 0 0 0 0 0 0 0 1 1 R 0
1032 22493 22928 582 20927 555 4673 1 0 5 0 0 0 0 0 0 2 1 R 0
1033 22514 20054 689 20094 644 3079 1 0 0 0 0 0 0 0 0 2 1 R 0
1034 22534 19291 583 19319 554 3823 1 0 0 0 0 0 0 0 0 1 1 R 0
1035 22561 26843 609 25565 576 7394 1 0 4 0 0 0 0 0 0 1 1 R 0
1036 22580 18654 700 18692 657 3744 1 0 0 0 0 0 0 0 0 2 1 R 0
1037 22603 21616 942 21660 907 3820 1 0 0 0 0 0 0 0 0 1 1 R 0
1038 22621 17276 710 17309 672 3340 1 0 0 0 0 0 0 0 0 2 1 R 0
1039 22646 24482 593 22059 563 5542 1 0 4 0 0 0 0 0 0 1 1 R 0
1040 22666 19617 583 19647 548 4007 1 0 0 0 0 0 0 0 0 2 1 R 0
1041 22688 21348 581 20424 546 3895 1 0 1 0 0 0 0 0 0 1 1 R 0
1042 22710 21590 594 20657 563 6708 1 0 4 0 0 0 0 0 0 1 1 R 0
1043 22731 20428 980 20460 955 3313 1 0 0 0 0 0 0 0 0 2 1 R 0
1044 22751 18773 653 18808 611 3919 1 0 0 0 0 0 0 0 0 1 1 R 0
1045 22775 23391 581 22372 546 3237 1 0 4 0 0 0 0 0 0 2 1 R 0
1046 22794 18067 687 18121 630 3062 1 0 0 0 0 0 0 0 0 1 1 R 0
1047 22816 21327 584 21360 555 3236 1 0 0 0 0 0 0 0 0 1 1 R 0
1048 22838 21790 590 20900 563 4292 1 0 4 0 0 0 0 0 0 2 1 R 0
1049 22860 20966 717 20994 683 4252 1 0 0 0 0 0 0 0 0 1 1 R 0
1050 22884 23083 623 22055 597 6003 1 0 1 0 0 0 0 0 0 1 1 R 0
1051 22907 22775 570 21533 540 3309 1 0 4 0 0 0 0 0 0 2 1 R 0
1052 22926 19018 593 19046 564 4320 1 0 0 0 0 0 0 0 0 1 1 R 0
1053 22948 20942 798 20972 778 4407 1 0 0 0 0 0 0 0 0 2 1 R 0
1054 22968 18813 680 18849 636 4144 1 0 0 0 0 0 0 0 0 1 1 R 0
1055 22991 22963 1006 21812 991 5818 1 0 4 0 0 0 0 0 0 2 1 R 0
1056 23010 17252 687 17286 643 3045 1 0 0 0 0 0 0 0 0 1 1 R 0
1057 23034 23434 577 22424 541 4195 1 0 1 0 0 0 0 0 0 2 1 R 0
1058 23056 21823 599 20330 567 4034 1 0 4 0 0 0 0 0 0 1 1 R 0
1059 23079 22670 549 21804 529 3947 1 0 1 0 0 0 0 0 0 1 1 R 0
1060 23098 17794 778 17851 734 3124 1 0 0 0 0 0 0 0 0 2 1 R 0
1061 23123 24815 698 23081 638 4308 1 0 4 0 0 0 0 0 0 2 1 R 0
1062 23143 18861 578 18888 547 3880 1 0 0 0 0 0 0 0 0 1 1 R 0
1063 23165 21241 576 21269 543 3835 1 0 0 0 0 0 0 0 0 1 1 R 0
1064 23184 18434 2940 18478 1623 3182 1 0 1 0 3 0 0 0 0 2 1 R 0
1065 23210 23423 580 23432 549 6523 1 0 0 0 0 0 0 0 0 2 1 R 0
1066 23229 18816 585 18847 555 3297 1 0 0 0 0 0 0 0 0 1 1 R 0
1067 23251 20770 590 20797 561 4381 1 0 0 0 0 0 0 0 0 1 1 R 0
1068 23274 22719 587 20856 557 4664 1 0 4 0 0 0 0 0 0 2 1 R 0
1069 23297 22114 583 21147 556 4416 1 0 1 0 0 0 0 0 0 1 1 R 0
1070 23315 17790 691 17823 669 3545 1 0 0 0 0 0 0 0 0 2 1 R 0
1071 23340 24608 604 23254 566 5543 1 0 4 0 0 0 0 0 0 1 1 R 0
1072 23360 19336 634 19374 597 3848 1 0 0 0 0 0 0 0 0 1 1 R 0
1073 23381 20381 969 20416 942 3774 1 0 0 0 0 0 0 0 0 2 1 R 0
1074 23404 21114 637 20040 608 3716 1 0 4 0 0 0 0 0 0 1 1 R 0
1075 23424 19984 685 20029 637 3258 1 0 0 0 0 0 0 0 0 1 1 R 0
1076 23444 19322 588 19353 556 3769 1 0 0 0 0 0 0 0 0 2 1 R 0
1077 23468 23569 594 22848 563 3843 1 0 4 0 0 0 0 0 0 1 1 R 0
1078 23488 19348 758 18417 709 3758 1 0 1 0 0 0 0 0 0 1 1 R 0
1079 23509 19709 694 19763 634 3395 1 0 0 0 0 0 0 0 0 2 1 R 0
1080 23531 21108 709 21153 670 6326 1 0 0 0 0 0 0 0 0 2 1 R 0
1081 23556 25028 591 23090 563 4349 1 0 4 0 0 0 0 0 0 2 1 R 0
1082 23577 20183 674 20233 622 4286 1 0 0 0 0 0 0 0 0 1 1 R 0
1083 23598 20288 623 20318 594 3598 1 0 0 0 0 0 0 0 0 1 1 R 0
1084 23618 19712 680 18863 612 4836 1 0 4 0 0 0 0 0 0 2 1 R 0
1085 23640 21382 585 21416 551 3569 1 0 0 0 0 0 0 0 0 1 1 R 0
1086 23660 19179 604 19213 573 3815 1 0 0 0 0 0 0 0 0 2 1 R 0
1087 23686 25323 615 22189 591 3618 1 0 5 0 0 0 0 0 0 1 1 R 0
1088 23706 19575 569 19594 544 4449 1 0 0 0 0 0 0 0 0 1 1 R 0
1089 23726 19565 847 19617 808 3088 1 0 0 0 0 0 0 0 0 2 1 R 0
1090 23749 21918 765 20356 713 3573 1 0 4 0 0 0 0 0 0 1 1 R 0
1091 23771 20566 583 20594 546 4205 1 0 0 0 0 0 0 0 0 1 1 R 0
1092 23791 19788 609 19829 575 3823 1 0 0 0 0 0 0 0 0 2 1 R 0
1093 23813 21643 1499 21670 890 3716 1 0 1 0 3 0 0 0 0 1 1 R 0
1094 23834 19284 844 19014 784 3294 1 0 0 0 0 0 0 0 0 2 1 R 0
1095 23859 23866 635 23874 608 8542 1 0 0 0 0 0 0 0 0 1 1 R 0
1096 23879 19412 578 19443 545 4296 1 0 0 0 0 0 0 0 0 1 1 R 0
1097 23903 23488 663 21577 640 6695 1 0 5 0 0 0 0 0 0 2 1 R 0
1098 23921 17151 783 17231 720 3272 1 0 0 0 0 0 0 0 0 2 1 R 0
1099 23943 21497 735 21530 682 3463 1 0 0 0 0 0 0 0 0 1 1 R 0
1100 23965 21453 639 19583 608 3831 1 0 4 0 0 0 0 0 0 1 1 R 0
1101 23988 21867 579 21274 555 3882 1 0 1 0 0 0 0 0 0 1 1 R 0
1102 24007 19371 866 19487 751 3493 1 0 0 0 0 0 0 0 0 2 1 R 0
1103 24031 22419 600 20811 564 3725 1 0 4 0 0 0 0 0 0 2 1 R 0
1104 24051 19599 584 19628 553 3688 1 0 0 0 0 0 0 0 0 2 1 R 0
1105 24073 21015 698 21130 579 4078 1 0 0 0 0 0 0 0 0 1 1 R 0
1106 24099 25345 619 22753 596 3320 1 0 5 0 0 0 0 0 0 1 1 R 0
1107 24120 20821 753 20904 665 4044 1 0 0 0 0 0 0 0 0 2 1 R 0
1108 24139 18348 1088 18426 1041 3168 1 0 0 0 0 0 0 0 0 2 1 R 0
1109 24161 20368 656 20433 553 3091 1 0 0 0 0 0 0 0 0 2 1 R 0
1110 24186 25033 651 23449 623 11286 1 0 4 0 0 0 0 0 0 0 1 R 0
1111 24207 19842 666 19887 630 3794 1 0 0 0 0 0 0 0 0 2 1 R 0
1112 24226 18549 768 18581 735 3570 1 0 0 0 0 1 0 0 0 1 1 R 0
1113 24249 22418 646 21401 603 4736 1 0 4 0 0 0 0 0 0 2 1 R 0
1114 24269 19256 590 19285 561 4555 1 0 0 0 0 0 0 0 0 1 1 R 0
1115 24292 21819 1064 20831 1042 4404 1 0 1 0 0 0 0 0 0 1 1 R 0
1116 24315 22302 585 21194 551 3097 1 0 4 0 0 0 0 0 0 2 1 R 0
1117 24335 19699 1582 19733 1573 3001 1 0 0 0 0 1 0 0 0 2 1 R 0
1118 24357 19896 587 19899 557 4266 1 0 0 0 0 0 0 0 0 2 1 R 0
1119 24380 22848 727 21634 666 4323 1 0 4 0 0 0 0 0 0 1 1 R 0
1120 24400 19036 589 19064 557 3237 1 0 0 0 0 0 0 0 0 1 1 R 0
1121 24421 20268 567 20298 535 3133 1 0 0 0 0 0 0 0 0 1 1 R 0
1122 24438 17211 1633 17310 1553 3178 1 0 0 0 0 0 0 0 0 2 1 R 0
1123 24464 24147 639 23085 613 6390 1 0 4 0 0 0 0 0 0 1 1 R 0
1124 24484 19272 790 19297 894 3882 1 0 0 0 0 0 0 0 0 1 1 R 0
1125 24511 25598 586 23897 554 7630 1 0 1 0 0 0 0 0 0 2 1 R 0
1126 24536 24446 570 21388 543 3430 1 0 5 0 0 0 0 0 0 1 1 R 0
1127 24558 22307 604 22338 572 4582 1 0 0 0 0 0 0 0 0 2 1 R 0
1128 24578 19105 661 19144 628 4521 1 0 0 0 0 0 0 0 0 1 1 R 0
1129 24602 23378 843 22205 811 6318 1 0 4 0 0 0 0 0 0 1 1 R 0
1130 24621 17574 781 17640 713 3239 1 0 0 0 0 0 0 0 0 2 1 R 0
1131 24643 21990 554 22013 531 3072 1 0 0 0 0 0 0 0 0 1 1 R 0
1132 24665 21465 718 20626 646 3112 1 0 4 0 0 0 0 0 0 3 1 R 0
1133 24687 20772 1820 20796 950 3854 1 0 1 0 0 0 0 0 0 1 1 R 0
1134 24709 20183 703 20229 646 3903 1 0 0 0 0 0 0 0 0 0 1 R 0
1135 24732 22697 598 21079 557 3514 1 0 4 0 0 0 0 0 0 3 1 R 0
1136 24750 17011 777 17076 710 3097 1 0 0 0 0 0 0 0 0 2 1 R 0
1137 24773 22487 555 22513 529 4429 1 0 0 0 0 0 0 0 0 1 1 R 0
1138 24796 22022 581 21168 555 3854 1 0 4 0 0 0 0 0 0 1 1 R 0
1139 24817 20492 572 20520 542 4159 1 0 0 0 0 0 0 0 0 2 1 R 0
1140 24839 21736 702 21767 682 6871 1 0 0 0 0 0 0 0 0 2 1 R 0
1141 24859 19445 741 19498 684 3539 1 0 0 0 0 0 0 0 0 1 1 R 0
1142 24882 21650 962 20412 945 3847 1 0 4 0 0 0 0 0 0 1 1 R 0
1143 24905 21956 613 20895 582 5407 1 0 1 0 0 0 0 0 0 1 1 R 0
1144 24924 18365 690 18432 638 3195 1 0 0 0 0 0 0 0 0 2 1 R 0
1145 24948 23383 592 22499 561 3438 1 0 4 0 0 0 0 0 0 1 1 R 0
1146 24969 20425 583 19950 560 4439 1 0 1 0 0 0 0 0 0 2 1 R 0
1147 24990 20517 587 20540 562 4522 1 0 0 0 0 0 0 0 0 1 1 R 0
1148 25013 22679 642 20607 607 3873 1 0 4 0 0 0 0 0 0 1 1 R 0
1149 25035 21751 634 21408 598 3066 1 0 1 0 0 0 0 0 0 2 1 R 0
1150 25054 17532 858 17615 778 3338 1 0 0 0 0 0 0 0 0 1 1 R 0
1151 25078 23451 633 22213 587 3525 1 0 4 0 0 0 0 0 0 1 1 R 0
1152 25099 20439 991 19389 919 4531 1 0 1 0 0 0 0 0 0 1 1 R 0
1153 25121 21203 873 21232 854 3993 1 0 0 0 0 0 0 0 0 2 1 R 0
1154 25140 18218 681 18264 629 3717 1 0 0 0 0 0 0 0 0 1 1 R 0
1155 25168 26795 621 25609 597 6619 1 0 4 0 0 0 0 0 0 2 1 R 0
1156 25188 19752 593 19369 561 4430 1 0 1 0 0 0 0 0 0 1 1 R 0
1157 25210 21305 591 21337 558 4242 1 0 0 0 0 0 0 0 0 2 1 R 0
1158 25231 20171 713 19251 675 5239 1 0 4 0 0 0 0 0 0 2 1 R 0
1159 25251 19322 872 19370 825 3240 1 0 0 0 0 0 0 0 0 1 1 R 0
1160 25270 18280 713 18318 675 3592 1 0 0 0 0 0 0 0 0 2 1 R 0
1161 25296 25747 584 23183 553 3844 1 0 5 0 0 0 0 0 0 2 1 R 0
1162 25316 19103 583 19133 552 4317 1 0 0 0 0 0 0 0 0 1 1 R 0
1163 25336 19612 851 19659 814 3034 1 0 0 0 0 0 0 0 0 1 1 R 0
1164 25358 21097 782 19682 711 3630 1 0 4 0 0 0 0 0 0 2 1 R 0
1165 25380 20443 651 20544 548 3539 1 0 0 0 0 0 0 0 0 2 1 R 0
1166 25400 19452 588 19485 560 3770 1 0 0 0 0 0 0 0 0 1 1 R 0
1167 25421 21072 1100 21098 1086 4091 1 0 0 0 1 0 0 0 0 1 1 R 0
1168 25444 21282 598 19789 576 3206 1 0 3 0 0 0 0 0 0 1 1 R 0
1169 25464 19642 766 19706 713 3028 1 0 0 0 0 0 0 0 0 2 1 R 0
1170 25486 21037 575 21048 552 6360 1 0 0 0 0 0 0 0 0 2 1 R 0
1171 25510 24168 608 21152 576 5979 1 0 5 0 0 0 0 0 0 1 1 R 0
1172 25530 18646 762 18729 687 3800 1 0 0 0 0 0 0 0 0 1 1 R 0
1173 25551 20912 1045 20973 977 3446 1 0 0 0 0 0 0 0 0 1 1 R 0
1174 25573 20689 763 19659 736 3273 1 0 4 0 0 0 0 0 0 2 1 R 0
1175 25595 21280 595 21301 559 3811 1 0 0 0 0 0 0 0 0 2 1 R 0
1176 25615 19042 594 19074 562 3856 1 0 0 0 0 0 0 0 0 1 1 R 0
1177 25639 23690 688 22716 663 3806 1 0 4 0 0 0 0 0 0 1 1 R 0
1178 25657 17485 744 17524 700 3466 1 0 0 0 0 0 0 0 0 2 1 R 0
1179 25678 20070 796 20165 701 4293 1 0 0 0 0 0 0 0 0 2 1 R 0
1180 25700 20858 586 19310 555 3616 1 0 1 0 0 0 0 0 0 1 1 R 0
1181 25724 23755 571 22414 545 5312 1 0 4 0 0 0 0 0 0 1 1 R 0
1182 25742 17023 1406 17066 1387 3171 1 0 0 0 0 0 0 0 0 1 1 R 0
1183 25764 20424 759 20453 716 3465 1 0 0 0 0 0 0 0 0 3 1 R 0
1184 25787 22605 598 21282 561 3096 1 0 4 0 0 0 0 0 0 1 1 R 0
1185 25811 23356 586 23387 550 8475 1 0 0 0 0 0 0 0 0 1 1 R 0
1186 25830 18915 596 18949 563 3998 1 0 0 0 0 0 0 0 0 1 1 R 0
1187 25854 23476 579 22102 546 3084 1 0 4 0 0 0 0 0 0 2 1 R 0
1188 25873 18191 685 18236 639 3099 1 0 0 0 0 0 0 0 0 1 1 R 0
1189 25894 20447 2035 20508 905 3200 1 0 0 0 1 0 0 0 0 2 1 R 0
1190 25919 22254 786 21560 705 4342 1 0 4 0 0 0 0 0 0 1 1 R 0
1191 25941 21170 587 21194 555 4270 1 0 0 0 0 0 0 0 0 2 1 R 0
1192 25960 18539 699 18612 634 3781 1 0 0 0 0 0 0 0 0 1 1 R 0
1193 25980 19584 724 19626 681 3170 1 0 0 0 0 0 0 0 0 2 1 R 0
1194 26003 22230 570 20556 553 4865 1 0 4 0 0 0 0 0 0 1 1 R 0
1195 26025 21170 571 21192 539 4092 1 0 0 0 0 0 0 0 0 2 1 R 0
1196 26046 20881 579 20912 547 3856 1 0 0 0 0 0 0 0 0 1 1 R 0
1197 26070 23017 597 21969 567 3296 1 0 4 0 0 0 0 0 0 1 1 R 0
1198 26089 19159 587 19185 556 3833 1 0 0 0 0 0 0 0 0 1 1 R 0
1199 26113 22884 578 21910 551 3368 1 0 1 0 0 0 0 0 0 2 1 R 0
1200 26138 24306 656 22514 589 11783 1 0 4 0 0 0 0 0 0 1 1 R 0
1201 26159 20511 588 20540 555 3493 1 0 0 0 0 0 0 0 0 2 1 R 0
1202 26177 17840 686 17887 644 3713 1 0 0 0 0 0 0 0 0 1 1 R 0
1203 26201 23324 1001 21853 974 4214 1 0 4 0 0 0 0 0 0 2 1 R 0
1204 26221 18552 593 18574 564 4072 1 0 0 0 0 0 0 0 0 2 1 R 0
1205 26247 25229 721 23876 698 3335 1 0 1 0 0 1 0 0 0 0 1 R 0
1206 26286 38819 1437 27249 1153 9688 1 0 12 0 0 0 0 0 0 2 1 R 0
1207 26313 25712 587 24600 566 8246 1 0 1 0 0 0 0 0 0 2 1 R 0
1208 26336 21665 589 20920 557 3910 1 0 4 0 0 0 0 0 0 1 1 R 0
1209 26356 19861 677 19900 644 3240 1 0 0 0 0 0 0 0 0 3 1 R 0
1210 26376 18733 784 18827 692 3659 1 0 0 0 0 0 0 0 0 1 1 R 0
1211 26397 20425 591 20446 558 3033 1 0 0 0 0 0 0 0 0 1 1 R 0
1212 26419 21626 594 20554 561 4076 1 0 4 0 0 0 0 0 0 2 1 R 0
1213 26440 20643 589 20674 554 4384 1 0 0 0 0 0 0 0 0 1 1 R 0
1214 26460 18811 697 18868 659 3102 1 0 0 0 0 0 0 0 0 1 1 R 0
1215 26488 27486 608 25238 572 6300 1 0 6 0 0 0 0 0 0 2 1 R 0
1216 26509 20330 700 19422 647 3687 1 0 1 0 0 0 0 0 0 2 1 R 0
1217 26531 21086 587 21116 556 3916 1 0 0 0 0 0 0 0 0 1 1 R 0
1218 26553 22197 573 20836 536 3127 1 0 4 0 0 0 0 0 0 2 1 R 0
1219 26575 20682 614 20715 584 3346 1 0 0 0 0 0 0 0 0 1 1 R 0
1220 26595 19641 1208 19669 1183 3833 1 0 0 0 0 1 0 0 0 1 1 R 0
1221 26619 22844 591 21423 563 3484 1 0 4 0 0 0 0 0 0 2 1 R 0
1222 26639 18972 599 19006 559 4563 1 0 0 0 0 0 0 0 0 1 1 R 0
1223 26660 20789 679 20848 633 4185 1 0 0 0 0 0 0 0 0 1 1 R 0
1224 26678 17852 723 17906 658 3407 1 0 0 0 0 0 0 0 0 2 1 R 0
1225 26703 24291 572 22111 542 5527 1 0 5 0 0 0 0 0 0 2 1 R 0
1226 26723 19262 570 19290 536 4066 1 0 0 0 0 0 0 0 0 1 1 R 0
1227 26745 20852 583 20887 550 3824 1 0 0 0 0 0 0 0 0 1 1 R 0
1228 26767 21338 651 20222 619 3164 1 0 4 0 0 0 0 0 0 1 1 R 0
1229 26787 19355 695 19413 629 3490 1 0 0 0 0 0 0 0 0 2 1 R 0
1230 26809 22075 624 22110 589 6511 1 0 0 0 0 0 0 0 0 2 1 R 0
1231 26833 23092 619 21861 589 4290 1 0 4 0 0 0 0 0 0 1 1 R 0
1232 26853 19218 684 19273 625 4098 1 0 0 0 0 0 0 0 0 1 1 R 0
1233 26875 21145 584 21179 548 3217 1 0 0 0 0 0 0 0 0 2 1 R 0
1234 26897 21624 727 20280 654 3083 1 0 4 0 0 0 0 0 0 1 1 R 0
1235 26919 20871 683 19849 660 4736 1 0 1 0 0 0 0 0 0 2 1 R 0
1236 26939 19416 933 19467 872 4555 1 0 0 0 0 0 0 0 0 1 1 R 0
1237 26960 20805 578 20823 553 3886 1 0 0 0 0 0 0 0 0 1 1 R 0
1238 26983 21618 566 20443 544 4335 1 0 4 0 0 0 0 0 0 2 1 R 0
1239 27004 21154 908 21231 837 3122 1 0 0 0 0 0 0 0 0 1 1 R 0
1240 27028 22715 731 22039 709 3801 1 0 1 0 0 0 0 0 0 2 1 R 0
1241 27053 23797 636 22796 605 6455 1 0 4 0 0 0 0 0 0 2 1 R 0
1242 27072 18427 1540 18484 1524 4221 1 0 0 0 0 0 0 0 0 1 1 R 0
1243 27095 21871 565 21856 537 3207 1 0 0 0 0 0 0 0 0 2 1 R 0
1244 27118 22228 584 19716 551 3117 1 0 4 0 0 0 0 0 0 1 1 R 0
1245 27143 24655 574 24680 545 8136 1 0 0 0 0 0 0 0 0 2 1 R 0
1246 27163 19132 581 19159 553 3578 1 0 0 0 0 0 0 0 0 1 1 R 0
1247 27187 23274 658 21895 618 3406 1 0 4 0 0 0 0 0 0 2 1 R 0
1248 27205 17636 722 17695 657 3763 1 0 0 0 0 0 0 0 0 1 1 R 0
1249 27228 22048 600 22087 565 3580 1 0 0 0 0 0 0 0 0 2 1 R 0
1250 27250 21519 819 20376 737 4305 1 0 4 0 0 0 0 0 0 1 1 R 0
1251 27274 22985 553 21876 518 3868 1 0 1 0 0 0 0 0 0 1 1 R 0
1252 27294 19672 628 19725 575 3846 1 0 0 0 0 0 0 0 0 1 1 R 0
1253 27318 23698 592 21376 561 3011 1 0 5 0 0 0 0 0 0 3 1 R 0
1254 27338 19079 584 19111 553 4347 1 0 0 0 0 0 0 0 0 1 1 R 0
1255 27359 20788 602 20821 567 4404 1 0 0 0 0 0 0 0 0 1 1 R 0
1256 27379 18858 689 18909 649 3690 1 0 0 0 0 0 0 0 0 2 1 R 0
1257 27401 22058 1079 21185 1061 5394 1 0 4 0 0 0 0 0 0 1 1 R 0
1258 27420 17255 710 17284 680 3448 1 0 0 0 0 0 0 0 0 2 1 R 0
1259 27443 22467 563 22481 534 3834 1 0 0 0 0 0 0 0 0 1 1 R 0
1260 27467 23906 602 22258 569 11317 1 0 4 0 0 0 0 0 0 1 1 R 0
1261 27488 20131 807 20261 677 3598 1 0 0 0 0 0 0 0 0 1 1 R 0
1262 27509 20042 776 18630 730 3517 1 0 1 0 0 0 0 0 0 2 1 R 0
1263 27533 23199 579 21777 553 3170 1 0 4 0 0 0 0 0 0 2 1 R 0
1264 27553 19243 580 19268 548 3884 1 0 0 0 0 0 0 0 0 1 1 R 0
1265 27574 20488 565 20517 532 3708 1 0 0 0 0 0 0 0 0 1 1 R 0
1266 27596 22115 717 21369 691 3272 1 0 4 0 0 0 0 0 0 1 1 R 0
1267 27617 19461 674 19497 637 3517 1 0 0 0 0 0 0 0 0 2 1 R 0
1268 27637 19867 583 19891 553 4730 1 0 0 0 0 0 0 0 0 1 1 R 0
1269 27658 20618 596 20649 565 4322 1 0 0 0 0 0 0 0 0 1 1 R 0
1270 27681 21810 588 20773 555 6222 1 0 4 0 0 0 0 0 0 3 1 R 0
1271 27703 21202 603 21228 579 3552 1 0 0 0 0 0 0 0 0 1 1 R 0
1272 27723 19855 788 18872 732 4490 1 0 1 0 0 0 0 0 0 2 1 R 0
1273 27747 22798 600 21258 561 3820 1 0 4 0 0 0 0 0 0 1 1 R 0
1274 27767 19850 599 19881 571 4336 1 0 0 0 0 0 0 0 0 1 1 R 0
1275 27790 22731 612 22760 592 6878 1 0 0 0 0 0 0 0 0 2 1 R 0
1276 27813 21732 807 20756 759 3151 1 0 4 0 0 0 0 0 0 1 1 R 0
1277 27834 19914 772 19962 736 3145 1 0 0 0 0 0 0 0 0 2 1 R 0
1278 27854 19568 570 19575 549 3907 1 0 0 0 0 0 0 0 0 1 1 R 0
1279 27878 23103 720 22256 682 3821 1 0 4 0 0 0 0 0 0 1 1 R 0
1280 27896 18012 763 18062 726 3721 1 0 0 0 0 0 0 0 0 2 1 R 0
1281 27919 22032 586 21109 552 3350 1 0 1 0 0 0 0 0 0 1 1 R 0
1282 27939 19382 718 19411 693 3695 1 0 0 0 0 0 0 0 0 2 1 R 0
1283 27963 23020 773 21875 707 6547 1 0 4 0 0 0 0 0 0 1 1 R 0
1284 27981 17926 1413 18020 1330 3456 1 0 0 0 1 0 0 0 0 2 1 R 0
1285 28005 22094 564 21711 530 3308 1 0 0 0 0 0 0 0 0 1 1 R 0
1286 28027 21439 705 20414 675 3612 1 0 4 0 0 0 0 0 0 1 1 R 0
1287 28049 21049 593 21074 561 4339 1 0 0 0 0 0 0 0 0 1 1 R 0
1288 28068 18889 657 18923 633 4308 1 0 0 0 0 0 0 0 0 2 1 R 0
1289 28094 25069 689 23459 647 4089 1 0 4 0 0 0 0 0 0 1 1 R 0
1290 28118 23570 674 22121 619 7042 1 0 1 0 0 0 0 0 0 2 1 R 0
1291 28138 19554 708 19593 671 3927 1 0 0 0 0 0 0 0 0 1 1 R 0
1292 28161 22159 957 21138 936 4404 1 0 4 0 0 0 0 0 0 1 1 R 0
1293 28183 20930 589 20947 555 3883 1 0 0 0 0 0 0 0 0 2 1 R 0
1294 28203 18894 904 18947 868 3542 1 0 0 0 0 0 0 0 0 1 1 R 0
1295 28226 22470 751 21251 724 3238 1 0 4 0 0 0 0 0 0 2 1 R 0
1296 28246 19502 584 19544 538 3522 1 0 0 0 0 0 0 0 0 1 1 R 0
1297 28267 20359 587 20391 555 4398 1 0 0 0 0 0 0 0 0 1 1 R 0
1298 28288 20494 585 20523 549 4406 1 0 0 0 0 1 0 0 0 2 1 R 0
1299 28314 25519 612 23261 579 5749 1 0 5 0 0 0 0 0 0 2 1 R 0
1300 28333 18387 732 18462 659 3094 1 0 0 0 0 0 0 0 0 2 1 R 0
1301 28356 21633 695 21661 671 4213 1 0 0 0 0 0 0 0 0 1 1 R 0
1302 28378 22003 603 20891 573 6497 1 0 4 0 0 0 0 0 0 1 1 R 0
1303 28400 20472 581 20501 543 4261 1 0 0 0 0 0 0 0 0 2 1 R 0
1304 28418 18133 881 18202 819 3581 1 0 0 0 0 0 0 0 0 0 1 R 0
1305 28446 26553 590 25449 551 6535 1 0 4 0 0 0 0 0 0 2 1 R 0
1306 28466 19337 562 19364 538 3305 1 0 0 0 0 0 0 0 0 2 1 R 0
1307 28487 20908 592 20937 563 3794 1 0 0 0 0 0 0 0 0 2 1 R 0
1308 28510 22048 1946 20424 901 3492 1 0 4 0 1 0 0 0 0 1 1 R 0
1309 28531 19182 794 19218 719 3057 1 0 0 0 0 0 0 0 0 1 1 R 0
1310 28550 18368 889 18422 842 3215 1 0 0 0 0 0 0 0 0 2 1 R 0
1311 28571 20536 2891 20559 1883 4041 1 0 0 0 4 0 0 0 0 1 1 R 0
1312 28595 20202 719 20204 692 3836 1 0 0 0 0 0 0 0 0 1 1 R 0
1313 28616 20435 564 20456 539 3079 1 0 0 0 0 0 0 0 0 2 1 R 0
1314 28635 18295 713 18386 627 3068 1 0 0 0 0 0 0 0 0 1 1 R 0
1315 28658 23174 592 22298 565 3234 1 0 4 0 0 0 0 0 0 3 1 R 0
1316 28678 19402 593 19431 557 4510 1 0 0 0 0 0 0 0 0 1 1 R 0
1317 28700 20492 584 20524 548 4063 1 0 0 0 0 0 0 0 0 1 1 R 0
1318 28724 23574 593 20518 559 3203 1 0 4 0 0 0 0 0 0 2 1 R 0
1319 28745 20528 896 20608 822 3025 1 0 0 0 0 0 0 0 0 1 1 R 0
1320 28768 22420 592 22441 560 7935 1 0 0 0 0 0 0 0 0 1 1 R 0
1321 28793 23903 564 22864 538 4423 1 0 4 0 0 0 0 0 0 1 1 R 0
1322 28811 17642 711 17675 687 3114 1 0 0 0 0 0 0 0 0 2 1 R 0
1323 28832 20843 947 20887 895 3225 1 0 0 0 0 0 0 0 0 1 1 R 0
1324 28851 17763 3621 17836 2439 3214 1 0 0 0 2 0 0 0 0 2 1 R 0
1325 28876 21569 590 20769 557 3496 1 0 2 0 0 0 0 0 0 1 1 R 0
1326 28897 19612 580 19649 545 4215 1 0 0 0 0 0 0 0 0 2 1 R 0
1327 28919 21473 595 20454 566 3775 1 0 1 0 0 0 0 0 0 1 1 R 0
1328 28939 19441 723 18513 995 5519 1 0 4 0 0 0 0 0 0 2 1 R 0
1329 28959 20080 770 19810 730 3103 1 0 0 0 0 0 0 0 0 1 1 R 0
1330 28980 19659 585 19678 557 3545 1 0 0 0 0 0 0 0 0 2 1 R 0
1331 29004 23464 575 22111 541 3804 1 0 4 0 0 0 0 0 0 1 1 R 0
1332 29024 19519 699 19053 671 3120 1 0 1 0 0 0 0 0 0 1 1 R 0
1333 29046 21456 576 21477 545 3840 1 0 0 0 0 0 0 0 0 2 1 R 0
1334 29069 21805 585 20608 555 4318 1 0 4 0 0 0 0 0 0 1 1 R 0
1335 29094 24890 578 24915 551 8241 1 0 0 0 0 0 0 0 0 1 1 R 0
1336 29117 22843 561 21610 536 3945 1 0 1 0 0 0 0 0 0 2 1 R 0
1337 29141 22980 723 21868 672 4419 1 0 4 0 0 0 0 0 0 1 1 R 0
1338 29161 19018 594 19043 564 3849 1 0 0 0 0 0 0 0 0 1 1 R 0
1339 29182 21046 558 21065 536 3219 1 0 0 0 0 0 0 0 0 1 1 R 0
1340 29202 18697 2164 18730 1519 3853 1 0 0 0 4 0 0 0 0 1 1 R 0
1341 29226 21889 574 21500 540 3121 1 0 0 0 0 0 0 0 0 2 1 R 0
1342 29244 18067 750 18110 726 3124 1 0 0 0 0 0 0 0 0 2 1 R 0
1343 29266 20837 680 20860 658 3384 1 0 0 0 0 0 0 0 0 1 1 R 0
1344 29288 21616 599 20568 566 4337 1 0 4 0 0 0 0 0 0 1 1 R 0
1345 29310 21316 585 21346 549 4249 1 0 0 0 0 0 0 0 0 2 1 R 0
1346 29330 19166 756 18224 722 4473 1 0 1 0 0 0 0 0 0 1 1 R 0
1347 29354 23869 709 22839 669 3003 1 0 4 0 0 0 0 0 0 2 1 R 0
1348 29374 19276 584 19305 553 3294 1 0 0 0 0 0 0 0 0 1 1 R 0
1349 29396 20900 587 20932 555 3849 1 0 0 0 0 0 0 0 0 1 1 R 0
1350 29421 24225 604 22826 571 7394 1 0 4 0 0 0 0 0 0 1 1 R 0
1351 29442 20985 637 21028 585 3269 1 0 0 0 0 0 0 0 0 2 1 R 0
1352 29460 17249 706 17303 663 3053 1 0 0 0 0 0 0 0 0 2 1 R 0
1353 29485 24450 730 23743 674 3745 1 0 4 0 0 0 0 0 0 2 1 R 0
1354 29505 19349 854 19380 821 4468 1 0 0 0 0 0 0 0 0 0 1 R 0
1355 29529 22947 589 21849 550 4348 1 0 1 0 0 0 0 0 0 2 1 R 0
1356 29547 17303 703 17358 647 3523 1 0 0 0 0 0 0 0 0 1 1 R 0
1357 29571 22993 865 22034 815 6097 1 0 4 0 0 0 0 0 0 3 1 R 0
1358 29591 19000 606 19026 575 3831 1 0 0 0 0 0 0 0 0 1 1 R 0
1359 29613 21452 575 21474 546 3814 1 0 0 0 0 0 0 0 0 1 1 R 0
1360 29635 21472 590 20355 558 3089 1 0 4 0 0 0 0 0 0 1 1 R 0
1361 29657 21321 576 21349 545 4077 1 0 0 0 0 0 0 0 0 2 1 R 0
1362 29676 18195 712 18238 673 3538 1 0 0 0 0 0 0 0 0 1 1 R 0
1363 29700 23952 589 22931 556 4462 1 0 4 0 0 0 0 0 0 1 1 R 0
1364 29723 21909 758 20483 581 4039 1 0 1 0 0 0 0 0 0 2 1 R 0
1365 29747 23475 602 23512 573 6096 1 0 0 0 0 0 0 0 0 1 1 R 0
1366 29770 22295 654 20317 620 3516 1 0 4 0 0 0 0 0 0 2 1 R 0
1367 29790 20009 894 20063 853 3302 1 0 0 0 0 0 0 0 0 2 1 R 0
1368 29811 19673 596 19683 562 3855 1 0 0 0 0 0 0 0 0 1 1 R 0
1369 29833 21151 1529 21179 927 3847 1 0 1 0 3 0 0 0 0 1 1 R 0
1370 29855 20508 585 20198 554 3591 1 0 0 0 0 0 0 0 0 2 1 R 0
1371 29876 20709 672 20737 646 3046 1 0 0 0 0 0 0 0 0 1 1 R 0
1372 29896 19397 575 19424 547 4351 1 0 0 0 0 0 0 0 0 2 1 R 0
1373 29920 22989 1431 21777 537 4501 1 0 5 0 0 0 0 0 0 1 1 R 0
1374 29939 17454 706 17515 1039 3158 1 0 0 0 0 0 0 0 0 1 1 R 0
1375 29960 20863 699 20509 662 3403 1 0 0 0 0 0 0 0 0 2 1 R 0
1376 29981 20080 2411 19078 1827 3057 1 0 4 0 1 0 0 0 0 2 1 R 0
1377 30005 21422 628 21427 607 4068 1 0 0 0 0 0 0 0 0 1 1 R 0
1378 30027 21856 585 21269 553 3855 1 0 1 0 0 0 0 0 0 1 1 R 0
1379 30051 22876 588 21719 548 3706 1 0 4 0 0 0 0 0 0 2 1 R 0
1380 30075 23449 570 23475 545 6548 1 0 0 0 0 0 0 0 0 2 1 R 0
1381 30096 20919 588 20951 559 3842 1 0 0 0 0 0 0 0 0 1 1 R 0
1382 30119 22249 583 21234 552 4455 1 0 4 0 0 0 0 0 0 2 1 R 0
1383 30142 22416 594 20825 567 3566 1 0 1 0 0 0 0 0 0 1 1 R 0
1384 30160 17559 731 17617 680 3408 1 0 0 0 0 0 0 0 0 1 1 R 0
1385 30180 19211 684 19248 642 3056 1 0 0 0 0 0 0 0 0 2 1 R 0
1386 30204 23168 584 21305 553 4271 1 0 4 0 0 0 0 0 0 2 1 R 0
1387 30227 22238 585 22094 556 3842 1 0 1 0 0 0 0 0 0 0 1 R 0
1388 30246 18078 725 18135 669 3580 1 0 0 0 0 0 0 0 0 1 1 R 0
1389 30269 22266 645 21226 613 3056 1 0 4 0 0 0 0 0 0 2 1 R 0
1390 30287 17574 754 17640 698 3815 1 0 0 0 0 0 0 0 0 2 1 R 0
1391 30310 22380 584 22398 552 4664 1 0 0 0 0 1 0 0 0 1 1 R 0
1392 30334 23843 618 21027 587 3907 1 0 4 0 0 0 0 0 0 1 1 R 0
1393 30355 20279 593 20312 556 3358 1 0 0 0 0 0 0 0 0 2 1 R 0
1394 30374 17858 795 17915 750 3147 1 0 0 0 0 0 0 0 0 1 1 R 0
1395 30400 25476 590 24147 560 6756 1 0 4 0 0 0 0 0 0 3 1 R 0
1396 30420 19311 592 19339 559 4039 1 0 0 0 0 0 0 0 0 1 1 R 0
1397 30441 20301 585 20332 556 3688 1 0 0 0 0 0 0 0 0 1 1 R 0
1398 30459 17912 703 17963 672 3244 1 0 0 0 0 0 0 0 0 1 1 R 0
1399 30483 23458 576 22288 546 3876 1 0 4 0 0 0 0 0 0 2 1 R 0
1400 30504 19627 579 19653 554 3192 1 0 0 0 0 0 0 0 0 1 1 R 0
1401 30526 21783 603 20972 587 4050 1 0 1 0 0 0 0 0 0 1 1 R 0
1402 30553 26038 575 20192 551 6046 1 0 5 0 0 0 0 0 0 2 1 R 0
1403 30580 26305 596 22530 569 7670 1 0 2 0 0 0 0 0 0 1 1 R 0
1404 30600 19817 875 19861 828 3723 1 0 0 0 0 0 0 0 0 1 1 R 0
1405 30624 23020 582 21244 557 5693 1 0 4 0 0 0 0 0 0 2 1 R 0
1406 30644 19969 655 19993 633 3762 1 0 0 0 0 0 0 0 0 1 1 R 0
1407 30665 20375 571 20397 543 3601 1 0 0 0 0 0 0 0 0 1 1 R 0
1408 30688 22136 573 20986 536 3130 1 0 4 0 0 0 0 0 0 2 1 R 0
1409 30709 20781 596 20811 563 4208 1 0 0 0 0 0 0 0 0 1 1 R 0
1410 30735 24461 587 23347 550 8306 1 0 1 0 0 0 0 0 0 2 1 R 0
1411 30759 23489 592 22429 558 4073 1 0 4 0 0 0 0 0 0 2 1 R 0
1412 30776 17256 738 17295 706 3703 1 0 0 0 0 0 0 0 0 1 1 R 0
1413 30797 19960 769 19995 728 4258 1 0 0 0 0 0 0 0 0 1 1 R 0
1414 30820 22220 593 20853 562 3682 1 0 4 0 0 0 0 0 0 3 1 R 0
1415 30841 20738 936 20767 909 3802 1 0 0 0 0 0 0 0 0 1 1 R 0
1416 30860 17758 702 17796 673 3129 1 0 0 0 0 0 0 0 0 1 1 R 0
1417 30881 20522 1318 20533 1313 3505 1 0 0 0 1 0 0 0 0 1 1 R 0
1418 30904 21653 585 19863 561 3450 1 0 3 0 0 0 0 0 0 2 1 R 0
1419 30926 21288 1616 21317 793 3953 1 0 0 0 1 0 0 0 0 1 1 R 0
1420 30947 19422 587 19436 553 4354 1 0 0 0 0 0 0 0 0 1 1 R 0
1421 30970 21940 941 20803 899 5380 1 0 4 0 0 0 0 0 0 2 1 R 0
1422 30988 17349 719 17419 646 3125 1 0 0 0 0 0 0 0 0 2 1 R 0
1423 31010 20940 702 21002 648 3995 1 0 0 0 0 0 0 0 0 1 1 R 0
1424 31033 22826 586 21699 554 3851 1 0 4 0 0 0 0 0 0 2 1 R 0
1425 31059 24999 584 25029 559 7537 1 0 0 0 0 0 0 0 0 1 1 R 0
1426 31078 18586 760 18667 685 3785 1 0 0 0 0 0 0 0 0 2 1 R 0
1427 31102 23649 605 22060 578 3750 1 0 4 0 0 0 0 0 0 2 1 R 0
1428 31123 19869 581 19896 554 4096 1 0 0 0 0 0 0 0 0 1 1 R 0
1429 31145 21935 565 20880 535 5280 1 0 1 0 0 0 0 0 0 1 1 R 0
1430 31167 21355 595 20404 574 3612 1 0 4 0 0 0 0 0 0 1 1 R 0
1431 31188 20028 665 20134 552 3776 1 0 0 0 0 0 0 0 0 2 1 R 0
1432 31207 18288 701 18329 661 3512 1 0 0 0 0 0 0 0 0 2 1 R 0
1433 31229 21223 597 21254 560 4330 1 0 0 0 0 0 0 0 0 1 1 R 0
1434 31251 21576 591 20401 563 6341 1 0 4 0 0 0 0 0 0 0 1 R 0
1435 31271 19632 1788 19679 1751 3348 1 0 0 0 0 0 0 0 0 2 1 R 0
1436 31290 17238 688 17278 649 3103 1 0 0 0 0 0 0 0 0 1 1 R 0
1437 31315 23950 674 22898 646 3309 1 0 4 0 0 0 0 0 0 2 1 R 0
1438 31336 20712 585 19544 554 3706 1 0 1 0 0 0 0 0 0 1 1 R 0
1439 31358 20946 588 20983 555 4480 1 0 0 0 0 0 0 0 0 2 1 R 0
1440 31383 24074 852 22628 829 6585 1 0 4 0 0 0 0 0 0 2 1 R 0
1441 31403 19409 824 19456 786 3039 1 0 0 0 0 0 0 0 0 2 1 R 0
1442 31421 17178 724 17223 671 3281 1 0 0 0 0 0 0 0 0 0 1 R 0
1443 31446 24463 692 23554 662 3950 1 0 4 0 0 0 0 0 0 2 1 R 0
1444 31466 18859 586 18871 558 3241 1 0 0 0 0 0 0 0 0 2 1 R 0
1445 31487 20725 666 20769 623 3286 1 0 0 0 0 0 0 0 0 1 1 R 0
1446 31506 18802 576 18830 548 4422 1 0 0 0 0 0 0 0 0 1 1 R 0
1447 31530 23126 1470 21924 525 6229 1 0 5 0 0 0 0 0 0 1 1 R 0
1448 31551 19205 912 19280 836 3831 1 0 0 0 0 0 0 0 0 2 1 R 0
1449 31575 23697 567 23728 536 4046 1 0 0 0 0 0 0 0 0 0 1 R 0
1450 31598 22072 664 21158 608 3515 1 0 4 0 0 0 0 0 0 3 1 R 0
1451 31618 19290 692 19342 651 3660 1 0 0 0 0 0 0 0 0 0 1 R 0
1452 31637 18867 778 18945 700 3835 1 0 0 0 0 0 0 0 0 3 1 R 0
1453 31663 24461 632 22799 605 4244 1 0 4 0 0 0 0 0 0 1 1 R 0
1454 31680 16859 619 16895 590 3154 1 0 0 0 0 0 0 0 0 2 1 R 0
1455 31706 24739 760 24760 742 6559 1 0 0 0 0 0 0 0 0 0 1 R 0
1456 31728 21595 581 20083 561 3446 1 0 4 0 0 0 0 0 0 3 1 R 0
1457 31751 22132 597 20675 569 5726 1 0 1 0 0 0 0 0 0 1 1 R 0
1458 31770 18461 654 18556 555 3767 1 0 0 0 0 0 0 0 0 0 1 R 0
1459 31791 21100 1152 21133 1131 3216 1 0 0 0 2 0 0 0 0 2 1 R 0
1460 31814 21074 571 19989 554 3372 1 0 2 0 0 0 0 0 0 2 1 R 0
1461 31835 20752 571 20780 535 3853 1 0 0 0 0 0 0 0 0 1 1 R 0
1462 31855 19168 584 19201 560 4180 1 0 0 0 0 0 0 0 0 1 1 R 0
1463 31880 24719 623 23413 586 3269 1 0 4 0 0 0 0 0 0 2 1 R 0
1464 31899 18628 691 18668 653 3736 1 0 0 0 0 0 0 0 0 2 1 R 0
1465 31920 20068 775 20113 741 3201 1 0 0 0 0 0 0 0 0 1 1 R 0
1466 31945 24371 582 21287 552 3841 1 0 4 0 0 0 0 0 0 2 1 R 0
1467 31967 21040 580 21073 546 3785 1 0 0 0 0 0 0 0 0 1 1 R 0
1468 31987 19753 736 19302 672 3744 1 0 1 0 0 0 0 0 0 1 1 R 0
1469 32011 23588 1092 21974 1052 3557 1 0 4 0 0 0 0 0 0 2 1 R 0
1470 32034 21502 578 21521 552 5987 1 0 0 0 0 0 0 0 0 2 1 R 0
1471 32056 20962 796 20997 779 4122 1 0 0 0 0 0 0 0 0 1 1 R 0
1472 32079 22751 626 21827 599 4321 1 0 4 0 0 0 0 0 0 1 1 R 0
1473 32100 20138 723 20192 672 3760 1 0 0 0 0 0 0 0 0 2 1 R 0
1474 32118 17495 764 17581 678 3318 1 0 0 0 0 0 0 0 0 1 1 R 0
1475 32146 26689 740 24701 724 6065 1 0 5 0 0 0 0 0 0 2 1 R 0
1476 32166 19241 585 19257 557 4352 1 0 0 0 0 0 0 0 0 1 1 R 0
1477 32187 21117 627 21147 592 3698 1 0 0 0 0 0 0 0 0 2 1 R 0
1478 32207 19572 585 19605 557 4288 1 0 0 0 0 0 0 0 0 1 1 R 0
1479 32231 23108 1046 22247 1019 4600 1 0 4 0 0 0 0 0 0 2 1 R 0
1480 32257 24959 570 22596 546 3102 1 0 3 0 0 0 0 0 0 1 1 R 0
1481 32279 21296 585 21325 552 4450 1 0 0 0 0 0 0 0 0 2 1 R 0
1482 32299 19811 849 18712 804 5559 1 0 4 0 0 0 0 0 0 1 1 R 0
1483 32320 19751 717 19802 670 3060 1 0 0 0 0 0 0 0 0 2 1 R 0
1484 32343 22420 561 20884 536 3086 1 0 1 0 0 0 0 0 0 2 1 R 0
1485 32369 25048 589 23596 556 11119 1 0 4 0 0 0 0 0 0 1 1 R 0
1486 32388 19033 575 19064 542 4150 1 0 0 0 0 0 0 0 0 1 1 R 0
1487 32410 20650 641 20693 604 3532 1 0 0 0 0 0 0 0 0 2 1 R 0
1488 32431 20289 695 18877 668 3062 1 0 4 0 0 0 0 0 0 2 1 R 0
1489 32451 20026 1505 20062 1485 3134 1 0 0 0 0 0 0 0 0 1 1 R 0
1490 32472 19412 1003 19445 950 4060 1 0 0 0 0 0 0 0 0 1 1 R 0
1491 32497 23365 557 22288 527 3680 1 0 4 0 0 0 0 0 0 1 1 R 0
1492 32516 19007 888 19094 808 4121 1 0 0 0 0 0 0 0 0 1 1 R 0
1493 32540 22639 564 21584 538 3531 1 0 1 0 0 0 0 0 0 2 1 R 0
1494 32559 19203 589 19235 558 3815 1 0 0 0 0 0 0 0 0 1 1 R 0
1495 32584 23933 628 22954 600 6870 1 0 4 0 0 0 0 0 0 1 1 R 0
1496 32603 18694 684 18732 650 3454 1 0 0 0 0 0 0 0 0 3 1 R 0
1497 32625 20834 836 20914 769 3004 1 0 0 0 0 0 0 0 0 1 1 R 0
1498 32647 21547 604 20501 569 3152 1 0 4 0 0 0 0 0 0 2 1 R 0
1499 32668 20669 589 20701 554 4374 1 0 0 0 0 0 0 0 0 1 1 R 0
