# swapstamp frames 1500 skip 300 peer 520
# f t_ms gap_us swap_us crend_us cswap_us clr_us nclr vcs_r ivcs_r vcs_s ivcs_s minf majf cpu0 cpu1 pticks pcpu pstate ctr
0 0 22523 615 22532 583 7297 1 0 0 0 0 0 0 1 1 0 0 R 0
1 27 26461 795 26487 764 6119 1 0 0 0 0 0 0 1 1 2 0 R 0
2 57 29554 1037 29586 1018 6946 1 0 0 0 0 0 0 1 1 1 0 R 0
3 82 23785 816 23810 789 6316 1 0 0 0 0 0 0 1 1 1 0 R 0
4 104 21536 625 21568 592 4453 1 0 0 0 0 0 0 1 1 1 0 R 0
5 132 27342 1143 27463 1023 6083 1 0 0 0 0 0 0 1 1 1 0 R 0
6 162 28921 1467 28945 1459 6614 1 0 0 0 0 0 0 1 1 1 0 R 0
7 186 22246 690 22264 659 5173 1 0 0 0 0 0 0 1 1 1 0 R 0
8 207 20578 644 20605 621 3793 1 0 0 0 0 0 0 1 1 2 0 R 0
9 233 25052 598 25075 568 6899 1 0 0 0 0 0 0 1 1 1 0 R 0
10 252 18903 597 18934 569 3880 1 0 0 0 0 0 0 1 1 0 0 R 0
11 275 22483 591 22508 561 4226 1 0 0 0 0 0 0 1 1 2 0 R 0
12 295 18857 949 18890 924 4253 1 0 0 0 0 0 0 1 1 1 0 R 0
13 321 24919 999 24940 973 4834 1 0 0 0 0 0 0 1 1 1 0 R 0
14 349 27433 1171 27555 1055 4818 1 0 0 0 0 0 0 1 1 1 0 R 0
15 376 25655 611 25673 585 12700 1 0 0 0 0 0 0 1 1 1 0 R 0
16 395 18369 1063 18398 1044 3844 1 0 0 0 0 0 0 1 1 1 0 R 0
17 419 23158 1049 23182 1025 3579 1 0 0 0 0 0 0 1 1 1 0 R 0
18 448 27924 1009 27945 985 6915 1 0 0 0 0 0 0 1 1 2 0 R 0
19 473 23689 623 23717 592 7485 1 0 0 0 0 0 0 1 1 1 0 R 0
20 494 20079 600 20107 572 3853 1 0 0 0 0 0 0 1 1 1 0 R 0
21 514 20310 1137 20342 1132 3804 1 0 0 0 0 0 0 1 1 1 0 R 0
22 542 26409 998 26405 970 7771 1 0 0 0 0 0 0 1 1 1 0 R 0
23 572 29067 1428 29193 1323 6275 1 0 0 0 0 0 0 1 1 1 0 R 0
24 594 20687 598 20696 567 5153 1 0 0 0 0 0 0 1 1 1 0 R 0
25 616 21181 620 21215 592 3770 1 0 0 0 0 0 0 1 1 2 0 R 0
26 643 26216 1050 26243 1023 5808 1 0 0 0 0 0 0 1 1 1 0 R 0
27 672 27918 617 27945 589 6503 1 0 0 0 0 0 0 1 1 1 0 R 0
28 692 19450 734 19513 684 4421 1 0 0 0 0 0 0 1 1 1 0 R 0
29 713 20362 1211 20473 1091 4201 1 0 0 0 0 0 0 1 1 1 0 R 0
30 741 26483 1031 26509 1009 10739 1 0 0 0 0 0 0 1 1 1 0 R 0
31 771 29476 1171 29499 1279 6353 1 0 0 0 0 0 0 1 1 2 0 R 0
32 791 19032 613 18922 584 4490 1 0 0 0 0 0 0 1 1 1 0 R 0
33 811 19300 583 19332 556 4352 1 0 0 0 0 0 0 1 1 1 0 R 0
34 839 26964 744 27087 612 3861 1 0 0 0 0 0 0 1 1 1 0 R 0
35 868 28282 1108 28416 988 6164 1 0 0 0 0 0 0 1 1 1 0 R 0
36 890 21428 773 21470 729 5264 1 0 0 0 0 0 0 1 1 1 0 R 0
37 910 18992 601 19017 571 4238 1 0 0 0 0 0 0 1 1 1 0 R 0
38 938 27046 925 26515 905 6084 1 0 1 0 0 0 0 1 1 2 0 R 0
39 967 27857 1190 27963 1084 4896 1 0 0 0 0 0 0 1 1 0 0 R 0
40 990 22033 611 22056 584 7255 1 0 0 0 0 0 0 1 1 1 0 R 0
41 1009 19077 584 19098 573 4589 1 0 0 0 0 0 0 1 1 1 0 R 0
42 1033 23395 1228 23410 1219 4223 1 0 0 0 0 0 0 1 1 2 0 R 0
43 1060 25631 664 25647 626 6005 1 0 0 0 0 0 0 1 1 1 0 R 0
44 1081 20210 593 20239 569 4297 1 0 0 0 0 0 0 1 1 1 0 R 0
45 1108 25779 596 25805 568 12771 1 0 0 0 0 0 0 1 1 1 0 R 0
46 1128 20017 610 20049 593 3835 1 0 0 0 0 0 0 1 1 1 0 R 0
47 1152 22847 1117 22964 987 6399 1 0 0 0 0 0 0 1 1 1 0 R 0
48 1182 29511 594 29539 563 6023 1 0 0 0 0 0 0 1 1 1 0 R 0
49 1202 19127 617 19160 587 4410 1 0 0 0 0 0 0 1 1 1 0 R 0
50 1222 19512 1673 19541 1646 4635 1 0 0 0 0 0 0 1 1 1 0 R 0
51 1249 25587 606 25613 580 3908 1 0 0 0 0 0 0 1 1 2 0 R 0
52 1277 26687 1011 26707 991 6109 1 0 0 0 0 0 0 1 1 1 0 R 0
53 1299 21359 626 21386 597 5522 1 0 0 0 0 0 0 1 1 1 0 R 0
54 1319 19045 585 19072 552 4206 1 0 0 0 0 0 0 1 1 1 0 R 0
55 1343 23957 1122 24094 999 3712 1 0 0 0 0 0 0 1 1 2 0 R 0
56 1371 26189 1004 26208 986 4290 1 0 0 0 0 0 0 1 1 1 0 R 0
57 1400 28078 967 28105 945 6077 1 0 0 0 0 0 0 1 1 1 0 R 0
58 1420 19050 610 19064 580 4531 1 0 0 0 0 0 0 1 1 1 0 R 0
59 1443 22538 814 22575 776 4169 1 0 0 0 0 0 0 1 1 1 0 R 0
60 1477 33837 738 33870 711 13131 1 0 0 0 0 0 0 1 1 1 0 R 0
61 1506 27535 796 21785 766 11532 1 0 2 0 0 0 0 1 1 2 0 R 0
62 1529 22891 1771 19729 1749 5238 1 0 2 0 0 0 0 1 1 1 0 R 0
63 1558 27165 617 27188 586 4039 1 0 0 0 0 0 0 1 1 1 0 R 0
64 1589 29897 1026 29928 1001 7266 1 0 0 0 0 0 0 1 1 1 0 R 0
65 1610 19796 605 19819 578 4434 1 0 0 0 0 0 0 1 1 1 0 R 0
66 1630 19626 598 19655 569 4209 1 0 0 0 0 0 0 1 1 1 0 R 0
67 1659 28115 639 28148 603 5151 1 0 0 0 0 1 0 1 1 1 0 R 0
68 1686 26557 1075 26668 975 6314 1 0 0 0 0 0 0 1 1 2 0 R 0
69 1712 24823 657 24848 625 7721 1 0 0 0 0 0 0 1 1 1 0 R 0
70 1732 19795 639 19821 610 4776 1 0 0 0 0 0 0 1 1 1 0 R 0
71 1761 27863 744 27921 693 4498 1 0 0 0 0 0 0 1 1 1 0 R 0
72 1787 26027 884 26051 856 6140 1 0 0 0 0 0 0 1 1 1 0 R 0
73 1814 25262 615 25295 588 6776 1 0 0 0 0 0 0 1 1 1 0 R 0
74 1833 19094 604 19119 578 3898 1 0 0 0 0 0 0 1 1 1 0 R 0
75 1864 29889 614 29916 585 11412 1 0 0 0 0 0 0 1 1 1 0 R 0
76 1886 21387 617 21409 598 4973 1 0 0 0 0 0 0 1 1 2 0 R 0
77 1907 20708 964 20732 1027 3912 1 0 0 0 0 0 0 1 1 1 0 R 0
78 1929 20961 643 20909 611 4810 1 0 0 0 0 0 0 1 1 1 0 R 0
79 1953 23692 1003 23721 978 4304 1 0 0 0 0 0 0 1 1 1 0 R 0
80 1975 20575 942 20601 560 3824 1 0 1 0 0 0 0 1 1 1 0 R 0
81 1995 18915 1120 18958 1102 3778 1 0 0 0 0 0 0 1 1 2 0 R 0
82 2017 21283 605 21286 581 3780 1 0 0 0 0 0 0 1 1 0 0 R 0
83 2037 18784 639 18802 616 4071 1 0 0 0 0 0 0 1 1 1 0 R 0
84 2062 25117 1008 25238 1168 5035 1 0 0 0 0 0 0 1 1 2 0 R 0
85 2093 29612 1145 29454 1033 4183 1 0 0 0 0 0 0 1 1 1 0 R 0
86 2120 25752 664 25788 625 6644 1 0 0 0 0 0 0 1 1 1 0 R 0
87 2139 18768 584 18788 556 4226 1 0 0 0 0 0 0 1 1 1 0 R 0
88 2166 26069 1007 26087 994 5925 1 0 0 0 0 1 0 1 1 1 0 R 0
89 2194 27198 2079 27325 1969 4037 1 0 0 0 0 0 0 1 1 1 0 R 0
90 2221 24786 596 24794 570 11680 1 0 0 0 0 0 0 1 1 2 0 R 0
91 2241 19120 623 19181 566 4184 1 0 0 0 0 0 0 1 1 1 0 R 0
92 2266 24843 976 24882 938 5580 1 0 0 0 0 0 0 1 1 1 0 R 0
93 2294 26949 2863 27068 2767 4859 1 0 0 0 0 1 0 1 1 1 0 R 0
94 2323 26080 611 26083 581 7235 1 0 0 0 0 0 0 1 1 1 0 R 0
95 2343 19033 603 19063 577 4070 1 0 0 0 0 0 0 1 1 1 0 R 0
96 2371 27639 1188 27667 1173 5045 1 0 0 0 0 0 0 1 1 2 0 R 0
97 2401 28558 1117 28663 1004 4457 1 0 0 0 0 0 0 1 1 1 0 R 0
98 2424 22018 656 22041 623 7162 1 0 0 0 0 0 0 1 1 1 0 R 0
99 2445 19946 925 19979 904 3706 1 0 0 0 0 0 0 1 1 1 0 R 0
100 2470 24872 1024 24895 1104 3751 1 0 0 0 0 0 0 1 1 1 0 R 0
101 2500 28663 1040 28576 1019 5644 1 0 0 0 0 0 0 1 1 2 0 R 0
102 2524 22537 605 22564 578 7120 1 0 0 0 0 0 0 1 1 1 0 R 0
103 2544 19450 594 19474 564 3813 1 0 0 0 0 0 0 1 1 1 0 R 0
104 2566 22047 1427 22179 1307 3747 1 0 0 0 0 0 0 1 1 1 0 R 0
105 2600 32085 1016 32100 1009 11864 1 0 0 0 0 0 0 1 1 1 0 R 0
106 2624 22806 703 22823 673 7258 1 0 0 0 0 0 0 1 1 1 0 R 0
107 2648 23678 626 23705 597 4162 1 0 0 0 0 0 0 1 1 1 0 R 0
108 2672 23785 1020 23813 995 3848 1 0 0 0 0 0 0 1 1 1 0 R 0
109 2704 30640 2474 30665 2563 6242 1 0 0 0 0 0 0 1 1 1 0 R 0
110 2734 27043 618 26958 582 7343 1 0 0 0 0 0 0 1 1 1 0 R 0
111 2754 19615 611 19646 585 4084 1 0 0 0 0 0 0 1 1 1 0 R 0
112 2780 25542 1170 25658 1058 5335 1 0 0 0 0 0 0 1 1 1 0 R 0
113 2808 27277 1132 27395 1012 4950 1 0 0 0 0 0 0 1 1 2 0 R 0
114 2831 21446 643 21473 611 4879 1 0 0 0 0 0 0 1 1 1 0 R 0
115 2851 19521 598 19554 570 4321 1 0 0 0 0 0 0 1 1 1 0 R 0
116 2874 22177 814 22204 790 4256 1 0 0 0 0 0 0 1 1 1 0 R 0
117 2903 28489 1059 28529 1023 7931 1 0 0 0 0 0 0 1 1 1 0 R 0
118 2934 30065 1634 29368 1637 6471 1 0 1 0 0 0 0 1 1 1 0 R 0
119 2956 19761 730 19767 683 4056 1 0 0 0 0 0 0 1 1 1 0 R 0
120 2985 28022 2037 28057 2012 10153 1 0 0 0 0 0 0 1 1 2 0 R 0
121 3016 29646 601 29667 570 4582 1 0 0 0 0 0 0 1 1 1 0 R 0
122 3042 24803 658 24829 636 7502 1 0 0 0 0 0 0 1 1 1 0 R 0
123 3062 20143 599 20167 569 4433 1 0 0 0 0 0 0 1 1 1 0 R 0
124 3090 26990 1012 27022 984 5620 1 0 0 0 0 0 0 1 1 1 0 R 0
125 3112 20799 615 20829 586 5618 1 0 0 0 0 0 0 1 1 1 0 R 0
126 3132 19579 1174 19608 1163 4196 1 0 0 0 0 0 0 1 1 2 0 R 0
127 3154 21288 1336 21305 1311 5485 1 0 0 0 0 0 0 1 1 1 0 R 0
128 3176 20503 612 20524 585 3836 1 0 0 0 0 0 0 1 1 1 0 R 0
129 3203 26481 989 26509 968 6453 1 0 0 0 0 0 0 1 1 2 0 R 0
130 3231 26835 618 26861 586 5762 1 0 0 0 0 0 0 1 1 0 0 R 0
131 3252 20083 618 20115 587 4406 1 0 0 0 0 0 0 1 1 1 0 R 0
132 3274 21914 1141 21947 1115 4405 1 0 0 0 0 0 0 1 1 1 0 R 0
133 3300 24178 1063 24196 1046 4285 1 0 0 0 0 0 0 1 1 1 0 R 0
134 3328 26779 612 26800 589 7292 1 0 0 0 0 0 0 1 1 1 0 R 0
135 3352 23267 618 23294 589 8414 1 0 0 0 0 0 0 1 1 1 0 R 0
136 3371 19090 799 19158 736 4300 1 0 0 0 0 0 0 1 1 2 0 R 0
137 3400 27685 606 27712 576 3979 1 0 0 0 0 0 0 1 1 1 0 R 0
138 3429 28377 993 28504 962 5344 1 0 0 0 0 0 0 1 1 1 0 R 0
139 3451 21281 611 21215 585 5074 1 0 0 0 0 0 0 1 1 1 0 R 0
140 3470 18459 588 18483 563 4306 1 0 0 0 0 0 0 1 1 1 0 R 0
141 3497 26292 1493 26338 1563 5772 1 0 0 0 0 0 0 1 1 2 0 R 0
142 3527 28579 1124 28587 1011 5049 1 0 0 0 0 0 0 1 1 1 0 R 0
143 3551 23032 617 23056 591 7032 1 0 0 0 0 0 0 1 1 1 0 R 0
144 3571 18946 578 18969 548 4414 1 0 0 0 0 0 0 1 1 1 0 R 0
145 3594 22366 1005 22402 974 4104 1 0 0 0 0 0 0 1 1 2 0 R 0
146 3622 27424 1212 27455 1187 5337 1 0 0 0 0 0 0 1 1 0 0 R 0
147 3651 28117 805 28143 778 6505 1 0 0 0 0 0 0 1 1 1 0 R 0
148 3672 19717 607 19742 582 4542 1 0 0 0 0 0 0 1 1 2 0 R 0
149 3698 25031 1419 25159 1318 4307 1 0 0 0 0 0 0 1 1 1 0 R 0
150 3732 33066 1101 33157 988 12118 1 0 0 0 0 0 0 1 1 1 0 R 0
151 3759 25770 889 25796 875 6960 1 0 0 0 0 0 0 1 1 1 0 R 0
152 3779 19121 668 19152 636 4221 1 0 0 0 0 0 0 1 1 1 0 R 0
153 3804 24697 1327 24714 1466 6186 1 0 0 0 0 0 0 1 1 1 0 R 0
154 3827 21841 664 21709 628 4281 1 0 0 0 0 0 0 1 1 1 0 R 0
155 3847 18845 595 18874 567 3739 1 0 0 0 0 0 0 1 1 2 0 R 0
156 3869 21514 614 21545 583 5588 1 0 0 0 0 0 0 1 1 1 0 R 0
157 3892 22001 595 21707 565 4582 1 0 1 0 0 0 0 1 1 1 0 R 0
158 3916 23856 607 23881 582 6278 1 0 0 0 0 0 0 1 1 1 0 R 0
159 3944 27232 1554 27268 1542 5660 1 0 0 0 0 0 0 1 1 2 0 R 0
160 3969 23623 607 23626 581 8211 1 0 0 0 0 0 0 1 1 0 0 R 0
161 3991 21327 610 21361 575 4278 1 0 0 0 0 0 0 1 1 2 0 R 0
162 4016 24737 841 24762 817 5053 1 0 0 0 0 0 0 1 1 1 0 R 0
163 4044 27160 1509 27284 1394 5799 1 0 0 0 0 0 0 1 1 1 0 R 0
164 4067 20953 738 20985 707 3856 1 0 0 0 0 0 0 1 1 1 0 R 0
165 4089 21554 1556 21575 1650 8205 1 0 0 0 0 0 0 1 1 1 0 R 0
166 4118 27516 624 27428 594 5027 1 0 0 0 0 0 0 1 1 1 0 R 0
167 4148 29391 987 29411 971 7141 1 0 0 0 0 0 0 1 1 2 0 R 0
168 4170 20407 612 20434 585 4455 1 0 0 0 0 0 0 1 1 1 0 R 0
169 4189 19136 589 19157 565 4196 1 0 0 0 0 0 0 1 1 1 0 R 0
170 4217 26665 1037 26692 1008 5703 1 0 0 0 0 0 0 1 1 1 0 R 0
171 4244 26492 1723 26525 1724 4467 1 0 0 0 0 0 0 1 1 1 0 R 0
172 4268 22372 652 22371 624 5340 1 0 0 0 0 0 0 1 1 1 0 R 0
173 4288 19219 582 19244 554 3758 1 0 0 0 0 0 0 1 1 2 0 R 0
174 4312 22936 1065 22975 1046 3874 1 0 0 0 0 0 0 1 1 1 0 R 0
175 4342 29137 1013 29148 1092 5219 1 0 0 0 0 0 0 1 1 1 0 R 0
176 4365 21853 931 21778 911 6547 1 0 0 0 0 0 0 1 1 1 0 R 0
177 4384 18600 643 18619 636 3796 1 0 0 0 0 0 0 1 1 1 0 R 0
178 4406 20960 810 20968 785 3752 1 0 0 0 0 0 0 1 1 2 0 R 0
179 4431 23923 1120 24046 999 5369 1 0 0 0 0 0 0 1 1 1 0 R 0
180 4461 29630 615 29658 583 13511 1 0 0 0 0 0 0 1 1 1 0 R 0
181 4482 19526 599 19556 571 4272 1 0 0 0 0 1 0 1 1 1 0 R 0
182 4503 21153 740 21203 709 4211 1 0 0 0 0 0 0 1 1 1 0 R 0
183 4530 25653 1017 25662 994 4831 1 0 0 0 0 0 0 1 1 1 0 R 0
184 4560 28902 1116 29017 1006 6888 1 0 0 0 0 0 0 1 1 1 0 R 0
185 4581 19772 617 19796 585 4341 1 0 0 0 0 0 0 1 1 1 0 R 0
186 4601 19361 658 19398 626 4244 1 0 0 0 0 0 0 1 1 1 0 R 0
187 4628 26950 617 26984 586 4563 1 0 0 0 0 0 0 1 1 2 0 R 0
188 4656 27582 998 27693 989 5894 1 0 0 0 0 0 0 1 1 1 0 R 0
189 4682 24320 613 24251 584 7155 1 0 0 0 0 0 0 1 1 1 0 R 0
190 4702 19649 605 19676 577 4683 1 0 0 0 0 0 0 1 1 1 0 R 0
191 4730 27556 608 27588 578 4311 1 0 0 0 0 0 0 1 1 2 0 R 0
192 4759 28460 1059 28485 1140 5976 1 0 0 0 0 0 0 1 1 1 0 R 0
193 4782 21502 612 21426 582 5091 1 0 0 0 0 0 0 1 1 1 0 R 0
194 4802 19942 617 19979 584 4242 1 0 0 0 0 0 0 1 1 1 0 R 0
195 4833 30598 623 30629 586 12421 1 0 0 0 0 1 0 1 1 1 0 R 0
196 4862 28355 3006 28392 3032 5570 1 0 0 0 0 1 0 1 1 1 0 R 0
197 4889 23148 874 23121 851 8036 1 0 0 0 0 0 0 1 1 1 0 R 0
198 4910 20385 1012 20412 990 4255 1 0 0 0 0 0 0 1 1 1 0 R 0
199 4938 27061 863 25603 843 4155 1 0 1 0 0 0 0 1 1 1 0 R 0
200 4969 30242 1105 30350 997 6319 1 0 0 0 0 0 0 1 1 1 0 R 0
201 4993 22903 609 22926 578 7259 1 0 0 0 0 0 0 1 1 3 0 R 0
202 5015 21108 997 21141 977 3767 1 0 0 0 0 0 0 1 1 1 0 R 0
203 5042 26345 1008 26372 979 5389 1 0 0 0 0 0 0 1 1 1 0 R 0
204 5066 22778 611 22800 586 6353 1 0 0 0 0 0 0 1 1 1 0 R 0
205 5088 21883 665 21905 648 3787 1 0 0 0 0 0 0 1 1 1 0 R 0
206 5108 19422 606 19463 559 4065 1 0 0 0 0 0 0 1 1 1 0 R 0
207 5133 23982 1181 24028 1139 5844 1 0 0 0 0 0 0 1 1 1 0 R 0
208 5176 42190 652 42232 617 5059 1 0 0 0 0 0 0 1 1 3 0 R 0
209 5197 20380 633 20397 605 3984 1 0 0 0 0 0 0 1 1 1 0 R 0
210 5222 24038 621 24077 586 8008 1 0 0 0 0 0 0 1 1 1 0 R 0
211 5248 25561 1161 25684 1046 6435 1 0 0 0 0 0 0 1 1 1 0 R 0
212 5278 28876 612 28894 590 6923 1 0 0 0 0 0 0 1 1 1 0 R 0
213 5299 19761 654 19790 624 3982 1 0 0 0 0 0 0 1 1 1 0 R 0
214 5321 21114 1168 21264 1031 3816 1 0 0 0 0 0 0 1 1 1 0 R 0
215 5347 25312 631 25328 601 4208 1 0 0 0 0 0 0 1 1 1 0 R 0
216 5378 29898 1022 29931 1007 7695 1 0 0 0 0 0 0 1 1 2 0 R 0
217 5399 20256 596 20276 564 3808 1 0 0 0 0 0 0 1 1 1 0 R 0
218 5418 19071 599 19101 570 4615 1 0 0 0 0 0 0 1 1 1 0 R 0
219 5444 24977 775 25010 856 5295 1 0 0 0 0 0 0 1 1 1 0 R 0
220 5472 27450 1332 27461 1223 4702 1 0 0 0 0 0 0 1 1 1 0 R 0
221 5500 25981 616 26001 583 6225 1 0 0 0 0 0 0 1 1 2 0 R 0
222 5520 20181 597 20216 570 4269 1 0 0 0 0 0 0 1 1 1 0 R 0
223 5548 26859 987 26879 962 6255 1 0 0 0 0 0 0 1 1 1 0 R 0
224 5577 28173 1081 28210 1165 5740 1 0 0 0 0 0 0 1 1 1 0 R 0
225 5602 24153 612 24067 582 10746 1 0 0 0 0 0 0 1 1 1 0 R 0
226 5621 18317 600 18343 575 4306 1 0 0 0 0 0 0 1 1 1 0 R 0
227 5648 26428 734 26449 708 5873 1 0 0 0 0 0 0 1 1 1 0 R 0
228 5678 29127 1212 29277 1069 4754 1 0 0 0 0 0 0 1 1 2 0 R 0
229 5704 24895 1298 24921 1276 7363 1 0 0 0 0 0 0 1 1 1 0 R 0
230 5726 20201 601 20212 582 3858 1 0 0 0 0 0 0 1 1 1 0 R 0
231 5752 25522 1134 25648 1014 4673 1 0 0 0 0 0 0 1 1 1 0 R 0
232 5782 28658 1119 28777 1009 4893 1 0 0 0 0 0 0 1 1 1 0 R 0
233 5804 21785 1004 21806 981 4930 1 0 0 0 0 0 0 1 1 1 0 R 0
234 5824 18052 595 18075 570 3833 1 0 0 0 0 0 0 1 1 1 0 R 0
235 5848 24297 1019 24323 1010 3745 1 0 0 0 0 0 0 1 1 2 0 R 0
236 5877 27644 1120 27750 1009 6135 1 0 0 0 0 0 0 1 1 1 0 R 0
237 5902 23301 1028 22587 1009 8225 1 0 1 0 0 0 0 1 1 1 0 R 0
238 5921 18829 602 18849 576 4314 1 0 0 0 0 0 0 1 1 1 0 R 0
239 5943 20544 949 20702 788 4113 1 0 0 0 0 0 0 1 1 2 0 R 0
240 5976 32594 983 32709 972 13039 1 0 0 0 0 0 0 1 1 1 0 R 0
241 6001 23882 618 23814 583 6689 1 0 0 0 0 0 0 1 1 1 0 R 0
242 6021 19306 648 19335 616 4529 1 0 0 0 0 0 0 1 1 1 0 R 0
243 6042 20245 1356 20283 1337 4228 1 0 0 0 0 0 0 1 1 1 0 R 0
244 6069 25390 621 25408 594 5458 1 0 0 0 0 0 0 1 1 1 0 R 0
245 6089 19663 595 19690 566 3743 1 0 0 0 0 0 0 1 1 2 0 R 0
246 6111 21538 737 21564 717 3860 1 0 0 0 0 0 0 1 1 1 0 R 0
247 6131 19712 610 19742 578 4615 1 0 0 0 0 0 0 1 1 1 0 R 0
248 6157 24833 1139 24951 1028 5328 1 0 0 0 0 0 0 1 1 1 0 R 0
249 6186 27915 1102 28022 1004 5272 1 0 0 0 0 0 0 1 1 1 0 R 0
250 6210 23043 603 23054 577 7581 1 0 0 0 0 0 0 1 1 1 0 R 0
251 6231 20575 606 20609 572 4509 1 0 0 0 0 0 0 1 1 1 0 R 0
252 6255 22893 1438 22927 1422 4310 1 0 0 0 0 0 0 1 1 1 0 R 0
253 6283 27020 1010 27034 988 7247 1 0 0 0 0 0 0 1 1 1 0 R 0
254 6309 24607 679 24646 639 6530 1 0 0 0 0 0 0 1 1 1 0 R 0
255 6332 22495 603 22516 575 8388 1 0 0 0 0 0 0 1 1 2 0 R 0
256 6354 21849 1540 21885 1634 4237 1 0 0 0 0 0 0 1 1 1 0 R 0
257 6383 26599 997 26504 973 6017 1 0 0 0 0 0 0 1 1 0 0 R 0
258 6409 25520 786 25541 760 6490 1 0 0 0 0 0 0 1 1 2 0 R 0
259 6430 20357 589 20379 566 4466 1 0 0 0 0 0 0 1 1 1 0 R 0
260 6451 20193 611 20222 585 4376 1 0 0 0 0 0 0 1 1 1 0 R 0
261 6475 23344 960 23371 936 6223 1 0 0 0 0 0 0 1 1 1 0 R 0
262 6507 30597 764 30620 739 8334 1 0 0 0 0 0 0 1 1 2 0 R 0
263 6528 20248 611 20277 586 3997 1 0 0 0 0 0 0 1 1 1 0 R 0
264 6547 18590 1613 18613 1600 3815 1 0 0 0 0 0 0 1 1 1 0 R 0
265 6576 27729 916 27745 897 4412 1 0 0 0 0 0 0 1 1 1 0 R 0
266 6604 27219 2172 27331 2182 7171 1 0 0 0 0 0 0 1 1 1 0 R 0
267 6627 20881 596 20775 571 3723 1 0 0 0 0 0 0 1 1 1 0 R 0
268 6647 18964 569 18991 548 3840 1 0 0 0 0 0 0 1 1 1 0 R 0
269 6674 26120 1035 26150 1107 5459 1 0 0 0 0 0 0 1 1 2 0 R 0
270 6708 33088 1002 33011 992 12983 1 0 0 0 0 0 0 1 1 1 0 R 0
271 6733 23935 614 23954 582 7460 1 0 0 0 0 0 0 1 1 1 0 R 0
272 6752 18696 1859 19521 1042 4374 1 0 0 0 0 0 0 1 1 1 0 R 0
273 6786 32264 693 32319 626 3797 1 0 0 0 0 0 0 1 1 3 0 R 0
274 6820 33131 702 33184 655 8196 1 0 0 0 0 1 0 1 1 3 0 R 0
275 6842 21093 730 21139 682 4578 1 0 0 0 0 0 0 1 1 2 0 R 0
276 6863 20584 600 20614 578 4563 1 0 0 0 0 0 0 1 1 2 0 R 0
277 6890 26384 1023 26504 992 6457 1 0 0 0 0 0 0 1 1 1 0 R 0
278 6919 28034 602 27967 577 7142 1 0 0 0 0 0 0 1 1 1 0 R 0
279 6941 21305 642 20857 589 4124 1 0 1 0 0 0 0 1 1 1 0 R 0
280 6962 20446 620 20480 591 4203 1 0 0 0 0 0 0 1 1 1 0 R 0
281 6991 28464 999 28590 976 5002 1 0 0 0 0 0 0 1 1 1 0 R 0
282 7023 30524 1000 30452 970 6371 1 0 0 0 0 0 0 1 1 2 0 R 0
283 7046 22665 652 22684 630 5874 1 0 0 0 0 0 0 1 1 1 0 R 0
284 7068 20988 604 21018 577 3805 1 0 0 0 0 0 0 1 1 1 0 R 0
285 7098 29595 966 29617 942 12143 1 0 0 0 0 0 0 1 1 1 0 R 0
286 7129 30096 986 30156 934 7052 1 0 0 0 0 0 0 1 1 1 0 R 0
287 7151 20745 617 20767 593 4769 1 0 0 0 0 0 0 1 1 1 0 R 0
288 7172 20365 1304 20417 1352 4386 1 0 0 0 0 0 0 1 1 2 0 R 0
289 7198 24755 689 24698 652 6001 1 0 0 0 0 0 0 1 1 1 0 R 0
290 7218 19041 601 19063 577 3865 1 0 0 0 0 0 0 1 1 1 0 R 0
291 7240 21368 612 21394 578 3759 1 0 0 0 0 0 0 1 1 1 0 R 0
292 7260 19325 611 19356 587 4512 1 0 0 0 0 0 0 1 1 1 0 R 0
293 7287 26637 1011 26656 985 5844 1 0 0 0 0 0 0 1 1 2 0 R 0
294 7316 28103 973 28131 957 5148 1 0 0 0 0 0 0 1 1 1 0 R 0
295 7343 26244 611 26267 583 7277 1 0 0 0 0 0 0 1 1 1 0 R 0
296 7363 19645 585 19676 556 3894 1 0 0 0 0 0 0 1 1 1 0 R 0
297 7391 26539 1038 26565 1013 5321 1 0 0 0 0 0 0 1 1 1 0 R 0
298 7419 27104 2316 27393 2040 5034 1 0 0 0 0 1 0 1 1 1 0 R 0
299 7443 21870 614 21882 589 5793 1 0 0 0 0 0 0 1 1 1 0 R 0
300 7465 21481 950 21515 935 7698 1 0 0 0 0 0 0 1 1 1 0 R 0
301 7492 26105 1058 26115 1033 5446 1 0 0 0 0 0 0 1 1 2 0 R 0
302 7522 29148 1028 29174 1112 4743 1 0 0 0 0 0 0 1 1 1 0 R 0
303 7549 25714 611 25635 578 6463 1 0 0 0 0 0 0 1 1 1 0 R 0
304 7569 19535 613 19568 579 4236 1 0 0 0 0 0 0 1 1 1 0 R 0
305 7598 28615 608 28655 575 5124 1 0 0 0 0 0 0 1 1 1 0 R 0
306 7628 29266 918 29391 792 6730 1 0 0 0 0 0 0 1 1 1 0 R 0
307 7650 21194 610 21221 578 4732 1 0 0 0 0 0 0 1 1 2 0 R 0
308 7670 19479 616 19518 586 4683 1 0 0 0 0 0 0 1 1 1 0 R 0
309 7694 22903 1747 23029 1780 5547 1 0 0 0 0 0 0 1 1 1 0 R 0
310 7724 28302 1634 28267 1519 4022 1 0 0 0 0 0 0 1 1 0 0 R 0
311 7749 23406 658 23421 636 6235 1 0 0 0 0 0 0 1 1 2 0 R 0
312 7770 20383 609 20408 583 4991 1 0 0 0 0 0 0 1 1 1 0 R 0
313 7795 24291 1530 24329 1501 5233 1 0 0 0 0 0 0 1 1 1 0 R 0
314 7824 27507 1830 27627 1818 4722 1 0 0 0 0 0 0 1 1 2 0 R 0
315 7851 25272 613 25186 583 12325 1 0 0 0 0 0 0 1 1 1 0 R 0
316 7871 18951 608 18979 583 4257 1 0 0 0 0 0 0 1 1 1 0 R 0
317 7900 28526 1312 27548 1216 4261 1 0 1 0 0 0 0 1 1 1 0 R 0
318 7930 29232 1025 29233 1003 4898 1 0 0 0 0 0 0 1 1 1 0 R 0
319 7953 21760 613 21785 580 5890 1 0 0 0 0 0 0 1 1 1 0 R 0
320 7973 19115 1072 19225 964 3681 1 0 0 0 0 0 0 1 1 2 0 R 0
321 7999 25195 1267 25265 1213 3715 1 0 0 0 0 0 0 1 1 1 0 R 0
322 8029 29018 982 29132 857 5998 1 0 0 0 0 0 0 1 1 1 0 R 0
323 8058 27316 598 27342 570 7009 1 0 0 0 0 1 0 1 1 1 0 R 0
324 8077 19025 641 19053 613 4032 1 0 0 0 0 0 0 1 1 1 0 R 0
325 8104 25643 2392 25677 2394 4810 1 0 0 0 0 0 0 1 1 1 0 R 0
326 8134 28149 1727 28171 1692 4152 1 0 0 0 0 0 0 1 1 1 0 R 0
327 8157 21254 633 21259 612 6980 1 0 0 0 0 0 0 1 1 1 0 R 0
328 8178 19828 575 19853 547 3754 1 0 0 0 0 0 0 1 1 1 0 R 0
329 8201 23228 1121 23364 992 3760 1 0 0 0 0 0 0 1 1 1 0 R 0
330 8237 34030 1006 34053 979 12054 1 0 0 0 0 0 0 1 1 1 0 R 0
331 8260 22298 606 22332 572 7265 1 0 0 0 0 0 0 1 1 1 0 R 0
332 8279 18788 585 18818 557 4233 1 0 0 0 0 0 0 1 1 1 0 R 0
333 8303 23406 1016 23442 979 4595 1 0 0 0 0 0 0 1 1 1 0 R 0
334 8334 29369 1033 29403 999 5783 1 0 0 0 0 0 0 1 1 2 0 R 0
335 8358 23533 596 23569 562 6332 1 0 0 0 0 0 0 1 1 1 0 R 0
336 8379 20473 593 20501 568 3808 1 0 0 0 0 0 0 1 1 2 0 R 0
337 8400 20148 1129 20271 1009 4178 1 0 0 0 0 0 0 1 1 1 0 R 0
338 8428 26946 1147 27087 1010 6818 1 0 0 0 0 0 0 1 1 1 0 R 0
339 8456 26368 639 26383 620 7071 1 0 0 0 0 0 0 1 1 1 0 R 0
340 8477 20310 813 20361 767 3739 1 0 0 0 0 0 0 1 1 1 0 R 0
341 8498 20937 609 20961 581 3818 1 0 0 0 0 0 0 1 1 1 0 R 0
342 8524 24660 1141 24779 1030 5721 1 0 0 0 0 0 0 1 1 2 0 R 0
343 8554 29464 1528 29485 1513 6209 1 0 0 0 0 0 0 1 1 1 0 R 0
344 8574 18708 887 18722 867 4011 1 0 0 0 0 0 0 1 1 1 0 R 0
345 8601 25666 606 25690 578 8688 1 0 0 0 0 0 0 1 1 1 0 R 0
346 8627 25033 979 25056 960 5714 1 0 0 0 0 0 0 1 1 1 0 R 0
347 8658 30323 989 30343 976 7103 1 0 0 0 0 0 0 1 1 1 0 R 0
348 8681 22169 613 22188 585 7361 1 0 0 0 0 0 0 1 1 1 0 R 0
349 8703 21072 1336 21155 1264 4145 1 0 0 0 0 0 0 1 1 1 0 R 0
350 8725 20486 1036 20512 1003 5379 1 0 0 0 0 0 0 1 1 1 0 R 0
351 8747 21576 940 21650 889 3774 1 0 0 0 0 0 0 1 1 1 0 R 0
352 8770 21689 995 21695 983 3908 1 0 0 0 0 0 0 1 1 2 0 R 0
353 8791 19880 642 19891 618 4730 1 0 0 0 0 0 0 1 1 1 0 R 0
354 8814 22390 1180 22504 1074 4014 1 0 0 0 0 0 0 1 1 1 0 R 0
355 8841 26295 995 26314 967 7377 1 0 0 0 0 0 0 1 1 2 0 R 0
356 8868 25559 613 25591 584 6543 1 0 0 0 0 0 0 1 1 1 0 R 0
357 8887 19037 598 19063 570 4197 1 0 0 0 0 0 0 1 1 1 0 R 0
358 8909 20838 600 20870 575 3823 1 0 0 0 0 0 0 1 1 1 0 R 0
359 8938 28671 1020 27762 996 6648 1 0 1 0 0 0 0 1 1 1 0 R 0
360 8972 33238 952 33346 937 14385 1 0 0 0 0 0 0 1 1 1 0 R 0
361 8993 19967 655 19899 625 4209 1 0 0 0 0 0 0 1 1 1 0 R 0
362 9017 22702 989 22831 975 3857 1 0 0 0 0 0 0 1 1 2 0 R 0
363 9042 24286 1015 24199 988 4808 1 0 0 0 0 0 0 1 1 1 0 R 0
364 9069 25665 608 25687 582 6088 1 0 0 0 0 0 0 1 1 1 0 R 0
365 9089 19944 622 19968 596 3917 1 0 0 0 0 0 0 1 1 1 0 R 0
366 9112 22280 631 22316 595 5299 1 0 0 0 0 0 0 1 1 1 0 R 0
367 9140 27745 1052 27771 1037 5811 1 0 0 0 0 1 0 1 1 1 0 R 0
368 9170 28623 620 28638 594 6437 1 0 0 0 0 0 0 1 1 1 0 R 0
369 9191 19883 635 19905 605 4356 1 0 0 0 0 0 0 1 1 2 0 R 0
370 9212 20470 1035 20501 1004 4323 1 0 0 0 0 0 0 1 1 1 0 R 0
371 9238 24920 601 24947 576 3967 1 0 0 0 0 0 0 1 1 1 0 R 0
372 9268 29692 987 29714 966 6949 1 0 0 0 0 0 0 1 1 1 0 R 0
373 9292 23205 779 23256 723 7615 1 0 0 0 0 0 0 1 1 1 0 R 0
374 9318 24975 682 25008 648 4227 1 0 0 0 0 0 0 1 1 2 0 R 0
375 9357 38814 1029 38851 995 14606 1 0 0 0 0 0 0 1 1 5 0 R 0
376 9382 23488 593 23507 566 7595 1 0 0 0 0 0 0 1 1 1 0 R 0
377 9401 18889 599 18915 571 4263 1 0 0 0 0 0 0 1 1 1 0 R 0
378 9422 20174 615 20204 583 4246 1 0 0 0 0 0 0 1 1 1 0 R 0
379 9450 27631 1004 27654 979 5884 1 0 0 0 0 0 0 1 1 1 0 R 0
380 9479 27119 638 27138 617 7446 1 0 0 0 0 0 0 1 1 1 0 R 0
381 9499 20110 662 20148 624 4719 1 0 0 0 0 0 0 1 1 1 0 R 0
382 9521 20683 620 20710 587 4257 1 0 0 0 0 0 0 1 1 1 0 R 0
383 9547 25624 1004 25645 986 4814 1 0 0 0 0 0 0 1 1 1 0 R 0
384 9579 31372 697 31405 657 7680 1 0 0 0 0 0 0 1 1 1 0 R 0
385 9601 21449 719 21491 678 4243 1 0 0 0 0 0 0 1 1 1 0 R 0
386 9623 21079 603 21107 571 4127 1 0 0 0 0 0 0 1 1 1 0 R 0
387 9650 25867 1211 25923 1163 5112 1 0 0 0 0 0 0 1 1 2 0 R 0
388 9680 29056 1001 29072 984 7185 1 0 0 0 0 0 0 1 1 0 0 R 0
389 9700 19041 645 19058 617 4491 1 0 0 0 0 0 0 1 1 1 0 R 0
390 9726 25491 599 25517 571 7729 1 0 0 0 0 0 0 1 1 2 0 R 0
391 9751 24393 1179 24526 1049 4577 1 0 0 0 0 0 0 1 1 1 0 R 0
392 9781 29002 1127 29119 1011 6299 1 0 0 0 0 0 0 1 1 1 0 R 0
393 9802 19908 656 19932 623 4479 1 0 0 0 0 0 0 1 1 1 0 R 0
394 9822 18970 597 18997 569 4292 1 0 0 0 0 0 0 1 1 1 0 R 0
395 9851 27998 622 28029 594 4286 1 0 0 0 0 0 0 1 1 1 0 R 0
396 9879 28062 977 28085 966 6692 1 0 0 0 0 0 0 1 1 2 0 R 0
397 9901 20465 607 20475 578 5248 1 0 0 0 0 0 0 1 1 1 0 R 0
398 9921 20123 604 20148 578 4626 1 0 0 0 0 0 0 1 1 1 0 R 0
399 9948 25464 992 25492 962 5748 1 0 0 0 0 0 0 1 1 1 0 R 0
400 9979 30166 995 29856 973 5023 1 0 1 0 0 0 0 1 1 1 0 R 0
401 10003 22850 1212 22867 1197 6219 1 0 0 0 0 1 0 1 1 2 0 R 0
402 10023 18739 642 18755 609 3932 1 0 0 0 0 0 0 1 1 1 0 R 0
403 10050 26669 987 26793 969 4850 1 0 0 0 0 0 0 1 1 1 0 R 0
404 10080 29382 1016 29310 986 4783 1 0 0 0 0 0 0 1 1 2 0 R 0
405 10109 28131 851 28155 828 14217 1 0 0 0 0 0 0 1 1 1 0 R 0
406 10130 19791 617 19811 589 4209 1 0 0 0 0 0 0 1 1 1 0 R 0
407 10158 27016 627 27066 578 4665 1 0 0 0 0 0 0 1 1 1 0 R 0
408 10186 28171 978 28191 964 6222 1 0 0 0 0 0 0 1 1 1 0 R 0
409 10212 24760 609 24781 580 7089 1 0 0 0 0 0 0 1 1 1 0 R 0
410 10231 18508 637 18534 608 4417 1 0 0 0 0 0 0 1 1 1 0 R 0
411 10259 27373 938 27404 912 5319 1 0 0 0 0 0 0 1 1 2 0 R 0
412 10281 20678 610 20704 577 5759 1 0 0 0 0 0 0 1 1 1 0 R 0
413 10301 19445 1120 19482 1090 4173 1 0 0 0 0 0 0 1 1 1 0 R 0
414 10323 20882 609 20907 573 5463 1 0 0 0 0 0 0 1 1 1 0 R 0
415 10345 21152 1217 21190 1199 3735 1 0 0 0 0 0 0 1 1 1 0 R 0
416 10372 25948 1010 25957 983 7785 1 0 0 0 0 0 0 1 1 1 0 R 0
417 10400 27294 748 27332 710 5775 1 0 0 0 0 0 0 1 1 1 0 R 0
418 10421 19683 796 19719 759 4380 1 0 0 0 0 0 0 1 1 1 0 R 0
419 10442 20839 751 20870 714 4101 1 0 0 0 0 0 0 1 1 1 0 R 0
420 10472 29102 1121 29229 1001 12840 1 0 0 0 0 0 0 1 1 1 0 R 0
421 10502 28547 619 28569 593 5790 1 0 0 0 0 0 0 1 1 1 0 R 0
422 10522 19378 619 19417 571 4479 1 0 0 0 0 0 0 1 1 2 0 R 0
423 10544 21338 887 21472 760 4123 1 0 0 0 0 0 0 1 1 1 0 R 0
424 10570 25503 960 25529 929 4256 1 0 0 0 0 0 0 1 1 1 0 R 0
425 10598 27347 924 27468 809 7272 1 0 0 0 0 0 0 1 1 1 0 R 0
426 10623 23425 600 23444 577 7345 1 0 0 0 0 0 0 1 1 1 0 R 0
427 10643 19486 1464 19508 1448 3827 1 0 0 0 0 0 0 1 1 1 0 R 0
428 10670 25975 626 25991 601 3983 1 0 0 0 0 0 0 1 1 1 0 R 0
429 10700 29065 1168 29082 1151 6471 1 0 0 0 0 0 0 1 1 1 0 R 0
430 10722 20877 620 20907 583 4771 1 0 0 0 0 0 0 1 1 2 0 R 0
431 10742 19662 571 19689 542 4178 1 0 0 0 0 0 0 1 1 1 0 R 0
432 10771 27743 1026 27771 994 6002 1 0 0 0 0 0 0 1 1 1 0 R 0
433 10798 26443 895 26474 870 5520 1 0 0 0 0 0 0 1 1 1 0 R 0
434 10821 21663 652 21691 616 7024 1 0 0 0 0 0 0 1 1 1 0 R 0
435 10843 21724 596 21755 566 7549 1 0 0 0 0 0 0 1 1 1 0 R 0
436 10869 25757 1011 25880 1189 5268 1 0 0 0 0 0 0 1 1 1 0 R 0
437 10899 28472 1187 28195 1279 4925 1 0 0 0 0 0 0 1 1 2 0 R 0
438 10922 22388 648 22295 622 7196 1 0 0 0 0 0 0 1 1 1 0 R 0
439 10944 21007 588 20647 564 4105 1 0 1 0 0 0 0 1 1 1 0 R 0
440 10970 25299 995 25326 972 4818 1 0 0 0 0 0 0 1 1 1 0 R 0
441 10998 27185 914 27300 792 5585 1 0 0 0 0 0 0 1 1 1 0 R 0
442 11021 21945 719 22001 669 7209 1 0 0 0 0 0 0 1 1 1 0 R 0
443 11041 19456 601 19478 566 4178 1 0 0 0 0 0 0 1 1 1 0 R 0
444 11062 20356 971 20394 941 4251 1 0 0 0 0 0 0 1 1 2 0 R 0
445 11088 25152 1156 25261 1037 4820 1 0 0 0 0 0 0 1 1 1 0 R 0
446 11116 26846 594 26869 573 6003 1 0 0 0 0 0 0 1 1 1 0 R 0
447 11136 19159 615 19199 571 3993 1 0 0 0 0 0 0 1 1 1 0 R 0
448 11158 21036 1082 21153 967 3841 1 0 0 0 0 0 0 1 1 1 0 R 0
449 11183 24261 624 24291 590 3780 1 0 0 0 0 0 0 1 1 2 0 R 0
450 11217 33041 823 33065 802 13098 1 0 0 0 0 0 0 1 1 1 0 R 0
451 11238 19996 602 20019 578 4008 1 0 0 0 0 1 0 1 1 1 0 R 0
452 11259 21037 1028 21063 1001 3815 1 0 0 0 0 0 0 1 1 1 0 R 0
453 11287 26403 825 26421 809 4245 1 0 0 0 0 0 0 1 1 1 0 R 0
454 11314 26052 1168 26073 1139 7119 1 0 0 0 0 0 0 1 1 2 0 R 0
455 11337 22252 707 22303 660 4554 1 0 0 0 0 0 0 1 1 1 0 R 0
456 11357 19431 587 19447 574 3808 1 0 0 0 0 0 0 1 1 1 0 R 0
457 11382 24697 1273 24959 998 5375 1 0 0 0 0 0 0 1 1 1 0 R 0
458 11411 27598 1026 27625 1007 4324 1 0 0 0 0 0 0 1 1 1 0 R 0
459 11434 22010 1308 22032 1283 6724 1 0 0 0 0 0 0 1 1 1 0 R 0
460 11454 18852 587 18871 840 3807 1 0 0 0 0 0 0 1 1 1 0 R 0
461 11480 24827 1178 24703 1022 3652 1 0 0 0 0 1 0 1 1 2 0 R 0
462 11509 27871 1016 27893 997 6950 1 0 0 0 0 0 0 1 1 1 0 R 0
463 11533 23409 619 23438 578 6843 1 0 0 0 0 0 0 1 1 1 0 R 0
464 11553 19202 597 19235 564 3858 1 0 0 0 0 0 0 1 1 1 0 R 0
465 11580 26062 655 26090 624 9837 1 0 0 0 0 0 0 1 1 1 0 R 0
466 11607 26549 1208 26575 1193 5619 1 0 0 0 0 0 0 1 1 1 0 R 0
467 11632 23527 914 23723 724 5967 1 0 0 0 0 0 0 1 1 1 0 R 0
468 11652 19080 815 19123 757 4664 1 0 0 0 0 0 0 1 1 2 0 R 0
469 11673 20621 627 20651 593 4211 1 0 0 0 0 0 0 1 1 1 0 R 0
470 11699 25585 1109 25698 990 5185 1 0 0 0 0 0 0 1 1 1 0 R 0
471 11729 28503 737 28531 716 7646 1 0 0 0 0 0 0 1 1 1 0 R 0
472 11750 20742 599 20761 569 4538 1 0 0 0 0 0 0 1 1 1 0 R 0
473 11771 19532 1102 19647 1002 4249 1 0 0 0 0 0 0 1 1 1 0 R 0
474 11798 26124 658 26136 629 4213 1 0 0 0 0 0 0 1 1 1 0 R 0
475 11828 29640 1188 29666 1180 6445 1 0 0 0 0 0 0 1 1 1 0 R 0
476 11850 20244 653 20254 623 4304 1 0 0 0 0 0 0 1 1 2 0 R 0
477 11870 19396 577 19420 548 4360 1 0 0 0 0 0 0 1 1 1 0 R 0
478 11896 26294 1496 25787 1454 5821 1 0 1 0 0 0 0 1 1 1 0 R 0
479 11924 25601 1124 25711 1012 4514 1 0 0 0 0 0 0 1 1 1 0 R 0
480 11950 25240 780 25269 738 11390 1 0 0 0 0 0 0 1 1 1 0 R 0
481 11970 19132 590 19158 564 4269 1 0 0 0 0 0 0 1 1 1 0 R 0
482 11993 22125 632 22171 584 6376 1 0 0 0 0 0 0 1 1 1 0 R 0
483 12015 21774 1028 22156 658 4429 1 0 0 0 0 0 0 1 1 2 0 R 0
484 12039 22841 605 22857 575 3814 1 0 0 0 0 0 0 1 1 1 0 R 0
485 12060 20232 601 20256 574 4411 1 0 0 0 0 0 0 1 1 1 0 R 0
486 12082 21779 606 21813 570 4678 1 0 0 0 0 0 0 1 1 1 0 R 0
487 12108 25326 1062 25351 1042 5211 1 0 0 0 0 0 0 1 1 2 0 R 0
488 12137 28378 958 28396 937 4856 1 0 0 0 0 0 0 1 1 1 0 R 0
489 12159 20789 630 20816 593 3941 1 0 0 0 0 0 0 1 1 1 0 R 0
490 12178 18652 595 18686 563 4309 1 0 0 0 0 0 0 1 1 1 0 R 0
491 12207 27674 607 27703 578 4684 1 0 0 0 0 0 0 1 1 2 0 R 0
492 12236 28383 1181 28398 1182 7173 1 0 0 0 0 0 0 1 1 1 0 R 0
493 12259 21703 610 21710 588 4384 1 0 0 0 0 0 0 1 1 1 0 R 0
494 12278 19050 581 19072 554 3805 1 0 0 0 0 0 0 1 1 1 0 R 0
495 12307 27857 1000 27879 979 11333 1 0 0 0 0 0 0 1 1 1 0 R 0
496 12337 28796 1156 28812 1144 5177 1 0 0 0 0 0 0 1 1 1 0 R 0
497 12362 24142 615 24161 585 5901 1 0 0 0 0 0 0 1 1 2 0 R 0
498 12382 19093 704 19180 617 4383 1 0 0 0 0 0 0 1 1 1 0 R 0
499 12409 26888 1015 27016 988 6010 1 0 0 0 0 0 0 1 1 1 0 R 0
500 12438 28325 1027 28245 1007 5802 1 0 0 0 0 0 0 1 1 1 0 R 0
501 12461 21906 610 21927 582 5525 1 0 0 0 0 0 0 1 1 1 0 R 0
502 12481 19220 580 19248 546 4269 1 0 0 0 0 0 0 1 1 2 0 R 0
503 12507 25166 2516 25208 2595 5495 1 0 0 0 0 1 0 1 1 1 0 R 0
504 12538 28377 994 28374 977 5740 1 0 0 0 0 0 0 1 1 1 0 R 0
505 12562 22735 655 22664 622 7205 1 0 0 0 0 0 0 1 1 1 0 R 0
506 12581 19166 594 19196 566 4265 1 0 0 0 0 0 0 1 1 1 0 R 0
507 12606 24420 1154 24531 1049 4185 1 0 0 0 0 0 0 1 1 1 0 R 0
508 12635 27065 1542 27084 1630 6420 1 0 0 0 0 0 0 1 1 1 0 R 0
509 12664 27933 693 27924 774 7768 1 0 0 0 0 0 0 1 1 1 0 R 0
510 12688 22847 604 22681 578 9191 1 0 0 0 0 0 0 1 1 2 0 R 0
511 12714 25534 1018 25561 1085 6235 1 0 0 0 0 0 0 1 1 1 0 R 0
512 12744 28674 1043 28604 1018 4400 1 0 0 0 0 0 0 1 1 1 0 R 0
513 12767 22723 598 22745 572 6171 1 0 0 0 0 0 0 1 1 0 0 R 0
514 12787 19269 691 19299 652 3830 1 0 0 0 0 0 0 1 1 1 0 R 0
515 12810 22342 615 22377 585 3684 1 0 0 0 0 0 0 1 1 2 0 R 0
516 12838 27512 1145 27629 1044 6750 1 0 0 0 0 0 0 1 1 1 0 R 0
517 12865 25413 1365 25427 1339 7192 1 0 0 0 0 0 0 1 1 1 0 R 0
518 12886 19816 654 19846 625 3893 1 0 0 0 0 0 0 1 1 1 0 R 0
519 12909 22650 1206 22669 1195 3773 1 0 0 0 0 0 0 1 1 1 0 R 0
520 12941 30209 817 29827 854 6882 1 0 1 0 0 0 0 1 1 1 0 R 0
521 12970 28871 871 28816 767 6892 1 0 0 0 0 0 0 1 1 1 0 R 0
522 12991 19473 631 19496 604 4445 1 0 0 0 0 0 0 1 1 2 0 R 0
523 13015 23086 956 23122 935 4319 1 0 0 0 0 0 0 1 1 1 0 R 0
524 13044 28233 1118 28342 997 5666 1 0 0 0 0 0 0 1 1 1 0 R 0
525 13077 31706 603 31724 576 13401 1 0 0 0 0 0 0 1 1 1 0 R 0
526 13097 19374 605 19399 576 4194 1 0 0 0 0 0 0 1 1 1 0 R 0
527 13122 24620 999 24653 969 5321 1 0 0 0 0 0 0 1 1 1 0 R 0
528 13149 26381 613 26407 582 4210 1 0 0 0 0 0 0 1 1 1 0 R 0
529 13171 21298 958 21332 932 4169 1 0 0 0 0 0 0 1 1 2 0 R 0
530 13192 20413 684 20453 637 4980 1 0 0 0 0 0 0 1 1 1 0 R 0
531 13213 19912 621 19945 589 4185 1 0 0 0 0 0 0 1 1 1 0 R 0
532 13237 22976 1164 23117 1026 4125 1 0 0 0 0 0 0 1 1 1 0 R 0
533 13264 26612 1430 26633 1409 7227 1 0 0 0 0 0 0 1 1 1 0 R 0
534 13286 20679 591 20693 566 4104 1 0 0 0 0 0 0 1 1 1 0 R 0
535 13307 19524 606 19551 572 3717 1 0 0 0 0 0 0 1 1 1 0 R 0
536 13330 22415 654 22444 627 4543 1 0 0 0 0 0 0 1 1 2 0 R 0
537 13358 27561 960 27721 943 4755 1 0 0 0 0 0 0 1 1 1 0 R 0
538 13381 22262 645 22146 615 6234 1 0 0 0 0 0 0 1 1 1 0 R 0
539 13400 18716 594 18747 563 4195 1 0 0 0 0 0 0 1 1 1 0 R 0
540 13430 29064 996 29090 971 10178 1 0 0 0 0 0 0 1 1 1 0 R 0
541 13459 28031 1006 28056 995 5004 1 0 0 0 0 0 0 1 1 1 0 R 0
542 13486 25964 742 25982 708 7164 1 0 0 0 0 0 0 1 1 1 0 R 0
543 13507 19759 604 19779 578 3946 1 0 0 0 0 0 0 1 1 1 0 R 0
544 13531 24123 844 24151 816 5480 1 0 0 0 0 0 0 1 1 2 0 R 0
545 13559 27262 603 27288 574 3981 1 0 0 0 0 0 0 1 1 1 0 R 0
546 13583 22966 611 22998 577 6213 1 0 0 0 0 0 0 1 1 1 0 R 0
547 13603 19268 657 19303 625 3739 1 0 0 0 0 0 0 1 1 1 0 R 0
548 13624 20011 622 20043 586 3854 1 0 0 0 0 0 0 1 1 1 0 R 0
549 13654 29959 2079 30079 2008 5884 1 0 0 0 0 0 0 1 1 2 0 R 0
550 13680 23685 790 23664 760 7425 1 0 0 0 0 0 0 1 1 0 0 R 0
551 13702 21185 618 21217 600 4902 1 0 0 0 0 0 0 1 1 3 0 R 0
552 13729 26159 588 26188 544 4589 1 0 0 0 0 0 0 1 1 0 0 R 0
553 13761 31713 1288 31743 1269 9335 1 0 0 0 0 0 0 1 1 2 0 R 0
554 13787 24590 1248 24618 1216 5865 1 0 0 0 0 1 0 1 1 1 0 R 0
555 13810 21670 642 21690 607 7983 1 0 0 0 0 0 0 1 1 1 0 R 0
556 13833 22905 991 22938 967 4221 1 0 0 0 0 0 0 1 1 2 0 R 0
557 13863 28591 1053 28612 1131 5791 1 0 0 0 0 0 0 1 1 1 0 R 0
558 13887 23431 608 23351 581 6306 1 0 0 0 0 0 0 1 1 1 0 R 0
559 13909 20885 600 20537 567 4088 1 0 1 0 0 0 0 1 1 1 0 R 0
560 13930 20057 1017 20093 989 3845 1 0 0 0 0 0 0 1 1 1 0 R 0
561 13957 26308 780 26329 754 7057 1 0 0 0 0 0 0 1 1 1 0 R 0
562 13989 31138 954 31165 923 6445 1 0 0 0 0 0 0 1 1 1 0 R 0
563 14011 21021 611 21049 581 5004 1 0 0 0 0 0 0 1 1 2 0 R 0
564 14033 21709 615 21739 580 4355 1 0 0 0 0 0 0 1 1 1 0 R 0
565 14057 23367 642 23415 595 4287 1 0 0 0 0 0 0 1 1 1 0 R 0
566 14076 18566 637 18607 590 3805 1 0 0 0 0 0 0 1 1 1 0 R 0
567 14098 21387 817 21418 787 3724 1 0 0 0 0 0 0 1 1 1 0 R 0
568 14118 19401 592 19424 569 4496 1 0 0 0 0 0 0 1 1 1 0 R 0
569 14144 24707 625 24743 590 3714 1 0 0 0 0 0 0 1 1 1 0 R 0
570 14176 32003 985 32046 940 10278 1 0 0 0 0 0 0 1 1 1 0 R 0
571 14203 25845 605 25872 576 7400 1 0 0 0 0 0 0 1 1 1 0 R 0
572 14223 18844 594 18872 565 3840 1 0 0 0 0 0 0 1 1 1 0 R 0
573 14250 26290 1314 26569 1038 5535 1 0 0 0 0 0 0 1 1 2 0 R 0
574 14280 28840 1114 28951 996 4946 1 0 0 0 0 0 0 1 1 1 0 R 0
575 14302 21321 654 21348 622 6012 1 0 0 0 0 0 0 1 1 1 0 R 0
576 14322 18970 596 18998 565 4300 1 0 0 0 0 0 0 1 1 1 0 R 0
577 14344 21566 610 21603 574 3936 1 0 0 0 0 0 0 1 1 2 0 R 0
578 14369 24406 1004 24432 979 4389 1 0 0 0 0 0 0 1 1 1 0 R 0
579 14398 28133 618 28158 588 7546 1 0 0 0 0 1 0 1 1 1 0 R 0
580 14418 19485 590 19518 553 4159 1 0 0 0 0 0 0 1 1 1 0 R 0
581 14439 20309 610 20345 580 3801 1 0 0 0 0 0 0 1 1 1 0 R 0
582 14465 24899 1652 25015 1557 5762 1 0 0 0 0 0 0 1 1 2 0 R 0
583 14494 27492 808 27497 786 6436 1 0 0 0 0 0 0 1 1 1 0 R 0
584 14514 19766 612 19782 585 4113 1 0 0 0 0 0 0 1 1 1 0 R 0
585 14539 24236 624 24265 589 7459 1 0 0 0 0 0 0 1 1 1 0 R 0
586 14564 24019 960 24048 939 4790 1 0 0 0 0 0 0 1 1 1 0 R 0
587 14594 29255 1659 29275 1659 5561 1 0 0 0 0 0 0 1 1 1 0 R 0
588 14616 20258 616 20257 586 4009 1 0 0 0 0 0 0 1 1 1 0 R 0
589 14635 18281 951 18312 930 3758 1 0 0 0 0 0 0 1 1 1 0 R 0
590 14660 24339 993 24365 958 4236 1 0 0 0 0 0 0 1 1 1 0 R 0
591 14690 28406 1194 28436 1274 5150 1 0 0 0 0 0 0 1 1 1 0 R 0
592 14713 21896 617 21815 585 6929 1 0 0 0 0 0 0 1 1 1 0 R 0
593 14732 18566 606 18596 578 4361 1 0 0 0 0 0 0 1 1 1 0 R 0
594 14758 25520 1031 25545 1003 4347 1 0 0 0 0 0 0 1 1 2 0 R 0
595 14786 27153 1009 27171 999 5745 1 0 0 0 0 0 0 1 1 1 0 R 0
596 14814 27005 1312 27109 1205 7206 1 0 0 0 0 0 0 1 1 1 0 R 0
597 14835 19867 602 19889 572 3925 1 0 0 0 0 0 0 1 1 2 0 R 0
598 14859 23433 702 23553 581 3728 1 0 0 0 0 0 0 1 1 1 0 R 0
599 14888 28221 1125 28350 1005 6388 1 0 0 0 0 0 0 1 1 1 0 R 0
600 14914 24948 1072 24962 1068 12530 1 0 0 0 0 0 0 1 1 1 0 R 0
601 14935 19419 957 18708 928 3874 1 0 1 0 0 0 0 1 1 1 0 R 0
602 14958 21980 1013 22002 987 3709 1 0 0 0 0 0 0 1 1 1 0 R 0
603 14986 27487 987 27524 949 7327 1 0 0 0 0 0 0 1 1 2 0 R 0
604 15011 23688 772 23711 742 6617 1 0 0 0 0 0 0 1 1 1 0 R 0
605 15032 19826 1262 19853 1251 4599 1 0 0 0 0 1 0 1 1 1 0 R 0
606 15054 20833 626 20848 594 4807 1 0 0 0 0 0 0 1 1 1 0 R 0
607 15080 25783 1148 25810 1125 4768 1 0 0 0 0 0 0 1 1 1 0 R 0
608 15109 28093 994 28113 975 7039 1 0 0 0 0 0 0 1 1 1 0 R 0
609 15132 22021 649 22044 611 6510 1 0 0 0 0 0 0 1 1 1 0 R 0
610 15153 19862 703 19899 670 4232 1 0 0 0 0 0 0 1 1 1 0 R 0
611 15179 25486 971 25513 962 4173 1 0 0 0 0 0 0 1 1 2 0 R 0
612 15208 27794 1098 27896 982 7034 1 0 0 0 0 0 0 1 1 1 0 R 0
613 15229 20228 740 20272 693 4808 1 0 0 0 0 0 0 1 1 1 0 R 0
614 15254 24053 1566 24108 1514 4226 1 0 0 0 0 0 0 1 1 2 0 R 0
615 15292 36287 1199 36424 1048 11475 1 0 0 0 0 0 0 1 1 3 0 R 0
616 15322 29479 712 29527 667 6952 1 0 0 0 0 0 0 1 1 3 0 R 0
617 15345 21610 1000 21655 977 3875 1 0 0 0 0 0 0 1 1 3 0 R 0
618 15365 19051 1484 19055 1480 3885 1 0 0 0 0 0 0 1 1 1 0 R 0
619 15394 27226 994 27223 964 5847 1 0 0 0 0 0 0 1 1 1 0 R 0
620 15422 27710 695 27750 657 7235 1 0 0 0 0 0 0 1 1 1 0 R 0
621 15446 22670 727 22698 694 4091 1 0 0 0 0 0 0 1 1 1 0 R 0
622 15469 22369 997 22401 964 3813 1 0 0 0 0 0 0 1 1 2 0 R 0
623 15498 28256 1108 28371 1008 7000 1 0 0 0 0 0 0 1 1 1 0 R 0
624 15528 29389 773 29399 850 7327 1 0 0 0 0 0 0 1 1 1 0 R 0
625 15549 19861 589 19782 566 4466 1 0 0 0 0 0 0 1 1 1 0 R 0
626 15571 21365 999 21394 973 4225 1 0 0 0 0 0 0 1 1 1 0 R 0
627 15601 29246 614 29267 594 6268 1 0 0 0 0 0 0 1 1 1 0 R 0
628 15621 18981 607 18999 580 4620 1 0 0 0 0 0 0 1 1 1 0 R 0
629 15643 21355 605 21383 576 5215 1 0 0 0 0 0 0 1 1 1 0 R 0
630 15669 25490 610 25515 579 7860 1 0 0 0 0 0 0 1 1 1 0 R 0
631 15696 26151 980 26169 968 6549 1 0 0 0 0 0 0 1 1 1 0 R 0
632 15724 27334 653 27361 621 7404 1 0 0 0 0 0 0 1 1 1 0 R 0
633 15744 19451 647 19477 615 3899 1 0 0 0 0 0 0 1 1 1 0 R 0
634 15766 21467 966 21493 943 3864 1 0 0 0 0 0 0 1 1 1 0 R 0
635 15792 24311 619 24341 587 3851 1 0 0 0 0 0 0 1 1 2 0 R 0
636 15821 28647 1018 28673 988 6463 1 0 0 0 0 0 0 1 1 1 0 R 0
637 15842 20634 595 20661 569 4625 1 0 0 0 0 0 0 1 1 1 0 R 0
638 15862 18987 604 19014 575 4696 1 0 0 0 0 0 0 1 1 1 0 R 0
639 15888 25340 1033 25362 1016 5795 1 0 0 0 0 0 0 1 1 2 0 R 0
640 15917 27770 1007 27784 981 4882 1 0 0 0 0 0 0 1 1 1 0 R 0
641 15940 22500 630 22528 605 6757 1 0 0 0 0 0 0 1 1 1 0 R 0
642 15960 18915 683 18966 638 4282 1 0 0 0 0 0 0 1 1 1 0 R 0
643 15987 26892 1212 26458 1155 4542 1 0 1 0 0 0 0 1 1 1 0 R 0
644 16017 27864 1030 27873 1014 5524 1 0 0 0 0 0 0 1 1 1 0 R 0
645 16043 25469 611 25490 579 12408 1 0 0 0 0 0 0 1 1 1 0 R 0
646 16062 18697 598 18729 565 3840 1 0 0 0 0 0 0 1 1 1 0 R 0
647 16089 26183 1041 26214 1016 4273 1 0 0 0 0 1 0 1 1 2 0 R 0
648 16118 27790 845 27813 831 5313 1 0 0 0 0 0 0 1 1 1 0 R 0
649 16147 28086 879 28172 781 6957 1 0 0 0 0 0 0 1 1 1 0 R 0
650 16167 19339 598 19357 578 4080 1 0 0 0 0 0 0 1 1 1 0 R 0
651 16193 24856 1010 24978 889 4548 1 0 0 0 0 0 0 1 1 1 0 R 0
652 16222 28176 992 28198 968 4361 1 0 0 0 0 0 0 1 1 1 0 R 0
653 16246 23154 641 23168 622 6456 1 0 0 0 0 0 0 1 1 1 0 R 0
654 16264 17956 894 17985 870 3854 1 0 0 0 0 0 0 1 1 1 0 R 0
655 16287 21862 665 21894 622 3772 1 0 0 0 0 0 0 1 1 1 0 R 0
656 16312 24402 1171 24535 1157 4311 1 0 0 0 0 0 0 1 1 2 0 R 0
657 16340 26056 678 25966 654 6142 1 0 0 0 0 0 0 1 1 1 0 R 0
658 16360 19753 608 19775 578 4434 1 0 0 0 0 0 0 1 1 1 0 R 0
659 16382 21391 714 21429 678 4170 1 0 0 0 0 0 0 1 1 1 0 R 0
660 16411 27970 606 27995 576 10170 1 0 0 0 0 0 0 1 1 1 0 R 0
661 16439 28094 951 28211 840 7379 1 0 0 0 0 0 0 1 1 1 0 R 0
662 16460 19699 603 19719 573 4407 1 0 0 0 0 0 0 1 1 1 0 R 0
663 16480 19109 603 19139 573 4141 1 0 0 0 0 0 0 1 1 2 0 R 0
664 16508 27497 610 27521 578 4343 1 0 0 0 0 0 0 1 1 1 0 R 0
665 16537 28158 989 28289 970 6508 1 0 0 0 0 0 0 1 1 1 0 R 0
666 16558 20376 651 20294 622 4929 1 0 0 0 0 0 0 1 1 1 0 R 0
667 16580 20942 678 20973 648 4592 1 0 0 0 0 0 0 1 1 2 0 R 0
668 16607 26527 1097 26644 989 6104 1 0 0 0 0 0 0 1 1 1 0 R 0
669 16634 25671 932 25696 905 4611 1 0 0 0 0 0 0 1 1 1 0 R 0
670 16658 23602 587 23617 559 5646 1 0 0 0 0 0 0 1 1 1 0 R 0
671 16679 20141 614 20174 580 3765 1 0 0 0 0 0 0 1 1 1 0 R 0
672 16704 24202 1008 24238 979 5625 1 0 0 0 0 0 0 1 1 1 0 R 0
673 16731 26547 1012 26571 988 5119 1 0 0 0 0 0 0 1 1 1 0 R 0
674 16755 22628 972 22656 945 6778 1 0 0 0 0 0 0 1 1 1 0 R 0
675 16779 22815 678 22847 632 8810 1 0 0 0 0 0 0 1 1 2 0 R 0
676 16801 21733 1107 21858 993 3922 1 0 0 0 0 0 0 1 1 2 0 R 0
677 16830 27979 1333 27993 1320 6890 1 0 0 0 0 0 0 1 1 1 0 R 0
678 16860 28621 808 28633 780 7835 1 0 0 0 0 0 0 1 1 1 0 R 0
679 16881 20124 638 20149 608 4773 1 0 0 0 0 0 0 1 1 1 0 R 0
680 16904 22528 1695 22566 1779 4221 1 0 0 0 0 0 0 1 1 1 0 R 0
681 16935 28996 1417 28376 1419 4467 1 0 1 0 0 0 0 1 1 1 0 R 0
682 16959 23245 617 23247 582 7362 1 0 0 0 0 0 0 1 1 1 0 R 0
683 16979 19052 613 19082 591 4574 1 0 0 0 0 0 0 1 1 1 0 R 0
684 17001 21142 630 21162 601 4325 1 0 0 0 0 0 0 1 1 1 0 R 0
685 17029 27890 1031 27916 1006 4967 1 0 0 0 0 0 0 1 1 1 0 R 0
686 17058 27130 718 27145 696 7051 1 0 0 0 0 0 0 1 1 1 0 R 0
687 17078 19773 586 19801 555 3784 1 0 0 0 0 0 0 1 1 2 0 R 0
688 17099 20440 615 20475 583 3841 1 0 0 0 0 0 0 1 1 1 0 R 0
689 17124 24562 1688 24734 1522 4955 1 0 0 0 0 0 0 1 1 1 0 R 0
690 17158 32355 1031 32372 1010 13627 1 0 0 0 0 0 0 1 1 1 0 R 0
691 17181 21906 612 21930 578 6877 1 0 0 0 0 0 0 1 1 1 0 R 0
692 17204 21690 625 21729 589 4355 1 0 0 0 0 0 0 1 1 1 0 R 0
693 17231 26705 1006 26730 977 5244 1 0 0 0 0 0 0 1 1 1 0 R 0
694 17260 27920 608 27945 578 7167 1 0 0 0 0 0 0 1 1 1 0 R 0
695 17281 20297 586 20322 559 4428 1 0 0 0 0 0 0 1 1 1 0 R 0
696 17302 20275 1119 20402 996 4592 1 0 0 0 0 0 0 1 1 2 0 R 0
697 17328 24990 635 25008 614 4186 1 0 0 0 0 0 0 1 1 1 0 R 0
698 17358 29909 891 29933 863 6352 1 0 0 0 0 0 0 1 1 1 0 R 0
699 17380 20587 641 20613 611 4254 1 0 0 0 0 0 0 1 1 1 0 R 0
700 17399 19033 579 19058 551 4285 1 0 0 0 0 0 0 1 1 2 0 R 0
701 17426 25637 1001 25772 865 6099 1 0 0 0 0 0 0 1 1 1 0 R 0
702 17454 27348 1001 27384 968 4502 1 0 0 0 0 0 0 1 1 2 0 R 0
703 17478 23362 577 23380 554 6451 1 0 0 0 0 0 0 1 1 1 0 R 0
704 17498 19058 585 19081 560 3861 1 0 0 0 0 0 0 1 1 1 0 R 0
705 17527 28095 1281 28208 1191 10413 1 0 0 0 0 0 0 1 1 1 0 R 0
706 17557 29138 1014 29135 993 4993 1 0 0 0 0 0 0 1 1 1 0 R 0
707 17580 21539 604 21563 578 6992 1 0 0 0 0 0 0 1 1 1 0 R 0
708 17600 19593 1224 19616 1210 4640 1 0 0 0 0 1 0 1 1 1 0 R 0
709 17627 26433 1106 26544 983 4976 1 0 0 0 0 0 0 1 1 2 0 R 0
710 17657 28534 1183 28557 1165 4784 1 0 0 0 0 0 0 1 1 1 0 R 0
711 17681 22281 619 22304 590 7111 1 0 0 0 0 0 0 1 1 1 0 R 0
712 17700 18959 635 18999 592 4241 1 0 0 0 0 0 0 1 1 1 0 R 0
713 17724 23277 1793 23312 1872 4146 1 0 0 0 0 0 0 1 1 1 0 R 0
714 17753 26733 1117 26748 995 7495 1 0 0 0 0 0 0 1 1 1 0 R 0
715 17779 25364 612 25391 578 5885 1 0 0 0 0 0 0 1 1 2 0 R 0
716 17800 19803 596 19847 553 4254 1 0 0 0 0 0 0 1 1 1 0 R 0
717 17821 20956 759 20986 727 4130 1 0 0 0 0 0 0 1 1 1 0 R 0
718 17852 29754 911 29779 887 6261 1 0 0 0 0 0 0 1 1 1 0 R 0
719 17879 26802 669 26830 630 6365 1 0 0 0 0 0 0 1 1 1 0 R 0
720 17904 24059 660 23686 626 9182 1 0 1 0 0 0 0 1 1 1 0 R 0
721 17928 23530 1198 23561 1176 3762 1 0 0 0 0 0 0 1 1 2 0 R 0
722 17957 27663 995 27673 1079 7098 1 0 0 0 0 0 0 1 1 1 0 R 0
723 17983 24664 653 24593 614 7376 1 0 0 0 0 0 0 1 1 1 0 R 0
724 18004 20425 618 20452 592 4478 1 0 0 0 0 0 0 1 1 1 0 R 0
725 18027 22630 1250 22659 1220 3766 1 0 0 0 0 0 0 1 1 2 0 R 0
726 18058 29219 1137 29347 1019 6305 1 0 0 0 0 0 0 1 1 1 0 R 0
727 18083 24557 781 24573 743 7118 1 0 0 0 0 0 0 1 1 1 0 R 0
728 18104 19565 615 19600 586 4144 1 0 0 0 0 0 0 1 1 1 0 R 0
729 18127 23002 617 23031 587 3798 1 0 0 0 0 0 0 1 1 1 0 R 0
730 18154 25762 1136 25885 1012 6717 1 0 0 0 0 0 0 1 1 2 0 R 0
731 18182 27665 610 27693 581 6508 1 0 0 0 0 0 0 1 1 0 0 R 0
732 18203 20425 598 20446 572 4736 1 0 0 0 0 0 0 1 1 2 0 R 0
733 18226 21899 823 21958 774 3825 1 0 0 0 0 0 0 1 1 1 0 R 0
734 18251 23887 1103 23907 1079 4466 1 0 0 0 0 0 0 1 1 1 0 R 0
735 18284 32590 620 32611 583 13528 1 0 0 0 0 0 0 1 1 1 0 R 0
736 18304 19301 616 19335 588 4006 1 0 0 0 0 0 0 1 1 1 0 R 0
737 18328 22854 605 22885 568 3771 1 0 0 0 0 0 0 1 1 2 0 R 0
738 18353 24609 886 24645 848 4342 1 0 0 0 0 0 0 1 1 1 0 R 0
739 18383 29073 1018 29101 994 6301 1 0 0 0 0 0 0 1 1 1 0 R 0
740 18406 22082 649 22101 624 3901 1 0 0 0 0 1 0 1 1 1 0 R 0
741 18425 18157 928 18184 902 3740 1 0 0 0 0 0 0 1 1 1 0 R 0
742 18452 26631 613 26662 583 4253 1 0 0 0 0 0 0 1 1 1 0 R 0
743 18482 28715 1020 28741 1090 6495 1 0 0 0 0 0 0 1 1 1 0 R 0
744 18504 21599 615 21525 588 4322 1 0 0 0 0 0 0 1 1 1 0 R 0
745 18524 18876 600 18906 568 3801 1 0 0 0 0 0 0 1 1 1 0 R 0
746 18548 23259 1127 23385 1003 5312 1 0 0 0 0 0 0 1 1 2 0 R 0
747 18577 28251 1001 28272 983 5295 1 0 0 0 0 0 0 1 1 1 0 R 0
748 18602 23529 618 23551 583 7374 1 0 0 0 0 0 0 1 1 1 0 R 0
749 18621 18884 827 18944 770 4240 1 0 0 0 0 0 0 1 1 1 0 R 0
750 18649 27533 997 27558 976 9540 1 0 0 0 0 0 0 1 1 1 0 R 0
751 18679 28570 997 28587 979 5839 1 0 0 0 0 0 0 1 1 1 0 R 0
752 18707 27375 867 27390 852 7144 1 0 0 0 0 0 0 1 1 1 0 R 0
753 18728 20033 599 20047 569 4087 1 0 0 0 0 0 0 1 1 2 0 R 0
754 18751 22201 1249 22232 1229 5843 1 0 0 0 0 0 0 1 1 1 0 R 0
755 18777 24834 935 24851 907 6158 1 0 0 0 0 0 0 1 1 1 0 R 0
756 18802 23796 818 23849 770 6927 1 0 0 0 0 0 0 1 1 1 0 R 0
757 18823 19955 677 19998 629 4441 1 0 0 0 0 0 0 1 1 1 0 R 0
758 18843 20087 626 20121 591 4253 1 0 0 0 0 0 0 1 1 2 0 R 0
759 18871 27337 1025 27366 992 6314 1 0 0 0 0 0 0 1 1 1 0 R 0
760 18902 29694 1438 29811 1339 5847 1 0 0 0 0 0 0 1 1 1 0 R 0
761 18927 23112 829 22960 710 5385 1 0 1 0 0 0 0 1 1 1 0 R 0
762 18949 21320 692 21345 662 3830 1 0 0 0 0 0 0 1 1 1 0 R 0
763 18976 26478 1001 26494 997 6213 1 0 0 0 0 0 0 1 1 1 0 R 0
764 19003 26362 620 26377 589 6993 1 0 0 0 0 0 0 1 1 1 0 R 0
765 19028 24002 608 24029 580 8381 1 0 0 0 0 0 0 1 1 2 0 R 0
766 19050 21085 808 21122 788 3826 1 0 0 0 0 0 0 1 1 1 0 R 0
767 19078 27224 1059 27236 1125 6380 1 0 0 0 0 0 0 1 1 1 0 R 0
768 19105 26171 933 26098 912 6931 1 0 0 0 0 0 0 1 1 1 0 R 0
769 19126 19990 588 20006 565 3805 1 0 0 0 0 0 0 1 1 1 0 R 0
770 19147 20823 589 20850 559 3820 1 0 0 0 0 0 0 1 1 1 0 R 0
771 19172 24405 1052 24436 1029 4137 1 0 0 0 0 0 0 1 1 1 0 R 0
772 19203 29618 1120 29733 996 6519 1 0 0 0 0 0 0 1 1 2 0 R 0
773 19224 20061 655 20092 625 4014 1 0 0 0 0 0 0 1 1 1 0 R 0
774 19244 19412 661 19458 615 3717 1 0 0 0 0 0 0 1 1 1 0 R 0
775 19267 22287 1175 22310 1156 3977 1 0 0 0 0 0 0 1 1 1 0 R 0
776 19297 28578 1421 28706 1403 4353 1 0 0 0 0 0 0 1 1 1 0 R 0
777 19324 25359 598 25269 567 7487 1 0 0 0 0 0 0 1 1 1 0 R 0
778 19343 18798 593 18826 567 3839 1 0 0 0 0 0 0 1 1 1 0 R 0
779 19370 26644 996 26669 977 5427 1 0 0 0 0 0 0 1 1 2 0 R 0
780 19403 32209 1392 32243 1363 12927 1 0 0 0 0 0 0 1 1 1 0 R 0
781 19433 28065 673 28102 619 8855 1 0 0 0 0 0 0 1 1 2 0 R 0
782 19454 20762 1020 20789 1000 3558 1 0 0 0 0 0 0 1 1 2 0 R 0
783 19479 24071 756 24095 848 4499 1 0 0 0 0 0 0 1 1 1 0 R 0
784 19502 21487 605 21389 580 7334 1 0 0 0 0 0 0 1 1 1 0 R 0
785 19524 21264 836 21292 901 3982 1 0 0 0 0 0 0 1 1 1 0 R 0
786 19544 19553 606 19487 577 3862 1 0 0 0 0 0 0 1 1 2 0 R 0
787 19568 23903 854 23930 830 3810 1 0 0 0 0 0 0 1 1 1 0 R 0
788 19598 28849 1494 28906 1438 6445 1 0 0 0 0 0 0 1 1 2 0 R 0
789 19622 22588 615 22615 576 6871 1 0 0 0 0 0 0 1 1 1 0 R 0
790 19642 19593 584 19622 556 3934 1 0 0 0 0 0 0 1 1 1 0 R 0
791 19664 20530 608 20564 570 4038 1 0 0 0 0 0 0 1 1 1 0 R 0
792 19690 25563 1224 25592 1212 5136 1 0 0 0 0 0 0 1 1 1 0 R 0
793 19721 29931 1439 29937 1559 7165 1 0 0 0 0 0 0 1 1 1 0 R 0
794 19743 20916 607 20797 582 5970 1 0 0 0 0 0 0 1 1 1 0 R 0
795 19769 25018 1167 25152 1034 8047 1 0 0 0 0 0 0 1 1 2 0 R 0
796 19798 27729 1280 27843 1180 7427 1 0 0 0 0 0 0 1 1 1 0 R 0
797 19825 25551 908 25562 878 7154 1 0 0 0 0 0 0 1 1 0 0 R 0
798 19844 18840 930 18863 918 4198 1 0 0 0 0 0 0 1 1 2 0 R 0
799 19866 21130 628 21144 599 3825 1 0 0 0 0 0 0 1 1 1 0 R 0
800 19893 26143 1038 25637 1021 5508 1 0 1 0 0 0 0 1 1 1 0 R 0
801 19923 28493 1019 28504 991 6449 1 0 0 0 0 0 0 1 1 1 0 R 0
802 19947 23676 650 23703 624 5696 1 0 0 0 0 0 0 1 1 1 0 R 0
803 19969 20807 1351 20837 1325 3763 1 0 0 0 0 0 0 1 1 1 0 R 0
804 19997 27152 1042 27184 1014 6256 1 0 0 0 0 0 0 1 1 2 0 R 0
805 20028 29870 1468 29973 1357 6696 1 0 0 0 0 0 0 1 1 1 0 R 0
806 20050 20605 640 20624 608 5832 1 0 0 0 0 0 0 1 1 1 0 R 0
807 20071 20398 610 20432 579 4142 1 0 0 0 0 0 0 1 1 1 0 R 0
808 20097 24724 974 24746 950 6228 1 0 0 0 0 0 0 1 1 1 0 R 0
809 20118 20286 590 20311 561 3720 1 0 0 0 0 0 0 1 1 2 0 R 0
810 20143 24302 1229 24333 1211 7833 1 0 0 0 0 1 0 1 1 1 0 R 0
811 20163 19083 621 19098 586 3840 1 0 0 0 0 0 0 1 1 1 0 R 0
812 20189 25484 1205 25513 1288 5483 1 0 0 0 0 0 0 1 1 1 0 R 0
813 20220 29249 1026 29167 1002 5015 1 0 0 0 0 0 0 1 1 1 0 R 0
814 20243 21827 612 21852 582 6998 1 0 0 0 0 0 0 1 1 1 0 R 0
815 20263 20020 596 20048 567 4307 1 0 0 0 0 0 0 1 1 1 0 R 0
816 20287 23312 625 23336 597 4800 1 0 0 0 0 0 0 1 1 1 0 R 0
817 20313 25497 1012 25528 986 6336 1 0 0 0 0 0 0 1 1 2 0 R 0
818 20342 27220 787 27240 758 6417 1 0 0 0 0 0 0 1 1 1 0 R 0
819 20362 20078 610 20111 575 4657 1 0 0 0 0 0 0 1 1 1 0 R 0
820 20385 21984 1383 22540 834 4244 1 0 0 0 0 0 0 1 1 1 0 R 0
821 20413 26343 1004 26364 980 5318 1 0 0 0 0 0 0 1 1 1 0 R 0
822 20440 25950 617 25978 585 5600 1 0 0 0 0 0 0 1 1 1 0 R 0
823 20459 19002 581 19026 559 4547 1 0 0 0 0 0 0 1 1 1 0 R 0
824 20481 20670 611 20697 579 4666 1 0 0 0 0 0 0 1 1 1 0 R 0
825 20511 29948 1122 30071 1002 12153 1 0 0 0 0 0 0 1 1 1 0 R 0
826 20537 24786 621 24799 597 6454 1 0 0 0 0 0 0 1 1 2 0 R 0
827 20559 21265 589 21292 564 4228 1 0 0 0 0 0 0 1 1 1 0 R 0
828 20580 20434 790 20557 666 4268 1 0 0 0 0 0 0 1 1 1 0 R 0
829 20606 25272 1140 25293 1115 4606 1 0 0 0 0 0 0 1 1 1 0 R 0
830 20635 27683 1535 27712 1520 6563 1 0 0 0 0 0 0 1 1 1 0 R 0
831 20657 20976 680 20986 660 3767 1 0 0 0 0 0 0 1 1 1 0 R 0
832 20677 18801 678 18846 632 3830 1 0 0 0 0 0 0 1 1 2 0 R 0
833 20701 23865 987 23893 950 4916 1 0 0 0 0 1 0 1 1 1 0 R 0
834 20724 21612 657 21644 627 5136 1 0 0 0 0 0 0 1 1 1 0 R 0
835 20753 28060 899 28090 865 5921 1 0 0 0 0 0 0 1 1 1 0 R 0
836 20774 20470 662 20502 634 3921 1 0 0 0 0 0 0 1 1 1 0 R 0
837 20799 24418 997 24537 873 3808 1 0 0 0 0 0 0 1 1 1 0 R 0
838 20829 29007 867 29036 955 6180 1 0 0 0 0 0 0 1 1 1 0 R 0
839 20854 23679 627 23601 592 6087 1 0 0 0 0 0 0 1 1 1 0 R 0
840 20876 21827 622 21850 592 7865 1 0 0 0 0 0 0 1 1 1 0 R 0
841 20899 22577 1196 22608 1182 3777 1 0 0 0 0 0 0 1 1 2 0 R 0
842 20931 30621 1025 30186 1000 6213 1 0 1 0 0 0 0 1 1 1 0 R 0
843 20955 22581 1339 22606 1331 6923 1 0 0 0 0 0 0 1 1 1 0 R 0
844 20975 18861 1644 18876 1614 3881 1 0 0 0 0 0 0 1 1 1 0 R 0
845 20998 21539 998 21555 979 3746 1 0 0 0 0 0 0 1 1 1 0 R 0
846 21027 27788 1229 27905 1422 7164 1 0 0 0 0 0 0 1 1 1 0 R 0
847 21053 24729 866 24458 820 6990 1 0 0 0 0 0 0 1 1 1 0 R 0
848 21073 19097 609 19121 582 4220 1 0 0 0 0 0 0 1 1 1 0 R 0
849 21094 20848 619 20882 581 3828 1 0 0 0 0 0 0 1 1 3 0 R 0
850 21121 26170 1012 26196 986 5078 1 0 0 0 0 0 0 1 1 0 0 R 0
851 21152 29672 1098 29792 977 6616 1 0 0 0 0 0 0 1 1 1 0 R 0
852 21174 20730 604 20754 578 4271 1 0 0 0 0 0 0 1 1 2 0 R 0
853 21196 22196 697 22238 678 3791 1 0 0 0 0 0 0 1 1 1 0 R 0
854 21221 23959 1108 24064 978 4782 1 0 0 0 0 0 0 1 1 1 0 R 0
855 21256 34239 1192 34268 1173 12535 1 0 0 0 0 0 0 1 1 1 0 R 0
856 21279 21165 609 21178 581 6594 1 0 0 0 0 0 0 1 1 1 0 R 0
857 21300 20378 655 20410 622 3775 1 0 0 0 0 0 0 1 1 1 0 R 0
858 21323 22360 1065 22389 1045 6109 1 0 0 0 0 0 0 1 1 1 0 R 0
859 21355 30873 1815 30891 1800 5759 1 0 0 0 0 0 0 1 1 1 0 R 0
860 21377 20225 600 20233 570 3995 1 0 0 0 0 0 0 1 1 1 0 R 0
861 21398 20950 1115 21076 996 3836 1 0 0 0 0 0 0 1 1 2 0 R 0
862 21425 25102 1847 25125 1834 4451 1 0 0 0 0 0 0 1 1 1 0 R 0
863 21454 27227 1000 27235 973 7041 1 0 0 0 0 0 0 1 1 1 0 R 0
864 21476 21682 596 21703 570 3877 1 0 0 0 0 0 0 1 1 1 0 R 0
865 21495 17974 947 18003 923 3716 1 0 0 0 0 0 0 1 1 1 0 R 0
866 21523 26780 1103 26896 983 5553 1 0 0 0 0 0 0 1 1 1 0 R 0
867 21553 28842 1029 28870 1116 5373 1 0 0 0 0 0 0 1 1 1 0 R 0
868 21576 22530 695 22457 658 5028 1 0 0 0 0 0 0 1 1 1 0 R 0
869 21597 19848 597 19883 554 3826 1 0 0 0 0 0 0 1 1 1 0 R 0
870 21629 31340 620 31389 568 12412 1 0 0 0 0 0 0 1 1 2 0 R 0
871 21658 28601 998 28629 973 7220 1 0 0 0 0 0 0 1 1 1 0 R 0
872 21682 23506 641 23531 611 7412 1 0 0 0 0 0 0 1 1 1 0 R 0
873 21702 18925 624 18955 597 4073 1 0 0 0 0 0 0 1 1 1 0 R 0
874 21730 27786 619 27813 587 4139 1 0 0 0 0 0 0 1 1 1 0 R 0
875 21760 29470 1135 29592 1014 6581 1 0 0 0 0 0 0 1 1 1 0 R 0
876 21784 22781 606 22809 576 7328 1 0 0 0 0 0 0 1 1 1 0 R 0
877 21805 19926 1672 19954 1667 3803 1 0 0 0 0 0 0 1 1 1 0 R 0
878 21833 26539 616 26546 584 4215 1 0 0 0 0 0 0 1 1 1 0 R 0
879 21854 20586 601 20613 581 5385 1 0 0 0 0 0 0 1 1 2 0 R 0
880 21875 20064 1924 20084 1995 3835 1 0 0 0 0 0 0 1 1 1 0 R 0
881 21899 22283 645 21771 614 4438 1 0 1 0 0 0 0 1 1 1 0 R 0
882 21923 23178 1015 23206 982 4626 1 0 0 0 0 0 0 1 1 1 0 R 0
883 21952 28045 1189 28170 1065 6536 1 0 0 0 0 0 0 1 1 1 0 R 0
884 21982 28334 805 28361 774 5829 1 0 0 0 0 0 0 1 1 1 0 R 0
885 22006 23371 575 23393 553 9148 1 0 0 0 0 0 0 1 1 1 0 R 0
886 22032 26163 1292 26283 1186 5295 1 0 0 0 0 0 0 1 1 2 0 R 0
887 22063 28978 998 28992 970 4519 1 0 0 0 0 0 0 1 1 1 0 R 0
888 22086 22638 599 22656 575 6331 1 0 0 0 0 0 0 1 1 1 0 R 0
889 22106 19447 685 19471 662 3774 1 0 0 0 0 0 0 1 1 1 0 R 0
890 22131 24240 1011 24274 981 3826 1 0 0 0 0 0 0 1 1 1 0 R 0
891 22161 28996 1199 29017 1291 4768 1 0 0 0 0 0 0 1 1 1 0 R 0
892 22186 23763 602 23662 582 5623 1 0 0 0 0 0 0 1 1 1 0 R 0
893 22205 18065 947 18125 888 3716 1 0 0 0 0 0 0 1 1 2 0 R 0
894 22228 22216 1151 22259 1107 3875 1 0 0 0 0 0 0 1 1 0 0 R 0
895 22258 28753 1190 28774 1180 6778 1 0 0 0 0 0 0 1 1 2 0 R 0
896 22283 23821 600 23831 568 5943 1 0 0 0 0 0 0 1 1 1 0 R 0
897 22303 19439 594 19467 564 4168 1 0 0 0 0 0 0 1 1 1 0 R 0
898 22324 20312 667 20354 633 3774 1 0 0 0 0 0 0 1 1 2 0 R 0
899 22356 31799 1477 31944 1453 5411 1 0 0 0 0 0 0 1 1 1 0 R 0
900 22392 33955 796 33860 762 11664 1 0 0 0 0 0 0 1 1 1 0 R 0
901 22412 19331 601 19360 572 4580 1 0 0 0 0 0 0 1 1 1 0 R 0
902 22439 26105 1152 26223 1034 4891 1 0 0 0 0 0 0 1 1 1 0 R 0
903 22465 25009 1569 25039 1566 5666 1 0 0 0 0 0 0 1 1 1 0 R 0
904 22488 21186 602 21183 573 4476 1 0 0 0 0 0 0 1 1 2 0 R 0
905 22508 19240 626 19264 602 4098 1 0 0 0 0 0 0 1 1 1 0 R 0
906 22529 20708 612 20739 580 3840 1 0 0 0 0 0 0 1 1 2 0 R 0
907 22553 23956 1014 23982 985 5372 1 0 0 0 0 0 0 1 1 1 0 R 0
908 22578 23642 1005 23669 979 4477 1 0 0 0 0 0 0 1 1 1 0 R 0
909 22601 21515 609 21542 576 4980 1 0 0 0 0 0 0 1 1 1 0 R 0
910 22648 47153 1081 29158 951 6690 1 2 4 0 0 25 0 1 1 1 0 R 0
911 22704 54918 1374 29412 1373 6166 1 2 0 0 0 61 0 1 1 2 0 R 0
912 22724 18700 937 18727 895 3928 1 0 0 0 0 10 0 1 1 1 0 R 0
913 22752 26380 1998 26392 1986 5790 1 0 0 0 0 1 0 1 1 1 0 R 0
914 22781 26953 623 26962 599 5721 1 0 0 0 0 0 0 1 1 1 0 R 0
915 22807 25536 593 25556 575 10726 1 0 0 0 0 0 0 1 1 1 0 R 0
916 22826 19045 591 19060 570 3828 1 0 0 0 0 0 0 1 1 1 0 R 0
917 22850 22663 707 22687 681 5405 1 0 0 0 0 0 0 1 1 1 0 R 0
918 22878 27437 1195 27462 1188 4435 1 0 0 0 0 0 0 1 1 1 0 R 0
919 22901 21536 606 21544 578 5442 1 0 0 0 0 0 0 1 1 1 0 R 0
920 22920 19091 642 19115 616 4288 1 0 0 0 0 0 0 1 1 1 0 R 0
921 22945 23857 1554 23421 1627 4356 1 0 1 0 0 0 0 1 1 2 0 R 0
922 22972 25648 1246 25576 1220 5611 1 0 0 0 0 0 0 1 1 1 0 R 0
923 22999 26172 659 26229 591 6655 1 0 0 0 0 0 0 1 1 1 0 R 0
924 23020 20107 890 20147 871 4452 1 0 0 0 0 0 0 1 1 1 0 R 0
925 23042 20775 611 20784 582 4300 1 0 0 0 0 0 0 1 1 1 0 R 0
926 23067 24769 1025 24890 898 5848 1 0 0 0 0 1 0 1 1 1 0 R 0
927 23090 22058 765 22084 743 5251 1 0 0 0 0 0 0 1 1 1 0 R 0
928 23111 20031 604 20058 570 5139 1 0 0 0 0 0 0 1 1 1 0 R 0
929 23131 18914 592 18941 568 4270 1 0 0 0 0 0 0 1 1 2 0 R 0
930 23161 30199 709 30240 672 10783 1 0 0 0 0 0 0 1 1 2 0 R 0
931 23187 25308 1166 25328 1138 5493 1 0 0 0 0 0 0 1 1 1 0 R 0
932 23210 21142 598 21166 570 5480 1 0 0 0 0 0 0 1 1 1 0 R 0
933 23230 20039 605 20071 574 4219 1 0 0 0 0 0 0 1 1 1 0 R 0
934 23253 22475 962 22505 935 4195 1 0 0 0 0 0 0 1 1 0 0 R 0
935 23278 23701 932 23724 908 5202 1 0 0 0 0 0 0 1 1 2 0 R 0
936 23304 24853 643 24875 615 5558 1 0 0 0 0 0 0 1 1 1 0 R 0
937 23324 19304 613 19334 582 3749 1 0 0 0 0 0 0 1 1 1 0 R 0
938 23347 22379 632 22407 609 3879 1 0 0 0 0 0 0 1 1 1 0 R 0
939 23372 24663 989 24684 1062 4737 1 0 0 0 0 0 0 1 1 2 0 R 0
940 23402 28717 1167 28904 989 6618 1 0 0 0 0 0 0 1 1 1 0 R 0
941 23423 19881 692 19794 667 4127 1 0 0 0 0 0 0 1 1 1 0 R 0
942 23443 19240 689 19280 671 3727 1 0 0 0 0 0 0 1 1 1 0 R 0
943 23471 27562 631 27569 599 3930 1 0 0 0 0 0 0 1 1 1 0 R 0
944 23500 28083 1013 28106 1093 5954 1 0 0 0 0 0 0 1 1 1 0 R 0
945 23528 27385 604 27305 576 14041 1 0 0 0 0 0 0 1 1 1 0 R 0
946 23550 21188 598 21216 657 3804 1 0 0 0 0 0 0 1 1 1 0 R 0
947 23576 25361 1134 25447 970 4726 1 0 0 0 0 0 0 1 1 1 0 R 0
948 23606 28580 965 28678 957 7471 1 0 0 0 0 0 0 1 1 1 0 R 0
949 23627 20018 714 19963 676 3796 1 0 0 0 0 0 0 1 1 1 0 R 0
950 23647 19460 576 19471 552 3831 1 0 0 0 0 0 0 1 1 2 0 R 0
951 23674 26202 1030 26236 997 4628 1 0 0 0 0 0 0 1 1 1 0 R 0
952 23703 28296 1091 28408 986 5416 1 0 0 0 0 0 0 1 1 1 0 R 0
953 23730 25534 666 25560 632 6127 1 0 0 0 0 0 0 1 1 1 0 R 0
954 23749 19218 581 19239 558 4193 1 0 0 0 0 0 0 1 1 1 0 R 0
955 23778 27879 609 27909 580 4989 1 0 0 0 0 0 0 1 1 1 0 R 0
956 23806 27759 1107 27873 1000 6204 1 0 0 0 0 0 0 1 1 1 0 R 0
957 23829 21460 592 21473 565 5245 1 0 0 0 0 0 0 1 1 2 0 R 0
958 23849 19045 589 19070 562 3788 1 0 0 0 0 0 0 1 1 1 0 R 0
959 23873 24198 1081 24225 1063 5852 1 0 0 0 0 0 0 1 1 1 0 R 0
960 23908 33838 998 33438 870 13290 1 0 1 0 0 0 0 1 1 1 0 R 0
961 23931 21776 600 21804 574 5444 1 0 0 0 0 0 0 1 1 1 0 R 0
962 23951 19425 600 19452 569 4208 1 0 0 0 0 0 0 1 1 1 0 R 0
963 23978 26549 1022 26578 1003 5600 1 0 0 0 0 0 0 1 1 2 0 R 0
964 24009 29463 1001 29482 982 5022 1 0 0 0 0 0 0 1 1 1 0 R 0
965 24032 21912 591 21924 565 6694 1 0 0 0 0 0 0 1 1 1 0 R 0
966 24051 19009 616 19036 582 4617 1 0 0 0 0 0 0 1 1 1 0 R 0
967 24075 23191 1616 23823 1000 4141 1 0 0 0 0 0 0 1 1 1 0 R 0
968 24103 26865 973 26972 958 6948 1 0 0 0 0 0 0 1 1 2 0 R 0
969 24129 24135 609 24055 578 6508 1 0 0 0 0 0 0 1 1 0 0 R 0
970 24148 19153 627 19180 605 4152 1 0 0 0 0 0 0 1 1 1 0 R 0
971 24169 20510 604 20536 580 3665 1 0 0 0 0 0 0 1 1 1 0 R 0
972 24195 24926 1691 25609 1009 5490 1 0 0 0 0 0 0 1 1 2 0 R 0
973 24224 27671 959 27702 931 6670 1 0 0 0 0 0 0 1 1 1 0 R 0
974 24245 19516 1381 19527 1367 4119 1 0 0 0 0 0 0 1 1 1 0 R 0
975 24270 23794 722 23843 659 8026 1 0 0 0 0 0 0 1 1 1 0 R 0
976 24294 23577 1468 23607 1451 5619 1 0 0 0 0 0 0 1 1 1 0 R 0
977 24324 27881 1056 27896 1037 8193 1 0 0 0 0 0 0 1 1 1 0 R 0
978 24346 20912 587 20920 564 4064 1 0 0 0 0 0 0 1 1 1 0 R 0
979 24367 20915 603 20946 573 3751 1 0 0 0 0 0 0 1 1 1 0 R 0
980 24393 25121 647 25148 618 4222 1 0 0 0 0 0 0 1 1 1 0 R 0
981 24422 28928 1001 29053 996 6269 1 0 0 0 0 0 0 1 1 2 0 R 0
982 24448 24922 613 24828 587 7729 1 0 0 0 0 0 0 1 1 1 0 R 0
983 24468 18740 1550 18770 1524 3762 1 0 0 0 0 0 0 1 1 1 0 R 0
984 24496 26989 630 27009 601 4336 1 0 0 0 0 0 0 1 1 1 0 R 0
985 24525 27780 1467 27811 1445 4889 1 0 0 0 0 0 0 1 1 1 0 R 0
986 24548 21571 607 21588 583 4131 1 0 0 0 0 0 0 1 1 1 0 R 0
987 24567 18918 572 18939 549 3701 1 0 0 0 0 0 0 1 1 1 0 R 0
988 24592 24161 1366 24316 1208 5458 1 0 0 0 0 0 0 1 1 1 0 R 0
989 24622 28283 1017 28313 989 4220 1 0 0 0 0 0 0 1 1 1 0 R 0
990 24648 25078 635 25098 607 11960 1 0 0 0 0 0 0 1 1 2 0 R 0
991 24668 19936 604 19971 568 3731 1 0 0 0 0 0 0 1 1 1 0 R 0
992 24695 25725 2103 25863 1990 5819 1 0 0 0 0 0 0 1 1 1 0 R 0
993 24724 27336 1964 27438 1956 4169 1 0 0 0 0 0 0 1 1 1 0 R 0
994 24751 24811 644 24721 616 7728 1 0 0 0 0 0 0 1 1 2 0 R 0
995 24772 20066 594 20089 565 4762 1 0 0 0 0 0 0 1 1 1 0 R 0
996 24798 25599 1303 25721 1200 5731 1 0 0 0 0 0 0 1 1 1 0 R 0
997 24827 28339 1001 28343 980 4919 1 0 0 0 0 0 0 1 1 1 0 R 0
998 24854 25739 615 25768 585 6715 1 0 0 0 0 0 0 1 1 1 0 R 0
999 24874 19059 623 19080 597 3741 1 0 0 0 0 0 0 1 1 1 0 R 0
1000 24900 25742 1221 25769 1207 5315 1 0 0 0 0 0 0 1 1 2 0 R 0
1001 24922 20675 613 20692 583 4924 1 0 0 0 0 0 0 1 1 1 0 R 0
1002 24943 20162 603 19809 576 5078 1 0 1 0 0 0 0 1 1 1 0 R 0
1003 24964 20756 742 20809 709 5193 1 0 0 0 0 0 0 1 1 1 0 R 0
1004 24986 21352 617 21361 587 3754 1 0 0 0 0 0 0 1 1 1 0 R 0
1005 25016 29079 988 29097 982 12429 1 0 0 0 0 0 0 1 1 1 0 R 0
1006 25044 27363 608 27376 579 8069 1 0 0 0 0 0 0 1 1 1 0 R 0
1007 25064 19413 606 19444 577 4011 1 0 0 0 0 0 0 1 1 1 0 R 0
1008 25086 20880 741 20895 723 3756 1 0 0 0 0 0 0 1 1 1 0 R 0
1009 25111 24402 622 24429 597 3804 1 0 0 0 0 0 0 1 1 2 0 R 0
1010 25140 28486 1365 28606 1260 7579 1 0 0 0 0 0 0 1 1 0 0 R 0
1011 25162 20700 606 20705 581 4892 1 0 0 0 0 0 0 1 1 2 0 R 0
1012 25182 19566 580 19591 550 4182 1 0 0 0 0 0 0 1 1 1 0 R 0
1013 25210 26621 1012 26650 991 5843 1 0 0 0 0 0 0 1 1 1 0 R 0
1014 25239 28202 682 28222 655 5356 1 0 0 0 0 0 0 1 1 1 0 R 0
1015 25261 21453 1298 21481 1301 5965 1 0 0 0 0 1 0 1 1 1 0 R 0
1016 25281 19049 560 19038 534 4333 1 0 0 0 0 0 0 1 1 1 0 R 0
1017 25307 25164 1144 25279 1030 5054 1 0 0 0 0 0 0 1 1 2 0 R 0
1018 25338 29546 1006 29570 989 4837 1 0 0 0 0 0 0 1 1 1 0 R 0
1019 25361 22203 660 22226 625 7217 1 0 0 0 0 1 0 1 1 1 0 R 0
1020 25383 21537 574 21562 548 7810 1 0 0 0 0 0 0 1 1 2 0 R 0
1021 25408 24257 941 24284 919 4633 1 0 0 0 0 0 0 1 1 0 0 R 0
1022 25437 27898 1188 28061 1027 6175 1 0 0 0 0 0 0 1 1 1 0 R 0
1023 25461 22848 620 22872 585 7271 1 0 0 0 0 0 0 1 1 1 0 R 0
1024 25481 19638 603 19665 576 4184 1 0 0 0 0 0 0 1 1 1 0 R 0
1025 25502 19888 1048 19920 1032 4184 1 0 0 0 0 0 0 1 1 1 0 R 0
1026 25531 27934 1062 27944 1038 6397 1 0 0 0 0 0 0 1 1 2 0 R 0
1027 25558 26251 639 26295 589 7244 1 0 0 0 0 0 0 1 1 2 0 R 0
1028 25578 19877 606 19901 583 4198 1 0 0 0 0 0 0 1 1 1 0 R 0
1029 25600 21091 617 21117 601 3777 1 0 0 0 0 0 0 1 1 1 0 R 0
1030 25625 24353 1325 25005 656 5638 1 0 0 0 0 0 0 1 1 1 0 R 0
1031 25652 26025 1005 26055 979 5449 1 0 0 0 0 0 0 1 1 0 0 R 0
1032 25678 24364 605 24389 574 6748 1 0 0 0 0 0 0 1 1 1 0 R 0
1033 25699 20773 1098 20896 988 3807 1 0 0 0 0 0 0 1 1 1 0 R 0
1034 25724 23826 662 23844 632 4240 1 0 0 0 0 0 0 1 1 2 0 R 0
1035 25760 34836 994 34860 979 14054 1 0 0 0 0 0 0 1 1 0 0 R 0
1036 25783 22049 601 22063 573 7180 1 0 0 0 0 0 0 1 1 1 0 R 0
1037 25804 20369 686 20402 653 4203 1 0 0 0 0 0 0 1 1 1 0 R 0
1038 25830 25557 1001 25579 984 4550 1 0 0 0 0 0 0 1 1 2 0 R 0
1039 25853 21855 607 21873 580 6800 1 0 0 0 0 0 0 1 1 1 0 R 0
1040 25875 21481 1467 21539 1429 4245 1 0 0 0 0 0 0 1 1 1 0 R 0
1041 25895 18530 922 18533 898 4143 1 0 0 0 0 0 0 1 1 1 0 R 0
1042 25919 23187 1016 23213 999 3748 1 0 0 0 0 0 0 1 1 2 0 R 0
1043 25948 27698 1109 27807 990 7211 1 0 0 0 0 0 0 1 1 1 0 R 0
1044 25973 23988 621 23495 588 7413 1 0 1 0 0 0 0 1 1 1 0 R 0
1045 25992 18996 590 19027 561 3800 1 0 0 0 0 0 0 1 1 1 0 R 0
1046 26014 21186 719 21216 688 4209 1 0 0 0 0 0 0 1 1 1 0 R 0
1047 26037 22565 712 22601 668 4318 1 0 0 0 0 0 0 1 1 1 0 R 0
1048 26058 19662 620 19690 597 3896 1 0 0 0 0 0 0 1 1 1 0 R 0
1049 26079 20849 795 20876 872 3788 1 0 0 0 0 0 0 1 1 1 0 R 0
1050 26104 23954 641 23877 606 7936 1 0 0 0 0 0 0 1 1 2 0 R 0
1051 26132 27767 800 27803 770 4350 1 0 0 0 0 0 0 1 1 1 0 R 0
1052 26162 28377 1015 28398 988 5492 1 0 0 0 0 0 0 1 1 1 0 R 0
1053 26184 21224 596 21248 572 4607 1 0 0 0 0 0 0 1 1 1 0 R 0
1054 26203 18819 603 18845 578 3849 1 0 0 0 0 0 0 1 1 1 0 R 0
1055 26230 26060 1147 26184 1027 4949 1 0 0 0 0 0 0 1 1 1 0 R 0
1056 26260 28893 1023 28909 996 4871 1 0 0 0 0 0 0 1 1 1 0 R 0
1057 26284 22859 596 22888 568 7252 1 0 0 0 0 0 0 1 1 1 0 R 0
1058 26305 20294 907 20321 882 3825 1 0 0 0 0 0 0 1 1 2 0 R 0
1059 26329 23564 1006 23688 976 3794 1 0 0 0 0 0 0 1 1 1 0 R 0
1060 26358 28229 998 28248 981 6340 1 0 0 0 0 0 0 1 1 1 0 R 0
1061 26383 23750 940 23677 908 6389 1 0 0 0 0 0 0 1 1 2 0 R 0
1062 26403 18579 587 18609 558 3825 1 0 0 0 0 0 0 1 1 1 0 R 0
1063 26424 20954 1536 20983 1521 4773 1 0 0 0 0 0 0 1 1 1 0 R 0
1064 26452 26504 1136 26610 1028 7597 1 0 0 0 0 0 0 1 1 1 0 R 0
1065 26487 33509 885 33614 761 12829 1 0 0 0 0 0 0 1 1 1 0 R 0
1066 26508 19892 681 19925 649 3799 1 0 0 0 0 0 0 1 1 1 0 R 0
1067 26532 23472 1002 23594 982 3821 1 0 0 0 0 0 0 1 1 1 0 R 0
1068 26562 28724 1047 28666 1001 6525 1 0 0 0 0 0 0 1 1 1 0 R 0
1069 26587 24375 667 24414 621 6433 1 0 0 0 0 0 0 1 1 1 0 R 0
1070 26608 20214 628 20264 581 3900 1 0 0 0 0 0 0 1 1 1 0 R 0
1071 26629 20099 1021 20230 986 3778 1 0 0 0 0 0 0 1 1 1 0 R 0
1072 26658 28119 1140 28150 1027 7194 1 0 0 0 0 0 0 1 1 2 0 R 0
1073 26684 24965 605 24973 579 7223 1 0 0 0 0 0 0 1 1 1 0 R 0
1074 26703 19069 646 19096 623 4175 1 0 0 0 0 0 0 1 1 1 0 R 0
1075 26727 22447 621 22472 591 3853 1 0 0 0 0 0 0 1 1 1 0 R 0
1076 26751 23956 1008 23980 979 4820 1 0 0 0 0 0 0 1 1 1 0 R 0
1077 26781 29049 1177 29079 1164 7246 1 0 0 0 0 0 0 1 1 1 0 R 0
1078 26802 19697 595 19705 568 4342 1 0 0 0 0 0 0 1 1 1 0 R 0
1079 26821 18803 604 18837 573 4272 1 0 0 0 0 0 0 1 1 1 0 R 0
1080 26851 29139 616 29168 588 11881 1 0 0 0 0 0 0 1 1 1 0 R 0
1081 26878 26427 950 26454 1016 6204 1 0 0 0 0 0 0 1 1 1 0 R 0
1082 26900 20966 604 20892 580 5059 1 0 0 0 0 0 0 1 1 2 0 R 0
1083 26920 19597 655 19624 627 4687 1 0 0 0 0 0 0 1 1 1 0 R 0
1084 26947 26111 605 25580 579 7160 1 0 1 0 0 0 0 1 1 1 0 R 0
1085 26971 23572 873 23705 736 4249 1 0 0 0 0 0 0 1 1 1 0 R 0
1086 26995 22503 973 22541 942 7058 1 0 0 0 0 0 0 1 1 1 0 R 0
1087 27016 19843 582 19854 564 3997 1 0 0 0 0 0 0 1 1 1 0 R 0
1088 27037 21242 613 21269 585 3851 1 0 0 0 0 0 0 1 1 2 0 R 0
1089 27065 26980 1265 27012 1243 5910 1 0 0 0 0 0 0 1 1 1 0 R 0
1090 27092 25850 613 25871 581 4944 1 0 0 0 0 0 0 1 1 1 0 R 0
1091 27112 19365 612 19391 585 4768 1 0 0 0 0 0 0 1 1 1 0 R 0
1092 27134 21622 718 21655 679 4128 1 0 0 0 0 0 0 1 1 2 0 R 0
1093 27158 23389 610 23417 585 4244 1 0 0 0 0 0 0 1 1 1 0 R 0
1094 27188 28567 1123 28685 1011 6247 1 0 0 0 0 0 0 1 1 1 0 R 0
1095 27212 23223 620 23241 596 9167 1 0 0 0 0 0 0 1 1 1 0 R 0
1096 27231 18435 585 18458 556 4169 1 0 0 0 0 0 0 1 1 1 0 R 0
1097 27258 26249 1237 26293 1223 5248 1 0 0 0 0 0 0 1 1 2 0 R 0
1098 27288 28714 909 28707 992 5544 1 0 0 0 0 0 0 1 1 1 0 R 0
1099 27310 21632 618 21554 587 5561 1 0 0 0 0 0 0 1 1 1 0 R 0
1100 27330 19201 572 19222 546 4143 1 0 0 0 0 0 0 1 1 1 0 R 0
1101 27354 22924 1228 23079 1080 5344 1 0 0 0 0 0 0 1 1 1 0 R 0
1102 27389 33757 1177 33893 1031 5794 1 0 0 0 0 0 0 1 1 3 0 R 0
1103 27414 23742 711 23787 665 5738 1 0 0 0 0 0 0 1 1 2 0 R 0
1104 27434 19367 586 19396 556 3696 1 0 0 0 0 0 0 1 1 2 0 R 0
1105 27460 25343 1005 25458 890 5445 1 0 0 0 0 0 0 1 1 1 0 R 0
1106 27488 27629 1042 27668 1006 4941 1 0 0 0 0 0 0 1 1 1 0 R 0
1107 27510 21067 606 21087 580 6024 1 0 0 0 0 0 0 1 1 1 0 R 0
1108 27530 18991 1504 19018 1482 4165 1 0 0 0 0 0 0 1 1 1 0 R 0
1109 27554 22529 1998 22555 2089 4254 1 0 0 0 0 0 0 1 1 2 0 R 0
1110 27584 28267 1668 28265 1560 11590 1 0 0 0 0 0 0 1 1 1 0 R 0
1111 27609 23057 606 23071 572 5845 1 0 0 0 0 0 0 1 1 1 0 R 0
1112 27629 19805 606 19835 578 4787 1 0 0 0 0 1 0 1 1 1 0 R 0
1113 27651 20877 799 20953 723 4540 1 0 0 0 0 0 0 1 1 2 0 R 0
1114 27679 27154 1104 27273 992 5918 1 0 0 0 0 0 0 1 1 1 0 R 0
1115 27707 27137 643 27190 581 7060 1 0 0 0 0 0 0 1 1 1 0 R 0
1116 27728 20225 614 20248 588 4021 1 0 0 0 0 0 0 1 1 1 0 R 0
1117 27749 20650 1505 20677 1512 3764 1 0 0 0 0 1 0 1 1 1 0 R 0
1118 27775 24335 1491 24327 1475 5390 1 0 0 0 0 0 0 1 1 1 0 R 0
1119 27805 28472 1550 28490 1534 7336 1 0 0 0 0 0 0 1 1 1 0 R 0
1120 27831 24174 616 24193 577 7882 1 0 0 0 0 0 0 1 1 1 0 R 0
1121 27852 21070 608 21102 579 4237 1 0 0 0 0 0 0 1 1 1 0 R 0
1122 27879 25594 1102 25716 974 5418 1 0 0 0 0 0 0 1 1 1 0 R 0
1123 27909 29407 814 29435 798 7030 1 0 0 0 0 0 0 1 1 1 0 R 0
1124 27929 19370 611 19382 589 4492 1 0 0 0 0 0 0 1 1 2 0 R 0
1125 27954 23795 626 23827 590 7834 1 0 0 0 0 0 0 1 1 1 0 R 0
1126 27982 27564 1049 26589 1016 5383 1 0 1 0 0 0 0 1 1 1 0 R 0
1127 28012 28694 824 28806 711 6460 1 0 0 0 0 0 0 1 1 1 0 R 0
1128 28032 19840 617 19860 594 4374 1 0 0 0 0 0 0 1 1 1 0 R 0
1129 28052 19354 2068 19404 2020 4342 1 0 0 0 0 0 0 1 1 1 0 R 0
1130 28080 25804 607 25821 582 3832 1 0 0 0 0 0 0 1 1 1 0 R 0
1131 28109 28633 1300 28755 1207 7332 1 0 0 0 0 0 0 1 1 1 0 R 0
1132 28132 21072 639 21066 614 4403 1 0 0 0 0 0 0 1 1 2 0 R 0
1133 28151 18840 577 18865 549 4247 1 0 0 0 0 0 0 1 1 1 0 R 0
1134 28179 26959 1026 26988 1004 6194 1 0 0 0 0 0 0 1 1 1 0 R 0
1135 28204 23832 1122 23943 1004 5053 1 0 0 0 0 0 0 1 1 1 0 R 0
1136 28232 26805 619 26832 597 7652 1 0 0 0 0 0 0 1 1 1 0 R 0
1137 28251 19289 594 19312 566 4442 1 0 0 0 0 0 0 1 1 1 0 R 0
1138 28278 26030 1296 26147 1189 5301 1 0 0 0 0 0 0 1 1 1 0 R 0
1139 28307 28024 1019 28032 998 4800 1 0 0 0 0 0 0 1 1 1 0 R 0
1140 28333 25114 607 25139 582 11316 1 0 0 0 0 0 0 1 1 1 0 R 0
1141 28353 19016 725 19066 673 3777 1 0 0 0 0 0 0 1 1 2 0 R 0
1142 28376 22463 602 22484 576 4828 1 0 0 0 0 0 0 1 1 1 0 R 0
1143 28404 27589 1698 27618 1676 5908 1 0 0 0 0 0 0 1 1 1 0 R 0
1144 28429 22897 616 22923 580 7383 1 0 0 0 0 0 0 1 1 1 0 R 0
1145 28450 20096 601 20123 571 4121 1 0 0 0 0 0 0 1 1 1 0 R 0
1146 28472 21224 1184 21302 1119 4460 1 0 0 0 0 0 0 1 1 2 0 R 0
1147 28499 26480 976 26588 858 6257 1 0 0 0 0 0 0 1 1 1 0 R 0
1148 28527 26715 623 26739 603 7117 1 0 0 0 0 0 0 1 1 1 0 R 0
1149 28548 20161 588 20180 562 3684 1 0 0 0 0 0 0 1 1 1 0 R 0
1150 28570 21614 614 21645 582 3854 1 0 0 0 0 0 0 1 1 1 0 R 0
1151 28596 24984 879 25004 857 5723 1 0 0 0 0 0 0 1 1 1 0 R 0
1152 28624 27803 1986 27830 2105 6947 1 0 0 0 0 0 0 1 1 1 0 R 0
1153 28646 19913 591 19786 569 3989 1 0 0 0 0 0 0 1 1 1 0 R 0
1154 28666 19286 576 19310 553 3783 1 0 0 0 0 0 0 1 1 1 0 R 0
1155 28694 27199 616 27228 585 11642 1 0 0 0 0 0 0 1 1 2 0 R 0
1156 28724 29258 1021 29288 991 5722 1 0 0 0 0 0 0 1 1 1 0 R 0
1157 28749 24539 612 24566 579 6703 1 0 0 0 0 0 0 1 1 1 0 R 0
1158 28770 20402 1005 20434 977 4379 1 0 0 0 0 0 0 1 1 0 0 R 0
1159 28796 25184 597 25203 573 4186 1 0 0 0 0 0 0 1 1 3 0 R 0
1160 28826 28599 960 28614 950 5851 1 0 0 0 0 0 0 1 1 1 0 R 0
1161 28850 23626 606 23648 578 7385 1 0 0 0 0 0 0 1 1 1 0 R 0
1162 28870 19211 586 19236 562 4248 1 0 0 0 0 0 0 1 1 1 0 R 0
1163 28898 27650 638 27675 611 4798 1 0 0 0 0 0 0 1 1 1 0 R 0
1164 28922 22616 612 22644 581 6009 1 0 0 0 0 0 0 1 1 1 0 R 0
1165 28946 23459 954 23177 940 5635 1 0 1 0 0 0 0 1 1 1 0 R 0
1166 28968 20987 617 21011 585 4066 1 0 0 0 0 0 0 1 1 1 0 R 0
1167 28994 25639 1041 25669 1003 4538 1 0 0 0 0 0 0 1 1 2 0 R 0
1168 29024 29097 1028 29133 997 4621 1 0 0 0 0 0 0 1 1 1 0 R 0
1169 29048 23229 623 23255 592 5742 1 0 0 0 0 0 0 1 1 1 0 R 0
1170 29071 22376 595 22408 561 8128 1 0 0 0 0 0 0 1 1 1 0 R 0
1171 29097 25539 992 25561 972 6034 1 0 0 0 0 0 0 1 1 1 0 R 0
1172 29127 28201 1183 28220 1174 5364 1 0 0 0 0 0 0 1 1 2 0 R 0
1173 29153 25226 745 25240 725 7085 1 0 0 0 0 0 0 1 1 1 0 R 0
1174 29174 19891 593 19907 572 4115 1 0 0 0 0 0 0 1 1 1 0 R 0
1175 29198 24294 1273 24331 1232 5245 1 0 0 0 0 0 0 1 1 1 0 R 0
1176 29228 28166 1190 28188 1179 5151 1 0 0 0 0 0 0 1 1 1 0 R 0
1177 29252 22757 614 22771 584 6500 1 0 0 0 0 0 0 1 1 1 0 R 0
1178 29272 19313 597 19337 571 4570 1 0 0 0 0 0 0 1 1 1 0 R 0
1179 29295 22198 1871 22313 1769 4214 1 0 0 0 0 0 0 1 1 1 0 R 0
1180 29322 25659 1004 25668 987 7735 1 0 0 0 0 0 0 1 1 1 0 R 0
1181 29349 25736 664 25758 629 6239 1 0 0 0 0 0 0 1 1 1 0 R 0
1182 29369 19180 599 19209 571 4676 1 0 0 0 0 0 0 1 1 1 0 R 0
1183 29390 20449 611 20482 577 3795 1 0 0 0 0 0 0 1 1 2 0 R 0
1184 29415 24458 1688 24482 1672 5782 1 0 0 0 0 0 0 1 1 1 0 R 0
1185 29449 32558 1030 32572 1017 12774 1 0 0 0 0 0 0 1 1 1 0 R 0
1186 29472 22009 614 22026 585 6272 1 0 0 0 0 0 0 1 1 1 0 R 0
1187 29493 20120 622 20156 584 4363 1 0 0 0 0 0 0 1 1 1 0 R 0
1188 29520 26159 1033 26186 1011 5558 1 0 0 0 0 0 0 1 1 1 0 R 0
1189 29549 28224 605 28246 579 6908 1 0 0 0 0 0 0 1 1 1 0 R 0
1190 29569 19532 595 19556 571 4393 1 0 0 0 0 0 0 1 1 1 0 R 0
1191 29589 19683 616 19713 582 4253 1 0 0 0 0 0 0 1 1 1 0 R 0
1192 29617 26637 625 26662 597 4517 1 0 0 0 0 0 0 1 1 1 0 R 0
1193 29645 27361 1803 27392 1794 7178 1 0 0 0 0 0 0 1 1 2 0 R 0
1194 29669 22703 609 22707 585 4255 1 0 0 0 0 0 0 1 1 1 0 R 0
1195 29688 18642 704 18694 644 4182 1 0 0 0 0 0 0 1 1 1 0 R 0
1196 29714 24638 2400 24776 2284 5986 1 0 0 0 0 0 0 1 1 1 0 R 0
1197 29748 32187 1177 32320 1033 4705 1 0 0 0 0 0 0 1 1 1 0 R 0
1198 29772 22989 603 23004 576 7475 1 0 0 0 0 0 0 1 1 1 0 R 0
1199 29792 18982 592 19005 566 4356 1 0 0 0 0 0 0 1 1 1 0 R 0
1200 29822 29796 898 29858 955 12191 1 0 0 0 0 0 0 1 1 2 0 R 0
1201 29852 28814 1139 28806 1028 6492 1 0 0 0 0 0 0 1 1 1 0 R 0
1202 29877 23981 595 24002 571 6701 1 0 0 0 0 0 0 1 1 1 0 R 0
1203 29898 20538 994 20565 972 3709 1 0 0 0 0 0 0 1 1 1 0 R 0
1204 29924 24834 678 24860 645 3847 1 0 0 0 0 0 0 1 1 1 0 R 0
1205 29946 21076 710 21114 666 3947 1 0 0 0 0 1 0 1 1 1 0 R 0
1206 29969 22749 763 22242 739 3877 1 0 1 0 0 0 0 1 1 1 0 R 0
1207 29990 19439 596 19462 570 4810 1 0 0 0 0 0 0 1 1 1 0 R 0
1208 30013 22922 1019 22956 983 4256 1 0 0 0 0 0 0 1 1 1 0 R 0
1209 30042 27990 1034 28023 1024 5885 1 0 0 0 0 0 0 1 1 2 0 R 0
1210 30072 28877 894 28967 778 6131 1 0 0 0 0 0 0 1 1 1 0 R 0
1211 30093 20290 600 20320 574 4095 1 0 0 0 0 0 0 1 1 1 0 R 0
1212 30117 23470 1004 23498 974 3821 1 0 0 0 0 0 0 1 1 2 0 R 0
1213 30146 27442 959 27543 958 6918 1 0 0 0 0 0 0 1 1 1 0 R 0
1214 30174 27356 906 27287 871 8217 1 0 0 0 0 0 0 1 1 1 0 R 0
1215 30198 23147 602 23171 577 9880 1 0 0 0 0 0 0 1 1 1 0 R 0
1216 30222 23521 777 23547 750 5872 1 0 0 0 0 0 0 1 1 1 0 R 0
1217 30245 21941 1275 21972 1253 4619 1 0 0 0 0 0 0 1 1 1 0 R 0
1218 30265 19133 599 19147 575 3824 1 0 0 0 0 0 0 1 1 1 0 R 0
1219 30288 21660 597 21687 563 5024 1 0 0 0 0 0 0 1 1 1 0 R 0
1220 30310 21333 1234 21367 1222 3826 1 0 0 0 0 1 0 1 1 1 0 R 0
1221 30335 24203 1847 24717 1326 5440 1 0 0 0 0 0 0 1 1 1 0 R 0
1222 30364 26824 1329 26936 1720 4871 1 0 0 0 0 0 0 1 1 1 0 R 0
1223 30386 21179 626 20684 604 4091 1 0 0 0 0 0 0 1 1 2 0 R 0
1224 30406 19553 595 19578 569 3831 1 0 0 0 0 0 0 1 1 1 0 R 0
1225 30433 26061 1015 26190 883 4178 1 0 0 0 0 0 0 1 1 1 0 R 0
1226 30462 28421 1096 28541 983 5405 1 0 0 0 0 0 0 1 1 2 0 R 0
1227 30485 21842 617 21856 593 4807 1 0 0 0 0 0 0 1 1 1 0 R 0
1228 30504 18132 634 18158 608 3794 1 0 0 0 0 0 0 1 1 1 0 R 0
1229 30531 26205 985 26322 976 4669 1 0 0 0 0 0 0 1 1 2 0 R 0
1230 30564 32267 1855 32289 1728 12657 1 0 0 0 0 0 0 1 1 1 0 R 0
1231 30588 21475 603 21493 576 5462 1 0 0 0 0 0 0 1 1 1 0 R 0
1232 30608 19786 640 19814 608 3841 1 0 0 0 0 0 0 1 1 1 0 R 0
1233 30633 24414 1010 24442 989 6044 1 0 0 0 0 0 0 1 1 1 0 R 0
1234 30662 28022 1188 28041 1171 4260 1 0 0 0 0 0 0 1 1 1 0 R 0
1235 30690 26612 603 26628 577 5840 1 0 0 0 0 0 0 1 1 1 0 R 0
1236 30710 19180 604 19207 580 4824 1 0 0 0 0 0 0 1 1 1 0 R 0
1237 30735 24504 1699 24528 1692 5586 1 0 0 0 0 0 0 1 1 1 0 R 0
1238 30760 23469 1012 23476 986 4489 1 0 0 0 0 0 0 1 1 2 0 R 0
1239 30783 22395 607 22422 573 7195 1 0 0 0 0 0 0 1 1 1 0 R 0
1240 30803 19494 619 19541 573 4172 1 0 0 0 0 0 0 1 1 1 0 R 0
1241 30824 20280 656 20314 619 3868 1 0 0 0 0 0 0 1 1 0 0 R 0
1242 30851 25598 1041 25625 1019 5734 1 0 0 0 0 0 0 1 1 2 0 R 0
1243 30880 28864 626 28885 600 6659 1 0 0 0 0 0 0 1 1 1 0 R 0
1244 30901 19692 609 19714 584 4492 1 0 0 0 0 0 0 1 1 2 0 R 0
1245 30926 25037 1044 24663 1003 8479 1 0 1 0 0 0 0 1 1 1 0 R 0
1246 30952 24254 1051 24276 1022 4866 1 0 0 0 0 0 0 1 1 1 0 R 0
1247 30982 29092 606 29116 578 6524 1 0 0 0 0 0 0 1 1 1 0 R 0
1248 31003 20015 637 20039 612 4440 1 0 0 0 0 0 0 1 1 1 0 R 0
1249 31022 18855 1698 18881 1681 4285 1 0 0 0 0 0 0 1 1 1 0 R 0
1250 31051 26873 615 26900 580 4465 1 0 0 0 0 0 0 1 1 2 0 R 0
1251 31081 29976 1022 30004 995 7310 1 0 0 0 0 0 0 1 1 0 0 R 0
1252 31102 20071 686 20112 640 4764 1 0 0 0 0 0 0 1 1 1 0 R 0
1253 31121 18544 711 18589 664 4244 1 0 0 0 0 0 0 1 1 1 0 R 0
1254 31149 26938 1007 26962 979 6050 1 0 0 0 0 0 0 1 1 1 0 R 0
1255 31175 24638 1994 24808 1938 5831 1 0 0 0 0 0 0 1 1 2 0 R 0
1256 31209 32255 916 32230 842 7261 1 0 0 0 0 0 0 1 1 1 0 R 0
1257 31232 21736 624 21752 591 4355 1 0 0 0 0 0 0 1 1 2 0 R 0
1258 31258 25460 993 25483 978 5810 1 0 0 0 0 0 0 1 1 1 0 R 0
1259 31288 29694 1191 29814 1072 7463 1 0 0 0 0 0 0 1 1 1 0 R 0
1260 31314 24794 599 24805 873 12213 1 0 0 0 0 0 0 1 1 1 0 R 0
1261 31336 21348 631 21077 598 3812 1 0 0 0 0 0 0 1 1 1 0 R 0
1262 31363 25575 1008 25604 981 5880 1 0 0 0 0 0 0 1 1 1 0 R 0
1263 31384 20135 598 20163 572 4905 1 0 0 0 0 0 0 1 1 1 0 R 0
1264 31406 22136 599 22156 576 3892 1 0 0 0 0 0 0 1 1 1 0 R 0
1265 31427 20003 657 20038 635 4038 1 0 0 0 0 0 0 1 1 2 0 R 0
1266 31452 24469 1059 24576 1051 5152 1 0 0 0 0 0 0 1 1 1 0 R 0
1267 31482 28343 1008 28255 984 4215 1 0 0 0 0 0 0 1 1 1 0 R 0
1268 31507 24127 661 24147 633 5781 1 0 0 0 0 0 0 1 1 1 0 R 0
1269 31527 19206 584 19233 559 3804 1 0 0 0 0 0 0 1 1 1 0 R 0
1270 31551 23567 1092 23689 969 3765 1 0 0 0 0 0 0 1 1 1 0 R 0
1271 31581 28864 1009 28890 983 6316 1 0 0 0 0 0 0 1 1 1 0 R 0
1272 31610 27802 881 27823 855 7234 1 0 0 0 0 0 0 1 1 1 0 R 0
1273 31631 20382 613 20415 586 4465 1 0 0 0 0 0 0 1 1 1 0 R 0
1274 31657 25233 1140 25337 1036 5517 1 0 0 0 0 0 0 1 1 1 0 R 0
1275 31690 32657 1127 32769 1012 11387 1 0 0 0 0 0 0 1 1 2 0 R 0
1276 31717 25380 659 25397 1009 6384 1 0 0 0 0 0 0 1 1 1 0 R 0
1277 31736 18736 579 18383 556 3796 1 0 0 0 0 0 0 1 1 1 0 R 0
1278 31762 25295 1034 25322 1005 5504 1 0 0 0 0 0 0 1 1 2 0 R 0
1279 31785 21683 968 21708 949 4453 1 0 0 0 0 0 0 1 1 0 0 R 0
1280 31804 17996 593 18014 564 3783 1 0 0 0 0 0 0 1 1 1 0 R 0
1281 31826 21639 639 21664 613 5539 1 0 0 0 0 0 0 1 1 1 0 R 0
1282 31848 21345 607 21376 579 3781 1 0 0 0 0 0 0 1 1 3 0 R 0
1283 31873 23873 949 23901 917 5294 1 0 0 0 0 0 0 1 1 1 0 R 0
1284 31905 30965 1579 30445 1635 6204 1 0 1 0 0 0 0 1 1 1 0 R 0
1285 31929 22639 609 22574 582 5994 1 0 0 0 0 0 0 1 1 1 0 R 0
1286 31950 20641 615 20671 585 3860 1 0 0 0 0 0 0 1 1 1 0 R 0
1287 31979 28862 1036 28889 1008 6309 1 0 0 0 0 0 0 1 1 1 0 R 0
1288 32010 29670 1355 29693 1337 6752 1 0 0 0 0 0 0 1 1 1 0 R 0
1289 32033 21331 621 21350 589 5436 1 0 0 0 0 0 0 1 1 2 0 R 0
1290 32061 27285 995 27318 959 8728 1 0 0 0 0 0 0 1 1 1 0 R 0
1291 32085 23660 566 23684 540 7234 1 0 0 0 0 0 0 1 1 1 0 R 0
1292 32104 17902 634 17929 608 3760 1 0 0 0 0 0 0 1 1 1 0 R 0
1293 32126 21745 595 21768 880 3886 1 0 0 0 0 0 0 1 1 0 0 R 0
1294 32147 19816 597 19527 576 3816 1 0 0 0 0 0 0 1 1 2 0 R 0
1295 32173 26086 1155 26219 1018 4590 1 0 0 0 0 0 0 1 1 1 0 R 0
1296 32202 27864 1010 27891 1094 5058 1 0 0 0 0 0 0 1 1 2 0 R 0
1297 32225 21313 934 21227 1341 5235 1 0 0 0 0 0 0 1 1 1 0 R 0
1298 32245 19070 928 18663 902 3811 1 0 0 0 0 1 0 1 1 1 0 R 0
1299 32272 25951 1017 25975 997 4672 1 0 0 0 0 0 0 1 1 1 0 R 0
1300 32302 29331 1008 29351 991 4351 1 0 0 0 0 0 0 1 1 1 0 R 0
1301 32325 21835 922 21851 909 5134 1 0 0 0 0 0 0 1 1 1 0 R 0
1302 32344 18235 758 18311 663 3604 1 0 0 0 0 0 0 1 1 2 0 R 0
1303 32368 23034 1205 23344 1007 3798 1 0 0 0 0 0 0 1 1 1 0 R 0
1304 32397 27895 1043 27900 925 6612 1 0 0 0 0 0 0 1 1 1 0 R 0
1305 32428 30614 794 30639 772 14031 1 0 0 0 0 0 0 1 1 1 0 R 0
1306 32449 19976 586 19994 563 4247 1 0 0 0 0 0 0 1 1 1 0 R 0
1307 32473 23612 850 23645 933 4155 1 0 0 0 0 0 0 1 1 2 0 R 0
1308 32502 27823 1143 27731 1128 5278 1 0 0 0 0 0 0 1 1 1 0 R 0
1309 32527 23528 631 23542 600 6675 1 0 0 0 0 0 0 1 1 1 0 R 0
1310 32548 20118 600 20146 573 3816 1 0 0 0 0 0 0 1 1 1 0 R 0
1311 32569 20998 1075 21119 966 3792 1 0 0 0 0 0 0 1 1 1 0 R 0
1312 32598 27816 1222 27830 1209 6750 1 0 0 0 0 0 0 1 1 1 0 R 0
1313 32625 25357 1265 25395 1222 6355 1 0 0 0 0 0 0 1 1 0 0 R 0
1314 32644 18438 975 18467 938 4144 1 0 0 0 0 0 0 1 1 2 0 R 0
1315 32666 20756 605 20780 577 3787 1 0 0 0 0 0 0 1 1 2 0 R 0
1316 32693 26646 1304 26765 1206 4821 1 0 0 0 0 0 0 1 1 1 0 R 0
1317 32724 29246 1031 29256 994 6617 1 0 0 0 0 0 0 1 1 1 0 R 0
1318 32746 20784 657 20839 609 3808 1 0 0 0 0 0 0 1 1 1 0 R 0
1319 32768 21382 642 21405 607 3756 1 0 0 0 0 0 0 1 1 1 0 R 0
1320 32797 28728 1201 28753 1187 11611 1 0 0 0 0 0 0 1 1 1 0 R 0
1321 32823 24959 1039 24975 1009 7276 1 0 0 0 0 0 0 1 1 1 0 R 0
1322 32845 20689 1104 21047 763 4475 1 0 0 0 0 1 0 1 1 1 0 R 0
1323 32865 18820 1906 18832 1890 3775 1 0 0 0 0 0 0 1 1 1 0 R 0
1324 32893 26272 629 26294 598 3882 1 0 0 0 0 0 0 1 1 1 0 R 0
1325 32922 28199 1179 28223 1161 6430 1 0 0 0 0 0 0 1 1 1 0 R 0
1326 32946 23093 592 22435 567 5335 1 0 1 0 0 0 0 1 1 2 0 R 0
1327 32966 19257 585 19283 560 3783 1 0 0 0 0 0 0 1 1 1 0 R 0
1328 32988 21834 819 21977 674 4115 1 0 0 0 0 0 0 1 1 1 0 R 0
1329 33013 23714 993 23837 971 4733 1 0 0 0 0 0 0 1 1 1 0 R 0
1330 33038 24224 658 24152 628 6340 1 0 0 0 0 0 0 1 1 1 0 R 0
1331 33058 18951 633 18989 589 3784 1 0 0 0 0 0 0 1 1 1 0 R 0
1332 33080 21745 612 21780 577 3763 1 0 0 0 0 0 0 1 1 1 0 R 0
1333 33112 30913 1033 30947 1001 6575 1 0 0 0 0 0 0 1 1 2 0 R 0
1334 33138 25588 615 25618 584 6470 1 0 0 0 0 0 0 1 1 1 0 R 0
1335 33161 22255 603 22281 575 8363 1 0 0 0 0 0 0 1 1 1 0 R 0
1336 33183 20778 1102 20894 989 4143 1 0 0 0 0 0 0 1 1 1 0 R 0
1337 33210 26350 1006 26374 978 6485 1 0 0 0 0 0 0 1 1 1 0 R 0
1338 33239 27787 603 27810 575 7592 1 0 0 0 0 0 0 1 1 1 0 R 0
1339 33259 19890 595 19915 567 4932 1 0 0 0 0 0 0 1 1 1 0 R 0
1340 33281 20732 606 20763 574 4168 1 0 0 0 0 0 0 1 1 2 0 R 0
1341 33307 26093 707 26133 668 5710 1 0 0 0 0 0 0 1 1 1 0 R 0
1342 33336 27916 997 27931 992 6432 1 0 0 0 0 0 0 1 1 1 0 R 0
1343 33356 19024 588 19031 567 3986 1 0 0 0 0 0 0 1 1 1 0 R 0
1344 33375 18304 1120 18328 1106 3827 1 0 0 0 0 0 0 1 1 1 0 R 0
1345 33403 26690 1134 26815 1001 4518 1 0 0 0 0 0 0 1 1 1 0 R 0
1346 33432 28436 1018 28457 1005 5379 1 0 0 0 0 0 0 1 1 1 0 R 0
1347 33456 22865 613 22869 595 4624 1 0 0 0 0 0 0 1 1 1 0 R 0
1348 33475 18694 564 18709 544 3854 1 0 0 0 0 0 0 1 1 2 0 R 0
1349 33503 26720 1122 26852 992 5265 1 0 0 0 0 0 0 1 1 1 0 R 0
1350 33538 34278 1009 34300 990 13807 1 0 0 0 0 0 0 1 1 2 0 R 0
1351 33562 22986 630 23008 610 7221 1 0 0 0 0 0 0 1 1 0 0 R 0
1352 33583 20528 1006 20552 979 4250 1 0 0 0 0 0 0 1 1 2 0 R 0
1353 33611 26239 618 26263 587 3749 1 0 0 0 0 0 0 1 1 1 0 R 0
1354 33640 29084 1111 29208 993 7413 1 0 0 0 0 0 0 1 1 1 0 R 0
1355 33662 20712 606 20730 579 4225 1 0 0 0 0 0 0 1 1 1 0 R 0
1356 33682 19164 637 19192 610 4579 1 0 0 0 0 0 0 1 1 1 0 R 0
1357 33709 26564 975 26585 961 5775 1 0 0 0 0 0 0 1 1 1 0 R 0
1358 33739 29116 992 29227 984 5358 1 0 0 0 0 0 0 1 1 2 0 R 0
1359 33762 22218 602 22126 580 5421 1 0 0 0 0 0 0 1 1 1 0 R 0
1360 33782 19074 571 19095 543 4221 1 0 0 0 0 0 0 1 1 1 0 R 0
1361 33808 25787 998 25811 978 6037 1 0 0 0 0 0 0 1 1 1 0 R 0
1362 33837 27123 1030 27141 1011 4905 1 0 0 0 0 0 0 1 1 1 0 R 0
1363 33863 25888 804 25916 773 6541 1 0 0 0 0 0 0 1 1 1 0 R 0
1364 33884 19435 590 19458 561 4012 1 0 0 0 0 0 0 1 1 2 0 R 0
1365 33916 31822 584 31547 560 11574 1 0 1 0 0 0 0 1 1 0 0 R 0
1366 33946 29653 1196 29676 1307 5643 1 0 0 0 0 0 0 1 1 2 0 R 0
1367 33968 20672 619 20565 592 4298 1 0 0 0 0 0 0 1 1 1 0 R 0
1368 33988 19514 586 19538 563 3833 1 0 0 0 0 0 0 1 1 1 0 R 0
1369 34013 24123 1110 24241 991 4985 1 0 0 0 0 0 0 1 1 1 0 R 0
1370 34043 28386 1027 28407 1013 4277 1 0 0 0 0 0 0 1 1 1 0 R 0
1371 34070 26028 650 26042 621 6673 1 0 0 0 0 0 0 1 1 1 0 R 0
1372 34090 19541 791 19580 759 4427 1 0 0 0 0 0 0 1 1 1 0 R 0
1373 34117 26483 1096 26516 1151 6058 1 0 0 0 0 0 0 1 1 2 0 R 0
1374 34144 25768 852 25701 819 4826 1 0 0 0 0 0 0 1 1 1 0 R 0
1375 34169 23896 610 23928 585 5943 1 0 0 0 0 0 0 1 1 1 0 R 0
1376 34189 19411 592 19433 567 3829 1 0 0 0 0 0 0 1 1 1 0 R 0
1377 34213 24187 1102 24311 987 3823 1 0 0 0 0 0 0 1 1 2 0 R 0
1378 34243 28711 1145 28726 1120 5492 1 0 0 0 0 0 0 1 1 1 0 R 0
1379 34272 27202 938 27304 840 6641 1 0 0 0 0 0 0 1 1 1 0 R 0
1380 34297 24272 613 24283 587 8731 1 0 0 0 0 0 0 1 1 1 0 R 0
1381 34320 22645 1089 22772 983 4786 1 0 0 0 0 0 0 1 1 1 0 R 0
1382 34350 28390 1470 28417 1461 5197 1 0 0 0 0 0 0 1 1 1 0 R 0
1383 34374 22675 613 22668 577 5516 1 0 0 0 0 0 0 1 1 1 0 R 0
1384 34394 19567 614 19603 580 4022 1 0 0 0 0 0 0 1 1 2 0 R 0
1385 34418 23937 1019 24067 996 3814 1 0 0 0 0 0 0 1 1 1 0 R 0
1386 34448 28086 984 28091 870 6098 1 0 0 0 0 0 0 1 1 1 0 R 0
1387 34472 23095 620 23127 587 7438 1 0 0 0 0 0 0 1 1 1 0 R 0
1388 34492 19509 759 19533 729 4555 1 0 0 0 0 0 0 1 1 1 0 R 0
1389 34514 21267 1019 21303 992 3929 1 0 0 0 0 0 0 1 1 2 0 R 0
1390 34541 26447 1036 26481 1002 7429 1 0 0 0 0 0 0 1 1 0 0 R 0
1391 34573 30345 952 30449 843 5293 1 0 0 0 0 1 0 1 1 1 0 R 0
1392 34596 22480 594 22500 573 4468 1 0 0 0 0 0 0 1 1 1 0 R 0
1393 34618 21227 1045 21255 1016 3790 1 0 0 0 0 0 0 1 1 2 0 R 0
1394 34646 27048 996 27062 990 6983 1 0 0 0 0 0 0 1 1 1 0 R 0
1395 34679 32419 895 32514 786 12823 1 0 0 0 0 0 0 1 1 1 0 R 0
1396 34701 20481 600 20509 571 4648 1 0 0 0 0 0 0 1 1 1 0 R 0
1397 34726 25018 1000 25039 977 4204 1 0 0 0 0 0 0 1 1 2 0 R 0
1398 34749 21977 619 22008 588 6638 1 0 0 0 0 0 0 1 1 1 0 R 0
1399 34771 20516 616 20548 582 4326 1 0 0 0 0 0 0 1 1 1 0 R 0
1400 34793 22218 613 22246 585 5087 1 0 0 0 0 0 0 1 1 1 0 R 0
1401 34815 20734 1115 20855 999 3828 1 0 0 0 0 0 0 1 1 1 0 R 0
1402 34840 24451 660 24471 631 4333 1 0 0 0 0 0 0 1 1 1 0 R 0
1403 34871 29742 1260 29798 1207 6121 1 0 0 0 0 0 0 1 1 1 0 R 0
1404 34891 19511 652 19534 625 4581 1 0 0 0 0 0 0 1 1 1 0 R 0
1405 34911 19149 586 19169 565 4257 1 0 0 0 0 0 0 1 1 1 0 R 0
1406 34941 29094 656 28214 622 5278 1 0 1 0 0 0 0 1 1 2 0 R 0
1407 34971 28923 903 28958 867 5911 1 0 0 0 0 0 0 1 1 1 0 R 0
1408 34993 21279 634 21305 607 4852 1 0 0 0 0 0 0 1 1 1 0 R 0
1409 35012 18762 585 18788 556 3876 1 0 0 0 0 0 0 1 1 1 0 R 0
1410 35040 27638 1005 27663 977 11802 1 0 0 0 0 0 0 1 1 1 0 R 0
1411 35070 28779 972 28810 944 5740 1 0 0 0 0 0 0 1 1 2 0 R 0
1412 35093 21817 598 21844 568 5755 1 0 0 0 0 0 0 1 1 1 0 R 0
1413 35113 19372 594 19397 569 3912 1 0 0 0 0 0 0 1 1 1 0 R 0
1414 35139 25513 1122 25649 990 5151 1 0 0 0 0 0 0 1 1 1 0 R 0
1415 35168 27980 998 28092 975 4810 1 0 0 0 0 0 0 1 1 1 0 R 0
1416 35191 21557 610 21486 582 7231 1 0 0 0 0 0 0 1 1 1 0 R 0
1417 35210 19218 638 19244 606 4459 1 0 0 0 0 0 0 1 1 1 0 R 0
1418 35232 21080 1008 21207 989 4202 1 0 0 0 0 0 0 1 1 1 0 R 0
1419 35259 25693 863 25705 747 5941 1 0 0 0 0 0 0 1 1 1 0 R 0
1420 35286 25997 1134 26470 670 6519 1 0 0 0 0 0 0 1 1 2 0 R 0
1421 35306 19542 593 19554 570 3760 1 0 0 0 0 0 0 1 1 1 0 R 0
1422 35328 20852 599 20873 575 3778 1 0 0 0 0 0 0 1 1 1 0 R 0
1423 35353 24164 597 24188 737 4612 1 0 0 0 0 0 0 1 1 1 0 R 0
1424 35382 28391 1366 28347 1265 6499 1 0 0 0 0 0 0 1 1 1 0 R 0
1425 35414 30558 700 26917 667 12295 1 0 2 0 0 1 0 1 1 1 0 R 0
1426 35441 27045 742 22733 693 6084 1 0 2 0 0 0 0 1 1 2 0 R 0
1427 35464 22235 1493 22263 1977 5588 1 0 0 0 0 0 0 1 1 1 0 R 0
1428 35494 27922 1104 27519 1009 5440 1 0 0 0 0 0 0 1 1 1 0 R 0
1429 35516 21497 593 21503 573 4681 1 0 0 0 0 0 0 1 1 1 0 R 0
1430 35537 20240 906 20266 884 3832 1 0 0 0 0 0 0 1 1 1 0 R 0
1431 35564 26226 711 26352 880 7296 1 0 0 0 0 0 0 1 1 1 0 R 0
1432 35585 19822 890 19547 867 4993 1 0 0 0 0 0 0 1 1 1 0 R 0
1433 35607 21310 936 21331 914 3739 1 0 0 0 0 0 0 1 1 2 0 R 0
1434 35627 19432 604 19468 558 3746 1 0 0 0 0 0 0 1 1 1 0 R 0
1435 35654 25854 1053 25888 1027 5914 1 0 0 0 0 0 0 1 1 1 0 R 0
1436 35683 27943 1022 28062 894 4693 1 0 0 0 0 0 0 1 1 1 0 R 0
1437 35708 23671 634 23712 594 5273 1 0 0 0 0 0 0 1 1 1 0 R 0
1438 35727 19008 627 19028 600 3726 1 0 0 0 0 0 0 1 1 2 0 R 0
1439 35752 24357 1241 24395 1210 4857 1 0 0 0 0 0 0 1 1 1 0 R 0
1440 35787 33167 1031 33183 1014 11631 1 0 0 0 0 0 0 1 1 1 0 R 0
1441 35812 24140 643 24164 614 6411 1 0 0 0 0 0 0 1 1 1 0 R 0
1442 35832 19527 626 19553 597 4207 1 0 0 0 0 0 0 1 1 1 0 R 0
1443 35858 25818 994 25841 976 6183 1 0 0 0 0 0 0 1 1 1 0 R 0
1444 35882 23038 622 23066 593 4917 1 0 0 0 0 0 0 1 1 1 0 R 0
1445 35908 25172 601 24433 576 8456 1 0 1 0 0 0 0 1 1 1 0 R 0
1446 35929 19842 595 19863 574 3772 1 0 0 0 0 0 0 1 1 2 0 R 0
1447 35951 21634 786 21685 728 3780 1 0 0 0 0 0 0 1 1 1 0 R 0
1448 35980 28037 1199 28062 1287 7198 1 0 0 0 0 0 0 1 1 1 0 R 0
1449 36005 24107 1368 24376 992 6896 1 0 0 0 0 0 0 1 1 1 0 R 0
1450 36025 18532 948 18549 924 4098 1 0 0 0 0 0 0 1 1 1 0 R 0
1451 36048 22093 709 22139 659 3773 1 0 0 0 0 0 0 1 1 1 0 R 0
1452 36074 25644 1811 25679 1894 5682 1 0 0 0 0 0 0 1 1 1 0 R 0
1453 36103 27357 749 27290 699 7684 1 0 0 0 0 0 0 1 1 1 0 R 0
1454 36126 21511 606 21529 585 3914 1 0 0 0 0 0 0 1 1 1 0 R 0
1455 36149 23033 616 23064 585 8358 1 0 0 0 0 0 0 1 1 2 0 R 0
1456 36174 24330 1911 24452 1803 6365 1 0 0 0 0 0 0 1 1 1 0 R 0
1457 36205 28578 1600 28686 1487 6480 1 0 0 0 0 0 0 1 1 1 0 R 0
1458 36228 22080 643 22089 616 7739 1 0 0 0 0 0 0 1 1 1 0 R 0
1459 36250 21041 618 21075 588 3791 1 0 0 0 0 0 0 1 1 1 0 R 0
1460 36275 23955 1945 23995 1914 5717 1 0 0 0 0 0 0 1 1 1 0 R 0
1461 36306 29019 1567 29022 1565 7457 1 0 0 0 0 0 0 1 1 1 0 R 0
1462 36330 22768 609 22782 583 7823 1 0 0 0 0 0 0 1 1 1 0 R 0
1463 36352 21059 612 21090 577 4206 1 0 0 0 0 0 0 1 1 1 0 R 0
1464 36378 25269 980 25387 863 5080 1 0 0 0 0 0 0 1 1 1 0 R 0
1465 36398 19600 634 19626 608 3767 1 0 0 0 0 0 0 1 1 1 0 R 0
1466 36420 21068 875 21167 769 3859 1 0 0 0 0 0 0 1 1 2 0 R 0
1467 36440 19357 600 19388 568 4183 1 0 0 0 0 0 0 1 1 1 0 R 0
1468 36464 23149 1695 23434 1575 4161 1 0 0 0 0 0 0 1 1 1 0 R 0
1469 36493 27131 1029 26998 1019 7578 1 0 0 0 0 0 0 1 1 1 0 R 0
1470 36526 32689 623 32710 596 13501 1 0 0 0 0 0 0 1 1 1 0 R 0
1471 36546 18807 961 18808 941 4075 1 0 0 0 0 0 0 1 1 1 0 R 0
1472 36571 23902 999 23932 972 4726 1 0 0 0 0 0 0 1 1 1 0 R 0
1473 36597 25309 1137 25434 1021 5169 1 0 0 0 0 0 0 1 1 2 0 R 0
1474 36621 22705 649 22724 612 6396 1 0 0 0 0 0 0 1 1 1 0 R 0
1475 36642 20137 609 20170 578 4164 1 0 0 0 0 0 0 1 1 1 0 R 0
1476 36663 20431 612 20463 580 4374 1 0 0 0 0 0 0 1 1 1 0 R 0
1477 36689 25355 986 25470 963 5194 1 0 0 0 0 0 0 1 1 1 0 R 0
1478 36717 27686 619 27611 597 6931 1 0 0 0 0 0 0 1 1 1 0 R 0
1479 36738 20065 599 20089 576 4009 1 0 0 0 0 0 0 1 1 1 0 R 0
1480 36760 21037 1056 21081 1019 3786 1 0 0 0 0 0 0 1 1 2 0 R 0
1481 36786 24906 633 24928 599 4504 1 0 0 0 0 0 0 1 1 1 0 R 0
1482 36816 29337 1292 29350 1283 7577 1 0 0 0 0 0 0 1 1 1 0 R 0
1483 36840 22803 655 22829 619 7347 1 0 0 0 0 0 0 1 1 1 0 R 0
1484 36861 20425 611 20461 583 4524 1 0 0 0 0 0 0 1 1 1 0 R 0
1485 36884 22727 622 22749 597 9153 1 0 0 0 0 1 0 1 1 2 0 R 0
1486 36904 19641 616 19663 589 3803 1 0 0 0 0 0 0 1 1 1 0 R 0
1487 36925 19838 1210 19863 1191 3905 1 0 0 0 1 0 0 1 1 1 0 R 0
1488 36946 19985 711 19267 688 4178 1 0 0 0 0 0 0 1 1 1 0 R 0
1489 36967 20687 630 20718 602 3786 1 0 0 0 0 0 0 1 1 1 0 R 0
1490 36994 25538 1177 25564 1165 5252 1 0 0 0 0 0 0 1 1 2 0 R 0
1491 37027 31908 992 32022 854 7857 1 0 0 0 0 0 0 1 1 0 0 R 0
1492 37049 21531 600 21557 573 7005 1 0 0 0 0 0 0 1 1 1 0 R 0
1493 37070 20049 609 20087 571 4156 1 0 0 0 0 0 0 1 1 2 0 R 0
1494 37097 26189 1184 26215 1175 5568 1 0 0 0 0 0 0 1 1 1 0 R 0
1495 37128 30010 1247 30048 1195 7501 1 0 0 0 0 0 0 1 1 1 0 R 0
1496 37150 21229 612 21252 582 6840 1 0 0 0 0 0 0 1 1 1 0 R 0
1497 37172 21160 619 21197 582 4368 1 0 0 0 0 0 0 1 1 1 0 R 0
1498 37198 25794 1007 25817 992 5820 1 0 0 0 0 0 0 1 1 1 0 R 0
1499 37221 21711 596 21729 567 7815 1 0 0 0 0 0 0 1 1 1 0 R 0
