# swapstamp frames 1500 skip 300 peer 526
# f t_ms gap_us swap_us crend_us cswap_us clr_us nclr vcs_r ivcs_r vcs_s ivcs_s minf majf cpu0 cpu1 pticks pcpu pstate ctr
0 0 29540 991 29565 962 11405 1 0 0 0 0 0 0 1 1 0 0 R 0
1 30 29562 616 27715 584 12633 1 0 4 0 0 0 0 1 1 2 0 R 0
2 52 21176 805 21214 774 4569 1 0 0 0 0 0 0 1 1 1 0 R 0
3 74 20849 605 20867 576 4646 1 0 0 0 0 0 0 1 1 1 0 R 0
4 107 32720 975 29991 960 7081 1 0 4 0 0 0 0 1 1 1 0 R 0
5 137 28946 948 28960 937 7347 1 0 0 0 0 0 0 1 1 1 0 R 0
6 162 24037 964 22389 908 5091 1 0 4 0 0 0 0 1 1 2 0 R 0
7 196 32965 849 33030 782 4242 1 0 0 0 0 0 0 1 1 3 0 R 0
8 239 42326 861 39892 821 5148 1 0 4 0 0 0 0 1 1 4 0 R 0
9 261 21385 909 21430 855 4598 1 0 0 0 0 0 0 1 1 2 0 R 0
10 298 36310 862 33452 814 4192 1 0 4 0 0 0 0 1 1 4 0 R 0
11 346 47027 935 40755 892 7529 1 1 0 0 0 3 0 1 1 4 0 R 0
12 403 55983 1779 29122 1876 3693 1 2 2 0 0 52 0 1 1 2 0 R 0
13 443 37807 921 34861 914 8906 1 0 5 0 0 1 0 1 1 1 0 R 0
14 466 22362 591 22276 571 4494 1 0 0 0 0 0 0 1 1 1 0 R 0
15 493 26646 917 26763 905 9472 1 0 0 0 0 0 0 1 1 2 0 R 0
16 524 29363 605 25148 580 7384 1 0 5 0 0 0 0 1 1 1 0 R 0
17 543 19319 1699 19335 1708 3834 1 0 0 0 0 0 0 1 1 1 0 R 0
18 570 25250 580 23908 555 5009 1 0 4 0 0 0 0 1 1 1 0 R 0
19 594 23209 1938 23236 1934 4378 1 0 0 0 0 0 0 1 1 2 0 R 0
20 625 29186 866 29181 851 6436 1 0 0 0 0 0 0 1 1 1 0 R 0
21 651 25245 718 23039 696 10590 1 0 4 0 0 0 0 1 1 1 0 R 0
22 672 20286 608 20316 565 4656 1 0 0 0 0 0 0 1 1 1 0 R 0
23 696 22898 1004 22921 978 3829 1 0 0 0 0 0 0 1 1 1 0 R 0
24 729 32214 997 30359 975 8738 1 0 4 0 0 0 0 1 1 1 0 R 0
25 753 22528 602 22547 573 7027 1 0 0 0 0 0 0 1 1 1 0 R 0
26 773 20062 574 20086 550 3721 1 0 0 0 0 0 0 1 1 1 0 R 0
27 801 27489 1149 25880 1030 6587 1 0 4 0 0 0 0 1 1 1 0 R 0
28 831 28912 614 28937 580 4765 1 0 0 0 0 0 0 1 1 1 0 R 0
29 859 26942 597 25029 567 6634 1 0 4 0 0 0 0 1 1 1 0 R 0
30 883 22953 593 22982 564 7952 1 0 0 0 0 0 0 1 1 2 0 R 0
31 905 22325 628 22349 600 5546 1 0 0 0 0 0 0 1 1 2 0 R 0
32 940 34254 995 31961 975 4536 1 0 4 0 0 0 0 1 1 1 0 R 0
33 963 21793 649 21717 620 5005 1 0 0 0 0 0 0 1 1 1 0 R 0
34 983 18935 931 19014 860 3207 1 0 0 0 0 0 0 1 1 1 0 R 0
35 1016 31881 577 29805 551 4909 1 0 4 0 0 0 0 1 1 1 0 R 0
36 1046 29649 1198 29669 1307 7170 1 0 0 0 0 0 0 1 1 1 0 R 0
37 1071 24419 605 22195 568 4205 1 0 4 0 0 0 0 1 1 1 0 R 0
38 1093 21098 1001 21127 976 4174 1 0 0 0 0 0 0 1 1 1 0 R 0
39 1119 24680 1044 24706 1023 3819 1 0 0 0 0 0 0 1 1 2 0 R 0
40 1152 32644 616 30060 574 13662 1 0 4 0 0 0 0 1 1 1 0 R 0
41 1173 19913 644 19935 619 3992 1 0 0 0 0 0 0 1 1 1 0 R 0
42 1193 19473 3227 19497 3229 3763 1 0 0 0 1 0 0 1 1 1 0 R 0
43 1223 26368 1013 24474 990 7374 1 0 3 0 0 0 0 1 1 1 0 R 0
44 1254 30344 1478 30460 1650 6419 1 0 0 0 0 0 0 1 1 1 0 R 0
45 1284 28493 1363 25996 1347 13662 1 0 4 0 0 0 0 1 1 1 0 R 0
46 1307 22037 993 22052 971 3784 1 0 0 0 0 0 0 1 1 1 0 R 0
47 1334 25877 1470 26365 995 7487 1 0 0 0 0 0 0 1 1 2 0 R 0
48 1370 34057 858 31594 753 11336 1 0 5 0 0 1 0 1 1 2 0 R 0
49 1391 20039 594 20061 566 4868 1 0 0 0 0 0 0 1 1 1 0 R 0
50 1420 28784 973 27470 975 4172 1 0 4 0 0 0 0 1 1 1 0 R 0
51 1443 21545 632 21452 607 5223 1 0 0 0 0 0 0 1 1 1 0 R 0
52 1463 20118 587 20144 559 3733 1 0 0 0 0 0 0 1 1 1 0 R 0
53 1489 24856 567 23956 543 5746 1 0 4 0 0 0 0 1 1 1 0 R 0
54 1512 22784 967 22823 929 4613 1 0 0 0 0 0 0 1 1 2 0 R 0
55 1544 30565 2988 29873 2380 6094 1 0 1 0 1 0 0 1 1 0 0 R 0
56 1574 26895 1162 23716 1078 11632 1 0 4 0 0 0 0 1 1 2 0 R 0
57 1593 18729 566 18741 545 3802 1 0 0 0 0 0 0 1 1 1 0 R 0
58 1617 22592 979 22616 957 3792 1 0 0 0 0 0 0 1 1 2 0 R 0
59 1652 34249 997 31401 882 9293 1 0 4 0 0 0 0 1 1 0 0 R 0
60 1680 27233 608 27254 579 11826 1 0 0 0 0 0 0 1 1 1 0 R 0
61 1700 18874 583 18899 563 4146 1 0 0 0 0 0 0 1 1 2 0 R 0
62 1730 30058 599 27411 569 9983 1 0 4 0 0 0 0 1 1 1 0 R 0
63 1761 29712 1261 29788 1188 6398 1 0 0 0 0 0 0 1 1 1 0 R 0
64 1787 25230 580 23919 554 6591 1 0 4 0 0 0 0 1 1 1 0 R 0
65 1807 19081 575 19104 548 3849 1 0 0 0 0 0 0 1 1 1 0 R 0
66 1835 27534 574 27560 549 4589 1 0 0 0 0 1 0 1 1 1 0 R 0
67 1867 31233 980 28164 858 4239 1 0 4 0 0 0 0 1 1 2 0 R 0
68 1889 21234 593 21262 567 4249 1 0 0 0 0 0 0 1 1 2 0 R 0
69 1909 19190 601 19213 585 4365 1 0 0 0 0 0 0 1 1 1 0 R 0
70 1933 23844 618 23860 587 6128 1 0 0 0 0 0 0 1 1 0 0 R 0
71 1967 33485 1017 30726 991 8569 1 0 4 0 0 0 0 1 1 2 0 R 0
72 1990 21379 614 21410 580 4750 1 0 0 0 0 0 0 1 1 1 0 R 0
73 2010 19729 587 19759 556 4207 1 0 0 0 0 0 0 1 1 2 0 R 0
74 2040 29734 1102 28172 1073 9897 1 0 4 0 0 0 0 1 1 1 0 R 0
75 2075 34002 578 34028 553 13472 1 0 0 0 0 0 0 1 1 1 0 R 0
76 2099 23496 589 21846 560 3954 1 0 4 0 0 0 0 1 1 1 0 R 0
77 2121 21189 607 21216 575 4283 1 0 0 0 0 0 0 1 1 1 0 R 0
78 2148 26015 985 26139 968 5352 1 0 0 0 0 0 0 1 1 1 0 R 0
79 2179 30353 597 27570 569 13025 1 0 4 0 0 0 0 1 1 1 0 R 0
80 2201 20874 636 20901 603 4781 1 0 0 0 0 0 0 1 1 1 0 R 0
81 2222 20943 625 20977 593 4211 1 0 0 0 0 0 0 1 1 1 0 R 0
82 2249 26233 765 25057 859 5616 1 0 4 0 0 0 0 1 1 2 0 R 0
83 2277 27242 592 27146 560 4979 1 0 0 0 0 0 0 1 1 1 0 R 0
84 2301 23179 600 22496 575 4009 1 0 4 0 0 0 0 1 1 1 0 R 0
85 2321 19849 970 19876 944 4212 1 0 0 0 0 0 0 1 1 2 0 R 0
86 2345 22763 577 22781 554 3834 1 0 0 0 0 0 0 1 1 1 0 R 0
87 2370 24849 585 23302 560 5290 1 0 4 0 0 0 0 1 1 1 0 R 0
88 2393 22431 604 22461 571 4263 1 0 0 0 0 1 0 1 1 1 0 R 0
89 2416 21754 629 21053 588 3855 1 0 1 0 0 0 0 1 1 2 0 R 0
90 2448 31289 594 29735 563 10397 1 0 4 0 0 0 0 1 1 1 0 R 0
91 2477 28837 843 28866 824 6679 1 0 0 0 0 0 0 1 1 1 0 R 0
92 2500 21613 602 21629 574 5333 1 0 0 0 0 0 0 1 1 1 0 R 0
93 2521 20913 1263 19816 1252 5543 1 0 4 0 0 1 0 1 1 1 0 R 0
94 2549 26351 587 26095 563 5627 1 0 1 0 0 0 0 1 1 1 0 R 0
95 2570 21001 588 20571 559 4561 1 0 1 0 0 0 0 1 1 1 0 R 0
96 2595 24251 940 23077 935 7015 1 0 4 0 0 0 0 1 1 2 0 R 0
97 2617 20891 621 20900 591 4226 1 0 0 0 0 0 0 1 1 1 0 R 0
98 2640 22120 764 22152 743 3762 1 0 0 0 0 0 0 1 1 1 0 R 0
99 2687 46701 1121 43024 1105 13587 1 0 6 0 0 0 0 1 1 2 0 R 0
100 2713 24913 583 24503 554 6426 1 0 1 0 0 0 0 1 1 1 0 R 0
101 2738 24292 1624 22142 1564 5294 1 0 4 0 0 0 0 1 1 2 0 R 0
102 2762 21768 634 21784 606 4999 1 0 0 0 0 0 0 1 1 1 0 R 0
103 2784 21498 607 20438 578 4156 1 0 1 0 1 0 0 1 1 1 0 R 0
104 2811 26699 1470 23960 1446 4153 1 0 4 0 0 0 0 1 1 1 0 R 0
105 2839 26488 659 25805 624 9880 1 0 1 0 0 0 0 1 1 2 0 R 0
106 2871 31266 1006 30619 998 5726 1 0 4 0 0 0 0 1 1 1 0 R 0
107 2901 29527 943 29440 915 4410 1 0 0 0 0 0 0 1 1 1 0 R 0
108 2925 22611 594 22625 572 4332 1 0 0 0 0 0 0 1 1 1 0 R 0
109 2952 26574 1285 24935 1241 3827 1 0 4 0 0 0 0 1 1 1 0 R 0
110 2983 29094 1132 29226 1000 4639 1 0 0 0 0 0 0 1 1 2 0 R 0
111 3010 26084 580 24997 550 6714 1 0 4 0 0 0 0 1 1 0 0 R 0
112 3030 19882 584 19908 558 4247 1 0 0 0 0 0 0 1 1 2 0 R 0
113 3056 24893 983 24917 963 4270 1 0 0 0 0 0 0 1 1 1 0 R 0
114 3091 34602 1004 32728 978 4420 1 0 4 0 0 0 0 1 1 1 0 R 0
115 3114 21799 1313 21824 1293 5152 1 0 0 0 0 0 0 1 1 1 0 R 0
116 3135 19812 584 19819 560 3755 1 0 0 0 0 0 0 1 1 1 0 R 0
117 3165 28976 572 26883 549 5448 1 0 4 0 0 0 0 1 1 2 0 R 0
118 3194 28998 1432 29469 974 5343 1 0 0 0 0 0 0 1 1 1 0 R 0
119 3222 26665 608 25932 575 5382 1 0 4 0 0 0 0 1 1 2 0 R 0
120 3247 24451 615 24478 596 7594 1 0 0 0 0 0 0 1 1 1 0 R 0
121 3272 23784 995 23805 970 4483 1 0 0 0 0 0 0 1 1 1 0 R 0
122 3307 34183 598 31289 570 6439 1 0 4 0 0 0 0 1 1 1 0 R 0
123 3327 19382 581 19410 552 3886 1 0 0 0 0 0 0 1 1 1 0 R 0
124 3350 21917 610 21948 583 3791 1 0 0 0 0 0 0 1 1 2 0 R 0
125 3380 29586 649 26662 615 10302 1 0 5 0 0 0 0 1 1 1 0 R 0
126 3408 27891 648 27920 621 6321 1 0 0 0 0 0 0 1 1 1 0 R 0
127 3431 22276 584 21436 556 4461 1 0 4 0 0 0 0 1 1 1 0 R 0
128 3453 21629 636 21662 608 4153 1 0 0 0 0 0 0 1 1 1 0 R 0
129 3481 27313 1204 27448 1069 5840 1 0 0 0 0 0 0 1 1 1 0 R 0
130 3513 30033 654 28179 626 6596 1 0 4 0 0 0 0 1 1 1 0 R 0
131 3533 19622 640 19644 610 4150 1 0 0 0 0 0 0 1 1 1 0 R 0
132 3555 21947 595 21979 1649 3757 1 0 0 0 0 0 0 1 1 1 0 R 0
133 3591 34690 1147 29527 1045 5095 1 0 6 0 0 0 0 1 1 2 0 R 0
134 3621 28822 989 28834 1067 6395 1 0 0 0 0 0 0 1 1 1 0 R 0
135 3648 26235 597 24339 570 9656 1 0 4 0 0 0 0 1 1 1 0 R 0
136 3677 28022 595 28048 567 6312 1 0 0 0 0 0 0 1 1 2 0 R 0
137 3704 26867 3542 27003 2608 6269 1 0 1 0 1 0 0 1 1 1 0 R 0
138 3731 23187 621 21066 594 6051 1 0 2 0 0 0 0 1 1 1 0 R 0
139 3750 18774 843 18826 798 4185 1 0 0 0 0 0 0 1 1 1 0 R 0
140 3780 28932 766 27583 745 5876 1 0 4 0 0 0 0 1 1 1 0 R 0
141 3803 22794 639 22808 614 6421 1 0 0 0 0 0 0 1 1 1 0 R 0
142 3829 25147 848 24728 826 4181 1 0 1 0 0 0 0 1 1 1 0 R 0
143 3851 20616 593 20326 566 5599 1 0 1 0 0 0 0 1 1 1 0 R 0
144 3881 29819 602 28340 573 9006 1 0 4 0 0 0 0 1 1 2 0 R 0
145 3910 28102 996 28130 973 6454 1 0 0 0 0 0 0 1 1 2 0 R 0
146 3936 25338 597 24129 567 6032 1 0 4 0 0 0 0 1 1 1 0 R 0
147 3956 19487 618 19512 591 3772 1 0 0 0 0 0 0 1 1 1 0 R 0
148 3982 24783 887 24811 861 5270 1 0 0 0 0 0 0 1 1 1 0 R 0
149 4014 31199 2008 28919 2009 5976 1 0 4 0 0 0 0 1 1 1 0 R 0
150 4043 26831 696 26848 649 12706 1 0 0 0 0 0 0 1 1 1 0 R 0
151 4064 20220 596 20243 567 3782 1 0 0 0 0 0 0 1 1 2 0 R 0
152 4097 33084 976 31625 976 7512 1 0 4 0 0 0 0 1 1 1 0 R 0
153 4127 28877 588 28794 556 6311 1 0 0 0 0 0 0 1 1 1 0 R 0
154 4151 23396 605 21798 569 4056 1 0 4 0 0 0 0 1 1 1 0 R 0
155 4173 20913 791 20943 769 4257 1 0 0 0 0 0 0 1 1 1 0 R 0
156 4201 27779 1033 27799 1012 6428 1 0 0 0 0 0 0 1 1 2 0 R 0
157 4231 28885 591 26790 559 9860 1 0 3 0 0 0 0 1 1 1 0 R 0
158 4253 21341 590 21372 561 4486 1 0 0 0 0 0 0 1 1 1 0 R 0
159 4276 22157 3116 22180 1735 3792 1 0 2 0 2 0 0 1 1 1 0 R 0
160 4308 28971 1114 28563 1010 6878 1 0 0 0 0 0 0 1 1 2 0 R 0
161 4337 28402 1081 28412 1059 6918 1 0 0 0 0 0 0 1 1 1 0 R 0
162 4361 22916 595 21170 569 6233 1 0 4 0 0 0 0 1 1 1 0 R 0
163 4387 24565 1272 24620 1324 4379 1 0 0 0 0 0 0 1 1 1 0 R 0
164 4413 24735 663 24652 651 4839 1 0 0 0 0 0 0 1 1 1 0 R 0
165 4441 28253 707 25653 678 11207 1 0 4 0 0 0 0 1 1 1 0 R 0
166 4462 20047 665 20070 643 4174 1 0 0 0 0 0 0 1 1 1 0 R 0
167 4492 29628 736 27847 610 3756 1 0 4 0 0 0 0 1 1 1 0 R 0
168 4518 25148 987 24748 970 4115 1 0 1 0 0 0 0 1 1 2 0 R 0
169 4542 22348 652 22370 620 6985 1 0 0 0 0 0 0 1 1 1 0 R 0
170 4562 20145 624 20172 606 3795 1 0 0 0 0 0 0 1 1 1 0 R 0
171 4587 23627 965 21941 949 4335 1 0 4 0 0 0 0 1 1 1 0 R 0
172 4611 22982 1007 23098 984 3770 1 0 0 0 0 0 0 1 1 1 0 R 0
173 4641 28986 754 27421 547 4520 1 0 4 0 0 0 0 1 1 1 0 R 0
174 4664 22170 609 22198 580 5473 1 0 0 0 0 0 0 1 1 2 0 R 0
175 4685 21255 901 21333 828 3820 1 0 0 0 0 0 0 1 1 1 0 R 0
176 4713 26639 576 25644 548 3941 1 0 4 0 0 0 0 1 1 1 0 R 0
177 4740 26322 779 26354 746 4012 1 0 0 0 0 0 0 1 1 1 0 R 0
178 4763 22184 654 22216 618 5679 1 0 0 0 0 0 0 1 1 1 0 R 0
179 4784 20666 1222 20700 1197 3762 1 0 0 0 1 0 0 1 1 1 0 R 0
180 4816 30627 628 28706 603 11282 1 0 3 0 0 0 0 1 1 1 0 R 0
181 4840 23732 609 23763 579 4673 1 0 0 0 0 1 0 1 1 1 0 R 0
182 4864 22903 964 21408 939 4529 1 0 4 0 0 0 0 1 1 3 0 R 0
183 4887 21843 810 21926 726 3819 1 0 0 0 0 0 0 1 1 1 0 R 0
184 4912 24375 1008 24397 987 5882 1 0 0 0 0 0 0 1 1 1 0 R 0
185 4947 33975 1427 32226 1321 5991 1 0 4 0 0 0 0 1 1 1 0 R 0
186 4970 21923 605 21935 573 5433 1 0 0 0 0 0 0 1 1 1 0 R 0
187 4991 20482 612 20513 587 4609 1 0 0 0 0 0 0 1 1 1 0 R 0
188 5022 30135 936 27683 905 11155 1 0 4 0 0 0 0 1 1 1 0 R 0
189 5049 25576 610 25606 578 5057 1 0 0 0 0 0 0 1 1 2 0 R 0
190 5069 20222 603 20251 573 4561 1 0 0 0 0 0 0 1 1 1 0 R 0
191 5093 22689 669 21524 621 6183 1 0 4 0 0 0 0 1 1 1 0 R 0
192 5121 27109 1003 27137 981 6636 1 0 0 0 0 0 0 1 1 1 0 R 0
193 5156 34511 732 33037 712 6236 1 0 4 0 0 0 0 1 1 1 0 R 0
194 5179 21823 603 21840 574 5104 1 0 0 0 0 1 0 1 1 2 0 R 0
195 5203 24086 609 24118 576 9745 1 0 0 0 0 0 0 1 1 1 0 R 0
196 5234 29706 2870 27643 2763 4949 1 0 4 0 0 1 0 1 1 1 0 R 0
197 5259 22420 1002 22426 982 7479 1 0 0 0 0 0 0 1 1 1 0 R 0
198 5280 19785 677 19807 642 4353 1 0 0 0 0 0 0 1 1 1 0 R 0
199 5305 24903 742 23722 599 6272 1 0 4 0 0 0 0 1 1 1 0 R 0
200 5334 27992 1954 28114 1850 6115 1 0 0 0 0 0 0 1 1 2 0 R 0
201 5361 25557 986 24590 963 7043 1 0 4 0 0 0 0 1 1 1 0 R 0
202 5382 19767 610 19784 589 3754 1 0 0 0 0 0 0 1 1 1 0 R 0
203 5404 21471 1488 21992 974 3814 1 0 0 0 0 0 0 1 1 1 0 R 0
204 5440 33842 980 31138 861 7377 1 0 4 0 0 0 0 1 1 1 0 R 0
205 5466 25461 625 24625 597 9302 1 0 1 0 0 0 0 1 1 1 0 R 0
206 5487 20416 585 20446 558 3801 1 0 0 0 0 0 0 1 1 1 0 R 0
207 5519 31544 572 28776 542 3829 1 0 5 0 0 0 0 1 1 2 0 R 0
208 5550 30337 989 30010 973 6638 1 0 1 0 0 0 0 1 1 1 0 R 0
209 5578 27231 599 25079 569 7317 1 0 4 0 0 0 0 1 1 1 0 R 0
210 5604 24661 1028 24705 1012 7863 1 0 0 0 0 0 0 1 1 1 0 R 0
211 5631 26138 978 26138 947 5981 1 0 0 0 0 0 0 1 1 1 0 R 0
212 5667 35406 965 32466 965 7573 1 0 4 0 0 0 0 1 1 1 0 R 0
213 5689 21310 1164 21317 1163 4875 1 0 0 0 0 0 0 1 1 1 0 R 0
214 5716 25157 3818 25145 2309 4540 1 0 1 0 3 0 0 1 1 2 0 R 0
215 5742 22232 653 22250 603 4878 1 0 0 0 0 0 0 1 1 1 0 R 0
216 5762 19930 636 19952 611 3798 1 0 0 0 0 0 0 1 1 1 0 R 0
217 5784 21125 1960 21158 1133 5215 1 0 0 0 1 0 0 1 1 1 0 R 0
218 5811 24811 605 23679 574 4231 1 0 3 0 0 0 0 1 1 1 0 R 0
219 5840 27961 1017 27990 991 6137 1 0 0 0 0 0 0 1 1 1 0 R 0
220 5871 30000 604 28143 578 7014 1 0 4 0 0 0 0 1 1 1 0 R 0
221 5891 20145 632 20164 611 4948 1 0 0 0 0 0 0 1 1 2 0 R 0
222 5913 20961 606 20988 575 4176 1 0 0 0 0 0 0 1 1 1 0 R 0
223 5946 32873 1011 30509 991 6638 1 0 4 0 0 0 0 1 1 1 0 R 0
224 5973 25143 631 25163 597 7229 1 0 0 0 0 0 0 1 1 1 0 R 0
225 5997 23412 645 23442 614 8214 1 0 0 0 0 0 0 1 1 1 0 R 0
226 6022 25163 1112 23649 999 3826 1 0 4 0 0 0 0 1 1 2 0 R 0
227 6051 27330 1056 27354 1037 5208 1 0 0 0 0 0 0 1 1 1 0 R 0
228 6077 24712 591 24724 559 6464 1 0 0 0 0 0 0 1 1 1 0 R 0
229 6099 21931 590 20570 563 3755 1 0 4 0 0 0 0 1 1 1 0 R 0
230 6123 23046 995 23066 969 4367 1 0 0 0 0 0 0 1 1 1 0 R 0
231 6151 27607 1178 27637 1266 6394 1 0 0 0 0 0 0 1 1 1 0 R 0
232 6181 28606 957 25092 770 7316 1 0 4 0 0 0 0 1 1 2 0 R 0
233 6201 19038 573 19062 542 4315 1 0 0 0 0 0 0 1 1 1 0 R 0
234 6223 21321 1083 21446 983 4163 1 0 0 0 0 0 0 1 1 1 0 R 0
235 6253 28431 797 23862 780 4147 1 1 6 0 1 0 0 0 0 1 0 R 1
236 6277 24030 7935 16437 1068 2327 1 0 1 0 1 0 0 0 1 2 0 R 0
237 6306 20852 664 17611 642 4576 1 1 2 0 1 0 0 0 0 0 0 R 1
238 6332 25580 588 18184 561 2178 1 0 1 0 0 0 0 0 0 1 1 R 0
239 6352 18896 819 18963 757 3684 1 0 0 0 0 0 0 0 0 2 1 R 0
240 6377 23995 860 24043 803 6720 1 0 0 0 0 0 0 0 0 2 1 R 0
241 6397 19505 579 19533 547 3876 1 0 0 0 0 0 0 0 0 1 1 R 0
242 6420 21983 596 21554 562 3782 1 0 1 0 0 0 0 0 0 1 1 R 0
243 6440 20002 565 20033 528 4272 1 0 0 0 0 0 0 0 0 1 1 R 0
244 6461 20621 588 20658 554 3990 1 0 0 0 0 0 0 0 0 2 1 R 0
245 6481 18584 797 18680 707 4196 1 0 0 0 0 0 0 0 0 1 1 R 0
246 6503 21815 592 20831 555 4354 1 0 1 0 0 0 0 0 0 2 1 R 0
247 6524 20411 1156 20443 1132 4008 1 0 0 0 0 0 0 0 0 1 1 R 0
248 6546 20532 570 20544 543 3346 1 0 0 0 0 0 0 0 0 1 1 R 0
249 6566 19223 613 19252 581 3382 1 0 0 0 0 0 0 0 0 1 1 R 0
250 6586 19581 732 19646 677 3252 1 0 0 0 0 0 0 0 0 2 1 R 0
251 6607 20509 571 20530 540 3991 1 0 0 0 0 0 0 0 0 1 1 R 0
252 6628 20601 974 20684 891 3738 1 0 0 0 0 0 0 0 0 2 1 R 0
253 6648 18296 673 18341 747 3061 1 0 0 0 0 0 0 0 0 1 1 R 0
254 6667 19145 1049 19098 982 3062 1 0 0 0 0 0 0 0 0 2 1 R 0
255 6692 23235 878 22187 847 6520 1 0 1 0 0 0 0 0 0 1 1 R 0
256 6713 20321 605 20369 541 3855 1 0 0 0 0 0 0 0 0 1 1 R 0
257 6733 19729 583 19761 549 3790 1 0 0 0 0 0 0 0 0 2 1 R 0
258 6753 18838 789 18903 729 3215 1 0 0 0 0 0 0 0 0 2 1 R 0
259 6773 19669 688 19725 625 4367 1 0 0 0 0 0 0 0 0 1 1 R 0
260 6794 20289 1521 20337 1492 3288 1 0 0 0 0 0 0 0 0 2 1 R 0
261 6815 19501 557 19515 523 3836 1 0 0 0 0 0 0 0 0 1 1 R 0
262 6836 20701 572 20728 536 3766 1 0 0 0 0 0 0 0 0 1 1 R 0
263 6855 18367 763 18447 687 3438 1 0 0 0 0 0 0 0 0 1 1 R 0
264 6874 18184 1617 18273 1557 3367 1 0 0 0 0 0 0 0 0 2 1 R 0
265 6898 21972 854 20762 795 3571 1 0 1 0 0 0 0 0 0 2 1 R 0
266 6919 20445 585 20464 550 4341 1 0 0 0 0 0 0 0 0 1 1 R 0
267 6939 19737 592 19769 559 4369 1 0 0 0 0 0 0 0 0 1 1 R 0
268 6959 19271 686 19319 647 3521 1 0 0 0 0 0 0 0 0 2 1 R 0
269 6980 19858 691 19928 613 3642 1 0 0 0 0 0 0 0 0 2 1 R 0
270 7004 23617 936 23646 917 7441 1 0 0 0 0 0 0 0 0 1 1 R 0
271 7024 18690 1038 18714 1021 4051 1 0 0 0 0 0 0 0 0 1 1 R 0
272 7047 21803 634 21841 573 3752 1 0 0 0 0 0 0 0 0 3 1 R 0
273 7066 18827 770 18888 706 3008 1 0 0 0 0 0 0 0 0 1 1 R 0
274 7087 19709 685 19756 639 3101 1 0 0 0 0 1 0 0 0 2 1 R 0
275 7109 22029 583 21064 553 5154 1 0 1 0 0 0 0 0 0 1 1 R 0
276 7130 20343 584 20373 553 4231 1 0 0 0 0 0 0 0 0 1 1 R 0
277 7151 20162 598 20196 559 3867 1 0 0 0 0 0 0 0 0 2 1 R 0
278 7170 18818 663 18868 629 3619 1 0 0 0 0 0 0 0 0 2 1 R 0
279 7189 17759 937 17788 898 3763 1 0 0 0 0 0 0 0 0 1 1 R 0
280 7211 21512 676 21555 632 6823 1 0 0 0 0 0 0 0 0 2 1 R 0
281 7234 21666 576 21692 547 5525 1 0 0 0 0 0 0 0 0 1 1 R 0
282 7254 19706 977 19735 950 3140 1 0 0 0 0 0 0 0 0 1 1 R 0
283 7272 17303 721 17367 648 3769 1 0 0 0 0 0 0 0 0 1 1 R 0
284 7297 24155 801 22458 767 5562 1 0 1 0 0 0 0 0 0 2 1 R 0
285 7321 22733 588 22725 555 8035 1 0 0 0 0 0 0 0 0 2 1 R 0
286 7342 20927 585 20959 556 4513 1 0 0 0 0 0 0 0 0 1 1 R 0
287 7361 18759 855 18805 813 3696 1 0 0 0 0 0 0 0 0 1 1 R 0
288 7381 18579 754 18643 685 3684 1 0 0 0 0 0 0 0 0 2 1 R 0
289 7400 18646 700 18690 674 3650 1 0 0 0 0 0 0 0 0 2 1 R 0
290 7423 21845 578 21854 546 5205 1 0 0 0 0 0 0 0 0 1 1 R 0
291 7444 20517 1897 20545 1343 3853 1 0 0 0 1 0 0 0 0 1 1 R 0
292 7466 19704 557 19679 531 3495 1 0 0 0 0 0 0 0 0 1 1 R 0
293 7484 17520 1222 17581 1190 3145 1 0 0 0 0 0 0 0 0 2 1 R 0
294 7506 21145 768 20056 707 3384 1 0 1 0 0 0 0 0 0 2 1 R 0
295 7528 21212 626 21241 590 5290 1 0 0 0 0 0 0 0 0 1 1 R 0
296 7549 20378 580 20413 543 3814 1 0 0 0 0 0 0 0 0 2 1 R 0
297 7567 17392 785 17461 730 3706 1 0 0 0 0 0 0 0 0 1 1 R 0
298 7589 21249 1488 21277 1470 6368 1 0 0 0 0 1 0 0 0 2 1 R 0
299 7609 18817 693 18836 656 3579 1 0 0 0 0 0 0 0 0 1 1 R 0
300 7636 25711 648 25730 620 8613 1 0 0 0 0 0 0 0 0 2 1 R 0
301 7656 19791 647 19819 617 3995 1 0 0 0 0 0 0 0 0 1 1 R 0
302 7677 19880 820 19925 781 3583 1 0 0 0 0 0 0 0 0 2 1 R 0
303 7696 18549 2024 18871 786 3268 1 0 1 0 0 0 0 0 0 2 1 R 0
304 7718 19950 672 19968 635 3189 1 0 0 0 0 0 0 0 0 2 1 R 0
305 7739 20100 635 20126 604 4645 1 0 0 0 0 0 0 0 0 1 1 R 0
306 7760 21053 583 21081 554 4522 1 0 0 0 0 0 0 0 0 1 1 R 0
307 7784 22457 585 22487 552 4558 1 0 0 0 0 0 0 0 0 1 1 R 0
308 7805 20977 555 21002 524 3783 1 0 0 0 0 0 0 0 0 2 1 R 0
309 7825 19080 755 19108 734 4074 1 0 0 0 0 0 0 0 0 1 1 R 0
310 7846 20370 618 20391 596 3815 1 0 0 0 0 0 0 0 0 1 1 R 0
311 7868 21220 797 20825 739 3517 1 0 1 0 0 0 0 0 0 2 1 R 0
312 7888 19940 839 20031 761 3100 1 0 0 0 0 0 0 0 0 1 1 R 0
313 7910 20278 686 19349 647 3256 1 0 1 0 0 0 0 0 0 2 1 R 0
314 7931 20406 656 20418 635 4215 1 0 0 0 0 0 0 0 0 1 1 R 0
315 7955 23718 646 23741 606 7821 1 0 0 0 0 0 0 0 0 2 1 R 0
316 7976 20412 726 20459 690 4018 1 0 0 0 0 0 0 0 0 1 1 R 0
317 7993 16617 1552 16650 1531 3420 1 0 0 0 0 0 0 0 0 2 1 R 0
318 8036 41006 729 19087 705 29528 1 2 1 0 1 0 0 0 0 2 0 R 1
319 8066 29629 988 20221 963 5608 1 0 6 0 0 0 0 1 1 1 0 R 0
320 8101 33307 982 30427 950 10977 1 0 4 0 0 0 0 1 1 1 0 R 0
321 8130 28723 804 28755 768 5009 1 0 0 0 0 1 0 1 1 1 0 R 0
322 8154 22711 961 21265 945 4439 1 0 4 0 0 0 0 1 1 1 0 R 0
323 8182 27200 590 27213 557 5593 1 0 0 0 0 0 0 1 1 1 0 R 0
324 8211 28722 968 28754 944 4574 1 0 0 0 0 0 0 1 1 1 0 R 0
325 8237 25148 603 23299 574 8088 1 0 4 0 0 0 0 1 1 2 0 R 0
326 8259 20749 588 20779 557 3799 1 0 0 0 0 0 0 1 1 1 0 R 0
327 8286 26392 1923 26417 1223 4955 1 0 1 0 3 0 0 1 1 2 0 R 0
328 8319 31608 1015 31093 986 7488 1 0 0 0 0 0 0 1 1 1 0 R 0
329 8341 20441 604 20471 569 4621 1 0 0 0 0 0 0 1 1 1 0 R 0
330 8368 26643 874 26035 677 7900 1 0 4 0 0 0 0 1 1 1 0 R 0
331 8395 26222 1085 26645 642 6012 1 0 0 0 0 0 0 1 1 1 0 R 0
332 8426 30026 587 28986 560 7189 1 0 1 0 0 0 0 1 1 1 0 R 0
333 8449 22331 591 20855 558 3961 1 0 4 0 0 0 0 1 1 1 0 R 0
334 8471 20909 595 20936 569 4168 1 0 0 0 0 0 0 1 1 1 0 R 0
335 8497 25665 1106 25790 998 5675 1 0 0 0 0 0 0 1 1 2 0 R 0
336 8533 34587 987 31711 966 13788 1 0 4 0 0 0 0 1 1 1 0 R 0
337 8556 22068 586 22081 557 5057 1 0 0 0 0 0 0 1 1 1 0 R 0
338 8584 28082 2388 27903 1251 3736 1 0 5 0 0 0 0 1 1 1 0 R 0
339 8616 28939 973 28193 961 5147 1 0 1 0 0 0 0 1 1 2 0 R 0
340 8640 23009 608 23030 574 7643 1 0 0 0 0 0 0 1 1 1 0 R 0
341 8661 21106 607 19710 574 6148 1 0 4 0 0 0 0 1 1 2 0 R 0
342 8687 25164 893 25198 876 4517 1 0 0 0 0 0 0 1 1 1 0 R 0
343 8721 32544 1173 31152 1170 5588 1 0 4 0 0 0 0 1 1 1 0 R 0
344 8748 26522 592 26524 561 6400 1 0 0 0 0 0 0 1 1 1 0 R 0
345 8771 22259 592 22289 562 8789 1 0 0 0 0 0 0 1 1 1 0 R 0
346 8802 29908 1146 27894 1000 3962 1 0 4 0 0 0 0 1 1 1 0 R 0
347 8831 28428 1293 28540 1188 6497 1 0 0 0 0 0 0 1 1 1 0 R 0
348 8853 20774 603 20786 569 3983 1 0 0 0 0 0 0 1 1 1 0 R 0
349 8878 24323 682 22597 648 5726 1 0 4 0 0 0 0 1 1 2 0 R 0
350 8904 24736 1941 24902 1811 4932 1 0 0 0 0 0 0 1 1 1 0 R 0
351 8938 32293 609 30713 572 7430 1 0 4 0 0 0 0 1 1 1 0 R 0
352 8959 20128 798 20172 770 3978 1 0 0 0 0 0 0 1 1 2 0 R 0
353 8980 20516 843 20531 809 4200 1 0 0 0 0 0 0 1 1 1 0 R 0
354 9010 29449 1300 27527 1187 4870 1 0 4 0 0 0 0 1 1 1 0 R 0
355 9041 29812 1241 29968 1071 6743 1 0 0 0 0 0 0 1 1 1 0 R 0
356 9065 22937 1862 22959 1122 6184 1 0 1 0 3 0 0 1 1 1 0 R 0
357 9089 21385 783 21025 750 3879 1 0 0 0 0 0 0 1 1 1 0 R 0
358 9119 29461 1005 29495 982 6605 1 0 0 0 0 0 0 1 1 1 0 R 0
359 9152 32514 716 30021 666 6636 1 0 4 0 0 0 0 1 1 2 0 R 0
360 9177 23931 588 23950 559 7508 1 0 0 0 0 0 0 1 1 1 0 R 0
361 9200 22691 1234 22719 1211 5994 1 0 0 0 0 0 0 1 1 1 0 R 0
362 9232 30728 591 29169 560 9392 1 0 4 0 0 0 0 1 1 1 0 R 0
363 9256 22978 599 23011 568 6583 1 0 0 0 0 0 0 1 1 1 0 R 0
364 9278 21207 1211 20646 676 3790 1 0 3 0 1 0 0 1 1 1 0 R 0
365 9305 26510 1328 26606 1236 5963 1 0 0 0 0 0 0 1 1 1 0 R 0
366 9335 28292 973 28387 861 4587 1 0 0 0 0 0 0 1 1 2 0 R 0
367 9361 24506 646 22284 614 7950 1 0 4 0 0 1 0 1 1 2 0 R 0
368 9382 20431 598 20145 574 5261 1 0 1 0 0 0 0 1 1 1 0 R 0
369 9409 27026 1141 27148 1019 6144 1 0 0 0 0 0 0 1 1 1 0 R 0
370 9441 31048 1040 26956 1022 13606 1 0 4 0 0 0 0 1 1 0 0 R 0
371 9467 24858 649 24878 617 6360 1 0 0 0 0 0 0 1 1 1 0 R 0
372 9493 25364 596 24690 564 3822 1 0 4 0 0 0 0 1 1 2 0 R 0
373 9520 26184 1158 26212 1131 4787 1 0 0 0 0 0 0 1 1 2 0 R 0
374 9546 25181 593 25214 552 5409 1 0 0 0 0 0 0 1 1 1 0 R 0
375 9577 29790 598 26827 566 16074 1 0 4 0 0 0 0 1 1 0 0 R 0
376 9600 22637 606 22672 569 3764 1 0 0 0 0 0 0 1 1 2 0 R 0
377 9631 30154 986 29348 965 8801 1 0 2 0 0 0 0 1 1 2 0 R 0
378 9656 24447 604 22597 573 6581 1 0 4 0 0 0 0 1 1 1 0 R 0
379 9678 21262 640 21296 606 6126 1 0 0 0 0 0 0 1 1 1 0 R 0
380 9700 21077 596 21107 567 4200 1 0 0 0 0 0 0 1 1 1 0 R 0
381 9731 30177 1029 27866 1002 13810 1 0 4 0 0 0 0 1 1 1 0 R 0
382 9762 30726 1001 30755 974 6774 1 0 0 0 0 0 0 1 1 1 0 R 0
383 9787 23942 592 22573 559 4494 1 0 4 0 0 0 0 1 1 1 0 R 0
384 9812 23796 1115 23923 994 3800 1 0 0 0 0 0 0 1 1 2 0 R 0
385 9842 28843 1119 28969 999 5636 1 0 0 0 0 0 0 1 1 1 0 R 0
386 9871 28109 597 26171 566 7744 1 0 4 0 0 0 0 1 1 1 0 R 0
387 9890 18416 579 18447 547 4227 1 0 0 0 0 0 0 1 1 1 0 R 0
388 9917 26698 2891 26211 1923 4144 1 0 1 0 3 0 0 1 1 1 0 R 0
389 9948 28266 1172 28274 1158 5788 1 0 0 0 0 0 0 1 1 1 0 R 0
390 9979 29317 596 29324 564 14382 1 0 0 0 0 0 0 1 1 1 0 R 0
391 10003 23036 923 21831 891 5030 1 0 4 0 0 0 0 1 1 2 0 R 0
392 10028 24643 1492 24693 1449 3753 1 0 0 0 0 0 0 1 1 1 0 R 0
393 10057 27564 923 27576 905 6664 1 0 0 0 0 0 0 1 1 1 0 R 0
394 10081 23109 602 21888 572 8263 1 0 4 0 0 0 0 1 1 1 0 R 0
395 10101 18827 622 18852 593 4274 1 0 0 0 0 0 0 1 1 1 0 R 0
396 10125 23868 598 23892 582 6342 1 0 0 0 0 0 0 1 1 1 0 R 0
397 10154 28415 1159 26160 1164 3703 1 0 4 0 0 0 0 1 1 1 0 R 0
398 10178 22542 593 22436 566 5465 1 0 0 0 0 0 0 1 1 2 0 R 0
399 10198 19530 596 19560 566 3830 1 0 0 0 0 0 0 1 1 1 0 R 0
400 10225 26156 1215 23972 1205 3773 1 0 4 0 0 1 0 1 1 1 0 R 0
401 10249 23461 823 23476 786 4468 1 0 0 0 0 0 0 1 1 1 0 R 0
402 10273 23097 636 23135 603 5876 1 0 0 0 0 0 0 1 1 1 0 R 0
403 10296 22449 594 20637 564 6235 1 0 4 0 0 0 0 1 1 2 0 R 0
404 10319 22339 1226 22375 1218 3760 1 0 0 0 0 0 0 1 1 1 0 R 0
405 10355 34703 967 33136 849 12607 1 0 4 0 0 0 0 1 1 1 0 R 0
406 10385 29125 586 29148 559 7596 1 0 0 0 0 0 0 1 1 1 0 R 0
407 10406 19922 1076 19952 674 4026 1 0 1 0 0 0 0 1 1 1 0 R 0
408 10436 29465 603 27410 572 6671 1 0 4 0 0 0 0 1 1 2 0 R 0
409 10465 28214 1346 28236 1442 6782 1 0 0 0 0 0 0 1 1 1 0 R 0
410 10491 24755 584 23947 559 5111 1 0 4 0 0 0 0 1 1 2 0 R 0
411 10511 19362 686 19408 639 4546 1 0 0 0 0 0 0 1 1 1 0 R 0
412 10541 28732 951 28227 945 4567 1 0 1 0 0 0 0 1 1 1 0 R 0
413 10576 34763 630 32269 598 6629 1 0 4 0 0 0 0 1 1 1 0 R 0
414 10598 20492 592 20519 563 3910 1 0 0 0 0 0 0 1 1 1 0 R 0
415 10620 21398 615 21438 577 3854 1 0 0 0 0 0 0 1 1 1 0 R 0
416 10649 28936 1016 27011 990 10294 1 0 4 0 0 0 0 1 1 1 0 R 0
417 10680 29763 1027 29788 996 6628 1 0 0 0 0 0 0 1 1 2 0 R 0
418 10706 25365 598 24639 568 6960 1 0 4 0 0 0 0 1 1 1 0 R 0
419 10729 21709 964 21827 966 3797 1 0 0 0 0 0 0 1 1 1 0 R 0
420 10763 33160 1009 33067 983 13660 1 0 0 0 0 0 0 1 1 1 0 R 0
421 10790 26302 642 22879 614 6328 1 0 4 0 0 0 0 1 1 1 0 R 0
422 10811 20062 583 20089 554 4045 1 0 0 0 0 0 0 1 1 1 0 R 0
423 10834 22441 3913 22472 2942 4246 1 0 0 0 2 0 0 1 1 1 0 R 0
424 10862 24664 2677 21681 789 4421 1 1 3 0 1 0 0 0 0 1 1 R 1
425 10882 17405 712 17450 651 3033 1 0 0 0 0 0 0 0 0 2 1 R 0
426 10904 20945 899 20968 873 3793 1 0 0 0 0 0 0 0 0 2 1 R 0
427 10927 22102 592 20491 557 4039 1 0 1 0 0 0 0 0 0 0 1 R 0
428 10948 20686 622 20717 594 3578 1 0 0 0 0 0 0 0 0 2 1 R 0
429 10967 17918 670 17962 621 3041 1 0 0 0 0 0 0 0 0 2 1 R 0
430 10987 19193 838 19235 802 3337 1 0 0 0 0 0 0 0 0 1 1 R 0
431 11007 19753 680 19791 636 3337 1 0 0 0 0 0 0 0 0 3 1 R 0
432 11029 21107 601 21129 572 4264 1 0 0 0 0 0 0 0 0 1 1 R 0
433 11048 18742 699 18809 645 4102 1 0 0 0 0 0 0 0 0 1 1 R 0
434 11068 18500 748 18528 708 3717 1 0 0 0 0 0 0 0 0 1 1 R 0
435 11092 23276 1029 23355 980 9150 1 0 0 0 0 0 0 0 0 3 1 R 0
436 11113 20358 610 20359 573 3925 1 0 0 0 0 0 0 0 0 0 1 R 0
437 11134 20660 1090 19971 665 5305 1 0 1 0 0 0 0 0 0 2 1 R 0
438 11153 17527 837 17629 741 3160 1 0 0 0 0 0 0 0 0 1 1 R 0
439 11173 19486 759 19531 719 4959 1 0 0 0 0 0 0 0 0 2 1 R 0
440 11194 19780 1513 19817 1473 3705 1 0 0 0 0 0 0 0 0 2 1 R 0
441 11215 19828 937 19853 903 3860 1 0 0 0 0 0 0 0 0 1 1 R 0
442 11237 20882 591 20915 556 3798 1 0 0 0 0 0 0 0 0 1 1 R 0
443 11256 18671 689 18728 644 3351 1 0 0 0 0 0 0 0 0 3 1 R 0
444 11275 18548 819 18614 738 3202 1 0 0 0 0 0 0 0 0 1 1 R 0
445 11294 17952 1311 18040 1250 3620 1 0 0 0 0 0 0 0 0 2 1 R 0
446 11319 23215 1653 23220 794 6223 1 0 0 0 1 0 0 0 0 1 1 R 0
447 11340 19683 579 19704 546 4304 1 0 0 0 0 0 0 0 0 1 1 R 0
448 11359 18416 1040 18479 999 3490 1 0 0 0 0 0 0 0 0 2 1 R 0
449 11379 19040 648 19078 597 4881 1 0 0 0 0 1 0 0 0 1 1 R 0
450 11404 23809 1545 23862 1488 8490 1 0 0 0 0 0 0 0 0 3 1 R 0
451 11425 19986 820 20020 781 4143 1 0 0 0 0 0 0 0 0 1 1 R 0
452 11447 21289 767 21086 764 3718 1 0 1 0 0 0 0 0 0 2 1 R 0
453 11467 19121 744 19166 688 3107 1 0 0 0 0 0 0 0 0 1 1 R 0
454 11487 18937 696 18967 658 3037 1 0 0 0 0 0 0 0 0 1 1 R 0
455 11507 19499 694 19541 658 3372 1 0 0 0 0 0 0 0 0 2 1 R 0
456 11530 22194 589 21147 555 3714 1 0 1 0 0 0 0 0 0 1 1 R 0
457 11551 20572 599 20607 561 4167 1 0 0 0 0 0 0 0 0 1 1 R 0
458 11571 18990 726 19032 686 3665 1 0 0 0 0 0 0 0 0 2 1 R 0
459 11591 19828 1459 19906 1387 6220 1 0 0 0 0 0 0 0 0 2 1 R 0
460 11615 22522 549 22539 524 4860 1 0 0 0 0 0 0 0 0 2 1 R 0
461 11635 19594 770 19678 684 3851 1 0 0 0 0 1 0 0 0 1 1 R 0
462 11656 20316 729 20389 661 3525 1 0 0 0 0 0 0 0 0 2 1 R 0
463 11676 19130 797 19180 750 3102 1 0 0 0 0 0 0 0 0 1 1 R 0
464 11696 19312 752 19388 665 3308 1 0 0 0 0 0 0 0 0 1 1 R 0
465 11720 23058 598 23097 560 7425 1 0 0 0 0 0 0 0 0 2 1 R 0
466 11743 22202 578 20440 550 4538 1 0 1 0 0 0 0 0 0 1 1 R 0
467 11763 19172 829 19215 862 3824 1 0 0 0 0 0 0 0 0 2 1 R 0
468 11782 18641 838 18632 775 3684 1 0 0 0 0 0 0 0 0 1 1 R 0
469 11803 19973 703 20016 656 4661 1 0 0 0 0 0 0 0 0 2 1 R 0
470 11826 21925 659 21954 620 4411 1 0 0 0 0 0 0 0 0 1 1 R 0
471 11846 20136 582 20183 538 3897 1 0 0 0 0 0 0 0 0 2 1 R 0
472 11867 19888 685 19948 622 3795 1 0 0 0 0 0 0 0 0 2 1 R 0
473 11887 19280 695 19316 661 3303 1 0 0 0 0 0 0 0 0 1 1 R 0
474 11908 20134 785 20228 695 3284 1 0 0 0 0 0 0 0 0 2 1 R 0
475 11930 21504 581 20472 547 4393 1 0 1 0 0 0 0 0 0 1 1 R 0
476 11951 20584 583 20615 551 4351 1 0 0 0 0 0 0 0 0 1 1 R 0
477 11971 19149 691 19211 637 4051 1 0 0 0 0 0 0 0 0 2 1 R 0
478 11991 19444 722 19526 640 3716 1 0 0 0 0 0 0 0 0 1 1 R 0
479 12010 18141 702 18176 665 3712 1 0 0 0 0 0 0 0 0 2 1 R 0
480 12036 25565 580 25584 551 9487 1 0 0 0 0 0 0 0 0 1 1 R 0
481 12057 19860 601 19899 559 4017 1 0 0 0 0 0 0 0 0 1 1 R 0
482 12076 18983 772 19041 726 3080 1 0 0 0 0 0 0 0 0 2 1 R 0
483 12096 19045 676 19086 624 3114 1 0 0 0 0 0 0 0 0 2 1 R 0
484 12118 20997 611 21042 561 3333 1 0 0 0 0 0 0 0 0 1 1 R 0
485 12139 21143 577 19622 545 3821 1 0 1 0 0 0 0 0 0 1 1 R 0
486 12161 20575 679 20605 642 4477 1 0 0 0 0 0 0 0 0 2 1 R 0
487 12179 17919 674 17964 626 3618 1 0 0 0 0 0 0 0 0 2 1 R 0
488 12200 19635 697 19684 652 4400 1 0 0 0 0 0 0 0 0 2 1 R 0
489 12220 19798 679 19837 643 4330 1 0 0 0 0 0 0 0 0 1 1 R 0
490 12243 21989 657 22024 621 5631 1 0 0 0 0 0 0 0 0 2 1 R 0
491 12263 19897 647 19958 578 3867 1 0 0 0 0 0 0 0 0 1 1 R 0
492 12282 18372 767 18427 729 3188 1 0 0 0 0 0 0 0 0 1 1 R 0
493 12301 17803 546 17826 513 3346 1 0 0 0 0 0 0 0 0 1 1 R 0
494 12340 38427 2532 20165 789 24663 1 2 4 0 1 0 0 0 0 3 0 R 1
495 12370 27985 680 19823 661 11571 1 0 6 0 1 0 0 0 0 1 0 R 0
496 12393 21539 618 19938 587 3521 1 0 0 0 0 0 0 0 0 0 1 R 0
497 12412 19275 807 18933 754 3116 1 0 1 0 0 0 0 0 0 2 1 R 0
498 12432 19140 686 19183 643 3311 1 0 0 0 0 0 0 0 0 2 1 R 0
499 12456 23034 560 23042 533 4368 1 0 0 0 0 0 0 0 0 2 1 R 0
500 12477 20088 574 20113 543 3529 1 0 0 0 0 0 0 0 0 1 1 R 0
501 12497 19717 643 19754 613 3209 1 0 0 0 0 0 0 0 0 1 1 R 0
502 12518 20071 648 20102 609 3177 1 0 0 0 0 0 0 0 0 2 1 R 0
503 12540 21247 1341 20314 1336 3783 1 0 1 0 0 1 0 0 0 1 1 R 0
504 12562 20487 640 20538 554 4184 1 0 0 0 0 0 0 0 0 1 1 R 0
505 12583 21005 653 21052 609 4421 1 0 0 0 0 0 0 0 0 2 1 R 0
506 12602 18480 776 18574 697 3598 1 0 0 0 0 0 0 0 0 1 1 R 0
507 12623 20273 707 20307 661 4777 1 0 0 0 0 0 0 0 0 2 1 R 0
508 12645 21271 561 21292 535 3922 1 0 0 0 0 0 0 0 0 2 1 R 0
509 12666 19830 804 19878 761 3812 1 0 0 0 0 0 0 0 0 1 1 R 0
510 12690 23616 566 23641 533 7348 1 0 0 0 0 0 0 0 0 2 1 R 0
511 12708 17663 859 17702 821 3389 1 0 0 0 0 0 0 0 0 1 1 R 0
512 12731 21783 766 20881 691 4392 1 0 1 0 0 0 0 0 0 2 1 R 0
513 12752 20523 562 20554 531 3771 1 0 0 0 0 0 0 0 0 2 1 R 0
514 12773 20026 585 20055 551 3975 1 0 0 0 0 0 0 0 0 1 1 R 0
515 12791 17796 1084 17853 1046 3149 1 0 0 0 0 0 0 0 0 1 1 R 0
516 12811 19014 665 19029 649 3064 1 0 0 0 0 0 0 0 0 2 1 R 0
517 12830 17784 551 17817 500 3794 1 0 0 0 0 0 0 0 0 1 1 R 0
518 12852 22079 703 22126 658 6351 1 0 0 0 0 0 0 0 0 2 1 R 0
519 12874 20551 582 20577 549 4125 1 0 0 0 0 0 0 0 0 1 1 R 0
520 12893 18327 966 18420 885 3327 1 0 0 0 0 0 0 0 0 2 1 R 0
521 12916 22586 588 21444 551 4205 1 0 1 0 0 0 0 0 0 1 1 R 0
522 12938 21574 552 20591 515 3811 1 0 1 0 0 0 0 0 0 2 1 R 0
523 12958 19141 580 19169 687 4126 1 0 0 0 0 0 0 0 0 1 1 R 0
524 12980 20967 590 20862 556 4185 1 0 0 0 0 0 0 0 0 1 1 R 0
525 13001 20864 783 20918 727 6593 1 0 0 0 0 0 0 0 0 2 1 R 0
526 13022 19790 815 19851 765 3887 1 0 0 0 0 0 0 0 0 2 1 R 0
527 13042 19244 1132 19282 1103 3190 1 0 0 0 0 0 0 0 0 1 1 R 0
528 13063 20642 591 20654 558 3758 1 0 0 0 0 0 0 0 0 2 1 R 0
529 13083 19201 586 19236 552 3846 1 0 0 0 0 0 0 0 0 1 1 R 0
530 13102 18495 675 18538 631 3176 1 0 0 0 0 0 0 0 0 2 1 R 0
531 13121 18070 624 18109 584 3428 1 0 0 0 0 0 0 0 0 1 1 R 0
532 13147 25463 578 24007 542 8476 1 0 1 0 0 0 0 0 0 2 1 R 0
533 13167 19638 636 19673 607 3808 1 0 0 0 0 0 0 0 0 1 1 R 0
534 13189 20719 582 20750 548 3803 1 0 0 0 0 0 0 0 0 2 1 R 0
535 13208 18789 1010 18846 966 3742 1 0 0 0 0 0 0 0 0 1 1 R 0
536 13229 19947 726 19994 664 4537 1 0 0 0 0 0 0 0 0 2 1 R 0
537 13254 23890 1847 21952 680 3918 1 0 2 0 0 0 0 0 0 3 0 R 1
538 13300 44470 2317 21804 744 7963 1 0 14 0 1 0 0 0 0 0 0 R 1
539 13334 31280 568 19037 539 17031 1 0 2 0 0 0 0 0 0 2 1 R 0
540 13357 22939 679 22987 653 7040 1 0 0 0 0 0 0 0 0 1 1 R 0
541 13378 20429 636 20437 608 4559 1 0 0 0 0 0 0 0 0 2 1 R 0
542 13400 20997 583 21029 547 4376 1 0 0 0 0 0 0 0 0 1 1 R 0
543 13418 17824 760 17900 696 3842 1 0 0 0 0 0 0 0 0 1 1 R 0
544 13440 20671 712 20714 658 5836 1 0 0 0 0 0 0 0 0 3 1 R 0
545 13460 20024 716 19557 690 4363 1 0 1 0 0 0 0 0 0 1 1 R 0
546 13482 21284 964 21292 940 4870 1 0 0 0 0 0 0 0 0 2 1 R 0
547 13502 18457 830 18529 754 3995 1 0 0 0 0 0 0 0 0 2 1 R 0
548 13523 20737 720 20787 676 5057 1 0 0 0 0 0 0 0 0 1 1 R 0
549 13546 22340 581 21298 546 3868 1 0 1 0 0 0 0 0 0 2 1 R 0
550 13567 19786 701 19831 654 3359 1 0 0 0 0 0 0 0 0 1 1 R 0
551 13588 20603 591 20635 559 3804 1 0 0 0 0 0 0 0 0 1 1 R 0
552 13608 19617 694 19643 666 4412 1 0 0 0 0 0 0 0 0 1 1 R 0
553 13628 19308 1009 19377 940 3325 1 0 0 0 0 0 0 0 0 2 1 R 0
554 13648 18557 732 18615 675 3855 1 0 0 0 0 1 0 0 0 2 1 R 0
555 13672 23292 584 23320 550 7513 1 0 0 0 0 0 0 0 0 1 1 R 0
556 13692 19900 584 19933 550 4289 1 0 0 0 0 0 0 0 0 1 1 R 0
557 13711 17904 772 17971 709 3378 1 0 0 0 0 0 0 0 0 1 1 R 0
558 13733 21430 3418 21508 1294 6035 1 0 1 0 0 0 0 0 0 3 1 R 0
559 13754 17168 1492 17209 1455 3255 1 0 0 0 0 0 0 0 0 2 1 R 0
560 13777 21415 637 21428 609 4264 1 0 0 0 0 0 0 0 0 1 1 R 0
561 13797 19285 580 19313 545 3809 1 0 0 0 0 0 0 0 0 1 1 R 0
562 13817 19696 1202 19764 1149 3129 1 0 0 0 0 0 0 0 0 1 1 R 0
563 13836 17776 784 17826 729 3126 1 0 0 0 0 0 0 0 0 2 1 R 0
564 13855 18252 625 18274 594 3514 1 0 0 0 0 0 0 0 0 1 1 R 0
565 13878 22652 737 22718 672 6506 1 0 0 0 0 0 0 0 0 2 1 R 0
566 13899 20620 590 20649 554 4287 1 0 0 0 0 0 0 0 0 2 1 R 0
567 13918 18319 1285 18627 984 3506 1 0 0 0 0 0 0 0 0 1 1 R 0
568 13940 20493 760 19055 723 3586 1 0 1 0 0 0 0 0 0 2 1 R 0
569 13959 17649 1070 17696 1032 3409 1 0 0 0 0 0 0 0 0 2 1 R 0
570 13983 23627 599 23643 564 8175 1 0 0 0 0 0 0 0 0 1 1 R 0
571 14005 21531 563 21557 533 3837 1 0 0 0 0 0 0 0 0 2 1 R 0
572 14024 17769 1193 17809 1183 3342 1 0 0 0 0 0 0 0 0 1 1 R 0
573 14042 17319 901 17387 802 3313 1 0 0 0 0 0 0 0 0 2 1 R 0
574 14064 20753 1445 20813 1406 4086 1 0 0 0 0 0 0 0 0 2 1 R 0
575 14086 20617 639 20633 604 3840 1 0 0 0 0 0 0 0 0 2 1 R 0
576 14107 20750 578 20780 542 4007 1 0 0 0 0 1 0 0 0 1 1 R 0
577 14126 18363 742 18418 698 3155 1 0 0 0 0 0 0 0 0 1 1 R 0
578 14150 22619 643 21584 601 3138 1 0 1 0 0 0 0 0 0 2 1 R 0
579 14170 19500 673 18864 639 3643 1 0 1 0 0 0 0 0 0 2 1 R 0
580 14191 20828 635 20842 606 5115 1 0 0 0 0 0 0 0 0 1 1 R 0
581 14213 20979 605 21008 571 4288 1 0 0 0 0 0 0 0 0 2 1 R 0
582 14232 18290 754 18371 693 3171 1 0 0 0 0 0 0 0 0 1 1 R 0
583 14253 20512 764 20542 716 5596 1 0 0 0 0 0 0 0 0 2 1 R 0
584 14274 20230 1667 20289 1630 5339 1 0 0 0 0 0 0 0 0 1 1 R 0
585 14300 23886 631 23912 580 8013 1 0 0 0 0 0 0 0 0 2 1 R 0
586 14320 19884 573 19913 539 3741 1 0 0 0 0 0 0 0 0 2 1 R 0
587 14341 20467 572 19367 542 3918 1 0 1 0 0 0 0 0 0 0 1 R 0
588 14362 20097 556 20130 522 4279 1 0 0 0 0 0 0 0 0 2 1 R 0
589 14383 20369 736 20400 707 4282 1 0 0 0 0 0 0 0 0 1 1 R 0
590 14403 19721 579 19755 542 3759 1 0 0 0 0 0 0 0 0 1 1 R 0
591 14435 31159 593 20964 561 5849 1 0 7 0 0 0 0 0 0 2 1 R 0
592 14453 17392 743 17434 699 3192 1 0 0 0 0 0 0 0 0 1 1 R 0
593 14477 23313 777 23366 739 6294 1 0 0 0 0 0 0 0 0 2 1 R 0
594 14498 19984 578 19995 545 3749 1 0 0 0 0 0 0 0 0 2 1 R 0
595 14519 21113 587 21149 552 3793 1 0 0 0 0 0 0 0 0 1 1 R 0
596 14543 23167 658 22034 636 5856 1 0 1 0 0 0 0 0 0 2 1 R 0
597 14565 21150 569 21164 540 3716 1 0 0 0 0 0 0 0 0 1 1 R 0
598 14585 19755 575 19782 544 3768 1 0 0 0 0 0 0 0 0 2 1 R 0
599 14607 20691 571 20725 537 3939 1 0 0 0 0 0 0 0 0 1 1 R 0
600 14630 22669 580 22702 544 7233 1 0 0 0 0 0 0 0 0 1 1 R 0
601 14650 19567 804 19628 764 4247 1 0 0 0 0 0 0 0 0 2 1 R 0
602 14672 21311 578 21324 547 4024 1 0 0 0 0 0 0 0 0 1 1 R 0
603 14693 20059 630 20086 605 3991 1 0 0 0 0 0 0 0 0 2 1 R 0
604 14714 20304 577 20332 540 3904 1 0 0 0 0 0 0 0 0 1 1 R 0
605 14737 22244 2093 22366 1990 3933 1 0 0 0 0 1 0 0 0 2 1 R 0
606 14759 19945 1168 18865 1104 3641 1 0 1 0 0 0 0 0 0 2 1 R 0
607 14780 19797 703 19836 672 5200 1 0 0 0 0 0 0 0 0 2 1 R 0
608 14801 20894 579 20916 540 4385 1 0 0 0 0 0 0 0 0 1 1 R 0
609 14822 20181 596 20217 563 4364 1 0 0 0 0 0 0 0 0 1 1 R 0
610 14840 17979 714 18018 679 3602 1 0 0 0 0 0 0 0 0 2 1 R 0
611 14860 18844 661 18873 632 3721 1 0 0 0 0 0 0 0 0 2 1 R 0
612 14880 19176 700 19220 658 4305 1 0 0 0 0 0 0 0 0 1 1 R 0
613 14901 20750 578 20766 547 4737 1 0 0 0 0 0 0 0 0 2 1 R 0
614 14922 20256 580 20289 546 4254 1 0 0 0 0 0 0 0 0 1 1 R 0
615 14946 23108 621 22049 576 6402 1 0 1 0 0 0 0 0 0 1 1 R 0
616 14964 17525 1119 17595 1067 3064 1 0 0 0 0 0 0 0 0 2 1 R 0
617 14987 22269 727 22313 678 6333 1 0 0 0 0 0 0 0 0 2 1 R 0
618 15008 20321 825 20351 801 3969 1 0 0 0 0 0 0 0 0 1 1 R 0
619 15029 19291 590 19311 548 4447 1 0 0 0 0 0 0 0 0 1 1 R 0
620 15047 18315 792 18420 710 3152 1 0 0 0 0 0 0 0 0 1 1 R 0
621 15068 19972 783 20012 728 5807 1 0 0 0 0 0 0 0 0 3 1 R 0
622 15088 19442 697 19487 641 4491 1 0 0 0 0 0 0 0 0 1 1 R 0
623 15110 20740 569 20764 540 4883 1 0 0 0 0 0 0 0 0 2 1 R 0
624 15131 20292 804 20405 700 4151 1 0 0 0 0 0 0 0 0 1 1 R 0
625 15152 20282 1034 19443 922 3872 1 0 1 0 0 0 0 0 0 2 1 R 0
626 15172 18806 737 18878 659 3459 1 0 0 0 0 0 0 0 0 2 1 R 0
627 15191 19055 1061 19109 1036 3326 1 0 0 0 0 0 0 0 0 2 1 R 0
628 15214 21522 961 21524 933 4158 1 0 0 0 0 0 0 0 0 0 1 R 0
629 15234 18760 867 18785 850 3809 1 0 0 0 0 0 0 0 0 2 1 R 0
630 15257 22820 613 22854 561 6273 1 0 0 0 0 0 0 0 0 2 1 R 0
631 15275 16614 564 16643 536 3213 1 0 0 0 0 0 0 0 0 2 1 R 0
632 15299 23378 702 23458 627 5981 1 0 0 0 0 0 0 0 0 1 1 R 0
633 15319 19589 582 19616 545 4289 1 0 0 0 0 0 0 0 0 2 1 R 0
634 15341 21017 610 21052 579 4389 1 0 0 0 0 0 0 0 0 1 1 R 0
635 15361 19801 814 18557 753 4671 1 0 1 0 0 0 0 0 0 1 1 R 0
636 15380 18023 732 18126 632 3489 1 0 0 0 0 0 0 0 0 2 1 R 0
637 15400 19659 713 19714 656 5451 1 0 0 0 0 0 0 0 0 2 1 R 0
638 15422 21547 585 21574 552 4993 1 0 0 0 0 0 0 0 0 1 1 R 0
639 15443 19918 707 19948 679 3806 1 0 0 0 0 0 0 0 0 2 1 R 0
640 15464 20175 880 19455 857 3319 1 0 1 0 0 0 0 0 0 1 1 R 0
641 15482 17110 655 17148 616 3233 1 0 0 0 0 0 0 0 0 1 1 R 0
642 15503 20946 806 20989 783 4162 1 0 0 0 0 0 0 0 0 2 1 R 0
643 15524 19822 985 19824 964 4017 1 0 0 0 0 0 0 0 0 1 1 R 0
644 15549 24091 716 23161 663 3841 1 0 1 0 0 0 0 0 0 2 1 R 0
645 15571 21046 819 21117 753 7493 1 0 0 0 0 0 0 0 0 2 1 R 0
646 15592 20158 899 20205 861 5605 1 0 0 0 0 0 0 0 0 1 1 R 0
647 15613 19940 768 19967 733 3285 1 0 0 0 0 1 0 0 0 2 1 R 0
648 15634 20320 892 20343 867 3805 1 0 0 0 0 0 0 0 0 2 1 R 0
649 15653 17847 793 17891 741 3837 1 0 0 0 0 0 0 0 0 1 1 R 0
650 15674 20239 1564 20296 1520 4690 1 0 0 0 0 0 0 0 0 2 1 R 0
651 15693 18009 674 18046 622 3138 1 0 0 0 0 0 0 0 0 1 1 R 0
652 15717 22713 620 22740 591 4048 1 0 0 0 0 0 0 0 0 1 1 R 0
653 15736 19309 586 19338 555 3799 1 0 0 0 0 0 0 0 0 1 1 R 0
654 15760 22595 575 21679 541 4076 1 0 1 0 0 0 0 0 0 3 1 R 0
655 15780 19517 885 19585 827 3791 1 0 0 0 0 0 0 0 0 1 1 R 0
656 15799 18295 743 18345 684 3649 1 0 0 0 0 0 0 0 0 2 1 R 0
657 15822 22046 571 22075 539 4369 1 0 0 0 0 0 0 0 0 1 1 R 0
658 15842 19853 627 19886 596 4285 1 0 0 0 0 0 0 0 0 2 1 R 0
659 15861 18119 800 18176 759 3495 1 0 0 0 0 0 0 0 0 1 1 R 0
660 15886 24674 582 24680 550 7577 1 0 0 0 0 0 0 0 0 2 1 R 0
661 15904 17368 1398 18124 656 3409 1 0 0 0 0 0 0 0 0 2 1 R 0
662 15928 21853 571 21873 537 4065 1 0 0 0 0 0 0 0 0 1 1 R 0
663 15949 20676 551 19863 528 3800 1 0 1 0 0 0 0 0 0 1 1 R 0
664 15969 20108 891 20168 833 3664 1 0 0 0 0 0 0 0 0 2 1 R 0
665 15988 17499 713 17558 653 3778 1 0 0 0 0 0 0 0 0 1 1 R 0
666 16009 20439 717 20526 634 5030 1 0 0 0 0 0 0 0 0 2 1 R 0
667 16030 20114 713 20172 643 4628 1 0 0 0 0 0 0 0 0 1 1 R 0
668 16051 20180 593 20214 562 4389 1 0 0 0 0 0 0 0 0 1 1 R 0
669 16070 18616 813 18696 742 4913 1 0 0 0 0 0 0 0 0 1 1 R 0
670 16091 20222 726 20251 694 5627 1 0 0 0 0 0 0 0 0 3 1 R 0
671 16111 18852 778 18911 711 4097 1 0 0 0 0 0 0 0 0 2 1 R 0
672 16133 21508 577 21535 543 4539 1 0 0 0 0 0 0 0 0 1 1 R 0
673 16155 21876 567 20842 538 3945 1 0 1 0 0 0 0 0 0 1 1 R 0
674 16174 17866 1322 17929 1273 3542 1 0 0 0 0 0 0 0 0 1 1 R 0
675 16197 22356 1140 22387 1090 6147 1 0 0 0 0 0 0 0 0 2 1 R 0
676 16218 19669 730 19736 664 3322 1 0 0 0 0 0 0 0 0 1 1 R 0
677 16239 19749 581 19778 553 4379 1 0 0 0 0 0 0 0 0 2 1 R 0
678 16260 20421 580 20448 547 4360 1 0 0 0 0 0 0 0 0 1 1 R 0
679 16280 19336 1279 19424 1211 3608 1 0 0 0 0 0 0 0 0 2 1 R 0
680 16298 17368 742 17406 688 3589 1 0 0 0 0 0 0 0 0 1 1 R 0
681 16321 21903 585 21930 552 6101 1 0 0 0 0 0 0 0 0 3 1 R 0
682 16341 19816 590 19852 553 4392 1 0 0 0 0 0 0 0 0 1 1 R 0
683 16363 21579 585 20241 545 4314 1 0 1 0 0 0 0 0 0 1 1 R 0
684 16382 18173 769 18220 723 3650 1 0 0 0 0 0 0 0 0 1 1 R 0
685 16403 19513 714 19578 646 4648 1 0 0 0 0 0 0 0 0 2 1 R 0
686 16424 20899 1453 20023 1379 3180 1 0 1 0 0 0 0 0 0 2 1 R 0
687 16445 19655 764 19677 729 3815 1 0 0 0 0 0 0 0 0 1 1 R 0
688 16466 20424 704 20451 686 3851 1 0 0 0 0 0 0 0 0 1 1 R 0
689 16485 18209 769 18280 684 3167 1 0 0 0 0 0 0 0 0 2 1 R 0
690 16508 21718 994 21779 946 6140 1 0 0 0 0 0 0 0 0 2 1 R 0
691 16529 20362 589 20379 551 3117 1 0 0 0 0 0 0 0 0 1 1 R 0
692 16550 19765 812 19826 764 4248 1 0 0 0 0 0 0 0 0 1 1 R 0
693 16571 20948 596 19618 553 3847 1 0 1 0 0 0 0 0 0 2 1 R 0
694 16590 18505 792 18571 733 3912 1 0 0 0 0 0 0 0 0 1 1 R 0
695 16610 18892 542 18927 503 4353 1 0 0 0 0 0 0 0 0 1 1 R 0
696 16645 34550 656 19108 641 21605 1 2 3 0 1 0 0 0 0 3 0 R 1
697 16671 24989 783 16490 755 2131 1 0 2 0 1 0 0 0 0 1 0 R 0
698 16690 18425 550 15293 502 2266 1 0 1 0 0 0 0 0 0 0 1 R 0
699 16726 35075 3138 19400 781 22250 1 2 3 0 1 0 0 0 0 2 0 R 1
700 16751 22169 581 19148 548 6187 1 0 2 0 0 0 0 0 0 1 1 R 0
701 16773 21022 597 19998 563 4035 1 0 1 0 0 0 0 0 0 1 1 R 0
702 16793 19638 754 19698 713 3086 1 0 0 0 0 0 0 0 0 2 1 R 0
703 16811 17651 559 17678 514 3117 1 0 0 0 0 0 0 0 0 2 1 R 0
704 16834 21751 712 21817 651 6549 1 0 0 0 0 0 0 0 0 2 1 R 0
705 16858 24243 810 24361 688 8632 1 0 0 0 0 0 0 0 0 1 1 R 0
706 16880 20673 566 20698 535 3856 1 0 0 0 0 0 0 0 0 2 1 R 0
707 16899 18740 1708 18815 1648 3759 1 0 0 0 0 1 0 0 0 1 1 R 0
708 16921 20258 572 20276 537 4261 1 0 0 0 0 0 0 0 0 1 1 R 0
709 16941 18839 873 18897 825 4390 1 0 0 0 0 0 0 0 0 2 1 R 0
710 16967 25193 697 23069 646 4382 1 0 1 0 0 0 0 0 0 2 1 R 0
711 16987 19284 635 19332 581 3826 1 0 0 0 0 0 0 0 0 2 1 R 0
712 17007 20004 609 20030 580 3745 1 0 0 0 0 0 0 0 0 1 1 R 0
713 17026 18336 840 18439 739 3116 1 0 0 0 0 0 0 0 0 2 1 R 0
714 17048 20508 731 20548 699 3707 1 0 0 0 0 0 0 0 0 1 1 R 0
715 17070 21604 582 21633 540 5325 1 0 0 0 0 0 0 0 0 2 1 R 0
716 17091 20057 758 20100 717 4354 1 0 0 0 0 0 0 0 0 1 1 R 0
717 17109 17954 857 18060 756 3695 1 0 0 0 0 0 0 0 0 1 1 R 0
718 17131 20946 704 20987 661 5969 1 0 0 0 0 0 0 0 0 2 1 R 0
719 17152 20048 590 20080 553 4392 1 0 0 0 0 0 0 0 0 2 1 R 0
720 17179 26149 598 25161 567 11615 1 0 1 0 0 0 0 0 0 1 1 R 0
721 17199 20003 577 20036 544 4394 1 0 0 0 0 0 0 0 0 1 1 R 0
722 17220 20419 577 20450 545 4199 1 0 0 0 0 0 0 0 0 2 1 R 0
723 17239 18495 813 18662 645 3735 1 0 0 0 0 0 0 0 0 1 1 R 0
724 17261 21348 580 21377 548 4126 1 0 0 0 0 0 0 0 0 2 1 R 0
725 17281 19252 602 19292 562 4242 1 0 0 0 0 0 0 0 0 1 1 R 0
726 17303 20940 591 20975 554 4260 1 0 0 0 0 0 0 0 0 1 1 R 0
727 17321 17258 551 17306 502 3348 1 0 0 0 0 0 0 0 0 1 1 R 0
728 17359 38063 663 19910 651 24315 1 2 3 0 1 0 0 0 0 3 0 R 1
729 17381 20723 613 19129 585 3280 1 0 0 0 0 0 0 0 0 1 1 R 0
730 17401 19319 720 19374 680 3583 1 0 0 0 0 0 0 0 0 2 1 R 0
731 17420 18327 684 18354 648 3581 1 0 0 0 0 0 0 0 0 1 1 R 0
732 17439 18880 722 18937 654 4119 1 0 0 0 0 0 0 0 0 2 1 R 0
733 17462 21572 708 21192 659 5109 1 0 1 0 0 0 0 0 0 2 1 R 0
734 17483 20630 841 20666 801 3753 1 0 0 0 0 0 0 0 0 1 1 R 0
735 17507 23740 702 23782 655 7157 1 0 0 0 0 0 0 0 0 2 1 R 0
736 17528 19829 718 19892 660 3145 1 0 0 0 0 0 0 0 0 2 1 R 0
737 17549 20165 702 20219 640 4212 1 0 0 0 0 0 0 0 0 1 1 R 0
738 17571 21577 590 20396 547 4222 1 0 1 0 0 0 0 0 0 1 1 R 0
739 17591 19402 564 19435 531 4524 1 0 0 0 0 0 0 0 0 2 1 R 0
740 17610 18611 767 18706 687 3567 1 0 0 0 0 1 0 0 0 1 1 R 0
741 17631 20079 702 20112 655 5896 1 0 0 0 0 0 0 0 0 2 1 R 0
742 17653 20669 690 20729 631 4353 1 0 0 0 0 0 0 0 0 1 1 R 0
743 17673 19386 594 19418 553 4074 1 0 0 0 0 0 0 0 0 1 1 R 0
744 17693 20232 786 20314 710 3771 1 0 0 0 0 0 0 0 0 2 1 R 0
745 17713 18812 726 18872 662 3203 1 0 0 0 0 0 0 0 0 2 1 R 0
746 17732 18558 671 18608 631 3196 1 0 0 0 0 0 0 0 0 1 1 R 0
747 17752 18950 648 18984 601 3710 1 0 0 0 0 0 0 0 0 2 1 R 0
748 17778 25504 616 23867 583 7503 1 0 1 0 0 0 0 0 0 2 1 R 0
749 17798 19377 703 19409 671 3821 1 0 0 0 0 0 0 0 0 1 1 R 0
750 17823 24052 613 24080 578 6486 1 0 0 0 0 0 0 0 0 1 1 R 0
751 17841 17934 942 17975 950 3201 1 0 0 0 0 0 0 0 0 2 1 R 0
752 17862 19899 717 19914 661 3601 1 0 0 0 0 0 0 0 0 2 1 R 0
753 17883 20435 592 20464 555 3815 1 0 0 0 0 0 0 0 0 1 1 R 0
754 17906 21762 645 21799 601 3230 1 0 0 0 0 0 0 0 0 2 1 R 0
755 17924 17796 1374 17850 1367 3691 1 0 0 0 0 0 0 0 0 1 1 R 0
756 17946 20782 610 20768 580 3776 1 0 0 0 0 0 0 0 0 2 1 R 0
757 17968 21492 565 20319 535 3825 1 0 1 0 0 0 0 0 0 1 1 R 0
758 17989 20229 580 20262 544 4167 1 0 0 0 0 0 0 0 0 1 1 R 0
759 18010 20523 630 20571 593 4566 1 0 0 0 0 0 0 0 0 2 1 R 0
760 18030 19002 781 19055 721 4024 1 0 0 0 0 0 0 0 0 1 1 R 0
761 18052 21382 574 21404 543 4340 1 0 0 0 0 0 0 0 0 2 1 R 0
762 18072 19634 1148 19757 1042 3357 1 0 0 0 0 0 0 0 0 1 1 R 0
763 18093 19792 596 19810 561 3778 1 0 0 0 0 0 0 0 0 1 1 R 0
764 18114 20324 1055 20373 1015 3803 1 0 0 0 0 0 0 0 0 2 1 R 0
765 18137 21650 733 21692 684 6416 1 0 0 0 0 0 0 0 0 2 1 R 0
766 18157 19408 744 19446 702 3853 1 0 0 0 0 0 0 0 0 2 1 R 0
767 18181 22750 594 21366 556 5225 1 0 2 0 0 0 0 0 0 1 1 R 0
768 18202 20566 580 20597 552 4252 1 0 0 0 0 0 0 0 0 1 1 R 0
769 18220 17766 799 17805 764 3711 1 0 0 0 0 0 0 0 0 2 1 R 0
770 18240 19622 766 19669 716 4752 1 0 0 0 0 0 0 0 0 2 1 R 0
771 18261 20055 577 20079 541 4255 1 0 0 0 0 0 0 0 0 1 1 R 0
772 18282 20059 705 20104 665 3759 1 0 0 0 0 0 0 0 0 1 1 R 0
773 18302 19824 591 19853 557 3875 1 0 0 0 0 0 0 0 0 1 1 R 0
774 18321 18195 681 18241 637 3108 1 0 0 0 0 0 0 0 0 2 1 R 0
775 18341 18841 736 18658 692 4823 1 0 1 0 0 0 0 0 0 2 1 R 0
776 18366 24393 832 22721 801 6370 1 0 1 0 0 0 0 0 0 2 1 R 0
777 18386 19496 589 19517 562 3785 1 0 0 0 0 0 0 0 0 1 1 R 0
778 18409 21674 714 21344 688 3995 1 0 1 0 0 0 0 0 0 1 1 R 0
779 18427 18095 703 18135 665 3221 1 0 0 0 0 0 0 0 0 2 1 R 0
780 18451 22562 571 22585 540 6940 1 0 0 0 0 0 0 0 0 2 1 R 0
781 18470 18614 862 18679 812 3703 1 0 0 0 0 0 0 0 0 1 1 R 0
782 18492 21700 584 21714 552 4516 1 0 0 0 0 0 0 0 0 2 1 R 0
783 18513 19651 586 19684 552 3838 1 0 0 0 0 0 0 0 0 1 1 R 0
784 18532 18730 771 18829 673 3177 1 0 0 0 0 0 0 0 0 2 1 R 0
785 18551 18561 745 18624 690 3056 1 0 0 0 0 0 0 0 0 1 1 R 0
786 18577 24593 568 23606 532 6375 1 0 1 0 0 0 0 0 0 2 1 R 0
787 18597 19613 706 19658 665 3835 1 0 0 0 0 0 0 0 0 1 1 R 0
788 18619 21437 572 21473 530 3765 1 0 0 0 0 0 0 0 0 1 1 R 0
789 18639 19755 605 19800 562 3797 1 0 0 0 0 0 0 0 0 2 1 R 0
790 18659 19197 681 19244 639 3662 1 0 0 0 0 0 0 0 0 1 1 R 0
791 18679 19594 582 19619 549 3717 1 0 0 0 0 0 0 0 0 2 1 R 0
792 18701 20956 589 20991 554 4311 1 0 0 0 0 0 0 0 0 1 1 R 0
793 18721 19274 580 19302 549 3910 1 0 0 0 0 0 0 0 0 1 1 R 0
794 18741 20166 763 20237 700 3715 1 0 0 0 0 0 0 0 0 2 1 R 0
795 18763 21101 719 21161 672 6601 1 0 0 0 0 0 0 0 0 2 1 R 0
796 18788 23692 576 22445 544 3689 1 0 1 0 0 0 0 0 0 2 1 R 0
797 18807 19036 754 19067 728 4016 1 0 0 0 0 0 0 0 0 1 1 R 0
798 18829 20808 584 20833 552 3630 1 0 0 0 0 0 0 0 0 1 1 R 0
799 18849 19988 1067 20050 1023 4224 1 0 0 0 0 0 0 0 0 2 1 R 0
800 18869 17989 858 18028 798 3537 1 0 0 0 0 0 0 0 0 2 1 R 0
801 18892 22444 713 22074 684 5909 1 0 1 0 0 0 0 0 0 1 1 R 0
802 18913 20136 581 20162 546 3813 1 0 0 0 0 0 0 0 0 1 1 R 0
803 18931 17741 736 17813 672 3890 1 0 0 0 0 0 0 0 0 2 1 R 0
804 18953 20791 724 20836 679 5617 1 0 0 0 0 0 0 0 0 2 1 R 0
805 18973 20129 642 19217 595 3445 1 0 1 0 0 0 0 0 0 2 1 R 0
806 18994 20268 1558 21017 824 3210 1 0 0 0 0 0 0 0 0 2 1 R 0
807 19016 19785 831 19798 794 3874 1 0 0 0 0 0 0 0 0 1 1 R 0
808 19036 19881 624 19926 589 3805 1 0 0 0 0 0 0 0 0 1 1 R 0
809 19055 18285 780 18333 735 3509 1 0 0 0 0 0 0 0 0 1 1 R 0
810 19078 21939 1485 21970 1466 6928 1 0 0 0 0 1 0 0 0 2 1 R 0
811 19100 20915 579 20921 545 4713 1 0 0 0 0 0 0 0 0 2 1 R 0
812 19121 20140 598 20175 560 4394 1 0 0 0 0 0 0 0 0 1 1 R 0
813 19139 17401 850 17469 801 3782 1 0 0 0 0 0 0 0 0 1 1 R 0
814 19162 21846 804 21903 727 6085 1 0 0 0 0 0 0 0 0 2 1 R 0
815 19182 19651 726 18692 666 4554 1 0 1 0 0 0 0 0 0 2 1 R 0
816 19211 27628 595 23711 567 3737 1 0 2 0 0 0 0 0 0 1 1 R 0
817 19244 32866 1024 23003 1011 11769 1 0 4 0 0 0 0 0 0 2 1 R 0
818 19263 17840 703 17872 646 3032 1 0 0 0 0 0 0 0 0 1 1 R 0
819 19281 17854 560 17900 511 3683 1 0 0 0 0 0 0 0 0 0 1 R 0
820 19314 32167 1024 17707 1009 22140 1 2 1 0 1 0 0 0 0 4 0 R 1
821 19332 16444 725 14860 679 2418 1 0 0 0 0 0 0 0 0 0 1 R 0
822 19354 21767 1590 21813 1553 6281 1 0 0 0 0 0 0 0 0 2 1 R 0
823 19377 21522 768 20623 704 4421 1 0 1 0 0 0 0 0 0 2 1 R 0
824 19397 19103 701 19154 646 3209 1 0 0 0 0 0 0 0 0 2 1 R 0
825 19421 22976 598 23004 563 8158 1 0 0 0 0 0 0 0 0 1 1 R 0
826 19441 19204 669 19255 616 3943 1 0 0 0 0 0 0 0 0 2 1 R 0
827 19463 21317 756 20741 714 5940 1 0 1 0 0 0 0 0 0 1 1 R 0
828 19484 20858 1000 20877 975 3883 1 0 0 0 0 0 0 0 0 2 1 R 0
829 19504 18282 705 18338 642 3566 1 0 0 0 0 0 0 0 0 1 1 R 0
830 19527 22344 578 22366 553 4170 1 0 0 0 0 0 0 0 0 1 1 R 0
831 19547 19781 569 19809 532 3788 1 0 0 0 0 0 0 0 0 2 1 R 0
832 19568 20285 742 20368 666 3567 1 0 0 0 0 0 0 0 0 1 1 R 0
833 19588 19641 938 18747 844 3631 1 0 1 0 0 1 0 0 0 2 1 R 0
834 19612 22510 587 22541 552 6206 1 0 0 0 0 0 0 0 0 1 1 R 0
835 19632 19797 587 19829 555 4304 1 0 0 0 0 0 0 0 0 2 1 R 0
836 19654 21373 1277 21401 1262 3770 1 0 0 0 0 0 0 0 0 1 1 R 0
837 19673 17358 667 17397 608 3342 1 0 0 0 0 0 0 0 0 2 1 R 0
838 19693 19606 694 19674 629 3497 1 0 0 0 0 0 0 0 0 2 1 R 0
839 19713 19840 1456 19959 1354 3364 1 0 0 0 0 0 0 0 0 1 1 R 0
840 19739 24269 570 24282 536 7199 1 0 0 0 0 0 0 0 0 2 1 R 0
841 19759 19377 738 19426 700 3718 1 0 0 0 0 0 0 0 0 1 1 R 0
842 19781 20918 675 19883 636 3822 1 0 1 0 0 0 0 0 0 2 1 R 0
843 19801 19445 877 19500 822 4426 1 0 0 0 0 0 0 0 0 2 1 R 0
844 19823 21540 586 21568 550 5484 1 0 0 0 0 0 0 0 0 1 1 R 0
845 19844 19863 584 19896 823 3847 1 0 0 0 0 0 0 0 0 2 1 R 0
846 19863 18684 801 18488 731 3309 1 0 0 0 0 0 0 0 0 1 1 R 0
847 19884 20198 1311 20269 1250 5032 1 0 0 0 0 0 0 0 0 3 1 R 0
848 19903 17987 843 18019 796 3188 1 0 0 0 0 0 0 0 0 1 1 R 0
849 19924 19972 1003 19998 982 4161 1 0 0 0 0 0 0 0 0 1 1 R 0
850 19947 21786 575 21804 540 3796 1 0 0 0 0 0 0 0 0 2 1 R 0
851 19966 18829 690 18879 650 3166 1 0 0 0 0 0 0 0 0 1 1 R 0
852 19988 20572 698 19526 652 4604 1 0 1 0 0 0 0 0 0 2 1 R 0
853 20008 19785 1040 19850 995 3422 1 0 0 0 0 0 0 0 0 2 1 R 0
854 20029 20292 581 20304 546 4348 1 0 0 0 0 0 0 0 0 1 1 R 0
855 20052 22509 602 22549 561 7432 1 0 0 0 0 0 0 0 0 1 1 R 0
856 20072 18513 730 18581 664 3213 1 0 0 0 0 0 0 0 0 2 1 R 0
857 20092 19205 950 19271 896 4437 1 0 0 0 0 0 0 0 0 2 1 R 0
858 20114 21263 879 21281 858 3687 1 0 0 0 0 0 0 0 0 1 1 R 0
859 20133 18635 582 18655 547 3865 1 0 0 0 0 0 0 0 0 1 1 R 0
860 20156 22130 674 22176 633 3799 1 0 0 0 0 0 0 0 0 2 1 R 0
861 20177 20528 580 18889 552 3305 1 0 1 0 0 0 0 0 0 1 1 R 0
862 20197 19185 693 19239 640 3201 1 0 0 0 0 0 0 0 0 2 1 R 0
863 20218 20556 592 20587 560 3792 1 0 0 0 0 0 0 0 0 1 1 R 0
864 20239 20454 620 20487 591 4307 1 0 0 0 0 0 0 0 0 1 1 R 0
865 20260 20139 568 20164 542 3901 1 0 0 0 0 0 0 0 0 2 1 R 0
866 20280 19509 698 19548 660 3773 1 0 0 0 0 0 0 0 0 2 1 R 0
867 20302 20853 551 20880 517 3570 1 0 0 0 0 0 0 0 0 1 1 R 0
868 20323 20423 637 20454 611 4381 1 0 0 0 0 0 0 0 0 2 1 R 0
869 20343 19404 588 19430 554 3866 1 0 0 0 0 0 0 0 0 1 1 R 0
870 20368 24826 642 24862 606 7124 1 0 0 0 0 0 0 0 0 2 1 R 0
871 20389 20291 852 19380 797 3193 1 0 1 0 0 0 0 0 0 1 1 R 0
872 20410 20197 724 19727 680 3733 1 0 1 0 0 0 0 0 0 2 1 R 0
873 20430 18887 715 18945 661 3703 1 0 0 0 0 0 0 0 0 1 1 R 0
874 20451 21102 584 21121 550 4367 1 0 0 0 0 0 0 0 0 1 1 R 0
875 20470 18179 715 18249 660 3959 1 0 0 0 0 0 0 0 0 2 1 R 0
876 20490 18739 682 18768 646 3700 1 0 0 0 0 0 0 0 0 2 1 R 0
877 20509 18770 716 18815 665 3642 1 0 0 0 0 0 0 0 0 2 1 R 0
878 20532 21710 576 21736 545 4528 1 0 0 0 0 0 0 0 0 1 1 R 0
879 20551 19162 588 19196 550 4281 1 0 0 0 0 0 0 0 0 1 1 R 0
880 20574 22118 1087 22152 1071 4484 1 0 0 0 0 0 0 0 0 2 1 R 0
881 20594 18935 1370 17607 1383 3043 1 0 1 0 0 0 0 0 0 2 1 R 0
882 20618 22240 712 22239 674 6117 1 0 0 0 0 0 0 0 0 1 1 R 0
883 20639 20238 574 20252 539 4327 1 0 0 0 0 0 0 0 0 2 1 R 0
884 20660 20561 579 20594 544 4379 1 0 0 0 0 0 0 0 0 1 1 R 0
885 20683 22170 658 22274 554 6974 1 0 0 0 0 0 0 0 0 1 1 R 0
886 20701 18251 693 18313 644 3193 1 0 0 0 0 0 0 0 0 2 1 R 0
887 20721 18636 726 18685 668 4175 1 0 0 0 0 0 0 0 0 2 1 R 0
888 20743 21377 569 21400 538 4382 1 0 0 0 0 0 0 0 0 1 1 R 0
889 20763 19271 589 19304 554 3856 1 0 0 0 0 0 0 0 0 2 1 R 0
890 20784 20631 1439 18989 1399 3146 1 0 1 0 0 0 0 0 0 1 1 R 0
891 20802 17082 566 17108 514 3230 1 0 0 0 0 0 0 0 0 2 1 R 0
892 20829 26099 571 25689 546 5842 1 0 1 0 0 0 0 0 0 2 1 R 0
893 20849 19812 568 19836 536 4299 1 0 0 0 0 0 0 0 0 1 1 R 0
894 20870 20055 576 20088 540 4530 1 0 0 0 0 0 0 0 0 1 1 R 0
895 20888 17544 755 17639 671 3656 1 0 0 0 0 0 0 0 0 1 1 R 0
896 20910 21042 663 21080 616 5928 1 0 0 0 0 0 0 0 0 3 1 R 0
897 20931 20312 587 20343 555 4197 1 0 0 0 0 0 0 0 0 1 1 R 0
898 20952 20521 583 20555 551 4313 1 0 0 0 0 0 0 0 0 1 1 R 0
899 20972 19738 747 19768 719 4060 1 0 0 0 0 0 0 0 0 2 1 R 0
900 20998 24655 610 23717 572 7597 1 0 1 0 0 0 0 0 0 1 1 R 0
901 21019 20618 1032 20713 955 3209 1 0 0 0 0 0 0 0 0 2 1 R 0
902 21043 22535 588 22546 559 5920 1 0 0 0 0 0 0 0 0 1 1 R 0
903 21063 19983 596 20015 558 3813 1 0 0 0 0 0 0 0 0 2 1 R 0
904 21083 19477 782 19578 688 3818 1 0 0 0 0 0 0 0 0 1 1 R 0
905 21102 17512 731 17551 695 3656 1 0 0 0 0 0 0 0 0 1 1 R 0
906 21123 20947 694 20993 650 5703 1 0 0 0 0 0 0 0 0 3 1 R 0
907 21144 19744 1467 19776 1434 3615 1 0 0 0 0 0 0 0 0 2 1 R 0
908 21166 21150 738 21200 675 3810 1 0 0 0 0 0 0 0 0 1 1 R 0
909 21188 21187 578 19788 542 3779 1 0 1 0 0 0 0 0 0 1 1 R 0
910 21207 18668 693 18723 639 3294 1 0 0 0 0 0 0 0 0 2 1 R 0
911 21227 19113 725 19185 653 3160 1 0 0 0 0 0 0 0 0 1 1 R 0
912 21249 21259 1200 21291 1176 3749 1 0 0 0 0 1 0 0 0 1 1 R 0
913 21271 20183 602 20204 570 4351 1 0 0 0 0 0 0 0 0 2 1 R 0
914 21290 18821 687 18867 649 4024 1 0 0 0 0 0 0 0 0 2 1 R 0
915 21312 21312 742 21384 659 6555 1 0 0 0 0 0 0 0 0 2 1 R 0
916 21333 20668 773 20757 690 4392 1 0 0 0 0 0 0 0 0 1 1 R 0
917 21354 19900 943 19926 919 3852 1 0 0 0 0 0 0 0 0 2 1 R 0
918 21376 21174 755 21296 623 4038 1 0 0 0 0 0 0 0 0 1 1 R 0
919 21400 23027 599 21576 560 6264 1 0 1 0 0 0 0 0 0 1 1 R 0
920 21423 22273 900 22321 849 4958 1 0 0 0 0 0 0 0 0 2 1 R 0
921 21445 21655 1542 21702 754 4393 1 0 1 0 0 0 0 0 0 1 1 R 0
922 21468 20819 574 20839 541 3804 1 0 0 0 0 0 0 0 0 1 1 R 0
923 21488 20002 664 20034 636 3331 1 0 0 0 0 0 0 0 0 2 1 R 0
924 21508 19379 1021 19442 965 3797 1 0 0 0 0 0 0 0 0 1 1 R 0
925 21527 17668 728 17709 676 3699 1 0 0 0 0 0 0 0 0 2 1 R 0
926 21549 21304 718 21367 666 5939 1 0 0 0 0 1 0 0 0 1 1 R 0
927 21570 20284 582 20309 547 4426 1 0 0 0 0 0 0 0 0 1 1 R 0
928 21593 22168 600 20389 565 4057 1 0 1 0 0 0 0 0 0 2 1 R 0
929 21612 18845 723 18909 657 3806 1 0 0 0 0 0 0 0 0 1 1 R 0
930 21636 23201 839 23259 786 6088 1 0 0 0 0 0 0 0 0 2 1 R 0
931 21657 19536 763 19580 732 3371 1 0 0 0 0 0 0 0 0 2 1 R 0
932 21678 21004 577 21019 541 3771 1 0 0 0 0 0 0 0 0 1 1 R 0
933 21699 19820 761 19878 716 4235 1 0 0 0 0 0 0 0 0 2 1 R 0
934 21719 19427 584 19447 551 3687 1 0 0 0 0 0 0 0 0 1 1 R 0
935 21739 19536 577 19568 544 4368 1 0 0 0 0 0 0 0 0 1 1 R 0
936 21760 20700 847 20747 807 3782 1 0 0 0 0 0 0 0 0 2 1 R 0
937 21780 19104 706 19131 674 4326 1 0 0 0 0 0 0 0 0 1 1 R 0
938 21802 21049 621 20108 573 5296 1 0 1 0 0 0 0 0 0 1 1 R 0
939 21821 17804 706 17857 653 3181 1 0 0 0 0 0 0 0 0 2 1 R 0
940 21840 18660 614 18708 577 4018 1 0 0 0 0 0 0 0 0 1 1 R 0
941 21864 23446 963 23468 940 7312 1 0 0 0 0 0 0 0 0 2 1 R 0
942 21885 20127 567 20144 538 3760 1 0 0 0 0 0 0 0 0 1 1 R 0
943 21908 21882 633 21950 564 3665 1 0 0 0 0 0 0 0 0 2 1 R 0
944 21927 19058 679 19116 619 3152 1 0 0 0 0 0 0 0 0 2 1 R 0
945 21950 22104 583 22138 548 6542 1 0 0 0 0 0 0 0 0 1 1 R 0
946 21971 20650 577 20687 540 4248 1 0 0 0 0 0 0 0 0 1 1 R 0
947 21993 21292 587 20288 557 4465 1 0 1 0 0 0 0 0 0 2 1 R 0
948 22013 18830 697 18871 648 3176 1 0 0 0 0 0 0 0 0 1 1 R 0
949 22032 18504 664 18571 602 3192 1 0 0 0 0 0 0 0 0 2 1 R 0
950 22051 19030 579 19061 557 4043 1 0 0 0 0 0 0 0 0 1 1 R 0
951 22076 24055 707 24121 627 7978 1 0 0 0 0 0 0 0 0 3 1 R 0
952 22097 20271 574 20304 542 3810 1 0 0 0 0 0 0 0 0 1 1 R 0
953 22115 17623 708 17669 662 3100 1 0 0 0 0 0 0 0 0 1 1 R 0
954 22137 21394 677 21448 629 5810 1 0 0 0 0 0 0 0 0 2 1 R 0
955 22157 19224 785 19256 755 3298 1 0 0 0 0 0 0 0 0 2 1 R 0
956 22179 20686 587 20710 553 3758 1 0 0 0 0 0 0 0 0 1 1 R 0
957 22202 22288 578 20933 542 4295 1 0 1 0 0 0 0 0 0 1 1 R 0
958 22222 19770 741 19829 694 3576 1 0 0 0 0 0 0 0 0 2 1 R 0
959 22241 17920 694 17953 658 3257 1 0 0 0 0 0 0 0 0 2 1 R 0
960 22266 25045 672 25125 582 7717 1 0 0 0 0 0 0 0 0 1 1 R 0
961 22286 19213 584 19247 548 3843 1 0 0 0 0 0 0 0 0 2 1 R 0
962 22307 20135 840 20187 801 3522 1 0 0 0 0 0 0 0 0 1 1 R 0
963 22328 19696 573 19714 544 3578 1 0 0 0 0 0 0 0 0 1 1 R 0
964 22346 17862 731 17959 631 3137 1 0 0 0 0 0 0 0 0 2 1 R 0
965 22370 23437 668 23496 607 7336 1 0 0 0 0 0 0 0 0 2 1 R 0
966 22393 21826 620 21058 549 4437 1 0 1 0 0 0 0 0 0 1 1 R 0
967 22416 23023 619 22560 581 3834 1 0 1 0 0 0 0 0 0 2 1 R 0
968 22436 19149 974 19253 877 3326 1 0 0 0 0 0 0 0 0 1 1 R 0
969 22456 18711 630 18752 585 3254 1 0 0 0 0 0 0 0 0 2 1 R 0
970 22478 21544 737 21583 697 3632 1 0 0 0 0 0 0 0 0 1 1 R 0
971 22499 19894 593 19928 558 4217 1 0 0 0 0 0 0 0 0 1 1 R 0
972 22521 21938 572 21972 540 5064 1 0 0 0 0 0 0 0 0 3 1 R 0
973 22539 17735 782 17801 718 3790 1 0 0 0 0 0 0 0 0 1 1 R 0
974 22561 20944 914 21019 838 5381 1 0 0 0 0 0 0 0 0 2 1 R 0
975 22587 24680 587 24703 553 9841 1 0 0 0 0 0 0 0 0 2 1 R 0
976 22609 21944 581 20926 547 5957 1 0 1 0 0 0 0 0 0 1 1 R 0
977 22628 17925 717 17975 670 3530 1 0 0 0 0 0 0 0 0 2 1 R 0
978 22650 21493 745 21537 696 6467 1 0 0 0 0 0 0 0 0 2 1 R 0
979 22671 20120 578 20153 544 3864 1 0 0 0 0 0 0 0 0 1 1 R 0
980 22691 19904 584 19938 548 4374 1 0 0 0 0 0 0 0 0 1 1 R 0
981 22712 20496 705 20549 657 4230 1 0 0 0 0 0 0 0 0 1 1 R 0
982 22732 19369 722 19444 645 3152 1 0 0 0 0 0 0 0 0 2 1 R 0
983 22751 18108 739 18149 711 3293 1 0 0 0 0 0 0 0 0 2 1 R 0
984 22771 19214 756 19236 728 4322 1 0 0 0 0 0 0 0 0 2 1 R 0
985 22795 22910 605 21645 563 5170 1 0 1 0 0 0 0 0 0 1 1 R 0
986 22816 20592 590 20626 561 3810 1 0 0 0 0 0 0 0 0 2 1 R 0
987 22836 19454 578 19477 548 3320 1 0 0 0 0 0 0 0 0 1 1 R 0
988 22854 17387 1092 17437 1053 3079 1 0 0 0 0 0 0 0 0 2 1 R 0
989 22878 22871 573 22891 539 6719 1 0 0 0 0 0 0 0 0 1 1 R 0
990 22902 23686 592 23724 555 8235 1 0 0 0 0 0 0 0 0 2 1 R 0
991 22925 21837 621 21877 576 3597 1 0 0 0 0 0 0 0 0 1 1 R 0
992 22946 20575 712 20652 644 3632 1 0 0 0 0 0 0 0 0 2 1 R 0
993 22965 18439 720 18481 667 3073 1 0 0 0 0 0 0 0 0 2 1 R 0
994 22987 21603 752 21738 618 3783 1 0 0 0 0 0 0 0 0 1 1 R 0
995 23009 20809 586 19723 553 5668 1 0 1 0 0 0 0 0 0 1 1 R 0
996 23030 20815 579 20848 550 4455 1 0 0 0 0 0 0 0 0 2 1 R 0
997 23049 18487 729 18568 645 3701 1 0 0 0 0 0 0 0 0 1 1 R 0
998 23069 19244 836 19317 786 3542 1 0 0 0 0 0 0 0 0 2 1 R 0
999 23091 20756 558 20768 524 5338 1 0 0 0 0 0 0 0 0 1 1 R 0
1000 23112 20666 602 20719 545 4276 1 0 0 0 0 0 0 0 0 1 1 R 0
1001 23131 18611 828 18665 787 3694 1 0 0 0 0 0 0 0 0 2 1 R 0
1002 23154 21455 846 21471 840 4080 1 0 0 0 0 0 0 0 0 2 1 R 0
1003 23172 17469 681 17506 623 3539 1 0 0 0 0 0 0 0 0 1 1 R 0
1004 23196 23610 609 22705 579 4319 1 0 1 0 0 0 0 0 0 1 1 R 0
1005 23219 22458 597 22495 565 8233 1 0 0 0 0 0 0 0 0 1 1 R 0
1006 23240 19868 864 19916 817 3638 1 0 0 0 0 0 0 0 0 2 1 R 0
1007 23259 17836 878 17871 862 3654 1 0 0 0 0 0 0 0 0 2 1 R 0
1008 23280 20597 710 20641 649 4665 1 0 0 0 0 0 0 0 0 2 1 R 0
1009 23302 21002 592 21025 560 4363 1 0 0 0 0 0 0 0 0 1 1 R 0
1010 23322 19979 585 20009 552 4171 1 0 0 0 0 0 0 0 0 1 1 R 0
1011 23341 17835 810 17925 732 3377 1 0 0 0 0 0 0 0 0 2 1 R 0
1012 23361 19376 772 19410 737 4176 1 0 0 0 0 0 0 0 0 1 1 R 0
1013 23382 20160 692 19957 655 4796 1 0 1 0 0 0 0 0 0 2 1 R 0
1014 23406 22918 1250 21503 1219 4349 1 0 1 0 0 1 0 0 0 2 1 R 0
1015 23427 19983 583 19999 553 4031 1 0 0 0 0 0 0 0 0 1 1 R 0
1016 23449 22056 703 21403 651 3256 1 0 1 0 0 0 0 0 0 2 1 R 0
1017 23467 17197 854 17279 774 3583 1 0 0 0 0 0 0 0 0 1 1 R 0
1018 23490 22148 585 22176 549 5910 1 0 0 0 0 0 0 0 0 2 1 R 0
1019 23511 20094 584 20130 548 4427 1 0 0 0 0 1 0 0 0 1 1 R 0
1020 23537 25898 642 25933 609 7719 1 0 0 0 0 0 0 0 0 1 1 R 0
1021 23557 19067 663 19131 597 3515 1 0 0 0 0 0 0 0 0 1 1 R 0
1022 23577 19372 873 19428 821 3115 1 0 0 0 0 0 0 0 0 2 1 R 0
1023 23601 23134 573 21707 544 4273 1 0 1 0 0 0 0 0 0 1 1 R 0
1024 23622 20532 590 20561 552 4307 1 0 0 0 0 0 0 0 0 1 1 R 0
1025 23642 19550 580 19586 545 4086 1 0 0 0 0 0 0 0 0 2 1 R 0
1026 23663 19550 740 19607 699 3646 1 0 0 0 0 0 0 0 0 1 1 R 0
1027 23681 17484 559 17515 510 3189 1 0 0 0 0 0 0 0 0 2 1 R 0
1028 23712 30440 654 18855 630 19761 1 2 1 0 1 0 0 0 0 2 0 R 1
1029 23738 25950 6567 17559 1015 2129 1 0 2 0 1 0 0 0 0 1 0 R 0
1030 23763 17709 3079 15205 1445 2168 1 0 1 0 1 0 0 0 1 0 0 R 0
1031 23790 24622 608 24529 574 7607 1 0 0 0 0 0 0 1 1 2 0 R 0
1032 23815 24050 587 22452 561 4706 1 0 4 0 0 0 0 1 1 1 0 R 0
1033 23838 21931 975 21961 954 3793 1 0 0 0 0 0 0 1 1 1 0 R 0
1034 23866 27729 991 27843 865 5928 1 0 0 0 0 0 0 1 1 1 0 R 0
1035 23897 29560 658 27308 1050 16511 1 0 4 0 0 0 0 1 1 1 0 R 0
1036 23918 20367 583 19955 552 3754 1 0 0 0 0 0 0 1 1 1 0 R 0
1037 23940 21232 987 21268 967 3793 1 0 0 0 0 0 0 1 1 1 0 R 0
1038 23974 32952 1936 30507 2055 12388 1 0 4 0 0 0 0 1 1 2 0 R 0
1039 23998 22927 660 22807 634 7413 1 0 0 0 0 0 0 1 1 1 0 R 0
1040 24019 20295 586 20316 557 4138 1 0 0 0 0 0 0 1 1 2 0 R 0
1041 24046 25855 583 24758 553 5040 1 0 4 0 0 0 0 1 1 1 0 R 0
1042 24074 27835 1833 27875 1825 5341 1 0 0 0 0 0 0 1 1 1 0 R 0
1043 24102 25628 1043 24727 1020 7767 1 0 4 0 0 0 0 1 1 1 0 R 0
1044 24123 19898 575 19914 547 3775 1 0 0 0 0 0 0 1 1 1 0 R 0
1045 24144 20804 1461 20839 1438 3818 1 0 0 0 0 0 0 1 1 1 0 R 0
1046 24179 33099 998 31507 997 5768 1 0 4 0 0 0 0 1 1 1 0 R 0
1047 24208 28789 843 28692 827 7371 1 0 0 0 0 0 0 1 1 2 0 R 0
1048 24229 19912 591 19926 563 4627 1 0 0 0 0 0 0 1 1 1 0 R 0
1049 24261 30923 626 26959 594 8348 1 0 5 0 0 0 0 1 1 1 0 R 0
1050 24294 32529 1472 32557 1460 14480 1 0 0 0 0 0 0 1 1 1 0 R 0
1051 24320 25130 609 22954 567 10427 1 0 4 0 0 0 0 1 1 1 0 R 0
1052 24344 22751 963 22798 927 4576 1 0 0 0 0 0 0 1 1 1 0 R 0
1053 24371 26089 715 26099 697 5681 1 0 0 0 0 0 0 1 1 1 0 R 0
1054 24393 21739 661 20827 632 6514 1 0 4 0 0 0 0 1 1 2 0 R 0
1055 24416 22022 1044 22420 663 3861 1 0 0 0 0 0 0 1 1 1 0 R 0
1056 24437 19597 595 19603 568 3693 1 0 0 0 0 0 0 1 1 1 0 R 0
1057 24467 30023 966 28097 935 6606 1 0 4 0 0 0 0 1 1 1 0 R 0
1058 24496 28013 734 28127 610 5924 1 0 0 0 0 0 0 1 1 2 0 R 0
1059 24524 27141 971 25548 941 7892 1 0 4 0 0 0 0 1 1 1 0 R 0
1060 24547 22195 639 22216 611 3809 1 0 0 0 0 0 0 1 1 1 0 R 0
1061 24572 24093 972 24123 945 5191 1 0 0 0 0 0 0 1 1 1 0 R 0
1062 24606 33002 585 31336 560 6446 1 0 4 0 0 0 0 1 1 1 0 R 0
1063 24626 19554 574 19572 548 4001 1 0 0 0 0 0 0 1 1 2 0 R 0
1064 24648 21408 783 21444 745 3752 1 0 0 0 0 0 0 1 1 1 0 R 0
1065 24681 31932 1290 29066 1393 16641 1 0 4 0 0 0 0 1 1 1 0 R 0
1066 24709 26727 681 26631 628 6836 1 0 0 0 0 0 0 1 1 1 0 R 0
1067 24730 20185 598 20211 570 4438 1 0 0 0 0 0 0 1 1 1 0 R 0
1068 24754 23746 1080 22720 1053 6036 1 0 4 0 0 0 0 1 1 1 0 R 0
1069 24782 26457 1046 26487 1017 5933 1 0 0 0 0 0 0 1 1 2 0 R 0
1070 24813 30611 659 28994 630 6783 1 0 4 0 0 0 0 1 1 1 0 R 0
1071 24834 19827 898 19851 875 4225 1 0 0 0 0 0 0 1 1 1 0 R 0
1072 24856 21235 1396 21284 1359 3786 1 0 0 0 0 0 0 1 1 1 0 R 0
1073 24881 24167 1107 24277 983 5592 1 0 0 0 0 0 0 1 1 1 0 R 0
1074 24918 35634 599 33047 563 8737 1 0 4 0 0 0 0 1 1 2 0 R 0
1075 24938 19088 584 19120 550 4568 1 0 0 0 0 0 0 1 1 1 0 R 0
1076 24963 24607 1047 23918 1003 3737 1 0 4 0 0 0 0 1 1 1 0 R 0
1077 24991 26707 1047 26728 1019 6397 1 0 0 0 0 0 0 1 1 1 0 R 0
1078 25022 30622 961 30654 924 6519 1 0 0 0 0 0 0 1 1 1 0 R 0
1079 25047 24038 602 22138 567 6562 1 0 4 0 0 0 0 1 1 1 0 R 0
1080 25079 31156 599 31189 570 10791 1 0 0 0 0 0 0 1 1 2 0 R 0
1081 25112 31899 1161 29749 1139 6353 1 0 4 0 0 0 0 1 1 1 0 R 0
1082 25138 24952 602 24967 570 6672 1 0 0 0 0 0 0 1 1 1 0 R 0
1083 25159 20759 999 20798 968 3801 1 0 0 0 0 0 0 1 1 1 0 R 0
1084 25190 29504 824 27050 795 9940 1 0 4 0 0 0 0 1 1 1 0 R 0
1085 25210 19735 609 19756 584 4232 1 0 0 0 0 0 0 1 1 2 0 R 0
1086 25233 22095 958 22126 942 4251 1 0 0 0 0 0 0 1 1 1 0 R 0
1087 25257 22880 586 20940 555 5544 1 0 4 0 0 0 0 1 1 1 0 R 0
1088 25284 26585 957 26620 927 5154 1 0 0 0 0 0 0 1 1 1 0 R 0
1089 25319 33965 1093 32347 1185 5972 1 0 4 0 0 0 0 1 1 2 0 R 0
1090 25340 19770 597 19672 567 4373 1 0 0 0 0 0 0 1 1 1 0 R 0
1091 25360 19371 587 19401 556 4214 1 0 0 0 0 0 0 1 1 1 0 R 0
1092 25390 29948 1004 28487 975 5018 1 0 4 0 0 0 0 1 1 1 0 R 0
1093 25422 30317 1046 30346 1027 7238 1 0 0 0 0 0 0 1 1 1 0 R 0
1094 25449 26595 708 25847 692 6717 1 0 4 0 0 0 0 1 1 1 0 R 0
1095 25473 22991 1129 23025 1087 7887 1 0 0 0 0 0 0 1 1 2 0 R 0
1096 25513 38957 4717 39020 2961 6643 1 0 0 0 3 0 0 1 1 4 0 R 0
1097 25548 29957 768 22971 733 6108 1 1 3 0 0 0 0 0 0 2 1 R 1
1098 25568 19866 570 19879 534 3821 1 0 0 0 0 0 0 0 0 2 1 R 0
1099 25593 24052 573 23381 543 4384 1 0 1 0 0 0 0 0 0 1 1 R 0
1100 25617 23334 589 21709 560 3168 1 0 2 0 0 0 0 0 0 2 1 R 0
1101 25636 18487 701 18534 676 3155 1 0 0 0 0 0 0 0 0 1 1 R 0
1102 25658 21413 623 21425 586 4027 1 0 0 0 0 0 0 0 0 2 1 R 0
1103 25679 19871 614 19929 549 4307 1 0 0 0 0 0 0 0 0 2 1 R 0
1104 25697 18302 697 18342 663 3150 1 0 0 0 0 0 0 0 0 0 1 R 0
1105 25717 18884 725 18961 663 3541 1 0 0 0 0 0 0 0 0 2 1 R 0
1106 25736 18647 848 18697 805 3169 1 0 0 0 0 0 0 0 0 2 1 R 0
1107 25760 22968 595 22970 563 7197 1 0 0 0 0 0 0 0 0 1 1 R 0
1108 25781 20056 603 20095 567 4346 1 0 0 0 0 0 0 0 0 2 1 R 0
1109 25799 17769 810 17831 766 3634 1 0 0 0 0 0 0 0 0 1 1 R 0
1110 25826 26278 583 25340 561 9547 1 0 1 0 0 0 0 0 0 2 1 R 0
1111 25847 19726 743 19758 715 3063 1 0 0 0 0 0 0 0 0 3 1 R 0
1112 25869 21811 608 21824 584 3741 1 0 0 0 0 1 0 0 0 1 1 R 0
1113 25889 19267 587 19296 549 4172 1 0 0 0 0 0 0 0 0 1 1 R 0
1114 25910 20487 563 20520 530 3924 1 0 0 0 0 0 0 0 0 2 1 R 0
1115 25928 17623 666 17680 616 3590 1 0 0 0 0 0 0 0 0 2 1 R 0
1116 25950 21078 705 21123 666 4524 1 0 0 0 0 0 0 0 0 1 1 R 0
1117 25971 20220 1225 20241 1201 4391 1 0 0 0 0 1 0 0 0 2 1 R 0
1118 25992 20104 570 20124 542 4168 1 0 0 0 0 0 0 0 0 1 1 R 0
1119 26015 22479 914 20907 840 3179 1 0 1 0 0 0 0 0 0 1 1 R 0
1120 26035 18582 731 18654 659 3104 1 0 0 0 0 0 0 0 0 2 1 R 0
1121 26056 19980 563 20007 531 3888 1 0 0 0 0 0 0 0 0 1 1 R 0
1122 26077 20382 613 20416 580 4014 1 0 0 0 0 0 0 0 0 2 1 R 0
1123 26097 19596 662 19637 629 3227 1 0 0 0 0 0 0 0 0 1 1 R 0
1124 26117 19899 779 19928 749 3174 1 0 0 0 0 0 0 0 0 1 1 R 0
1125 26140 22267 956 22327 891 6533 1 0 0 0 0 0 0 0 0 2 1 R 0
1126 26162 20895 593 20923 555 4179 1 0 0 0 0 0 0 0 0 2 1 R 0
1127 26183 20096 585 20134 547 3825 1 0 0 0 0 0 0 0 0 2 1 R 0
1128 26204 20114 573 20150 533 3738 1 0 0 0 0 0 0 0 0 1 1 R 0
1129 26227 22600 759 21648 713 3757 1 0 1 0 0 0 0 0 0 1 1 R 0
1130 26246 18665 733 18707 698 3137 1 0 0 0 0 0 0 0 0 2 1 R 0
1131 26268 21308 582 21333 544 4701 1 0 0 0 0 0 0 0 0 1 1 R 0
1132 26289 20005 582 20044 541 4226 1 0 0 0 0 0 0 0 0 1 1 R 0
1133 26307 17471 704 17524 664 3857 1 0 0 0 0 0 0 0 0 1 1 R 0
1134 26330 22282 754 22345 684 6520 1 0 0 0 0 0 0 0 0 3 1 R 0
1135 26349 17953 649 17988 616 3528 1 0 0 0 0 0 0 0 0 1 1 R 0
1136 26371 21926 574 21953 542 5143 1 0 0 0 0 0 0 0 0 2 1 R 0
1137 26392 19912 795 19946 767 4559 1 0 0 0 0 0 0 0 0 1 1 R 0
1138 26413 20518 2401 19965 925 3254 1 0 1 0 1 0 0 0 0 2 1 R 0
1139 26433 17288 747 17322 692 3116 1 0 0 0 0 0 0 0 0 1 1 R 0
1140 26457 23902 942 23964 894 6180 1 0 0 0 0 0 0 0 0 2 1 R 0
1141 26478 19482 586 19501 551 4274 1 0 0 0 0 0 0 0 0 1 1 R 0
1142 26500 21379 810 21439 761 3754 1 0 0 0 0 0 0 0 0 1 1 R 0
1143 26522 21663 590 21282 558 4456 1 0 1 0 0 0 0 0 0 3 1 R 0
1144 26544 21143 938 20649 912 3683 1 0 1 0 0 0 0 0 0 1 1 R 0
1145 26563 18529 793 18614 705 3242 1 0 0 0 0 0 0 0 0 1 1 R 0
1146 26584 20117 940 20528 521 3824 1 0 0 0 0 0 0 0 0 2 1 R 0
1147 26606 20515 747 20664 601 3886 1 0 0 0 0 0 0 0 0 1 1 R 0
1148 26628 21620 621 20637 585 3308 1 0 1 0 0 0 0 0 0 1 1 R 0
1149 26647 18153 698 18218 642 3210 1 0 0 0 0 0 0 0 0 2 1 R 0
1150 26669 21347 611 21368 578 3623 1 0 0 0 0 0 0 0 0 1 1 R 0
1151 26689 19158 588 19195 554 4527 1 0 0 0 0 0 0 0 0 2 1 R 0
1152 26710 20526 573 20554 542 4112 1 0 0 0 0 0 0 0 0 2 1 R 0
1153 26729 18378 728 18453 650 3570 1 0 0 0 0 0 0 0 0 1 1 R 0
1154 26748 18052 539 18091 503 3751 1 0 0 0 0 0 0 0 0 1 1 R 0
1155 26775 26567 564 26591 536 11397 1 0 0 0 0 0 0 0 0 2 1 R 0
1156 26795 20053 992 20110 940 3808 1 0 0 0 0 0 0 0 0 1 1 R 0
1157 26818 22180 718 21066 676 3697 1 0 1 0 0 0 0 0 0 3 1 R 0
1158 26838 19052 680 19094 633 3828 1 0 0 0 0 0 0 0 0 0 1 R 0
1159 26857 18158 907 18225 856 3781 1 0 0 0 0 0 0 0 0 2 1 R 0
1160 26880 21689 791 21764 714 4641 1 0 0 0 0 0 0 0 0 3 1 R 0
1161 26900 20009 580 20031 547 4256 1 0 0 0 0 0 0 0 0 1 1 R 0
1162 26921 20097 715 20126 678 4322 1 0 0 0 0 0 0 0 0 1 1 R 0
1163 26940 17791 737 17843 704 3824 1 0 0 0 0 0 0 0 0 2 1 R 0
1164 26960 19174 907 19236 842 3459 1 0 0 0 0 0 0 0 0 0 1 R 0
1165 26996 35980 599 21259 552 4345 1 0 4 0 0 0 0 0 0 2 1 R 2
1166 27038 40961 748 20318 722 25227 1 2 4 0 1 0 0 0 0 3 0 R 1
1167 27064 24809 712 15622 683 2246 1 0 2 0 0 0 0 0 0 1 1 R 0
1168 27086 21264 561 21280 532 3872 1 0 0 0 0 0 0 0 0 1 1 R 0
1169 27105 19227 712 19279 662 3833 1 0 0 0 0 0 0 0 0 1 1 R 0
1170 27130 23815 666 23848 637 7153 1 0 0 0 0 0 0 0 0 1 1 R 0
1171 27148 17754 707 17816 635 3600 1 0 0 0 0 0 0 0 0 2 1 R 0
1172 27169 19686 666 19739 624 4338 1 0 0 0 0 0 0 0 0 2 1 R 0
1173 27190 21100 571 21122 536 4380 1 0 0 0 0 0 0 0 0 1 1 R 0
1174 27211 20003 599 20035 569 4220 1 0 0 0 0 0 0 0 0 1 1 R 0
1175 27232 20567 678 19557 654 3689 1 0 1 0 0 0 0 0 0 2 1 R 0
1176 27251 18404 694 18430 660 3229 1 0 0 0 0 0 0 0 0 2 1 R 0
1177 27273 20853 783 20918 702 7208 1 0 0 0 0 0 0 0 0 2 1 R 0
1178 27296 21903 600 21928 573 4463 1 0 0 0 0 0 0 0 0 1 1 R 0
1179 27316 20336 639 20369 603 3880 1 0 0 0 0 0 0 0 0 2 1 R 0
1180 27336 18500 748 18600 656 3190 1 0 0 0 0 0 0 0 0 1 1 R 0
1181 27357 20623 688 20678 622 5577 1 0 0 0 0 0 0 0 0 2 1 R 0
1182 27378 20053 817 20156 724 3198 1 0 0 0 0 0 0 0 0 2 1 R 0
1183 27398 19890 562 19911 534 3428 1 0 0 0 0 0 0 0 0 2 1 R 0
1184 27421 21952 540 21117 515 4268 1 0 1 0 0 0 0 0 0 1 1 R 0
1185 27446 24217 711 23738 686 8264 1 0 1 0 0 0 0 0 0 1 1 R 0
1186 27467 20548 696 20565 669 3162 1 0 0 0 0 0 0 0 0 1 1 R 0
1187 27488 19862 571 19903 526 3839 1 0 0 0 0 0 0 0 0 2 1 R 0
1188 27508 19872 584 19901 552 3989 1 0 0 0 0 0 0 0 0 1 1 R 0
1189 27531 22814 607 22068 575 3521 1 0 1 0 0 0 0 0 0 1 1 R 0
1190 27553 20855 590 20886 565 4335 1 0 0 0 0 0 0 0 0 1 1 R 0
1191 27573 19977 586 20006 546 4080 1 0 0 0 0 0 0 0 0 1 1 R 0
1192 27594 19766 865 19798 848 3676 1 0 0 0 0 0 0 0 0 2 1 R 0
1193 27614 19611 1384 19631 1356 3776 1 0 0 0 0 0 0 0 0 1 1 R 0
1194 27637 20983 783 19955 728 5193 1 0 1 0 0 0 0 0 0 2 1 R 0
1195 27658 20171 929 20255 840 4109 1 0 0 0 0 0 0 0 0 2 1 R 0
1196 27677 18968 712 19011 669 3042 1 0 0 0 0 0 0 0 0 1 1 R 0
1197 27698 20310 575 20337 543 3840 1 0 0 0 0 0 0 0 0 1 1 R 0
1198 27719 20282 577 20317 541 4291 1 0 0 0 0 0 0 0 0 1 1 R 0
1199 27740 19678 699 19715 661 4557 1 0 0 0 0 0 0 0 0 2 1 R 0
1200 27763 22413 570 22444 539 7108 1 0 0 0 0 0 0 0 0 1 1 R 0
1201 27781 17498 531 17538 489 3535 1 0 0 0 0 0 0 0 0 1 1 R 0
1202 27816 34203 2555 19285 834 20942 1 1 2 0 1 0 0 0 0 3 0 R 1
1203 27846 28314 665 19188 640 6860 1 0 7 0 1 0 0 0 0 1 0 R 0
1204 27865 18120 727 16525 672 2133 1 0 0 0 0 0 0 0 0 1 1 R 0
1205 27887 21227 671 21280 615 5748 1 0 0 0 0 1 0 0 0 1 1 R 0
1206 27910 21793 563 21818 529 3564 1 0 0 0 0 0 0 0 0 3 1 R 0
1207 27930 19578 590 19616 553 4463 1 0 0 0 0 0 0 0 0 1 1 R 0
1208 27948 18146 681 18191 647 3477 1 0 0 0 0 0 0 0 0 1 1 R 0
1209 27969 20192 573 20213 540 4092 1 0 0 0 0 0 0 0 0 2 1 R 0
1210 27990 20484 577 20515 544 4526 1 0 0 0 0 0 0 0 0 1 1 R 0
1211 28011 19717 577 19747 544 3612 1 0 0 0 0 0 0 0 0 1 1 R 0
1212 28032 21138 587 19990 552 4285 1 0 1 0 0 0 0 0 0 1 1 R 0
1213 28051 18030 744 18090 697 3205 1 0 0 0 0 0 0 0 0 2 1 R 0
1214 28070 18715 649 18749 607 3931 1 0 0 0 0 0 0 0 0 1 1 R 0
1215 28097 25682 710 25713 673 10101 1 0 0 0 0 0 0 0 0 3 1 R 0
1216 28119 21005 582 21035 548 3812 1 0 0 0 0 0 0 0 0 1 1 R 0
1217 28139 20309 561 20338 533 4286 1 0 0 0 0 0 0 0 0 1 1 R 0
1218 28161 20619 588 20661 543 3904 1 0 0 0 0 0 0 0 0 2 1 R 0
1219 28179 17832 1463 17913 1399 3572 1 0 0 0 0 1 0 0 0 2 1 R 0
1220 28200 20006 821 20063 752 3807 1 0 0 0 0 0 0 0 0 1 1 R 0
1221 28222 20426 590 20449 556 4298 1 0 0 0 0 0 0 0 0 1 1 R 0
1222 28243 21168 584 19832 546 3773 1 0 1 0 0 0 0 0 0 1 1 R 0
1223 28263 18435 678 18483 631 3211 1 0 0 0 0 0 0 0 0 1 1 R 0
1224 28282 19087 692 19137 644 3142 1 0 0 0 0 0 0 0 0 2 1 R 0
1225 28303 19960 679 20006 631 3593 1 0 0 0 0 0 0 0 0 2 1 R 0
1226 28325 21832 664 21857 641 4225 1 0 0 0 0 0 0 0 0 2 1 R 0
1227 28346 19723 569 19751 539 3814 1 0 0 0 0 0 0 0 0 0 1 R 0
1228 28366 19971 959 20049 894 3118 1 0 0 0 0 0 0 0 0 2 1 R 0
1229 28384 16463 854 16488 830 3198 1 0 0 0 0 0 0 0 0 1 1 R 0
1230 28413 28351 597 27686 560 11215 1 0 1 0 0 0 0 0 0 2 1 R 0
1231 28434 20056 1305 19046 1277 3873 1 0 1 0 0 0 0 0 0 1 1 R 0
1232 28454 18603 1466 18664 1413 3803 1 0 0 0 0 0 0 0 0 2 1 R 0
1233 28474 18791 1356 18837 1305 4525 1 0 0 0 0 0 0 0 0 2 1 R 0
1234 28494 18587 1194 18630 1146 3184 1 0 0 0 0 0 0 0 0 2 1 R 0
1235 28517 21818 594 21850 553 4180 1 0 0 0 0 0 0 0 0 1 1 R 0
1236 28537 19769 618 19797 587 3743 1 0 0 0 0 0 0 0 0 1 1 R 0
1237 28560 21872 698 21934 635 4105 1 0 0 0 0 0 0 0 0 1 1 R 0
1238 28582 21170 614 21203 587 4113 1 0 0 0 0 0 0 0 0 2 1 R 0
1239 28600 17606 697 17638 658 3598 1 0 0 0 0 0 0 0 0 2 1 R 0
1240 28622 21526 579 21558 545 5222 1 0 0 0 0 0 0 0 0 1 1 R 0
1241 28644 21134 591 20120 557 5901 1 0 1 0 0 0 0 0 0 2 1 R 0
1242 28663 18637 787 18703 729 3540 1 0 0 0 0 0 0 0 0 1 1 R 0
1243 28684 20177 1329 20238 1286 4650 1 0 0 0 0 0 0 0 0 2 1 R 0
1244 28704 18311 701 18346 662 3180 1 0 0 0 0 0 0 0 0 2 1 R 0
1245 28729 24444 552 24455 519 8005 1 0 0 0 0 0 0 0 0 1 1 R 0
1246 28749 20093 589 20127 551 4263 1 0 0 0 0 0 0 0 0 1 1 R 0
1247 28768 18444 715 18483 674 3652 1 0 0 0 0 0 0 0 0 2 1 R 0
1248 28788 19094 770 19172 706 3517 1 0 0 0 0 0 0 0 0 1 1 R 0
1249 28806 17515 528 17534 499 3761 1 0 0 0 0 0 0 0 0 2 1 R 0
1250 28840 32720 700 16951 677 21891 1 2 2 0 1 0 0 0 0 2 0 R 1
1251 28870 29822 658 22276 625 6275 1 0 4 0 0 0 0 1 1 1 0 R 0
1252 28905 34459 684 32039 674 13642 1 0 4 0 0 0 0 1 1 1 0 R 0
1253 28926 19677 592 19690 563 4001 1 0 0 0 0 0 0 1 1 1 0 R 0
1254 28951 24837 571 23618 542 3745 1 0 4 0 0 0 0 1 1 2 0 R 0
1255 28977 25036 970 25067 949 5462 1 0 0 0 0 0 0 1 1 1 0 R 0
1256 29008 30081 719 30101 692 6917 1 0 0 0 0 0 0 1 1 1 0 R 0
1257 29031 22444 597 21301 563 4031 1 0 4 0 0 0 0 1 1 1 0 R 0
1258 29053 21917 852 21959 825 4516 1 0 0 0 0 0 0 1 1 1 0 R 0
1259 29079 24870 1342 24901 1416 4997 1 0 0 0 0 0 0 1 1 1 0 R 0
1260 29114 33691 1240 30891 1191 16811 1 0 4 0 0 0 0 1 1 2 0 R 0
1261 29135 19631 580 19647 556 4185 1 0 0 0 0 0 0 1 1 1 0 R 0
1262 29157 21810 936 21267 771 3753 1 0 3 0 1 0 0 1 1 1 0 R 0
1263 29185 27032 1616 27041 1593 5443 1 0 0 0 0 0 0 1 1 1 0 R 0
1264 29218 31227 931 31335 818 7376 1 0 0 0 0 0 0 1 1 1 0 R 0
1265 29243 23322 596 21508 568 9876 1 0 5 0 0 0 0 1 1 1 0 R 0
1266 29266 22923 968 22950 942 3773 1 0 0 0 0 0 0 1 1 2 0 R 0
1267 29313 46244 1012 37168 1090 7599 1 0 5 0 0 0 0 1 1 1 0 R 0
1268 29335 20809 574 20721 547 3897 1 0 0 0 0 0 0 1 1 1 0 R 0
1269 29354 18452 898 18483 871 3823 1 0 0 0 0 0 0 1 1 1 0 R 0
1270 29385 30401 974 26914 961 4033 1 0 4 0 0 0 0 1 1 2 0 R 0
1271 29416 29237 988 29254 962 7814 1 0 0 0 0 0 0 1 1 1 0 R 0
1272 29442 25750 598 24656 565 7416 1 0 4 0 0 0 0 1 1 1 0 R 0
1273 29465 22527 586 22039 560 4840 1 0 1 0 0 0 0 1 1 1 0 R 0
1274 29492 26138 1160 26265 1043 5327 1 0 0 0 0 0 0 1 1 2 0 R 0
1275 29526 33035 599 30830 567 16135 1 0 4 0 0 0 0 1 1 1 0 R 0
1276 29547 20231 599 20254 569 4097 1 0 0 0 0 0 0 1 1 1 0 R 0
1277 29569 21603 763 21633 735 3760 1 0 0 0 0 0 0 1 1 1 0 R 0
1278 29606 35482 996 31180 971 13782 1 0 6 0 0 0 0 1 1 1 0 R 0
1279 29630 23495 602 23526 565 7385 1 0 0 0 0 0 0 1 1 2 0 R 0
1280 29655 24018 588 22195 560 4797 1 0 4 0 0 0 0 1 1 1 0 R 0
1281 29678 22934 983 23051 862 3750 1 0 0 0 0 0 0 1 1 1 0 R 0
1282 29708 28405 1091 28518 982 5947 1 0 0 0 0 0 0 1 1 1 0 R 0
1283 29740 31114 600 27969 570 13591 1 0 4 0 0 0 0 1 1 1 0 R 0
1284 29761 20599 603 20632 568 4421 1 0 0 0 0 0 0 1 1 1 0 R 0
1285 29791 29107 721 27554 702 5895 1 0 4 0 0 0 0 1 1 2 0 R 0
1286 29820 28500 993 28522 963 5220 1 0 0 0 0 0 0 1 1 1 0 R 0
1287 29846 24550 799 24570 778 7049 1 0 0 0 0 0 0 1 1 1 0 R 0
1288 29871 24581 692 22776 655 3714 1 0 4 0 0 0 0 1 1 1 0 R 0
1289 29897 25106 993 25139 968 4715 1 0 0 0 0 0 0 1 1 1 0 R 0
1290 29923 25134 602 25152 572 12273 1 0 0 0 0 0 0 1 1 1 0 R 0
1291 29948 24797 594 23792 563 6139 1 0 4 0 0 0 0 1 1 1 0 R 0
1292 29969 19765 585 19795 556 4226 1 0 0 0 0 0 0 1 1 2 0 R 0
1293 29999 29601 553 27114 532 5348 1 0 5 0 0 0 0 1 1 1 0 R 0
1294 30032 32222 863 31672 817 9736 1 0 1 0 0 0 0 1 1 1 0 R 0
1295 30052 19493 592 19508 567 4148 1 0 0 0 0 0 0 1 1 2 0 R 0
1296 30077 24848 596 23263 569 3805 1 0 4 0 0 0 0 1 1 1 0 R 0
1297 30102 24061 850 24089 835 4233 1 0 0 0 0 0 0 1 1 1 0 R 0
1298 30134 30568 5122 30593 3189 6563 1 0 0 0 4 1 0 1 1 1 0 R 0
1299 30160 21478 589 21480 563 6791 1 0 0 0 0 0 0 1 1 1 0 R 0
1300 30182 21608 655 21642 618 4219 1 0 0 0 0 0 0 1 1 1 0 R 0
1301 30213 30343 1525 28573 1537 6257 1 0 4 0 0 0 0 1 1 1 0 R 0
1302 30241 26579 909 26575 884 7578 1 0 0 0 0 0 0 1 1 2 0 R 0
1303 30262 19271 572 19279 543 4638 1 0 0 0 0 0 0 1 1 1 0 R 0
1304 30287 24802 1059 22835 1143 4548 1 0 4 0 0 0 0 1 1 1 0 R 0
1305 30321 33129 994 33041 972 13153 1 0 0 0 0 0 0 1 1 1 0 R 0
1306 30350 27778 577 27062 538 6512 1 0 4 0 0 0 0 1 1 1 0 R 0
1307 30371 20677 600 20703 573 5247 1 0 0 0 0 0 0 1 1 1 0 R 0
1308 30396 23838 830 23904 775 4181 1 0 0 0 0 0 0 1 1 2 0 R 0
1309 30430 33150 993 31553 968 6996 1 0 4 0 0 0 0 1 1 1 0 R 0
1310 30455 24129 598 24153 563 6805 1 0 0 0 0 0 0 1 1 1 0 R 0
1311 30474 18342 595 18372 569 3812 1 0 0 0 0 0 0 1 1 1 0 R 0
1312 30506 31587 774 30234 650 3816 1 0 4 0 0 0 0 1 1 1 0 R 0
1313 30534 27193 1717 27360 1672 5244 1 0 0 0 0 0 0 1 1 1 0 R 0
1314 30560 24482 609 23500 585 6937 1 0 4 0 0 0 0 1 1 1 0 R 0
1315 30580 19120 678 19170 623 4220 1 0 0 0 0 0 0 1 1 1 0 R 0
1316 30607 26733 1139 26852 1023 5750 1 0 0 0 0 0 0 1 1 2 0 R 0
1317 30641 33062 991 30312 868 5615 1 0 4 0 0 0 0 1 1 1 0 R 0
1318 30666 23191 584 23214 561 3731 1 0 0 0 0 0 0 1 1 1 0 R 0
1319 30686 19404 572 19431 540 3833 1 0 0 0 0 0 0 1 1 1 0 R 0
1320 30720 34103 1116 32687 995 10103 1 0 4 0 0 0 0 1 1 1 0 R 0
1321 30751 29210 1090 29328 963 6659 1 0 0 0 0 0 0 1 1 2 0 R 0
1322 30776 24088 1801 23792 1175 4665 1 0 2 0 2 0 0 1 1 1 0 R 0
1323 30798 20758 602 20742 572 3800 1 0 0 0 0 0 0 1 1 1 0 R 0
1324 30825 26359 1006 26380 991 6390 1 0 0 0 0 0 0 1 1 1 0 R 0
1325 30856 29546 1473 27885 1457 6250 1 0 4 0 0 0 0 1 1 1 0 R 0
1326 30879 21725 647 21732 621 5991 1 0 0 0 0 0 0 1 1 1 0 R 0
1327 30901 21038 800 21069 771 4510 1 0 0 0 0 0 0 1 1 1 0 R 0
1328 30934 32175 1575 30531 1653 6688 1 0 4 0 0 0 0 1 1 2 0 R 0
1329 30956 20449 582 20364 551 4537 1 0 0 0 0 0 0 1 1 1 0 R 0
1330 30979 22329 583 22357 557 5840 1 0 0 0 0 0 0 1 1 1 0 R 0
1331 31003 23745 600 21893 567 4432 1 0 4 0 0 0 0 1 1 1 0 R 0
1332 31031 27850 991 27974 876 6339 1 0 0 0 0 0 0 1 1 1 0 R 0
1333 31062 29375 589 28669 555 6916 1 0 4 0 0 0 0 1 1 1 0 R 0
1334 31083 20553 595 20582 561 4534 1 0 0 0 0 0 0 1 1 2 0 R 0
1335 31110 26852 1191 26885 1181 7625 1 0 0 0 0 0 0 1 1 2 0 R 0
1336 31144 32084 1952 30716 1942 6330 1 0 4 0 0 0 0 1 1 0 0 R 0
1337 31169 23254 601 23168 571 7494 1 0 0 0 0 0 0 1 1 1 0 R 0
1338 31190 20095 580 20124 549 4219 1 0 0 0 0 0 0 1 1 1 0 R 0
1339 31212 21564 905 21593 868 4377 1 0 0 0 0 0 0 1 1 2 0 R 0
1340 31247 34228 990 31747 863 13265 1 0 4 0 0 0 0 1 1 1 0 R 0
1341 31272 23787 603 23817 566 8106 1 0 0 0 0 0 0 1 1 1 0 R 0
1342 31296 23789 590 22287 562 4725 1 0 4 0 0 0 0 1 1 2 0 R 0
1343 31322 25100 1272 25159 1212 4923 1 0 0 0 0 0 0 1 1 1 0 R 0
1344 31351 28513 1215 28545 1208 4511 1 0 0 0 0 0 0 1 1 1 0 R 0
1345 31381 28206 605 25631 577 5814 1 0 5 0 0 0 0 1 1 1 0 R 0
1346 31401 19722 567 19749 539 4208 1 0 0 0 0 0 0 1 1 1 0 R 0
1347 31431 28925 771 26919 850 5990 1 0 4 0 0 0 0 1 1 2 0 R 0
1348 31463 31259 985 31186 957 7300 1 0 0 0 0 0 0 1 1 1 0 R 0
1349 31484 20135 943 20155 920 3874 1 0 0 0 0 0 0 1 1 1 0 R 0
1350 31512 27271 617 25900 583 7593 1 0 4 0 0 0 0 1 1 1 0 R 0
1351 31537 24613 980 24638 952 5572 1 0 0 0 0 0 0 1 1 1 0 R 0
1352 31572 33895 1513 32454 1435 6152 1 0 4 0 0 0 0 1 1 2 0 R 0
1353 31596 22084 762 22084 732 5465 1 0 0 0 0 0 0 1 1 1 0 R 0
1354 31624 27224 1466 27300 1392 3665 1 0 0 0 0 0 0 1 1 2 0 R 0
1355 31657 31715 1097 29758 984 8127 1 0 4 0 0 0 0 1 1 1 0 R 0
1356 31686 27944 670 27987 618 6315 1 0 0 0 0 0 0 1 1 1 0 R 0
1357 31706 18998 572 19023 547 4021 1 0 0 0 0 0 0 1 1 1 0 R 0
1358 31737 30989 642 28907 608 5221 1 0 4 0 0 0 0 1 1 2 0 R 0
1359 31760 22626 578 22654 549 6779 1 0 0 0 0 0 0 1 1 1 0 R 0
1360 31782 21270 1083 21384 967 4170 1 0 0 0 0 0 0 1 1 1 0 R 0
1361 31808 24859 580 23281 550 7246 1 0 4 0 0 0 0 1 1 1 0 R 0
1362 31833 24341 979 24375 953 5569 1 0 0 0 0 0 0 1 1 2 0 R 0
1363 31867 33168 956 32113 938 4402 1 0 4 0 0 0 0 1 1 1 0 R 0
1364 31891 22416 609 22429 577 5950 1 0 0 0 0 0 0 1 1 1 0 R 0
1365 31913 21884 589 21915 559 8052 1 0 0 0 0 0 0 1 1 1 0 R 0
1366 31944 29963 1346 27775 1437 4409 1 0 4 0 0 0 0 1 1 1 0 R 0
1367 31974 29033 1497 28940 1481 7670 1 0 0 0 0 0 0 1 1 2 0 R 0
1368 32002 26424 592 25591 561 7596 1 0 4 0 0 0 0 1 1 1 0 R 0
1369 32023 20819 615 20857 579 3866 1 0 0 0 0 0 0 1 1 1 0 R 0
1370 32049 24750 1452 24902 1309 5111 1 0 0 0 0 0 0 1 1 1 0 R 0
1371 32084 33813 1887 31429 1885 7343 1 0 4 0 0 0 0 1 1 1 0 R 0
1372 32108 22067 571 22065 541 5320 1 0 0 0 0 0 0 1 1 1 0 R 0
1373 32129 20484 602 20518 569 3870 1 0 0 0 0 0 0 1 1 2 0 R 0
1374 32162 32433 607 31541 572 7237 1 0 4 0 0 0 0 1 1 1 0 R 0
1375 32182 19498 609 19522 585 3777 1 0 0 0 0 0 0 1 1 1 0 R 0
1376 32206 22705 578 22728 553 4982 1 0 0 0 0 0 0 1 1 1 0 R 0
1377 32230 23515 1281 21482 1259 3840 1 0 4 0 0 0 0 1 1 1 0 R 0
1378 32259 27948 1018 28078 981 5849 1 0 0 0 0 0 0 1 1 2 0 R 0
1379 32290 29823 822 28993 791 7359 1 0 4 0 0 0 0 1 1 1 0 R 0
1380 32314 23071 654 23100 622 8561 1 0 0 0 0 0 0 1 1 1 0 R 0
1381 32334 19965 1298 19999 1285 3809 1 0 0 0 0 0 0 1 1 1 0 R 0
1382 32367 31808 1177 30465 1171 7722 1 0 4 0 0 0 0 1 1 1 0 R 0
1383 32392 23162 851 23166 826 6458 1 0 0 0 0 0 0 1 1 1 0 R 0
1384 32413 20166 596 20190 566 4086 1 0 0 0 0 0 0 1 1 1 0 R 0
1385 32437 23403 1382 22733 1245 3821 1 0 4 0 0 0 0 1 1 1 0 R 0
1386 32469 31046 985 30951 954 7109 1 0 0 0 0 0 0 1 1 2 0 R 0
1387 32499 28664 1213 28689 1191 7043 1 0 0 0 0 0 0 1 1 1 0 R 0
1388 32523 22687 609 21623 579 7232 1 0 4 0 0 0 0 1 1 1 0 R 0
1389 32551 27298 638 26792 601 3820 1 0 1 0 0 0 0 1 1 1 0 R 0
1390 32587 35470 970 32655 949 5011 1 0 5 0 0 0 0 1 1 2 0 R 0
1391 32609 21020 635 21040 604 4819 1 0 0 0 0 1 0 1 1 1 0 R 0
1392 32629 19885 581 19913 550 4224 1 0 0 0 0 0 0 1 1 1 0 R 0
1393 32659 29630 599 27590 752 6209 1 0 4 0 0 0 0 1 1 1 0 R 0
1394 32689 28852 990 28791 974 7151 1 0 0 0 0 0 0 1 1 1 0 R 0
1395 32714 24184 2200 24102 1474 10184 1 0 0 0 3 0 0 1 1 2 0 R 0
1396 32740 23289 603 22061 572 3867 1 0 1 0 0 0 0 1 1 1 0 R 0
1397 32766 26114 988 26141 968 5202 1 0 0 0 0 0 0 1 1 1 0 R 0
1398 32802 34382 1334 32250 1398 7275 1 0 4 0 0 0 0 1 1 1 0 R 0
1399 32825 22421 608 22350 577 5192 1 0 0 0 0 0 0 1 1 1 0 R 0
1400 32847 20636 593 20668 560 3780 1 0 0 0 0 0 0 1 1 2 0 R 0
1401 32878 30493 977 27823 973 4597 1 0 4 0 0 0 0 1 1 1 0 R 0
1402 32907 28360 1045 28275 1125 6462 1 0 0 0 0 0 0 1 1 1 0 R 0
1403 32931 22923 587 22004 557 4809 1 0 4 0 0 0 0 1 1 1 0 R 0
1404 32956 24215 944 24248 912 4199 1 0 0 0 0 0 0 1 1 1 0 R 0
1405 32990 33452 1024 33587 896 5849 1 0 0 0 0 0 0 1 1 1 0 R 0
1406 33017 25551 597 24460 568 6661 1 0 4 0 0 0 0 1 1 2 0 R 0
1407 33037 19161 588 19185 561 4084 1 0 0 0 0 0 0 1 1 1 0 R 0
1408 33063 25588 1111 25720 981 4932 1 0 0 0 0 0 0 1 1 1 0 R 0
1409 33094 30099 1531 28090 1508 7620 1 0 4 0 0 0 0 1 1 1 0 R 0
1410 33123 27958 605 27978 577 13370 1 0 0 0 0 0 0 1 1 1 0 R 0
1411 33149 24776 678 23712 575 3774 1 0 4 0 0 0 0 1 1 2 0 R 0
1412 33175 25279 992 25412 966 4991 1 0 0 0 0 0 0 1 1 1 0 R 0
1413 33204 28042 3053 28065 2110 7969 1 0 0 0 2 0 0 1 1 1 0 R 0
1414 33229 22262 606 21459 576 4622 1 0 2 0 0 0 0 1 1 1 0 R 0
1415 33252 21792 611 21824 581 4202 1 0 0 0 0 0 0 1 1 1 0 R 0
1416 33280 28221 949 26706 845 4166 1 0 4 0 0 0 0 1 1 2 0 R 0
1417 33308 26269 1043 26277 1021 6704 1 0 0 0 0 0 0 1 1 1 0 R 0
1418 33329 20520 605 20544 574 4350 1 0 0 0 0 0 0 1 1 1 0 R 0
1419 33353 23720 676 22180 640 4238 1 0 4 0 0 0 0 1 1 2 0 R 0
1420 33380 26076 1002 26107 974 4936 1 0 0 0 0 0 0 1 1 1 0 R 0
1421 33410 28334 1203 28360 1188 5870 1 0 0 0 0 0 0 1 1 1 0 R 0
1422 33434 23303 924 22207 900 7280 1 0 4 0 0 0 0 1 1 1 0 R 0
1423 33458 23064 643 22558 588 3828 1 0 1 0 0 0 0 1 1 2 0 R 0
1424 33484 25611 1515 26063 1074 6207 1 0 0 0 0 0 0 1 1 1 0 R 0
1425 33518 32549 796 29901 767 16278 1 0 4 0 0 0 0 1 1 1 0 R 0
1426 33540 20813 600 20842 568 4614 1 0 0 0 0 0 0 1 1 1 0 R 0
1427 33561 20252 602 20288 572 4374 1 0 0 0 0 0 0 1 1 2 0 R 0
1428 33590 28337 1156 26008 1033 14046 1 0 4 0 0 0 0 1 1 1 0 R 0
1429 33618 27393 798 27475 718 6225 1 0 0 0 0 0 0 1 1 1 0 R 0
1430 33642 22516 641 21809 611 4416 1 0 4 0 0 0 0 1 1 1 0 R 0
1431 33663 20960 702 21020 659 4092 1 0 0 0 0 0 0 1 1 1 0 R 0
1432 33690 26290 1000 26308 973 4881 1 0 0 0 0 0 0 1 1 1 0 R 0
1433 33722 30299 608 28849 569 6432 1 0 4 0 0 0 0 1 1 1 0 R 0
1434 33743 20635 589 20666 558 4652 1 0 0 0 0 0 0 1 1 1 0 R 0
1435 33764 20822 966 20854 953 3738 1 0 0 0 0 0 0 1 1 1 0 R 0
1436 33797 31821 1005 29971 990 4837 1 0 4 0 0 0 0 1 1 2 0 R 0
1437 33823 25064 607 25079 575 7235 1 0 0 0 0 0 0 1 1 1 0 R 0
1438 33845 21544 627 21581 597 4493 1 0 0 0 0 0 0 1 1 1 0 R 0
1439 33870 24041 618 22149 583 3903 1 0 4 0 0 0 0 1 1 1 0 R 0
1440 33902 31601 988 31629 972 12732 1 0 0 0 0 0 0 1 1 1 0 R 0
1441 33931 27856 612 27029 564 6383 1 0 4 0 0 0 0 1 1 1 0 R 0
1442 33951 19874 580 19899 550 4238 1 0 0 0 0 0 0 1 1 2 0 R 0
1443 33973 20919 871 20955 838 4584 1 0 0 0 0 0 0 1 1 1 0 R 0
1444 34007 32823 891 31244 773 6498 1 0 4 0 0 0 0 1 1 1 0 R 0
1445 34031 23826 605 23861 569 6488 1 0 0 0 0 0 0 1 1 1 0 R 0
1446 34052 20463 601 20494 569 4536 1 0 0 0 0 0 0 1 1 1 0 R 0
1447 34078 25222 1138 23320 1005 3791 1 0 4 0 0 0 0 1 1 1 0 R 0
1448 34107 27742 875 27768 845 6475 1 0 0 0 0 0 0 1 1 2 0 R 0
1449 34141 32533 854 31170 839 5946 1 0 4 0 0 0 0 1 1 1 0 R 0
1450 34162 20341 588 20355 561 4580 1 0 0 0 0 0 0 1 1 1 0 R 0
1451 34187 24733 1125 24855 1006 4228 1 0 0 0 0 0 0 1 1 1 0 R 0
1452 34218 29715 991 28409 983 4851 1 0 4 0 0 0 0 1 1 1 0 R 0
1453 34242 22878 670 22891 641 7660 1 0 0 0 0 0 0 1 1 1 0 R 0
1454 34262 19752 935 19806 874 4013 1 0 0 0 0 0 0 1 1 1 0 R 0
1455 34296 32399 962 30938 921 13289 1 0 4 0 0 0 0 1 1 2 0 R 0
1456 34324 27616 1461 27734 1337 5616 1 0 0 0 0 0 0 1 1 1 0 R 0
1457 34351 24973 568 24247 542 7479 1 0 4 0 0 0 0 1 1 1 0 R 0
1458 34371 19881 583 19906 553 4244 1 0 0 0 0 0 0 1 1 1 0 R 0
1459 34398 26295 638 26326 603 5802 1 0 0 0 0 0 0 1 1 1 0 R 0
1460 34433 34092 997 31574 963 7547 1 0 5 0 0 0 0 1 1 1 0 R 0
1461 34454 20393 1095 20424 1074 4064 1 0 0 0 0 0 0 1 1 2 0 R 0
1462 34474 19136 920 19154 893 3741 1 0 0 0 0 0 0 1 1 2 0 R 0
1463 34507 32066 993 28868 971 4791 1 0 5 0 0 0 0 1 1 1 0 R 0
1464 34539 30422 595 29832 567 10059 1 0 1 0 0 1 0 1 1 1 0 R 0
1465 34561 21648 670 21676 646 6152 1 0 0 0 0 0 0 1 1 1 0 R 0
1466 34586 24206 601 23256 571 6245 1 0 4 0 0 0 0 1 1 1 0 R 0
1467 34612 26157 1029 26188 996 7228 1 0 0 0 0 0 0 1 1 1 0 R 0
1468 34649 35474 942 33606 824 5877 1 0 4 0 0 0 0 1 1 2 0 R 0
1469 34670 20258 600 20288 568 4656 1 0 0 0 0 0 0 1 1 1 0 R 0
1470 34700 28814 1189 28989 1029 9772 1 0 0 0 0 0 0 1 1 1 0 R 0
1471 34728 27287 705 26418 558 8374 1 0 4 0 0 0 0 1 1 1 0 R 0
1472 34749 20424 922 20457 892 4231 1 0 0 0 0 0 0 1 1 1 0 R 0
1473 34772 21406 649 21431 617 5218 1 0 0 0 0 0 0 1 1 1 0 R 0
1474 34797 25249 597 23899 563 6179 1 0 4 0 0 0 0 1 1 2 0 R 0
1475 34826 27487 981 27514 972 6482 1 0 0 0 0 0 0 1 1 1 0 R 0
1476 34860 33820 610 32410 578 7189 1 0 4 0 0 0 0 1 1 1 0 R 0
1477 34881 19856 636 19882 604 4526 1 0 0 0 0 0 0 1 1 1 0 R 0
1478 34908 27001 835 27048 797 5714 1 0 0 0 0 0 0 1 1 1 0 R 0
1479 34944 35012 4203 31249 2864 11444 1 0 5 0 1 0 0 1 1 1 0 R 0
1480 34971 22537 595 22436 564 7734 1 0 0 0 0 0 0 1 1 1 0 R 0
1481 34993 21225 614 21257 587 4620 1 0 0 0 0 0 0 1 1 1 0 R 0
1482 35022 28121 1171 26074 1152 11792 1 0 4 0 0 0 0 1 1 2 0 R 0
1483 35049 25803 996 25819 965 6026 1 0 0 0 0 0 0 1 1 1 0 R 0
1484 35076 26093 609 24791 567 6736 1 0 4 0 0 0 0 1 1 1 0 R 0
1485 35101 24777 614 24812 579 8006 1 0 0 0 0 0 0 1 1 1 0 R 0
1486 35130 27954 1010 27986 989 4736 1 0 0 0 0 0 0 1 1 1 0 R 0
1487 35159 28259 976 26017 948 13085 1 0 4 0 0 0 0 1 1 1 0 R 0
1488 35182 21648 600 21664 568 4909 1 0 0 0 0 0 0 1 1 2 0 R 0
1489 35203 20899 940 20931 912 4404 1 0 0 0 0 0 0 1 1 2 0 R 0
1490 35232 28018 692 22398 669 4502 1 1 5 0 1 0 0 0 0 1 1 R 1
1491 35253 19978 814 18411 765 3307 1 0 0 0 0 0 0 0 0 1 1 R 0
1492 35277 23780 716 22498 599 4048 1 0 1 0 0 0 0 0 0 1 1 R 0
1493 35298 19610 704 19651 669 3878 1 0 0 0 0 0 0 0 0 1 1 R 0
1494 35318 19983 588 20009 551 3734 1 0 0 0 0 0 0 0 0 2 1 R 0
1495 35337 18599 690 18657 645 3395 1 0 0 0 0 0 0 0 0 1 1 R 0
1496 35357 18671 823 18727 764 3452 1 0 0 0 0 0 0 0 0 2 1 R 0
1497 35380 21906 594 21934 555 6014 1 0 0 0 0 0 0 0 0 1 1 R 0
1498 35400 20355 579 20388 543 4298 1 0 0 0 0 0 0 0 0 1 1 R 0
1499 35421 20243 670 20326 590 4318 1 0 0 0 0 0 0 0 0 2 1 R 0
