# swapstamp frames 1500 skip 300 peer 476
# f t_ms gap_us swap_us crend_us cswap_us clr_us nclr vcs_r ivcs_r vcs_s ivcs_s minf majf cpu0 cpu1 pticks pcpu pstate ctr
0 0 22543 571 22575 544 8590 1 0 0 0 0 0 0 0 0 0 1 R 0
1 20 19877 595 19905 563 3873 1 0 0 0 0 0 0 0 0 1 1 R 0
2 41 20769 1491 20773 634 5076 1 0 4 0 0 0 0 0 0 1 1 R 0
3 62 19282 558 19303 539 3577 1 0 0 0 0 0 0 0 0 2 1 R 0
4 82 19649 716 19681 685 3769 1 0 0 0 0 0 0 0 0 1 1 R 0
5 105 21547 650 20014 613 3515 1 0 4 0 0 0 0 0 0 1 1 R 0
6 126 20844 603 19118 572 3811 1 0 1 0 0 0 0 0 0 1 1 R 0
7 145 18633 705 18686 661 3625 1 0 0 0 0 0 0 0 0 2 1 R 0
8 168 21981 784 20744 682 3259 1 0 4 0 0 0 0 0 0 1 1 R 0
9 190 20950 794 21016 742 3531 1 0 0 0 0 0 0 0 0 2 1 R 0
10 210 19196 592 19218 555 3795 1 0 0 0 0 0 0 0 0 2 1 R 0
11 230 19548 578 19579 550 3707 1 0 0 0 0 0 0 0 0 1 1 R 0
12 253 22165 574 21235 550 4607 1 0 4 0 0 0 0 0 0 2 1 R 0
13 270 17147 689 17221 629 3180 1 0 0 0 0 0 0 0 0 2 1 R 0
14 289 18219 841 18315 733 3957 1 0 0 0 0 0 0 0 0 1 1 R 0
15 317 26969 606 25437 575 11719 1 0 4 0 0 0 0 0 0 2 1 R 0
16 338 20534 579 19511 550 5275 1 0 1 0 0 0 0 0 0 2 1 R 0
17 359 19835 684 19892 650 4413 1 0 0 0 0 0 0 0 0 2 1 R 0
18 379 20028 769 19039 729 3147 1 0 4 0 0 0 0 0 0 1 1 R 0
19 399 18713 784 18753 738 3238 1 0 0 0 0 0 0 0 0 2 1 R 0
20 420 20614 1007 20674 939 3800 1 0 0 0 0 0 0 0 0 2 1 R 0
21 440 18767 715 18830 653 3868 1 0 0 0 0 0 0 0 0 1 1 R 0
22 463 22778 587 21667 562 3622 1 0 4 0 0 0 0 0 0 2 1 R 0
23 483 19456 630 19479 607 3814 1 0 0 0 0 0 0 0 0 1 1 R 0
24 503 18881 706 18921 674 3477 1 0 0 0 0 0 0 0 0 1 1 R 0
25 528 23859 573 21446 544 3836 1 0 5 0 0 0 0 0 0 1 1 R 0
26 546 18343 721 18408 666 3861 1 0 0 0 0 0 0 0 0 2 1 R 0
27 566 18754 703 18790 656 3545 1 0 0 0 0 0 0 0 0 2 1 R 0
28 588 21183 723 19997 694 3568 1 0 4 0 0 0 0 0 0 2 1 R 0
29 609 20084 601 20107 570 4223 1 0 0 0 0 0 0 0 0 1 1 R 0
30 633 23682 589 23253 562 9968 1 0 1 0 0 0 0 0 0 1 1 R 0
31 651 17390 3706 17435 2563 2994 1 0 0 0 4 0 0 0 0 1 1 R 0
32 673 18584 774 18369 732 3105 1 0 0 0 0 0 0 0 0 2 1 R 0
33 693 19049 1253 19092 943 3237 1 0 1 0 0 0 0 0 0 1 1 R 0
34 715 20232 585 20226 558 3741 1 0 0 0 0 0 0 0 0 2 1 R 0
35 739 23760 590 21115 558 3816 1 0 5 0 0 0 0 0 0 1 1 R 0
36 757 17832 844 17869 822 3286 1 0 0 0 0 0 0 0 0 1 1 R 0
37 777 18478 892 18536 821 3899 1 0 0 0 0 0 0 0 0 2 1 R 0
38 800 22655 588 21236 559 4542 1 0 4 0 0 0 0 0 0 2 1 R 0
39 821 19826 578 19851 549 3809 1 0 0 0 0 0 0 0 0 1 1 R 0
40 840 19138 1730 19209 1672 3842 1 0 0 0 0 0 0 0 0 2 1 R 0
41 859 17388 825 17435 785 3348 1 0 0 0 0 0 0 0 0 1 1 R 0
42 905 44793 713 20170 698 32315 1 2 6 0 1 0 0 0 0 2 0 R 1
43 926 20182 1644 18603 740 2127 1 0 0 0 1 0 0 0 0 1 1 R 0
44 949 21216 614 20369 580 5732 1 0 4 0 0 0 0 0 0 1 1 R 0
45 972 22975 567 23005 538 6839 1 0 0 0 0 0 0 0 0 2 1 R 0
46 990 17003 832 17042 807 3219 1 0 0 0 0 0 0 0 0 2 1 R 0
47 1015 23924 596 22204 572 4112 1 0 4 0 0 0 0 0 0 1 1 R 0
48 1034 19103 941 19123 914 3753 1 0 0 0 0 0 0 0 0 1 1 R 0
49 1056 20318 563 20347 531 3721 1 0 0 0 0 0 0 0 0 3 1 R 0
50 1078 21604 578 20582 547 4157 1 0 4 0 0 0 0 0 0 1 1 R 0
51 1096 17517 909 17603 821 3509 1 0 0 0 0 0 0 0 0 1 1 R 0
52 1123 25793 1032 24274 1001 5261 1 0 2 0 0 0 0 0 0 1 1 R 0
53 1179 55313 675 20908 660 41979 1 2 3 0 1 0 0 0 0 4 0 R 1
54 1205 25236 8078 16514 1359 2123 1 0 2 0 1 0 0 0 1 1 0 S 0
55 1234 20818 698 18887 683 3766 1 1 5 0 1 0 0 0 0 0 0 R 1
56 1260 25926 623 17402 602 2452 1 0 2 0 1 0 0 0 0 1 0 R 0
57 1285 24003 2464 16324 676 2199 1 0 1 0 1 0 0 0 0 1 0 R 0
58 1310 22411 666 19738 632 6582 1 0 5 0 0 0 0 0 0 0 1 R 0
59 1334 22932 582 21427 549 3636 1 0 2 0 0 0 0 0 0 2 1 R 0
60 1356 22098 612 22163 554 7635 1 0 0 0 0 0 0 0 0 1 1 R 0
61 1379 22323 591 21239 558 4310 1 0 4 0 0 0 0 0 0 2 1 R 0
62 1397 17214 1110 17262 1065 3290 1 0 0 0 0 0 0 0 0 2 1 R 0
63 1417 18917 924 18984 867 4917 1 0 0 0 0 0 0 0 0 2 1 R 0
64 1442 24102 559 22664 535 5588 1 0 4 0 0 0 0 0 0 1 1 R 0
65 1463 20854 571 20876 540 3131 1 0 0 0 0 1 0 0 0 2 1 R 0
66 1483 18562 649 18614 606 3399 1 0 0 0 0 0 0 0 0 1 1 R 0
67 1501 17596 2667 17647 1924 3163 1 0 0 0 3 0 0 0 0 2 1 R 0
68 1524 20399 825 19487 752 3481 1 0 1 0 0 0 0 0 0 1 1 R 0
69 1546 21491 786 20452 769 5649 1 0 1 0 0 0 0 0 0 1 1 R 0
70 1566 19009 913 19063 857 4112 1 0 0 0 0 0 0 0 0 2 1 R 0
71 1589 21629 591 20496 560 5893 1 0 4 0 0 0 0 0 0 2 1 R 0
72 1608 19172 581 19206 551 4404 1 0 0 0 0 0 0 0 0 1 1 R 0
73 1629 19836 625 19865 600 4061 1 0 0 0 0 0 0 0 0 1 1 R 0
74 1651 21293 607 20265 578 4197 1 0 4 0 0 0 0 0 0 2 1 R 0
75 1675 24145 636 23623 606 7357 1 0 1 0 0 0 0 0 0 1 1 R 0
76 1694 17798 709 17830 668 3083 1 0 0 0 0 0 0 0 0 1 1 R 0
77 1718 23648 581 22110 554 4104 1 0 4 0 0 0 0 0 0 2 1 R 0
78 1739 19895 602 18474 576 3750 1 0 1 0 0 0 0 0 0 1 1 R 0
79 1760 20315 601 20346 567 4328 1 0 0 0 0 0 0 0 0 2 1 R 0
80 1778 17681 742 17734 699 3056 1 0 0 0 0 0 0 0 0 1 1 R 0
81 1800 21317 742 20537 703 6197 1 0 4 0 0 0 0 0 0 2 1 R 0
82 1819 18190 723 18239 668 3197 1 0 0 0 0 0 0 0 0 2 1 R 0
83 1840 20804 632 20831 602 3889 1 0 0 0 0 0 0 0 0 1 1 R 0
84 1863 22378 589 20881 556 3811 1 0 4 0 0 0 0 0 0 2 1 R 0
85 1882 18275 665 18312 631 3359 1 0 0 0 0 0 0 0 0 1 1 R 0
86 1901 17935 1397 17989 1365 3721 1 0 0 0 0 0 0 0 0 2 1 R 0
87 1920 18213 864 18231 1920 3718 1 0 0 0 1 0 0 0 0 2 1 R 0
88 1946 24916 629 21066 598 4245 1 0 4 0 0 1 0 0 0 1 1 R 0
89 1967 20332 585 20369 551 4408 1 0 0 0 0 0 0 0 0 2 1 R 0
90 1988 20505 844 20552 800 6513 1 0 0 0 0 0 0 0 0 1 1 R 0
91 2013 23667 630 22031 582 3058 1 0 4 0 0 0 0 0 0 3 1 R 0
92 2032 18962 610 19040 533 3344 1 0 0 0 0 0 0 0 0 1 1 R 0
93 2053 19966 1247 19996 1225 3783 1 0 0 0 0 1 0 0 0 1 1 R 0
94 2077 22313 609 21294 577 3717 1 0 4 0 0 0 0 0 0 1 1 R 0
95 2097 19605 752 19642 790 3754 1 0 0 0 0 0 0 0 0 2 1 R 0
96 2115 17376 1375 17373 1314 3699 1 0 0 0 0 0 0 0 0 2 1 R 0
97 2140 23894 582 21360 550 5194 1 0 4 0 0 0 0 0 0 1 1 R 0
98 2160 18958 589 18993 560 3802 1 0 0 0 0 0 0 0 0 1 1 R 0
99 2181 20234 1222 20330 1135 3461 1 0 0 0 0 0 0 0 0 1 1 R 0
100 2200 18300 726 18356 663 3489 1 0 0 0 0 0 0 0 0 3 1 R 0
101 2223 21925 786 20892 670 3405 1 0 4 0 0 0 0 0 0 0 1 R 0
102 2243 19858 584 19884 555 3783 1 0 0 0 0 0 0 0 0 3 1 R 0
103 2264 19774 844 19838 785 3781 1 0 0 0 0 0 0 0 0 1 1 R 0
104 2287 22005 598 20961 569 3750 1 0 4 0 0 0 0 0 0 2 1 R 0
105 2309 21638 797 21713 724 6588 1 0 0 0 0 0 0 0 0 0 1 R 0
106 2327 17797 767 17846 723 3126 1 0 0 0 0 0 0 0 0 2 1 R 0
107 2354 25588 585 23067 558 6792 1 0 5 0 0 0 0 0 0 1 1 R 0
108 2374 19703 576 19729 548 3831 1 0 0 0 0 0 0 0 0 2 1 R 0
109 2393 18525 692 18567 654 3169 1 0 0 0 0 0 0 0 0 1 1 R 0
110 2411 17224 3934 17289 2616 3065 1 0 0 0 4 0 0 0 0 3 1 R 0
111 2435 20297 810 19826 887 3145 1 0 0 0 0 0 0 0 0 1 1 R 0
112 2455 19407 629 19281 605 4299 1 0 0 0 0 0 0 0 0 1 1 R 0
113 2476 19886 575 19910 546 4260 1 0 0 0 0 0 0 0 0 2 1 R 0
114 2498 21392 598 20368 568 3999 1 0 4 0 0 0 0 0 0 1 1 R 0
115 2517 18058 695 18098 650 3593 1 0 0 0 0 0 0 0 0 2 1 R 0
116 2535 17490 1019 17570 941 3725 1 0 0 0 0 0 0 0 0 2 1 R 0
117 2560 24421 616 21357 580 4128 1 0 5 0 0 0 0 0 0 1 1 R 0
118 2581 19740 620 19772 597 3722 1 0 0 0 0 0 0 0 0 1 1 R 0
119 2599 17955 721 17993 686 3193 1 0 0 0 0 0 0 0 0 1 1 R 0
120 2626 26410 801 24903 788 6197 1 0 5 0 0 0 0 0 0 2 1 R 0
121 2647 19909 695 19926 677 3548 1 0 0 0 0 0 0 0 0 2 1 R 0
122 2667 19020 591 19040 563 4278 1 0 0 0 0 0 0 0 0 1 1 R 0
123 2687 20109 576 20135 550 4391 1 0 0 0 0 0 0 0 0 1 1 R 0
124 2709 20480 656 19490 623 5315 1 0 4 0 0 0 0 0 0 2 1 R 0
125 2727 17780 687 17827 654 3467 1 0 0 0 0 0 0 0 0 2 1 R 0
126 2750 22107 625 21027 593 4804 1 0 1 0 0 0 0 0 0 2 1 R 0
127 2774 23177 592 21583 557 3842 1 0 4 0 0 0 0 0 0 1 1 R 0
128 2796 21999 583 22033 552 3208 1 0 0 0 0 0 0 0 0 2 1 R 0
129 2817 20058 879 20108 844 4323 1 0 0 0 0 0 0 0 0 2 1 R 0
130 2838 20705 680 19245 636 3677 1 0 4 0 0 0 0 0 0 2 1 R 0
131 2859 19787 590 19810 558 4224 1 0 0 0 0 0 0 0 0 1 1 R 0
132 2879 19425 588 19460 560 4196 1 0 0 0 0 0 0 0 0 1 1 R 0
133 2899 19440 904 19512 835 4407 1 0 0 0 0 0 0 0 0 1 1 R 0
134 2922 22294 576 21161 536 4692 1 0 4 0 0 0 0 0 0 1 1 R 0
135 2946 23166 587 21784 553 5919 1 0 1 0 0 0 0 0 0 3 1 R 0
136 2966 19606 574 19635 550 3689 1 0 0 0 0 0 0 0 0 1 1 R 0
137 2988 21593 606 20618 569 6243 1 0 4 0 0 0 0 0 0 1 1 R 0
138 3007 17790 1534 17873 1458 3506 1 0 0 0 0 0 0 0 0 2 1 R 0
139 3027 18730 689 18770 650 4086 1 0 0 0 0 0 0 0 0 2 1 R 0
140 3050 22087 695 20820 659 4329 1 0 4 0 0 0 0 0 0 1 1 R 0
141 3071 20395 590 20413 557 3875 1 0 0 0 0 0 0 0 0 1 1 R 0
142 3090 19066 595 19101 567 3810 1 0 0 0 0 0 0 0 0 1 1 R 0
143 3110 18730 770 18822 674 3075 1 0 0 0 0 0 0 0 0 2 1 R 0
144 3133 22351 818 21008 775 3419 1 0 4 0 0 0 0 0 0 2 1 R 0
145 3155 21073 790 19835 773 3098 1 0 1 0 0 0 0 0 0 2 1 R 0
146 3174 18565 581 18572 555 3814 1 0 0 0 0 0 0 0 0 1 1 R 0
147 3197 22245 592 20869 562 3813 1 0 4 0 0 0 0 0 0 1 1 R 0
148 3216 18185 732 18223 703 3782 1 0 0 0 0 0 0 0 0 1 1 R 0
149 3234 17969 824 18006 798 3529 1 0 0 0 0 0 0 0 0 2 1 R 0
150 3261 25743 977 24373 959 7488 1 0 4 0 0 0 0 0 0 2 1 R 0
151 3281 19348 946 19366 924 3758 1 0 0 0 0 0 0 0 0 1 1 R 0
152 3302 19867 608 19886 587 3816 1 0 0 0 0 0 0 0 0 2 1 R 0
153 3321 18079 3238 18124 2158 3175 1 0 0 0 4 0 0 0 0 1 1 R 0
154 3345 20971 711 19715 652 3174 1 0 1 0 0 0 0 0 0 3 1 R 0
155 3364 18363 742 18406 704 3236 1 0 0 0 0 0 0 0 0 1 1 R 0
156 3385 19770 589 19795 559 4775 1 0 0 0 0 0 0 0 0 2 1 R 0
157 3409 23660 589 22713 560 3743 1 0 4 0 0 0 0 0 0 1 1 R 0
158 3427 17915 699 17963 652 3910 1 0 0 0 0 0 0 0 0 2 1 R 0
159 3448 20458 611 20483 578 4441 1 0 0 0 0 0 0 0 0 1 1 R 0
160 3471 21691 942 20089 898 4442 1 0 4 0 0 0 0 0 0 1 1 R 0
161 3491 19452 989 19467 991 3788 1 0 0 0 0 0 0 0 0 1 1 R 0
162 3510 18237 721 18274 665 3539 1 0 0 0 0 0 0 0 0 2 1 R 0
163 3530 18776 711 18822 672 3483 1 0 0 0 0 0 0 0 0 1 1 R 0
164 3555 24056 664 22071 636 3314 1 0 5 0 0 0 0 0 0 2 1 R 0
165 3578 22852 580 22884 548 7839 1 0 0 0 0 0 0 0 0 2 1 R 0
166 3598 18970 614 19016 571 4212 1 0 0 0 0 0 0 0 0 1 1 R 0
167 3620 21584 602 20275 574 5844 1 0 4 0 0 0 0 0 0 1 1 R 0
168 3638 17570 740 17613 717 3030 1 0 0 0 0 0 0 0 0 1 1 R 0
169 3659 20386 717 20099 657 4260 1 0 1 0 0 0 0 0 0 2 1 R 0
170 3683 22730 575 21197 544 3682 1 0 4 0 0 0 0 0 0 1 1 R 0
171 3703 19716 577 19740 554 3843 1 0 0 0 0 0 0 0 0 1 1 R 0
172 3725 21058 883 21117 833 4659 1 0 0 0 0 0 0 0 0 2 1 R 0
173 3749 23264 760 20483 712 3106 1 0 4 0 0 0 0 0 0 2 1 R 0
174 3767 17935 700 17967 659 3149 1 0 0 0 0 0 0 0 0 2 1 R 0
175 3789 21317 583 21348 551 4984 1 0 0 0 0 0 0 0 0 1 1 R 0
176 3809 19085 597 19129 556 3726 1 0 0 0 0 0 0 0 0 2 1 R 0
177 3832 22398 780 21304 735 4680 1 0 4 0 0 0 0 0 0 2 1 R 0
178 3850 16916 721 16970 668 3054 1 0 0 0 0 0 0 0 0 1 1 R 0
179 3870 19119 720 19186 662 3150 1 0 0 0 0 0 0 0 0 2 1 R 0
180 3896 25254 701 23681 671 7733 1 0 4 0 0 0 0 0 0 2 1 R 0
181 3917 20182 586 20190 554 4425 1 0 0 0 0 1 0 0 0 1 1 R 0
182 3935 18365 765 18414 714 3490 1 0 0 0 0 0 0 0 0 1 1 R 0
183 3959 22665 785 20482 750 3559 1 0 5 0 0 0 0 0 0 2 1 R 0
184 3977 17281 827 17357 756 3184 1 0 0 0 0 0 0 0 0 2 1 R 0
185 4000 21768 592 21790 562 5572 1 0 0 0 0 0 0 0 0 1 1 R 0
186 4019 18724 707 18799 637 3535 1 0 0 0 0 0 0 0 0 1 1 R 0
187 4042 22574 602 21397 582 3759 1 0 4 0 0 0 0 0 0 2 1 R 0
188 4060 17176 788 17222 743 3074 1 0 0 0 0 0 0 0 0 2 1 R 0
189 4081 20495 951 20524 929 4128 1 0 0 0 0 0 0 0 0 1 1 R 0
190 4104 21731 597 20538 566 3809 1 0 4 0 0 0 0 0 0 1 1 R 0
191 4125 20724 621 20757 588 3294 1 0 0 0 0 0 0 0 0 2 1 R 0
192 4144 18524 768 18559 734 3208 1 0 0 0 0 0 0 0 0 1 1 R 0
193 4169 23631 579 20931 545 3519 1 0 5 0 0 1 0 0 0 2 1 R 0
194 4187 17848 952 17900 916 3786 1 0 0 0 0 0 0 0 0 2 1 R 0
195 4213 24594 874 24655 820 8313 1 0 0 0 0 0 0 0 0 1 1 R 0
196 4231 17389 4051 17454 2496 3614 1 0 0 0 3 1 0 0 0 1 1 R 0
197 4256 20612 584 20301 554 3099 1 0 1 0 0 0 0 0 0 2 1 R 0
198 4274 17248 652 17294 610 3276 1 0 0 0 0 0 0 0 0 1 1 R 0
199 4296 21447 592 21479 558 5672 1 0 0 0 0 0 0 0 0 2 1 R 0
200 4318 21358 605 20133 571 5883 1 0 4 0 0 0 0 0 0 1 1 R 0
201 4336 18296 713 18339 674 3597 1 0 0 0 0 0 0 0 0 2 1 R 0
202 4357 19653 883 18736 846 3514 1 0 1 0 0 0 0 0 0 1 1 R 0
203 4380 21900 764 20315 694 3735 1 0 4 0 0 0 0 0 0 2 1 R 0
204 4400 19373 587 19388 556 3814 1 0 0 0 0 0 0 0 0 1 1 R 0
205 4421 20306 648 20336 928 3939 1 0 0 0 0 0 0 0 0 2 1 R 0
206 4439 17556 697 17302 651 3036 1 0 0 0 0 0 0 0 0 1 1 R 0
207 4461 21005 706 20179 677 4929 1 0 4 0 0 0 0 0 0 2 1 R 0
208 4480 18660 678 18692 652 3341 1 0 0 0 0 0 0 0 0 2 1 R 0
209 4501 20404 971 20418 953 3755 1 0 0 0 0 0 0 0 0 1 1 R 0
210 4528 25621 601 24029 563 10044 1 0 4 0 0 0 0 0 0 1 1 R 0
211 4546 18195 770 18250 725 3843 1 0 0 0 0 0 0 0 0 2 1 R 0
212 4567 19335 797 18213 731 5329 1 0 1 0 0 0 0 0 0 2 1 R 0
213 4590 22399 645 21329 600 4009 1 0 4 0 0 0 0 0 0 1 1 R 0
214 4609 18999 569 19026 541 3817 1 0 0 0 0 0 0 0 0 2 1 R 0
215 4631 20814 1012 20186 992 3999 1 0 1 0 0 0 0 0 0 1 1 R 0
216 4649 17666 741 17716 679 3163 1 0 0 0 0 0 0 0 0 1 1 R 0
217 4673 23097 870 21619 808 3482 1 0 4 0 0 0 0 0 0 2 1 R 0
218 4691 17090 1500 17148 1444 3100 1 0 0 0 0 0 0 0 0 3 1 R 0
219 4713 20710 592 20727 562 4587 1 0 0 0 0 0 0 0 0 1 1 R 0
220 4736 22197 585 21276 547 3776 1 0 4 0 0 0 0 0 0 1 1 R 0
221 4758 20773 747 19500 696 3689 1 0 1 0 0 0 0 0 0 2 1 R 0
222 4776 17351 678 17391 646 3498 1 0 0 0 0 0 0 0 0 1 1 R 0
223 4798 21503 694 20278 657 4506 1 0 4 0 0 0 0 0 0 2 1 R 0
224 4818 19417 696 19449 676 4294 1 0 0 0 0 0 0 0 0 1 1 R 0
225 4841 22143 1010 22160 989 7213 1 0 0 0 0 0 0 0 0 2 1 R 0
226 4859 17331 790 17403 719 3258 1 0 0 0 0 0 0 0 0 1 1 R 0
227 4883 23060 582 21972 554 5180 1 0 4 0 0 0 0 0 0 2 1 R 0
228 4904 19992 637 20019 618 3827 1 0 0 0 0 0 0 0 0 1 1 R 0
229 4924 19489 583 19513 553 3763 1 0 0 0 0 0 0 0 0 1 1 R 0
230 4947 22765 581 21655 546 3294 1 0 4 0 0 0 0 0 0 2 1 R 0
231 4969 20946 594 19939 562 5725 1 0 1 0 0 0 0 0 0 1 1 R 0
232 4986 17175 756 17261 676 3513 1 0 0 0 0 0 0 0 0 2 1 R 0
233 5011 23390 605 21701 577 5198 1 0 4 0 0 0 0 0 0 1 1 R 0
234 5030 19088 588 19115 558 3738 1 0 0 0 0 0 0 0 0 1 1 R 0
235 5050 19064 745 19129 691 3764 1 0 0 0 0 0 0 0 0 1 1 R 0
236 5069 18583 872 18615 831 3590 1 0 0 0 0 0 0 0 0 2 1 R 0
237 5092 22014 727 21166 707 4949 1 0 4 0 0 0 0 0 0 2 1 R 0
238 5111 18409 958 18425 938 3773 1 0 0 0 0 0 0 0 0 1 1 R 0
239 5132 20310 568 20330 537 3782 1 0 0 0 0 0 0 0 0 1 1 R 0
240 5158 25308 609 23484 581 8622 1 0 5 0 0 0 0 0 0 1 1 R 0
241 5176 17388 1032 17438 978 3639 1 0 0 0 0 0 0 0 0 2 1 R 0
242 5196 18957 732 19019 674 4948 1 0 0 0 0 0 0 0 0 2 1 R 0
243 5221 23489 578 22302 549 5027 1 0 4 0 0 0 0 0 0 1 1 R 0
244 5240 19080 596 19114 564 3828 1 0 0 0 0 0 0 0 0 1 1 R 0
245 5259 17858 701 17927 653 3023 1 0 0 0 0 0 0 0 0 2 1 R 0
246 5277 17883 750 17931 691 3295 1 0 0 0 0 0 0 0 0 2 1 R 0
247 5300 21585 854 20269 812 6866 1 0 4 0 0 0 0 0 0 2 1 R 0
248 5320 19730 640 19755 620 3819 1 0 0 0 0 0 0 0 0 1 1 R 0
249 5341 20282 977 20302 954 3803 1 0 0 0 0 0 0 0 0 2 1 R 0
250 5365 23020 587 20444 561 3208 1 0 4 0 0 0 0 0 0 1 1 R 0
251 5384 18377 817 18469 723 3154 1 0 0 0 0 0 0 0 0 2 1 R 0
252 5404 18761 665 18806 626 3078 1 0 0 0 0 0 0 0 0 1 1 R 0
253 5427 22480 632 21773 606 3751 1 0 4 0 0 0 0 0 0 2 1 R 0
254 5447 19829 601 19850 573 4396 1 0 0 0 0 0 0 0 0 1 1 R 0
255 5470 22312 670 22350 642 6466 1 0 0 0 0 0 0 0 0 1 1 R 0
256 5488 17128 652 17162 620 3075 1 0 0 0 0 0 0 0 0 2 1 R 0
257 5510 21610 730 20493 705 6878 1 0 4 0 0 0 0 0 0 3 1 R 0
258 5531 19606 648 19631 611 3678 1 0 0 0 0 0 0 0 0 0 1 R 0
259 5551 19630 1085 19656 1078 3835 1 0 0 0 0 0 0 0 0 1 1 R 0
260 5575 22819 618 20751 590 4454 1 0 5 0 0 0 0 0 0 3 1 R 0
261 5594 18167 653 18198 635 3024 1 0 0 0 0 0 0 0 0 0 1 R 0
262 5614 20282 571 20294 547 4075 1 0 0 0 0 0 0 0 0 3 1 R 0
263 5638 22589 597 21267 569 3923 1 0 4 0 0 0 0 0 0 1 1 R 0
264 5658 20207 584 19477 553 4051 1 0 1 0 0 0 0 0 0 1 1 R 0
265 5679 19524 841 19607 769 3519 1 0 0 0 0 0 0 0 0 2 1 R 0
266 5697 17797 766 17833 722 3300 1 0 0 0 0 0 0 0 0 2 1 R 0
267 5719 20855 744 20123 692 6038 1 0 4 0 0 0 0 0 0 1 1 R 0
268 5741 21295 952 20943 932 3783 1 0 1 0 0 0 0 0 0 1 1 R 0
269 5764 21915 598 19895 570 3394 1 0 1 0 0 0 0 0 0 1 1 R 0
270 5789 24192 601 22938 569 11416 1 0 4 0 0 0 0 0 0 3 1 R 0
271 5809 19988 573 20016 545 4375 1 0 0 0 0 0 0 0 0 1 1 R 0
272 5828 18186 797 18239 763 3158 1 0 0 0 0 0 0 0 0 1 1 R 0
273 5852 23465 568 22392 541 4265 1 0 4 0 0 0 0 0 0 1 1 R 0
274 5871 18179 1450 18231 1412 3402 1 0 0 0 0 1 0 0 0 2 1 R 0
275 5890 18131 709 18167 663 3196 1 0 0 0 0 0 0 0 0 1 1 R 0
276 5909 18107 749 18158 698 3251 1 0 0 0 0 0 0 0 0 2 1 R 0
277 5934 23911 586 22463 555 3982 1 0 4 0 0 0 0 0 0 2 1 R 0
278 5954 19205 857 19268 801 3834 1 0 0 0 0 0 0 0 0 1 1 R 0
279 5975 20670 580 19657 557 5356 1 0 1 0 0 0 0 0 0 1 1 R 0
280 5996 20594 723 19564 672 3100 1 0 4 0 0 0 0 0 0 2 1 R 0
281 6015 17353 767 17436 690 3612 1 0 0 0 0 0 0 0 0 2 1 R 0
282 6036 20723 706 20764 666 5289 1 0 0 0 0 0 0 0 0 1 1 R 0
283 6059 22166 586 21029 561 4280 1 0 4 0 0 0 0 0 0 2 1 R 0
284 6078 18406 717 18452 679 3955 1 0 0 0 0 0 0 0 0 1 1 R 0
285 6100 21753 586 21773 563 6204 1 0 0 0 0 0 0 0 0 2 1 R 0
286 6120 19109 675 19149 643 3770 1 0 0 0 0 0 0 0 0 1 1 R 0
287 6143 22327 629 20961 609 4689 1 0 4 0 0 0 0 0 0 1 1 R 0
288 6164 20588 612 19122 584 3693 1 0 1 0 0 0 0 0 0 1 1 R 0
289 6184 18799 748 18864 694 3188 1 0 0 0 0 0 0 0 0 1 1 R 0
290 6205 20991 707 19988 649 3202 1 0 4 0 0 0 0 0 0 3 1 R 0
291 6225 18624 686 18664 650 3634 1 0 0 0 0 0 0 0 0 2 1 R 0
292 6246 20373 567 20391 540 4465 1 0 0 0 0 0 0 0 0 1 1 R 0
293 6269 22306 589 21220 559 4288 1 0 4 0 0 0 0 0 0 1 1 R 0
294 6288 18594 803 18665 737 3898 1 0 0 0 0 0 0 0 0 2 1 R 0
295 6306 17452 675 17488 648 3528 1 0 0 0 0 0 0 0 0 1 1 R 0
296 6325 18084 1249 18139 1195 4167 1 0 0 0 0 0 0 0 0 2 1 R 0
297 6349 22907 605 21695 577 7348 1 0 4 0 0 0 0 0 0 2 1 R 0
298 6370 20384 1216 18946 1194 3868 1 0 1 0 0 1 0 0 0 0 1 R 0
299 6389 17941 695 17975 664 3251 1 0 0 0 0 0 0 0 0 2 1 R 0
300 6416 25975 601 24804 566 7480 1 0 4 0 0 0 0 0 0 2 1 R 0
301 6437 20288 577 20321 547 4307 1 0 0 0 0 0 0 0 0 1 1 R 0
302 6456 18938 579 18967 550 4264 1 0 0 0 0 0 0 0 0 1 1 R 0
303 6480 23172 592 20902 559 4213 1 0 4 0 0 0 0 0 0 2 1 R 0
304 6499 18208 718 18269 667 3381 1 0 0 0 0 0 0 0 0 1 1 R 0
305 6518 18546 682 18580 643 3106 1 0 0 0 0 0 0 0 0 2 1 R 0
306 6537 18635 973 18737 885 4137 1 0 0 0 0 0 0 0 0 2 1 R 0
307 6567 28590 700 26221 678 7391 1 0 5 0 0 0 0 0 0 2 1 R 0
308 6587 19237 580 19250 554 4430 1 0 0 0 0 0 0 0 0 2 1 R 0
309 6607 19404 711 19432 700 3915 1 0 0 0 0 0 0 0 0 2 1 R 0
310 6630 22729 1605 21239 1565 6549 1 0 4 0 0 0 0 0 0 2 1 R 0
311 6657 24696 607 22083 579 5983 1 0 3 0 0 0 0 0 0 1 1 R 0
312 6677 19731 568 19759 540 4299 1 0 0 0 0 0 0 0 0 1 1 R 0
313 6699 21691 585 20772 558 3927 1 0 4 0 0 0 0 0 0 2 1 R 0
314 6717 17126 885 17219 804 3131 1 0 0 0 0 0 0 0 0 1 1 R 0
315 6742 24374 566 24388 537 7805 1 0 0 0 0 0 0 0 0 2 1 R 0
316 6764 21325 611 19695 579 3648 1 0 4 0 0 0 0 0 0 1 1 R 0
317 6789 23867 719 22709 686 3779 1 0 1 0 0 0 0 0 0 2 1 R 0
318 6807 17978 856 18091 751 4215 1 0 0 0 0 0 0 0 0 2 1 R 0
319 6834 25657 592 24136 561 5743 1 0 4 0 0 0 0 0 0 1 1 R 0
320 6854 19467 583 19499 552 3712 1 0 0 0 0 0 0 0 0 2 1 R 0
321 6875 20495 615 20525 589 3828 1 0 0 0 0 1 0 0 0 1 1 R 0
322 6897 21822 597 20771 570 3768 1 0 4 0 0 0 0 0 0 1 1 R 0
323 6916 17827 757 17878 710 3454 1 0 0 0 0 0 0 0 0 2 1 R 0
324 6936 19236 740 19284 708 4567 1 0 0 0 0 0 0 0 0 2 1 R 0
325 6957 20176 605 20187 572 4309 1 0 0 0 0 0 0 0 0 1 1 R 0
326 6980 22653 616 20148 582 6190 1 0 5 0 0 0 0 0 0 1 1 R 0
327 6999 18614 696 18657 656 3241 1 0 0 0 0 0 0 0 0 2 1 R 0
328 7020 20133 742 20204 675 3523 1 0 0 0 0 0 0 0 0 2 1 R 0
329 7044 22885 582 21968 556 3023 1 0 4 0 0 0 0 0 0 1 1 R 0
330 7067 22555 579 22585 548 7559 1 0 0 0 0 0 0 0 0 2 1 R 0
331 7087 19621 755 19652 736 4284 1 0 0 0 0 0 0 0 0 1 1 R 0
332 7109 21219 893 19732 812 3673 1 0 4 0 0 0 0 0 0 2 1 R 0
333 7128 17766 732 17809 674 3019 1 0 0 0 0 0 0 0 0 1 1 R 0
334 7147 18886 1026 18951 961 4094 1 0 0 0 0 0 0 0 0 2 1 R 0
335 7170 21750 570 20937 543 4267 1 0 1 0 0 0 0 0 0 1 1 R 0
336 7193 22343 577 20588 546 3900 1 0 4 0 0 0 0 0 0 1 1 R 0
337 7213 19669 869 19743 804 3196 1 0 0 0 0 0 0 0 0 2 1 R 0
338 7231 16934 1510 16990 1470 3222 1 0 0 0 0 0 0 0 0 2 1 R 0
339 7255 22906 890 22047 848 3933 1 0 4 0 0 0 0 0 0 2 1 R 0
340 7276 19767 579 19792 544 4241 1 0 0 0 0 0 0 0 0 1 1 R 0
341 7296 19674 578 19709 544 4221 1 0 0 0 0 0 0 0 0 1 1 R 0
342 7318 21587 580 20135 544 3675 1 0 4 0 0 0 0 0 0 2 1 R 0
343 7339 19785 777 18715 727 3669 1 0 1 0 0 0 0 0 0 2 1 R 0
344 7360 20137 588 20167 554 3842 1 0 0 0 0 0 0 0 0 1 1 R 0
345 7388 27272 580 25331 552 10685 1 0 5 0 0 0 0 0 0 2 1 R 0
346 7407 18684 898 18778 825 3964 1 0 0 0 0 0 0 0 0 1 1 R 0
347 7427 18848 767 18910 700 3668 1 0 0 0 0 0 0 0 0 2 1 R 0
348 7445 17752 696 17780 658 3446 1 0 0 0 0 0 0 0 0 2 1 R 0
349 7468 22335 598 21133 563 6202 1 0 4 0 0 0 0 0 0 1 1 R 0
350 7488 19188 571 19218 544 4349 1 0 0 0 0 0 0 0 0 1 1 R 0
351 7509 20306 570 20336 543 4310 1 0 0 0 0 0 0 0 0 2 1 R 0
352 7530 20988 583 19551 550 3661 1 0 4 0 0 0 0 0 0 1 1 R 0
353 7549 17886 706 17934 663 3217 1 0 0 0 0 0 0 0 0 2 1 R 0
354 7572 22264 561 21415 529 3751 1 0 1 0 0 0 0 0 0 1 1 R 0
355 7591 18923 2196 19897 701 3777 1 0 1 0 2 0 0 0 0 1 1 R 0
356 7614 20705 597 19351 552 3260 1 0 1 0 0 0 0 0 0 2 1 R 0
357 7633 18172 675 18225 626 3020 1 0 0 0 0 0 0 0 0 1 1 R 0
358 7651 17295 2907 17338 2289 3337 1 0 0 0 1 0 0 0 0 3 1 R 0
359 7677 23247 598 21919 563 3760 1 0 4 0 0 0 0 0 0 1 1 R 0
360 7700 22743 589 22780 554 8039 1 0 0 0 0 0 0 0 0 0 1 R 0
361 7719 17933 772 17979 732 3084 1 0 0 0 0 0 0 0 0 3 1 R 0
362 7741 20820 722 19894 659 3352 1 0 4 0 0 0 0 0 0 2 1 R 0
363 7759 17761 1200 17835 1134 3266 1 0 0 0 0 0 0 0 0 1 1 R 0
364 7783 22928 589 21305 556 4713 1 0 1 0 0 0 0 0 0 2 1 R 0
365 7806 22541 862 21880 847 3824 1 0 4 0 0 0 0 0 0 1 1 R 0
366 7826 18511 852 18586 769 3621 1 0 0 0 0 0 0 0 0 2 1 R 0
367 7845 18689 653 18722 619 3582 1 0 0 0 0 1 0 0 0 0 1 R 0
368 7866 20373 726 20463 640 4440 1 0 0 0 0 0 0 0 0 3 1 R 0
369 7888 21495 602 20365 568 6097 1 0 4 0 0 0 0 0 0 1 1 R 0
370 7909 19718 709 19751 678 4442 1 0 0 0 0 0 0 0 0 1 1 R 0
371 7927 17977 815 18028 776 3481 1 0 0 0 0 0 0 0 0 2 1 R 0
372 7949 20863 830 19587 781 3628 1 0 4 0 0 0 0 0 0 2 1 R 0
373 7969 19433 843 19475 797 3018 1 0 0 0 0 0 0 0 0 1 1 R 0
374 7991 20614 960 19653 918 3854 1 0 1 0 0 0 0 0 0 1 1 R 0
375 8017 24826 571 24106 548 6841 1 0 4 0 0 0 0 0 0 1 1 R 0
376 8036 19026 782 19084 721 3858 1 0 0 0 0 0 0 0 0 2 1 R 0
377 8055 18133 756 18187 709 3599 1 0 0 0 0 0 0 0 0 2 1 R 0
378 8076 19694 709 19758 649 4829 1 0 0 0 0 0 0 0 0 1 1 R 0
379 8098 21814 590 20711 561 6143 1 0 4 0 0 0 0 0 0 2 1 R 0
380 8118 19639 566 19666 539 4243 1 0 0 0 0 0 0 0 0 1 1 R 0
381 8139 19904 749 19946 730 4144 1 0 0 0 0 0 0 0 0 2 1 R 0
382 8160 20248 732 18832 674 3174 1 0 4 0 0 0 0 0 0 1 1 R 0
383 8183 22546 699 21248 627 3782 1 0 1 0 0 0 0 0 0 2 1 R 0
384 8203 19276 583 19302 554 3756 1 0 0 0 0 0 0 0 0 1 1 R 0
385 8227 22794 691 21897 668 3861 1 0 4 0 0 0 0 0 0 2 1 R 0
386 8245 18190 698 18244 644 3553 1 0 0 0 0 0 0 0 0 1 1 R 0
387 8265 18904 665 18945 631 3934 1 0 0 0 0 0 0 0 0 2 1 R 0
388 8286 20232 557 20251 526 4648 1 0 0 0 0 0 0 0 0 1 1 R 0
389 8308 21241 594 19979 564 6400 1 0 4 0 0 0 0 0 0 1 1 R 0
390 8331 22314 610 22342 579 7254 1 0 0 0 0 0 0 0 0 2 1 R 0
391 8349 17879 688 17938 637 3035 1 0 0 0 0 0 0 0 0 2 1 R 0
392 8371 21399 1715 20516 1679 3506 1 0 4 0 0 0 0 0 0 2 1 R 0
393 8395 21777 618 20816 587 3338 1 0 1 0 0 0 0 0 0 1 1 R 0
394 8414 18935 605 18987 553 3696 1 0 0 0 0 0 0 0 0 1 1 R 0
395 8437 21997 576 20438 540 3166 1 0 4 0 0 0 0 0 0 2 1 R 0
396 8455 17325 871 17387 811 3643 1 0 0 0 0 0 0 0 0 2 1 R 0
397 8476 19977 695 20025 652 4978 1 0 0 0 0 0 0 0 0 2 1 R 0
398 8497 20249 585 20279 554 3931 1 0 0 0 0 0 0 0 0 1 1 R 0
399 8519 22203 629 21043 603 6428 1 0 4 0 0 0 0 0 0 1 1 R 0
400 8538 17735 1476 17766 1453 3091 1 0 0 0 0 1 0 0 0 2 1 R 0
401 8559 19961 572 19974 540 3401 1 0 0 0 0 0 0 0 0 1 1 R 0
402 8583 23398 586 20329 558 3775 1 0 5 0 0 0 0 0 0 1 1 R 0
403 8604 20108 614 20137 588 3859 1 0 0 0 0 0 0 0 0 2 1 R 0
404 8625 20963 591 20654 558 3754 1 0 1 0 0 0 0 0 0 1 1 R 0
405 8650 24271 594 22891 561 6380 1 0 4 0 0 0 0 0 0 1 1 R 0
406 8668 17514 667 17568 616 3167 1 0 0 0 0 0 0 0 0 2 1 R 0
407 8690 20848 589 20879 555 5079 1 0 0 0 0 0 0 0 0 1 1 R 0
408 8710 19195 751 19262 685 3761 1 0 0 0 0 0 0 0 0 2 1 R 0
409 8735 24922 660 23548 621 3644 1 0 4 0 0 0 0 0 0 2 1 R 0
410 8755 18752 664 18797 637 4282 1 0 0 0 0 0 0 0 0 1 1 R 0
411 8775 19276 819 19322 760 3207 1 0 0 0 0 0 0 0 0 2 1 R 0
412 8799 23252 596 20973 568 6295 1 0 5 0 0 0 0 0 0 1 1 R 0
413 8819 19857 591 19887 556 4310 1 0 0 0 0 0 0 0 0 1 1 R 0
414 8838 18646 773 18744 682 3755 1 0 0 0 0 0 0 0 0 2 1 R 0
415 8862 22523 663 20899 628 3442 1 0 4 0 0 0 0 0 0 1 1 R 0
416 8879 16699 663 16734 636 3168 1 0 0 0 0 0 0 0 0 2 1 R 0
417 8902 21937 534 21946 516 4774 1 0 0 0 0 0 0 0 0 2 1 R 0
418 8921 18874 1311 18918 1286 3765 1 0 0 0 2 0 0 0 0 1 1 R 0
419 8944 21319 577 19700 549 3475 1 0 2 0 0 0 0 0 0 1 1 R 0
420 8965 20896 678 20937 632 6439 1 0 0 0 0 0 0 0 0 1 1 R 0
421 8986 20442 723 19531 667 3095 1 0 1 0 0 0 0 0 0 2 1 R 0
422 9008 21265 594 20356 565 6253 1 0 4 0 0 0 0 0 0 1 1 R 0
423 9028 19511 580 19539 550 4259 1 0 0 0 0 0 0 0 0 1 1 R 0
424 9047 17574 765 17615 732 3740 1 0 0 0 0 0 0 0 0 2 1 R 0
425 9070 22580 880 21171 802 4470 1 0 4 0 0 0 0 0 0 2 1 R 0
426 9088 17314 809 17345 784 3034 1 0 0 0 0 0 0 0 0 2 1 R 0
427 9109 20240 582 20257 550 4761 1 0 0 0 0 0 0 0 0 1 1 R 0
428 9130 19766 584 19797 556 3749 1 0 0 0 0 0 0 0 0 1 1 R 0
429 9151 21136 1088 20265 1068 5197 1 0 4 0 0 0 0 0 0 2 1 R 0
430 9169 17168 752 17207 711 3135 1 0 0 0 0 0 0 0 0 1 1 R 0
431 9193 22425 728 21455 713 3928 1 0 1 0 0 0 0 0 0 2 1 R 0
432 9214 20774 793 19427 727 3784 1 0 4 0 0 0 0 0 0 1 1 R 0
433 9235 19910 578 19946 545 3916 1 0 0 0 0 0 0 0 0 1 1 R 0
434 9254 18184 740 18226 700 3204 1 0 0 0 0 0 0 0 0 2 1 R 0
435 9280 25943 594 24558 556 7233 1 0 4 0 0 0 0 0 0 2 1 R 0
436 9298 16635 800 16712 739 3266 1 0 0 0 0 0 0 0 0 0 1 R 0
437 9320 21529 574 21547 546 5989 1 0 0 0 0 0 0 0 0 2 1 R 0
438 9340 19438 569 19471 539 3753 1 0 0 0 0 0 0 0 0 2 1 R 0
439 9363 22159 574 21069 545 3414 1 0 4 0 0 0 0 0 0 2 1 R 0
440 9384 20765 648 18920 625 3227 1 0 1 0 0 0 0 0 0 1 1 R 0
441 9404 19875 570 19900 541 3143 1 0 0 0 0 0 0 0 0 2 1 R 0
442 9427 21456 597 20116 564 3745 1 0 4 0 0 0 0 0 0 1 1 R 0
443 9447 20081 590 20112 556 4021 1 0 0 0 0 0 0 0 0 1 1 R 0
444 9467 18957 972 19024 921 3822 1 0 0 0 0 0 0 0 0 2 1 R 0
445 9489 20919 714 19710 661 3627 1 0 4 0 0 0 0 0 0 2 1 R 0
446 9509 19388 574 19414 546 3628 1 0 0 0 0 0 0 0 0 1 1 R 0
447 9529 19978 578 20010 549 4362 1 0 0 0 0 0 0 0 0 2 1 R 0
448 9549 18905 766 19027 651 3683 1 0 0 0 0 0 0 0 0 0 1 R 0
449 9572 22687 608 21416 585 3366 1 0 4 0 0 1 0 0 0 2 1 R 0
450 9596 23028 750 22076 671 6168 1 0 1 0 0 0 0 0 0 3 1 R 0
451 9616 19077 865 19164 772 3669 1 0 0 0 0 0 0 0 0 1 1 R 0
452 9638 21552 609 20586 574 5194 1 0 4 0 0 0 0 0 0 1 1 R 0
453 9660 21302 733 20480 697 4270 1 0 1 0 0 0 0 0 0 2 1 R 0
454 9678 17335 783 17377 730 3176 1 0 0 0 0 0 0 0 0 2 1 R 0
455 9700 21281 741 20094 711 4055 1 0 4 0 0 0 0 0 0 1 1 R 0
456 9721 20016 943 20036 925 3790 1 0 0 0 0 0 0 0 0 1 1 R 0
457 9741 19251 1018 19271 994 3775 1 0 0 0 0 0 0 0 0 1 1 R 0
458 9761 18727 2901 18837 2078 3703 1 0 0 0 3 0 0 0 0 2 1 R 0
459 9785 21026 528 19603 508 3057 1 0 2 0 0 0 0 0 0 1 1 R 0
460 9803 17335 654 17381 616 3287 1 0 0 0 0 0 0 0 0 2 1 R 0
461 9825 22072 579 22099 550 4908 1 0 0 0 0 1 0 0 0 1 1 R 0
462 9847 21489 1064 20359 1000 4451 1 0 4 0 0 0 0 0 0 1 1 R 0
463 9866 17753 678 17796 637 3695 1 0 0 0 0 0 0 0 0 2 1 R 0
464 9886 18665 704 18712 653 4556 1 0 0 0 0 0 0 0 0 2 1 R 0
465 9911 25006 1047 23948 609 7481 1 0 4 0 0 0 0 0 0 2 1 R 0
466 9932 19595 552 19618 532 3574 1 0 0 0 0 0 0 0 0 1 1 R 0
467 9952 19866 644 19889 619 3801 1 0 0 0 0 0 0 0 0 1 1 R 0
468 9970 17255 760 17322 702 3149 1 0 0 0 0 0 0 0 0 2 1 R 0
469 9996 24891 769 21806 695 3784 1 0 5 0 0 0 0 0 0 3 1 R 0
470 10015 18285 899 18344 846 3554 1 0 0 0 0 0 0 0 0 1 1 R 0
471 10036 19745 583 19769 553 4359 1 0 0 0 0 0 0 0 0 1 1 R 0
472 10059 22396 595 21201 558 5015 1 0 4 0 0 0 0 0 0 1 1 R 0
473 10080 20341 615 20397 562 3961 1 0 0 0 0 0 0 0 0 2 1 R 0
474 10097 17106 912 17194 823 3160 1 0 0 0 0 0 0 0 0 2 1 R 0
475 10122 24224 578 22326 551 4883 1 0 4 0 0 0 0 0 0 0 1 R 0
476 10142 18985 734 19026 705 3816 1 0 0 0 0 0 0 0 0 1 1 R 0
477 10164 21028 626 21061 581 3834 1 0 0 0 0 0 0 0 0 2 1 R 0
478 10185 20631 2168 19659 818 3178 1 0 4 0 1 0 0 0 0 3 1 R 0
479 10206 18821 996 18868 934 3554 1 0 0 0 0 0 0 0 0 1 1 R 0
480 10228 20660 700 20708 646 6401 1 0 0 0 0 0 0 0 0 2 1 R 0
481 10248 19839 582 19865 553 4300 1 0 0 0 0 0 0 0 0 1 1 R 0
482 10270 21015 719 20160 688 5763 1 0 4 0 0 0 0 0 0 2 1 R 0
483 10290 19289 714 19335 687 3732 1 0 0 0 0 0 0 0 0 1 1 R 0
484 10309 18424 779 18500 696 3415 1 0 0 0 0 0 0 0 0 1 1 R 0
485 10332 22352 854 20946 819 3194 1 0 4 0 0 0 0 0 0 2 1 R 0
486 10351 18100 1051 18116 1034 3758 1 0 0 0 0 0 0 0 0 1 1 R 0
487 10372 20380 594 20393 563 3736 1 0 0 0 0 0 0 0 0 1 1 R 0
488 10397 23812 578 21606 546 3719 1 0 5 0 0 0 0 0 0 1 1 R 0
489 10416 18083 677 18138 632 3635 1 0 0 0 0 0 0 0 0 2 1 R 0
490 10436 20171 588 20197 561 5039 1 0 0 0 0 0 0 0 0 1 1 R 0
491 10457 20133 578 20162 545 4247 1 0 0 0 0 0 0 0 0 1 1 R 0
492 10479 20868 590 19725 563 6153 1 0 4 0 0 0 0 0 0 2 1 R 0
493 10498 18520 745 18597 673 3649 1 0 0 0 0 0 0 0 0 2 1 R 0
494 10516 17484 1049 17541 993 3494 1 0 0 0 0 0 0 0 0 2 1 R 0
495 10555 38010 899 32107 831 9007 1 0 7 0 0 0 0 1 1 2 0 S 1
496 10585 29400 1271 28701 1234 5310 1 0 1 0 0 0 0 1 1 1 0 R 0
497 10618 31477 1015 30727 992 9855 1 0 1 0 0 0 0 1 1 1 0 R 0
498 10639 20310 707 19970 668 5412 1 0 1 0 0 0 0 1 1 1 0 R 0
499 10661 20998 992 21021 963 3860 1 0 0 0 0 0 0 1 1 1 0 R 0
500 10686 24075 603 24101 573 4038 1 0 0 0 0 0 0 1 1 1 0 R 0
501 10716 29596 1095 29704 997 5055 1 0 0 0 0 0 0 1 1 2 0 R 0
502 10738 20780 595 20803 561 4845 1 0 0 0 0 0 0 1 1 1 0 R 0
503 10759 20300 1212 20336 1188 4079 1 0 0 0 0 1 0 1 1 1 0 R 0
504 10789 28501 1171 27886 1151 4708 1 0 1 0 0 0 0 1 1 1 0 R 0
505 10822 32038 1191 30635 1292 7152 1 0 1 0 0 0 0 1 1 2 0 R 0
506 10843 20326 590 20232 565 3963 1 0 0 0 0 0 0 1 1 1 0 R 0
507 10864 19949 1566 19981 1547 4034 1 0 0 0 0 0 0 1 1 1 0 R 0
508 10891 25014 596 25035 561 4871 1 0 0 0 0 0 0 1 1 2 0 R 0
509 10920 28807 999 28939 868 7362 1 0 0 0 0 0 0 1 1 1 0 R 0
510 10945 24478 593 24511 560 10830 1 0 0 0 0 0 0 1 1 1 0 R 0
511 10966 20112 581 20144 550 4089 1 0 0 0 0 0 0 1 1 1 0 R 0
512 10995 28609 988 27777 950 5131 1 0 1 0 0 0 0 1 1 1 0 R 0
513 11027 30192 988 29702 968 5905 1 0 1 0 0 0 0 1 1 2 0 R 0
514 11051 23661 999 23685 976 7825 1 0 0 0 0 0 0 1 1 1 0 R 0
515 11074 22025 594 22054 558 3847 1 0 0 0 0 0 0 1 1 1 0 R 0
516 11100 25477 1675 25510 1669 5425 1 0 0 0 0 0 0 1 1 1 0 R 0
517 11133 30692 967 30693 954 8239 1 0 0 0 0 0 0 1 1 1 0 R 0
518 11156 22336 607 22362 571 6834 1 0 0 0 0 0 0 1 1 1 0 R 0
519 11178 21769 598 21809 560 4150 1 0 0 0 0 0 0 1 1 1 0 R 0
520 11207 27666 1000 27696 977 6456 1 0 0 0 0 0 0 1 1 1 0 R 0
521 11231 22991 1115 23021 1094 7445 1 0 0 0 0 0 0 1 1 1 0 R 0
522 11254 21790 629 21807 598 3894 1 0 0 0 0 0 0 1 1 1 0 R 0
523 11274 19853 1727 19885 1708 3771 1 0 0 0 0 0 0 1 1 2 0 R 0
524 11301 24996 1456 25021 1437 4427 1 0 0 0 0 0 0 1 1 1 0 R 0
525 11337 34755 973 34774 946 13135 1 0 0 0 0 0 0 1 1 2 0 R 0
526 11360 22531 604 22564 565 6554 1 0 0 0 0 0 0 1 1 0 0 R 0
527 11384 22658 594 22693 561 4035 1 0 0 0 0 0 0 1 1 1 0 R 0
528 11409 25137 692 25176 789 4849 1 0 0 0 0 0 0 1 1 1 0 R 0
529 11439 28707 594 28609 559 6398 1 0 0 0 0 0 0 1 1 1 0 R 0
530 11459 19305 781 19394 691 4313 1 0 0 0 0 0 0 1 1 2 0 R 0
531 11483 23256 569 23287 540 4431 1 0 0 0 0 0 0 1 1 1 0 R 0
532 11507 23617 846 23650 813 4164 1 0 0 0 0 0 0 1 1 2 0 R 0
533 11538 29721 1247 29756 1257 6426 1 0 0 0 0 0 0 1 1 1 0 R 0
534 11563 23999 584 23983 561 7071 1 0 0 0 0 0 0 1 1 1 0 R 0
535 11587 23150 1041 22609 1025 3777 1 0 1 0 0 0 0 1 1 1 0 R 0
536 11613 25167 996 25187 975 6398 1 0 0 0 0 0 0 1 1 1 0 R 0
537 11643 29489 701 29625 552 7276 1 0 0 0 0 0 0 1 1 1 0 R 0
538 11666 22286 607 21758 572 4552 1 0 1 0 0 0 0 1 1 1 0 R 0
539 11689 21767 607 21809 574 4233 1 0 0 0 0 0 0 1 1 1 0 R 0
540 11718 28961 1040 28987 1016 12607 1 0 0 0 0 0 0 1 1 2 0 R 0
541 11748 28716 975 28740 953 5788 1 0 0 0 0 0 0 1 1 1 0 R 0
542 11772 23358 569 23375 543 6221 1 0 0 0 0 0 0 1 1 2 0 R 0
543 11794 21364 600 21401 568 3888 1 0 0 0 0 0 0 1 1 1 0 R 0
544 11823 28015 970 28039 960 6425 1 0 0 0 0 0 0 1 1 1 0 R 0
545 11852 27948 595 27969 565 8112 1 0 0 0 0 0 0 1 1 1 0 R 0
546 11872 20061 859 20106 830 4142 1 0 0 0 0 0 0 1 1 1 0 R 0
547 11899 25374 889 25530 743 3880 1 0 0 0 0 0 0 1 1 2 0 R 0
548 11928 28347 1096 28446 979 6429 1 0 0 0 0 0 0 1 1 2 0 R 0
549 11955 26071 875 26104 847 5334 1 0 0 0 0 0 0 1 1 1 0 R 0
550 11976 19707 576 19730 546 4561 1 0 0 0 0 0 0 1 1 1 0 R 0
551 11997 20779 599 20815 568 4267 1 0 0 0 0 0 0 1 1 1 0 R 0
552 12024 26701 991 26727 971 5577 1 0 0 0 0 0 0 1 1 1 0 R 0
553 12055 29980 776 30037 732 8092 1 0 0 0 0 0 0 1 1 2 0 R 0
554 12076 20094 634 20112 597 4208 1 0 0 0 0 1 0 1 1 1 0 R 0
555 12104 26842 769 26877 744 7987 1 0 0 0 0 0 0 1 1 1 0 R 0
556 12131 26844 1700 26868 1689 7462 1 0 0 0 0 0 0 1 1 2 0 R 0
557 12164 30619 1243 30631 1366 7824 1 0 0 0 0 0 0 1 1 1 0 R 0
558 12185 20618 593 20500 560 4804 1 0 0 0 0 0 0 1 1 1 0 R 0
559 12208 22301 611 22346 569 4377 1 0 0 0 0 0 0 1 1 1 0 R 0
560 12237 28381 970 28415 945 5922 1 0 0 0 0 0 0 1 1 1 0 R 0
561 12264 25420 593 25448 743 7471 1 0 0 0 0 0 0 1 1 1 0 R 0
562 12284 20185 647 20028 621 4223 1 0 0 0 0 0 0 1 1 1 0 R 0
563 12306 21190 603 21229 565 3806 1 0 0 0 0 0 0 1 1 1 0 R 0
564 12335 27835 1047 27868 1021 7590 1 0 0 0 0 0 0 1 1 2 0 R 0
565 12365 29190 1297 29209 1300 5872 1 0 0 0 0 0 0 1 1 1 0 R 0
566 12388 21738 851 21791 769 6297 1 0 0 0 0 0 0 1 1 1 0 R 0
567 12411 22435 1871 22474 1844 4151 1 0 0 0 0 0 0 1 1 1 0 R 0
568 12445 31583 1209 30190 1216 7218 1 0 2 0 0 0 0 1 1 1 0 R 0
569 12473 26879 592 26875 566 7529 1 0 0 0 0 0 0 1 1 1 0 R 0
570 12496 22649 642 22682 607 8213 1 0 0 0 0 0 0 1 1 1 0 R 0
571 12521 24066 1482 24101 1467 5120 1 0 0 0 0 0 0 1 1 1 0 R 0
572 12549 26436 709 26451 677 4264 1 0 0 0 0 0 0 1 1 2 0 R 0
573 12573 23916 583 23946 555 5973 1 0 0 0 0 0 0 1 1 2 0 R 0
574 12593 19116 584 19149 558 3795 1 0 0 0 0 0 0 1 1 1 0 R 0
575 12618 24383 994 24134 869 3923 1 0 1 0 0 0 0 1 1 1 0 R 0
576 12648 29319 869 29349 851 6520 1 0 0 0 0 0 0 1 1 1 0 R 0
577 12675 25913 697 25969 639 6389 1 0 0 0 0 1 0 1 1 1 0 R 0
578 12695 19612 562 19633 536 4233 1 0 0 0 0 0 0 1 1 2 0 R 0
579 12718 22089 967 22126 1111 4077 1 0 0 0 0 0 0 1 1 1 0 R 0
580 12752 33291 1123 32124 1129 8123 1 0 2 0 0 0 0 1 1 0 0 R 0
581 12777 23658 838 23597 794 7258 1 0 0 0 0 0 0 1 1 1 0 R 0
582 12797 19267 728 19283 706 4690 1 0 0 0 0 0 0 1 1 1 0 R 0
583 12820 22401 1013 22525 996 4174 1 0 0 0 0 0 0 1 1 3 0 R 0
584 12849 27239 1008 27155 993 7061 1 0 0 0 0 0 0 1 1 0 0 R 0
585 12878 28102 613 28123 579 12507 1 0 0 0 0 0 0 1 1 1 0 R 0
586 12898 19706 597 19734 568 4642 1 0 0 0 0 0 0 1 1 1 0 R 0
587 12920 21630 662 21670 622 4205 1 0 0 0 0 0 0 1 1 2 0 R 0
588 12947 25867 1496 26001 1396 6198 1 0 0 0 0 0 0 1 1 1 0 R 0
589 12976 27927 606 27926 580 6910 1 0 0 0 0 0 0 1 1 1 0 R 0
590 12997 19956 1197 19985 1184 4449 1 0 0 0 0 0 0 1 1 1 0 R 0
591 13020 21712 604 21734 563 4257 1 0 0 0 0 0 0 1 1 1 0 R 0
592 13045 24382 1381 24540 1234 4934 1 0 0 0 0 0 0 1 1 1 0 R 0
593 13076 30347 888 30464 774 6156 1 0 0 0 0 0 0 1 1 1 0 R 0
594 13097 19650 599 19676 564 4496 1 0 0 0 0 0 0 1 1 1 0 R 0
595 13119 21420 999 21555 866 4221 1 0 0 0 0 0 0 1 1 2 0 R 0
596 13144 24469 1053 24502 1134 3724 1 0 0 0 0 0 0 1 1 1 0 R 0
597 13175 29233 1005 29150 976 7340 1 0 0 0 0 0 0 1 1 2 0 R 0
598 13200 24626 636 24660 604 7369 1 0 0 0 0 0 0 1 1 1 0 R 0
599 13222 21338 1145 21380 1135 3866 1 0 0 0 0 0 0 1 1 0 0 R 0
600 13263 39581 602 39599 733 12801 1 0 0 0 0 0 0 1 1 4 0 R 0
601 13293 29116 713 28965 688 6529 1 0 0 0 0 0 0 1 1 1 0 R 0
602 13313 19652 594 19684 566 4315 1 0 0 0 0 0 0 1 1 1 0 R 0
603 13339 24857 999 24889 969 3822 1 0 0 0 0 0 0 1 1 1 0 R 0
604 13367 27166 594 27191 565 5305 1 0 0 0 0 0 0 1 1 3 0 R 0
605 13388 20205 1224 20238 1202 4181 1 0 0 0 0 1 0 1 1 0 0 R 0
606 13412 23658 613 23673 586 6325 1 0 0 0 0 0 0 1 1 1 0 R 0
607 13433 20467 782 20505 868 3860 1 0 0 0 0 0 0 1 1 1 0 R 0
608 13461 26732 1501 26745 1474 5924 1 0 0 0 0 0 0 1 1 1 0 R 0
609 13493 30850 935 30770 921 8238 1 0 0 0 0 0 0 1 1 1 0 R 0
610 13515 21176 622 21197 591 5005 1 0 0 0 0 0 0 1 1 3 0 R 0
611 13538 22270 1012 22310 978 4284 1 0 0 0 0 0 0 1 1 1 0 R 0
612 13568 29123 1351 29154 1332 5838 1 0 0 0 0 0 0 1 1 0 0 R 0
613 13601 31215 1288 29765 1274 7884 1 0 1 0 0 0 0 1 1 1 0 R 0
614 13623 21065 579 21082 548 4111 1 0 0 0 0 0 0 1 1 3 0 R 0
615 13654 30394 619 30423 588 11333 1 0 0 0 0 0 0 1 1 1 0 R 0
616 13677 22408 635 22444 600 6730 1 0 0 0 0 0 0 1 1 1 0 R 0
617 13699 21268 936 21300 912 4136 1 0 0 0 0 0 0 1 1 1 0 R 0
618 13722 21711 574 21727 554 4405 1 0 0 0 0 0 0 1 1 1 0 R 0
619 13746 23542 2200 23578 2185 3902 1 0 0 0 0 0 0 1 1 1 0 R 0
620 13779 30975 993 29734 954 8311 1 0 2 0 0 0 0 1 1 1 0 R 0
621 13805 24487 698 24566 626 6451 1 0 0 0 0 0 0 1 1 1 0 R 0
622 13826 20588 650 20633 611 4404 1 0 0 0 0 0 0 1 1 2 0 R 0
623 13851 23885 1705 23917 1718 4240 1 0 0 0 0 0 0 1 1 1 0 R 0
624 13880 27983 1707 27969 1694 5010 1 0 0 0 0 0 0 1 1 0 0 R 0
625 13906 23671 928 23682 901 7738 1 0 0 0 0 0 0 1 1 1 0 R 0
626 13927 20298 928 20328 900 4160 1 0 0 0 0 0 0 1 1 1 0 R 0
627 13952 24454 987 24476 968 4393 1 0 0 0 0 0 0 1 1 1 0 R 0
628 13982 28831 976 28849 960 6544 1 0 0 0 0 0 0 1 1 2 0 R 0
629 14007 23609 647 23638 608 7575 1 0 0 0 0 0 0 1 1 1 0 R 0
630 14030 22967 623 23001 596 8032 1 0 0 0 0 0 0 1 1 2 0 R 0
631 14056 24877 1018 24910 993 3731 1 0 0 0 0 0 0 1 1 1 0 R 0
632 14086 29204 1017 29226 987 5502 1 0 0 0 0 0 0 1 1 1 0 R 0
633 14117 29638 595 29673 559 7228 1 0 0 0 0 0 0 1 1 1 0 R 0
634 14136 19009 574 19041 544 4195 1 0 0 0 0 0 0 1 1 1 0 R 0
635 14163 26288 1648 26318 1685 5697 1 0 0 0 0 0 0 1 1 1 0 R 0
636 14194 29133 1020 29095 1006 6314 1 0 0 0 0 0 0 1 1 1 0 R 0
637 14218 23035 826 23072 794 6917 1 0 0 0 0 0 0 1 1 1 0 R 0
638 14237 18414 685 18448 644 4190 1 0 0 0 0 0 0 1 1 1 0 R 0
639 14264 26169 1235 26186 1229 5158 1 0 0 0 0 0 0 1 1 3 0 R 0
640 14295 29597 1170 29770 995 5122 1 0 0 0 0 0 0 1 1 1 0 R 0
641 14323 26863 616 26879 586 7268 1 0 0 0 0 0 0 1 1 1 0 R 0
642 14343 19076 566 19106 538 3807 1 0 0 0 0 0 0 1 1 1 0 R 0
643 14369 26130 999 26169 974 6058 1 0 0 0 0 0 0 1 1 1 0 R 0
644 14400 30204 1680 30325 1581 5539 1 0 0 0 0 0 0 1 1 1 0 R 0
645 14429 27175 604 27176 574 13711 1 0 0 0 0 0 0 1 1 1 0 R 0
646 14453 22824 734 22944 612 3761 1 0 0 0 0 0 0 1 1 1 0 R 0
647 14480 26497 1763 26534 1760 4625 1 0 0 0 0 1 0 1 1 2 0 R 0
648 14501 19289 1356 19293 1335 3841 1 0 0 0 0 0 0 1 1 1 0 R 0
649 14525 22588 707 22623 684 4192 1 0 0 0 0 0 0 1 1 1 0 R 0
650 14545 19355 628 19359 603 4622 1 0 0 0 0 0 0 1 1 1 0 R 0
651 14571 25466 1372 25492 1453 5897 1 0 0 0 0 0 0 1 1 1 0 R 0
652 14601 28204 1531 28130 1504 4544 1 0 0 0 0 0 0 1 1 1 0 R 0
653 14630 28200 1063 27904 1045 7931 1 0 1 0 0 0 0 1 1 1 0 R 0
654 14651 19726 1064 19744 1038 3794 1 0 0 0 0 0 0 1 1 2 0 R 0
655 14678 26099 608 26135 570 4209 1 0 0 0 0 0 0 1 1 1 0 R 0
656 14708 29320 977 29353 946 5855 1 0 0 0 0 0 0 1 1 1 0 R 0
657 14731 21990 941 22275 658 5082 1 0 0 0 0 0 0 1 1 1 0 R 0
658 14751 18945 931 18988 886 3687 1 0 0 0 0 0 0 1 1 1 0 R 0
659 14780 28118 598 27523 564 5517 1 0 1 0 0 0 0 1 1 2 0 R 0
660 14817 36421 813 35645 792 14955 1 0 1 0 0 0 0 1 1 1 0 R 0
661 14839 20708 608 20732 575 4405 1 0 0 0 0 0 0 1 1 1 0 R 0
662 14859 19767 1005 19893 987 4169 1 0 0 0 0 0 0 1 1 1 0 R 0
663 14886 26250 1434 26179 1404 4035 1 0 0 0 0 0 0 1 1 1 0 R 0
664 14918 29759 958 29880 844 7697 1 0 0 0 0 0 0 1 1 1 0 R 0
665 14942 23576 681 23606 645 6947 1 0 0 0 0 0 0 1 1 1 0 R 0
666 14964 21242 1095 21290 1057 3952 1 0 0 0 0 0 0 1 1 2 0 R 0
667 14990 25052 1634 25173 1523 4135 1 0 0 0 0 0 0 1 1 1 0 R 0
668 15023 30745 576 30753 551 7675 1 0 0 0 0 0 0 1 1 1 0 R 0
669 15044 20641 582 20672 552 4004 1 0 0 0 0 0 0 1 1 1 0 R 0
670 15064 19827 1227 20064 1088 3989 1 0 0 0 0 0 0 1 1 1 0 R 0
671 15091 25367 1494 25305 1472 4554 1 0 0 0 0 0 0 1 1 1 0 R 0
672 15119 26666 987 26776 976 7808 1 0 0 0 0 0 0 1 1 1 0 R 0
673 15142 22246 586 22160 562 4214 1 0 0 0 0 0 0 1 1 1 0 R 0
674 15163 20187 600 20215 573 3934 1 0 0 0 0 0 0 1 1 2 0 R 0
675 15194 30092 977 30127 948 10123 1 0 0 0 0 0 0 1 1 1 0 R 0
676 15225 29979 1029 30005 1006 7495 1 0 0 0 0 0 0 1 1 1 0 R 0
677 15246 20606 1050 20632 1054 4402 1 0 0 0 0 0 0 1 1 1 0 R 0
678 15266 18940 584 18938 558 4318 1 0 0 0 0 0 0 1 1 1 0 R 0
679 15294 26713 624 26740 592 4658 1 0 0 0 0 0 0 1 1 1 0 R 0
680 15324 29535 1464 29579 1433 7420 1 0 0 0 0 0 0 1 1 3 0 R 0
681 15346 21233 632 21257 600 4766 1 0 0 0 0 0 0 1 1 1 0 R 0
682 15369 21694 605 21729 573 5023 1 0 0 0 0 0 0 1 1 1 0 R 0
683 15396 27048 607 27089 569 3961 1 0 0 0 0 0 0 1 1 1 0 R 0
684 15425 28132 664 28183 617 7331 1 0 0 0 0 0 0 1 1 1 0 R 0
685 15449 22946 620 22971 589 4351 1 0 0 0 0 0 0 1 1 1 0 R 0
686 15468 19019 593 19056 558 4420 1 0 0 0 0 0 0 1 1 1 0 R 0
687 15496 27216 627 27260 586 5939 1 0 0 0 0 0 0 1 1 2 0 R 0
688 15526 29530 1094 29653 981 5950 1 0 0 0 0 0 0 1 1 1 0 R 0
689 15551 23046 606 23075 570 5933 1 0 0 0 0 0 0 1 1 1 0 R 0
690 15576 25100 1108 24967 988 8694 1 0 1 0 0 0 0 1 1 1 0 R 0
691 15603 25807 1277 25835 1363 4304 1 0 0 0 0 0 0 1 1 2 0 R 0
692 15633 28399 592 28308 560 7806 1 0 0 0 0 0 0 1 1 1 0 R 0
693 15658 24770 657 24828 603 7765 1 0 0 0 0 0 0 1 1 1 0 R 0
694 15680 21010 1040 21135 916 4271 1 0 0 0 0 0 0 1 1 0 0 R 0
695 15706 24738 1165 24769 1150 4162 1 0 0 0 0 0 0 1 1 2 0 R 0
696 15737 29929 880 29941 848 6553 1 0 0 0 0 0 0 1 1 1 0 R 0
697 15761 23419 943 23462 915 7695 1 0 0 0 0 0 0 1 1 1 0 R 0
698 15784 21871 642 21893 610 4029 1 0 0 0 0 0 0 1 1 2 0 R 0
699 15815 30274 1093 30015 977 6100 1 0 1 0 0 0 0 1 1 1 0 R 0
700 15837 20845 622 20354 592 4952 1 0 1 0 0 0 0 1 1 1 0 R 0
701 15860 22427 595 22467 559 4203 1 0 0 0 0 0 0 1 1 1 0 R 0
702 15880 19540 605 19576 569 4080 1 0 0 0 0 0 0 1 1 1 0 R 0
703 15908 27678 615 27718 583 4354 1 0 0 0 0 0 0 1 1 1 0 R 0
704 15937 28461 598 28489 569 7582 1 0 0 0 0 0 0 1 1 1 0 R 0
705 15962 24550 610 24575 584 10039 1 0 0 0 0 0 0 1 1 1 0 R 0
706 15983 19947 585 19977 561 4249 1 0 0 0 0 0 0 1 1 1 0 R 0
707 16010 26883 643 26917 606 4203 1 0 0 0 0 0 0 1 1 2 0 R 0
708 16040 29339 2713 29377 2702 7442 1 0 0 0 0 1 0 1 1 2 0 R 0
709 16068 25153 597 25164 561 7920 1 0 0 0 0 0 0 1 1 1 0 R 0
710 16090 21491 703 21529 667 4244 1 0 0 0 0 0 0 1 1 0 0 R 0
711 16118 27338 1142 27465 1023 4160 1 0 0 0 0 0 0 1 1 1 0 R 0
712 16151 31107 1703 31233 1587 5973 1 0 0 0 0 0 0 1 1 2 0 R 0
713 16175 22533 596 22551 561 6622 1 0 0 0 0 0 0 1 1 1 0 R 0
714 16196 20877 580 20914 546 3958 1 0 0 0 0 0 0 1 1 1 0 R 0
715 16224 26799 697 26847 667 6253 1 0 0 0 0 0 0 1 1 1 0 R 0
716 16244 19992 603 20006 574 3637 1 0 0 0 0 0 0 1 1 1 0 R 0
717 16268 22658 593 22691 557 4060 1 0 0 0 0 0 0 1 1 1 0 R 0
718 16288 19441 590 19480 557 4386 1 0 0 0 0 0 0 1 1 2 0 R 0
719 16315 26720 682 26845 556 5970 1 0 0 0 0 0 0 1 1 2 0 R 0
720 16347 31700 1280 31738 1257 12868 1 0 0 0 0 0 0 1 1 1 0 R 0
721 16371 21825 598 21846 566 4280 1 0 0 0 0 0 0 1 1 0 0 R 0
722 16390 19308 617 19341 585 3832 1 0 0 0 0 0 0 1 1 2 0 R 0
723 16418 27255 611 27288 578 5441 1 0 0 0 0 0 0 1 1 1 0 R 0
724 16449 29709 673 29740 645 6521 1 0 0 0 0 0 0 1 1 1 0 R 0
725 16471 21967 984 22001 958 4841 1 0 0 0 0 0 0 1 1 1 0 R 0
726 16491 18720 909 18745 882 3830 1 0 0 0 0 0 0 1 1 1 0 R 0
727 16518 25941 1005 25969 975 5499 1 0 0 0 0 0 0 1 1 1 0 R 0
728 16545 26475 1146 26502 1122 5463 1 0 0 0 0 0 0 1 1 3 0 R 0
729 16574 27779 651 27812 619 6456 1 0 0 0 0 0 0 1 1 1 0 R 0
730 16594 19570 594 19599 567 3955 1 0 0 0 0 0 0 1 1 0 0 R 0
731 16624 28721 595 28044 563 6308 1 0 1 0 0 0 0 1 1 1 0 R 0
732 16654 29793 1155 29822 1131 7644 1 0 0 0 0 0 0 1 1 1 0 R 0
733 16677 21877 595 21909 562 5005 1 0 0 0 0 0 0 1 1 3 0 R 0
734 16698 20139 582 20165 555 4238 1 0 0 0 0 0 0 1 1 1 0 R 0
735 16730 31078 1118 30181 1001 15664 1 0 1 0 0 0 0 1 1 1 0 R 0
736 16758 27624 1125 27745 1003 7929 1 0 0 0 0 0 0 1 1 1 0 R 0
737 16786 26637 612 26671 578 6451 1 0 0 0 0 0 0 1 1 2 0 R 0
738 16809 22120 659 22158 616 4198 1 0 0 0 0 0 0 1 1 1 0 R 0
739 16838 28389 981 28524 851 5718 1 0 0 0 0 0 0 1 1 1 0 R 0
740 16868 28713 610 28746 577 6719 1 0 0 0 0 1 0 1 1 1 0 R 0
741 16888 20271 597 20304 567 4602 1 0 0 0 0 0 0 1 1 0 0 R 0
742 16911 21789 970 21831 936 4166 1 0 0 0 0 0 0 1 1 3 0 R 0
743 16938 26096 1289 26206 1204 5355 1 0 0 0 0 0 0 1 1 1 0 R 0
744 16968 29282 635 29282 602 6891 1 0 0 0 0 0 0 1 1 1 0 R 0
745 16990 20458 606 20494 568 4249 1 0 0 0 0 0 0 1 1 1 0 R 0
746 17012 22164 572 22197 547 3752 1 0 0 0 0 0 0 1 1 1 0 R 0
747 17039 25663 985 25695 947 4368 1 0 0 0 0 0 0 1 1 1 0 R 0
748 17069 29675 1216 29712 1204 4596 1 0 0 0 0 0 0 1 1 1 0 R 0
749 17094 23225 591 23239 560 6917 1 0 0 0 0 0 0 1 1 1 0 R 0
750 17118 24144 595 24178 558 8253 1 0 0 0 0 0 0 1 1 1 0 R 0
751 17146 27080 1008 27208 893 6178 1 0 0 0 0 0 0 1 1 1 0 R 0
752 17175 28192 592 28214 561 7301 1 0 0 0 0 0 0 1 1 2 0 R 0
753 17196 20403 592 20437 560 4185 1 0 0 0 0 0 0 1 1 1 0 R 0
754 17217 20461 605 20498 567 4171 1 0 0 0 0 0 0 1 1 1 0 R 0
755 17245 26945 1114 27074 990 4798 1 0 0 0 0 0 0 1 1 1 0 R 0
756 17276 30373 979 30399 957 6315 1 0 0 0 0 0 0 1 1 1 0 R 0
757 17301 23336 919 23365 897 7127 1 0 0 0 0 0 0 1 1 1 0 R 0
758 17323 21111 651 21130 625 3792 1 0 0 0 0 0 0 1 1 1 0 R 0
759 17351 27274 1942 27304 1922 5822 1 0 0 0 0 0 0 1 1 3 0 R 0
760 17380 27407 1772 27525 1686 7275 1 0 0 0 0 0 0 1 1 0 0 R 0
761 17404 22620 758 22636 714 6877 1 0 0 0 0 0 0 1 1 2 0 R 0
762 17426 21109 600 21132 566 3806 1 0 0 0 0 0 0 1 1 1 0 R 0
763 17454 27577 854 27610 826 5952 1 0 0 0 0 0 0 1 1 1 0 R 0
764 17475 19754 578 19780 549 3826 1 0 0 0 0 0 0 1 1 1 0 R 0
765 17501 25259 1206 25291 1187 9215 1 0 0 0 0 0 0 1 1 1 0 R 0
766 17523 20896 975 20914 963 3795 1 0 0 0 0 0 0 1 1 1 0 R 0
767 17549 24616 1255 24886 994 4329 1 0 0 0 0 0 0 1 1 2 0 R 0
768 17580 29749 769 29208 640 5681 1 0 1 0 0 0 0 1 1 1 0 R 0
769 17602 21793 674 21826 643 4389 1 0 0 0 0 0 0 1 1 1 0 R 0
770 17624 20850 1127 20975 1007 3727 1 0 0 0 0 0 0 1 1 1 0 R 0
771 17650 25633 758 25755 627 3952 1 0 0 0 0 0 0 1 1 1 0 R 0
772 17681 29511 1600 29548 1582 5613 1 0 0 0 0 0 0 1 1 1 0 R 0
773 17703 20535 647 20561 624 3813 1 0 0 0 0 0 0 1 1 2 0 R 0
774 17723 19425 602 19437 573 4246 1 0 0 0 0 0 0 1 1 1 0 R 0
775 17748 24718 606 24754 571 4795 1 0 0 0 0 0 0 1 1 1 0 R 0
776 17769 19653 603 19687 569 4457 1 0 0 0 0 0 0 1 1 1 0 R 0
777 17789 19728 577 19762 546 4285 1 0 0 0 0 0 0 1 1 1 0 R 0
778 17811 21576 954 21609 929 5642 1 0 0 0 0 0 0 1 1 1 0 R 0
779 17834 21671 595 21700 563 3891 1 0 0 0 0 0 0 1 1 2 0 R 0
780 17864 29804 919 29831 899 11444 1 0 0 0 0 0 0 1 1 1 0 R 0
781 17894 29347 1435 29835 962 6236 1 0 0 0 0 0 0 1 1 1 0 R 0
782 17917 21448 580 21458 547 5728 1 0 0 0 0 0 0 1 1 1 0 R 0
783 17940 21955 993 21996 964 4184 1 0 0 0 0 0 0 1 1 1 0 R 0
784 17970 29445 1010 29469 994 6408 1 0 0 0 0 0 0 1 1 1 0 R 0
785 18000 28730 939 28822 835 5881 1 0 0 0 0 0 0 1 1 1 0 R 0
786 18022 21542 643 21568 617 4500 1 0 0 0 0 0 0 1 1 1 0 R 0
787 18048 25238 987 25273 955 3646 1 0 0 0 0 0 0 1 1 1 0 R 0
788 18077 27516 1042 27544 1026 4889 1 0 0 0 0 0 0 1 1 2 0 R 0
789 18098 20530 582 20545 552 4464 1 0 0 0 0 0 0 1 1 1 0 R 0
790 18120 21306 599 21343 567 5585 1 0 0 0 0 0 0 1 1 1 0 R 0
791 18143 22138 630 22169 597 4265 1 0 0 0 0 0 0 1 1 1 0 R 0
792 18171 27130 1512 27252 1504 7479 1 0 0 0 0 0 0 1 1 1 0 R 0
793 18199 27245 634 27165 606 7452 1 0 0 0 0 0 0 1 1 1 0 R 0
794 18220 20219 607 20249 575 4187 1 0 0 0 0 0 0 1 1 1 0 R 0
795 18246 25396 1732 25435 1838 7629 1 0 0 0 0 0 0 1 1 2 0 R 0
796 18276 28326 1092 28310 963 7457 1 0 0 0 0 0 0 1 1 1 0 R 0
797 18305 27329 630 27365 596 7337 1 0 0 0 0 0 0 1 1 1 0 R 0
798 18326 20685 593 20720 559 4466 1 0 0 0 0 0 0 1 1 1 0 R 0
799 18348 21654 615 21688 582 4759 1 0 0 0 0 0 0 1 1 1 0 R 0
800 18375 26099 905 26130 878 5491 1 0 0 0 0 0 0 1 1 1 0 R 0
801 18404 28198 632 28232 595 7520 1 0 0 0 0 0 0 1 1 1 0 R 0
802 18425 20335 586 20369 553 3761 1 0 0 0 0 0 0 1 1 1 0 R 0
803 18449 22831 605 22870 569 4306 1 0 0 0 0 0 0 1 1 2 0 R 0
804 18476 26424 982 26455 959 6182 1 0 0 0 0 0 0 1 1 2 0 R 0
805 18505 28738 594 28764 561 7814 1 0 0 0 0 0 0 1 1 1 0 R 0
806 18526 20304 616 20334 596 4262 1 0 0 0 0 0 0 1 1 1 0 R 0
807 18549 21967 601 21992 568 4332 1 0 0 0 0 0 0 1 1 1 0 R 0
808 18575 25096 1057 25128 1026 5054 1 0 0 0 0 0 0 1 1 1 0 R 0
809 18607 31567 604 31604 567 6469 1 0 0 0 0 0 0 1 1 1 0 R 0
810 18632 24404 1211 24150 1192 10179 1 0 1 0 0 1 0 1 1 2 0 R 0
811 18656 22662 1000 22691 970 3796 1 0 0 0 0 0 0 1 1 1 0 R 0
812 18685 27880 980 27904 956 7623 1 0 0 0 0 0 0 1 1 1 0 R 0
813 18716 30260 941 30287 921 7313 1 0 0 0 0 0 0 1 1 1 0 R 0
814 18739 21510 633 21534 597 4813 1 0 0 0 0 0 0 1 1 1 0 R 0
815 18763 23621 1121 23688 1072 4305 1 0 0 0 0 0 0 1 1 1 0 R 0
816 18806 41851 1305 41896 1271 7561 1 0 0 0 0 0 0 1 1 4 0 R 0
817 18829 21834 590 21845 564 7321 1 0 0 0 0 0 0 1 1 2 0 R 0
818 18850 20181 681 20219 642 3813 1 0 0 0 0 0 0 1 1 1 0 R 0
819 18877 26608 617 26635 586 4141 1 0 0 0 0 0 0 1 1 1 0 R 0
820 18907 29222 984 29255 958 7234 1 0 0 0 0 0 0 1 1 1 0 R 0
821 18930 21660 659 21709 608 5444 1 0 0 0 0 0 0 1 1 1 0 R 0
822 18950 19550 608 19595 557 3651 1 0 0 0 0 0 0 1 1 2 0 R 0
823 18977 26400 985 26435 963 5446 1 0 0 0 0 0 0 1 1 1 0 R 0
824 19006 28761 1093 28875 984 6197 1 0 0 0 0 0 0 1 1 1 0 R 0
825 19036 28905 610 28928 575 14130 1 0 0 0 0 0 0 1 1 1 0 R 0
826 19059 21996 980 22032 952 4322 1 0 0 0 0 0 0 1 1 1 0 R 0
827 19091 30624 2389 30793 2248 4550 1 0 0 0 0 0 0 1 1 2 0 S 0
828 19125 31698 641 31704 600 8213 1 0 0 0 0 0 0 1 1 1 0 R 0
829 19147 21176 984 21212 954 4812 1 0 0 0 0 0 0 1 1 1 0 R 0
830 19168 20623 1048 20660 1017 4184 1 0 0 0 0 0 0 1 1 2 0 R 0
831 19198 28366 1281 28400 1255 6273 1 0 0 0 0 0 0 1 1 1 0 R 0
832 19226 26605 772 26626 740 7341 1 0 0 0 0 0 0 1 1 0 0 R 0
833 19247 20742 587 20773 557 4643 1 0 0 0 0 1 0 1 1 1 0 R 0
834 19268 20846 593 20881 558 4175 1 0 0 0 0 0 0 1 1 2 0 R 0
835 19297 27590 1738 27623 1726 6533 1 0 0 0 0 0 0 1 1 1 0 R 0
836 19326 27264 602 27279 570 6515 1 0 0 0 0 0 0 1 1 1 0 R 0
837 19347 20745 625 20776 591 4669 1 0 0 0 0 0 0 1 1 1 0 R 0
838 19370 22102 608 22142 573 4110 1 0 0 0 0 0 0 1 1 1 0 R 0
839 19398 27667 1131 27802 999 5711 1 0 0 0 0 0 0 1 1 1 0 R 0
840 19431 31617 1215 30055 1165 14933 1 0 1 0 0 0 0 1 1 2 0 R 0
841 19452 19987 573 19987 548 4168 1 0 0 0 0 0 0 1 1 1 0 R 0
842 19473 20830 598 20867 565 3759 1 0 0 0 0 0 0 1 1 1 0 R 0
843 19500 26532 1530 26562 1522 5835 1 0 0 0 0 0 0 1 1 1 0 R 0
844 19530 27639 630 27651 595 7612 1 0 0 0 0 0 0 1 1 1 0 R 0
845 19551 20560 900 20593 876 4133 1 0 0 0 0 0 0 1 1 1 0 R 0
846 19574 22165 599 22189 633 3809 1 0 0 0 0 0 0 1 1 2 0 R 0
847 19597 22553 605 22524 571 4897 1 0 0 0 0 0 0 1 1 2 0 R 0
848 19619 21591 604 21626 571 4658 1 0 0 0 0 0 0 1 1 1 0 R 0
849 19643 23000 615 23031 581 4069 1 0 0 0 0 0 0 1 1 1 0 R 0
850 19666 22430 594 22009 559 4113 1 0 1 0 0 0 0 1 1 2 0 R 0
851 19689 22217 801 22310 723 5118 1 0 0 0 0 0 0 1 1 1 0 R 0
852 19716 26007 1366 26126 1256 4739 1 0 0 0 0 0 0 1 1 1 0 R 0
853 19745 28093 773 28104 745 7070 1 0 0 0 0 0 0 1 1 1 0 R 0
854 19766 20328 628 20354 599 4479 1 0 0 0 0 0 0 1 1 1 0 R 0
855 19798 30830 764 30864 734 9622 1 0 0 0 0 0 0 1 1 2 0 R 0
856 19827 28393 1023 28421 1003 5855 1 0 0 0 0 0 0 1 1 1 0 R 0
857 19852 24254 573 24270 550 7093 1 0 0 0 0 0 0 1 1 1 0 R 0
858 19872 19710 603 19736 572 3783 1 0 0 0 0 0 0 1 1 1 0 R 0
859 19895 22490 678 22580 592 5411 1 0 0 0 0 0 0 1 1 1 0 R 0
860 19924 28387 1140 28548 983 4470 1 0 0 0 0 0 0 1 1 2 0 R 0
861 19949 23670 610 23697 579 7797 1 0 0 0 0 0 0 1 1 1 0 R 0
862 19969 19206 569 19240 542 3810 1 0 0 0 0 0 0 1 1 1 0 R 0
863 19995 25134 997 25164 974 3924 1 0 0 0 0 0 0 1 1 1 0 R 0
864 20023 27365 898 27382 887 5810 1 0 0 0 0 0 0 1 1 1 0 R 0
865 20047 23451 750 23473 722 6632 1 0 0 0 0 0 0 1 1 1 0 R 0
866 20068 19837 724 19874 699 4160 1 0 0 0 0 0 0 1 1 2 0 R 0
867 20091 22185 1040 22204 1012 4261 1 0 0 0 0 0 0 1 1 1 0 R 0
868 20119 27311 986 27334 964 6034 1 0 0 0 0 0 0 1 1 1 0 R 0
869 20150 29875 1127 29908 1650 5971 1 0 0 0 0 0 0 1 1 1 0 R 0
870 20179 27869 799 27367 754 11462 1 0 0 0 0 0 0 1 1 2 0 R 0
871 20212 32510 1135 32635 1000 5290 1 0 0 0 0 0 0 1 1 4 0 R 0
872 20242 28735 1218 28757 1207 7868 1 0 0 0 0 0 0 1 1 2 0 R 0
873 20265 21323 582 21337 558 4265 1 0 0 0 0 0 0 1 1 1 0 R 0
874 20285 19407 1588 19433 1566 3810 1 0 0 0 0 0 0 1 1 1 0 R 0
875 20312 25455 1060 25476 1046 4249 1 0 0 0 0 0 0 1 1 1 0 R 0
876 20342 29154 1213 29165 1225 7432 1 0 0 0 0 0 0 1 1 1 0 R 0
877 20365 21363 595 21360 566 4241 1 0 0 0 0 0 0 1 1 1 0 R 0
878 20385 19283 586 19313 556 3776 1 0 0 0 0 0 0 1 1 1 0 R 0
879 20413 27438 595 27468 567 5920 1 0 0 0 0 0 0 1 1 1 0 R 0
880 20442 29061 1262 29121 1216 7407 1 0 0 0 0 0 0 1 1 2 0 R 0
881 20465 21694 635 21713 602 5551 1 0 0 0 0 0 0 1 1 1 0 R 0
882 20486 20497 575 20526 553 4135 1 0 0 0 0 0 0 1 1 1 0 R 0
883 20513 26194 788 26219 757 5954 1 0 0 0 0 0 0 1 1 1 0 R 0
884 20541 27115 2057 27240 1956 5224 1 0 0 0 0 0 0 1 1 1 0 R 0
885 20569 25554 604 25566 574 11869 1 0 0 0 0 0 0 1 1 1 0 R 0
886 20589 19339 598 19375 565 4273 1 0 0 0 0 0 0 1 1 1 0 R 0
887 20618 28628 605 27946 571 5916 1 0 1 0 0 0 0 1 1 1 0 R 0
888 20647 28160 1966 28619 1556 7156 1 0 0 0 0 0 0 1 1 1 0 R 0
889 20674 25149 857 25127 836 6492 1 0 0 0 0 0 0 1 1 2 0 R 0
890 20694 19546 1442 19570 1528 3776 1 0 0 0 0 0 0 1 1 1 0 R 0
891 20722 26636 1418 26824 1245 5002 1 0 0 0 0 0 0 1 1 1 0 R 0
892 20753 29323 1096 29239 1064 6986 1 0 0 0 0 0 0 1 1 1 0 R 0
893 20775 21332 618 21351 590 3786 1 0 0 0 0 0 0 1 1 2 0 R 0
894 20795 18938 571 18967 544 4362 1 0 0 0 0 0 0 1 1 1 0 R 0
895 20823 27272 635 27309 601 4812 1 0 0 0 0 0 0 1 1 1 0 R 0
896 20855 31151 1359 31175 1432 8090 1 0 0 0 0 0 0 1 1 2 0 R 0
897 20880 23870 580 23804 549 7814 1 0 0 0 0 0 0 1 1 1 0 R 0
898 20904 23195 597 23226 569 3847 1 0 0 0 0 0 0 1 1 1 0 R 0
899 20933 28461 1101 28581 989 5085 1 0 0 0 0 0 0 1 1 1 0 R 0
900 20969 35279 943 35381 926 14069 1 0 0 0 0 0 0 1 1 2 0 R 0
901 20991 21097 899 21036 872 3919 1 0 0 0 0 0 0 1 1 1 0 R 0
902 21013 20594 905 20706 785 3766 1 0 0 0 0 0 0 1 1 1 0 R 0
903 21040 26304 613 26347 573 7453 1 0 0 0 0 0 0 1 1 1 0 R 0
904 21060 20039 574 20074 540 3846 1 0 0 0 0 0 0 1 1 1 0 R 0
905 21084 22727 822 22761 796 4089 1 0 0 0 0 0 0 1 1 1 0 R 0
906 21104 19481 1624 19503 1602 3747 1 0 0 0 0 0 0 1 1 1 0 R 0
907 21132 26528 854 26554 823 4194 1 0 0 0 0 0 0 1 1 2 0 R 0
908 21160 27344 906 27382 1521 5789 1 0 0 0 0 0 0 1 1 1 0 R 0
909 21185 23826 587 23208 556 4150 1 0 0 0 0 0 0 1 1 1 0 R 0
910 21206 20025 579 20059 546 4161 1 0 0 0 0 0 0 1 1 1 0 R 0
911 21234 27618 1029 27749 899 5186 1 0 0 0 0 0 0 1 1 2 0 R 0
912 21266 30854 2122 30988 2010 6059 1 0 0 0 0 1 0 1 1 1 0 R 0
913 21289 20755 737 20796 682 4504 1 0 0 0 0 0 0 1 1 1 0 R 0
914 21309 19224 1555 19276 1516 4153 1 0 0 0 0 0 0 1 1 1 0 R 0
915 21340 29852 1037 29871 1002 10790 1 0 0 0 0 0 0 1 1 1 0 R 0
916 21371 29530 1341 29589 1329 7929 1 0 0 0 0 0 0 1 1 1 0 R 0
917 21392 20248 576 20226 556 3971 1 0 0 0 0 0 0 1 1 1 0 R 0
918 21414 21123 1243 21247 1122 4184 1 0 0 0 0 0 0 1 1 1 0 R 0
919 21440 24581 892 24619 852 3819 1 0 0 0 0 0 0 1 1 2 0 R 0
920 21471 30571 1468 30602 1453 8009 1 0 0 0 0 0 0 1 1 1 0 R 0
921 21496 23409 637 23428 607 7667 1 0 0 0 0 0 0 1 1 1 0 R 0
922 21518 21468 602 21503 568 4294 1 0 0 0 0 0 0 1 1 1 0 R 0
923 21543 24048 579 24073 555 4887 1 0 0 0 0 0 0 1 1 1 0 R 0
924 21572 29069 869 29090 853 8138 1 0 0 0 0 0 0 1 1 1 0 R 0
925 21595 21359 593 21386 561 3887 1 0 0 0 0 0 0 1 1 1 0 R 0
926 21615 19841 569 19870 543 4267 1 0 0 0 0 1 0 1 1 2 0 R 0
927 21643 27211 963 27245 947 4605 1 0 0 0 0 0 0 1 1 1 0 R 0
928 21675 31256 1154 30036 1144 9469 1 0 1 0 0 0 0 1 1 1 0 R 0
929 21697 20655 594 20666 563 4668 1 0 0 0 0 0 0 1 1 1 0 R 0
930 21720 22887 1929 22925 1907 8362 1 0 0 0 0 0 0 1 1 2 0 R 0
931 21749 26184 996 26200 970 4370 1 0 0 0 0 0 0 1 1 1 0 R 0
932 21776 26799 1020 26848 970 6151 1 0 0 0 0 0 0 1 1 1 0 R 0
933 21798 20633 596 20659 564 4729 1 0 0 0 0 0 0 1 1 1 0 R 0
934 21819 20300 596 20334 562 4229 1 0 0 0 0 0 0 1 1 1 0 R 0
935 21846 26822 951 26863 915 4371 1 0 0 0 0 0 0 1 1 2 0 R 0
936 21877 29818 1164 29987 1008 7173 1 0 0 0 0 0 0 1 1 1 0 R 0
937 21900 21793 598 21811 566 4215 1 0 0 0 0 0 0 1 1 1 0 R 0
938 21920 19060 594 19098 558 4192 1 0 0 0 0 0 0 1 1 1 0 R 0
939 21946 25610 1045 25645 1017 5114 1 0 0 0 0 0 0 1 1 1 0 R 0
940 21975 28049 1007 28073 988 5919 1 0 0 0 0 0 0 1 1 2 0 R 0
941 21999 23373 632 23394 604 7198 1 0 0 0 0 0 0 1 1 1 0 R 0
942 22020 19944 571 19975 542 3777 1 0 0 0 0 0 0 1 1 1 0 R 0
943 22045 24819 601 24848 572 4893 1 0 0 0 0 0 0 1 1 1 0 R 0
944 22076 30330 1001 30358 974 6307 1 0 0 0 0 0 0 1 1 2 0 R 0
945 22107 30028 925 30096 860 14347 1 0 0 0 0 0 0 1 1 1 0 R 0
946 22127 19258 577 19292 543 4191 1 0 0 0 0 0 0 1 1 1 0 R 0
947 22155 27142 1002 27176 972 3936 1 0 0 0 0 0 0 1 1 1 0 R 0
948 22180 23917 2101 24038 2025 7436 1 0 0 0 0 0 0 1 1 1 0 R 0
949 22208 25530 676 25521 637 6272 1 0 0 0 0 0 0 1 1 1 0 R 0
950 22228 19765 585 19801 555 4392 1 0 0 0 0 0 0 1 1 1 0 R 0
951 22256 26870 598 26905 561 4554 1 0 0 0 0 0 0 1 1 1 0 R 0
952 22280 24019 987 24092 944 6841 1 0 0 0 0 0 0 1 1 2 0 R 0
953 22304 23068 797 23070 770 3836 1 0 0 0 0 0 0 1 1 1 0 R 0
954 22325 19419 618 19468 565 3699 1 0 0 0 0 0 0 1 1 1 0 R 0
955 22351 25764 1590 25891 1478 3818 1 0 0 0 0 0 0 1 1 1 0 R 0
956 22381 28326 1665 28452 1549 4853 1 0 0 0 0 0 0 1 1 1 0 R 0
957 22406 23677 596 23691 561 8072 1 0 0 0 0 0 0 1 1 1 0 R 0
958 22426 19528 575 19560 545 4202 1 0 0 0 0 0 0 1 1 2 0 R 0
959 22453 25969 1092 26094 978 4233 1 0 0 0 0 0 0 1 1 1 0 R 0
960 22487 32719 1004 32746 971 12819 1 0 0 0 0 0 0 1 1 1 0 R 0
961 22510 22797 596 22833 561 6955 1 0 0 0 0 0 0 1 1 2 0 R 0
962 22530 18840 620 18872 587 4004 1 0 0 0 0 0 0 1 1 1 0 R 0
963 22556 25101 991 25137 960 4282 1 0 0 0 0 0 0 1 1 1 0 R 0
964 22586 29747 965 29774 941 5245 1 0 0 0 0 0 0 1 1 1 0 R 0
965 22616 28995 581 28690 555 7491 1 0 1 0 0 0 0 1 1 1 0 R 0
966 22636 19369 590 19394 568 4503 1 0 0 0 0 0 0 1 1 1 0 R 0
967 22663 26403 950 26685 669 6034 1 0 0 0 0 0 0 1 1 2 0 R 0
968 22693 28982 962 29005 937 6182 1 0 0 0 0 0 0 1 1 1 0 R 0
969 22718 23418 607 23452 576 7288 1 0 0 0 0 0 0 1 1 1 0 R 0
970 22737 19291 572 19319 543 4179 1 0 0 0 0 0 0 1 1 1 0 R 0
971 22767 28534 587 28567 554 5698 1 0 0 0 0 0 0 1 1 1 0 R 0
972 22796 29299 1106 29425 990 6198 1 0 0 0 0 0 0 1 1 1 0 R 0
973 22820 22444 600 22468 569 6402 1 0 0 0 0 0 0 1 1 2 0 R 0
974 22839 18831 592 18866 558 3780 1 0 0 0 0 0 0 1 1 1 0 R 0
975 22871 31009 1178 31041 1171 12361 1 0 0 0 0 0 0 1 1 1 0 R 0
976 22901 28591 1647 28686 1638 7803 1 0 0 0 0 0 0 1 1 1 0 R 0
977 22925 22036 596 21957 562 4288 1 0 0 0 0 0 0 1 1 1 0 R 0
978 22945 19926 583 19962 551 4324 1 0 0 0 0 0 0 1 1 2 0 R 0
979 22973 27145 619 27177 587 4980 1 0 0 0 0 0 0 1 1 1 0 R 0
980 23003 29937 976 30062 854 6978 1 0 0 0 0 0 0 1 1 1 0 R 0
981 23029 24312 645 24349 607 7730 1 0 0 0 0 0 0 1 1 1 0 R 0
982 23048 18959 578 18991 553 4290 1 0 0 0 0 0 0 1 1 1 0 R 0
983 23076 27208 1166 27240 1144 4030 1 0 0 0 0 0 0 1 1 1 0 R 0
984 23107 30123 980 30236 959 7460 1 0 0 0 0 0 0 1 1 1 0 R 0
985 23129 20879 602 20809 569 4740 1 0 0 0 0 0 0 1 1 1 0 R 0
986 23149 19336 642 19398 581 3656 1 0 0 0 0 0 0 1 1 2 0 R 0
987 23177 27237 598 27270 567 5494 1 0 0 0 0 0 0 1 1 1 0 R 0
988 23207 29426 998 29553 871 5885 1 0 0 0 0 0 0 1 1 1 0 R 0
989 23233 25261 588 25295 558 7529 1 0 0 0 0 0 0 1 1 1 0 R 0
990 23258 24582 899 24650 842 8064 1 0 0 0 0 0 0 1 1 1 0 R 0
991 23290 30235 751 18926 733 18749 1 0 3 0 1 0 0 0 0 2 0 R 0
992 23306 15938 570 14381 536 2228 1 0 0 0 0 0 0 0 0 0 1 R 0
993 23347 40661 2604 20470 951 26376 1 2 7 0 1 0 0 0 0 3 0 R 1
994 23369 18983 589 19000 554 4206 1 0 0 0 0 0 0 0 0 1 1 R 0
995 23388 18271 732 18330 686 3124 1 0 0 0 0 0 0 0 0 1 1 R 0
996 23409 19926 566 19948 531 4242 1 0 0 0 0 0 0 0 0 2 1 R 0
997 23430 21099 592 19809 558 6329 1 0 4 0 0 0 0 0 0 1 1 R 0
998 23451 19826 631 19860 925 3739 1 0 0 0 0 0 0 0 0 1 1 R 0
999 23473 21717 550 20179 523 3889 1 0 1 0 0 0 0 0 0 1 1 R 0
1000 23496 22398 577 21335 542 3098 1 0 4 0 0 0 0 0 0 2 1 R 0
1001 23515 18374 685 18420 642 3765 1 0 0 0 0 0 0 0 0 2 1 R 0
1002 23534 18324 775 18399 705 3452 1 0 0 0 0 0 0 0 0 2 1 R 0
1003 23558 23395 593 22251 565 5132 1 0 4 0 0 0 0 0 0 1 1 R 0
1004 23578 19019 580 19044 550 3978 1 0 0 0 0 0 0 0 0 1 1 R 0
1005 23601 22684 983 22716 969 6715 1 0 0 0 0 0 0 0 0 2 1 R 0
1006 23619 17343 698 17390 642 3243 1 0 0 0 0 0 0 0 0 2 1 R 0
1007 23644 24207 564 23064 537 4221 1 0 4 0 0 0 0 0 0 1 1 R 0
1008 23666 21057 592 20591 559 3881 1 0 1 0 0 0 0 0 0 1 1 R 0
1009 23688 21614 573 20612 546 5537 1 0 1 0 0 0 0 0 0 2 1 R 0
1010 23709 20205 728 19430 679 5398 1 0 4 0 0 0 0 0 0 1 1 R 0
1011 23728 18195 757 18230 727 3207 1 0 0 0 0 0 0 0 0 2 1 R 0
1012 23748 19814 933 19878 874 4658 1 0 0 0 0 0 0 0 0 2 1 R 0
1013 23771 21589 1030 20300 1005 4297 1 0 4 0 0 0 0 0 0 1 1 R 0
1014 23791 18761 1436 18840 1381 3440 1 0 0 0 0 0 0 0 0 2 1 R 0
1015 23810 17930 2008 17940 1998 3143 1 0 0 0 0 1 0 0 0 1 1 R 0
1016 23831 18955 1416 19015 1341 3774 1 0 0 0 2 0 0 0 0 1 1 R 0
1017 23854 21537 579 19902 551 3799 1 0 2 0 0 0 0 0 0 1 1 R 0
1018 23876 21042 565 20249 539 3824 1 0 1 0 0 0 0 0 0 2 1 R 0
1019 23896 20138 595 20169 562 4220 1 0 0 0 0 1 0 0 0 1 1 R 0
1020 23921 23812 585 22969 557 8537 1 0 4 0 0 0 0 0 0 2 1 R 0
1021 23940 18646 639 18690 600 3055 1 0 0 0 0 0 0 0 0 1 1 R 0
1022 23960 19834 577 19861 551 3760 1 0 0 0 0 0 0 0 0 1 1 R 0
1023 23984 22898 625 21216 599 3755 1 0 5 0 0 0 0 0 0 2 1 R 0
1024 24003 18301 763 18327 717 3112 1 0 0 0 0 0 0 0 0 1 1 R 0
1025 24022 18774 848 18834 793 3247 1 0 0 0 0 0 0 0 0 2 1 R 0
1026 24041 17925 3924 17976 3203 3269 1 0 0 0 4 0 0 0 0 1 1 R 0
1027 24065 19803 577 19353 552 3788 1 0 0 0 0 0 0 0 0 1 1 R 0
1028 24087 21454 573 20332 541 3719 1 0 1 0 0 0 0 0 0 2 1 R 0
1029 24106 18890 789 18954 728 3430 1 0 0 0 0 0 0 0 0 1 1 R 0
1030 24128 20824 698 19953 660 4734 1 0 4 0 0 0 0 0 0 2 1 R 0
1031 24147 17887 743 17938 691 3678 1 0 0 0 0 0 0 0 0 2 1 R 0
1032 24168 21081 630 21108 599 5465 1 0 0 0 0 0 0 0 0 1 1 R 0
1033 24191 21969 1015 20680 989 4263 1 0 4 0 0 0 0 0 0 2 1 R 0
1034 24209 17392 709 17452 637 3181 1 0 0 0 0 0 0 0 0 1 1 R 0
1035 24233 23335 813 23426 736 6030 1 0 0 0 0 0 0 0 0 2 1 R 0
1036 24256 21332 656 20616 636 3294 1 0 4 0 0 0 0 0 0 1 1 R 0
1037 24278 21538 569 20738 541 4310 1 0 1 0 0 0 0 0 0 2 1 R 0
1038 24298 19587 635 19628 594 4147 1 0 0 0 0 0 0 0 0 1 1 R 0
1039 24318 19459 738 19509 705 4038 1 0 0 0 0 0 0 0 0 2 1 R 0
1040 24338 19693 712 18704 665 5326 1 0 4 0 0 0 0 0 0 2 1 R 0
1041 24358 18878 700 18915 659 3089 1 0 0 0 0 0 0 0 0 1 1 R 0
1042 24379 20262 625 20288 591 4590 1 0 0 0 0 0 0 0 0 2 1 R 0
1043 24402 22612 573 21174 551 3217 1 0 4 0 0 0 0 0 0 1 1 R 0
1044 24420 17510 684 17555 640 3730 1 0 0 0 0 0 0 0 0 2 1 R 0
1045 24439 18295 942 18362 878 3254 1 0 0 0 0 0 0 0 0 1 1 R 0
1046 24459 19090 723 19149 662 4127 1 0 0 0 0 0 0 0 0 2 1 R 0
1047 24486 25497 752 23351 687 4271 1 0 5 0 0 0 0 0 0 2 1 R 0
1048 24505 18832 569 18855 539 4296 1 0 0 0 0 0 0 0 0 1 1 R 0
1049 24525 19408 777 19455 750 3554 1 0 0 0 0 0 0 0 0 1 1 R 0
1050 24550 23866 610 22665 594 11120 1 0 4 0 0 0 0 0 0 1 1 R 0
1051 24570 19526 756 19599 674 3136 1 0 0 0 0 0 0 0 0 2 1 R 0
1052 24590 19141 577 19164 549 3884 1 0 0 0 0 0 0 0 0 1 1 R 0
1053 24614 23563 583 22056 554 3562 1 0 5 0 0 0 0 0 0 2 1 R 0
1054 24632 17865 707 17908 675 3211 1 0 0 0 0 0 0 0 0 2 1 R 0
1055 24653 19519 792 19603 706 4079 1 0 0 0 0 0 0 0 0 1 1 R 0
1056 24675 21852 582 21108 556 3861 1 0 4 0 0 0 0 0 0 1 1 R 0
1057 24697 21611 655 20611 625 4217 1 0 1 0 0 0 0 0 0 2 1 R 0
1058 24719 20459 746 20231 701 4965 1 0 1 0 0 0 0 0 0 1 1 R 0
1059 24739 19254 725 18856 684 3418 1 0 1 0 0 0 0 0 0 2 1 R 0
1060 24763 23845 583 22224 555 5546 1 0 4 0 0 0 0 0 0 2 1 R 0
1061 24783 19486 608 19526 582 3790 1 0 0 0 0 0 0 0 0 1 1 R 0
1062 24803 19268 560 19285 529 3830 1 0 0 0 0 0 0 0 0 1 1 R 0
1063 24826 22244 592 21128 556 3139 1 0 4 0 0 0 0 0 0 1 1 R 0
1064 24844 17233 730 17301 672 3185 1 0 0 0 0 0 0 0 0 2 1 R 0
1065 24867 22963 705 23038 631 7446 1 0 0 0 0 0 0 0 0 2 1 R 0
1066 24890 22373 606 19765 574 4351 1 0 5 0 0 0 0 0 0 2 1 R 0
1067 24910 19415 554 19442 529 3172 1 0 0 0 0 0 0 0 0 1 1 R 0
1068 24929 17913 723 17969 674 3285 1 0 0 0 0 0 0 0 0 1 1 R 0
1069 24948 18242 763 18318 682 3233 1 0 0 0 0 0 0 0 0 2 1 R 0
1070 24971 21840 591 21020 563 7041 1 0 4 0 0 0 0 0 0 1 1 R 0
1071 24991 19984 957 20016 939 3782 1 0 0 0 0 0 0 0 0 1 1 R 0
1072 25010 18383 663 18469 564 3660 1 0 0 0 0 0 0 0 0 1 1 R 0
1073 25034 22489 634 21421 601 3160 1 0 4 0 0 0 0 0 0 2 1 R 0
1074 25051 16729 1382 16806 1321 3221 1 0 0 0 0 0 0 0 0 3 1 R 0
1075 25071 18803 1412 18838 1455 4214 1 0 0 0 0 0 0 0 0 1 1 R 0
1076 25097 24251 582 22351 549 4192 1 0 5 0 0 0 0 0 0 2 1 R 0
1077 25117 19670 568 19696 540 3938 1 0 0 0 0 0 0 0 0 1 1 R 0
1078 25136 18715 1229 18807 1149 4098 1 0 0 0 0 0 0 0 0 2 1 R 0
1079 25155 17798 879 17865 819 3566 1 0 0 0 0 0 0 0 0 1 1 R 0
1080 25180 24230 596 23202 564 9569 1 0 4 0 0 0 0 0 0 3 1 R 0
1081 25201 20103 1059 20136 1034 3809 1 0 0 0 0 0 0 0 0 1 1 R 0
1082 25220 18153 897 18203 852 3784 1 0 0 0 0 0 0 0 0 0 1 R 0
1083 25244 23169 593 21539 565 3709 1 0 4 0 0 0 0 0 0 3 1 R 0
1084 25264 18799 569 18821 544 3729 1 0 0 0 0 0 0 0 0 1 1 R 0
1085 25285 21071 575 19474 543 3312 1 0 1 0 0 0 0 0 0 1 1 R 0
1086 25308 21718 606 21014 573 4302 1 0 4 0 0 0 0 0 0 1 1 R 0
1087 25327 18277 750 18374 664 3822 1 0 0 0 0 0 0 0 0 2 1 R 0
1088 25345 17592 674 17643 621 3450 1 0 0 0 0 0 0 0 0 2 1 R 0
1089 25365 19621 686 19670 644 4628 1 0 0 0 0 0 0 0 0 2 1 R 0
1090 25388 21611 599 20540 567 6171 1 0 4 0 0 0 0 0 0 1 1 R 0
1091 25408 19654 569 19687 534 4291 1 0 0 0 0 0 0 0 0 1 1 R 0
1092 25428 19802 581 19836 548 4180 1 0 0 0 0 0 0 0 0 1 1 R 0
1093 25450 21428 710 20046 650 3603 1 0 4 0 0 0 0 0 0 2 1 R 0
1094 25467 16473 743 16569 646 3195 1 0 0 0 0 0 0 0 0 2 1 R 0
1095 25494 26053 588 24509 556 8632 1 0 1 0 0 0 0 0 0 1 1 R 0
1096 25516 21414 626 20440 598 3743 1 0 4 0 0 0 0 0 0 2 1 R 0
1097 25535 18104 712 18152 655 3822 1 0 0 0 0 0 0 0 0 1 1 R 0
1098 25554 18310 743 18382 674 3230 1 0 0 0 0 0 0 0 0 1 1 R 0
1099 25574 18931 781 19000 726 3627 1 0 0 0 0 0 0 0 0 3 1 R 0
1100 25597 22650 608 21530 571 4134 1 0 4 0 0 0 0 0 0 1 1 R 0
1101 25618 19979 572 20012 542 4393 1 0 0 0 0 0 0 0 0 1 1 R 0
1102 25636 17325 780 17382 726 3493 1 0 0 0 0 0 0 0 0 2 1 R 0
1103 25658 21370 705 19768 664 4279 1 0 4 0 0 0 0 0 0 0 1 R 0
1104 25676 17853 871 17916 815 3756 1 0 0 0 0 0 0 0 0 2 1 R 0
1105 25700 22767 594 21820 558 4930 1 0 1 0 0 0 0 0 0 2 1 R 0
1106 25720 19291 588 19326 552 3828 1 0 0 0 0 0 0 0 0 1 1 R 0
1107 25743 22288 614 21429 602 5134 1 0 4 0 0 0 0 0 0 2 1 R 0
1108 25759 16146 548 16185 507 3157 1 0 0 0 0 0 0 0 0 1 1 R 0
1109 25781 21327 1208 21825 717 5463 1 0 0 0 0 0 0 0 0 2 1 R 0
1110 25811 28341 1779 27131 1380 13303 1 0 4 0 1 0 0 0 0 1 1 R 0
1111 25836 23653 819 23388 774 4906 1 0 1 0 0 0 0 0 0 2 1 R 0
1112 25857 19936 797 19632 765 4792 1 0 1 0 0 1 0 0 0 2 1 R 0
1113 25878 20560 748 19736 686 4953 1 0 4 0 0 0 0 0 0 1 1 R 0
1114 25901 21603 1085 20236 1064 3176 1 0 2 0 0 0 0 0 0 2 1 R 0
1115 25922 19876 701 19912 658 3881 1 0 0 0 0 0 0 0 0 1 1 R 0
1116 25943 20991 580 19989 545 3466 1 0 4 0 0 0 0 0 0 2 1 R 0
1117 25962 18448 1530 18517 1474 3044 1 0 0 0 0 1 0 0 0 1 1 R 0
1118 25981 17314 1320 17959 669 3395 1 0 0 0 0 0 0 0 0 2 1 R 0
1119 26005 22785 558 21848 538 4214 1 0 4 0 0 0 0 0 0 2 1 R 0
1120 26026 19821 575 19849 543 4291 1 0 0 0 0 0 0 0 0 1 1 R 0
1121 26046 19662 739 19696 716 4340 1 0 0 0 0 0 0 0 0 1 1 R 0
1122 26064 16950 774 17009 708 3655 1 0 0 0 0 0 0 0 0 2 1 R 0
1123 26090 25029 575 23046 549 6624 1 0 5 0 0 0 0 0 0 1 1 R 0
1124 26110 19420 558 19446 527 3431 1 0 0 0 0 0 0 0 0 2 1 R 0
1125 26133 22555 561 22586 537 7560 1 0 0 0 0 0 0 0 0 1 1 R 0
1126 26156 22698 583 21752 550 3363 1 0 4 0 0 0 0 0 0 1 1 R 0
1127 26174 17431 951 17492 902 3519 1 0 0 0 0 0 0 0 0 2 1 R 0
1128 26195 20571 707 20643 632 5023 1 0 0 0 0 0 0 0 0 2 1 R 0
1129 26219 22414 587 20960 553 4348 1 0 4 0 0 0 0 0 0 1 1 R 0
1130 26238 18989 605 19019 580 4038 1 0 0 0 0 0 0 0 0 1 1 R 0
1131 26258 18859 1079 18918 1025 3482 1 0 0 0 0 0 0 0 0 2 1 R 0
1132 26277 17971 654 18013 610 3636 1 0 0 0 0 0 0 0 0 2 1 R 0
1133 26301 23611 1306 21625 1263 6517 1 0 5 0 0 0 0 0 0 2 1 R 0
1134 26322 19593 542 19605 523 3798 1 0 0 0 0 0 0 0 0 1 1 R 0
1135 26343 21066 777 20772 761 3693 1 0 1 0 0 0 0 0 0 2 1 R 0
1136 26367 23087 582 21901 547 3545 1 0 4 0 0 0 0 0 0 1 1 R 0
1137 26386 18199 820 18246 783 3929 1 0 0 0 0 0 0 0 0 2 1 R 0
1138 26405 18531 694 18568 656 3922 1 0 0 0 0 0 0 0 0 2 1 R 0
1139 26429 23193 712 21761 637 4838 1 0 4 0 0 0 0 0 0 1 1 R 0
1140 26453 22753 726 22834 656 7190 1 0 0 0 0 0 0 0 0 2 1 R 0
1141 26471 17823 1312 18373 761 3125 1 0 0 0 0 0 0 0 0 1 1 R 0
1142 26495 22576 559 20792 541 3166 1 0 5 0 0 0 0 0 0 1 1 R 0
1143 26515 19484 885 19520 846 3192 1 0 0 0 0 0 0 0 0 2 1 R 0
1144 26536 19784 573 19810 544 4244 1 0 0 0 0 0 0 0 0 1 1 R 0
1145 26556 19271 576 19304 545 3979 1 0 0 0 0 0 0 0 0 1 1 R 0
1146 26577 20640 638 19592 610 4900 1 0 4 0 0 0 0 0 0 1 1 R 0
1147 26595 17593 700 17648 642 3490 1 0 0 0 0 0 0 0 0 2 1 R 0
1148 26618 21745 598 21368 566 5481 1 0 1 0 0 0 0 0 0 1 1 R 0
1149 26640 21883 607 20041 573 4354 1 0 4 0 0 0 0 0 0 2 1 R 0
1150 26659 17753 701 17795 661 3311 1 0 0 0 0 0 0 0 0 1 1 R 0
1151 26677 17994 694 18065 620 3086 1 0 0 0 0 0 0 0 0 2 1 R 0
1152 26699 20742 705 19503 663 4656 1 0 1 0 0 0 0 0 0 2 1 R 0
1153 26722 22451 555 21464 540 5911 1 0 4 0 0 0 0 0 0 1 1 R 0
1154 26742 19794 555 19815 530 3794 1 0 0 0 0 0 0 0 0 1 1 R 0
1155 26767 24283 589 24323 555 8106 1 0 0 0 0 0 0 0 0 2 1 R 0
1156 26788 20276 860 18810 804 6172 1 0 4 0 0 0 0 0 0 2 1 R 0
1157 26808 19616 714 19662 693 4180 1 0 0 0 0 0 0 0 0 1 1 R 0
1158 26828 18914 581 18927 552 4185 1 0 0 0 0 0 0 0 0 1 1 R 0
1159 26850 21184 593 20128 557 4207 1 0 4 0 0 0 0 0 0 2 1 R 0
1160 26869 18487 722 18564 654 3325 1 0 0 0 0 0 0 0 0 1 1 R 0
1161 26888 18065 746 18108 714 3256 1 0 0 0 0 0 0 0 0 2 1 R 0
1162 26908 19809 691 18714 635 5508 1 0 1 0 0 0 0 0 0 2 1 R 0
1163 26931 22083 980 21132 959 6604 1 0 4 0 0 0 0 0 0 1 1 R 0
1164 26951 18946 1029 18971 1009 3782 1 0 0 0 0 0 0 0 0 2 1 R 0
1165 26970 18203 698 18244 671 3524 1 0 0 0 0 0 0 0 0 1 1 R 0
1166 26994 22958 811 22158 731 3172 1 0 4 0 0 0 0 0 0 2 1 R 0
1167 27014 19486 597 19507 573 3292 1 0 0 0 0 0 0 0 0 1 1 R 0
1168 27034 19195 571 19226 547 3799 1 0 0 0 0 0 0 0 0 2 1 R 0
1169 27056 21953 571 20878 542 3939 1 0 4 0 0 0 0 0 0 1 1 R 0
1170 27080 23247 596 23287 563 6639 1 0 0 0 0 0 0 0 0 2 1 R 0
1171 27101 19912 1527 19008 1514 3118 1 0 1 0 0 0 0 0 0 2 1 R 0
1172 27123 21084 1392 20620 1082 3676 1 0 1 0 3 0 0 0 0 1 1 R 0
1173 27145 20235 600 19835 578 3783 1 0 0 0 0 0 0 0 0 1 1 R 0
1174 27166 20076 560 20103 532 3571 1 0 0 0 0 0 0 0 0 2 1 R 0
1175 27185 19001 690 19048 661 3969 1 0 0 0 0 0 0 0 0 1 1 R 0
1176 27207 20667 732 19598 683 3117 1 0 4 0 0 0 0 0 0 2 1 R 0
1177 27228 20496 574 20522 541 4318 1 0 0 0 0 0 0 0 0 2 1 R 0
1178 27247 18912 577 18949 544 4157 1 0 0 0 0 0 0 0 0 1 1 R 0
1179 27270 22430 687 20900 661 4026 1 0 4 0 0 0 0 0 0 1 1 R 0
1180 27289 18493 877 18552 817 3557 1 0 0 0 0 0 0 0 0 1 1 R 0
1181 27310 20003 935 19095 887 4416 1 0 1 0 0 0 0 0 0 2 1 R 0
1182 27331 19463 592 19487 562 3721 1 0 0 0 0 0 0 0 0 1 1 R 0
1183 27356 25110 590 22169 556 4280 1 0 5 0 0 0 0 0 0 1 1 R 0
1184 27375 18073 682 18123 649 3855 1 0 0 0 0 0 0 0 0 2 1 R 0
1185 27398 22707 650 22745 623 6358 1 0 0 0 0 0 0 0 0 2 1 R 0
1186 27419 20130 719 19288 680 5557 1 0 4 0 0 0 0 0 0 1 1 R 0
1187 27440 20031 599 20059 574 3794 1 0 0 0 0 0 0 0 0 2 1 R 0
1188 27460 19124 639 19170 591 3764 1 0 0 0 0 0 0 0 0 1 1 R 0
1189 27482 22119 638 21054 597 3021 1 0 4 0 0 0 0 0 0 2 1 R 0
1190 27503 19943 661 19023 602 3267 1 0 1 0 0 0 0 0 0 1 1 R 0
1191 27523 19405 695 19454 668 3198 1 0 0 0 0 0 0 0 0 2 1 R 0
1192 27545 21497 577 20710 550 3697 1 0 4 0 0 0 0 0 0 1 1 R 0
1193 27566 19685 563 19716 534 4231 1 0 0 0 0 0 0 0 0 1 1 R 0
1194 27584 18124 742 18180 696 3214 1 0 0 0 0 0 0 0 0 2 1 R 0
1195 27604 18560 819 18614 774 3305 1 0 0 0 0 0 0 0 0 2 1 R 0
1196 27626 21866 763 20755 691 3360 1 0 4 0 0 0 0 0 0 2 1 R 0
1197 27647 20166 574 20203 545 4176 1 0 0 0 0 0 0 0 0 1 1 R 0
1198 27668 20613 577 20109 544 5584 1 0 1 0 0 0 0 0 0 2 1 R 0
1199 27690 20904 854 19577 754 3572 1 0 4 0 0 0 0 0 0 1 1 R 0
1200 27714 23475 705 22504 672 7327 1 0 1 0 0 0 0 0 0 2 1 R 0
1201 27733 18169 745 18221 715 3168 1 0 0 0 0 0 0 0 0 2 1 R 0
1202 27757 22704 606 21953 560 4375 1 0 4 0 0 0 0 0 0 1 1 R 0
1203 27778 20522 586 20560 558 3840 1 0 0 0 0 0 0 0 0 1 1 R 0
1204 27797 18301 680 18344 658 3869 1 0 0 0 0 0 0 0 0 2 1 R 0
1205 27819 21445 594 21467 561 5145 1 0 0 0 0 1 0 0 0 1 1 R 0
1206 27841 21612 987 20629 973 6468 1 0 4 0 0 0 0 0 0 2 1 R 0
1207 27861 18966 890 18983 877 3784 1 0 0 0 0 0 0 0 0 1 1 R 0
1208 27882 20670 552 20680 530 3507 1 0 0 0 0 0 0 0 0 1 1 R 0
1209 27906 22837 585 20562 551 3628 1 0 5 0 0 0 0 0 0 2 1 R 0
1210 27925 18228 739 18295 706 3569 1 0 0 0 0 0 0 0 0 1 1 R 0
1211 27946 20473 580 20485 551 4315 1 0 0 0 0 0 0 0 0 2 1 R 0
1212 27969 22360 611 21485 552 4293 1 0 4 0 0 0 0 0 0 1 1 R 0
1213 27989 19150 570 19186 539 3978 1 0 0 0 0 0 0 0 0 1 1 R 0
1214 28007 17557 695 17620 656 3587 1 0 0 0 0 0 0 0 0 2 1 R 0
1215 28029 21515 954 21590 885 6612 1 0 0 0 0 0 0 0 0 2 1 R 0
1216 28056 26230 799 24910 780 3858 1 0 4 0 0 0 0 0 0 2 1 R 0
1217 28076 19345 716 19351 685 4424 1 0 0 0 0 0 0 0 0 2 1 R 0
1218 28095 17761 660 17811 621 3641 1 0 0 0 0 0 0 0 0 2 1 R 0
1219 28119 23356 583 21521 550 5392 1 0 5 0 0 0 0 0 0 1 1 R 0
1220 28137 18031 1450 18080 1443 3640 1 0 0 0 0 1 0 0 0 2 1 R 0
1221 28159 19810 617 19806 587 4241 1 0 0 0 0 0 0 0 0 1 1 R 0
1222 28180 21019 601 19646 573 4150 1 0 4 0 0 0 0 0 0 1 1 R 0
1223 28199 18034 726 18082 694 3074 1 0 0 0 0 0 0 0 0 2 1 R 0
1224 28217 17825 824 17892 763 3155 1 0 0 0 0 0 0 0 0 2 1 R 0
1225 28238 19591 696 19642 651 4706 1 0 0 0 0 0 0 0 0 1 1 R 0
1226 28260 21691 605 20699 573 6579 1 0 4 0 0 0 0 0 0 2 1 R 0
1227 28281 19894 640 19926 612 3704 1 0 0 0 0 0 0 0 0 1 1 R 0
1228 28299 17551 709 17621 658 3293 1 0 0 0 0 0 0 0 0 1 1 R 0
1229 28324 24664 615 21393 580 3069 1 0 5 0 0 0 0 0 0 3 1 R 0
1230 28347 22080 585 22122 555 6565 1 0 0 0 0 0 0 0 0 0 1 R 0
1231 28367 19407 592 19441 563 4254 1 0 0 0 0 0 0 0 0 1 1 R 0
1232 28390 22064 685 20658 646 4269 1 0 4 0 0 0 0 0 0 2 1 R 0
1233 28409 18541 703 18586 666 3082 1 0 0 0 0 0 0 0 0 1 1 R 0
1234 28427 17621 803 17654 761 3190 1 0 0 0 0 0 0 0 0 2 1 R 0
1235 28449 20770 575 20802 551 4861 1 0 0 0 0 0 0 0 0 2 1 R 0
1236 28470 21200 579 20277 548 6502 1 0 4 0 0 0 0 0 0 1 1 R 0
1237 28491 19517 672 19581 612 3816 1 0 0 0 0 0 0 0 0 1 1 R 0
1238 28511 19299 706 18305 657 3186 1 0 1 0 0 0 0 0 0 2 1 R 0
1239 28533 21914 817 21021 777 3174 1 0 4 0 0 0 0 0 0 2 1 R 0
1240 28553 18610 615 18664 577 3442 1 0 0 0 0 0 0 0 0 1 1 R 0
1241 28574 20701 568 20727 543 4301 1 0 0 0 0 0 0 0 0 1 1 R 0
1242 28596 21695 742 20646 718 3645 1 0 4 0 0 0 0 0 0 2 1 R 0
1243 28619 21612 590 20907 559 3777 1 0 1 0 0 0 0 0 0 2 1 R 0
1244 28637 17679 664 17740 614 3533 1 0 0 0 0 0 0 0 0 1 1 R 0
1245 28663 25280 1736 25310 1156 8817 1 0 1 0 3 0 0 0 0 2 1 R 0
1246 28684 19787 576 19457 547 3850 1 0 0 0 0 0 0 0 0 1 1 R 0
1247 28709 24092 602 22833 568 3895 1 0 1 0 0 0 0 0 0 1 1 R 0
1248 28727 17278 773 17380 681 3790 1 0 0 0 0 0 0 0 0 2 1 R 0
1249 28750 22723 944 21213 915 7651 1 0 4 0 0 0 0 0 0 2 1 R 0
1250 28771 19659 954 19677 936 3767 1 0 0 0 0 0 0 0 0 2 1 R 0
1251 28792 19973 553 19990 529 3805 1 0 0 0 0 0 0 0 0 1 1 R 0
1252 28815 22161 807 21340 711 3077 1 0 4 0 0 0 0 0 0 1 1 R 0
1253 28834 18468 681 18517 639 3109 1 0 0 0 0 0 0 0 0 2 1 R 0
1254 28853 18913 655 18963 608 3231 1 0 0 0 0 0 0 0 0 2 1 R 0
1255 28878 23556 592 22053 566 3997 1 0 4 0 0 0 0 0 0 1 1 R 0
1256 28897 19120 578 19151 549 4225 1 0 0 0 0 0 0 0 0 2 1 R 0
1257 28919 21129 564 20228 532 4094 1 0 1 0 0 0 0 0 0 2 1 R 0
1258 28937 17527 668 17585 631 3121 1 0 0 0 0 0 0 0 0 1 1 R 0
1259 28960 22627 596 21634 568 6790 1 0 4 0 0 0 0 0 0 1 1 R 0
1260 28984 22612 674 22650 657 7798 1 0 0 0 0 0 0 0 0 1 1 R 0
1261 29004 19535 637 19556 616 3575 1 0 0 0 0 0 0 0 0 3 1 R 0
1262 29027 22100 584 20892 555 3022 1 0 4 0 0 0 0 0 0 1 1 R 0
1263 29045 17874 690 17925 649 3601 1 0 0 0 0 0 0 0 0 2 1 R 0
1264 29067 21151 585 21179 554 5028 1 0 0 0 0 0 0 0 0 1 1 R 0
1265 29089 21825 633 20813 601 4262 1 0 4 0 0 0 0 0 0 1 1 R 0
1266 29111 21333 1025 20194 629 3525 1 0 1 0 0 0 0 0 0 2 1 R 0
1267 29131 18316 1343 18374 1298 3690 1 0 0 0 0 0 0 0 0 1 1 R 0
1268 29149 16933 687 16993 641 3190 1 0 0 0 0 0 0 0 0 1 1 R 0
1269 29174 24009 618 22434 589 5904 1 0 4 0 0 0 0 0 0 3 1 R 0
1270 29194 19431 598 19486 546 3798 1 0 0 0 0 0 0 0 0 0 1 R 0
1271 29214 19933 590 19967 564 3728 1 0 0 0 0 0 0 0 0 1 1 R 0
1272 29236 21418 679 20432 638 3780 1 0 4 0 0 0 0 0 0 3 1 R 0
1273 29255 18325 687 18367 656 3607 1 0 0 0 0 0 0 0 0 1 1 R 0
1274 29275 18830 773 18858 736 3684 1 0 0 0 0 0 0 0 0 2 1 R 0
1275 29301 25806 1031 24614 608 8123 1 0 4 0 0 0 0 0 0 1 1 R 0
1276 29323 20493 632 19538 596 4586 1 0 1 0 0 0 0 0 0 1 1 R 0
1277 29341 17524 1336 17568 1309 3078 1 0 0 0 0 0 0 0 0 2 1 R 0
1278 29360 17330 677 17368 639 3355 1 0 0 0 0 0 0 0 0 1 1 R 0
1279 29385 24537 709 22702 683 4079 1 0 4 0 0 0 0 0 0 2 1 R 0
1280 29405 19039 578 19065 549 3789 1 0 0 0 0 0 0 0 0 1 1 R 0
1281 29424 18468 689 18517 652 3064 1 0 0 0 0 0 0 0 0 1 1 R 0
1282 29447 22465 566 21408 534 3507 1 0 4 0 0 0 0 0 0 2 1 R 0
1283 29465 17689 757 17737 732 3552 1 0 0 0 0 0 0 0 0 2 1 R 0
1284 29487 20697 609 20711 580 5121 1 0 0 0 0 0 0 0 0 1 1 R 0
1285 29510 22848 692 20968 668 4359 1 0 5 0 0 0 0 0 0 1 1 R 0
1286 29528 17526 705 17575 669 3165 1 0 0 0 0 0 0 0 0 2 1 R 0
1287 29548 18636 809 18677 775 3957 1 0 0 0 0 0 0 0 0 1 1 R 0
1288 29567 18833 720 18888 662 4175 1 0 0 0 0 0 0 0 0 2 1 R 0
1289 29591 22774 598 21648 569 7096 1 0 4 0 0 0 0 0 0 2 1 R 0
1290 29614 22475 872 22529 830 7447 1 0 0 0 0 0 0 0 0 1 1 R 0
1291 29634 19004 672 19043 632 3397 1 0 0 0 0 0 0 0 0 1 1 R 0
1292 29657 22251 839 20800 800 3094 1 0 5 0 0 0 0 0 0 2 1 R 0
1293 29677 19466 659 19574 552 3556 1 0 0 0 0 0 0 0 0 1 1 R 0
1294 29696 18914 582 18951 551 4298 1 0 0 0 0 0 0 0 0 1 1 R 0
1295 29722 24881 549 21695 529 4241 1 0 5 0 0 0 0 0 0 2 1 R 0
1296 29742 19619 547 19645 524 3758 1 0 0 0 0 0 0 0 0 1 1 R 0
1297 29762 19307 555 19332 533 3733 1 0 0 0 0 0 0 0 0 1 1 R 0
1298 29783 20246 1498 20281 871 3932 1 0 1 0 2 1 0 0 0 1 1 R 0
1299 29805 20655 587 20225 551 3846 1 0 1 0 0 0 0 0 0 1 1 R 0
1300 29825 19163 576 19200 542 3304 1 0 0 0 0 0 0 0 0 3 1 R 0
1301 29845 19685 879 19751 828 3143 1 0 0 0 0 0 0 0 0 1 1 R 0
1302 29868 22433 564 21408 530 3174 1 0 4 0 0 0 0 0 0 2 1 R 0
1303 29888 19663 571 19700 540 4296 1 0 0 0 0 0 0 0 0 1 1 R 0
1304 29908 19392 572 19430 541 4223 1 0 0 0 0 0 0 0 0 1 1 R 0
1305 29936 27088 627 23956 596 7208 1 0 5 0 0 0 0 0 0 2 1 R 0
1306 29954 16956 1167 17025 1094 3540 1 0 0 0 0 0 0 0 0 2 1 R 0
1307 29975 19711 700 19765 655 4849 1 0 0 0 0 0 0 0 0 2 1 R 0
1308 29998 22449 578 21751 549 4871 1 0 4 0 0 0 0 0 0 1 1 R 0
1309 30018 19821 566 19848 540 4289 1 0 0 0 0 0 0 0 0 1 1 R 0
1310 30036 17617 682 17660 659 3696 1 0 0 0 0 0 0 0 0 2 1 R 0
1311 30056 19059 736 19127 680 4113 1 0 0 0 0 0 0 0 0 2 1 R 0
1312 30077 19781 711 18799 657 5158 1 0 4 0 0 0 0 0 0 0 1 R 0
1313 30098 20344 615 20377 583 4310 1 0 0 0 0 0 0 0 0 3 1 R 0
1314 30119 20707 581 19439 550 4380 1 0 1 0 0 0 0 0 0 1 1 R 0
1315 30141 21214 597 19842 565 3904 1 0 4 0 0 0 0 0 0 1 1 R 0
1316 30158 17132 767 17206 695 3125 1 0 0 0 0 0 0 0 0 1 1 R 0
1317 30178 19134 725 19194 675 4852 1 0 0 0 0 0 0 0 0 2 1 R 0
1318 30199 20011 578 20044 544 4893 1 0 0 0 0 0 0 0 0 2 1 R 0
1319 30222 22392 557 21442 539 5965 1 0 4 0 0 0 0 0 0 1 1 R 0
1320 30244 21454 571 21483 541 6364 1 0 0 0 0 0 0 0 0 1 1 R 0
1321 30263 18442 780 18510 729 3301 1 0 0 0 0 0 0 0 0 2 1 R 0
1322 30287 23182 783 22153 761 3170 1 0 4 0 0 0 0 0 0 2 1 R 0
1323 30308 20168 770 19801 733 5180 1 0 1 0 0 0 0 0 0 1 1 R 0
1324 30329 20315 580 19323 551 5572 1 0 1 0 0 0 0 0 0 1 1 R 0
1325 30352 22110 754 20445 736 3300 1 0 4 0 0 0 0 0 0 2 1 R 0
1326 30370 17065 659 17099 625 3199 1 0 0 0 0 0 0 0 0 2 1 R 0
1327 30388 18219 769 18290 701 3184 1 0 0 0 0 0 0 0 0 2 1 R 0
1328 30410 20551 574 20580 543 4609 1 0 0 0 0 0 0 0 0 1 1 R 0
1329 30438 27763 4286 23464 779 6015 1 0 7 0 0 0 0 0 0 2 0 S 1
1330 30475 32491 2034 19662 628 6175 1 0 6 0 0 0 0 0 0 1 0 R 1
1331 30502 25406 716 19310 677 8228 1 0 5 0 0 0 0 0 0 1 1 R 0
1332 30526 22670 589 21134 555 5093 1 0 1 0 0 0 0 0 0 1 1 R 0
1333 30546 19916 580 19956 544 4238 1 0 0 0 0 0 0 0 0 3 1 R 0
1334 30568 21180 737 20137 707 4837 1 0 4 0 0 0 0 0 0 0 1 R 0
1335 30590 21291 651 21330 614 6517 1 0 0 0 0 0 0 0 0 2 1 R 0
1336 30610 19036 621 19063 587 3744 1 0 0 0 0 0 0 0 0 1 1 R 0
1337 30634 23447 579 21651 550 4109 1 0 5 0 0 0 0 0 0 2 1 R 0
1338 30653 18844 680 18898 649 3053 1 0 0 0 0 0 0 0 0 1 1 R 0
1339 30672 18413 767 18438 735 3022 1 0 0 0 0 0 0 0 0 2 1 R 0
1340 30691 17856 3283 17907 2192 3907 1 0 0 0 2 0 0 0 0 1 1 R 0
1341 30716 21324 585 20743 556 4766 1 0 2 0 0 0 0 0 0 1 1 R 0
1342 30737 20587 588 19432 555 4258 1 0 1 0 0 0 0 0 0 1 1 R 0
1343 30757 19517 856 19630 758 5117 1 0 0 0 0 0 0 0 0 2 1 R 0
1344 30778 20349 713 19327 673 5997 1 0 4 0 0 0 0 0 0 2 1 R 0
1345 30798 19694 732 19751 688 3915 1 0 0 0 0 0 0 0 0 2 1 R 0
1346 30819 20175 618 20201 587 3763 1 0 0 0 0 0 0 0 0 1 1 R 0
1347 30842 22307 573 21370 540 3900 1 0 4 0 0 0 0 0 0 1 1 R 0
1348 30861 17728 1548 17833 1462 3331 1 0 0 0 0 0 0 0 0 3 1 R 0
1349 30880 17589 791 17628 744 3108 1 0 0 0 0 0 0 0 0 1 1 R 0
1350 30906 25384 588 24243 561 6421 1 0 4 0 0 0 0 0 0 2 1 R 0
1351 30927 21012 622 19571 588 4300 1 0 1 0 0 0 0 0 0 1 1 R 0
1352 30949 20426 652 20103 621 4923 1 0 1 0 0 0 0 0 0 1 1 R 0
1353 30968 18514 699 18576 648 3416 1 0 0 0 0 0 0 0 0 2 1 R 0
1354 30988 20073 712 19279 671 5376 1 0 4 0 0 0 0 0 0 2 1 R 0
1355 31009 19872 806 19960 722 3604 1 0 0 0 0 0 0 0 0 1 1 R 0
1356 31029 18993 581 19021 551 3731 1 0 0 0 0 0 0 0 0 2 1 R 0
1357 31052 22840 563 21224 535 4349 1 0 4 0 0 0 0 0 0 0 1 R 0
1358 31071 17900 1252 17940 1248 3184 1 0 0 0 0 0 0 0 0 3 1 R 0
1359 31089 17511 649 17527 623 3322 1 0 0 0 0 0 0 0 0 0 1 R 0
1360 31110 19536 716 19569 684 4072 1 0 0 0 0 0 0 0 0 2 1 R 0
1361 31134 23351 601 21012 576 8330 1 0 5 0 0 0 0 0 0 1 1 R 0
1362 31153 19069 571 19103 542 3580 1 0 0 0 0 0 0 0 0 1 1 R 0
1363 31174 19751 861 19897 734 3055 1 0 0 0 0 0 0 0 0 2 1 R 0
1364 31199 24234 711 22893 668 3800 1 0 4 0 0 0 0 0 0 2 1 R 0
1365 31222 22860 571 22874 545 8437 1 0 0 0 0 0 0 0 0 1 1 R 0
1366 31243 19540 557 19572 530 3737 1 0 0 0 0 0 0 0 0 3 1 R 0
1367 31266 22450 583 21486 555 3762 1 0 4 0 0 0 0 0 0 1 1 R 0
1368 31284 17916 639 17958 603 3046 1 0 0 0 0 0 0 0 0 2 1 R 0
1369 31304 18992 637 19030 597 3684 1 0 0 0 0 0 0 0 0 2 1 R 0
1370 31327 22643 581 19536 554 3583 1 0 4 0 0 0 0 0 0 1 1 R 0
1371 31348 20006 654 20037 619 4224 1 0 0 0 0 0 0 0 0 1 1 R 0
1372 31368 19467 589 19510 552 4121 1 0 0 0 0 0 0 0 0 2 1 R 0
1373 31387 18515 841 18611 758 3507 1 0 0 0 0 0 0 0 0 2 1 R 0
1374 31408 20436 708 19383 664 5150 1 0 4 0 0 0 0 0 0 0 1 R 0
1375 31429 19939 588 19975 555 4166 1 0 0 0 0 0 0 0 0 1 1 R 0
1376 31448 19107 716 19162 683 4194 1 0 0 0 0 0 0 0 0 1 1 R 0
1377 31473 24028 587 22162 555 4237 1 0 4 0 0 0 0 0 0 2 1 R 0
1378 31490 16382 765 16446 713 3084 1 0 0 0 0 0 0 0 0 2 1 R 0
1379 31511 20046 1416 20102 1375 4995 1 0 0 0 0 0 0 0 0 3 1 R 0
1380 31539 26612 598 24653 566 6312 1 0 5 0 0 0 0 0 0 1 1 R 0
1381 31559 19836 572 19865 545 3893 1 0 0 0 0 0 0 0 0 1 1 R 0
1382 31579 18898 696 18948 653 3419 1 0 0 0 0 0 0 0 0 1 1 R 0
1383 31597 17197 796 17274 733 3175 1 0 0 0 0 0 0 0 0 2 1 R 0
1384 31620 22570 589 20883 561 7840 1 0 4 0 0 0 0 0 0 2 1 R 0
1385 31641 20001 589 20036 558 3872 1 0 0 0 0 0 0 0 0 1 1 R 0
1386 31662 20557 637 20093 597 3736 1 0 1 0 0 0 0 0 0 2 1 R 0
1387 31685 22450 765 21357 731 3183 1 0 4 0 0 0 0 0 0 1 1 R 0
1388 31704 18239 703 18283 668 3263 1 0 0 0 0 0 0 0 0 2 1 R 0
1389 31726 21389 590 20258 558 3065 1 0 1 0 0 0 0 0 0 1 1 R 0
1390 31748 21520 595 20566 560 4320 1 0 4 0 0 0 0 0 0 1 1 R 0
1391 31770 20927 572 20960 542 3820 1 0 0 0 0 1 0 0 0 2 1 R 0
1392 31788 18212 723 18293 659 3317 1 0 0 0 0 0 0 0 0 2 1 R 0
1393 31807 18142 547 18169 513 3167 1 0 0 0 0 0 0 0 0 1 1 R 0
1394 31833 25235 593 22365 575 10221 1 0 4 0 0 0 0 0 0 2 1 R 0
1395 31856 22692 581 22719 553 8956 1 0 0 0 0 0 0 0 0 1 1 R 0
1396 31877 19784 688 19816 659 4229 1 0 0 0 0 0 0 0 0 2 1 R 0
1397 31899 21405 586 20563 556 5246 1 0 4 0 0 0 0 0 0 1 1 R 0
1398 31917 17973 661 18020 615 3154 1 0 0 0 0 0 0 0 0 2 1 R 0
1399 31940 22014 814 20993 734 4382 1 0 1 0 0 0 0 0 0 2 1 R 0
1400 31962 21604 586 20421 556 3785 1 0 4 0 0 0 0 0 0 1 1 R 0
1401 31982 18970 772 19039 717 3376 1 0 0 0 0 0 0 0 0 1 1 R 0
1402 32000 17477 680 17522 643 3199 1 0 0 0 0 0 0 0 0 3 1 R 0
1403 32019 18244 687 18296 640 3565 1 0 0 0 0 0 0 0 0 2 1 R 0
1404 32044 23691 574 21889 541 4201 1 0 4 0 0 0 0 0 0 1 1 R 0
1405 32064 19534 622 19568 595 3850 1 0 0 0 0 0 0 0 0 1 1 R 0
1406 32085 20790 570 20826 537 3387 1 0 0 0 0 0 0 0 0 2 1 R 0
1407 32108 21955 581 21105 546 3137 1 0 4 0 0 0 0 0 0 1 1 R 0
1408 32125 16974 818 17076 725 3726 1 0 0 0 1 0 0 0 0 2 1 R 0
1409 32149 22545 594 21199 563 4158 1 0 0 0 0 0 0 0 0 1 1 R 0
1410 32174 24940 625 23606 592 8351 1 0 4 0 0 0 0 0 0 2 1 R 0
1411 32193 18583 701 18634 660 3080 1 0 0 0 0 0 0 0 0 1 1 R 0
1412 32212 17989 754 18037 721 3081 1 0 0 0 0 0 0 0 0 2 1 R 0
1413 32235 22106 883 21284 717 3965 1 0 3 0 1 0 0 0 0 1 1 R 0
1414 32255 19378 694 19444 615 4313 1 0 0 0 0 0 0 0 0 1 1 R 0
1415 32276 20132 570 20172 536 4401 1 0 0 0 0 0 0 0 0 2 1 R 0
1416 32294 17943 678 17989 645 3585 1 0 0 0 0 0 0 0 0 1 1 R 0
1417 32317 21760 749 20787 664 3240 1 0 4 0 0 0 0 0 0 2 1 R 0
1418 32338 20057 704 19120 660 3812 1 0 1 0 0 0 0 0 0 1 1 R 0
1419 32359 20262 590 20297 555 4265 1 0 0 0 0 0 0 0 0 2 1 R 0
1420 32381 21459 1109 19936 1087 4168 1 0 4 0 0 0 0 0 0 1 1 R 0
1421 32400 18548 921 18600 1505 3182 1 0 0 0 0 0 0 0 0 1 1 R 0
1422 32419 17901 844 17316 801 3210 1 0 0 0 0 0 0 0 0 2 1 R 0
1423 32439 19370 686 19409 659 3173 1 0 0 0 0 0 0 0 0 1 1 R 0
1424 32463 23022 577 21985 549 6352 1 0 4 0 0 0 0 0 0 1 1 R 0
1425 32486 22594 639 22645 608 7202 1 0 0 0 0 0 0 0 0 2 1 R 0
1426 32505 18377 873 18412 846 3538 1 0 0 0 0 0 0 0 0 2 1 R 0
1427 32527 21166 952 20157 869 3161 1 0 4 0 0 0 0 0 0 1 1 R 0
1428 32549 21159 569 19483 543 3864 1 0 1 0 0 0 0 0 0 2 1 R 0
1429 32570 19584 589 19624 557 3809 1 0 0 0 0 0 0 0 0 1 1 R 0
1430 32592 22248 654 20825 612 3380 1 0 4 0 0 0 0 0 0 1 1 R 0
1431 32613 19812 1350 19883 781 3705 1 0 1 0 0 0 0 0 0 2 1 R 0
1432 32633 18590 727 18627 672 3063 1 0 0 0 0 0 0 0 0 2 1 R 0
1433 32656 22612 584 21919 553 4316 1 0 4 0 0 0 0 0 0 1 1 R 0
1434 32676 19677 589 19712 565 4245 1 0 0 0 0 0 0 0 0 1 1 R 0
1435 32697 19852 578 19882 544 4408 1 0 0 0 0 0 0 0 0 1 1 R 0
1436 32716 18397 696 18459 665 3781 1 0 0 0 0 0 0 0 0 2 1 R 0
1437 32739 22358 583 19372 560 4722 1 0 5 0 0 0 0 0 0 2 1 R 0
1438 32759 19059 578 19090 546 3762 1 0 0 0 0 0 0 0 0 1 1 R 0
1439 32779 19829 726 19878 686 4156 1 0 0 0 0 0 0 0 0 1 1 R 0
1440 32807 26876 628 25128 569 7829 1 0 4 0 0 0 0 0 0 2 1 R 0
1441 32824 17249 922 17357 824 3537 1 0 0 0 0 0 0 0 0 1 1 R 0
1442 32845 19637 692 19682 664 5745 1 0 0 0 0 0 0 0 0 3 1 R 0
1443 32869 22996 581 21732 549 4467 1 0 4 0 0 0 0 0 0 1 1 R 0
1444 32888 18943 645 18990 601 4219 1 0 0 0 0 0 0 0 0 1 1 R 0
1445 32907 18033 730 18096 680 3610 1 0 0 0 0 0 0 0 0 2 1 R 0
1446 32926 17911 763 18010 674 3739 1 0 0 0 0 0 0 0 0 1 1 R 0
1447 32950 23354 611 21370 592 7592 1 0 4 0 0 0 0 0 0 2 1 R 0
1448 32970 19420 581 19443 551 3785 1 0 0 0 0 0 0 0 0 1 1 R 0
1449 32990 19551 588 19588 556 3826 1 0 0 0 0 0 0 0 0 2 1 R 0
1450 33011 20563 1573 19608 1541 3231 1 0 4 0 0 0 0 0 0 2 1 R 0
1451 33030 17247 785 17303 722 3160 1 0 0 0 0 0 0 0 0 1 1 R 0
1452 33050 19440 712 19480 670 4104 1 0 0 0 0 0 0 0 0 2 1 R 0
1453 33071 20486 1067 20512 1053 3823 1 0 0 0 2 0 0 0 0 0 1 R 0
1454 33094 21269 571 19733 539 3918 1 0 2 0 0 0 0 0 0 1 1 R 0
1455 33117 22430 651 22467 628 6625 1 0 0 0 0 0 0 0 0 3 1 R 0
1456 33136 18961 640 17608 611 3626 1 0 1 0 0 0 0 0 0 2 1 R 0
1457 33159 21912 654 21039 608 4289 1 0 4 0 0 0 0 0 0 1 1 R 0
1458 33179 19276 553 19305 524 4395 1 0 0 0 0 0 0 0 0 1 1 R 0
1459 33199 19604 571 19637 550 4231 1 0 0 0 0 0 0 0 0 2 1 R 0
1460 33220 20367 820 18986 772 3615 1 0 4 0 0 0 0 0 0 0 1 R 0
1461 33239 18006 681 18056 641 3059 1 0 0 0 0 0 0 0 0 2 1 R 0
1462 33259 19371 721 19419 680 3754 1 0 0 0 0 0 0 0 0 2 1 R 0
1463 33279 19986 565 20005 534 3758 1 0 0 0 0 0 0 0 0 1 1 R 0
1464 33302 22389 685 21429 630 5999 1 0 4 0 0 0 0 0 0 1 1 R 0
1465 33321 17845 1518 17914 1462 3001 1 0 0 0 0 0 0 0 0 2 1 R 0
1466 33342 19964 673 18980 624 3152 1 0 1 0 0 0 0 0 0 2 1 R 0
1467 33365 21721 1007 20787 944 3389 1 0 4 0 0 0 0 0 0 1 1 R 0
1468 33385 19019 573 19007 542 4288 1 0 0 0 0 0 0 0 0 2 1 R 0
1469 33406 20381 728 20433 696 3801 1 0 0 0 0 0 0 0 0 2 1 R 0
1470 33430 23335 597 21947 560 6576 1 0 4 0 0 0 0 0 0 1 1 R 0
1471 33448 17629 960 17700 900 3199 1 0 0 0 0 0 0 0 0 2 1 R 0
1472 33469 20521 582 20547 551 5288 1 0 0 0 0 0 0 0 0 0 1 R 0
1473 33490 19702 562 19740 530 3910 1 0 0 0 0 0 0 0 0 2 1 R 0
1474 33513 22322 553 21175 529 3978 1 0 4 0 0 0 0 0 0 1 1 R 0
1475 33531 18080 1265 18648 698 3620 1 0 0 0 0 0 0 0 0 2 1 R 0
1476 33553 20366 745 19455 713 4426 1 0 1 0 0 0 0 0 0 2 1 R 0
1477 33576 22393 604 21214 571 3826 1 0 4 0 0 0 0 0 0 1 1 R 0
1478 33596 19206 584 19238 554 4306 1 0 0 0 0 0 0 0 0 1 1 R 0
1479 33616 19965 644 20020 602 4239 1 0 0 0 0 0 0 0 0 2 1 R 0
1480 33638 21007 747 19874 706 4009 1 0 4 0 0 0 0 0 0 1 1 R 0
1481 33658 19597 709 19220 669 3692 1 0 1 0 0 0 0 0 0 2 1 R 0
1482 33679 20004 583 20036 552 3854 1 0 0 0 0 0 0 0 0 1 1 R 0
1483 33700 20026 664 20063 634 3838 1 0 0 0 0 0 0 0 0 1 1 R 0
1484 33724 23647 671 22602 621 6179 1 0 4 0 0 0 0 0 0 2 1 R 0
1485 33750 24911 828 23586 770 7730 1 0 1 0 0 0 0 0 0 1 1 R 0
1486 33769 18430 831 18492 775 3100 1 0 0 0 0 0 0 0 0 2 1 R 0
1487 33793 23081 570 21661 536 3853 1 0 4 0 0 0 0 0 0 1 1 R 0
1488 33811 17864 1505 17938 1449 3782 1 0 0 0 0 0 0 0 0 1 1 R 0
1489 33831 17821 1200 17861 1172 3131 1 0 0 0 0 0 0 0 0 2 1 R 0
1490 33854 22049 803 21167 765 3197 1 0 4 0 0 0 0 0 0 1 1 R 0
1491 33874 19678 808 19697 786 3141 1 0 0 0 0 0 0 0 0 2 1 R 0
1492 33895 19733 595 19773 561 3732 1 0 0 0 0 0 0 0 0 1 1 R 0
1493 33917 21804 657 20672 616 3781 1 0 4 0 0 0 0 0 0 1 1 R 0
1494 33937 18937 697 18993 644 3824 1 0 0 0 0 0 0 0 0 1 1 R 0
1495 33957 19276 658 18179 629 3577 1 0 1 0 0 0 0 0 0 2 1 R 0
1496 33978 20565 564 20586 534 3970 1 0 0 0 0 0 0 0 0 3 1 R 0
1497 34000 21044 591 19870 562 6275 1 0 4 0 0 0 0 0 0 1 1 R 0
1498 34020 19858 575 19893 543 3548 1 0 0 0 0 0 0 0 0 0 1 R 0
1499 34039 18492 756 18555 707 3153 1 0 0 0 0 0 0 0 0 2 1 R 0
