# swapstamp frames 1500 skip 300 peer 517
# f t_ms gap_us swap_us crend_us cswap_us clr_us nclr vcs_r ivcs_r vcs_s ivcs_s minf majf cpu0 cpu1 pticks pcpu pstate ctr
0 0 20641 545 20669 513 7486 1 0 0 0 0 0 0 0 0 0 1 R 0
1 21 21239 1302 19890 1225 4328 1 0 2 0 0 0 0 0 0 2 1 R 0
2 40 17504 688 17548 636 3106 1 0 0 0 0 0 0 0 0 2 1 R 0
3 63 22239 527 21354 502 5758 1 0 4 0 0 0 0 0 0 1 1 R 0
4 82 18554 919 18589 890 3991 1 0 0 0 0 0 0 0 0 1 1 R 0
5 101 18394 745 18487 650 3711 1 0 0 0 0 0 0 0 0 1 1 R 0
6 122 19472 1422 18465 1391 3133 1 0 4 0 0 0 0 0 0 2 1 R 0
7 140 17341 670 17380 633 3157 1 0 0 0 0 0 0 0 0 2 1 R 0
8 160 18469 713 18523 658 3650 1 0 0 0 0 0 0 0 0 1 1 R 0
9 182 21460 1950 21478 1486 4564 1 0 0 0 2 0 0 0 0 2 1 R 0
10 204 19885 568 18477 533 3468 1 0 2 0 0 0 0 0 0 2 1 R 0
11 225 20569 941 19438 893 3013 1 0 1 0 0 0 0 0 0 1 1 R 0
12 243 17576 674 17625 637 3141 1 0 0 0 0 0 0 0 0 2 1 R 0
13 266 21917 933 21026 871 3678 1 0 4 0 0 0 0 0 0 1 1 R 0
14 287 19837 541 19866 509 4348 1 0 0 0 0 0 0 0 0 2 1 R 0
15 310 22550 558 22594 517 7345 1 0 0 0 0 0 0 0 0 1 1 R 0
16 330 19758 673 18615 656 3631 1 0 4 0 0 0 0 0 0 2 1 R 0
17 351 20798 705 20813 668 4063 1 0 0 0 0 0 0 0 0 1 1 R 0
18 372 19386 530 19414 497 3813 1 0 0 0 0 0 0 0 0 1 1 R 0
19 391 19236 535 19274 503 3852 1 0 0 0 0 0 0 0 0 1 1 R 0
20 416 23845 532 21218 490 4412 1 0 5 0 0 0 0 0 0 1 1 R 0
21 434 17668 729 17706 708 3317 1 0 0 0 0 0 0 0 0 3 1 R 0
22 454 19047 657 19091 620 3682 1 0 0 0 0 0 0 0 0 1 1 R 0
23 477 22183 529 21132 499 3235 1 0 4 0 0 0 0 0 0 2 1 R 0
24 496 18979 772 19010 748 4245 1 0 0 0 0 0 0 0 0 1 1 R 0
25 517 19977 822 20003 795 4149 1 0 0 0 0 0 0 0 0 2 1 R 0
26 539 21279 599 20087 576 4034 1 0 4 0 0 0 0 0 0 1 1 R 0
27 557 17939 640 17977 619 3520 1 0 0 0 0 0 0 0 0 1 1 R 0
28 577 19042 715 19090 671 4153 1 0 0 0 0 0 0 0 0 2 1 R 0
29 598 20084 542 20097 512 4511 1 0 0 0 0 0 0 0 0 1 1 R 0
30 625 26895 553 24706 527 12686 1 0 5 0 0 0 0 0 0 2 1 R 0
31 644 18011 638 18039 620 3155 1 0 0 0 0 0 0 0 0 1 1 R 0
32 665 20331 542 20346 514 4179 1 0 0 0 0 0 0 0 0 2 1 R 0
33 687 21563 545 20337 508 3308 1 0 4 0 0 0 0 0 0 1 1 R 0
34 707 19383 515 19415 483 4425 1 0 0 0 0 0 0 0 0 1 1 R 0
35 727 19346 567 19381 531 4031 1 0 0 0 0 0 0 0 0 1 1 R 0
36 748 20466 1023 19300 984 3491 1 0 4 0 0 0 0 0 0 2 1 R 0
37 766 17527 800 17562 769 3666 1 0 0 0 0 0 0 0 0 2 1 R 0
38 787 20195 713 20255 652 4222 1 0 0 0 0 0 0 0 0 1 1 R 0
39 808 19702 582 19743 540 4348 1 0 0 0 0 0 0 0 0 1 1 R 0
40 831 22571 538 20155 502 6094 1 0 5 0 0 0 0 0 0 2 1 R 0
41 849 17730 688 17792 626 3309 1 0 0 0 0 0 0 0 0 1 1 R 0
42 868 18133 950 18194 892 3242 1 0 0 0 0 0 0 0 0 2 1 R 0
43 892 22624 542 21534 511 4359 1 0 4 0 0 0 0 0 0 2 1 R 0
44 911 18652 545 18684 511 3818 1 0 0 0 0 0 0 0 0 1 1 R 0
45 938 26671 551 23001 514 9617 1 0 2 0 0 0 0 0 0 2 1 R 0
46 962 23658 998 20785 542 4271 1 0 5 0 0 0 0 0 0 1 1 R 0
47 984 20996 658 20420 600 4025 1 0 1 0 0 0 0 0 0 1 1 R 0
48 1004 19495 583 19530 552 3777 1 0 0 0 0 0 0 0 0 1 1 R 0
49 1029 24269 502 21649 478 3571 1 0 5 0 0 0 0 0 0 1 1 R 0
50 1046 16636 709 16686 669 3711 1 0 0 0 0 0 0 0 0 2 1 R 0
51 1067 20059 654 20085 624 6148 1 0 0 0 0 0 0 0 0 2 1 R 0
52 1089 21698 521 21726 484 4899 1 0 0 0 0 0 0 0 0 1 1 R 0
53 1111 21387 530 20298 484 6727 1 0 4 0 0 0 0 0 0 1 1 R 0
54 1132 19888 972 19925 947 3738 1 0 0 0 0 0 0 0 0 2 1 R 0
55 1150 17305 666 17342 632 3221 1 0 0 0 0 0 0 0 0 2 1 R 0
56 1171 20741 708 19714 671 3336 1 0 4 0 0 0 0 0 0 2 1 R 0
57 1191 18495 706 18524 671 3180 1 0 0 0 0 0 0 0 0 1 1 R 0
58 1211 19434 532 19457 498 3782 1 0 0 0 1 0 0 0 0 1 1 R 0
59 1233 21748 1966 20192 1233 3636 1 0 1 0 3 0 0 0 0 2 1 R 0
60 1257 21539 588 21509 486 6429 1 0 0 0 0 0 0 0 0 1 1 R 0
61 1274 17018 875 17070 828 3220 1 0 0 0 0 0 0 0 0 2 1 R 0
62 1297 21931 538 21959 506 5813 1 0 0 0 0 1 0 0 0 1 1 R 0
63 1319 21841 662 20752 616 5338 1 0 4 0 0 0 0 0 0 1 1 R 0
64 1339 18832 543 18871 510 4223 1 0 0 0 0 0 0 0 0 1 1 R 0
65 1357 17786 657 17841 619 3503 1 0 0 0 0 0 0 0 0 2 1 R 0
66 1380 22109 667 20661 629 4506 1 0 4 0 0 0 0 0 0 2 1 R 0
67 1400 19711 544 19735 512 4058 1 0 0 0 0 0 0 0 0 1 1 R 0
68 1421 20456 549 19282 512 3759 1 0 1 0 0 0 0 0 0 2 1 R 0
69 1441 19088 539 19118 506 3786 1 0 0 0 0 0 0 0 0 1 1 R 0
70 1462 20249 1469 19230 1455 3871 1 0 4 0 0 0 0 0 0 2 1 R 0
71 1481 17579 677 17590 646 3343 1 0 0 0 0 0 0 0 0 1 1 R 0
72 1500 18544 849 18600 808 3756 1 0 0 0 0 0 0 0 0 2 1 R 0
73 1523 22476 526 21222 500 3840 1 0 4 0 0 0 0 0 0 1 1 R 0
74 1543 19443 522 19476 487 3814 1 0 0 0 0 0 0 0 0 1 1 R 0
75 1565 21493 781 21541 762 6609 1 0 0 0 0 0 0 0 0 1 1 R 0
76 1588 21422 669 20157 651 3325 1 0 4 0 0 0 0 0 0 3 1 R 0
77 1608 19517 539 19528 507 4579 1 0 0 0 0 0 0 0 0 1 1 R 0
78 1629 20683 579 19684 547 5605 1 0 1 0 0 0 0 0 0 1 1 R 0
79 1650 20856 754 20905 726 5180 1 0 0 0 0 0 0 0 0 2 1 R 0
80 1672 20928 1668 19877 1611 3811 1 0 4 0 0 0 0 0 0 2 1 R 0
81 1691 17430 729 17470 689 2991 1 0 0 0 0 0 0 0 0 1 1 R 0
82 1712 20018 1135 20080 1079 4152 1 0 0 0 0 0 0 0 0 1 1 R 0
83 1735 21797 674 20111 641 4098 1 0 4 0 0 0 0 0 0 1 1 R 0
84 1754 18225 672 18254 640 3466 1 0 0 0 0 0 0 0 0 2 1 R 0
85 1772 17542 1454 17591 1416 3041 1 0 0 0 0 0 0 0 0 2 1 R 0
86 1791 17656 667 17683 633 3688 1 0 0 0 0 0 0 0 0 2 1 R 0
87 1817 25407 507 22864 495 4596 1 0 5 0 0 1 0 0 0 1 1 R 0
88 1838 20212 532 20241 499 4342 1 0 0 0 0 0 0 0 0 1 1 R 0
89 1857 18523 734 18578 686 3922 1 0 0 0 0 0 0 0 0 2 1 R 0
90 1882 24086 955 22917 934 10622 1 0 4 0 0 0 0 0 0 1 1 R 0
91 1902 18920 1085 18945 1070 4124 1 0 0 0 0 0 0 0 0 1 1 R 0
92 1921 18623 606 18633 576 3761 1 0 0 0 0 0 0 0 0 1 1 R 0
93 1944 22287 1233 20740 1225 3838 1 0 4 0 0 1 0 0 0 2 1 R 0
94 1962 16131 1013 16158 980 3131 1 0 0 0 0 0 0 0 0 1 1 R 0
95 1986 23330 805 23372 774 6107 1 0 0 0 0 0 0 0 0 2 1 R 0
96 2010 23388 546 21843 513 5341 1 0 4 0 0 0 0 0 0 1 1 R 0
97 2034 23436 531 22126 499 6257 1 0 2 0 0 0 0 0 0 1 1 R 0
98 2056 21412 512 21451 482 3904 1 0 0 0 0 0 0 0 0 2 1 R 0
99 2080 23031 510 21182 485 3667 1 0 4 0 0 0 0 0 0 1 1 R 0
100 2098 17520 659 17560 647 3850 1 0 0 0 0 0 0 0 0 2 1 R 0
101 2120 21226 539 21228 506 5362 1 0 0 0 0 0 0 0 0 1 1 R 0
102 2139 19054 549 19095 512 4298 1 0 0 0 0 0 0 0 0 1 1 R 0
103 2161 21508 534 20449 501 6263 1 0 4 0 0 0 0 0 0 2 1 R 0
104 2178 16577 563 16624 524 3156 1 0 0 0 0 0 0 0 0 1 1 R 0
105 2222 42828 928 23145 890 28703 1 2 5 0 0 0 0 0 0 3 1 R 0
106 2241 18818 529 18846 499 3781 1 0 0 0 0 0 0 0 0 1 1 R 0
107 2261 18887 531 18914 502 3525 1 0 0 0 0 0 0 0 0 1 1 R 0
108 2279 17117 781 17182 710 3130 1 0 0 0 0 0 0 0 0 2 1 R 0
109 2301 21197 738 19840 699 6660 1 0 4 0 0 0 0 0 0 2 1 R 0
110 2320 18688 735 18708 697 3067 1 0 0 0 0 0 0 0 0 1 1 R 0
111 2340 19681 542 19712 503 3788 1 0 0 0 0 0 0 0 0 1 1 R 0
112 2363 21995 518 20619 489 3855 1 0 4 0 0 0 0 0 0 2 1 R 0
113 2381 17355 673 17403 642 3149 1 0 0 0 0 0 0 0 0 2 1 R 0
114 2400 18483 663 18521 631 3498 1 0 0 0 0 0 0 0 0 0 1 R 0
115 2423 22674 2046 21361 1283 4328 1 0 2 0 3 0 0 0 0 2 1 R 0
116 2445 20143 721 19978 682 3776 1 0 0 0 0 0 0 0 0 1 1 R 0
117 2466 19376 769 19429 702 4148 1 0 0 0 0 0 0 0 0 1 1 R 0
118 2484 17392 662 17425 645 3236 1 0 0 0 0 0 0 0 0 2 1 R 0
119 2506 21642 843 20504 799 3075 1 0 4 0 0 0 0 0 0 2 1 R 0
120 2529 21884 531 21914 500 6670 1 0 0 0 0 0 0 0 0 2 1 R 0
121 2549 19430 542 19461 510 4533 1 0 0 0 0 0 0 0 0 1 1 R 0
122 2571 21691 523 19973 485 4071 1 0 4 0 0 0 0 0 0 1 1 R 0
123 2589 17851 687 17912 636 3061 1 0 0 0 0 0 0 0 0 2 1 R 0
124 2608 17980 740 18035 688 4211 1 0 0 0 0 0 0 0 0 1 1 R 0
125 2631 22215 553 20622 517 5184 1 0 1 0 0 0 0 0 0 2 1 R 0
126 2654 22003 941 20804 881 5402 1 0 4 0 0 0 0 0 0 1 1 R 0
127 2675 20600 704 20676 635 4502 1 0 0 0 0 0 0 0 0 1 1 R 0
128 2694 18343 771 18427 684 3318 1 0 0 0 0 0 0 0 0 2 1 R 0
129 2718 22642 527 21579 498 4088 1 0 4 0 0 0 0 0 0 2 1 R 0
130 2737 19416 539 19449 507 4295 1 0 0 0 0 0 0 0 0 1 1 R 0
131 2758 19870 545 19904 513 4400 1 0 0 0 0 0 0 0 0 1 1 R 0
132 2780 21348 525 19918 502 4113 1 0 4 0 0 0 0 0 0 1 1 R 0
133 2798 17486 748 17540 717 3732 1 0 0 0 0 0 0 0 0 2 1 R 0
134 2818 19569 944 19587 904 4718 1 0 0 0 0 0 0 0 0 2 1 R 0
135 2844 24493 2270 22931 1235 8587 1 0 2 0 3 0 0 0 0 1 1 R 0
136 2865 18878 537 18887 503 3738 1 0 0 0 0 0 0 0 0 1 1 R 0
137 2884 18320 749 18357 723 3326 1 0 0 0 0 0 0 0 0 2 1 R 0
138 2903 18759 690 18807 658 3095 1 0 0 0 0 0 0 0 0 1 1 R 0
139 2926 21990 532 20849 502 3223 1 0 4 0 0 0 0 0 0 2 1 R 0
140 2946 19506 560 19551 511 3844 1 0 0 0 0 0 0 0 0 1 1 R 0
141 2966 19292 583 19322 552 4092 1 0 0 0 0 0 0 0 0 1 1 R 0
142 2989 22797 595 21155 560 3668 1 0 5 0 0 0 0 0 0 3 1 R 0
143 3008 17959 747 18009 709 3589 1 0 0 0 0 0 0 0 0 1 1 R 0
144 3029 20881 537 19817 504 4293 1 0 1 0 0 0 0 0 0 2 1 R 0
145 3050 19791 540 19823 511 4478 1 0 0 0 0 0 0 0 0 1 1 R 0
146 3071 20736 753 19526 713 6331 1 0 4 0 0 0 0 0 0 1 1 R 0
147 3091 19560 541 19599 509 3875 1 0 0 0 0 0 0 0 0 0 1 R 0
148 3111 18962 537 18989 502 3391 1 0 0 0 0 0 0 0 0 2 1 R 0
149 3133 22116 571 21105 541 3811 1 0 4 0 0 0 0 0 0 1 1 R 0
150 3156 22171 547 22212 513 8159 1 0 0 0 0 0 0 0 0 1 1 R 0
151 3176 19369 541 19397 508 3340 1 0 0 0 0 0 0 0 0 2 1 R 0
152 3197 20756 1088 19406 1062 3114 1 0 4 0 0 0 0 0 0 1 1 R 0
153 3217 18246 693 18268 662 3669 1 0 0 0 0 0 0 0 0 2 1 R 0
154 3239 21650 541 20649 509 4439 1 0 1 0 0 0 0 0 0 1 1 R 0
155 3259 19368 544 19399 513 4324 1 0 0 0 0 0 0 0 0 1 1 R 0
156 3280 20948 551 20084 517 5748 1 0 4 0 0 0 0 0 0 2 1 R 0
157 3299 17740 694 17794 651 3233 1 0 0 0 0 0 0 0 0 2 1 R 0
158 3318 18559 980 18588 962 4418 1 0 0 0 0 0 0 0 0 2 1 R 0
159 3342 22830 536 20890 505 4107 1 0 4 0 0 0 0 0 0 1 1 R 0
160 3361 19121 544 19153 511 3800 1 0 0 0 0 0 0 0 0 2 1 R 0
161 3383 20980 512 21000 489 3105 1 0 0 0 0 0 0 0 0 1 1 R 0
162 3400 17080 714 17154 642 3077 1 0 0 0 0 0 0 0 0 2 1 R 0
163 3424 23251 2223 21818 990 3655 1 0 4 0 1 0 0 0 0 1 1 R 0
164 3444 17828 706 17874 654 2996 1 0 0 0 0 0 0 0 0 2 1 R 0
165 3468 22764 1248 22814 1186 8625 1 0 0 0 0 0 0 0 0 1 1 R 0
166 3490 20747 560 19737 527 5916 1 0 4 0 0 0 0 0 0 1 1 R 0
167 3509 18926 772 18963 741 3108 1 0 0 0 0 0 0 0 0 1 1 R 0
168 3529 18746 549 18775 514 4241 1 0 0 0 0 0 0 0 0 2 1 R 0
169 3551 21988 672 20964 646 3999 1 0 4 0 0 0 0 0 0 2 1 R 0
170 3571 18911 552 18936 520 3789 1 0 0 0 0 0 0 0 0 1 1 R 0
171 3592 20044 515 20074 483 3920 1 0 0 0 0 0 0 0 0 1 1 R 0
172 3609 17317 662 17396 595 3105 1 0 0 0 0 0 0 0 0 1 1 R 0
173 3634 23731 525 21071 493 6547 1 0 5 0 0 0 0 0 0 2 1 R 0
174 3654 19594 530 19623 500 3761 1 0 0 0 0 0 0 0 0 1 1 R 0
175 3674 19404 530 19429 505 3877 1 0 0 0 0 0 0 0 0 1 1 R 0
176 3697 22162 524 20581 496 3845 1 0 5 0 0 0 0 0 0 1 1 R 0
177 3715 18043 602 18080 587 3546 1 0 0 0 0 0 0 0 0 2 1 R 0
178 3735 18871 876 18887 873 4057 1 0 0 0 0 0 0 0 0 2 1 R 0
179 3757 21935 534 20652 499 4164 1 0 4 0 0 0 0 0 0 1 1 R 0
180 3781 22860 541 22895 508 8049 1 0 0 0 0 0 0 0 0 1 1 R 0
181 3801 19215 829 19268 781 3868 1 0 0 0 0 1 0 0 0 2 1 R 0
182 3819 17425 653 17449 618 3044 1 0 0 0 0 0 0 0 0 2 1 R 0
183 3842 22228 1345 20538 1288 6020 1 0 5 0 0 0 0 0 0 1 1 R 0
184 3861 18041 779 18085 716 3251 1 0 0 0 0 0 0 0 0 2 1 R 0
185 3882 19861 976 19896 952 3876 1 0 0 0 0 0 0 0 0 1 1 R 0
186 3904 21239 523 20084 491 3666 1 0 4 0 0 0 0 0 0 1 1 R 0
187 3922 17351 1305 17416 1272 3135 1 0 0 0 0 0 0 0 0 2 1 R 0
188 3940 17203 808 17246 744 3611 1 0 0 0 0 0 0 0 0 2 1 R 0
189 3964 22351 1447 22370 878 5331 1 0 1 0 2 1 0 0 0 1 1 R 0
190 3985 20046 648 19513 624 3993 1 0 1 0 0 0 0 0 0 1 1 R 0
191 4005 19387 622 19434 594 3481 1 0 0 0 0 0 0 0 0 1 1 R 0
192 4025 19153 686 18777 650 3140 1 0 1 0 0 0 0 0 0 2 1 R 0
193 4048 22435 766 20343 695 6466 1 0 5 0 0 0 0 0 0 2 1 R 0
194 4068 19399 717 19414 698 3800 1 0 0 0 0 0 0 0 0 1 1 R 0
195 4091 22341 1614 22369 1596 8560 1 0 0 0 0 1 0 0 0 2 1 R 0
196 4115 21717 525 20727 489 3140 1 0 4 0 0 0 0 0 0 2 1 R 0
197 4133 17955 716 18019 660 3248 1 0 0 0 0 0 0 0 0 1 1 R 0
198 4151 17558 1377 17599 1360 3303 1 0 0 0 0 0 0 0 0 2 1 R 0
199 4175 22640 509 21847 483 4595 1 0 4 0 0 0 0 0 0 2 1 R 0
200 4195 19242 530 19268 499 3761 1 0 0 0 0 0 0 0 0 1 1 R 0
201 4214 18488 773 18561 741 3080 1 0 0 0 0 0 0 0 0 1 1 R 0
202 4235 20598 538 19451 506 4013 1 0 1 0 0 0 0 0 0 1 1 R 0
203 4258 21648 540 20065 508 3854 1 0 4 0 0 0 0 0 0 2 1 R 0
204 4277 19144 541 19174 508 4294 1 0 0 0 0 0 0 0 0 1 1 R 0
205 4298 19980 535 20007 506 4400 1 0 0 0 0 0 0 0 0 1 1 R 0
206 4319 20815 527 19386 498 3563 1 0 4 0 0 0 0 0 0 2 1 R 0
207 4337 17444 741 17489 723 3562 1 0 0 0 0 0 0 0 0 1 1 R 0
208 4359 20642 516 20641 493 4609 1 0 0 0 0 0 0 0 0 2 1 R 0
209 4378 19388 552 19422 521 4291 1 0 0 0 0 0 0 0 0 1 1 R 0
210 4403 24344 535 23403 509 11004 1 0 4 0 0 0 0 0 0 2 1 R 0
211 4421 17394 674 17441 625 3039 1 0 0 0 0 0 0 0 0 1 1 R 0
212 4442 19885 1302 18999 1201 3553 1 0 1 0 0 0 0 0 0 2 1 R 0
213 4464 20908 862 19792 829 3027 1 0 4 0 0 0 0 0 0 2 1 R 0
214 4484 18687 534 18709 507 4005 1 0 0 0 0 0 0 0 0 1 1 R 0
215 4504 19566 531 19599 502 3847 1 0 0 0 0 0 0 0 0 1 1 R 0
216 4521 16973 703 17025 659 3188 1 0 0 0 0 0 0 0 0 1 1 R 0
217 4545 23499 515 21192 487 3788 1 0 4 0 0 0 0 0 0 2 1 R 0
218 4565 18624 776 18697 707 3181 1 0 0 0 0 0 0 0 0 2 1 R 0
219 4585 19351 726 19386 695 4077 1 0 0 0 0 0 0 0 0 1 1 R 0
220 4607 21324 550 20295 517 3747 1 0 4 0 0 0 0 0 0 1 1 R 0
221 4626 18274 688 18297 681 3877 1 0 0 0 0 0 0 0 0 2 1 R 0
222 4646 19549 790 18569 757 3595 1 0 1 0 0 0 0 0 0 2 1 R 0
223 4668 21491 912 20057 893 3960 1 0 4 0 0 0 0 0 0 2 1 R 0
224 4688 19286 557 19317 513 4403 1 0 0 0 0 0 0 0 0 1 1 R 0
225 4711 21902 546 21934 517 7382 1 0 0 0 0 0 0 0 0 1 1 R 0
226 4729 17236 677 17280 651 3066 1 0 0 0 0 0 0 0 0 2 1 R 0
227 4749 20160 688 19146 651 6854 1 0 4 0 0 0 0 0 0 1 1 R 0
228 4786 35471 527 21446 498 24784 1 2 1 0 0 0 0 0 0 2 1 R 0
229 4807 20932 522 20008 497 3815 1 0 4 0 0 0 0 0 0 1 1 R 0
230 4826 18818 1164 18884 1126 3919 1 0 0 0 0 0 0 0 0 2 1 R 0
231 4847 19655 697 18720 631 3541 1 0 1 0 0 0 0 0 0 1 1 R 0
232 4866 18324 703 18380 676 3692 1 0 0 0 0 0 0 0 0 2 1 R 0
233 4889 21890 557 20681 520 6355 1 0 4 0 0 0 0 0 0 1 1 R 0
234 4908 18996 604 19028 574 4260 1 0 0 0 0 0 0 0 0 1 1 R 0
235 4928 18641 686 18703 639 4264 1 0 0 0 0 0 0 0 0 2 1 R 0
236 4949 20500 662 19115 653 3578 1 0 4 0 0 0 0 0 0 2 1 R 0
237 4967 17913 667 17934 644 3511 1 0 0 0 0 0 0 0 0 1 1 R 0
238 4990 21889 544 21478 507 5291 1 0 1 0 0 0 0 0 0 1 1 R 0
239 5010 19303 551 19334 516 3911 1 0 0 0 0 0 0 0 0 1 1 R 0
240 5034 23443 605 22503 578 8939 1 0 4 0 1 0 0 0 0 2 1 R 0
241 5054 19286 673 18047 647 3024 1 0 0 0 0 0 0 0 0 1 1 R 0
242 5071 16921 782 17000 714 3087 1 0 0 0 0 0 0 0 0 3 1 R 0
243 5095 23260 556 21551 521 4749 1 0 4 0 0 0 0 0 0 1 1 R 0
244 5115 19445 536 19468 505 3829 1 0 0 0 0 0 0 0 0 1 1 R 0
245 5134 18354 758 18419 715 3496 1 0 0 0 0 0 0 0 0 1 1 R 0
246 5154 18610 2585 18626 1547 3058 1 0 2 0 2 0 0 0 0 2 1 R 0
247 5176 19808 895 19844 845 3026 1 0 0 0 0 0 0 0 0 1 1 R 0
248 5196 18931 535 18957 509 4300 1 0 0 0 0 0 0 0 0 1 1 R 0
249 5216 20045 599 20106 537 4128 1 0 0 0 0 0 0 0 0 2 1 R 0
250 5239 22086 532 19985 494 4109 1 0 5 0 0 0 0 0 0 1 1 R 0
251 5257 17449 692 17518 642 3578 1 0 0 0 0 0 0 0 0 2 1 R 0
252 5277 19766 694 19818 656 4731 1 0 0 0 0 0 0 0 0 1 1 R 0
253 5299 21376 571 20077 539 4309 1 0 4 0 0 0 0 0 0 1 1 R 0
254 5319 19228 570 19253 543 4180 1 0 0 0 0 0 0 0 0 1 1 R 0
255 5341 21203 735 21293 653 6697 1 0 0 0 0 0 0 0 0 2 1 R 0
256 5359 17282 767 17319 725 3150 1 0 0 0 0 0 0 0 0 2 1 R 0
257 5383 22907 510 21001 485 6365 1 0 5 0 0 0 0 0 0 2 1 R 0
258 5403 19569 522 19594 494 3988 1 0 0 0 0 0 0 0 0 1 1 R 0
259 5423 19618 521 19646 495 3890 1 0 0 0 0 0 0 0 0 1 1 R 0
260 5446 22649 528 20173 495 3139 1 0 5 0 0 0 0 0 0 2 1 R 0
261 5465 18283 696 18313 663 3115 1 0 0 0 0 0 0 0 0 2 1 R 0
262 5485 19426 826 19498 762 3785 1 0 0 0 0 0 0 0 0 1 1 R 0
263 5507 21560 603 20780 592 3849 1 0 4 0 0 0 0 0 0 1 1 R 0
264 5527 19220 538 19233 512 4455 1 0 0 0 0 0 0 0 0 1 1 R 0
265 5546 17921 665 17949 643 3554 1 0 0 0 0 0 0 0 0 2 1 R 0
266 5565 18156 669 18185 649 4047 1 0 0 0 0 0 0 0 0 2 1 R 0
267 5587 21774 918 20684 855 3930 1 0 4 0 0 0 0 0 0 2 1 R 0
268 5607 19411 538 19441 511 4265 1 0 0 0 0 0 0 0 0 1 1 R 0
269 5627 19484 589 19516 556 4314 1 0 0 0 0 0 0 0 0 1 1 R 0
270 5655 26594 532 23693 497 7897 1 0 5 0 0 0 0 0 0 2 1 R 0
271 5672 17102 1397 17788 720 3086 1 0 0 0 0 0 0 0 0 1 1 R 0
272 5692 17980 1670 18075 1591 3687 1 0 0 0 0 0 0 0 0 2 1 R 0
273 5714 20823 1359 20916 722 4262 1 0 1 0 3 0 0 0 0 1 1 R 0
274 5736 20408 680 20054 619 3251 1 0 0 0 0 1 0 0 0 1 1 R 0
275 5754 17966 690 18004 650 3025 1 0 0 0 0 0 0 0 0 2 1 R 0
276 5775 19630 561 19658 537 3937 1 0 0 0 0 0 0 0 0 1 1 R 0
277 5797 21726 725 20450 655 3878 1 0 4 0 0 0 0 0 0 2 1 R 0
278 5817 18991 540 19024 507 4387 1 0 0 0 0 0 0 0 0 1 1 R 0
279 5837 19504 579 19529 553 3888 1 0 0 0 0 0 0 0 0 1 1 R 0
280 5859 21734 515 19503 496 4710 1 0 5 0 0 0 0 0 0 2 1 R 0
281 5878 18002 801 18037 762 3659 1 0 0 0 0 0 0 0 0 1 1 R 0
282 5899 20186 547 20216 514 5203 1 0 0 0 0 0 0 0 0 2 1 R 0
283 5919 19789 542 19819 513 4363 1 0 0 0 0 0 0 0 0 1 1 R 0
284 5940 20787 545 19647 500 5629 1 0 4 0 0 0 0 0 0 1 1 R 0
285 5965 24324 550 24373 504 8323 1 0 0 0 0 0 0 0 0 2 1 R 0
286 5985 18967 679 19006 642 3991 1 0 0 0 0 0 0 0 0 1 1 R 0
287 6007 21528 558 20609 522 3817 1 0 4 0 0 0 0 0 0 1 1 R 0
288 6028 20564 543 20122 512 5093 1 0 1 0 0 0 0 0 0 1 1 R 0
289 6049 20264 555 19258 518 4309 1 0 1 0 0 0 0 0 0 1 1 R 0
290 6072 22103 649 20414 570 3767 1 0 4 0 0 0 0 0 0 2 1 R 0
291 6090 17560 744 17611 713 3082 1 0 0 0 0 0 0 0 0 3 1 R 0
292 6110 19904 541 19922 511 4047 1 0 0 0 0 0 0 0 0 0 1 R 0
293 6131 20018 612 20063 567 3880 1 0 0 0 0 0 0 0 0 1 1 R 0
294 6153 21605 656 20463 603 5366 1 0 4 0 0 0 0 0 0 2 1 R 0
295 6171 17082 749 17142 704 3007 1 0 0 0 0 0 0 0 0 1 1 R 0
296 6190 18316 710 18369 660 3034 1 0 0 0 0 0 0 0 0 2 1 R 0
297 6214 23079 1153 21465 1139 3845 1 0 4 0 0 1 0 0 0 1 1 R 0
298 6234 19184 541 19203 510 4032 1 0 0 0 0 0 0 0 0 1 1 R 0
299 6258 23460 532 21707 497 3856 1 0 1 0 0 0 0 0 0 2 1 R 0
300 6283 24564 537 23364 502 6511 1 0 4 0 0 0 0 0 0 2 1 R 0
301 6301 17254 698 17299 664 2987 1 0 0 0 0 0 0 0 0 2 1 R 0
302 6323 21066 550 21081 529 4437 1 0 0 0 0 0 0 0 0 1 1 R 0
303 6342 18780 2780 18808 1865 3841 1 0 0 0 3 0 0 0 0 1 1 R 0
304 6364 18865 754 18640 696 3160 1 0 1 0 0 0 0 0 0 2 1 R 0
305 6382 17092 1364 17180 1296 3245 1 0 0 0 0 0 0 0 0 1 1 R 0
306 6401 17744 690 17765 668 3920 1 0 0 0 0 0 0 0 0 3 1 R 0
307 6424 22978 512 21363 483 3787 1 0 4 0 0 0 0 0 0 1 1 R 0
308 6444 19275 1659 19307 723 3804 1 0 0 0 1 0 0 0 0 1 1 R 0
309 6465 19030 702 19056 669 3506 1 0 0 0 0 0 0 0 0 1 1 R 0
310 6487 21651 529 20608 498 3246 1 0 4 0 0 0 0 0 0 2 1 R 0
311 6507 19527 652 19562 625 4363 1 0 0 0 0 0 0 0 0 1 1 R 0
312 6527 19359 532 19389 500 3972 1 0 0 0 0 0 0 0 0 2 1 R 0
313 6547 19482 594 19511 563 4519 1 0 0 0 0 0 0 0 0 1 1 R 0
314 6569 20993 524 19961 497 5840 1 0 4 0 0 0 0 0 0 1 1 R 0
315 6590 20580 771 20656 718 6337 1 0 0 0 0 0 0 0 0 2 1 R 0
316 6609 18472 786 18510 725 3113 1 0 0 0 0 1 0 0 0 2 1 R 0
317 6633 22791 505 21528 480 4830 1 0 4 0 0 0 0 0 0 1 1 R 0
318 6655 21447 965 20225 888 4006 1 0 1 0 0 0 0 0 0 1 1 R 0
319 6677 21362 532 21389 501 4987 1 0 0 0 0 0 0 0 0 2 1 R 0
320 6699 21646 604 20245 544 3818 1 0 4 0 0 0 0 0 0 1 1 R 0
321 6720 20554 551 20590 514 4694 1 0 0 0 0 0 0 0 0 2 1 R 0
322 6740 18705 540 18735 508 3811 1 0 0 0 0 0 0 0 0 1 1 R 0
323 6759 19058 634 19087 603 3726 1 0 0 0 0 0 0 0 0 1 1 R 0
324 6780 19663 712 18885 669 5437 1 0 4 0 0 0 0 0 0 2 1 R 0
325 6798 18182 753 18224 707 3243 1 0 0 0 0 0 0 0 0 2 1 R 0
326 6819 19844 587 19857 556 4587 1 0 0 0 0 0 0 0 0 0 1 R 0
327 6841 21090 533 19920 500 4358 1 0 4 0 0 0 0 0 0 1 1 R 0
328 6861 19857 527 18928 489 4749 1 0 1 0 0 0 0 0 0 2 1 R 0
329 6879 17656 685 17701 651 3111 1 0 0 0 0 0 0 0 0 2 1 R 0
330 6904 24219 1072 23546 662 7611 1 0 3 0 1 0 0 0 0 1 1 R 0
331 6925 19955 517 19971 488 3910 1 0 0 0 0 0 0 0 0 2 1 R 0
332 6944 18612 536 18647 507 3801 1 0 0 0 0 0 0 0 0 1 1 R 0
333 6964 19543 654 19574 635 3387 1 0 0 0 0 0 0 0 0 1 1 R 0
334 6986 20598 670 19306 621 3201 1 0 4 0 0 0 0 0 0 1 1 R 0
335 7005 18437 631 18474 602 3010 1 0 0 0 0 0 0 0 0 2 1 R 0
336 7026 20277 574 20302 546 4006 1 0 0 0 0 0 0 0 0 1 1 R 0
337 7047 20802 523 19988 497 3832 1 0 4 0 0 0 0 0 0 1 1 R 0
338 7068 20748 660 19130 635 3992 1 0 1 0 0 0 0 0 0 3 1 R 0
339 7088 19243 695 19290 658 3040 1 0 0 0 0 0 0 0 0 2 1 R 0
340 7107 17852 819 17901 787 3894 1 0 0 0 0 0 0 0 0 1 1 R 0
341 7131 23174 544 22011 513 7339 1 0 4 0 0 0 0 0 0 2 1 R 0
342 7150 18975 589 19014 564 3985 1 0 0 0 0 0 0 0 0 1 1 R 0
343 7170 19397 543 19410 511 3166 1 0 0 0 0 0 0 0 0 1 1 R 0
344 7191 19715 664 18513 632 3047 1 0 4 0 0 0 0 0 0 1 1 R 0
345 7214 22974 898 23014 837 5929 1 0 0 0 0 0 0 0 0 2 1 R 0
346 7234 18959 529 18986 499 4084 1 0 0 0 0 0 0 0 0 1 1 R 0
347 7258 23028 518 20639 483 3855 1 0 5 0 0 0 0 0 0 2 1 R 0
348 7277 19201 542 19240 506 4310 1 0 0 0 0 0 0 0 0 1 1 R 0
349 7295 17510 687 17563 640 3576 1 0 0 0 0 0 0 0 0 2 1 R 0
350 7315 19254 649 19298 599 4782 1 0 0 0 0 0 0 0 0 2 1 R 0
351 7339 22649 546 21393 510 5882 1 0 4 0 0 0 0 0 0 1 1 R 0
352 7359 19609 537 19639 507 4254 1 0 0 0 0 0 0 0 0 1 1 R 0
353 7379 19550 549 19580 516 4353 1 0 0 0 0 0 0 0 0 1 1 R 0
354 7399 19840 803 18562 775 3537 1 0 4 0 0 0 0 0 0 2 1 R 0
355 7418 17917 1057 17959 1026 3137 1 0 0 0 0 0 0 0 0 2 1 R 0
356 7440 20576 526 20584 490 5169 1 0 0 0 0 0 0 0 0 1 1 R 0
357 7461 20359 558 18748 519 4336 1 0 1 0 0 0 0 0 0 1 1 R 0
358 7483 21706 560 20720 533 5912 1 0 4 0 0 0 0 0 0 2 1 R 0
359 7501 17265 705 17334 650 3031 1 0 0 0 0 0 0 0 0 1 1 R 0
360 7524 22956 745 23012 673 6788 1 0 0 0 0 0 0 0 0 2 1 R 0
361 7546 21323 587 19714 554 3867 1 0 4 0 0 0 0 0 0 1 1 R 0
362 7566 19395 518 19426 489 4481 1 0 0 0 0 0 0 0 0 1 1 R 0
363 7586 19392 537 19417 508 4130 1 0 0 0 0 0 0 0 0 2 1 R 0
364 7607 20639 1062 19528 1029 3096 1 0 4 0 0 0 0 0 0 1 1 R 0
365 7629 20067 838 20121 785 3659 1 0 0 0 0 0 0 0 0 2 1 R 0
366 7649 19416 525 19434 496 3680 1 0 0 0 0 0 0 0 0 2 1 R 0
367 7671 21634 574 20606 543 5873 1 0 1 0 0 1 0 0 0 1 1 R 0
368 7692 20600 954 19379 937 3809 1 0 4 0 0 0 0 0 0 0 1 R 0
369 7710 17252 634 17283 590 3084 1 0 0 0 0 0 0 0 0 3 1 R 0
370 7730 18690 683 18740 659 3792 1 0 0 0 0 0 0 0 0 2 1 R 0
371 7753 22745 521 21351 495 3713 1 0 4 0 0 0 0 0 0 1 1 R 0
372 7773 19765 908 19787 897 3808 1 0 0 0 0 0 0 0 0 1 1 R 0
373 7794 19381 737 19430 677 3444 1 0 0 0 0 0 0 0 0 2 1 R 0
374 7815 20339 861 19716 569 3027 1 0 4 0 0 0 0 0 0 1 1 R 0
375 7838 22198 514 22226 488 8971 1 0 0 0 0 0 0 0 0 1 1 R 0
376 7859 20695 529 19655 494 4072 1 0 1 0 0 0 0 0 0 1 1 R 0
377 7879 19496 614 19537 572 4347 1 0 0 0 0 0 0 0 0 2 1 R 0
378 7900 19922 787 18950 756 5755 1 0 4 0 0 0 0 0 0 1 1 R 0
379 7918 17746 953 17789 925 2983 1 0 0 0 0 0 0 0 0 2 1 R 0
380 7938 18534 743 18557 707 4233 1 0 0 0 0 0 0 0 0 1 1 R 0
381 7960 22054 536 20953 504 4055 1 0 4 0 0 0 0 0 0 2 1 R 0
382 7981 19631 535 19663 511 3774 1 0 0 0 0 0 0 0 0 0 1 R 0
383 8000 18599 698 18646 645 3719 1 0 0 0 0 0 0 0 0 2 1 R 0
384 8020 19125 722 18755 653 3086 1 0 1 0 0 0 0 0 0 2 1 R 0
385 8041 21037 689 20233 641 4822 1 0 4 0 0 0 0 0 0 2 1 R 0
386 8063 20753 489 19689 464 3386 1 0 1 0 0 0 0 0 0 1 1 R 0
387 8083 19639 503 19662 480 4136 1 0 0 0 0 0 0 0 0 1 1 R 0
388 8105 21447 532 20312 498 3573 1 0 4 0 0 0 0 0 0 2 1 R 0
389 8123 17749 869 17794 841 3139 1 0 0 0 0 0 0 0 0 1 1 R 0
390 8147 22845 670 22906 605 7184 1 0 0 0 0 0 0 0 0 2 1 R 0
391 8169 21490 524 20475 498 4607 1 0 4 0 0 0 0 0 0 1 1 R 0
392 8189 19724 529 19757 494 4311 1 0 0 0 0 0 0 0 0 2 1 R 0
393 8209 19715 756 19752 717 4324 1 0 0 0 0 0 0 0 0 1 1 R 0
394 8229 19041 532 19079 501 3737 1 0 0 0 0 0 0 0 0 1 1 R 0
395 8251 20871 726 19547 677 6540 1 0 4 0 0 0 0 0 0 1 1 R 0
396 8271 19974 547 18876 510 5260 1 0 1 0 0 0 0 0 0 2 1 R 0
397 8292 20250 919 20702 480 3902 1 0 0 0 0 0 0 0 0 1 1 R 0
398 8315 21750 772 20858 721 3132 1 0 4 0 0 0 0 0 0 1 1 R 0
399 8334 17984 719 18059 626 3159 1 0 0 0 0 0 0 0 0 2 1 R 0
400 8355 20213 1515 20264 1499 5319 1 0 0 0 0 1 0 0 0 2 1 R 0
401 8378 22025 543 21084 514 4392 1 0 4 0 0 0 0 0 0 2 1 R 0
402 8398 19373 686 19399 662 3758 1 0 0 0 0 0 0 0 0 1 1 R 0
403 8417 17830 702 17867 660 3790 1 0 0 0 0 0 0 0 0 2 1 R 0
404 8436 18408 631 18438 599 3524 1 0 0 0 0 0 0 0 0 2 1 R 0
405 8463 26471 501 24437 477 9695 1 0 5 0 0 0 0 0 0 1 1 R 0
406 8482 18411 544 18447 511 4010 1 0 0 0 0 0 0 0 0 0 1 R 0
407 8503 20636 512 20655 488 3490 1 0 0 0 0 0 0 0 0 2 1 R 0
408 8525 22011 510 20421 477 3037 1 0 5 0 0 0 0 0 0 2 1 R 0
409 8544 18232 730 18281 704 3143 1 0 0 0 0 0 0 0 0 2 1 R 0
410 8565 19827 534 19839 504 4229 1 0 0 0 0 0 0 0 0 1 1 R 0
411 8587 21857 518 20819 486 4075 1 0 4 0 0 0 0 0 0 1 1 R 0
412 8607 19383 514 19417 485 4354 1 0 0 0 0 0 0 0 0 1 1 R 0
413 8626 18132 645 18166 621 3587 1 0 0 0 0 0 0 0 0 2 1 R 0
414 8645 18951 638 18976 601 3725 1 0 0 0 0 0 0 0 0 2 1 R 0
415 8671 24785 765 22000 732 6346 1 0 6 0 0 0 0 0 0 1 1 R 0
416 8691 19510 525 19522 482 3747 1 0 0 0 0 0 0 0 0 1 1 R 0
417 8712 20249 898 20287 868 3847 1 0 0 0 0 0 0 0 0 2 1 R 0
418 8734 21845 724 20141 706 3098 1 0 5 0 0 0 0 0 0 1 1 R 0
419 8753 18051 729 18096 688 3076 1 0 0 0 0 0 0 0 0 2 1 R 0
420 8776 22442 534 22458 503 7035 1 0 0 0 0 0 0 0 0 1 1 R 0
421 8799 21918 519 21130 495 4348 1 0 4 0 0 0 0 0 0 1 1 R 0
422 8818 18674 1137 18742 1082 4078 1 0 0 0 0 0 0 0 0 2 1 R 0
423 8837 17774 658 17822 612 3449 1 0 0 0 0 0 0 0 0 1 1 R 0
424 8856 18196 617 18242 575 4305 1 0 0 0 0 0 0 0 0 2 1 R 0
425 8881 24449 528 21943 503 9055 1 0 5 0 0 0 0 0 0 1 1 R 0
426 8901 19183 536 19205 504 3938 1 0 0 0 0 0 0 0 0 2 1 R 0
427 8920 19378 585 19412 554 3816 1 0 0 0 0 0 0 0 0 2 1 R 0
428 8941 20372 720 19306 686 3191 1 0 4 0 0 0 0 0 0 1 1 R 0
429 8960 18288 639 18343 590 3107 1 0 0 0 0 0 0 0 0 2 1 R 0
430 8983 21550 495 20956 466 3484 1 0 1 0 0 0 0 0 0 1 1 R 0
431 9005 21520 684 20720 662 4097 1 0 4 0 0 0 0 0 0 1 1 R 0
432 9025 19358 522 19380 496 3540 1 0 0 0 0 0 0 0 0 2 1 R 0
433 9044 18529 737 18598 675 3142 1 0 0 0 0 0 0 0 0 1 1 R 0
434 9065 20292 712 18595 653 2989 1 0 1 0 0 0 0 0 0 1 1 R 0
435 9090 24386 538 23000 506 11595 1 0 4 0 0 0 0 0 0 2 1 R 0
436 9109 18847 554 18879 525 4263 1 0 0 0 0 0 0 0 0 1 1 R 0
437 9132 21835 1032 21873 1000 3684 1 0 0 0 0 0 0 0 0 1 1 R 0
438 9154 21267 768 20113 686 3367 1 0 4 0 0 0 0 0 0 2 1 R 0
439 9175 20348 537 20391 502 3546 1 0 0 0 0 0 0 0 0 1 1 R 0
440 9194 18546 536 18574 505 3847 1 0 0 0 0 0 0 0 0 1 1 R 0
441 9216 21675 605 20586 583 3862 1 0 4 0 0 0 0 0 0 1 1 R 0
442 9236 18584 689 18625 660 3521 1 0 0 0 0 0 0 0 0 2 1 R 0
443 9254 17827 1053 17863 1006 2986 1 0 0 0 0 0 0 0 0 2 1 R 0
444 9277 22234 535 21230 500 4506 1 0 1 0 0 1 0 0 0 1 1 R 0
445 9299 21259 545 20053 516 6537 1 0 4 0 0 0 0 0 0 1 1 R 0
446 9318 18686 640 18706 618 3964 1 0 0 0 0 0 0 0 0 1 1 R 0
447 9337 18410 895 18450 867 3755 1 0 0 0 0 0 0 0 0 2 1 R 0
448 9359 20495 678 19064 649 3459 1 0 4 0 0 0 0 0 0 2 1 R 0
449 9379 19203 536 19208 505 3597 1 0 0 0 0 0 0 0 0 1 1 R 0
450 9402 22509 1074 22588 1005 8210 1 0 0 0 0 0 0 0 0 1 1 R 0
451 9422 18738 559 18763 530 3297 1 0 0 0 0 0 0 0 0 1 1 R 0
452 9444 21966 699 20743 586 3147 1 0 4 0 0 0 0 0 0 2 1 R 0
453 9475 29896 790 18883 762 3208 1 0 4 0 0 0 0 0 0 1 1 R 2
454 9508 32055 813 19053 769 22089 1 2 4 0 0 0 0 0 0 2 1 R 0
455 9528 19230 617 19264 568 4035 1 0 0 0 0 0 0 0 0 1 1 R 0
456 9546 17429 745 17487 683 3494 1 0 0 0 0 0 0 0 0 2 1 R 0
457 9568 22118 1258 20805 863 3371 1 0 4 0 0 0 0 0 0 2 1 R 0
458 9588 18678 529 18709 494 4241 1 0 0 0 0 0 0 0 0 1 1 R 0
459 9609 19945 540 19980 509 4288 1 0 0 0 0 0 0 0 0 1 1 R 0
460 9630 20706 625 20733 590 4145 1 0 0 0 0 1 0 0 0 1 1 R 0
461 9651 20008 713 19167 640 4944 1 0 4 0 0 0 0 0 0 3 1 R 0
462 9671 19286 705 18303 666 3564 1 0 1 0 0 0 0 0 0 1 1 R 0
463 9694 22578 539 22582 515 5944 1 0 0 0 0 0 0 0 0 2 1 R 0
464 9716 21486 541 19819 508 3825 1 0 4 0 0 0 0 0 0 1 1 R 0
465 9739 22078 677 22114 650 8249 1 0 0 0 0 0 0 0 0 1 1 R 0
466 9757 17267 688 17301 647 3645 1 0 0 0 0 0 0 0 0 2 1 R 0
467 9779 21708 736 20200 703 4525 1 0 4 0 0 0 0 0 0 2 1 R 0
468 9799 19675 535 19687 499 4482 1 0 0 0 0 0 0 0 0 1 1 R 0
469 9819 19263 548 19292 514 4392 1 0 0 0 0 0 0 0 0 1 1 R 0
470 9839 19480 510 19513 475 3989 1 0 0 0 0 0 0 0 0 2 1 R 0
471 9859 19049 919 18204 917 5384 1 0 4 0 1 0 0 0 0 1 1 R 0
472 9900 40406 545 21047 512 22645 1 0 4 0 0 0 0 0 0 1 1 R 0
473 9924 23018 523 21110 497 3882 1 0 4 0 0 0 0 0 0 2 1 R 0
474 9942 17837 1488 17894 1440 3431 1 0 0 0 0 0 0 0 0 1 1 R 0
475 9960 16535 1216 16617 1135 3083 1 0 0 0 0 0 0 0 0 2 1 R 0
476 9980 18701 677 18748 634 3814 1 0 0 0 0 0 0 0 0 1 1 R 0
477 10003 22098 500 21032 481 5469 1 0 4 0 0 0 0 0 0 2 1 R 0
478 10024 20983 578 20122 548 3808 1 0 1 0 0 0 0 0 0 1 1 R 0
479 10046 20701 520 20733 490 3554 1 0 0 0 0 0 0 0 0 2 1 R 0
480 10071 25292 596 23586 550 8208 1 0 5 0 0 0 0 0 0 2 1 R 0
481 10091 18663 708 18712 668 3093 1 0 0 0 0 0 0 0 0 1 1 R 0
482 10112 20481 926 19809 897 3804 1 0 1 0 0 0 0 0 0 2 1 R 0
483 10134 21542 569 19698 540 3851 1 0 5 0 0 0 0 0 0 1 1 R 0
484 10153 18210 668 18259 627 3074 1 0 0 0 0 0 0 0 0 2 1 R 0
485 10171 17378 669 17431 607 3010 1 0 0 0 0 0 0 0 0 1 1 R 0
486 10190 18028 877 18141 783 3492 1 0 0 0 0 0 0 0 0 2 1 R 0
487 10213 22700 507 21716 482 4837 1 0 4 0 0 0 0 0 0 1 1 R 0
488 10232 18255 918 18294 888 4006 1 0 0 0 0 0 0 0 0 1 1 R 0
489 10251 18085 1559 18161 1503 3969 1 0 0 0 0 0 0 0 0 2 1 R 0
490 10275 22145 515 19962 478 3079 1 0 5 0 0 0 0 0 0 1 1 R 0
491 10294 18480 730 18522 714 3114 1 0 0 0 0 0 0 0 0 2 1 R 0
492 10314 19741 537 19755 505 3796 1 0 0 0 0 0 0 0 0 1 1 R 0
493 10337 21766 566 20759 535 4115 1 0 4 0 0 0 0 0 0 1 1 R 0
494 10355 18273 639 18309 633 3838 1 0 0 0 0 0 0 0 0 1 1 R 0
495 10378 22119 516 22122 478 6428 1 0 0 0 0 0 0 0 0 3 1 R 0
496 10396 16997 747 17068 709 3712 1 0 0 0 0 0 0 0 0 2 1 R 0
497 10419 22602 537 21210 504 7560 1 0 4 0 0 0 0 0 0 1 1 R 0
498 10439 19515 537 19553 501 4300 1 0 0 0 0 0 0 0 0 1 1 R 0
499 10458 17878 816 17945 768 3953 1 0 0 0 0 0 0 0 0 2 1 R 0
500 10481 23091 1246 20107 1193 3812 1 0 5 0 0 0 0 0 0 2 1 R 0
501 10500 17727 776 17789 716 3324 1 0 0 0 0 0 0 0 0 1 1 R 0
502 10521 19959 1580 19981 1571 3746 1 0 0 0 0 1 0 0 0 1 1 R 0
503 10542 19095 2179 19103 1471 3861 1 0 0 0 3 0 0 0 0 1 1 R 0
504 10564 20430 672 19769 621 3144 1 0 1 0 0 0 0 0 0 2 1 R 0
505 10583 17723 728 17772 699 3250 1 0 0 0 0 0 0 0 0 1 1 R 0
506 10602 18531 1215 18553 1216 3668 1 0 0 0 0 0 0 0 0 2 1 R 0
507 10625 21896 548 20617 509 3849 1 0 4 0 0 0 0 0 0 1 1 R 0
508 10645 19101 517 19128 485 3805 1 0 0 0 0 0 0 0 0 1 1 R 0
509 10664 18843 786 18923 705 3267 1 0 0 0 0 0 0 0 0 2 1 R 0
510 10690 24547 542 22351 510 7744 1 0 5 0 0 0 0 0 0 1 1 R 0
511 10710 19534 540 19560 506 3624 1 0 0 0 0 0 0 0 0 2 1 R 0
512 10729 18765 538 18804 507 4259 1 0 0 0 0 0 0 0 0 1 1 R 0
513 10750 20272 725 20299 704 4512 1 0 0 0 0 0 0 0 0 1 1 R 0
514 10771 20837 514 19580 488 4353 1 0 4 0 0 0 0 0 0 2 1 R 0
515 10790 17648 617 17690 587 3139 1 0 0 0 0 0 0 0 0 2 1 R 0
516 10810 19885 827 19928 780 3701 1 0 0 0 0 0 0 0 0 1 1 R 0
517 10832 21043 965 19826 933 3838 1 0 4 0 0 0 0 0 0 1 1 R 0
518 10851 18321 539 18343 513 3954 1 0 0 0 0 0 0 0 0 2 1 R 0
519 10870 17860 650 17901 602 3004 1 0 0 0 0 0 0 0 0 1 1 R 0
520 10890 19479 780 18596 704 4262 1 0 1 0 0 0 0 0 0 2 1 R 0
521 10911 20735 687 19905 658 5116 1 0 4 0 0 0 0 0 0 2 1 R 0
522 10932 19624 540 19636 507 3810 1 0 0 0 0 0 0 0 0 1 1 R 0
523 10952 19783 971 19918 836 4088 1 0 0 0 0 0 0 0 0 1 1 R 0
524 10975 22188 510 20257 475 3655 1 0 5 0 0 0 0 0 0 1 1 R 0
525 10997 21865 601 21976 497 6585 1 0 0 0 0 0 0 0 0 2 1 R 0
526 11016 17732 629 17789 576 3736 1 0 0 0 0 0 0 0 0 2 1 R 0
527 11038 22125 533 20413 500 4696 1 0 4 0 0 0 0 0 0 1 1 R 0
528 11058 18975 529 18998 503 4211 1 0 0 0 0 0 0 0 0 2 1 R 0
529 11078 19589 788 18545 762 3544 1 0 1 0 0 0 0 0 0 0 1 R 0
530 11098 19225 530 19227 501 3522 1 0 0 0 0 0 0 0 0 3 1 R 0
531 11120 21682 537 20519 506 6605 1 0 4 0 0 0 0 0 0 1 1 R 0
532 11140 18812 536 18848 502 3784 1 0 0 0 0 0 0 0 0 1 1 R 0
533 11160 19857 668 19887 631 4406 1 0 0 0 0 0 0 0 0 1 1 R 0
534 11182 20850 1056 19328 982 3088 1 0 4 0 0 0 0 0 0 2 1 R 0
535 11200 17036 782 17064 759 3324 1 0 0 0 0 0 0 0 0 1 1 R 0
536 11223 22941 525 22955 494 3748 1 0 0 0 0 0 0 0 0 2 1 R 0
537 11243 19007 1643 19028 925 3808 1 0 1 0 3 0 0 0 0 1 1 R 0
538 11266 21407 538 21116 505 5779 1 0 0 0 0 0 0 0 0 1 1 R 0
539 11287 20613 630 19623 596 3102 1 0 1 0 0 0 0 0 0 2 1 R 0
540 11308 20292 757 20346 717 6467 1 0 0 0 0 0 0 0 0 2 1 R 0
541 11330 20870 811 20012 780 5346 1 0 4 0 0 0 0 0 0 1 1 R 0
542 11350 19884 751 19896 735 3939 1 0 0 0 0 0 0 0 0 2 1 R 0
543 11371 19638 565 19649 533 3744 1 0 0 0 0 0 0 0 0 0 1 R 0
544 11392 20571 1553 19578 1463 3086 1 0 4 0 0 0 0 0 0 2 1 R 0
545 11411 17302 690 17345 667 3116 1 0 0 0 0 0 0 0 0 1 1 R 0
546 11432 20194 881 20205 858 4333 1 0 0 0 0 0 0 0 0 2 1 R 0
547 11451 18801 742 18826 715 4037 1 0 0 0 0 0 0 0 0 1 1 R 0
548 11474 22035 689 20411 640 3432 1 0 4 0 0 0 0 0 0 2 1 R 0
549 11495 19788 682 18747 643 4399 1 0 1 0 0 0 0 0 0 1 1 R 0
550 11513 17854 807 17893 763 3017 1 0 0 0 0 0 0 0 0 2 1 R 0
551 11532 17871 4472 17912 2599 3408 1 0 0 0 4 0 0 0 0 1 1 R 0
552 11556 19222 933 19259 873 4353 1 0 0 0 0 0 0 0 0 1 1 R 0
553 11578 22015 514 22050 483 4456 1 0 0 0 0 1 0 0 0 3 1 R 0
554 11596 17186 754 17248 703 3770 1 0 0 0 0 0 0 0 0 0 1 R 0
555 11622 25078 980 24008 959 10270 1 0 4 0 0 0 0 0 0 2 1 R 0
556 11642 19007 990 19028 963 3783 1 0 0 0 0 0 0 0 0 1 1 R 0
557 11662 18701 862 18730 830 3853 1 0 0 0 0 0 0 0 0 2 1 R 0
558 11685 22409 905 19720 884 3619 1 0 5 0 0 0 0 0 0 1 1 R 0
559 11704 18354 614 18363 597 3053 1 0 0 0 0 0 0 0 0 2 1 R 0
560 11722 17301 1367 17333 1356 3090 1 0 0 0 0 0 0 0 0 2 1 R 0
561 11745 21385 611 20586 595 4174 1 0 4 0 0 0 0 0 0 1 1 R 0
562 11765 19919 536 19945 504 3872 1 0 0 0 0 0 0 0 0 2 1 R 0
563 11785 19230 608 19253 589 3660 1 0 0 0 0 0 0 0 0 1 1 R 0
564 11804 17726 764 17802 686 3122 1 0 0 0 0 0 0 0 0 1 1 R 0
565 11827 22764 672 21690 639 3920 1 0 4 0 0 0 0 0 0 2 1 R 0
566 11847 19178 537 19212 503 4364 1 0 0 0 0 0 0 0 0 1 1 R 0
567 11867 19701 549 19731 523 4422 1 0 0 0 0 0 0 0 0 1 1 R 0
568 11890 22487 630 19605 581 3989 1 0 5 0 0 0 0 0 0 1 1 R 0
569 11909 18022 671 18078 607 3048 1 0 0 0 0 0 0 0 0 2 1 R 0
570 11931 21731 704 21799 664 7468 1 0 0 0 0 0 0 0 0 2 1 R 0
571 11955 22820 526 22026 496 4049 1 0 4 0 0 1 0 0 0 1 1 R 0
572 11974 19022 567 19056 537 3772 1 0 0 0 0 0 0 0 0 1 1 R 0
573 11995 20123 648 20240 529 3589 1 0 0 0 0 0 0 0 0 2 1 R 0
574 12015 18973 1003 18269 970 3102 1 0 1 0 0 0 0 0 0 1 1 R 0
575 12038 22705 518 21584 492 3421 1 0 4 0 0 0 0 0 0 2 1 R 0
576 12058 18688 537 18722 505 4269 1 0 0 0 0 0 0 0 0 1 1 R 0
577 12078 20018 512 20044 483 4397 1 0 0 0 0 0 0 0 0 1 1 R 0
578 12101 22715 533 19865 501 3345 1 0 5 0 0 0 0 0 0 2 1 R 0
579 12120 17802 683 17853 643 3056 1 0 0 0 0 0 0 0 0 2 1 R 0
580 12141 20687 530 20704 505 3815 1 0 0 0 0 0 0 0 0 1 1 R 0
581 12161 19106 537 19140 505 3826 1 0 0 0 0 0 0 0 0 1 1 R 0
582 12183 22119 526 21121 497 6070 1 0 4 0 0 0 0 0 0 2 1 R 0
583 12201 17196 738 17252 697 3020 1 0 0 0 0 0 0 0 0 1 1 R 0
584 12220 18004 683 18048 636 3262 1 0 0 0 0 0 0 0 0 2 1 R 0
585 12246 25473 532 23929 498 6893 1 0 4 0 0 0 0 0 0 2 1 R 0
586 12266 19094 534 19124 506 4341 1 0 0 0 0 0 0 0 0 1 1 R 0
587 12287 20542 574 19398 534 4095 1 0 1 0 0 0 0 0 0 1 1 R 0
588 12307 20174 884 18958 858 3603 1 0 4 0 0 0 0 0 0 2 1 R 0
589 12326 17788 783 17831 735 3581 1 0 0 0 0 0 0 0 0 1 1 R 0
590 12347 20198 535 20219 509 4664 1 0 0 0 0 0 0 0 0 2 1 R 0
591 12368 20047 547 20080 515 4521 1 0 0 0 0 0 0 0 0 1 1 R 0
592 12389 21196 548 20107 508 6210 1 0 4 0 0 0 0 0 0 1 1 R 0
593 12409 18616 649 18682 608 3803 1 0 0 0 0 0 0 0 0 2 1 R 0
594 12468 58714 631 24645 611 5615 1 4 12 0 1 83 0 0 0 2 1 R 0
595 12495 26328 549 21113 509 5349 1 0 3 0 0 50 0 0 0 1 1 R 0
596 12511 16057 2808 16145 2204 3331 1 0 0 0 3 6 0 0 0 2 1 R 0
597 12536 21268 615 19762 586 3000 1 0 1 0 0 0 0 0 0 2 1 R 0
598 12555 19013 506 19036 475 3537 1 0 0 0 0 0 0 0 0 1 1 R 0
599 12575 19091 534 19124 502 3812 1 0 0 0 0 0 0 0 0 1 1 R 0
600 12599 24045 549 22907 515 9554 1 0 4 0 0 0 0 0 0 1 1 R 0
601 12617 17206 683 17261 641 3679 1 0 0 0 0 0 0 0 0 2 1 R 0
602 12637 18948 776 19038 669 4379 1 0 0 0 0 0 0 0 0 2 1 R 0
603 12660 22452 544 21024 513 5020 1 0 4 0 0 0 0 0 0 1 1 R 0
604 12679 18813 1156 18845 1134 3831 1 0 0 0 0 1 0 0 0 1 1 R 0
605 12702 21554 854 20493 828 4829 1 0 1 0 0 0 0 0 0 2 1 R 0
606 12719 16486 892 16557 826 3133 1 0 0 0 0 0 0 0 0 1 1 R 0
607 12742 21301 1305 20190 1258 5561 1 0 4 0 0 0 0 0 0 2 1 R 0
608 12760 17171 1190 17249 1113 3127 1 0 0 0 0 0 0 0 0 2 1 R 0
609 12781 20212 543 20231 509 4210 1 0 0 0 0 0 0 0 0 1 1 R 0
610 12804 22192 529 20553 498 3466 1 0 4 0 0 0 0 0 0 2 1 R 0
611 12822 16895 1208 16949 1176 3022 1 0 0 0 0 0 0 0 0 1 1 R 0
612 12841 17721 697 17769 641 3998 1 0 0 0 0 0 0 0 0 2 1 R 0
613 12864 23238 652 22458 639 4476 1 0 4 0 0 0 0 0 0 2 1 R 0
614 12884 18756 525 18771 494 4019 1 0 0 0 0 0 0 0 0 1 1 R 0
615 12909 24895 584 23570 554 7608 1 0 1 0 0 0 0 0 0 1 1 R 0
616 12927 17258 671 17302 634 3504 1 0 0 0 0 0 0 0 0 2 1 R 0
617 12949 21660 758 20693 670 6161 1 0 4 0 0 0 0 0 0 2 1 R 0
618 12970 19301 583 19325 552 3793 1 0 0 0 0 0 0 0 0 1 1 R 0
619 12991 20923 549 20462 517 5383 1 0 1 0 0 0 0 0 0 1 1 R 0
620 13013 21474 572 20301 540 3769 1 0 4 0 0 0 0 0 0 1 1 R 0
621 13031 17421 698 17491 649 3242 1 0 0 0 0 0 0 0 0 2 1 R 0
622 13050 17897 661 17921 632 3281 1 0 0 0 0 0 0 0 0 2 1 R 0
623 13071 20870 644 20898 611 4371 1 0 0 0 0 0 0 0 0 1 1 R 0
624 13095 23188 551 20581 518 5767 1 0 5 0 0 0 0 0 0 1 1 R 0
625 13115 19877 531 19909 501 3816 1 0 0 0 0 0 0 0 0 2 1 R 0
626 13134 17727 734 17783 669 3261 1 0 0 0 0 0 0 0 0 1 1 R 0
627 13157 22219 587 21081 563 3420 1 0 4 0 0 0 0 0 0 1 1 R 0
628 13177 19468 526 19479 495 4325 1 0 0 0 0 0 0 0 0 2 1 R 0
629 13197 20127 526 20157 497 4296 1 0 0 0 0 0 0 0 0 1 1 R 0
630 13222 24020 962 22683 929 7839 1 0 4 0 0 0 0 0 0 1 1 R 0
631 13240 17468 677 17506 646 3105 1 0 0 0 0 0 0 0 0 1 1 R 0
632 13259 18412 686 18456 636 3554 1 0 0 0 0 0 0 0 0 2 1 R 0
633 13281 20577 580 20608 547 4096 1 0 0 0 0 0 0 0 0 1 1 R 0
634 13304 22425 524 20396 493 7772 1 0 5 0 0 0 0 0 0 1 1 R 0
635 13324 19845 849 19944 751 3399 1 0 0 0 0 0 0 0 0 2 1 R 0
636 13342 17014 1503 17074 1467 3018 1 0 0 0 0 0 0 0 0 2 1 R 0
637 13364 21004 673 19854 653 3147 1 0 4 0 0 0 0 0 0 1 1 R 0
638 13385 20261 530 20270 500 4135 1 0 0 0 0 0 0 0 0 2 1 R 0
639 13405 19384 540 19415 506 3880 1 0 0 0 0 0 0 0 0 1 1 R 0
640 13427 21372 638 20294 617 3340 1 0 4 0 0 0 0 0 0 2 1 R 0
641 13446 17788 675 17822 635 3655 1 0 0 0 0 0 0 0 0 1 1 R 0
642 13465 18982 820 19039 783 4886 1 0 0 0 0 0 0 0 0 2 1 R 0
643 13487 20427 519 20434 492 4807 1 0 0 0 0 0 0 0 0 1 1 R 0
644 13509 21438 546 19356 513 7599 1 0 5 0 0 0 0 0 0 1 1 R 0
645 13531 22353 532 22382 503 7066 1 0 0 0 0 0 0 0 0 2 1 R 0
646 13550 17548 967 17612 905 3200 1 0 0 0 0 1 0 0 0 1 1 R 0
647 13574 23519 522 21880 488 3106 1 0 4 0 0 0 0 0 0 2 1 R 0
648 13593 18783 520 18812 492 3782 1 0 0 0 0 0 0 0 0 1 1 R 0
649 13614 19944 507 19971 476 3815 1 0 0 0 0 0 0 0 0 2 1 R 0
650 13638 23942 498 22445 464 4273 1 0 6 0 0 0 0 0 0 1 1 R 0
651 13656 17335 799 17403 750 3613 1 0 0 0 0 0 0 0 0 2 1 R 0
652 13676 19580 735 19641 714 5300 1 0 0 0 0 0 0 0 0 2 1 R 0
653 13699 21706 546 19910 506 5237 1 0 1 0 0 0 0 0 0 1 1 R 0
654 13721 21719 538 20619 509 6152 1 0 4 0 0 0 0 0 0 2 1 R 0
655 13740 17937 675 17973 652 3014 1 0 0 0 0 0 0 0 0 1 1 R 0
656 13759 18424 704 18465 673 3183 1 0 0 0 0 0 0 0 0 2 1 R 0
657 13783 23259 507 21801 477 4249 1 0 4 0 0 0 0 0 0 1 1 R 0
658 13801 18276 739 18309 710 3960 1 0 0 0 0 0 0 0 0 1 1 R 0
659 13822 19997 985 20427 555 3869 1 0 0 0 0 0 0 0 0 2 1 R 0
660 13846 23279 625 22195 606 6145 1 0 4 0 0 0 0 0 0 1 1 R 0
661 13865 18241 594 18266 576 3685 1 0 0 0 0 0 0 0 0 2 1 R 0
662 13884 18392 739 18472 653 3771 1 0 0 0 0 0 0 0 0 2 1 R 0
663 13907 21740 544 20713 505 5033 1 0 1 0 0 0 0 0 0 1 1 R 0
664 13929 21292 602 20269 572 5319 1 0 4 0 0 0 0 0 0 2 1 R 0
665 13947 17603 686 17662 635 3545 1 0 0 0 0 0 0 0 0 1 1 R 0
666 13966 18457 653 18484 632 4525 1 0 0 0 0 0 0 0 0 2 1 R 0
667 13990 23133 537 21354 508 4949 1 0 4 0 0 0 0 0 0 1 1 R 0
668 14009 18626 552 18659 512 4253 1 0 0 0 0 0 0 0 0 2 1 R 0
669 14030 20439 656 20110 624 4934 1 0 1 0 0 0 0 0 0 1 1 R 0
670 14048 17307 703 17367 643 3234 1 0 0 0 0 0 0 0 0 2 1 R 0
671 14069 20814 749 19919 734 6016 1 0 4 0 0 0 0 0 0 1 1 R 0
672 14089 19148 655 19156 631 3361 1 0 0 0 0 0 0 0 0 2 1 R 0
673 14111 20677 543 19681 491 5677 1 0 1 0 0 0 0 0 0 1 1 R 0
674 14133 21426 606 19950 565 3630 1 0 4 0 0 0 0 0 0 1 1 R 0
675 14155 21452 955 21529 895 6174 1 0 0 0 0 0 0 0 0 2 1 R 0
676 14174 18618 706 18644 680 3121 1 0 0 0 0 0 0 0 0 2 1 R 0
677 14193 18339 2459 18365 1346 3033 1 0 1 0 3 0 0 0 0 1 1 R 0
678 14215 19527 544 19530 511 3752 1 0 0 0 0 0 0 0 0 2 1 R 0
679 14235 19258 668 19282 656 3503 1 0 0 0 0 0 0 0 0 1 1 R 0
680 14254 17866 756 17920 709 3347 1 0 0 0 0 0 0 0 0 2 1 R 0
681 14277 22146 528 21185 500 3474 1 0 4 0 0 0 0 0 0 2 1 R 0
682 14297 20411 513 19592 488 4231 1 0 1 0 0 0 0 0 0 1 1 R 0
683 14317 19317 569 19345 544 4338 1 0 0 0 0 0 0 0 0 1 1 R 0
684 14339 20992 561 19698 506 3679 1 0 4 0 0 0 0 0 0 1 1 R 0
685 14357 17516 678 17557 655 3556 1 0 0 0 0 0 0 0 0 2 1 R 0
686 14376 18466 646 18493 613 4502 1 0 0 0 0 0 0 0 0 2 1 R 0
687 14398 20838 627 20876 579 4648 1 0 0 0 0 0 0 0 0 1 1 R 0
688 14419 20891 542 19938 513 6562 1 0 4 0 0 0 0 0 0 1 1 R 0
689 14440 20097 563 20131 535 3972 1 0 0 0 0 0 0 0 0 2 1 R 0
690 14461 20351 699 20409 654 6520 1 0 0 0 0 0 0 0 0 1 1 R 0
691 14484 22814 638 21660 604 3056 1 0 4 0 0 0 0 0 0 2 1 R 0
692 14505 20408 540 19312 502 3802 1 0 1 0 0 0 0 0 0 1 1 R 0
693 14526 20001 633 20078 562 3810 1 0 0 0 0 0 0 0 0 2 1 R 0
694 14547 21052 655 19808 636 3654 1 0 4 0 0 0 0 0 0 1 1 R 0
695 14565 17358 690 17383 684 3653 1 0 0 0 0 0 0 0 0 2 1 R 0
696 14587 20960 901 20981 851 5406 1 0 0 0 0 0 0 0 0 1 1 R 0
697 14607 19419 639 19478 588 4317 1 0 0 0 0 0 0 0 0 1 1 R 0
698 14629 20699 548 19518 509 6063 1 0 4 0 0 0 0 0 0 1 1 R 0
699 14651 22122 523 22166 478 4557 1 0 0 0 0 0 0 0 0 2 1 R 0
700 14669 17015 721 17098 656 3058 1 0 0 0 0 0 0 0 0 1 1 R 0
701 14694 24427 846 23061 791 5943 1 0 4 0 0 0 0 0 0 2 1 R 0
702 14716 20810 543 19810 509 5795 1 0 1 0 0 0 0 0 0 1 1 R 0
703 14736 19205 534 19229 509 3999 1 0 0 0 0 0 0 0 0 1 1 R 0
704 14757 20980 662 19878 645 3367 1 0 4 0 0 0 0 0 0 2 1 R 0
705 14779 20957 724 21005 687 6599 1 0 0 0 0 0 0 0 0 2 1 R 0
706 14797 17608 740 17669 686 3513 1 0 0 0 0 0 0 0 0 1 1 R 0
707 14818 20303 1328 20314 1311 4970 1 0 0 0 0 1 0 0 0 2 1 R 0
708 14841 21348 553 20219 520 6401 1 0 4 0 0 0 0 0 0 1 1 R 0
709 14860 18468 708 18520 652 3707 1 0 0 0 0 0 0 0 0 1 1 R 0
710 14878 17279 794 17372 703 3150 1 0 0 0 0 0 0 0 0 2 1 R 0
711 14903 24802 705 22423 660 4965 1 0 5 0 0 0 0 0 0 2 1 R 0
712 14923 18830 500 18851 482 3479 1 0 0 0 0 0 0 0 0 2 1 R 0
713 14943 19921 520 19944 492 3863 1 0 0 0 0 0 0 0 0 1 1 R 0
714 14961 17715 2299 17781 1819 3797 1 0 0 0 2 0 0 0 0 1 1 R 0
715 14988 24592 535 21369 496 3167 1 0 3 0 0 0 0 0 0 2 1 R 0
716 15011 22153 721 19819 670 5290 1 0 2 0 0 0 0 0 0 1 1 R 0
717 15032 20028 1969 20051 1419 3918 1 0 0 0 2 0 0 0 0 2 1 R 0
718 15054 20123 525 18639 493 3216 1 0 2 0 0 0 0 0 0 1 1 R 0
719 15072 17215 1264 17265 1242 3041 1 0 0 0 0 0 0 0 0 1 1 R 0
720 15096 22763 533 22775 504 8141 1 0 0 0 0 0 0 0 0 1 1 R 0
721 15119 23093 533 20818 501 6721 1 0 5 0 0 0 0 0 0 2 1 R 0
722 15139 18776 544 18811 511 4370 1 0 0 0 0 0 0 0 0 1 1 R 0
723 15159 19492 537 19519 513 4029 1 0 0 0 0 0 0 0 0 1 1 R 0
724 15179 19848 704 18428 644 3505 1 0 4 0 0 0 0 0 0 2 1 R 0
725 15197 17669 721 17745 647 3692 1 0 0 0 0 0 0 0 0 2 1 R 0
726 15219 20622 519 20634 491 5389 1 0 0 0 0 0 0 0 0 1 1 R 0
727 15239 19466 533 19499 503 4331 1 0 0 0 0 0 0 0 0 1 1 R 0
728 15260 20892 554 20003 516 6125 1 0 4 0 0 0 0 0 0 1 1 R 0
729 15278 17749 678 17811 618 3099 1 0 0 0 0 0 0 0 0 2 1 R 0
730 15297 17483 669 17555 599 4068 1 0 0 0 0 0 0 0 0 2 1 R 0
731 15320 23169 701 19710 685 6004 1 0 5 0 0 0 0 0 0 2 1 R 0
732 15341 19522 530 19522 499 3780 1 0 0 0 0 0 0 0 0 1 1 R 0
733 15360 18954 514 18981 483 3465 1 0 0 0 0 0 0 0 0 0 1 R 0
734 15378 17200 710 17266 652 3082 1 0 0 0 0 0 0 0 0 2 1 R 0
735 15404 25295 524 24403 492 9553 1 0 4 0 0 0 0 0 0 2 1 R 0
736 15424 19334 523 19371 489 3802 1 0 0 0 0 0 0 0 0 1 1 R 0
737 15444 19651 524 19680 495 3875 1 0 0 0 0 0 0 0 0 1 1 R 0
738 15465 20753 533 19303 498 3401 1 0 4 0 0 0 0 0 0 2 1 R 0
739 15484 18276 689 18347 618 3179 1 0 0 0 0 1 0 0 0 1 1 R 0
740 15505 20275 903 19089 874 3611 1 0 1 0 0 0 0 0 0 3 1 R 0
741 15528 21884 500 21055 478 3686 1 0 4 0 0 0 0 0 0 1 1 R 0
742 15548 19254 547 19289 516 4328 1 0 0 0 0 0 0 0 0 1 1 R 0
743 15568 19725 805 19766 923 3678 1 0 0 0 0 0 0 0 0 1 1 R 0
744 15586 17146 669 17025 644 3460 1 0 0 0 0 0 0 0 0 2 1 R 0
745 15608 21153 686 20112 622 5946 1 0 4 0 0 0 0 0 0 2 1 R 0
746 15628 19788 523 19814 494 4179 1 0 0 0 0 0 0 0 0 1 1 R 0
747 15648 19057 585 19092 551 4297 1 0 0 0 0 0 0 0 0 1 1 R 0
748 15670 21373 542 19956 505 4044 1 0 4 0 0 0 0 0 0 1 1 R 0
749 15687 17245 785 17307 731 3515 1 0 0 0 0 0 0 0 0 2 1 R 0
750 15712 23661 1411 22396 1367 7868 1 0 1 0 0 0 0 0 0 2 1 R 0
751 15733 20180 1479 20196 891 4074 1 0 1 0 3 0 0 0 0 1 1 R 0
752 15755 19654 631 19163 565 3795 1 0 0 0 0 0 0 0 0 1 1 R 0
753 15775 19801 582 19850 530 3701 1 0 0 0 0 0 0 0 0 2 1 R 0
754 15794 18021 721 18080 667 3045 1 0 0 0 0 0 0 0 0 1 1 R 0
755 15817 22255 536 21212 503 3193 1 0 4 0 0 0 0 0 0 2 1 R 0
756 15836 19106 538 19139 507 4298 1 0 0 0 0 0 0 0 0 1 1 R 0
757 15857 20142 616 20190 574 4464 1 0 0 0 0 0 0 0 0 1 1 R 0
758 15879 21463 508 20021 476 4315 1 0 4 0 0 0 0 0 0 2 1 R 0
759 15897 17552 723 17620 678 3568 1 0 0 0 0 0 0 0 0 1 1 R 0
760 15918 20684 891 19746 841 4540 1 0 1 0 0 0 0 0 0 2 1 R 0
761 15937 18013 830 18102 760 3515 1 0 0 0 0 0 0 0 0 2 1 R 0
762 15960 21541 546 20394 512 6397 1 0 4 0 0 0 0 0 0 1 1 R 0
763 15980 19578 525 19603 494 3893 1 0 0 0 0 0 0 0 0 1 1 R 0
764 15998 17202 755 17267 698 3180 1 0 0 0 0 0 0 0 0 2 1 R 0
765 16024 25968 577 24480 540 7314 1 0 4 0 0 0 0 0 0 2 1 R 0
766 16044 18991 527 19022 496 3863 1 0 0 0 0 0 0 0 0 1 1 R 0
767 16064 19695 529 19726 494 3873 1 0 0 0 0 0 0 0 0 1 1 R 0
768 16084 19366 2419 19408 1235 4025 1 0 1 0 3 0 0 0 0 1 1 R 0
769 16105 18340 691 18330 654 3072 1 0 0 0 0 0 0 0 0 2 1 R 0
770 16125 19573 696 18203 675 3048 1 0 1 0 0 0 0 0 0 1 1 R 0
771 16146 20754 575 20774 542 3963 1 0 0 0 0 0 0 0 0 2 1 R 0
772 16168 21249 684 20029 657 4580 1 0 4 0 0 0 0 0 0 1 1 R 0
773 16188 19223 533 19245 505 3916 1 0 0 0 0 0 0 0 0 1 1 R 0
774 16207 18352 731 18409 678 3860 1 0 0 0 0 0 0 0 0 2 1 R 0
775 16229 20963 3222 19041 1851 3496 1 0 4 0 0 0 0 0 0 2 1 R 0
776 16250 18010 775 18052 739 3499 1 0 0 0 0 0 0 0 0 1 1 R 0
777 16271 20388 532 20407 500 3694 1 0 0 0 0 0 0 0 0 1 1 R 0
778 16290 18704 641 18729 607 3331 1 0 0 0 0 0 0 0 0 1 1 R 0
779 16314 22622 623 20250 588 3258 1 0 5 0 0 0 0 0 0 2 1 R 0
780 16336 22002 542 22017 506 7452 1 0 0 0 0 0 0 0 0 1 1 R 0
781 16356 19607 526 19644 498 4318 1 0 0 0 0 0 0 0 0 1 1 R 0
782 16378 21296 554 19927 522 5022 1 0 4 0 0 0 0 0 0 1 1 R 0
783 16399 19964 513 19981 494 4068 1 0 0 0 0 0 0 0 0 2 1 R 0
784 16417 17468 712 17503 671 3517 1 0 0 0 0 0 0 0 0 2 1 R 0
785 16440 22139 823 20753 789 4554 1 0 4 0 0 0 0 0 0 2 1 R 0
786 16460 19607 537 19631 505 3790 1 0 0 0 0 0 0 0 0 1 1 R 0
787 16480 19522 541 19554 509 3818 1 0 0 0 0 0 0 0 0 1 1 R 0
788 16499 18070 721 18136 669 3615 1 0 0 0 0 0 0 0 0 1 1 R 0
789 16522 22597 910 20735 884 5633 1 0 5 0 0 0 0 0 0 2 1 R 0
790 16540 17085 671 17135 616 3110 1 0 0 0 0 0 0 0 0 2 1 R 0
791 16561 20151 532 20184 498 4163 1 0 0 0 0 0 0 0 0 1 1 R 0
792 16584 22090 539 20407 506 3846 1 0 5 0 0 0 0 0 0 1 1 R 0
793 16602 17650 1305 17697 1285 3374 1 0 0 0 0 0 0 0 0 2 1 R 0
794 16620 16924 762 16974 686 3174 1 0 0 0 0 0 0 0 0 1 1 R 0
795 16647 26248 583 24741 561 6883 1 0 4 0 0 0 0 0 0 2 1 R 0
796 16666 18879 533 18910 503 4341 1 0 0 0 0 0 0 0 0 1 1 R 0
797 16687 20249 543 20280 516 4311 1 0 0 0 0 0 0 0 0 2 1 R 0
798 16705 17548 667 17598 610 3644 1 0 0 0 0 0 0 0 0 1 1 R 0
799 16729 22991 629 20888 579 5956 1 0 5 0 0 0 0 0 0 2 1 R 0
800 16747 17140 661 17186 636 3527 1 0 0 0 0 0 0 0 0 2 1 R 0
801 16768 20654 528 20663 504 5441 1 0 0 0 0 0 0 0 0 1 1 R 0
802 16790 21672 542 20171 509 4236 1 0 4 0 0 0 0 0 0 1 1 R 0
803 16809 18023 719 18088 663 3150 1 0 0 0 0 0 0 0 0 2 1 R 0
804 16827 17986 763 18012 728 3547 1 0 0 0 0 0 0 0 0 2 1 R 0
805 16848 19342 701 19381 681 4331 1 0 0 0 0 0 0 0 0 1 1 R 0
806 16870 21655 542 20486 512 6595 1 0 4 0 0 0 0 0 0 2 1 R 0
807 16890 19330 519 19368 482 3903 1 0 0 0 0 0 0 0 0 1 1 R 0
808 16908 17886 699 17939 659 3553 1 0 0 0 0 0 0 0 0 1 1 R 0
809 16933 24225 1198 21532 1176 4522 1 0 5 0 0 1 0 0 0 2 1 R 0
810 16956 21746 532 21767 503 6654 1 0 0 0 0 0 0 0 0 2 1 R 0
811 16978 20965 591 20745 561 4344 1 0 1 0 0 0 0 0 0 1 1 R 0
812 16999 20926 566 19429 526 4220 1 0 4 0 0 0 0 0 0 1 1 R 0
813 17017 17482 645 17521 611 3462 1 0 0 0 0 0 0 0 0 2 1 R 0
814 17037 18838 653 18857 639 4051 1 0 0 0 0 0 0 0 0 1 1 R 0
815 17058 20291 538 20298 510 4706 1 0 0 0 0 0 0 0 0 2 1 R 0
816 17080 21602 539 20457 507 6353 1 0 4 0 0 0 0 0 0 1 1 R 0
817 17101 20729 528 20755 495 3828 1 0 0 0 0 0 0 0 0 2 1 R 0
818 17121 19255 662 18385 645 2984 1 0 1 0 0 0 0 0 0 1 1 R 0
819 17144 22831 1029 21406 978 3812 1 0 4 0 0 0 0 0 0 2 1 R 0
820 17164 19173 527 19207 493 3885 1 0 0 0 0 0 0 0 0 1 1 R 0
821 17185 19549 580 19580 551 4100 1 0 0 0 0 0 0 0 0 0 1 R 0
822 17205 20326 993 19765 781 3252 1 0 4 0 0 0 0 0 0 2 1 R 0
823 17225 18695 680 18643 647 3082 1 0 0 0 0 0 0 0 0 1 1 R 0
824 17244 18594 763 18622 731 3579 1 0 0 0 0 0 0 0 0 2 1 R 0
825 17268 23061 664 23092 637 7995 1 0 0 0 0 0 0 0 0 2 1 R 0
826 17290 20896 906 19783 864 6167 1 0 4 0 0 0 0 0 0 2 1 R 0
827 17310 19479 521 19513 488 3778 1 0 0 0 0 0 0 0 0 0 1 R 0
828 17330 18914 802 18024 746 4389 1 0 1 0 0 0 0 0 0 2 1 R 0
829 17352 21237 1515 19993 1480 3162 1 0 4 0 0 0 0 0 0 1 1 R 0
830 17370 17141 720 17172 686 3171 1 0 0 0 0 0 0 0 0 2 1 R 0
831 17392 20482 542 20506 512 3801 1 0 0 0 0 0 0 0 0 1 1 R 0
832 17411 18962 812 19047 727 3641 1 0 0 0 0 1 0 0 0 2 1 R 0
833 17432 19641 1283 18710 1256 3398 1 0 4 0 0 0 0 0 0 2 1 R 0
834 17450 16957 758 16977 742 3231 1 0 0 0 0 0 0 0 0 1 1 R 0
835 17470 19369 756 19377 727 3909 1 0 0 0 0 0 0 0 0 2 1 R 0
836 17493 22768 534 21336 498 3817 1 0 4 0 0 0 0 0 0 2 1 R 0
837 17514 19812 504 19843 470 3334 1 0 0 0 0 0 0 0 0 1 1 R 0
838 17534 19735 684 18336 639 3205 1 0 1 0 0 0 0 0 0 2 1 R 0
839 17555 20735 901 20357 555 3887 1 0 4 0 0 0 0 0 0 1 1 R 0
840 17579 22648 542 22672 511 7173 1 0 0 0 0 0 0 0 0 1 1 R 0
841 17599 19434 530 19462 495 4602 1 0 0 0 0 0 0 0 0 1 1 R 0
842 17618 18985 740 19034 710 4362 1 0 0 0 0 0 0 0 0 1 1 R 0
843 17640 20433 556 19343 526 5640 1 0 4 0 0 0 0 0 0 2 1 R 0
844 17657 17125 676 17167 649 3558 1 0 0 0 0 0 0 0 0 1 1 R 0
845 17679 20651 582 20668 548 5282 1 0 0 0 0 0 0 0 0 2 1 R 0
846 17701 21723 514 20331 479 4236 1 0 4 0 0 0 0 0 0 1 1 R 0
847 17722 20660 906 19595 859 3861 1 0 1 0 0 0 0 0 0 1 1 R 0
848 17740 17030 706 17064 682 3000 1 0 0 0 0 0 0 0 0 2 1 R 0
849 17759 18316 727 18359 670 3117 1 0 0 0 0 0 0 0 0 2 1 R 0
850 17783 23132 829 21553 781 7934 1 0 4 0 0 0 0 0 0 1 1 R 0
851 17803 19351 571 19377 529 3863 1 0 0 0 0 0 0 0 0 1 1 R 0
852 17823 19758 533 19791 499 3747 1 0 0 0 0 0 0 0 0 2 1 R 0
853 17845 20724 663 19625 643 3041 1 0 4 0 0 0 0 0 0 1 1 R 0
854 17863 17643 720 17660 690 3065 1 0 0 0 0 0 0 0 0 2 1 R 0
855 17887 23200 566 23224 536 7313 1 0 0 0 0 0 0 0 0 1 1 R 0
856 17908 20750 532 19532 503 4276 1 0 4 0 0 0 0 0 0 1 1 R 0
857 17929 20531 650 19535 627 4153 1 0 1 0 0 0 0 0 0 2 1 R 0
858 17947 17037 788 17107 719 3491 1 0 0 0 0 0 0 0 0 1 1 R 0
859 17967 18880 663 18896 641 4725 1 0 0 0 0 0 0 0 0 2 1 R 0
860 17990 22428 538 21281 505 6995 1 0 4 0 0 0 0 0 0 1 1 R 0
861 18010 20029 534 20063 501 4332 1 0 0 0 0 0 0 0 0 2 1 R 0
862 18031 19941 536 19460 505 3891 1 0 1 0 0 0 0 0 0 1 1 R 0
863 18053 22084 569 20873 534 3258 1 0 4 0 0 0 0 0 0 2 1 R 0
864 18071 17025 674 17064 645 3047 1 0 0 0 0 0 0 0 0 1 1 R 0
865 18092 20058 890 20077 864 3966 1 0 0 0 0 0 0 0 0 1 1 R 0
866 18112 19155 1465 19184 1067 3875 1 0 0 0 2 0 0 0 0 1 1 R 0
867 18136 22574 873 19983 835 5746 1 0 3 0 0 0 0 0 0 2 1 R 0
868 18154 17615 756 17638 738 3095 1 0 0 0 0 0 0 0 0 2 1 R 0
869 18174 18677 661 18720 610 3320 1 0 0 0 0 0 0 0 0 1 1 R 0
870 18199 24623 614 23405 581 7230 1 0 4 0 0 0 0 0 0 1 1 R 0
871 18219 19670 547 19694 515 4398 1 0 0 0 0 0 0 0 0 2 1 R 0
872 18239 18685 1033 18771 961 3944 1 0 0 0 0 0 0 0 0 1 1 R 0
873 18260 20350 703 19163 646 3509 1 0 4 0 0 0 0 0 0 2 1 R 0
874 18278 17831 800 17915 720 3208 1 0 0 0 0 0 0 0 0 2 1 R 0
875 18300 20786 534 20799 504 4975 1 0 0 0 0 0 0 0 0 1 1 R 0
876 18321 20432 494 19607 470 3803 1 0 1 0 0 0 0 0 0 1 1 R 0
877 18343 21786 667 20839 615 4717 1 0 4 0 0 0 0 0 0 2 1 R 0
878 18361 16874 670 16931 630 3167 1 0 0 0 0 0 0 0 0 1 1 R 0
879 18380 18787 793 18820 751 3444 1 0 0 0 0 0 0 0 0 2 1 R 0
880 18404 22506 530 20947 494 3819 1 0 4 0 0 0 0 0 0 1 1 R 0
881 18424 19842 516 19871 488 3895 1 0 0 0 0 0 0 0 0 1 1 R 0
882 18442 17697 1575 18422 867 3376 1 0 0 0 0 0 0 0 0 2 1 R 0
883 18461 17371 702 17416 654 3022 1 0 0 0 0 0 0 0 0 2 1 R 0
884 18485 23015 905 21093 862 3805 1 0 4 0 0 0 0 0 0 1 1 R 0
885 18508 21995 555 22019 521 8081 1 0 0 0 0 0 0 0 0 1 1 R 0
886 18529 20779 544 19358 503 4338 1 0 1 0 0 0 0 0 0 2 1 R 0
887 18550 20487 732 19494 697 5765 1 0 4 0 0 0 0 0 0 1 1 R 0
888 18569 17748 987 17803 954 3173 1 0 0 0 0 0 0 0 0 2 1 R 0
889 18589 19253 797 19274 772 4134 1 0 0 0 0 0 0 0 0 2 1 R 0
890 18612 21889 539 20709 502 4280 1 0 4 0 0 0 0 0 0 1 1 R 0
891 18632 19511 555 19540 525 3911 1 0 0 0 0 0 0 0 0 1 1 R 0
892 18652 19426 1409 19471 1381 4582 1 0 0 0 0 0 0 0 0 2 1 R 0
893 18670 17028 791 17076 741 3178 1 0 0 0 0 0 0 0 0 1 1 R 0
894 18694 23104 518 21178 493 3276 1 0 4 0 0 0 0 0 0 2 1 R 0
895 18714 19504 523 19530 493 3867 1 0 0 0 0 0 0 0 0 1 1 R 0
896 18735 20578 706 19413 673 3976 1 0 1 0 0 0 0 0 0 1 1 R 0
897 18759 22927 554 21121 516 3823 1 0 4 0 0 0 0 0 0 2 1 R 0
898 18780 21003 543 21034 508 4795 1 0 0 0 0 0 0 0 0 1 1 R 0
899 18802 21155 1006 21189 980 4080 1 0 0 0 0 0 0 0 0 0 1 R 0
900 18827 24376 535 23152 503 8486 1 0 4 0 0 0 0 0 0 3 1 R 0
901 18848 19888 522 19916 484 4259 1 0 0 0 0 0 0 0 0 1 1 R 0
902 18866 17871 680 17927 645 3622 1 0 0 0 0 0 0 0 0 1 1 R 0
903 18888 21098 524 19608 497 3593 1 0 4 0 0 0 0 0 0 2 1 R 0
904 18909 20926 545 20019 512 5939 1 0 1 0 0 0 0 0 0 1 1 R 0
905 18930 20431 556 19414 517 4328 1 0 1 0 0 0 0 0 0 1 1 R 0
906 18951 20174 541 20206 510 4112 1 0 0 0 1 0 0 0 0 1 1 R 0
907 18976 24687 605 21562 556 3849 1 0 5 0 0 0 0 0 0 2 1 R 0
908 18995 17624 679 17662 655 3073 1 0 0 0 0 0 0 0 0 2 1 R 0
909 19015 19694 724 19755 659 3732 1 0 0 0 0 0 0 0 0 1 1 R 0
910 19037 21812 580 20756 550 4021 1 0 4 0 0 0 0 0 0 1 1 R 0
911 19057 19168 538 19187 504 3978 1 0 0 0 0 0 0 0 0 1 1 R 0
912 19077 18807 1565 18854 1549 3712 1 0 0 0 0 1 0 0 0 2 1 R 0
913 19098 20361 625 18817 579 3580 1 0 4 0 0 0 0 0 0 2 1 R 0
914 19118 18858 1112 18945 1062 3766 1 0 0 0 0 0 0 0 0 1 1 R 0
915 19143 24311 527 23238 496 10501 1 0 1 0 0 0 0 0 0 1 1 R 0
916 19165 21401 870 20803 692 3850 1 0 3 0 1 0 0 0 0 2 1 R 0
917 19185 18367 676 18399 646 3164 1 0 0 0 0 0 0 0 0 1 1 R 0
918 19205 20093 523 20117 490 3630 1 0 0 0 0 0 0 0 0 1 1 R 0
919 19225 19404 537 19435 505 3597 1 0 0 0 0 0 0 0 0 1 1 R 0
920 19247 20815 563 19485 527 3818 1 0 4 0 0 0 0 0 0 2 1 R 0
921 19266 19261 679 19316 632 3872 1 0 0 0 0 0 0 0 0 1 1 R 0
922 19285 17833 865 17861 842 3473 1 0 0 0 0 0 0 0 0 1 1 R 0
923 19307 21556 763 20477 749 3031 1 0 4 0 0 0 0 0 0 2 1 R 0
924 19329 20960 536 20142 500 4340 1 0 1 0 0 0 0 0 0 1 1 R 0
925 19350 19898 857 19966 788 4503 1 0 0 0 0 1 0 0 0 2 1 R 0
926 19368 17485 718 17552 665 3211 1 0 0 0 0 0 0 0 0 1 1 R 0
927 19389 20307 682 19372 624 5176 1 0 4 0 0 0 0 0 0 1 1 R 0
928 19408 18406 881 18507 799 3623 1 0 0 0 0 0 0 0 0 2 1 R 0
929 19428 19562 541 19577 510 4290 1 0 0 0 0 0 0 0 0 1 1 R 0
930 19454 25123 538 23475 505 8476 1 0 4 0 0 0 0 0 0 1 1 R 0
931 19472 17353 1356 17405 1319 3074 1 0 0 0 0 0 0 0 0 2 1 R 0
932 19491 17980 656 18011 611 3852 1 0 0 0 0 0 0 0 0 2 1 R 0
933 19511 19137 802 19206 748 3705 1 0 0 0 0 0 0 0 0 1 1 R 0
934 19536 24262 549 20736 514 5686 1 0 6 0 0 0 0 0 0 2 1 R 0
935 19556 19370 531 19403 498 4312 1 0 0 0 0 0 0 0 0 1 1 R 0
936 19575 18196 709 18246 660 3100 1 0 0 0 0 0 0 0 0 2 1 R 0
937 19597 21010 735 19847 688 3126 1 0 4 0 0 0 0 0 0 2 1 R 0
938 19616 18827 761 18886 688 3520 1 0 0 0 0 0 0 0 0 1 1 R 0
939 19637 19807 547 19828 519 4628 1 0 0 0 0 0 0 0 0 1 1 R 0
940 19659 22260 574 20008 548 4345 1 0 4 0 0 0 0 0 0 1 1 R 0
941 19678 18240 700 18271 679 3723 1 0 0 0 0 0 0 0 0 2 1 R 0
942 19698 19118 618 19154 553 4931 1 0 0 0 0 0 0 0 0 2 1 R 0
943 19717 18475 640 18517 611 4376 1 0 0 0 0 0 0 0 0 2 1 R 0
944 19742 23839 1028 21483 1006 7126 1 0 5 0 0 0 0 0 0 1 1 R 0
945 19765 21848 542 21862 507 6803 1 0 0 0 0 0 0 0 0 1 1 R 0
946 19784 18799 737 18854 715 3726 1 0 0 0 0 0 0 0 0 2 1 R 0
947 19807 21942 537 20806 504 3031 1 0 4 0 0 0 0 0 0 2 1 R 0
948 19827 19646 526 19679 494 4168 1 0 0 0 0 0 0 0 0 1 1 R 0
949 19847 19227 582 19263 552 4372 1 0 0 0 0 0 0 0 0 1 1 R 0
950 19869 21455 638 19924 614 3987 1 0 4 0 0 0 0 0 0 1 1 R 0
951 19887 17572 670 17612 622 3501 1 0 0 0 0 0 0 0 0 2 1 R 0
952 19906 18465 753 18509 709 4671 1 0 0 0 0 0 0 0 0 2 1 R 0
953 19926 19454 670 19513 624 4569 1 0 0 0 0 0 0 0 0 1 1 R 0
954 19953 26469 634 24378 591 7863 1 0 5 0 0 0 0 0 0 2 1 R 0
955 19976 21941 684 20724 637 3816 1 0 1 0 0 0 0 0 0 1 1 R 0
956 20008 31088 840 25130 790 6950 1 0 8 0 0 0 0 0 0 2 1 R 0
957 20029 20819 628 20377 595 4920 1 0 1 0 0 0 0 0 0 2 1 R 0
958 20049 19522 535 19555 501 4370 1 0 0 0 0 0 0 0 0 1 1 R 0
959 20069 19254 543 19285 510 4296 1 0 0 0 0 0 0 0 0 1 1 R 0
960 20093 23185 614 22165 586 8128 1 0 4 0 0 0 0 0 0 2 1 R 0
961 20110 16812 715 16855 669 3032 1 0 0 0 0 0 0 0 0 2 1 R 0
962 20130 19261 1627 19354 706 3362 1 0 1 0 0 0 0 0 0 1 1 R 0
963 20154 22174 613 20702 569 4060 1 0 4 0 0 0 0 0 0 2 1 R 0
964 20174 19077 684 19117 665 3380 1 0 0 0 0 0 0 0 0 1 1 R 0
965 20192 17014 1341 17086 1260 2987 1 0 0 0 0 0 0 0 0 1 1 R 0
966 20210 16985 838 17063 769 3622 1 0 0 0 0 0 0 0 0 2 1 R 0
967 20233 22316 517 21113 503 5536 1 0 4 0 0 0 0 0 0 1 1 R 0
968 20252 18049 1085 18082 1067 3982 1 0 0 0 0 0 0 0 0 2 1 R 0
969 20271 18384 537 18389 501 3850 1 0 0 0 0 0 0 0 0 1 1 R 0
970 20292 20196 1404 19005 1353 3179 1 0 4 0 0 0 0 0 0 1 1 R 0
971 20310 16838 668 16890 609 3034 1 0 0 0 0 0 0 0 0 2 1 R 0
972 20329 18773 685 18816 642 3848 1 0 0 0 0 0 0 0 0 1 1 R 0
973 20351 21185 542 19606 509 4086 1 0 1 0 0 0 0 0 0 2 1 R 0
974 20374 21949 532 20499 501 4068 1 0 4 0 0 0 0 0 0 1 1 R 0
975 20396 21524 534 21556 503 6654 1 0 0 0 0 0 0 0 0 1 1 R 0
976 20414 17306 845 17398 756 3130 1 0 0 0 0 0 0 0 0 2 1 R 0
977 20438 23138 591 22075 498 3872 1 0 4 0 0 0 0 0 0 2 1 R 0
978 20457 18691 537 18723 508 4303 1 0 0 0 0 0 0 0 0 1 1 R 0
979 20478 20082 532 20108 502 4420 1 0 0 0 0 0 0 0 0 1 1 R 0
980 20498 20345 705 18934 645 3553 1 0 4 0 0 0 0 0 0 2 1 R 0
981 20517 17320 662 17353 626 3546 1 0 0 0 0 0 0 0 0 1 1 R 0
982 20539 22183 709 21172 682 4672 1 0 1 0 0 0 0 0 0 2 1 R 0
983 20559 19051 540 19078 504 4309 1 0 0 0 0 0 0 0 0 1 1 R 0
984 20582 22044 1104 20749 1096 6320 1 0 4 0 0 0 0 0 0 1 1 R 0
985 20600 16938 852 17009 752 3310 1 0 0 0 0 0 0 0 0 2 1 R 0
986 20620 18913 833 18961 801 4190 1 0 0 0 0 0 0 0 0 2 1 R 0
987 20644 23789 621 22177 570 4706 1 0 4 0 0 0 0 0 0 1 1 R 0
988 20664 18850 524 18872 496 3855 1 0 0 0 0 0 0 0 0 1 1 R 0
989 20683 19108 502 19136 479 4006 1 0 0 0 0 0 0 0 0 2 1 R 0
990 20708 24131 536 22989 510 6116 1 0 4 0 0 0 0 0 0 1 1 R 0
991 20726 17761 722 17810 687 3577 1 0 0 0 0 0 0 0 0 2 1 R 0
992 20749 21986 538 20590 503 7073 1 0 2 0 0 0 0 0 0 1 1 R 0
993 20769 19564 533 19594 507 4346 1 0 0 0 0 0 0 0 0 1 1 R 0
994 20791 21343 529 20470 499 5835 1 0 4 0 0 0 0 0 0 2 1 R 0
995 20809 17392 702 17450 642 3115 1 0 0 0 0 0 0 0 0 2 1 R 0
996 20828 18438 808 18486 780 4120 1 0 0 0 0 0 0 0 0 1 1 R 0
997 20851 22363 540 21184 506 5109 1 0 4 0 0 0 0 0 0 2 1 R 0
998 20870 18680 549 18706 517 3750 1 0 0 0 0 0 0 0 0 1 1 R 0
999 20891 19805 533 19839 498 3302 1 0 0 0 0 0 0 0 0 1 1 R 0
1000 20908 16989 766 17040 713 3048 1 0 0 0 0 0 0 0 0 2 1 R 0
1001 20930 21085 754 20336 696 6590 1 0 4 0 0 0 0 0 0 2 1 R 0
1002 20952 21363 853 20288 833 4966 1 0 1 0 0 0 0 0 0 1 1 R 0
1003 20972 18647 1127 18672 1200 3886 1 0 0 0 1 0 0 0 0 1 1 R 0
1004 20995 22481 532 20331 491 3423 1 0 4 0 0 0 0 0 0 2 1 R 0
1005 21017 20985 795 21028 781 6699 1 0 0 0 0 0 0 0 0 2 1 R 0
1006 21037 19417 871 19433 829 3389 1 0 0 0 0 0 0 0 0 1 1 R 0
1007 21059 21117 528 20035 496 4336 1 0 4 0 0 0 0 0 0 1 1 R 0
1008 21079 19442 899 19517 834 4404 1 0 0 0 0 0 0 0 0 1 1 R 0
1009 21099 19562 565 19591 534 4433 1 0 0 0 0 0 0 0 0 2 1 R 0
1010 21119 18621 654 18644 628 4235 1 0 0 0 0 0 0 0 0 1 1 R 0
1011 21141 21782 622 19793 504 5532 1 0 5 0 0 0 0 0 0 1 1 R 0
1012 21161 19079 547 19110 515 3883 1 0 0 0 0 0 0 0 0 1 1 R 0
1013 21181 19730 850 19752 824 3899 1 0 0 0 0 0 0 0 0 1 1 R 0
1014 21203 21396 1173 20151 1159 4066 1 0 4 0 0 1 0 0 0 1 1 R 0
1015 21225 20091 510 20098 485 3266 1 0 0 0 0 0 0 0 0 3 1 R 0
1016 21242 16832 1619 16894 1578 3060 1 0 0 0 0 0 0 0 0 1 1 R 0
1017 21266 22161 516 21036 493 4211 1 0 4 0 0 0 0 0 0 1 1 R 0
1018 21285 19301 530 19328 507 4348 1 0 0 0 0 1 0 0 0 1 1 R 0
1019 21306 20092 523 20124 485 3908 1 0 0 0 0 0 0 0 0 2 1 R 0
1020 21327 20539 699 20590 673 6437 1 0 0 0 0 0 0 0 0 2 1 R 0
1021 21350 22177 851 20192 766 3676 1 0 5 0 0 0 0 0 0 1 1 R 0
1022 21370 19015 597 19035 566 3795 1 0 0 0 0 0 0 0 0 1 1 R 0
1023 21390 19873 538 19907 508 3929 1 0 0 0 0 0 0 0 0 2 1 R 0
1024 21412 20654 549 19183 517 3556 1 0 4 0 0 0 0 0 0 1 1 R 0
1025 21430 17645 692 17699 640 3092 1 0 0 0 0 0 0 0 0 1 1 R 0
1026 21449 18592 676 18624 655 3978 1 0 0 0 0 0 0 0 0 1 1 R 0
1027 21471 20812 552 20828 521 5524 1 0 0 0 0 0 0 0 0 2 1 R 0
1028 21494 22468 517 21120 490 5594 1 0 4 0 0 0 0 0 0 1 1 R 0
1029 21515 20928 517 20961 481 4484 1 0 0 0 0 0 0 0 0 2 1 R 0
1030 21532 16158 1595 16211 1562 3343 1 0 0 0 0 0 0 0 0 2 1 R 0
1031 21560 26234 545 23695 510 6334 1 0 5 0 0 0 0 0 0 2 1 R 0
1032 21579 19389 602 19422 563 4267 1 0 0 0 0 0 0 0 0 1 1 R 0
1033 21600 19790 552 19829 520 4471 1 0 0 0 0 0 0 0 0 1 1 R 0
1034 21622 21507 956 20126 906 3521 1 0 4 0 0 0 0 0 0 2 1 R 0
1035 21645 21750 528 21766 496 6063 1 0 0 0 0 0 0 0 0 1 1 R 0
1036 21664 18558 666 18596 659 3229 1 0 0 0 0 0 0 0 0 1 1 R 0
1037 21686 21291 515 20490 492 4062 1 0 4 0 0 0 0 0 0 1 1 R 0
1038 21705 19132 524 19161 496 3799 1 0 0 0 0 0 0 0 0 1 1 R 0
1039 21724 18607 667 18663 622 3213 1 0 0 0 0 0 0 0 0 3 1 R 0
1040 21745 19857 684 18243 648 3115 1 0 1 0 0 0 0 0 0 1 1 R 0
1041 21767 21235 1031 20142 979 3109 1 0 4 0 0 0 0 0 0 2 1 R 0
1042 21790 21911 777 21960 724 4272 1 0 0 0 0 0 0 0 0 2 1 R 0
1043 21811 20821 624 20867 567 4326 1 0 0 0 0 0 0 0 0 3 1 R 0
1044 21833 21384 516 20200 479 3059 1 0 4 0 0 0 0 0 0 1 1 R 0
1045 21852 17543 1381 17600 1347 3071 1 0 0 0 0 0 0 0 0 1 1 R 0
1046 21873 19940 596 19965 556 3788 1 0 0 0 0 0 0 0 0 2 1 R 0
1047 21893 19467 1577 19358 1065 3841 1 0 1 0 3 0 0 0 0 1 1 R 0
1048 21913 19029 550 18478 528 3398 1 0 0 0 0 0 0 0 0 1 1 R 0
1049 21931 17329 740 17375 717 3307 1 0 0 0 0 0 0 0 0 2 1 R 0
1050 21957 24627 531 23370 498 6555 1 0 1 0 0 0 0 0 0 1 1 R 0
1051 21979 21790 549 20638 507 4599 1 0 4 0 0 0 0 0 0 2 1 R 0
1052 21999 19112 534 19147 503 4374 1 0 0 0 0 0 0 0 0 1 1 R 0
1053 22020 20617 663 20129 631 4082 1 0 1 0 0 0 0 0 0 1 1 R 0
1054 22041 20013 925 18608 858 3012 1 0 4 0 0 0 0 0 0 2 1 R 0
1055 22059 17358 690 17406 652 3137 1 0 0 0 0 0 0 0 0 2 1 R 0
1056 22078 18490 703 18520 670 4457 1 0 0 0 0 0 0 0 0 1 1 R 0
1057 22100 21582 556 21607 522 4105 1 0 0 0 0 0 0 0 0 2 1 R 0
1058 22122 21087 1013 20236 981 5410 1 0 4 0 0 0 0 0 0 1 1 R 0
1059 22140 17188 717 17240 671 3064 1 0 0 0 0 0 0 0 0 2 1 R 0
1060 22161 19736 709 18371 664 3020 1 0 1 0 0 0 0 0 0 1 1 R 0
1061 22184 23015 537 21433 500 3778 1 0 4 0 0 0 0 0 0 1 1 R 0
1062 22204 18926 532 18957 503 3817 1 0 0 0 0 0 0 0 0 2 1 R 0
1063 22224 20002 836 20027 817 3385 1 0 0 0 0 0 0 0 0 1 1 R 0
1064 22246 21156 512 19898 482 3654 1 0 4 0 0 0 0 0 0 2 1 R 0
1065 22269 21678 1142 21740 1108 6598 1 0 0 0 0 0 0 0 0 1 1 R 0
1066 22288 17894 709 17928 677 3521 1 0 0 0 0 0 0 0 0 2 1 R 0
1067 22308 19428 903 19479 831 4298 1 0 0 0 0 0 0 0 0 1 1 R 0
1068 22330 21325 578 20266 553 6022 1 0 4 0 0 0 0 0 0 2 1 R 0
1069 22350 19684 696 18441 665 3210 1 0 1 0 0 0 0 0 0 1 1 R 0
1070 22368 17525 950 17560 918 3184 1 0 0 0 0 0 0 0 0 2 1 R 0
1071 22393 23378 513 22096 490 5346 1 0 4 0 0 0 0 0 0 2 1 R 0
1072 22413 19391 581 19419 552 3810 1 0 0 0 0 0 0 0 0 1 1 R 0
1073 22432 18929 949 18961 932 4083 1 0 0 0 0 0 0 0 0 1 1 R 0
1074 22450 17177 765 17232 726 3273 1 0 0 0 0 0 0 0 0 2 1 R 0
1075 22474 22712 815 21433 778 3764 1 0 4 0 0 0 0 0 0 1 1 R 0
1076 22494 18931 561 18953 533 3846 1 0 0 0 0 0 0 0 0 1 1 R 0
1077 22514 19771 516 19802 491 3892 1 0 0 0 0 0 0 0 0 2 1 R 0
1078 22536 21978 542 20464 508 4078 1 0 4 0 0 0 0 0 0 1 1 R 0
1079 22557 19754 666 18691 625 3055 1 0 1 0 0 0 0 0 0 2 1 R 0
1080 22578 20897 749 20948 709 6703 1 0 0 0 0 0 0 0 0 2 1 R 0
1081 22601 21869 536 20693 508 3575 1 0 4 0 0 0 0 0 0 1 1 R 0
1082 22620 19096 548 19123 518 3849 1 0 0 0 0 0 0 0 0 1 1 R 0
1083 22641 19805 791 19864 735 3237 1 0 0 0 0 0 0 0 0 2 1 R 0
1084 22659 17354 707 17416 650 3011 1 0 0 0 0 0 0 0 0 2 1 R 0
1085 22680 20407 667 19382 643 6042 1 0 4 0 0 0 0 0 0 1 1 R 0
1086 22701 20240 545 20257 511 3987 1 0 0 0 0 0 0 0 0 2 1 R 0
1087 22721 19176 542 19204 512 3853 1 0 0 0 0 0 0 0 0 1 1 R 0
1088 22743 21817 523 20234 499 3783 1 0 4 0 0 0 0 0 0 1 1 R 0
1089 22762 18359 1511 17398 1492 4323 1 0 1 0 0 0 0 0 0 2 1 R 0
1090 22781 17579 1146 17622 1080 3266 1 0 0 0 0 0 0 0 0 1 1 R 0
1091 22804 21604 1121 21205 673 4187 1 0 3 0 1 0 0 0 0 2 1 R 0
1092 22825 19901 540 19919 506 3801 1 0 0 0 0 0 0 0 0 1 1 R 0
1093 22844 19030 551 19086 489 3432 1 0 0 0 0 0 0 0 0 1 1 R 0
1094 22861 16517 723 16595 665 3087 1 0 0 0 0 0 0 0 0 2 1 R 0
1095 22888 25400 556 24379 517 7084 1 0 4 0 0 0 0 0 0 1 1 R 0
1096 22916 28280 2681 20379 770 4301 1 0 6 0 0 0 0 0 0 1 1 S 0
1097 22947 27557 650 20930 635 9177 1 0 5 0 0 0 0 0 0 2 1 R 0
1098 22966 18486 878 17406 815 3506 1 0 1 0 0 0 0 0 0 1 1 R 0
1099 22987 20422 675 20005 654 6064 1 0 1 0 0 0 0 0 0 2 1 R 0
1100 23008 19999 547 20014 507 5100 1 0 0 0 0 0 0 0 0 1 1 R 0
1101 23030 21803 525 20772 493 6356 1 0 4 0 0 0 0 0 0 2 1 R 0
1102 23050 18950 627 18984 594 3728 1 0 0 0 0 0 0 0 0 1 1 R 0
1103 23067 16867 843 16957 788 3571 1 0 0 0 0 0 0 0 0 2 1 R 0
1104 23089 21425 897 20178 862 4828 1 0 4 0 0 0 0 0 0 2 1 R 0
1105 23110 20055 581 20086 528 3887 1 0 0 0 0 0 0 0 0 1 1 R 0
1106 23130 19010 550 19042 515 3769 1 0 0 0 0 0 0 0 0 1 1 R 0
1107 23152 21390 1263 20365 1256 4022 1 0 1 0 1 0 0 0 0 1 1 R 0
1108 23174 20568 694 18684 635 2985 1 0 3 0 0 0 0 0 0 2 1 R 0
1109 23192 17490 1425 17547 1391 3071 1 0 0 0 0 0 0 0 0 1 1 R 0
1110 23216 22660 528 22672 499 8470 1 0 0 0 0 0 0 0 0 1 1 R 0
1111 23238 21961 617 20700 583 4610 1 0 4 0 0 1 0 0 0 2 1 R 0
1112 23257 17876 697 17935 653 4154 1 0 0 0 0 0 0 0 0 1 1 R 0
1113 23275 17863 675 17917 619 3815 1 0 0 0 0 0 0 0 0 2 1 R 0
1114 23295 19180 660 19212 631 4803 1 0 0 0 0 0 0 0 0 2 1 R 0
1115 23318 22005 525 20853 498 3558 1 0 4 0 0 0 0 0 0 1 1 R 0
1116 23338 19497 1155 19528 1133 4240 1 0 0 0 0 1 0 0 0 1 1 R 0
1117 23360 20839 528 19581 492 4128 1 0 1 0 0 0 0 0 0 2 1 R 0
1118 23381 20213 683 19087 637 3040 1 0 4 0 0 0 0 0 0 1 1 R 0
1119 23400 18300 723 18366 677 3281 1 0 0 0 0 0 0 0 0 2 1 R 0
1120 23420 19864 544 19875 512 3783 1 0 0 0 0 0 0 0 0 1 1 R 0
1121 23441 19821 544 19855 516 3835 1 0 0 0 0 0 0 0 0 2 1 R 0
1122 23462 20621 1184 19328 1161 3803 1 0 4 0 0 0 0 0 0 1 1 R 0
1123 23480 17192 694 17245 627 3157 1 0 0 0 0 0 0 0 0 1 1 R 0
1124 23499 18427 739 18499 679 3759 1 0 0 0 0 0 0 0 0 2 1 R 0
1125 23526 26087 551 24496 517 7544 1 0 4 0 0 0 0 0 0 1 1 R 0
1126 23546 19101 632 19213 525 4303 1 0 0 0 0 0 0 0 0 2 1 R 0
1127 23567 20824 559 19820 527 5268 1 0 1 0 0 0 0 0 0 1 1 R 0
1128 23589 21232 508 19926 479 3574 1 0 4 0 0 0 0 0 0 2 1 R 0
1129 23608 18556 830 18633 781 3487 1 0 0 0 0 0 0 0 0 2 1 R 0
1130 23628 19143 545 19151 511 4208 1 0 0 0 0 0 0 0 0 1 1 R 0
1131 23649 20396 537 20430 506 4329 1 0 0 0 0 0 0 0 0 1 1 R 0
1132 23672 21995 544 20738 513 4598 1 0 4 0 0 0 0 0 0 2 1 R 0
1133 23689 17093 726 17180 666 3117 1 0 0 0 0 0 0 0 0 1 1 R 0
1134 23712 22088 1405 22172 1306 6970 1 0 0 0 0 0 0 0 0 2 1 R 0
1135 23734 20913 581 19362 548 4084 1 0 4 0 0 0 0 0 0 1 1 R 0
1136 23757 21863 530 20673 497 3817 1 0 2 0 0 0 0 0 0 1 1 R 0
1137 23776 18574 694 18631 634 3842 1 0 0 0 0 0 0 0 0 2 1 R 0
1138 23798 21361 857 19984 767 3271 1 0 4 0 0 0 0 0 0 2 1 R 0
1139 23818 19125 532 19158 503 3907 1 0 0 0 0 0 0 0 0 1 1 R 0
1140 23841 22064 539 22100 506 8363 1 0 0 0 0 0 0 0 0 1 1 R 0
1141 23861 19806 675 19184 637 3215 1 0 1 0 0 0 0 0 0 2 1 R 0
1142 23882 20226 1622 19341 1571 3999 1 0 4 0 0 0 0 0 0 1 1 R 0
1143 23901 17589 730 17632 665 3092 1 0 0 0 0 0 0 0 0 2 1 R 0
1144 23920 18644 719 18698 684 3689 1 0 0 0 0 0 0 0 0 2 1 R 0
1145 23944 22745 539 21223 509 4177 1 0 4 0 0 0 0 0 0 1 1 R 0
1146 23965 20433 591 19178 557 3127 1 0 1 0 0 0 0 0 0 1 1 R 0
1147 23984 18223 622 18270 585 3265 1 0 0 0 0 0 0 0 0 2 1 R 0
1148 24005 21063 1294 19986 842 3394 1 0 3 0 1 0 0 0 0 1 1 R 0
1149 24028 21060 554 20543 512 5021 1 0 1 0 0 0 0 0 0 2 1 R 0
1150 24047 18892 542 18924 511 4270 1 0 0 0 0 0 0 0 0 1 1 R 0
1151 24067 19732 643 19793 580 3911 1 0 0 0 0 0 0 0 0 2 1 R 0
1152 24089 20461 936 19552 882 3684 1 0 4 0 0 0 0 0 0 2 1 R 0
1153 24107 17619 652 17648 638 3491 1 0 0 0 0 0 0 0 0 1 1 R 0
1154 24129 20867 612 20879 584 5283 1 0 0 0 0 0 0 0 0 2 1 R 0
1155 24154 24499 596 23248 557 8640 1 0 4 0 0 0 0 0 0 1 1 R 0
1156 24175 20249 527 19255 495 3520 1 0 1 0 0 0 0 0 0 1 1 R 0
1157 24193 18140 668 18190 614 3104 1 0 0 0 0 0 0 0 0 1 1 R 0
1158 24212 18082 3069 18141 2401 3705 1 0 0 0 3 0 0 0 0 2 1 R 0
1159 24236 20775 526 19945 499 3221 1 0 1 0 0 0 0 0 0 2 1 R 0
1160 24256 19418 598 19467 560 3815 1 0 0 0 0 0 0 0 0 1 1 R 0
1161 24276 19227 536 19249 504 3864 1 0 0 0 0 0 0 0 0 1 1 R 0
1162 24297 20884 801 19851 758 3064 1 0 4 0 0 0 0 0 0 1 1 R 0
1163 24316 17939 664 17966 638 3638 1 0 0 0 0 0 0 0 0 2 1 R 0
1164 24336 19993 582 20011 549 4962 1 0 0 0 0 0 0 0 0 1 1 R 0
1165 24360 22906 539 20472 504 4384 1 0 5 0 0 0 0 0 0 2 1 R 0
1166 24379 19039 539 19071 506 3481 1 0 0 0 0 0 0 0 0 1 1 R 0
1167 24398 17656 605 17693 574 3654 1 0 0 0 0 0 0 0 0 2 1 R 0
1168 24416 18189 793 18268 732 4631 1 0 0 0 0 0 0 0 0 2 1 R 0
1169 24440 23192 550 22175 512 7907 1 0 4 0 0 0 0 0 0 1 1 R 0
1170 24463 22267 527 22290 500 7513 1 0 0 0 0 0 0 0 0 1 1 R 0
1171 24484 19831 621 19887 571 3677 1 0 0 0 0 0 0 0 0 2 1 R 0
1172 24505 20571 889 19531 827 3077 1 0 4 0 0 0 0 0 0 1 1 R 0
1173 24524 18123 676 18154 648 3028 1 0 0 0 0 0 0 0 0 2 1 R 0
1174 24545 20397 581 20423 551 3975 1 0 0 0 0 0 0 0 0 1 1 R 0
1175 24568 22784 818 20906 759 3874 1 0 5 0 0 0 0 0 0 1 1 R 0
1176 24588 19327 703 19376 671 4894 1 0 0 0 0 0 0 0 0 2 1 R 0
1177 24607 18093 1178 18156 1096 3693 1 0 0 0 0 0 0 0 0 2 1 R 0
1178 24627 18822 842 18873 792 4942 1 0 0 0 0 0 0 0 0 1 1 R 0
1179 24650 22009 540 21021 509 6443 1 0 4 0 0 0 0 0 0 2 1 R 0
1180 24670 19172 602 19199 572 3758 1 0 0 0 0 0 0 0 0 1 1 R 0
1181 24689 18719 700 18773 660 3954 1 0 0 0 0 0 0 0 0 1 1 R 0
1182 24710 20034 790 18821 706 3520 1 0 4 0 0 0 0 0 0 2 1 R 0
1183 24729 18017 655 18041 618 3114 1 0 0 0 0 0 0 0 0 2 1 R 0
1184 24749 19289 682 19342 648 4829 1 0 0 0 0 0 0 0 0 1 1 R 0
1185 24774 24389 1585 22830 1124 10163 1 0 2 0 3 0 0 0 0 1 1 R 0
1186 24795 19674 676 19233 647 3405 1 0 0 0 0 0 0 0 0 2 1 R 0
1187 24816 19965 528 19991 498 3887 1 0 0 0 0 0 0 0 0 1 1 R 0
1188 24835 18707 531 18736 501 4044 1 0 0 0 0 0 0 0 0 1 1 R 0
1189 24857 21969 539 20917 504 3264 1 0 4 0 0 0 0 0 0 2 1 R 0
1190 24877 19218 601 19244 571 4371 1 0 0 0 0 0 0 0 0 1 1 R 0
1191 24898 19977 733 20032 679 4003 1 0 0 0 0 0 0 0 0 1 1 R 0
1192 24918 19630 664 18119 625 3585 1 0 4 0 0 0 0 0 0 2 1 R 0
1193 24937 18524 720 18560 660 3419 1 0 0 0 0 0 0 0 0 1 1 R 0
1194 24959 20656 524 20689 497 4962 1 0 0 0 0 0 0 0 0 2 1 R 0
1195 24981 21535 544 20033 502 3823 1 0 2 0 0 0 0 0 0 1 1 R 0
1196 25003 21972 534 20405 489 3253 1 0 4 0 0 0 0 0 0 2 1 R 0
1197 25021 17323 667 17366 626 2989 1 0 0 0 0 0 0 0 0 2 1 R 0
1198 25040 18323 698 18386 641 3467 1 0 0 0 0 0 0 0 0 2 1 R 0
1199 25064 23156 576 21811 548 4253 1 0 4 0 0 0 0 0 0 1 1 R 0
1200 25087 22156 539 22192 504 7928 1 0 0 0 0 0 0 0 0 1 1 R 0
1201 25105 17563 807 17603 785 3087 1 0 0 0 0 0 0 0 0 2 1 R 0
1202 25127 21714 529 20858 497 4536 1 0 4 0 0 0 0 0 0 1 1 R 0
1203 25148 20137 615 20176 582 4390 1 0 0 0 0 0 0 0 0 1 1 R 0
1204 25168 19810 774 18160 738 4359 1 0 1 0 0 0 0 0 0 1 1 R 0
1205 25189 19901 544 19929 516 4297 1 0 0 0 0 1 0 0 0 2 1 R 0
1206 25208 18734 697 17803 661 5123 1 0 4 0 0 0 0 0 0 1 1 R 0
1207 25226 17419 792 17488 715 3711 1 0 0 0 0 0 0 0 0 2 1 R 0
1208 25246 18717 698 18758 651 5296 1 0 0 0 0 0 0 0 0 2 1 R 0
1209 25270 23151 541 22028 509 5499 1 0 4 0 0 0 0 0 0 1 1 R 0
1210 25290 19403 587 19438 542 4236 1 0 0 0 0 0 0 0 0 1 1 R 0
1211 25308 17695 706 17749 681 3806 1 0 0 0 0 0 0 0 0 2 1 R 0
1212 25326 17774 708 17805 680 3683 1 0 0 0 0 0 0 0 0 2 1 R 0
1213 25350 22619 660 21617 608 5744 1 0 4 0 0 0 0 0 0 2 1 R 0
1214 25370 19791 549 18772 512 3795 1 0 1 0 0 0 0 0 0 1 1 R 0
1215 25394 23057 630 23087 594 7550 1 0 0 0 0 0 0 0 0 1 1 R 0
1216 25414 19873 682 18787 655 3073 1 0 4 0 0 0 0 0 0 2 1 R 0
1217 25433 18463 632 18491 612 3207 1 0 0 0 0 0 0 0 0 1 1 R 0
1218 25452 17506 1494 17543 1479 3070 1 0 0 0 0 0 0 0 0 2 1 R 0
1219 25473 20361 2482 20352 1439 4256 1 0 1 0 3 1 0 0 0 1 1 R 0
1220 25496 20266 546 20179 513 3797 1 0 0 0 0 0 0 0 0 2 1 R 0
1221 25515 17911 765 17954 722 3103 1 0 0 0 0 0 0 0 0 1 1 R 0
1222 25535 19422 1013 19495 971 3852 1 0 0 0 0 0 0 0 0 2 1 R 0
1223 25556 20505 828 19609 781 3025 1 0 4 0 0 0 0 0 0 2 1 R 0
1224 25578 21104 531 20066 497 4343 1 0 1 0 0 0 0 0 0 1 1 R 0
1225 25599 20422 556 20461 520 4284 1 0 0 0 0 0 0 0 0 1 1 R 0
1226 25620 19725 650 18566 635 3630 1 0 4 0 0 0 0 0 0 2 1 R 0
1227 25641 21095 706 21137 659 4679 1 0 0 0 0 0 0 0 0 2 1 R 0
1228 25661 19375 535 19387 502 3789 1 0 0 0 0 0 0 0 0 1 1 R 0
1229 25682 19937 1142 19975 1116 3798 1 0 0 0 2 0 0 0 0 2 1 R 0
1230 25707 23607 582 21735 539 8206 1 0 2 0 0 0 0 0 0 1 1 R 0
1231 25725 17712 672 17762 644 2998 1 0 0 0 0 0 0 0 0 1 1 R 0
1232 25744 18286 621 18307 585 3292 1 0 0 0 0 0 0 0 0 2 1 R 0
1233 25768 23702 522 21642 497 3910 1 0 5 0 0 0 0 0 0 1 1 R 0
1234 25788 19078 541 19111 508 4307 1 0 0 0 0 0 0 0 0 1 1 R 0
1235 25809 20370 529 20399 500 3855 1 0 0 0 0 0 0 0 0 1 1 R 0
1236 25830 20417 649 18951 612 3504 1 0 4 0 0 0 0 0 0 2 1 R 0
1237 25849 18452 739 18505 714 3660 1 0 0 0 0 0 0 0 0 2 1 R 0
1238 25869 19985 546 19993 511 4546 1 0 0 0 0 0 0 0 0 1 1 R 0
1239 25890 19543 534 19579 502 4364 1 0 0 0 0 0 0 0 0 1 1 R 0
1240 25911 21070 546 20126 519 5770 1 0 4 0 0 0 0 0 0 2 1 R 0
1241 25929 17305 872 17389 814 3187 1 0 0 0 0 0 0 0 0 1 1 R 0
1242 25949 19361 822 19402 766 5731 1 0 0 0 0 0 0 0 0 2 1 R 0
1243 25975 25164 537 22321 504 4170 1 0 5 0 0 0 0 0 0 2 1 R 0
1244 25995 19233 535 19260 501 3782 1 0 0 0 0 0 0 0 0 1 1 R 0
1245 26019 23361 637 22660 607 7706 1 0 1 0 0 0 0 0 0 2 1 R 0
1246 26041 20969 844 19795 738 3500 1 0 4 0 0 0 0 0 0 1 1 R 0
1247 26059 17357 745 17412 701 3036 1 0 0 0 0 0 0 0 0 2 1 R 0
1248 26079 19655 540 19657 509 4483 1 0 0 0 0 0 0 0 0 1 1 R 0
1249 26099 19838 543 19873 505 4577 1 0 0 0 0 0 0 0 0 1 1 R 0
1250 26121 20853 613 19886 590 6224 1 0 4 0 0 0 0 0 0 1 1 R 0
1251 26139 17858 694 17907 634 3055 1 0 0 0 0 0 0 0 0 2 1 R 0
1252 26158 18275 696 18325 679 3466 1 0 0 0 0 0 0 0 0 2 1 R 0
1253 26184 24510 520 22278 485 5112 1 0 5 0 0 0 0 0 0 1 1 R 0
1254 26203 18554 602 18595 564 3784 1 0 0 0 0 0 0 0 0 1 1 R 0
1255 26223 20172 772 20210 739 3735 1 0 0 0 0 0 0 0 0 2 1 R 0
1256 26241 16789 705 16853 649 3095 1 0 0 0 0 0 0 0 0 1 1 R 0
1257 26265 23076 526 20948 501 3282 1 0 4 0 0 0 0 0 0 2 1 R 0
1258 26285 19424 532 19460 495 3982 1 0 0 0 0 0 0 0 0 1 1 R 0
1259 26304 19241 549 19274 513 3843 1 0 0 0 0 0 0 0 0 1 1 R 0
1260 26330 25151 530 24247 494 10359 1 0 4 0 0 0 0 0 0 2 1 R 0
1261 26348 17509 672 17556 632 3263 1 0 0 0 0 0 0 0 0 2 1 R 0
1262 26368 19149 1118 19184 1099 5291 1 0 0 0 0 0 0 0 0 1 1 R 0
1263 26393 23642 508 19891 487 3847 1 0 5 0 0 0 0 0 0 2 1 R 0
1264 26413 19573 610 19598 585 3827 1 0 0 0 0 0 0 0 0 1 1 R 0
1265 26432 18153 1394 18198 1380 3834 1 0 0 0 0 0 0 0 0 1 1 R 0
1266 26450 16951 720 16981 657 3397 1 0 0 0 0 0 0 0 0 2 1 R 0
1267 26474 23169 528 22232 500 4531 1 0 4 0 0 0 0 0 0 1 1 R 0
1268 26494 19396 643 19485 556 3822 1 0 0 0 0 0 0 0 0 2 1 R 0
1269 26520 25623 551 22907 521 3973 1 0 2 0 0 0 0 0 0 1 1 R 0
1270 26541 19968 721 18830 684 3806 1 0 4 0 0 0 0 0 0 2 1 R 0
1271 26561 19490 744 19531 695 3041 1 0 0 0 0 0 0 0 0 0 1 R 0
1272 26583 21777 690 20357 669 3181 1 0 1 0 0 0 0 0 0 2 1 R 0
1273 26605 21486 540 20234 504 3888 1 0 4 0 0 0 0 0 0 1 1 R 0
1274 26625 18674 512 18698 479 3277 1 0 0 0 0 0 0 0 0 1 1 R 0
1275 26648 22415 618 22547 500 6544 1 0 0 0 0 0 0 0 0 3 1 R 0
1276 26668 20234 845 18773 830 3621 1 0 4 0 0 0 0 0 0 2 1 R 0
1277 26689 20117 794 20167 741 4317 1 0 0 0 0 0 0 0 0 1 1 R 0
1278 26709 18631 543 18651 508 4210 1 0 0 0 0 0 0 0 0 1 1 R 0
1279 26729 19521 650 19576 625 3557 1 0 0 0 0 0 0 0 0 2 1 R 0
1280 26749 19688 1011 18659 967 5432 1 0 4 0 0 0 0 0 0 0 1 R 0
1281 26768 18077 914 18131 870 3075 1 0 0 0 0 0 0 0 0 2 1 R 0
1282 26791 21326 599 20343 565 5672 1 0 1 0 0 0 0 0 0 1 1 R 0
1283 26812 20816 1028 19647 1014 3914 1 0 4 0 0 0 0 0 0 1 1 R 0
1284 26831 18407 702 18474 607 3382 1 0 0 0 0 0 0 0 0 3 1 R 0
1285 26850 17443 747 17525 677 3268 1 0 0 0 0 0 0 0 0 0 1 R 0
1286 26869 19025 884 19056 870 4073 1 0 0 0 0 0 0 0 0 2 1 R 0
1287 26893 22360 559 21497 521 5605 1 0 4 0 0 0 0 0 0 2 1 R 0
1288 26912 18597 876 18627 857 3813 1 0 0 0 0 0 0 0 0 1 1 R 0
1289 26931 18481 542 18501 508 3390 1 0 0 0 0 0 0 0 0 1 1 R 0
1290 26956 24217 621 23086 577 6229 1 0 4 0 0 0 0 0 0 2 1 R 0
1291 26978 21417 602 19664 561 3036 1 0 1 0 0 0 0 0 0 2 1 R 0
1292 26997 17990 781 18049 739 3599 1 0 0 0 0 0 0 0 0 1 1 R 0
1293 27019 21934 762 20739 736 4406 1 0 4 0 0 0 0 0 0 1 1 R 0
1294 27041 20739 515 20749 479 4366 1 0 0 0 0 0 0 0 0 2 1 R 0
1295 27059 17773 692 17827 665 3021 1 0 0 0 0 0 0 0 0 1 1 R 0
1296 27080 20083 819 20162 726 5134 1 0 0 0 0 0 0 0 0 2 1 R 0
1297 27104 23205 521 22202 497 3317 1 0 4 0 0 0 0 0 0 2 1 R 0
1298 27124 19327 530 19353 500 3868 1 0 0 0 0 1 0 0 0 1 1 R 0
1299 27144 19808 524 19839 495 3796 1 0 0 0 0 0 0 0 0 1 1 R 0
1300 27165 20890 574 19747 517 3172 1 0 4 0 0 0 0 0 0 2 1 R 0
1301 27187 20861 644 19250 615 4129 1 0 1 0 0 0 0 0 0 1 1 R 0
1302 27206 18181 904 18224 889 3646 1 0 0 0 0 0 0 0 0 1 1 R 0
1303 27228 21880 533 21112 509 4326 1 0 4 0 0 0 0 0 0 1 1 R 0
1304 27248 19012 810 19139 690 3799 1 0 0 0 0 0 0 0 0 2 1 R 0
1305 27270 20927 738 20977 683 6374 1 0 0 0 0 0 0 0 0 1 1 R 0
1306 27288 17637 685 17680 654 3111 1 0 0 0 0 0 0 0 0 2 1 R 0
1307 27312 22934 996 21802 976 7188 1 0 4 0 0 0 0 0 0 1 1 R 0
1308 27331 18456 544 18478 508 3776 1 0 0 0 0 0 0 0 0 1 1 R 0
1309 27353 21390 638 21412 610 4566 1 0 0 0 0 0 0 0 0 2 1 R 0
1310 27375 21583 543 20403 511 3749 1 0 4 0 0 0 0 0 0 1 1 R 0
1311 27396 19796 811 18842 743 3584 1 0 1 0 0 0 0 0 0 2 1 R 0
1312 27416 19360 584 19383 555 4005 1 0 0 0 0 0 0 0 0 1 1 R 0
1313 27438 21924 525 21234 495 4697 1 0 4 0 0 0 0 0 0 1 1 R 0
1314 27457 17939 685 17981 649 3769 1 0 0 0 0 0 0 0 0 2 1 R 0
1315 27475 17463 842 17533 763 3530 1 0 0 0 0 0 0 0 0 2 1 R 0
1316 27495 19506 677 19548 652 5012 1 0 0 0 0 0 0 0 0 2 1 R 0
1317 27518 22172 549 20964 516 3550 1 0 4 0 0 0 0 0 0 1 1 R 0
1318 27538 19211 671 19255 648 4309 1 0 0 0 0 0 0 0 0 1 1 R 0
1319 27557 18798 651 18850 580 4115 1 0 0 0 0 0 0 0 0 1 1 R 0
1320 27583 24910 749 22726 714 6784 1 0 5 0 0 0 0 0 0 2 1 R 0
1321 27603 18946 572 18972 540 3870 1 0 0 0 0 0 0 0 0 1 1 R 0
1322 27623 19487 502 19508 483 3782 1 0 0 0 0 0 0 0 0 1 1 R 0
1323 27644 21044 754 20396 553 3830 1 0 4 0 0 0 0 0 0 3 1 R 0
1324 27664 18657 734 18702 704 3329 1 0 0 0 0 0 0 0 0 1 1 R 0
1325 27682 17316 1341 17336 1320 3235 1 0 0 0 0 0 0 0 0 1 1 R 0
1326 27701 17792 717 17823 666 3578 1 0 0 0 0 0 0 0 0 2 1 R 0
1327 27724 22843 551 21279 520 3843 1 0 4 0 0 0 0 0 0 1 1 R 0
1328 27744 18958 575 18985 541 3810 1 0 0 0 0 0 0 0 0 1 1 R 0
1329 27765 20149 559 20192 519 3633 1 0 0 0 0 0 0 0 0 2 1 R 0
1330 27788 22796 517 19907 487 3412 1 0 5 0 0 0 0 0 0 2 1 R 0
1331 27806 17124 732 17212 667 3470 1 0 0 0 0 0 0 0 0 1 1 R 0
1332 27827 20965 537 20974 507 5493 1 0 0 0 0 0 0 0 0 2 1 R 0
1333 27848 19612 546 19644 512 4469 1 0 0 0 0 0 0 0 0 1 1 R 0
1334 27870 21578 536 20572 500 5127 1 0 4 0 0 0 0 0 0 2 1 R 0
1335 27891 20694 698 20739 658 6333 1 0 0 0 0 0 0 0 0 2 1 R 0
1336 27910 18382 803 18432 770 3140 1 0 0 0 0 0 0 0 0 1 1 R 0
1337 27933 21859 502 20583 479 3871 1 0 4 0 0 0 0 0 0 1 1 R 0
1338 27952 18585 1599 18661 1527 4009 1 0 0 0 0 0 0 0 0 2 1 R 0
1339 27971 17236 682 17276 631 3020 1 0 0 0 0 0 0 0 0 1 1 R 0
1340 27991 19359 635 18416 590 3078 1 0 1 0 0 0 0 0 0 2 1 R 0
1341 28012 20774 3163 19822 2189 4177 1 0 5 0 0 0 0 0 0 2 1 R 0
1342 28034 19135 520 19147 490 3958 1 0 0 0 0 0 0 0 0 1 1 R 0
1343 28055 19938 624 19986 572 3868 1 0 0 0 0 0 0 0 0 2 1 R 0
1344 28076 20889 522 19973 486 3086 1 0 4 0 0 0 0 0 0 1 1 R 0
1345 28095 17807 676 17853 656 3051 1 0 0 0 0 0 0 0 0 2 1 R 0
1346 28115 20146 680 20187 619 3976 1 0 0 0 0 0 0 0 0 1 1 R 0
1347 28137 20826 533 20066 499 4111 1 0 4 0 0 0 0 0 0 1 1 R 0
1348 28157 19622 528 19651 498 4416 1 0 0 0 0 0 0 0 0 2 1 R 0
1349 28176 17961 680 18007 638 3513 1 0 0 0 0 0 0 0 0 1 1 R 0
1350 28199 22811 527 21758 498 7997 1 0 1 0 0 0 0 0 0 1 1 R 0
1351 28220 19966 651 19137 629 5548 1 0 4 0 0 0 0 0 0 2 1 R 0
1352 28240 19579 536 19596 502 3820 1 0 0 0 0 0 0 0 0 1 1 R 0
1353 28260 19969 540 20000 511 4321 1 0 0 0 0 0 0 0 0 2 1 R 0
1354 28281 20149 738 18828 694 2964 1 0 4 0 0 0 0 0 0 1 1 R 0
1355 28300 17817 718 17843 693 3429 1 0 0 0 0 0 0 0 0 2 1 R 0
1356 28319 18207 1094 18260 1054 3851 1 0 0 0 0 0 0 0 0 2 1 R 0
1357 28340 20814 540 20813 507 5550 1 0 0 0 0 0 0 0 0 1 1 R 0
1358 28363 21793 501 20830 485 5869 1 0 4 0 0 0 0 0 0 2 1 R 0
1359 28381 17263 684 17306 648 3065 1 0 0 0 0 0 0 0 0 1 1 R 0
1360 28401 20058 1345 18580 1310 3016 1 0 1 0 0 0 0 0 0 2 1 R 0
1361 28424 21785 601 19960 573 3815 1 0 4 0 0 0 0 0 0 1 1 R 0
1362 28444 19250 525 19282 495 3758 1 0 0 0 0 0 0 0 0 1 1 R 0
1363 28464 19525 527 19553 500 3834 1 0 0 0 0 0 0 0 0 1 1 R 0
1364 28482 16706 641 16750 598 3262 1 0 0 0 1 0 0 0 0 2 1 R 0
1365 28508 25913 519 24072 486 6723 1 0 3 0 0 0 0 0 0 2 1 R 0
1366 28526 17008 592 17049 586 3605 1 0 0 0 0 0 0 0 0 1 1 R 0
1367 28547 21253 531 21256 502 5949 1 0 0 0 0 0 0 0 0 2 1 R 0
1368 28570 22391 545 21424 508 5931 1 0 4 0 0 0 0 0 0 1 1 R 0
1369 28591 19893 813 18741 785 3074 1 0 1 0 0 0 0 0 0 2 1 R 0
1370 28609 17714 894 17767 822 3103 1 0 0 0 0 0 0 0 0 1 1 R 0
1371 28634 23666 535 22022 505 5023 1 0 4 0 0 0 0 0 0 2 1 R 0
1372 28654 19588 533 19618 500 3777 1 0 0 0 0 0 0 0 0 1 1 R 0
1373 28674 19427 529 19460 497 3205 1 0 0 0 0 0 0 0 0 1 1 R 0
1374 28692 17153 1463 17225 1415 3048 1 0 0 0 2 0 0 0 0 2 1 R 0
1375 28714 21239 674 19456 644 3011 1 0 2 0 0 0 0 0 0 2 1 R 0
1376 28735 19501 525 19525 498 3769 1 0 0 0 0 0 0 0 0 1 1 R 0
1377 28755 19951 540 19988 505 3934 1 0 0 0 0 0 0 0 0 2 1 R 0
1378 28777 21774 591 20462 557 3627 1 0 4 0 0 0 0 0 0 1 1 R 0
1379 28797 19241 687 18334 624 3470 1 0 1 0 0 0 0 0 0 2 1 R 0
1380 28819 21369 945 21409 927 6642 1 0 0 0 0 0 0 0 0 1 1 R 0
1381 28843 22590 508 20867 479 3908 1 0 4 0 0 0 0 0 0 2 1 R 0
1382 28862 18651 1039 18689 1016 3836 1 0 0 0 0 0 0 0 0 1 1 R 0
1383 28882 18914 927 18944 892 3788 1 0 0 0 0 0 0 0 0 0 1 R 0
1384 28906 23341 616 20583 587 3259 1 0 6 0 0 0 0 0 0 2 1 R 0
1385 28925 18348 724 18371 714 3139 1 0 0 0 0 0 0 0 0 2 1 R 0
1386 28945 19567 540 19570 506 3871 1 0 0 0 0 0 0 0 0 1 1 R 0
1387 28966 19880 531 19915 494 3890 1 0 0 0 0 0 0 0 0 1 1 R 0
1388 28990 23807 522 21533 490 4835 1 0 5 0 0 0 0 0 0 2 1 R 0
1389 29008 17265 774 17340 720 3053 1 0 0 0 0 0 0 0 0 1 1 R 0
1390 29028 19434 808 19480 759 5395 1 0 0 0 0 0 0 0 0 2 1 R 0
1391 29052 22590 548 21418 513 4480 1 0 4 0 0 1 0 0 0 2 1 R 0
1392 29071 18893 553 18923 523 3776 1 0 0 0 0 0 0 0 0 1 1 R 0
1393 29091 19341 537 19369 510 3493 1 0 0 0 0 0 0 0 0 1 1 R 0
1394 29109 17376 619 17401 616 3077 1 0 0 0 0 0 0 0 0 1 1 R 0
1395 29135 25483 726 24071 715 9585 1 0 4 0 0 0 0 0 0 2 1 R 0
1396 29154 18713 523 18726 495 3781 1 0 0 0 0 0 0 0 0 1 1 R 0
1397 29175 20033 530 20069 497 3918 1 0 0 0 0 0 0 0 0 2 1 R 0
1398 29198 22149 551 19995 516 3330 1 0 5 0 0 0 0 0 0 1 1 R 0
1399 29216 17372 662 17432 610 3525 1 0 0 0 0 0 0 0 0 2 1 R 0
1400 29236 19547 699 19592 681 5005 1 0 0 0 0 0 0 0 0 2 1 R 0
1401 29258 21595 524 20280 493 3320 1 0 4 0 0 0 0 0 0 1 1 R 0
1402 29278 19661 535 19697 506 4308 1 0 0 0 0 0 0 0 0 1 1 R 0
1403 29298 19296 518 19316 488 4063 1 0 0 0 0 0 0 0 0 1 1 R 0
1404 29316 17092 646 17137 633 3566 1 0 0 0 0 0 0 0 0 2 1 R 0
1405 29339 22224 982 21304 916 6517 1 0 4 0 0 0 0 0 0 2 1 R 0
1406 29358 18929 581 18952 554 4411 1 0 0 0 0 0 0 0 0 1 1 R 0
1407 29379 20327 542 20357 508 4348 1 0 0 0 0 0 0 0 0 1 1 R 0
1408 29402 21783 1083 19319 1054 3821 1 0 5 0 0 0 0 0 0 2 1 R 0
1409 29420 17264 648 17306 605 3190 1 0 0 0 0 0 0 0 0 2 1 R 0
1410 29444 22831 774 22908 734 6700 1 0 0 0 0 0 0 0 0 1 1 R 0
1411 29464 19272 2610 19261 1362 3825 1 0 2 0 2 0 0 0 0 2 1 R 0
1412 29485 18853 795 18842 780 4371 1 0 0 0 0 0 0 0 0 1 1 R 0
1413 29506 19732 635 19750 588 3740 1 0 0 0 0 0 0 0 0 1 1 R 0
1414 29525 18427 710 18473 670 3273 1 0 0 0 0 0 0 0 0 1 1 R 0
1415 29547 21803 635 20849 596 3071 1 0 4 0 0 0 0 0 0 2 1 R 0
1416 29567 19075 534 19116 502 4305 1 0 0 0 0 0 0 0 0 1 1 R 0
1417 29587 19897 676 19940 650 4301 1 0 0 0 0 0 0 0 0 1 1 R 0
1418 29609 21528 709 18638 670 5155 1 0 5 0 0 0 0 0 0 3 1 R 0
1419 29629 19041 867 19116 815 3597 1 0 0 0 0 0 0 0 0 0 1 R 0
1420 29649 18573 753 18625 677 3863 1 0 0 0 0 0 0 0 0 2 1 R 0
1421 29669 19925 538 19941 511 4367 1 0 0 0 0 0 0 0 0 2 1 R 0
1422 29691 21075 651 20226 571 6395 1 0 4 0 0 0 0 0 0 1 1 R 0
1423 29710 18224 687 18267 641 3321 1 0 0 0 0 0 0 0 0 2 1 R 0
1424 29728 17739 838 17783 794 3115 1 0 0 0 0 0 0 0 0 2 1 R 0
1425 29755 25637 652 24496 613 7799 1 0 4 0 0 0 0 0 0 1 1 R 0
1426 29774 18932 522 18973 491 3845 1 0 0 0 0 0 0 0 0 2 1 R 0
1427 29796 21132 510 20015 490 3916 1 0 1 0 0 0 0 0 0 1 1 R 0
1428 29817 20398 823 19230 819 3070 1 0 4 0 0 0 0 0 0 1 1 R 0
1429 29836 18253 646 18274 601 3525 1 0 0 0 0 0 0 0 0 1 1 R 0
1430 29857 20233 527 20257 501 4356 1 0 0 0 0 0 0 0 0 2 1 R 0
1431 29877 19372 542 19406 513 4333 1 0 0 0 0 0 0 0 0 1 1 R 0
1432 29899 21298 551 20203 520 6283 1 0 4 0 0 0 0 0 0 1 1 R 0
1433 29917 17528 694 17596 625 3609 1 0 0 0 0 0 0 0 0 2 1 R 0
1434 29937 19520 706 19568 670 4260 1 0 0 0 0 0 0 0 0 2 1 R 0
1435 29959 21634 525 20002 504 3898 1 0 4 0 0 0 0 0 0 1 1 R 0
1436 29979 19175 578 19222 527 4313 1 0 0 0 0 0 0 0 0 1 1 R 0
1437 30000 20525 545 19397 505 4469 1 0 1 0 0 0 0 0 0 2 1 R 0
1438 30020 19063 727 18579 698 3126 1 0 1 0 0 0 0 0 0 1 1 R 0
1439 30041 20986 593 20083 496 5251 1 0 4 0 0 0 0 0 0 2 1 R 0
1440 30062 19943 1742 20011 1695 6007 1 0 0 0 0 0 0 0 0 2 1 R 0
1441 30084 19988 524 19997 491 4050 1 0 0 0 0 0 0 0 0 1 1 R 0
1442 30107 22578 849 21228 803 3824 1 0 4 0 0 0 0 0 0 1 1 R 0
1443 30125 17690 719 17723 705 3592 1 0 0 0 0 0 0 0 0 2 1 R 0
1444 30145 19243 650 19270 603 4846 1 0 0 0 0 0 0 0 0 2 1 R 0
1445 30168 21646 728 20687 736 3738 1 0 4 0 0 0 0 0 0 1 1 R 0
1446 30188 19343 546 19348 514 4340 1 0 0 0 0 0 0 0 0 1 1 R 0
1447 30209 21116 523 20101 484 4319 1 0 1 0 0 0 0 0 0 1 1 R 0
1448 30227 17141 681 17188 641 3521 1 0 0 0 0 0 0 0 0 2 1 R 0
1449 30249 20988 717 20028 642 6496 1 0 4 0 0 0 0 0 0 2 1 R 0
1450 30268 18328 669 17965 604 4461 1 0 1 0 0 0 0 0 0 1 1 R 0
1451 30290 21333 795 21416 717 5160 1 0 0 0 0 0 0 0 0 2 1 R 0
1452 30311 20958 684 19938 645 3606 1 0 4 0 0 0 0 0 0 2 1 R 0
1453 30330 17651 788 17682 746 2979 1 0 0 0 0 0 0 0 0 1 1 R 0
1454 30348 17678 679 17731 637 3226 1 0 0 0 0 0 0 0 0 2 1 R 0
1455 30374 25169 1025 24552 773 7737 1 0 3 0 1 0 0 0 0 1 1 R 0
1456 30394 18768 525 18776 496 3814 1 0 0 0 0 0 0 0 0 1 1 R 0
1457 30415 20805 625 19548 587 4980 1 0 1 0 0 0 0 0 0 2 1 R 0
1458 30434 17718 669 17756 642 3433 1 0 0 0 0 0 0 0 0 1 1 R 0
1459 30456 22247 592 21246 560 3119 1 0 4 0 0 0 0 0 0 2 1 R 0
1460 30475 17720 651 17747 642 3070 1 0 0 0 0 0 0 0 0 2 1 R 0
1461 30496 20326 533 20343 501 4541 1 0 0 0 0 0 0 0 0 1 1 R 0
1462 30517 21102 796 19717 777 3515 1 0 4 0 0 0 0 0 0 1 1 R 0
1463 30536 17743 639 17774 605 3426 1 0 0 0 0 0 0 0 0 2 1 R 0
1464 30555 18550 653 18596 616 4622 1 0 0 0 0 0 0 0 0 2 1 R 0
1465 30576 20279 523 20298 492 3300 1 0 0 0 0 0 0 0 0 1 1 R 0
1466 30597 20457 550 19110 514 3780 1 0 4 0 0 0 0 0 0 1 1 R 0
1467 30619 21949 794 20763 763 4120 1 0 1 0 0 0 0 0 0 1 1 R 0
1468 30637 16967 779 17062 720 3121 1 0 0 0 0 0 0 0 0 2 1 R 0
1469 30661 22537 658 21558 606 5492 1 0 4 0 0 0 0 0 0 2 1 R 0
1470 30685 23299 531 23335 496 7712 1 0 0 0 0 0 0 0 0 1 1 R 0
1471 30704 18936 624 18961 592 3967 1 0 0 0 0 0 0 0 0 2 1 R 0
1472 30726 21466 596 20077 554 3579 1 0 4 0 0 0 0 0 0 1 1 R 0
1473 30745 18060 670 18098 633 3085 1 0 0 0 0 0 0 0 0 1 1 R 0
1474 30763 17985 682 18044 618 3277 1 0 0 0 0 0 0 0 0 2 1 R 0
1475 30782 17968 1536 18019 1505 3870 1 0 0 0 0 0 0 0 0 1 1 R 0
1476 30806 22597 554 19961 514 3779 1 0 5 0 0 0 0 0 0 1 1 R 0
1477 30826 19754 616 19802 574 4080 1 0 0 0 0 0 0 0 0 2 1 R 0
1478 30845 17746 674 17786 638 3087 1 0 0 0 0 0 0 0 0 1 1 R 0
1479 30868 22419 590 20679 549 3620 1 0 4 0 0 0 0 0 0 2 1 R 0
1480 30887 18924 533 18961 501 4254 1 0 0 0 0 0 0 0 0 1 1 R 0
1481 30908 19781 524 19812 493 4419 1 0 0 0 0 0 0 0 0 2 1 R 0
1482 30927 18966 524 18995 496 3664 1 0 0 0 0 0 0 0 0 2 1 R 0
1483 30948 20103 709 19134 667 3702 1 0 4 0 0 0 0 0 0 0 1 R 0
1484 30966 17624 704 17651 672 3613 1 0 0 0 0 1 0 0 0 2 1 R 0
1485 30991 24502 534 24042 501 9805 1 0 1 0 0 0 0 0 0 2 1 R 0
1486 31016 23558 599 20866 564 3793 1 0 5 0 0 0 0 0 0 1 1 R 0
1487 31036 19952 515 19975 486 4008 1 0 0 0 0 0 0 0 0 1 1 R 0
1488 31054 17424 756 17482 714 3005 1 0 0 0 0 0 0 0 0 3 1 R 0
1489 31076 21416 618 19921 617 3665 1 0 4 0 0 0 0 0 0 1 1 R 0
1490 31097 19955 528 19956 497 4420 1 0 0 0 0 0 0 0 0 2 1 R 0
1491 31117 19199 527 19230 492 4336 1 0 0 0 0 0 0 0 0 1 1 R 0
1492 31137 19813 541 19847 509 4266 1 0 0 0 0 0 0 0 0 1 1 R 0
1493 31158 20985 756 20062 785 3831 1 0 4 0 0 0 0 0 0 2 1 R 0
1494 31177 18040 670 18016 630 3630 1 0 0 0 0 0 0 0 0 2 1 R 0
1495 31199 21138 538 21164 509 5289 1 0 0 0 0 0 0 0 0 1 1 R 0
1496 31222 22224 1000 19606 957 5743 1 0 5 0 0 0 0 0 0 1 1 R 0
1497 31242 19010 880 19035 858 3884 1 0 0 0 0 0 0 0 0 1 1 R 0
1498 31259 16246 828 16311 750 3132 1 0 0 0 0 0 0 0 0 2 1 R 0
1499 31279 19428 679 19481 627 5148 1 0 0 0 0 0 0 0 0 2 1 R 0
