# swapstamp frames 1500 skip 300 peer 467
# f t_ms gap_us swap_us crend_us cswap_us clr_us nclr vcs_r ivcs_r vcs_s ivcs_s minf majf cpu0 cpu1 pticks pcpu pstate ctr
0 0 20107 517 20141 477 6346 1 0 0 0 0 0 0 0 0 0 1 R 0
1 21 20574 523 19611 493 3738 1 0 1 0 0 0 0 0 0 1 1 R 0
2 40 19266 680 19335 610 3979 1 0 0 0 0 0 0 0 0 2 1 R 0
3 61 20339 1432 18793 1382 4600 1 0 4 0 0 0 0 0 0 1 1 R 0
4 80 16748 701 16823 617 3125 1 0 0 0 0 0 0 0 0 2 1 R 0
5 100 19618 851 19690 827 3754 1 0 0 0 0 0 0 0 0 1 1 R 0
6 122 21315 529 20253 503 3779 1 0 4 0 0 0 0 0 0 1 1 R 0
7 143 20019 520 20050 484 3934 1 0 0 0 0 0 0 0 0 2 1 R 0
8 161 17503 690 17547 665 3246 1 0 0 0 0 0 0 0 0 1 1 R 0
9 179 18105 805 18130 788 3190 1 0 0 0 0 0 0 0 0 2 1 R 0
10 201 20988 1499 19751 1484 3824 1 0 4 0 0 0 0 0 0 2 1 R 0
11 223 20288 527 19156 497 3904 1 0 1 0 0 0 0 0 0 1 1 R 0
12 243 19135 651 19186 616 3752 1 0 0 0 0 0 0 0 0 1 1 R 0
13 264 20866 534 19812 494 3234 1 0 4 0 0 0 0 0 0 2 1 R 0
14 281 16687 1412 16745 1373 3032 1 0 0 0 0 0 0 0 0 1 1 R 0
15 305 22461 537 22481 505 6602 1 0 0 0 0 0 0 0 0 1 1 R 0
16 326 20529 673 19567 641 4405 1 0 4 0 0 0 0 0 0 1 1 R 0
17 346 19360 540 19395 503 4218 1 0 0 0 0 0 0 0 0 2 1 R 0
18 365 17781 692 17828 657 3698 1 0 0 0 0 0 0 0 0 1 1 R 0
19 383 17998 649 18019 624 3171 1 0 0 0 0 0 0 0 0 2 1 R 0
20 405 21331 1500 20248 1425 3439 1 0 4 0 0 0 0 0 0 3 1 R 0
21 427 19896 559 18772 519 4097 1 0 1 0 0 0 0 0 0 1 1 R 0
22 447 19430 537 19468 499 4258 1 0 0 0 0 0 0 0 0 1 1 R 0
23 468 20945 526 19500 488 3752 1 0 4 0 0 0 0 0 0 1 1 R 0
24 487 18021 988 17759 888 4718 1 0 1 0 0 0 0 0 0 2 1 R 0
25 508 19726 790 19793 729 5221 1 0 0 0 0 0 0 0 0 1 1 R 0
26 528 19378 553 19416 512 4254 1 0 0 0 0 0 0 0 0 1 1 R 0
27 549 20907 555 19873 514 6335 1 0 4 0 0 0 0 0 0 1 1 R 0
28 567 17664 694 17710 665 3799 1 0 0 0 0 0 0 0 0 2 1 R 0
29 586 18224 633 18255 591 3642 1 0 0 0 0 0 0 0 0 2 1 R 0
30 611 23793 583 22282 542 6937 1 0 4 0 0 0 0 0 0 1 1 R 0
31 631 20115 1211 18358 1194 3875 1 0 1 0 0 0 0 0 0 1 1 R 0
32 651 18412 1060 18413 1037 3836 1 0 0 0 0 0 0 0 0 2 1 R 0
33 670 17625 909 17681 862 3398 1 0 0 0 0 0 0 0 0 2 1 R 0
34 691 20439 1599 19586 1560 4110 1 0 4 0 0 0 0 0 0 1 1 R 0
35 710 17415 718 17438 678 3067 1 0 0 0 0 0 0 0 0 2 1 R 0
36 744 33327 912 22004 827 7077 1 0 12 0 0 0 0 0 0 1 1 R 0
37 765 19659 649 19708 598 3592 1 0 0 0 0 0 0 0 0 2 1 R 0
38 783 17836 824 17923 749 3081 1 0 0 0 0 0 0 0 0 1 1 R 0
39 801 17293 1329 17335 1288 3086 1 0 0 0 0 0 0 0 0 1 1 R 0
40 826 23212 537 20572 502 4617 1 0 5 0 0 0 0 0 0 2 1 R 0
41 846 19410 544 19449 506 4359 1 0 0 0 0 0 0 0 0 1 1 R 0
42 865 19141 541 19172 509 3909 1 0 0 0 0 0 0 0 0 1 1 R 0
43 888 21533 568 19997 544 3036 1 0 4 0 0 0 0 0 0 2 1 R 0
44 907 18969 517 18997 478 3847 1 0 0 0 0 0 0 0 0 1 1 R 0
45 929 21256 1067 21362 1001 6420 1 0 0 0 0 0 0 0 0 2 1 R 0
46 949 18644 810 18645 776 3846 1 0 0 0 0 0 0 0 0 1 1 R 0
47 973 23607 522 20390 481 6551 1 0 5 0 0 0 0 0 0 1 1 R 0
48 1038 64883 552 19768 511 54122 1 2 5 0 0 0 0 0 0 3 1 R 0
49 1058 18840 1117 18876 1089 4197 1 0 0 0 0 0 0 0 0 1 1 R 0
50 1080 20573 553 20027 514 4957 1 0 1 0 0 0 0 0 0 1 1 R 0
51 1100 20179 748 19038 677 3105 1 0 4 0 0 0 0 0 0 2 1 R 0
52 1120 19479 547 19498 511 3322 1 0 0 0 0 0 0 0 0 2 1 R 0
53 1140 18973 581 19010 545 3982 1 0 0 0 0 0 0 0 0 1 1 R 0
54 1160 19267 565 19305 521 3813 1 0 0 0 0 0 0 0 0 1 1 R 0
55 1182 21772 636 20575 599 5381 1 0 5 0 0 0 0 0 0 2 1 R 0
56 1200 16994 644 17036 593 3032 1 0 0 0 0 0 0 0 0 1 1 R 0
57 1220 19517 537 19559 501 4141 1 0 0 0 0 0 0 0 0 1 1 R 0
58 1243 22856 545 19794 510 5216 1 0 5 0 0 0 0 0 0 1 1 R 0
59 1263 19437 584 19480 535 3800 1 0 0 0 0 0 0 0 0 2 1 R 0
60 1286 21818 580 21854 548 8312 1 0 0 0 0 1 0 0 0 1 1 R 0
61 1308 21640 667 20019 635 3082 1 0 4 0 0 0 0 0 0 1 1 R 0
62 1326 17595 680 17646 627 3543 1 0 0 0 0 0 0 0 0 2 1 R 0
63 1347 20289 544 20325 507 5199 1 0 0 0 0 0 0 0 0 1 1 R 0
64 1367 19478 536 19514 500 4200 1 0 0 0 0 0 0 0 0 2 1 R 0
65 1389 20891 546 20046 510 5903 1 0 4 0 0 0 0 0 0 2 1 R 0
66 1406 17088 769 17136 729 3642 1 0 0 0 0 0 0 0 0 1 1 R 0
67 1429 21953 524 20869 496 4472 1 0 1 0 0 0 0 0 0 2 1 R 0
68 1450 20671 554 19503 513 4357 1 0 4 0 0 0 0 0 0 1 1 R 0
69 1470 19113 532 19153 494 3786 1 0 0 0 0 0 0 0 0 1 1 R 0
70 1489 18573 732 18624 707 3792 1 0 0 0 0 0 0 0 0 2 1 R 0
71 1508 17817 724 17840 687 3139 1 0 0 0 0 0 0 0 0 1 1 R 0
72 1530 21734 742 20768 708 6311 1 0 4 0 0 0 0 0 0 2 1 R 0
73 1550 19098 537 19118 497 3786 1 0 0 0 0 0 0 0 0 1 1 R 0
74 1570 19255 603 19290 571 3769 1 0 0 0 0 0 0 0 0 0 1 R 0
75 1594 24080 536 22579 500 6844 1 0 4 0 0 0 0 0 0 3 1 R 0
76 1613 18206 624 18243 606 3059 1 0 0 0 0 0 0 0 0 1 1 R 0
77 1634 20775 518 19307 485 3153 1 0 1 0 0 0 0 0 0 1 1 R 0
78 1656 21326 692 20527 669 3678 1 0 4 0 0 0 0 0 0 1 1 R 0
79 1677 19724 758 19804 666 4236 1 0 0 0 0 0 0 0 0 3 1 R 0
80 1696 18226 689 18276 658 3683 1 0 0 0 0 0 0 0 0 0 1 R 0
81 1714 17827 791 17872 743 3476 1 0 0 0 0 0 0 0 0 2 1 R 0
82 1737 22229 789 21100 737 3478 1 0 4 0 0 0 0 0 0 2 1 R 0
83 1757 18653 544 18688 508 4216 1 0 0 0 0 0 0 0 0 1 1 R 0
84 1777 19857 574 19893 540 4172 1 0 0 0 0 0 0 0 0 1 1 R 0
85 1800 22441 531 21066 486 4653 1 0 5 0 0 0 0 0 0 1 1 R 0
86 1820 19144 752 18838 688 3020 1 0 1 0 0 0 0 0 0 2 1 R 0
87 1841 20059 758 19126 709 3281 1 0 1 0 0 1 0 0 0 2 1 R 0
88 1861 19865 3018 19889 1851 3718 1 0 0 0 4 0 0 0 0 1 1 R 0
89 1883 18982 604 19003 567 3831 1 0 0 0 0 0 0 0 0 1 1 R 0
90 1905 21297 531 21321 499 6467 1 0 0 0 0 0 0 0 0 2 1 R 0
91 1924 17916 828 17972 789 3236 1 0 0 0 0 0 0 0 0 2 1 R 0
92 1946 21951 1172 20953 1146 2989 1 0 4 0 0 1 0 0 0 2 1 R 0
93 1968 20273 564 20325 498 4306 1 0 0 0 0 0 0 0 0 1 1 R 0
94 1987 19014 552 19050 516 4141 1 0 0 0 0 0 0 0 0 1 1 R 0
95 2010 21935 525 20291 483 3559 1 0 4 0 0 0 0 0 0 2 1 R 0
96 2028 17770 712 17843 654 3240 1 0 0 0 0 0 0 0 0 1 1 R 0
97 2050 21187 585 18766 549 3621 1 0 1 0 0 0 0 0 0 2 1 R 0
98 2070 19240 523 19275 485 3789 1 0 0 0 0 0 0 0 0 1 1 R 0
99 2093 23064 818 21566 782 5366 1 0 5 0 0 0 0 0 0 1 1 R 0
100 2111 17198 2179 18153 810 3079 1 0 1 0 0 0 0 0 0 2 1 R 0
101 2131 17682 1359 17720 1307 3007 1 0 0 0 0 0 0 0 0 2 1 R 0
102 2155 22088 550 20542 514 3479 1 0 4 0 0 0 0 0 0 1 1 R 0
103 2174 18755 552 18793 512 4004 1 0 0 0 0 0 0 0 0 1 1 R 0
104 2195 20154 525 20189 489 3782 1 0 0 0 0 0 0 0 0 2 1 R 0
105 2219 23457 540 22455 506 6431 1 0 4 0 0 0 0 0 0 1 1 R 0
106 2239 19762 1168 18619 1104 3549 1 0 1 0 0 0 0 0 0 2 1 R 0
107 2260 19360 556 19387 518 3756 1 0 0 0 0 0 0 0 0 1 1 R 0
108 2280 19684 853 19718 824 3780 1 0 0 0 0 0 0 0 0 1 1 R 0
109 2302 21198 606 19923 567 4062 1 0 4 0 0 0 0 0 0 1 1 R 0
110 2319 16869 727 16945 670 3050 1 0 0 0 0 0 0 0 0 2 1 R 0
111 2338 18343 772 18381 726 3655 1 0 0 0 0 0 0 0 0 2 1 R 0
112 2361 21459 553 20381 516 4748 1 0 4 0 0 0 0 0 0 1 1 R 0
113 2380 18791 550 18826 515 3755 1 0 0 0 0 0 0 0 0 1 1 R 0
114 2399 18620 844 18701 770 3059 1 0 0 0 0 0 0 0 0 1 1 R 0
115 2418 17617 610 17639 584 3327 1 0 0 0 0 0 0 0 0 1 1 R 0
116 2441 22322 806 20125 739 6334 1 0 5 0 0 0 0 0 0 2 1 R 0
117 2461 19661 906 19689 875 3670 1 0 0 0 0 0 0 0 0 2 1 R 0
118 2482 20181 563 19353 517 3819 1 0 1 0 0 0 0 0 0 1 1 R 0
119 2504 21420 585 19906 545 3308 1 0 4 0 0 0 0 0 0 1 1 R 0
120 2526 21370 782 21447 713 6695 1 0 0 0 0 0 0 0 0 2 1 R 0
121 2545 17702 675 17765 620 3528 1 0 0 0 0 0 0 0 0 1 1 R 0
122 2568 22324 523 21583 487 4591 1 0 4 0 0 0 0 0 0 2 1 R 0
123 2587 19327 844 19403 771 4373 1 0 0 0 0 0 0 0 0 1 1 R 0
124 2607 19039 546 19074 509 4130 1 0 0 0 0 0 0 0 0 1 1 R 0
125 2626 18199 668 18255 614 3518 1 0 0 0 0 0 0 0 0 2 1 R 0
126 2648 21432 693 19459 648 5158 1 0 5 0 0 0 0 0 0 2 1 R 0
127 2667 17822 765 17867 729 3491 1 0 0 0 0 0 0 0 0 1 1 R 0
128 2688 20354 531 20371 499 4916 1 0 0 0 0 0 0 0 0 1 1 R 0
129 2709 20804 534 19572 491 3877 1 0 4 0 0 0 0 0 0 2 1 R 0
130 2727 17660 711 17713 681 3588 1 0 0 0 0 0 0 0 0 1 1 R 0
131 2747 18533 705 18577 659 4350 1 0 0 0 0 0 0 0 0 2 1 R 0
132 2768 20324 544 20344 510 4852 1 0 0 0 0 0 0 0 0 1 1 R 0
133 2789 20751 552 19576 515 6402 1 0 4 0 0 0 0 0 0 1 1 R 0
134 2808 18555 661 18589 634 3707 1 0 0 0 0 0 0 0 0 1 1 R 0
135 2830 21659 844 21737 765 6413 1 0 0 0 0 0 0 0 0 2 1 R 0
136 2854 22827 559 20751 498 4333 1 0 5 0 0 0 0 0 0 2 1 R 0
137 2874 19261 520 19297 483 3977 1 0 0 0 0 0 0 0 0 1 1 R 0
138 2893 18724 575 18758 544 3757 1 0 0 0 0 0 0 0 0 1 1 R 0
139 2915 21844 725 20518 704 3292 1 0 4 0 0 0 0 0 0 2 1 R 0
140 2935 18852 792 18921 710 2961 1 0 0 0 0 0 0 0 0 1 1 R 0
141 2954 17904 637 17944 593 3070 1 0 0 0 0 0 0 0 0 2 1 R 0
142 2974 19873 692 19922 668 3861 1 0 0 0 0 0 0 0 0 1 1 R 0
143 2996 21377 600 20047 559 3774 1 0 4 0 0 0 0 0 0 1 1 R 0
144 3017 20076 521 20107 488 3992 1 0 0 0 0 0 0 0 0 2 1 R 0
145 3035 17194 700 17249 667 3611 1 0 0 0 0 0 0 0 0 2 1 R 0
146 3058 22926 667 19801 633 5538 1 0 5 0 0 0 0 0 0 2 1 R 0
147 3078 19043 863 19107 799 4255 1 0 0 0 0 0 0 0 0 1 1 R 0
148 3098 19201 539 19236 505 4224 1 0 0 0 0 0 0 0 0 1 1 R 0
149 3120 21432 529 20728 485 3845 1 0 1 0 0 0 0 0 0 1 1 R 0
150 3146 25616 527 24302 485 6156 1 0 5 0 0 0 0 0 0 3 1 R 0
151 3165 17777 661 17819 648 3560 1 0 0 0 0 0 0 0 0 1 1 R 0
152 3185 20282 553 20294 517 4610 1 0 0 0 0 0 0 0 0 1 1 R 0
153 3207 21270 555 20017 514 4947 1 0 4 0 0 0 0 0 0 2 1 R 0
154 3227 19398 587 19443 540 3885 1 0 0 0 0 0 0 0 0 1 1 R 0
155 3247 19231 684 18308 629 3609 1 0 1 0 0 0 0 0 0 2 1 R 0
156 3269 21157 759 19663 727 3705 1 0 4 0 0 0 0 0 0 1 1 R 0
157 3289 18819 852 18873 821 3444 1 0 0 0 0 0 0 0 0 2 1 R 0
158 3309 19290 554 19290 519 4391 1 0 0 0 0 0 0 0 0 1 1 R 0
159 3329 19489 537 19523 500 3879 1 0 0 0 0 0 0 0 0 1 1 R 0
160 3350 20533 582 19502 558 5835 1 0 4 0 0 0 0 0 0 2 1 R 0
161 3368 17560 695 17616 653 3058 1 0 0 0 0 0 0 0 0 1 1 R 0
162 3390 21044 563 21054 529 5435 1 0 0 0 0 0 0 0 0 2 1 R 0
163 3411 20630 557 19433 519 3765 1 0 4 0 0 0 0 0 0 0 1 R 0
164 3430 18829 529 18868 485 3618 1 0 0 0 0 0 0 0 0 1 1 R 0
165 3456 25251 578 22968 543 9734 1 0 2 0 0 0 0 0 0 2 1 R 0
166 3478 21417 634 20128 594 4474 1 0 4 0 0 0 0 0 0 1 1 R 0
167 3498 19530 541 19573 501 4371 1 0 0 0 0 0 0 0 0 3 1 R 0
168 3519 20237 549 19887 516 4258 1 0 1 0 0 0 0 0 0 1 1 R 0
169 3538 18572 729 18632 660 3736 1 0 0 0 0 0 0 0 0 1 1 R 0
170 3559 20116 726 19001 684 5459 1 0 4 0 0 0 0 0 0 2 1 R 0
171 3578 18264 681 18307 637 3089 1 0 0 0 0 0 0 0 0 1 1 R 0
172 3599 19930 526 19959 491 3852 1 0 0 0 0 0 0 0 0 1 1 R 0
173 3620 21087 557 19653 519 4305 1 0 4 0 0 0 0 0 0 1 1 R 0
174 3640 19212 744 19283 686 3573 1 0 0 0 0 0 0 0 0 2 1 R 0
175 3660 19303 782 17838 746 3039 1 0 1 0 0 0 0 0 0 2 1 R 0
176 3679 18281 709 18342 648 3200 1 0 0 0 0 0 0 0 0 1 1 R 0
177 3702 22444 525 21493 495 5874 1 0 4 0 0 0 0 0 0 2 1 R 0
178 3721 18568 950 18607 912 3783 1 0 0 0 0 0 0 0 0 1 1 R 0
179 3741 18449 1445 18526 1383 3902 1 0 0 0 0 0 0 0 0 1 1 R 0
180 3766 23386 547 22320 511 6023 1 0 4 0 0 0 0 0 0 2 1 R 0
181 3785 18467 667 18512 632 2998 1 0 0 0 0 1 0 0 0 1 1 R 0
182 3805 19557 542 19580 506 3481 1 0 0 0 0 0 0 0 0 2 1 R 0
183 3827 21749 528 20597 494 4002 1 0 4 0 0 0 0 0 0 1 1 R 0
184 3848 19998 530 18845 494 3812 1 0 1 0 0 0 0 0 0 2 1 R 0
185 3865 17148 777 17241 707 3705 1 0 0 0 0 0 0 0 0 2 1 R 0
186 3886 19947 691 20004 625 4666 1 0 0 0 0 0 0 0 0 1 1 R 0
187 3908 21145 546 20147 507 5962 1 0 4 0 0 0 0 0 0 2 1 R 0
188 3928 19476 572 19513 531 4233 1 0 0 0 0 1 0 0 0 1 1 R 0
189 3947 18234 767 18308 725 3926 1 0 0 0 0 0 0 0 0 1 1 R 0
190 3969 21644 542 20020 507 3968 1 0 4 0 0 0 0 0 0 1 1 R 0
191 3989 18923 572 18959 531 4402 1 0 0 0 0 0 0 0 0 1 1 R 0
192 4008 19030 679 19070 645 3800 1 0 0 0 0 0 0 0 0 2 1 R 0
193 4028 19600 531 19635 493 4400 1 0 0 0 0 0 0 0 0 1 1 R 0
194 4050 21387 546 19155 508 5622 1 0 5 0 0 0 0 0 0 1 1 R 0
195 4073 22009 1664 22095 1627 6170 1 0 0 0 0 1 0 0 0 2 1 R 0
196 4093 18094 764 18104 731 3057 1 0 0 0 0 0 0 0 0 2 1 R 0
197 4115 21485 552 19895 510 3846 1 0 4 0 0 0 0 0 0 1 1 R 0
198 4136 20336 721 20404 674 3787 1 0 0 0 0 0 0 0 0 1 1 R 0
199 4156 19138 785 18660 761 3071 1 0 1 0 0 0 0 0 0 1 1 R 0
200 4179 22502 524 20843 493 4079 1 0 5 0 0 0 0 0 0 2 1 R 0
201 4197 17194 676 17255 634 3390 1 0 0 0 0 0 0 0 0 2 1 R 0
202 4218 20677 576 20689 542 5317 1 0 0 0 0 0 0 0 0 1 1 R 0
203 4237 18845 548 18883 509 4254 1 0 0 0 0 0 0 0 0 1 1 R 0
204 4259 21511 544 19488 506 5354 1 0 5 0 0 0 0 0 0 2 1 R 0
205 4279 19240 553 19282 510 3866 1 0 0 0 0 0 0 0 0 1 1 R 0
206 4299 19083 509 19120 469 3813 1 0 0 0 0 0 0 0 0 1 1 R 0
207 4320 20979 554 19881 513 4213 1 0 4 0 0 0 0 0 0 1 1 R 0
208 4341 19645 527 19677 496 3974 1 0 0 0 0 0 0 0 0 2 1 R 0
209 4358 17064 918 17119 872 3097 1 0 0 0 0 0 0 0 0 2 1 R 0
210 4381 21683 680 21729 633 6971 1 0 0 0 1 0 0 0 0 2 1 R 0
211 4403 21434 919 20252 862 2995 1 0 3 0 0 0 0 0 0 2 1 R 0
212 4423 18901 525 18911 493 3967 1 0 0 0 0 0 0 0 0 1 1 R 0
213 4443 19574 784 19629 732 4006 1 0 0 0 0 0 0 0 0 1 1 R 0
214 4466 22143 516 19962 473 4351 1 0 5 0 0 0 0 0 0 1 1 R 0
215 4485 18570 707 18229 666 3085 1 0 1 0 0 0 0 0 0 2 1 R 0
216 4506 20780 534 20791 501 4739 1 0 0 0 0 0 0 0 0 1 1 R 0
217 4527 20483 545 19451 506 4194 1 0 4 0 0 0 0 0 0 1 1 R 0
218 4547 19474 530 19507 492 4239 1 0 0 0 0 0 0 0 0 2 1 R 0
219 4566 18290 640 18345 596 3631 1 0 0 0 0 0 0 0 0 1 1 R 0
220 4585 18485 660 18542 628 3454 1 0 0 0 0 0 0 0 0 2 1 R 0
221 4608 21653 543 20696 506 3314 1 0 4 0 0 0 0 0 0 2 1 R 0
222 4627 19105 562 19144 526 4366 1 0 0 0 0 0 0 0 0 1 1 R 0
223 4647 19381 542 19417 503 4182 1 0 0 0 0 0 0 0 0 1 1 R 0
224 4670 21995 537 19212 504 3469 1 0 5 0 0 0 0 0 0 2 1 R 0
225 4691 20640 1499 20693 1486 6166 1 0 0 0 0 0 0 0 0 1 1 R 0
226 4711 18663 1090 18674 1042 3117 1 0 0 0 0 0 0 0 0 2 1 R 0
227 4731 18549 753 18612 692 3812 1 0 0 0 1 0 0 0 0 1 1 R 0
228 4753 21666 641 19833 603 3291 1 0 3 0 0 0 0 0 0 1 1 R 0
229 4771 16929 688 16978 640 3241 1 0 0 0 0 0 0 0 0 2 1 R 0
230 4790 18103 764 18159 734 3823 1 0 0 0 0 0 0 0 0 2 1 R 0
231 4813 22639 543 21289 502 3689 1 0 4 0 0 0 0 0 0 1 1 R 0
232 4833 19326 520 19358 488 3789 1 0 0 0 0 0 0 0 0 1 1 R 0
233 4853 20077 540 18948 504 3783 1 0 1 0 0 0 0 0 0 2 1 R 0
234 4871 17179 3836 17228 2514 3337 1 0 0 0 3 0 0 0 0 1 1 R 0
235 4893 18398 926 18258 918 2949 1 0 1 0 0 0 0 0 0 2 1 R 0
236 4913 19070 665 19061 601 3164 1 0 0 0 0 0 0 0 0 1 1 R 0
237 4933 19439 535 19466 501 3776 1 0 0 0 0 0 0 0 0 1 1 R 0
238 4955 21124 557 19805 513 3793 1 0 4 0 0 0 0 0 0 1 1 R 0
239 4973 17741 691 17808 629 3275 1 0 0 0 0 0 0 0 0 2 1 R 0
240 4996 21465 854 21502 849 6340 1 0 0 0 0 0 0 0 0 2 1 R 0
241 5018 21530 588 20095 552 3068 1 0 4 0 0 0 0 0 0 1 1 R 0
242 5037 18876 550 18910 514 4211 1 0 0 0 0 0 0 0 0 2 1 R 0
243 5058 20379 687 18686 661 4244 1 0 1 0 0 0 0 0 0 1 1 R 0
244 5078 18855 772 18916 711 3910 1 0 0 0 0 0 0 0 0 1 1 R 0
245 5099 20125 719 19349 678 5530 1 0 4 0 0 0 0 0 0 2 1 R 0
246 5118 18616 720 18664 660 3221 1 0 0 0 0 0 0 0 0 1 1 R 0
247 5138 18801 545 18828 511 4358 1 0 0 0 0 0 0 0 0 1 1 R 0
248 5160 21547 600 20165 557 4329 1 0 4 0 0 0 0 0 0 1 1 R 0
249 5178 17228 741 17269 701 3074 1 0 0 0 0 0 0 0 0 2 1 R 0
250 5196 18050 737 18089 698 4007 1 0 0 0 0 0 0 0 0 1 1 R 0
251 5217 19908 687 19955 636 4291 1 0 0 0 0 0 0 0 0 2 1 R 0
252 5239 20913 545 19963 510 6364 1 0 4 0 0 0 0 0 0 1 1 R 0
253 5260 20889 649 19298 603 4216 1 0 1 0 0 0 0 0 0 1 1 R 0
254 5280 18881 748 18977 668 3584 1 0 0 0 0 0 0 0 0 2 1 R 0
255 5305 24449 528 23408 491 6036 1 0 4 0 0 0 0 0 0 3 1 R 0
256 5324 19081 534 19114 503 3266 1 0 0 0 0 0 0 0 0 1 1 R 0
257 5344 19211 551 19248 514 3730 1 0 0 0 0 0 0 0 0 0 1 R 0
258 5366 20974 523 19602 500 3801 1 0 4 0 0 0 0 0 0 2 1 R 0
259 5384 17834 1000 17871 967 3059 1 0 0 0 0 0 0 0 0 1 1 R 0
260 5404 18678 683 18711 656 3139 1 0 0 0 0 0 0 0 0 3 1 R 0
261 5423 18858 829 18923 754 3360 1 0 0 0 0 0 0 0 0 1 1 R 0
262 5446 21542 539 20042 497 3767 1 0 4 0 0 0 0 0 0 1 1 R 0
263 5467 20818 557 19517 513 4363 1 0 1 0 0 0 0 0 0 1 1 R 0
264 5485 17974 784 18025 746 3656 1 0 0 0 0 0 0 0 0 2 1 R 0
265 5507 21086 664 19635 586 3516 1 0 4 0 0 0 0 0 0 2 1 R 0
266 5529 20900 535 20584 502 4382 1 0 1 0 0 0 0 0 0 1 1 R 0
267 5548 18622 544 18658 505 4170 1 0 0 0 0 0 0 0 0 1 1 R 0
268 5568 19683 541 19719 506 4258 1 0 0 0 0 0 0 0 0 1 1 R 0
269 5589 19789 814 18769 787 5673 1 0 4 0 0 0 0 0 0 2 1 R 0
270 5610 21035 689 21073 649 6435 1 0 0 0 0 0 0 0 0 2 1 R 0
271 5630 18817 895 18860 850 3479 1 0 0 0 0 0 0 0 0 0 1 R 0
272 5653 21801 531 20594 496 3743 1 0 4 0 0 0 0 0 0 1 1 R 0
273 5673 20087 590 19076 555 5335 1 0 1 0 0 0 0 0 0 3 1 R 0
274 5691 17251 1741 17297 1719 3042 1 0 0 0 0 1 0 0 0 1 1 R 0
275 5710 17325 932 17373 885 3075 1 0 0 0 0 0 0 0 0 2 1 R 0
276 5734 22524 533 20304 503 4253 1 0 4 0 0 0 0 0 0 1 1 R 0
277 5753 19222 540 19255 504 3720 1 0 0 0 0 0 0 0 0 1 1 R 0
278 5773 19226 524 19255 495 3998 1 0 0 0 0 0 0 0 0 1 1 R 0
279 5795 21031 741 19996 681 3042 1 0 4 0 0 0 0 0 0 2 1 R 0
280 5814 18138 632 18170 599 2960 1 0 0 0 0 0 0 0 0 1 1 R 0
281 5833 18924 945 18959 913 2986 1 0 0 0 0 0 0 0 0 2 1 R 0
282 5855 20495 901 19947 597 3802 1 0 3 0 1 0 0 0 0 1 1 R 0
283 5877 20996 600 19804 567 4318 1 0 1 0 0 0 0 0 0 1 1 R 0
284 5895 17550 682 17579 632 3429 1 0 0 0 0 0 0 0 0 2 1 R 0
285 5917 21837 544 21876 509 6480 1 0 0 0 0 0 0 0 0 1 1 R 0
286 5937 19654 735 18669 700 5234 1 0 4 0 0 0 0 0 0 2 1 R 0
287 5957 19115 556 19126 519 4267 1 0 0 0 0 0 0 0 0 1 1 R 0
288 5977 19525 691 19577 639 4199 1 0 0 0 0 0 0 0 0 1 1 R 0
289 5998 20468 525 18891 498 3504 1 0 4 0 0 0 0 0 0 2 1 R 0
290 6017 17894 703 17934 660 3551 1 0 0 0 0 0 0 0 0 1 1 R 0
291 6038 20118 537 20151 502 4226 1 0 0 0 0 0 0 0 0 2 1 R 0
292 6057 19001 1731 19039 800 4269 1 0 0 0 1 0 0 0 0 1 1 R 0
293 6081 22399 1332 21473 981 6469 1 0 5 0 0 0 0 0 0 1 1 R 0
294 6100 17289 694 17320 652 3045 1 0 0 0 0 0 0 0 0 3 1 R 0
295 6121 19800 697 19379 676 3247 1 0 1 0 0 0 0 0 0 1 1 R 0
296 6142 21257 706 20177 661 3330 1 0 4 0 0 0 0 0 0 2 1 R 0
297 6162 19178 1144 19195 1121 3817 1 0 0 0 0 1 0 0 0 1 1 R 0
298 6184 20216 572 20241 538 3826 1 0 0 0 0 0 0 0 0 1 1 R 0
299 6204 19401 1271 18833 886 3179 1 0 1 0 2 0 0 0 0 2 1 R 0
300 6228 22973 540 22599 503 6442 1 0 1 0 0 0 0 0 0 1 1 R 0
301 6246 17361 675 17416 616 3597 1 0 0 0 0 0 0 0 0 2 1 R 0
302 6268 21488 566 20084 532 5171 1 0 1 0 0 0 0 0 0 1 1 R 0
303 6289 20681 631 19733 588 6091 1 0 4 0 0 0 0 0 0 1 1 R 0
304 6307 17463 679 17505 626 3004 1 0 0 0 0 0 0 0 0 2 1 R 0
305 6328 20287 547 20328 512 4179 1 0 0 0 0 0 0 0 0 1 1 R 0
306 6351 21788 523 20165 490 4282 1 0 4 0 0 0 0 0 0 2 1 R 0
307 6370 18934 550 18971 512 3772 1 0 0 0 0 0 0 0 0 1 1 R 0
308 6390 19638 580 19714 505 3961 1 0 0 0 0 0 0 0 0 1 1 R 0
309 6408 17280 914 17346 876 3153 1 0 0 0 0 0 0 0 0 2 1 R 0
310 6430 20686 675 19785 659 6058 1 0 4 0 0 0 0 0 0 2 1 R 0
311 6449 18785 1198 18845 1108 3074 1 0 0 0 0 0 0 0 0 0 1 R 0
312 6470 20047 548 17817 511 3761 1 0 1 0 0 0 0 0 0 1 1 R 0
313 6505 33728 1119 22178 984 4314 1 0 10 0 1 0 0 1 1 2 1 R 0
314 6540 33872 1138 30576 996 6515 1 0 1 0 0 0 0 1 1 1 0 R 0
315 6567 26162 534 26192 499 11999 1 0 0 0 0 0 0 1 1 2 0 R 0
316 6588 20320 542 20353 505 4155 1 0 0 0 0 1 0 1 1 1 0 R 0
317 6617 28121 914 28162 879 5070 1 0 0 0 0 0 0 1 1 1 0 R 0
318 6645 27998 565 28026 540 7026 1 0 0 0 0 0 0 1 1 1 0 R 0
319 6666 19509 531 19537 496 4552 1 0 0 0 0 0 0 1 1 1 0 R 0
320 6687 20941 627 20975 593 4154 1 0 0 0 0 0 0 1 1 1 0 R 0
321 6714 26370 935 26405 908 5043 1 0 0 0 0 0 0 1 1 2 0 R 0
322 6744 29500 778 29524 747 7729 1 0 0 0 0 0 0 1 1 1 0 R 0
323 6765 19388 529 19433 481 3904 1 0 0 0 0 0 0 1 1 1 0 R 0
324 6785 19582 535 19620 498 3801 1 0 0 0 0 0 0 1 1 1 0 R 0
325 6810 24633 925 24670 897 4382 1 0 0 0 0 0 0 1 1 1 0 R 0
326 6839 28406 961 28545 815 6344 1 0 0 0 0 0 0 1 1 1 0 R 0
327 6863 22469 567 22498 532 5121 1 0 0 0 0 0 0 1 1 1 0 R 0
328 6883 19529 529 19563 496 3870 1 0 0 0 0 0 0 1 1 1 0 R 0
329 6906 22364 913 22504 783 4837 1 0 0 0 0 0 0 1 1 2 0 R 0
330 6940 33007 943 33033 915 12881 1 0 0 0 0 0 0 1 1 1 0 R 0
331 6967 26291 545 26325 510 6422 1 0 0 0 0 0 0 1 1 1 0 R 0
332 6988 20541 549 20568 515 4124 1 0 0 0 0 0 0 1 1 1 0 R 0
333 7013 24716 894 24851 765 5788 1 0 0 0 0 0 0 1 1 1 0 R 0
334 7043 28911 902 28932 905 6831 1 0 0 0 0 0 0 1 1 1 0 R 0
335 7069 24645 800 24740 679 8183 1 0 0 0 0 0 0 1 1 1 0 R 0
336 7090 20397 634 20429 597 4064 1 0 0 0 0 0 0 1 1 2 0 R 0
337 7111 20192 540 20230 503 5244 1 0 0 0 0 0 0 1 1 1 0 R 0
338 7139 27903 809 27943 774 4164 1 0 0 0 0 0 0 1 1 1 0 R 0
339 7163 22961 741 22987 708 4365 1 0 0 0 0 0 0 1 1 1 0 R 0
340 7184 20222 524 20255 492 4304 1 0 0 0 0 0 0 1 1 1 0 R 0
341 7205 20420 969 20457 936 3732 1 0 0 0 0 0 0 1 1 1 0 R 0
342 7234 28105 906 28139 882 5313 1 0 0 0 0 0 0 1 1 2 0 R 0
343 7259 24262 535 24284 502 5051 1 0 0 0 0 0 0 1 1 1 0 R 0
344 7279 19926 778 19984 719 4491 1 0 0 0 0 0 0 1 1 1 0 R 0
345 7304 24003 534 24039 494 7556 1 0 0 0 0 0 0 1 1 1 0 R 0
346 7331 26809 1470 27358 933 4278 1 0 0 0 0 0 0 1 1 1 0 R 0
347 7361 27873 539 27899 506 5729 1 0 0 0 0 0 0 1 1 2 0 R 0
348 7381 19618 835 19650 800 3929 1 0 0 0 0 0 0 1 1 1 0 R 0
349 7400 18099 2306 18135 2285 3780 1 0 0 0 0 0 0 1 1 1 0 R 0
350 7428 25631 1170 25780 1037 3733 1 0 0 0 0 0 0 1 1 2 0 R 0
351 7468 39274 702 39297 824 6943 1 0 0 0 0 0 0 1 1 4 0 R 0
352 7490 21132 537 20988 501 4731 1 0 0 0 0 0 0 1 1 1 0 R 0
353 7511 20112 548 20155 506 3729 1 0 0 0 0 0 0 1 1 1 0 R 0
354 7540 28154 927 28192 892 4344 1 0 0 0 0 0 0 1 1 0 0 R 0
355 7568 27398 539 27430 508 5600 1 0 0 0 0 0 0 1 1 1 0 R 0
356 7588 19660 532 19688 500 4516 1 0 0 0 0 0 0 1 1 2 0 R 0
357 7609 20738 570 20776 532 4530 1 0 0 0 0 0 0 1 1 1 0 R 0
358 7636 26471 963 26622 815 4162 1 0 0 0 0 0 0 1 1 1 0 R 0
359 7666 28887 879 29037 730 6903 1 0 0 0 0 0 0 1 1 1 0 R 0
360 7691 23627 587 23661 552 8430 1 0 0 0 0 0 0 1 1 2 0 R 0
361 7713 21254 523 21284 488 3713 1 0 0 0 0 0 0 1 1 1 0 R 0
362 7739 25760 923 25918 773 4384 1 0 0 0 0 0 0 1 1 1 0 R 0
363 7769 29209 755 29244 717 6271 1 0 0 0 0 0 0 1 1 1 0 R 0
364 7789 19657 519 19686 487 4680 1 0 0 0 0 0 0 1 1 1 0 R 0
365 7809 19234 1430 19271 1440 3788 1 0 0 0 0 0 0 1 1 1 0 R 0
366 7838 27063 813 27055 780 3864 1 0 0 0 0 0 0 1 1 1 0 R 0
367 7869 30473 963 30508 927 6493 1 0 0 0 0 1 0 1 1 2 0 R 0
368 7890 19896 596 19925 563 3960 1 0 0 0 0 0 0 1 1 1 0 R 0
369 7909 18577 902 18677 815 3578 1 0 0 0 0 0 0 1 1 1 0 R 0
370 7935 24771 917 24788 891 4671 1 0 0 0 0 0 0 1 1 1 0 R 0
371 7965 29374 927 29521 782 7374 1 0 0 0 0 0 0 1 1 2 0 R 0
372 7991 25394 913 25429 874 7623 1 0 0 0 0 0 0 1 1 1 0 R 0
373 8011 18459 539 18490 505 3705 1 0 0 0 0 0 0 1 1 1 0 R 0
374 8036 25054 932 25208 798 5324 1 0 0 0 0 0 0 1 1 1 0 R 0
375 8070 32469 818 32488 881 13800 1 0 0 0 0 0 0 1 1 1 0 R 0
376 8093 22290 519 22221 487 4529 1 0 0 0 0 0 0 1 1 1 0 R 0
377 8113 19440 700 19525 616 3693 1 0 0 0 0 0 0 1 1 1 0 R 0
378 8137 23827 1080 23979 932 5432 1 0 0 0 0 0 0 1 1 1 0 R 0
379 8169 30640 1116 30788 976 6629 1 0 0 0 0 0 0 1 1 1 0 R 0
380 8196 26289 794 26309 776 5644 1 0 0 0 0 0 0 1 1 2 0 R 0
381 8216 18622 536 18638 501 4194 1 0 0 0 0 0 0 1 1 1 0 R 0
382 8249 33018 1393 30800 1227 6260 1 0 1 0 0 0 0 1 1 1 0 S 0
383 8284 32967 537 32978 508 7215 1 0 0 0 0 0 0 1 1 1 0 R 0
384 8304 19678 526 19707 488 3995 1 0 0 0 0 0 0 1 1 1 0 R 0
385 8326 21173 639 21210 603 3768 1 0 0 0 0 0 0 1 1 1 0 R 0
386 8352 26161 901 26191 886 4740 1 0 0 0 0 0 0 1 1 2 0 R 0
387 8381 28176 1484 28199 1452 6735 1 0 0 0 0 0 0 1 1 1 0 R 0
388 8407 23675 595 23715 550 7822 1 0 0 0 0 0 0 1 1 1 0 R 0
389 8429 21403 547 21445 505 4245 1 0 0 0 0 0 0 1 1 1 0 R 0
390 8458 28942 997 28980 964 9542 1 0 0 0 0 0 0 1 1 1 0 R 0
391 8491 32357 1371 31565 1235 5386 1 0 1 0 0 0 0 1 1 2 0 R 0
392 8515 21861 534 21892 500 4834 1 0 0 0 0 0 0 1 1 1 0 R 0
393 8537 21753 825 21902 677 3793 1 0 0 0 0 0 0 1 1 1 0 R 0
394 8564 25722 546 25751 514 5952 1 0 0 0 0 0 0 1 1 1 0 R 0
395 8583 18685 929 18720 894 3788 1 0 0 0 0 0 0 1 1 1 0 R 0
396 8606 22451 780 22517 716 4123 1 0 0 0 0 0 0 1 1 1 0 R 0
397 8627 19886 520 19917 488 4160 1 0 0 0 0 0 0 1 1 1 0 R 0
398 8652 24953 1001 24992 988 5106 1 0 0 0 0 0 0 1 1 1 0 R 0
399 8693 39256 700 39297 646 7565 1 0 0 0 0 0 0 1 1 4 0 R 0
400 8715 22076 1711 22125 1690 3908 1 0 0 0 0 1 0 1 1 2 0 R 0
401 8737 20454 546 20450 506 4229 1 0 0 0 0 0 0 1 1 2 0 R 0
402 8766 28323 924 28479 774 4575 1 0 0 0 0 0 0 1 1 2 0 R 0
403 8795 27545 540 27577 506 7160 1 0 0 0 0 0 0 1 1 1 0 R 0
404 8816 20309 524 20337 491 4022 1 0 0 0 0 0 0 1 1 1 0 R 0
405 8840 23337 562 23379 591 7903 1 0 0 0 0 0 0 1 1 1 0 R 0
406 8867 26701 1127 26784 993 4246 1 0 0 0 0 0 0 1 1 1 0 R 0
407 8897 29399 519 29414 490 7808 1 0 0 0 0 0 0 1 1 1 0 R 0
408 8917 19071 539 19101 506 4364 1 0 0 0 0 0 0 1 1 1 0 R 0
409 8938 20532 802 20571 764 4144 1 0 0 0 0 0 0 1 1 1 0 R 0
410 8965 26496 787 26527 758 4503 1 0 0 0 0 0 0 1 1 1 0 R 0
411 8995 28964 752 28992 727 7175 1 0 0 0 0 0 0 1 1 1 0 R 0
412 9016 20248 564 20272 531 4124 1 0 0 0 0 0 0 1 1 2 0 R 0
413 9036 19261 525 19299 489 4124 1 0 0 0 0 0 0 1 1 1 0 R 0
414 9061 24193 1735 24343 1696 5917 1 0 0 0 0 0 0 1 1 1 0 R 0
415 9092 30134 953 30175 802 7344 1 0 0 0 0 0 0 1 1 1 0 R 0
416 9115 21355 534 21386 499 5255 1 0 0 0 0 0 0 1 1 1 0 R 0
417 9134 19007 543 19045 506 3778 1 0 0 0 0 0 0 1 1 1 0 R 0
418 9157 21994 770 22032 842 3916 1 0 0 0 0 0 0 1 1 1 0 R 0
419 9187 29009 589 28941 551 6049 1 0 0 0 0 0 0 1 1 1 0 R 0
420 9214 26333 529 26366 492 13826 1 0 0 0 0 0 0 1 1 2 0 R 0
421 9233 19185 578 19219 547 3756 1 0 0 0 0 0 0 1 1 1 0 R 0
422 9255 20855 546 20892 508 3798 1 0 0 0 0 0 0 1 1 1 0 R 0
423 9283 28047 782 28081 751 6074 1 0 0 0 0 0 0 1 1 1 0 R 0
424 9310 26009 552 26065 506 7667 1 0 0 0 0 0 0 1 1 1 0 R 0
425 9330 19262 554 19284 525 4127 1 0 0 0 0 0 0 1 1 1 0 R 0
426 9351 20321 550 20357 513 3789 1 0 0 0 0 0 0 1 1 2 0 R 0
427 9378 26289 810 26323 774 4278 1 0 0 0 0 0 0 1 1 1 0 R 0
428 9408 29162 650 29306 509 7001 1 0 0 0 0 0 0 1 1 1 0 R 0
429 9428 19826 537 19860 501 4491 1 0 0 0 0 0 0 1 1 1 0 R 0
430 9450 21373 850 20991 922 5064 1 0 1 0 0 0 0 1 1 1 0 R 0
431 9478 26740 786 26668 750 3769 1 0 0 0 0 0 0 1 1 1 0 R 0
432 9509 30229 921 30374 791 6373 1 0 0 0 0 0 0 1 1 1 0 R 0
433 9529 19700 539 19715 504 3788 1 0 0 0 0 0 0 1 1 2 0 R 0
434 9548 18594 567 18632 530 4318 1 0 0 0 0 0 0 1 1 1 0 R 0
435 9578 29182 902 29316 774 10356 1 0 0 0 0 0 0 1 1 1 0 R 0
436 9609 30133 937 30163 915 5693 1 0 0 0 0 0 0 1 1 1 0 R 0
437 9630 19864 550 19884 514 3778 1 0 0 0 0 0 0 1 1 1 0 R 0
438 9650 19172 552 19209 514 3771 1 0 0 0 0 0 0 1 1 1 0 R 0
439 9675 24783 1165 24934 1038 5510 1 0 0 0 0 0 0 1 1 2 0 R 0
440 9715 39080 1267 39130 1217 6527 1 0 0 0 0 0 0 1 1 3 0 R 0
441 9743 26020 693 26054 644 6465 1 0 0 0 0 0 0 1 1 3 0 R 0
442 9767 23965 821 24010 783 3695 1 0 0 0 0 0 0 1 1 2 0 R 0
443 9807 38866 1235 39017 1088 6930 1 0 0 0 0 0 0 1 1 4 0 R 0
444 9834 25978 710 26014 664 7161 1 0 0 0 0 1 0 1 1 3 0 R 0
445 9853 18309 527 18333 494 3913 1 0 0 0 0 0 0 1 1 1 0 R 0
446 9875 21440 588 21475 550 5163 1 0 0 0 0 0 0 1 1 1 0 R 0
447 9904 28761 917 28798 894 6287 1 0 0 0 0 0 0 1 1 1 0 R 0
448 9928 22704 567 22730 533 7048 1 0 0 0 0 0 0 1 1 2 0 R 0
449 9948 19426 536 19455 504 4375 1 0 0 0 0 0 0 1 1 1 0 R 0
450 9973 24206 539 24236 507 7971 1 0 0 0 0 0 0 1 1 1 0 R 0
451 10000 26772 925 26928 775 6702 1 0 0 0 0 0 0 1 1 1 0 R 0
452 10032 31464 818 31599 678 5489 1 0 0 0 0 0 0 1 1 1 0 R 0
453 10053 19391 511 19422 480 3937 1 0 0 0 0 0 0 1 1 2 0 R 0
454 10074 20985 535 21019 501 3714 1 0 0 0 0 0 0 1 1 1 0 R 0
455 10104 29054 897 29204 748 4929 1 0 0 0 0 0 0 1 1 1 0 R 0
456 10130 24876 723 25072 531 7620 1 0 0 0 0 0 0 1 1 1 0 R 0
457 10151 20284 590 20321 552 4194 1 0 0 0 0 0 0 1 1 1 0 R 0
458 10171 20295 863 20324 828 3770 1 0 0 0 0 0 0 1 1 2 0 R 0
459 10196 23453 932 23488 917 4253 1 0 0 0 0 0 0 1 1 1 0 R 0
460 10226 29688 867 29818 723 8074 1 0 0 0 0 1 0 1 1 1 0 R 0
461 10246 19145 531 19173 498 4375 1 0 0 0 0 0 0 1 1 1 0 R 0
462 10266 19089 535 19122 501 4292 1 0 0 0 0 0 0 1 1 1 0 R 0
463 10292 25872 1659 26019 1665 4552 1 0 0 0 0 0 0 1 1 1 0 R 0
464 10323 28791 1259 28665 1242 7105 1 0 0 0 0 0 0 1 1 1 0 R 0
465 10350 26221 545 26246 509 13211 1 0 0 0 0 0 0 1 1 1 0 R 0
466 10369 18476 1588 18516 1561 3621 1 0 0 0 0 0 0 1 1 1 0 R 0
467 10397 26023 1068 26309 775 3870 1 0 0 0 0 0 0 1 1 2 0 R 0
468 10427 29076 910 29217 767 7027 1 0 0 0 0 0 0 1 1 0 0 R 0
469 10449 20609 538 20640 508 4554 1 0 0 0 0 0 0 1 1 1 0 R 0
470 10468 18951 521 18974 490 4138 1 0 0 0 0 0 0 1 1 2 0 R 0
471 10496 27484 915 27075 782 7547 1 0 1 0 0 0 0 1 1 1 0 R 0
472 10525 28184 911 28220 872 7431 1 0 0 0 0 0 0 1 1 2 0 R 0
473 10551 24901 1051 24930 1011 7470 1 0 0 0 0 0 0 1 1 1 0 R 0
474 10572 19896 511 19928 483 3777 1 0 0 0 0 0 0 1 1 1 0 R 0
475 10597 24476 910 24512 884 5461 1 0 0 0 0 0 0 1 1 1 0 R 0
476 10627 29257 922 29280 900 6979 1 0 0 0 0 0 0 1 1 1 0 R 0
477 10650 22089 549 22118 506 6008 1 0 0 0 0 0 0 1 1 1 0 R 0
478 10670 18807 532 18839 500 4142 1 0 0 0 0 0 0 1 1 1 0 R 0
479 10693 23161 557 23193 525 3810 1 0 0 0 0 0 0 1 1 2 0 R 0
480 10727 33290 802 33326 876 13751 1 0 0 0 0 0 0 1 1 1 0 R 0
481 10755 27274 553 27206 515 7551 1 0 0 0 0 0 0 1 1 1 0 R 0
482 10775 19115 577 19142 549 4441 1 0 0 0 0 0 0 1 1 1 0 R 0
483 10799 23158 798 23194 770 5691 1 0 0 0 0 0 0 1 1 1 0 R 0
484 10828 28762 1064 29050 781 6624 1 0 0 0 0 0 0 1 1 1 0 R 0
485 10853 24031 732 24065 708 6880 1 0 0 0 0 0 0 1 1 1 0 R 0
486 10872 18455 648 18469 626 3763 1 0 0 0 0 0 0 1 1 1 0 R 0
487 10894 20810 529 20827 496 3753 1 0 0 0 0 0 0 1 1 1 0 R 0
488 10924 29627 1104 29781 963 6362 1 0 0 0 0 0 0 1 1 1 0 R 0
489 10954 29037 722 29152 684 6894 1 0 0 0 0 0 0 1 1 2 0 R 0
490 10975 19770 518 19713 487 3942 1 0 0 0 0 0 0 1 1 1 0 R 0
491 10997 21444 542 21475 508 3717 1 0 0 0 0 0 0 1 1 1 0 R 0
492 11025 28326 926 28478 784 6677 1 0 0 0 0 0 0 1 1 1 0 R 0
493 11051 24272 732 24301 703 5914 1 0 0 0 0 0 0 1 1 1 0 R 0
494 11070 19074 700 19146 619 4146 1 0 0 0 0 0 0 1 1 2 0 R 0
495 11096 25083 927 25236 778 7516 1 0 0 0 0 0 0 1 1 1 0 R 0
496 11125 28212 795 28242 765 6126 1 0 0 0 0 0 0 1 1 1 0 R 0
497 11151 24582 2092 24724 1954 7199 1 0 0 0 0 0 0 1 1 1 0 R 0
498 11174 20768 523 20793 491 6786 1 0 0 0 0 0 0 1 1 1 0 R 0
499 11195 20758 1584 20838 1519 3706 1 0 0 0 0 0 0 1 1 1 0 R 0
500 11224 27147 970 27166 1049 4846 1 0 0 0 0 0 0 1 1 1 0 R 0
501 11253 28693 908 28611 883 7114 1 0 0 0 0 0 0 1 1 1 0 R 0
502 11277 22504 1159 22539 1131 5857 1 0 0 0 0 1 0 1 1 2 0 R 0
503 11299 20760 555 20785 514 4577 1 0 0 0 0 0 0 1 1 1 0 R 0
504 11328 28333 928 28495 775 4699 1 0 0 0 0 0 0 1 1 1 0 R 0
505 11349 20878 569 20907 533 4817 1 0 0 0 0 0 0 1 1 1 0 R 0
506 11371 20944 545 20984 508 3805 1 0 0 0 0 0 0 1 1 1 0 R 0
507 11390 18939 570 18973 532 3712 1 0 0 0 0 0 0 1 1 1 0 R 0
508 11416 25521 933 25559 900 5469 1 0 0 0 0 0 0 1 1 1 0 R 0
509 11448 30357 918 29529 777 6182 1 0 1 0 0 0 0 1 1 1 0 R 0
510 11474 25311 528 25334 491 12250 1 0 0 0 0 0 0 1 1 2 0 R 0
511 11494 19228 526 19273 480 3719 1 0 0 0 0 0 0 1 1 1 0 R 0
512 11517 22729 833 22766 916 5445 1 0 0 0 0 0 0 1 1 1 0 R 0
513 11546 28444 801 28361 774 7133 1 0 0 0 0 0 0 1 1 1 0 R 0
514 11574 26984 559 27010 523 7478 1 0 0 0 0 0 0 1 1 1 0 R 0
515 11594 18958 531 18994 496 3941 1 0 0 0 0 0 0 1 1 1 0 R 0
516 11618 23523 972 23679 822 5037 1 0 0 0 0 0 0 1 1 1 0 R 0
517 11648 29082 801 29117 766 5816 1 0 0 0 0 0 0 1 1 1 0 R 0
518 11671 22532 907 22569 871 6606 1 0 0 0 0 0 0 1 1 2 0 R 0
519 11691 18830 536 18860 499 3769 1 0 0 0 0 0 0 1 1 1 0 R 0
520 11713 21906 527 21940 492 3811 1 0 0 0 0 0 0 1 1 1 0 R 0
521 11743 29194 796 29226 1083 6347 1 0 0 0 0 0 0 1 1 2 0 R 0
522 11774 30652 870 30369 837 7503 1 0 0 0 0 0 0 1 1 1 0 R 0
523 11795 19404 583 19438 559 4004 1 0 0 0 0 0 0 1 1 1 0 R 0
524 11817 21285 534 21311 500 3755 1 0 0 0 0 0 0 1 1 1 0 R 0
525 11849 32392 937 32430 912 13863 1 0 0 0 0 0 0 1 1 1 0 R 0
526 11879 28343 840 28366 809 6147 1 0 0 0 0 0 0 1 1 1 0 R 0
527 11900 20254 549 20285 514 4406 1 0 0 0 0 0 0 1 1 1 0 R 0
528 11922 22031 902 22058 881 4528 1 0 0 0 0 0 0 1 1 1 0 R 0
529 11947 23233 544 23266 504 7319 1 0 0 0 0 0 0 1 1 1 0 R 0
530 11967 19618 537 19649 506 4186 1 0 0 0 0 0 0 1 1 2 0 R 0
531 11989 22231 537 22269 499 5261 1 0 0 0 0 0 0 1 1 1 0 R 0
532 12010 20341 818 20384 777 3733 1 0 0 0 0 0 0 1 1 1 0 R 0
533 12039 27792 1017 27831 982 4760 1 0 0 0 0 0 0 1 1 1 0 R 0
534 12069 28904 907 29038 774 5419 1 0 0 0 0 0 0 1 1 1 0 R 0
535 12090 20087 632 20116 596 3929 1 0 0 0 0 0 0 1 1 2 0 R 0
536 12110 19865 2142 19898 2116 4108 1 0 0 0 0 0 0 1 1 1 0 R 0
537 12138 25680 914 25812 781 3761 1 0 0 0 0 0 0 1 1 1 0 R 0
538 12169 29413 897 29545 765 6471 1 0 0 0 0 0 0 1 1 2 0 R 0
539 12190 20576 599 20611 557 3583 1 0 0 0 0 0 0 1 1 1 0 R 0
540 12214 23282 897 23315 871 7471 1 0 0 0 0 0 0 1 1 1 0 R 0
541 12240 24956 923 25079 796 3890 1 0 0 0 0 0 0 1 1 1 0 R 0
542 12271 30068 1451 30197 1438 5668 1 0 0 0 0 0 0 1 1 1 0 R 0
543 12291 19292 1022 19211 982 3896 1 0 0 0 0 0 0 1 1 1 0 R 0
544 12311 18990 1093 19046 1046 3722 1 0 0 0 0 0 0 1 1 1 0 R 0
545 12335 22622 550 22649 514 5514 1 0 0 0 0 0 0 1 1 2 0 R 0
546 12358 22603 905 22735 777 5057 1 0 0 0 0 0 0 1 1 1 0 R 0
547 12389 29488 737 29528 788 7481 1 0 0 0 0 0 0 1 1 1 0 R 0
548 12409 19601 526 19541 493 3676 1 0 0 0 0 0 0 1 1 1 0 R 0
549 12431 21373 893 21412 860 4670 1 0 0 0 0 0 0 1 1 1 0 R 0
550 12461 28778 1891 28903 1780 6422 1 0 0 0 0 0 0 1 1 1 0 R 0
551 12491 28712 1458 27934 1329 9204 1 0 1 0 0 0 0 1 1 2 0 R 0
552 12513 19837 522 19864 490 4043 1 0 0 0 0 0 0 1 1 1 0 R 0
553 12536 22839 916 22984 772 3748 1 0 0 0 0 1 0 1 1 1 0 R 0
554 12566 29491 800 29526 871 7507 1 0 0 0 0 0 0 1 1 1 0 R 0
555 12596 28928 701 28852 676 13425 1 0 0 0 0 0 0 1 1 1 0 R 0
556 12616 18944 538 18971 508 4427 1 0 0 0 0 0 0 1 1 1 0 R 0
557 12638 21788 960 21917 848 4163 1 0 0 0 0 0 0 1 1 2 0 R 0
558 12669 30119 921 30140 895 6071 1 0 0 0 0 0 0 1 1 1 0 R 0
559 12693 23353 592 23384 545 6443 1 0 0 0 0 0 0 1 1 1 0 R 0
560 12714 19746 510 19777 479 3783 1 0 0 0 0 0 0 1 1 1 0 R 0
561 12735 21056 877 21202 729 3745 1 0 0 0 0 0 0 1 1 1 0 R 0
562 12764 27816 906 27853 876 5612 1 0 0 0 0 0 0 1 1 1 0 R 0
563 12791 25628 589 25662 551 7438 1 0 0 0 0 0 0 1 1 1 0 R 0
564 12811 20403 853 20745 511 4058 1 0 0 0 0 0 0 1 1 1 0 R 0
565 12834 21264 790 21349 701 3780 1 0 0 0 0 0 0 1 1 2 0 R 0
566 12856 21209 547 21249 509 4153 1 0 0 0 0 0 0 1 1 1 0 R 0
567 12876 19556 524 19587 495 4065 1 0 0 0 0 0 0 1 1 1 0 R 0
568 12896 19875 915 19911 879 4236 1 0 0 0 0 0 0 1 1 1 0 R 0
569 12918 20904 541 20940 504 5557 1 0 0 0 0 0 0 1 1 1 0 R 0
570 12943 24846 534 24875 512 7832 1 0 0 0 0 0 0 1 1 1 0 R 0
571 12971 26826 1441 26858 1416 6826 1 0 0 0 0 0 0 1 1 1 0 R 0
572 12997 25193 547 25219 507 7041 1 0 0 0 0 1 0 1 1 2 0 R 0
573 13018 20290 517 20319 488 4646 1 0 0 0 0 0 0 1 1 1 0 R 0
574 13039 20409 549 20449 508 4543 1 0 0 0 0 0 0 1 1 1 0 R 0
575 13065 25779 928 25818 897 4516 1 0 0 0 0 0 0 1 1 1 0 R 0
576 13097 30397 941 30549 789 7561 1 0 0 0 0 0 0 1 1 2 0 R 0
577 13120 22182 582 22218 538 6002 1 0 0 0 0 0 0 1 1 1 0 R 0
578 13140 19655 843 19805 696 3727 1 0 0 0 0 0 0 1 1 1 0 R 0
579 13168 27122 957 27275 803 4480 1 0 0 0 0 0 0 1 1 1 0 R 0
580 13196 26912 860 26947 826 6613 1 0 0 0 0 0 0 1 1 1 0 R 0
581 13216 19316 541 19351 503 4305 1 0 0 0 0 0 0 1 1 1 0 R 0
582 13236 19795 1424 19825 1429 4117 1 0 0 0 0 0 0 1 1 1 0 R 0
583 13264 25903 911 26026 760 4188 1 0 0 0 0 0 0 1 1 2 0 R 0
584 13294 29483 1140 29506 1137 7198 1 0 0 0 0 0 0 1 1 1 0 R 0
585 13319 23692 530 23703 496 9531 1 0 0 0 0 0 0 1 1 1 0 R 0
586 13338 18656 532 18687 497 4132 1 0 0 0 0 0 0 1 1 1 0 R 0
587 13366 27384 1091 27687 805 3992 1 0 0 0 0 0 0 1 1 1 0 R 0
588 13397 29889 798 29907 767 7236 1 0 0 0 0 0 0 1 1 1 0 R 0
589 13420 22101 549 22134 516 7044 1 0 0 0 0 0 0 1 1 1 0 R 0
590 13440 19803 569 19836 539 3760 1 0 0 0 0 0 0 1 1 2 0 R 0
591 13466 24630 920 24657 895 3859 1 0 0 0 0 0 0 1 1 1 0 R 0
592 13495 29029 884 29055 854 7308 1 0 0 0 0 0 0 1 1 1 0 R 0
593 13524 27350 536 26187 502 6470 1 0 1 0 0 0 0 1 1 1 0 R 0
594 13543 19128 552 19159 520 3646 1 0 0 0 0 0 0 1 1 1 0 R 0
595 13570 25714 1125 25873 968 4434 1 0 0 0 0 0 0 1 1 2 0 R 0
596 13600 29175 966 29346 799 5571 1 0 0 0 0 0 0 1 1 1 0 R 0
597 13622 21331 521 21354 491 4481 1 0 0 0 0 0 0 1 1 0 0 R 0
598 13641 18628 904 18665 871 3702 1 0 0 0 0 0 0 1 1 1 0 R 0
599 13666 23347 921 23379 897 4750 1 0 0 0 0 0 0 1 1 2 0 R 0
600 13696 29488 541 29516 502 14117 1 0 0 0 0 0 0 1 1 1 0 R 0
601 13725 27892 544 27927 513 5254 1 0 0 0 0 0 0 1 1 1 0 R 0
602 13745 20199 536 20236 497 4056 1 0 0 0 0 0 0 1 1 1 0 R 0
603 13769 23540 805 23569 778 5992 1 0 0 0 0 0 0 1 1 1 0 R 0
604 13800 29634 1303 29668 1281 6298 1 0 0 0 0 1 0 1 1 2 0 R 0
605 13827 26390 563 26413 530 7461 1 0 0 0 0 0 0 1 1 1 0 R 0
606 13847 19015 659 19068 608 4450 1 0 0 0 0 0 0 1 1 1 0 R 0
607 13870 22732 922 22879 773 5813 1 0 0 0 0 0 0 1 1 1 0 R 0
608 13898 26319 540 26352 505 6424 1 0 0 0 0 0 0 1 1 2 0 R 0
609 13918 19628 934 19660 1004 4156 1 0 0 0 0 0 0 1 1 1 0 R 0
610 13940 21587 542 21520 502 5346 1 0 0 0 0 0 0 1 1 1 0 R 0
611 13961 20556 899 20610 846 3748 1 0 0 0 0 0 0 1 1 1 0 R 0
612 13990 28098 924 28253 773 4198 1 0 0 0 0 0 0 1 1 1 0 R 0
613 14019 27376 582 27409 547 5741 1 0 0 0 0 0 0 1 1 2 0 R 0
614 14039 19838 526 19867 496 4087 1 0 0 0 0 0 0 1 1 1 0 R 0
615 14065 24829 677 24884 625 7504 1 0 0 0 0 0 0 1 1 1 0 R 0
616 14087 21894 741 22037 596 4060 1 0 0 0 0 0 0 1 1 1 0 R 0
617 14116 28591 934 28628 901 5111 1 0 0 0 0 0 0 1 1 1 0 R 0
618 14138 20221 517 20244 486 4338 1 0 0 0 0 0 0 1 1 1 0 R 0
619 14157 18982 525 19013 495 4109 1 0 0 0 0 0 0 1 1 2 0 R 0
620 14184 26820 815 26855 783 5088 1 0 0 0 0 0 0 1 1 1 0 R 0
621 14215 29374 911 29404 882 7180 1 0 0 0 0 0 0 1 1 1 0 R 0
622 14237 21453 557 21481 528 7196 1 0 0 0 0 0 0 1 1 1 0 R 0
623 14256 18811 536 18846 502 4106 1 0 0 0 0 0 0 1 1 1 0 R 0
624 14281 24548 1309 24582 1385 5730 1 0 0 0 0 0 0 1 1 1 0 R 0
625 14313 30348 913 30385 777 7343 1 0 0 0 0 0 0 1 1 1 0 R 0
626 14336 21641 542 21668 503 6936 1 0 0 0 0 0 0 1 1 2 0 R 0
627 14356 19792 532 19831 494 4181 1 0 0 0 0 0 0 1 1 1 0 R 0
628 14377 20492 723 20526 696 4085 1 0 0 0 0 0 0 1 1 1 0 R 0
629 14406 28652 1097 28682 1066 7233 1 0 0 0 0 0 0 1 1 1 0 R 0
630 14435 27338 888 27369 858 14261 1 0 0 0 0 0 0 1 1 1 0 R 0
631 14455 19150 581 19184 542 3825 1 0 0 0 0 0 0 1 1 2 0 R 0
632 14478 22114 534 21933 514 3730 1 0 1 0 0 0 0 1 1 1 0 R 0
633 14506 28133 973 28156 939 5687 1 0 0 0 0 0 0 1 1 1 0 R 0
634 14537 29840 1004 29879 966 6424 1 0 0 0 0 0 0 1 1 1 0 R 0
635 14559 20728 576 20756 542 4344 1 0 0 0 0 0 0 1 1 1 0 R 0
636 14581 21367 548 21406 513 4184 1 0 0 0 0 0 0 1 1 1 0 R 0
637 14609 28124 1117 28260 987 5990 1 0 0 0 0 0 0 1 1 1 0 R 0
638 14636 25461 546 25494 509 6446 1 0 0 0 0 0 0 1 1 1 0 R 0
639 14656 19470 520 19500 485 4467 1 0 0 0 0 0 0 1 1 1 0 R 0
640 14677 20070 533 20103 498 4149 1 0 0 0 0 0 0 1 1 1 0 R 0
641 14705 27757 909 27908 765 4719 1 0 0 0 0 0 0 1 1 1 0 R 0
642 14735 29330 698 29357 670 6549 1 0 0 0 0 0 0 1 1 2 0 R 0
643 14758 21710 547 21745 508 6527 1 0 0 0 0 0 0 1 1 1 0 R 0
644 14779 20766 544 20803 506 4095 1 0 0 0 0 0 0 1 1 1 0 R 0
645 14811 31169 782 31205 752 11391 1 0 0 0 0 0 0 1 1 1 0 R 0
646 14841 30083 1673 30230 1523 7934 1 0 0 0 0 1 0 1 1 1 0 R 0
647 14863 20097 522 20128 488 4326 1 0 0 0 0 0 0 1 1 1 0 R 0
648 14884 20470 547 20509 506 3758 1 0 0 0 0 0 0 1 1 1 0 R 0
649 14911 26054 1659 26192 1544 3979 1 0 0 0 0 0 0 1 1 1 0 R 0
650 14932 19563 526 19592 479 3796 1 0 0 0 0 0 0 1 1 2 0 R 0
651 14954 21321 568 21365 526 3736 1 0 0 0 0 0 0 1 1 1 0 R 0
652 14974 19137 577 19191 520 4006 1 0 0 0 0 0 0 1 1 1 0 R 0
653 14998 24013 818 24051 784 5305 1 0 0 0 0 0 0 1 1 1 0 R 0
654 15028 29448 1109 29476 1086 6673 1 0 0 0 0 0 0 1 1 2 0 R 0
655 15056 26474 550 26502 514 6219 1 0 0 0 0 0 0 1 1 1 0 R 0
656 15076 19691 539 19727 504 4296 1 0 0 0 0 0 0 1 1 1 0 R 0
657 15099 21767 1117 21934 977 5645 1 0 0 0 0 0 0 1 1 1 0 R 0
658 15130 30695 812 30705 781 6297 1 0 0 0 0 0 0 1 1 1 0 R 0
659 15154 22809 541 22839 504 7217 1 0 0 0 0 0 0 1 1 1 0 R 0
660 15176 21814 530 21849 494 7793 1 0 0 0 0 0 0 1 1 1 0 R 0
661 15200 22799 1135 22932 1009 5319 1 0 0 0 0 0 0 1 1 1 0 R 0
662 15229 28321 790 28349 762 6454 1 0 0 0 0 0 0 1 1 2 0 R 0
663 15254 23711 654 23749 619 6646 1 0 0 0 0 0 0 1 1 1 0 R 0
664 15273 18922 528 18941 499 3853 1 0 0 0 0 0 0 1 1 1 0 R 0
665 15296 22053 643 22191 507 3766 1 0 0 0 0 0 0 1 1 1 0 R 0
666 15325 28703 927 28867 764 5962 1 0 0 0 0 0 0 1 1 1 0 R 0
667 15356 29477 810 29510 775 7658 1 0 0 0 0 0 0 1 1 1 0 R 0
668 15377 20517 537 20549 504 5005 1 0 0 0 0 0 0 1 1 1 0 R 0
669 15397 19531 985 19566 962 4127 1 0 0 0 0 0 0 1 1 1 0 R 0
670 15426 27947 924 28091 778 5552 1 0 0 0 0 0 0 1 1 1 0 R 0
671 15457 30494 772 29430 737 9164 1 0 1 0 0 0 0 1 1 2 0 R 0
672 15479 20467 537 20498 502 4542 1 0 0 0 0 0 0 1 1 1 0 R 0
673 15501 21545 662 21606 612 4205 1 0 0 0 0 0 0 1 1 1 0 R 0
674 15527 25721 800 25743 772 5735 1 0 0 0 0 0 0 1 1 1 0 R 0
675 15551 23596 859 23625 825 8007 1 0 0 0 0 0 0 1 1 1 0 R 0
676 15573 20877 567 20909 534 4528 1 0 0 0 0 0 0 1 1 1 0 R 0
677 15594 20436 829 20587 678 3732 1 0 0 0 0 0 0 1 1 2 0 R 0
678 15621 26120 1319 26152 1390 3751 1 0 0 0 0 0 0 1 1 1 0 R 0
679 15650 27595 554 27525 524 7473 1 0 0 0 0 0 0 1 1 1 0 R 0
680 15671 20278 617 20327 580 3752 1 0 0 0 0 0 0 1 1 1 0 R 0
681 15690 18303 889 18374 800 3666 1 0 0 0 0 0 0 1 1 1 0 R 0
682 15714 23803 897 23946 759 5708 1 0 0 0 0 0 0 1 1 1 0 R 0
683 15746 30373 767 30400 745 6758 1 0 0 0 0 0 0 1 1 1 0 R 0
684 15773 26297 522 26322 487 7012 1 0 0 0 0 0 0 1 1 1 0 R 0
685 15793 19237 552 19271 517 3947 1 0 0 0 0 0 0 1 1 2 0 R 0
686 15815 22299 801 22336 770 5248 1 0 0 0 0 0 0 1 1 1 0 R 0
687 15845 28712 836 28742 907 6855 1 0 0 0 0 0 0 1 1 1 0 R 0
688 15868 22460 540 22393 502 7165 1 0 0 0 0 0 0 1 1 1 0 R 0
689 15889 20317 538 20349 504 4481 1 0 0 0 0 0 0 1 1 1 0 R 0
690 15914 24684 906 24834 760 9020 1 0 0 0 0 0 0 1 1 1 0 R 0
691 15945 29462 797 29493 869 6528 1 0 0 0 0 0 0 1 1 1 0 R 0
692 15970 24358 554 24292 518 6581 1 0 0 0 0 0 0 1 1 2 0 R 0
693 15989 18820 523 18850 490 3683 1 0 0 0 0 0 0 1 1 1 0 R 0
694 16010 20355 552 20407 500 3839 1 0 0 0 0 0 0 1 1 1 0 R 0
695 16039 28704 928 28741 903 4527 1 0 0 0 0 0 0 1 1 1 0 R 0
696 16067 26576 544 26601 510 6135 1 0 0 0 0 0 0 1 1 1 0 R 0
697 16087 19686 787 19736 746 4640 1 0 0 0 0 0 0 1 1 1 0 R 0
698 16110 22588 746 22653 694 3991 1 0 0 0 0 0 0 1 1 3 0 R 0
699 16147 36046 1094 36074 1053 4349 1 0 0 0 0 0 0 1 1 2 0 R 0
700 16180 31652 1181 31705 1142 7040 1 0 0 0 0 0 0 1 1 2 0 S 0
701 16201 20262 1910 20347 1815 4556 1 0 0 0 0 0 0 1 1 1 0 R 0
702 16229 25477 1208 25528 1155 6810 1 0 0 0 0 0 0 1 1 2 0 R 0
703 16260 29896 729 29925 692 5758 1 0 0 0 0 0 0 1 1 1 0 R 0
704 16281 20130 537 20163 501 3756 1 0 0 0 0 0 0 1 1 1 0 R 0
705 16304 22517 566 22549 539 7760 1 0 0 0 0 0 0 1 1 2 0 R 0
706 16328 23950 798 23985 761 4814 1 0 0 0 0 0 0 1 1 1 0 R 0
707 16358 28955 2632 29124 2487 6455 1 0 0 0 0 1 0 1 1 1 0 R 0
708 16387 26742 552 26753 519 6332 1 0 0 0 0 0 0 1 1 1 0 R 0
709 16407 19144 518 19173 488 4080 1 0 0 0 0 0 0 1 1 1 0 R 0
710 16429 21592 556 21627 521 6181 1 0 0 0 0 0 0 1 1 1 0 R 0
711 16452 22340 789 22414 717 3952 1 0 0 0 0 0 0 1 1 1 0 R 0
712 16473 20392 527 20422 495 4117 1 0 0 0 0 0 0 1 1 1 0 R 0
713 16496 21854 538 21502 501 4086 1 0 1 0 0 0 0 1 1 2 0 R 0
714 16518 21773 539 21809 505 4208 1 0 0 0 0 0 0 1 1 1 0 R 0
715 16545 26109 762 26139 734 4802 1 0 0 0 0 0 0 1 1 1 0 R 0
716 16575 29014 769 29047 735 6725 1 0 0 0 0 0 0 1 1 1 0 R 0
717 16596 20334 539 20370 502 3956 1 0 0 0 0 0 0 1 1 1 0 R 0
718 16615 19106 523 19140 490 4127 1 0 0 0 0 0 0 1 1 2 0 R 0
719 16641 25351 1601 25512 1447 4800 1 0 0 0 0 0 0 1 1 1 0 R 0
720 16676 33332 789 33360 759 13284 1 0 0 0 0 0 0 1 1 1 0 R 0
721 16698 21611 585 21641 550 5847 1 0 0 0 0 0 0 1 1 2 0 R 0
722 16718 18583 613 18629 574 4180 1 0 0 0 0 0 0 1 1 1 0 R 0
723 16745 27237 924 27388 771 3808 1 0 0 0 0 0 0 1 1 1 0 R 0
724 16776 29530 972 29567 934 7121 1 0 0 0 0 0 0 1 1 1 0 R 0
725 16801 23874 559 23912 519 7345 1 0 0 0 0 0 0 1 1 1 0 R 0
726 16821 19285 1981 19318 1965 3734 1 0 0 0 0 0 0 1 1 1 0 R 0
727 16848 24888 915 24910 882 3880 1 0 0 0 0 0 0 1 1 2 0 R 0
728 16879 30152 1084 30180 1056 7172 1 0 0 0 0 0 0 1 1 0 0 R 0
729 16900 20374 562 20402 524 3825 1 0 0 0 0 0 0 1 1 1 0 R 0
730 16919 18771 567 18805 534 3855 1 0 0 0 0 0 0 1 1 1 0 R 0
731 16945 25397 927 25547 782 5413 1 0 0 0 0 0 0 1 1 2 0 R 0
732 16974 27821 906 27844 892 7245 1 0 0 0 0 0 0 1 1 1 0 R 0
733 16998 23179 548 23206 509 7248 1 0 0 0 0 0 0 1 1 1 0 R 0
734 17018 18999 568 19049 517 4020 1 0 0 0 0 0 0 1 1 2 0 R 0
735 17045 27116 791 27151 757 9968 1 0 0 0 0 0 0 1 1 1 0 R 0
736 17074 28017 914 28045 894 6153 1 0 0 0 0 0 0 1 1 1 0 R 0
737 17098 22696 663 22853 498 7032 1 0 0 0 0 0 0 1 1 1 0 R 0
738 17118 19051 516 19079 486 4123 1 0 0 0 0 0 0 1 1 1 0 R 0
739 17140 21766 605 21809 562 4118 1 0 0 0 0 1 0 1 1 2 0 R 0
740 17169 28293 986 28334 1068 5411 1 0 0 0 0 0 0 1 1 1 0 R 0
741 17195 25287 788 25200 754 6245 1 0 0 0 0 0 0 1 1 1 0 R 0
742 17216 19791 515 19819 482 4504 1 0 0 0 0 0 0 1 1 1 0 R 0
743 17237 20431 553 20469 515 4190 1 0 0 0 0 0 0 1 1 1 0 R 0
744 17264 26611 793 26644 763 4762 1 0 0 0 0 0 0 1 1 2 0 R 0
745 17293 28869 525 28898 495 7104 1 0 0 0 0 0 0 1 1 1 0 R 0
746 17314 19873 530 19905 496 3990 1 0 0 0 0 0 0 1 1 1 0 R 0
747 17334 19718 563 19756 522 3743 1 0 0 0 0 0 0 1 1 1 0 R 0
748 17360 24970 532 25008 500 3843 1 0 0 0 0 0 0 1 1 1 0 R 0
749 17384 23877 901 23907 881 4564 1 0 0 0 0 0 0 1 1 1 0 R 0
750 17414 28814 533 28834 500 13683 1 0 0 0 0 0 0 1 1 1 0 R 0
751 17435 20742 1356 20101 1352 4023 1 0 1 0 0 0 0 1 1 2 0 R 0
752 17461 24730 1348 24735 1435 4206 1 0 0 0 0 0 0 1 1 1 0 R 0
753 17490 27225 943 27241 814 7423 1 0 0 0 0 0 0 1 1 1 0 R 0
754 17513 22517 722 22572 661 4558 1 0 0 0 0 0 0 1 1 2 0 R 0
755 17533 19135 523 19164 493 3737 1 0 0 0 0 0 0 1 1 1 0 R 0
756 17555 21676 905 21710 876 4446 1 0 0 0 0 0 0 1 1 1 0 R 0
757 17587 30492 909 30628 774 6412 1 0 0 0 0 0 0 1 1 1 0 R 0
758 17610 22154 860 22184 827 6712 1 0 0 0 0 0 0 1 1 1 0 R 0
759 17629 18524 567 18556 530 3768 1 0 0 0 0 0 0 1 1 1 0 R 0
760 17651 21600 1013 21637 979 4038 1 0 0 0 0 0 0 1 1 1 0 R 0
761 17680 27942 968 28087 826 5281 1 0 0 0 0 0 0 1 1 1 0 R 0
762 17708 26596 858 26658 796 6309 1 0 0 0 0 0 0 1 1 1 0 R 0
763 17728 19149 527 19172 497 4561 1 0 0 0 0 0 0 1 1 1 0 R 0
764 17748 20255 555 20293 517 4247 1 0 0 0 0 0 0 1 1 1 0 R 0
765 17782 33036 1221 33216 1153 12143 1 0 0 0 0 0 0 1 1 2 0 R 0
766 17814 30547 1153 30485 1110 7770 1 0 0 0 0 0 0 1 1 3 0 R 0
767 17835 20503 780 20560 727 3766 1 0 0 0 0 0 0 1 1 2 0 R 0
768 17858 21379 532 21402 496 4144 1 0 0 0 0 0 0 1 1 2 0 R 0
769 17920 61944 819 36911 757 6141 1 3 0 0 0 26 0 1 1 2 0 R 0
770 17942 21559 1543 21621 1490 4626 1 0 0 0 0 45 0 1 1 1 0 R 0
771 17973 29168 1184 29184 1160 6526 1 0 0 0 0 0 0 1 1 1 0 R 0
772 18004 30006 506 30027 473 5786 1 0 0 0 0 0 0 1 1 1 0 R 0
773 18025 20426 578 20474 528 5078 1 0 0 0 0 0 0 1 1 1 0 R 0
774 18045 18956 581 18994 548 3809 1 0 0 0 0 0 0 1 1 1 0 R 0
775 18070 24925 924 24966 898 5606 1 0 0 0 0 0 0 1 1 2 0 R 0
776 18100 29170 1636 29193 1619 8015 1 0 0 0 0 0 0 1 1 1 0 R 0
777 18128 26081 540 26099 503 7344 1 0 0 0 0 0 0 1 1 1 0 R 0
778 18148 19094 845 19181 763 4369 1 0 0 0 0 0 0 1 1 1 0 R 0
779 18172 23597 717 23621 694 5950 1 0 0 0 0 0 0 1 1 1 0 R 0
780 18207 33931 914 33957 889 13431 1 0 0 0 0 0 0 1 1 1 0 R 0
781 18229 21193 574 21226 533 5840 1 0 0 0 0 0 0 1 1 1 0 R 0
782 18248 18928 662 19002 591 4121 1 0 0 0 0 0 0 1 1 1 0 R 0
783 18273 24144 916 24172 899 5177 1 0 0 0 0 0 0 1 1 2 0 R 0
784 18303 28407 1120 28419 1217 7181 1 0 0 0 0 0 0 1 1 1 0 R 0
785 18326 22279 893 22193 858 7329 1 0 0 0 0 0 0 1 1 1 0 R 0
786 18347 19615 535 19647 503 4337 1 0 0 0 0 0 0 1 1 1 0 R 0
787 18368 21237 680 21299 615 4164 1 0 0 0 0 0 0 1 1 1 0 R 0
788 18398 28664 913 28705 875 6116 1 0 0 0 0 0 0 1 1 1 0 R 0
789 18425 26792 566 26844 512 6736 1 0 0 0 0 0 0 1 1 1 0 R 0
790 18445 19334 530 19366 499 4504 1 0 0 0 0 0 0 1 1 2 0 R 0
791 18466 20262 548 20303 504 3737 1 0 0 0 0 0 0 1 1 1 0 R 0
792 18497 30117 802 29777 770 5892 1 0 1 0 0 0 0 1 1 1 0 R 0
793 18526 28246 1280 28389 1221 6875 1 0 0 0 0 0 0 1 1 2 0 R 0
794 18549 21556 751 21536 688 5831 1 0 0 0 0 0 0 1 1 1 0 R 0
795 18579 29630 1669 29814 1487 7502 1 0 0 0 0 1 0 1 1 1 0 R 0
796 18608 27082 1097 27109 1075 6465 1 0 0 0 0 0 0 1 1 3 0 R 0
797 18632 23620 511 23635 482 6212 1 0 0 0 0 0 0 1 1 1 0 R 0
798 18651 18493 880 18540 836 3787 1 0 0 0 0 0 0 1 1 1 0 R 0
799 18673 20758 522 20783 492 3703 1 0 0 0 0 0 0 1 1 1 0 R 0
800 18700 25981 819 26020 791 4476 1 0 0 0 0 0 0 1 1 1 0 R 0
801 18727 26890 528 26920 495 6342 1 0 0 0 0 0 0 1 1 1 0 R 0
802 18747 19555 536 19586 504 4463 1 0 0 0 0 0 0 1 1 1 0 R 0
803 18769 21337 804 21374 765 4651 1 0 0 0 0 0 0 1 1 1 0 R 0
804 18796 26088 931 26119 907 3909 1 0 0 0 0 0 0 1 1 2 0 R 0
805 18823 25795 544 25836 493 6945 1 0 0 0 0 0 0 1 1 1 0 R 0
806 18848 24397 599 24442 561 5351 1 0 0 0 0 0 0 1 1 1 0 R 0
807 18867 18656 531 18684 499 4138 1 0 0 0 0 0 0 1 1 1 0 R 0
808 18893 25623 742 25650 717 5021 1 0 0 0 0 0 0 1 1 1 0 R 0
809 18924 30028 1914 30166 1790 7149 1 0 0 0 0 1 0 1 1 1 0 R 0
810 18951 24770 560 24793 520 11996 1 0 0 0 0 0 0 1 1 2 0 R 0
811 18971 19567 543 19608 1286 3683 1 0 0 0 0 0 0 1 1 1 0 R 0
812 18994 22333 627 21578 601 3900 1 0 0 0 0 0 0 1 1 1 0 R 0
813 19023 28535 1092 28558 1065 7058 1 0 0 0 0 0 0 1 1 1 0 R 0
814 19046 21958 549 21998 507 6437 1 0 0 0 0 0 0 1 1 1 0 R 0
815 19066 19352 535 19386 500 4281 1 0 0 0 0 0 0 1 1 2 0 R 0
816 19087 20661 548 20702 505 4205 1 0 0 0 0 0 0 1 1 1 0 R 0
817 19111 23455 1564 23495 1534 6723 1 0 0 0 0 0 0 1 1 1 0 R 0
818 19137 24754 548 24784 513 4776 1 0 0 0 0 0 0 1 1 1 0 R 0
819 19158 20479 568 20510 534 4877 1 0 0 0 0 0 0 1 1 1 0 R 0
820 19179 20522 744 20563 708 4175 1 0 0 0 0 0 0 1 1 1 0 R 0
821 19203 22477 1241 22503 1222 3917 1 0 0 0 0 0 0 1 1 2 0 R 0
822 19229 25239 812 25373 669 4132 1 0 0 0 0 0 0 1 1 1 0 R 0
823 19251 20935 582 20974 539 5168 1 0 0 0 0 0 0 1 1 1 0 R 0
824 19270 18494 851 18556 813 3516 1 0 0 0 0 0 0 1 1 1 0 R 0
825 19301 29692 788 29177 755 10919 1 0 1 0 0 0 0 1 1 1 0 R 0
826 19330 29033 1093 29179 956 6108 1 0 0 0 0 0 0 1 1 2 0 R 0
827 19355 23141 756 23192 706 6057 1 0 0 0 0 0 0 1 1 1 0 R 0
828 19376 20972 733 21036 668 3754 1 0 0 0 0 0 0 1 1 1 0 R 0
829 19408 31243 1211 31433 1026 6031 1 0 0 0 0 0 0 1 1 3 0 R 0
830 19451 41548 1586 41591 1545 6819 1 0 0 0 0 0 0 1 1 5 0 R 0
831 19476 23843 702 23880 657 4161 1 0 0 0 0 0 0 1 1 2 0 R 0
832 19508 30734 1240 30799 1186 4163 1 0 0 0 0 1 0 1 1 3 0 R 0
833 19549 39367 745 38621 691 7898 1 0 1 0 0 0 0 1 1 4 0 R 0
834 19571 22109 1078 22168 1017 4365 1 0 0 0 0 0 0 1 1 3 0 R 0
835 19593 20374 522 20384 488 3782 1 0 0 0 0 0 0 1 1 1 0 R 0
836 19620 27100 933 27138 911 4415 1 0 0 0 0 0 0 1 1 1 0 R 0
837 19649 27669 532 27695 500 6405 1 0 0 0 0 0 0 1 1 1 0 R 0
838 19669 19135 536 19164 503 4628 1 0 0 0 0 0 0 1 1 1 0 R 0
839 19690 20418 937 20569 786 3901 1 0 0 0 0 0 0 1 1 1 0 R 0
840 19721 30466 1490 30498 1574 10094 1 0 0 0 0 0 0 1 1 1 0 R 0
841 19751 28154 556 28077 521 7417 1 0 0 0 0 0 0 1 1 1 0 R 0
842 19771 19314 536 19342 503 3921 1 0 0 0 0 0 0 1 1 2 0 R 0
843 19790 18551 623 18583 592 3803 1 0 0 0 0 0 0 1 1 1 0 R 0
844 19816 25630 1107 25665 1086 3883 1 0 0 0 0 0 0 1 1 1 0 R 0
845 19847 29550 792 29570 853 6412 1 0 0 0 0 0 0 1 1 2 0 R 0
846 19868 20601 549 20546 506 4928 1 0 0 0 0 0 0 1 1 1 0 R 0
847 19888 19661 569 19699 528 4092 1 0 0 0 0 0 0 1 1 1 0 R 0
848 19911 22668 1367 23161 891 5667 1 0 0 0 0 0 0 1 1 1 0 R 0
849 19941 28249 1868 28271 1948 7846 1 0 0 0 0 0 0 1 1 1 0 R 0
850 19969 26267 766 26234 692 6760 1 0 0 0 0 0 0 1 1 2 0 R 0
851 19991 21054 1007 21115 941 3772 1 0 0 0 0 0 0 1 1 3 0 R 0
852 20014 21685 541 21714 505 5448 1 0 0 0 0 0 0 1 1 1 0 R 0
853 20041 26672 1872 26718 1843 4213 1 0 0 0 0 0 0 1 1 1 0 R 0
854 20065 22555 530 22582 494 7046 1 0 0 0 0 0 0 1 1 1 0 R 0
855 20087 21371 545 21405 509 7931 1 0 0 0 0 0 0 1 1 1 0 R 0
856 20109 21169 548 21206 507 4040 1 0 0 0 0 0 0 1 1 2 0 R 0
857 20137 27386 1106 27530 968 4942 1 0 0 0 0 0 0 1 1 1 0 R 0
858 20164 26361 748 26395 713 6485 1 0 0 0 0 0 0 1 1 1 0 R 0
859 20184 18909 528 18940 494 4204 1 0 0 0 0 0 0 1 1 1 0 R 0
860 20205 20581 602 20615 570 3747 1 0 0 0 0 0 0 1 1 1 0 R 0
861 20229 23541 900 23675 772 3827 1 0 0 0 0 0 0 1 1 1 0 R 0
862 20260 29495 1059 29527 1028 5698 1 0 0 0 0 0 0 1 1 2 0 R 0
863 20284 23453 532 23484 493 6568 1 0 0 0 0 0 0 1 1 1 0 R 0
864 20305 20141 818 20280 681 3805 1 0 0 0 0 0 0 1 1 1 0 R 0
865 20328 22588 792 22624 760 3744 1 0 0 0 0 0 0 1 1 1 0 R 0
866 20358 29002 799 29035 764 6046 1 0 0 0 0 0 0 1 1 1 0 R 0
867 20384 24659 787 24690 757 6493 1 0 0 0 0 0 0 1 1 1 0 R 0
868 20404 19296 530 19327 496 3699 1 0 0 0 0 0 0 1 1 1 0 R 0
869 20429 24363 914 24399 889 4586 1 0 0 0 0 0 0 1 1 1 0 R 0
870 20458 28971 592 29009 557 13015 1 0 0 0 0 0 0 1 1 1 0 R 0
871 20481 22376 1094 22399 1060 4726 1 0 0 0 1 0 0 1 1 1 0 R 0
872 20501 18862 869 18603 837 3940 1 0 0 0 0 0 0 1 1 2 0 R 0
873 20527 24724 782 24759 746 4579 1 0 0 0 0 0 0 1 1 1 0 R 0
874 20557 29682 913 29832 766 7227 1 0 0 0 0 0 0 1 1 1 0 R 0
875 20586 27449 545 27482 510 7009 1 0 0 0 0 0 0 1 1 1 0 R 0
876 20605 19056 527 19086 494 4413 1 0 0 0 0 0 0 1 1 1 0 R 0
877 20629 22811 790 22843 762 5835 1 0 0 0 0 0 0 1 1 1 0 R 0
878 20660 30027 800 30058 883 5802 1 0 0 0 0 0 0 1 1 1 0 R 0
879 20683 22544 508 22455 481 6471 1 0 0 0 0 0 0 1 1 1 0 R 0
880 20701 17934 966 17970 930 3743 1 0 0 0 0 0 0 1 1 1 0 R 0
881 20723 21054 570 21092 528 3706 1 0 0 0 0 0 0 1 1 2 0 R 0
882 20753 28815 897 28961 760 5485 1 0 0 0 0 0 0 1 1 1 0 R 0
883 20783 29136 740 29158 712 7703 1 0 0 0 0 0 0 1 1 1 0 R 0
884 20805 21476 510 21509 475 4301 1 0 0 0 0 0 0 1 1 1 0 R 0
885 20830 24302 911 24449 777 9743 1 0 0 0 0 0 0 1 1 1 0 R 0
886 20859 27943 935 27987 893 6497 1 0 0 0 0 0 0 1 1 1 0 R 0
887 20884 24148 522 24167 487 4137 1 0 0 0 0 0 0 1 1 2 0 R 0
888 20904 19271 560 19303 529 4112 1 0 0 0 0 0 0 1 1 1 0 R 0
889 20925 20488 545 20525 506 3758 1 0 0 0 0 0 0 1 1 1 0 R 0
890 20953 28176 759 28212 741 4531 1 0 0 0 0 0 0 1 1 1 0 R 0
891 20983 29027 778 29043 749 6964 1 0 0 0 0 0 0 1 1 1 0 R 0
892 21006 21664 587 21702 547 5615 1 0 0 0 0 0 0 1 1 1 0 R 0
893 21027 20418 548 20456 507 4130 1 0 0 0 0 0 0 1 1 2 0 R 0
894 21054 27135 921 27169 901 4801 1 0 0 0 0 0 0 1 1 1 0 R 0
895 21083 27930 518 27949 489 7485 1 0 0 0 0 0 0 1 1 1 0 R 0
896 21103 19415 546 19462 496 3962 1 0 0 0 0 0 0 1 1 1 0 R 0
897 21123 19510 1303 19539 1290 3762 1 0 0 0 0 0 0 1 1 1 0 R 0
898 21150 25278 974 25408 943 4467 1 0 0 0 0 0 0 1 1 1 0 R 0
899 21180 29802 1060 29723 1036 5881 1 0 0 0 0 0 0 1 1 2 0 R 0
900 21205 23428 520 23448 487 10385 1 0 0 0 0 0 0 1 1 1 0 R 0
901 21226 20494 893 20642 745 3776 1 0 0 0 0 0 0 1 1 2 0 R 0
902 21251 24223 1822 24436 1619 4228 1 0 0 0 0 0 0 1 1 1 0 R 0
903 21282 29213 1200 29568 840 7589 1 0 0 0 0 0 0 1 1 0 0 R 0
904 21304 20455 538 20487 500 3751 1 0 0 0 0 0 0 1 1 1 0 R 0
905 21323 18843 557 18873 526 3744 1 0 0 0 0 0 0 1 1 2 0 R 0
906 21347 23054 907 23201 767 5426 1 0 0 0 0 0 0 1 1 1 0 R 0
907 21378 30568 969 30713 821 6279 1 0 0 0 0 0 0 1 1 1 0 R 0
908 21402 22752 537 22790 497 6595 1 0 0 0 0 0 0 1 1 1 0 R 0
909 21421 18161 544 18198 503 3711 1 0 0 0 0 0 0 1 1 1 0 R 0
910 21443 21834 749 21868 818 3714 1 0 0 0 0 0 0 1 1 1 0 R 0
911 21473 29567 893 29601 761 7143 1 0 0 0 0 0 0 1 1 2 0 R 0
912 21504 29664 1167 29693 1148 7706 1 0 0 0 0 1 0 1 1 1 0 R 0
913 21526 20745 542 20294 502 4074 1 0 1 0 0 0 0 1 1 1 0 R 0
914 21549 22903 935 23057 787 5443 1 0 0 0 0 0 0 1 1 1 0 R 0
915 21584 34243 896 34267 874 13970 1 0 0 0 0 0 0 1 1 1 0 R 0
916 21607 21915 535 21947 498 5941 1 0 0 0 0 0 0 1 1 2 0 R 0
917 21626 18593 529 18628 492 4163 1 0 0 0 0 0 0 1 1 1 0 R 0
918 21650 22832 922 22980 776 4136 1 0 0 0 0 0 0 1 1 1 0 R 0
919 21680 29295 929 29439 786 6514 1 0 0 0 0 0 0 1 1 2 0 R 0
920 21705 23781 628 23818 587 6260 1 0 0 0 0 0 0 1 1 1 0 R 0
921 21725 19726 561 19762 525 3804 1 0 0 0 0 0 0 1 1 1 0 R 0
922 21745 19929 806 19971 764 3784 1 0 0 0 0 0 0 1 1 1 0 R 0
923 21772 26103 936 26133 911 4919 1 0 0 0 0 0 0 1 1 1 0 R 0
924 21800 27014 548 27048 508 6277 1 0 0 0 0 0 0 1 1 1 0 R 0
925 21821 20254 931 20293 894 3743 1 0 0 0 0 1 0 1 1 1 0 R 0
926 21842 20285 699 20323 666 3809 1 0 0 0 0 0 0 1 1 2 0 R 0
927 21869 25888 915 26034 768 4336 1 0 0 0 0 0 0 1 1 1 0 R 0
928 21899 28744 794 28780 760 6116 1 0 0 0 0 0 0 1 1 1 0 R 0
929 21920 21002 555 21032 517 4276 1 0 0 0 0 0 0 1 1 1 0 R 0
930 21945 23680 520 23711 488 7549 1 0 0 0 0 0 0 1 1 1 0 R 0
931 21971 25367 924 25510 786 3992 1 0 0 0 0 0 0 1 1 2 0 R 0
932 22000 29043 1621 29080 1594 6230 1 0 0 0 0 0 0 1 1 1 0 R 0
933 22023 20492 1168 20555 1098 3989 1 0 0 0 0 0 0 1 1 1 0 R 0
934 22042 18462 508 18488 475 3813 1 0 0 0 0 0 0 1 1 1 0 R 0
935 22069 26622 855 26779 815 4146 1 0 0 0 0 0 0 1 1 1 0 R 0
936 22100 29992 554 29920 515 6611 1 0 0 0 0 0 0 1 1 1 0 R 0
937 22122 21334 623 21367 599 4282 1 0 0 0 0 0 0 1 1 2 0 R 0
938 22141 18125 1187 18208 1100 3662 1 0 0 0 0 0 0 1 1 1 0 R 0
939 22164 22318 1020 22345 997 4895 1 0 0 0 0 0 0 1 1 1 0 R 0
940 22196 30984 945 31112 805 7273 1 0 0 0 0 0 0 1 1 1 0 R 0
941 22220 22342 571 22378 530 7580 1 0 0 0 0 0 0 1 1 1 0 R 0
942 22239 18589 743 18644 691 3760 1 0 0 0 0 0 0 1 1 1 0 R 0
943 22260 20054 567 20094 699 4196 1 0 0 0 0 0 0 1 1 1 0 R 0
944 22290 29322 948 29189 920 5758 1 0 0 0 0 0 0 1 1 2 0 R 0
945 22318 27264 544 27295 508 13160 1 0 0 0 0 0 0 1 1 1 0 R 0
946 22339 20406 529 20434 497 4681 1 0 0 0 0 0 0 1 1 2 0 R 0
947 22360 20558 569 20596 527 4166 1 0 0 0 0 0 0 1 1 1 0 R 0
948 22389 28794 798 28835 768 4597 1 0 0 0 0 0 0 1 1 1 0 R 0
949 22419 28914 784 28950 831 5028 1 0 0 0 0 0 0 1 1 1 0 R 0
950 22440 20863 539 20811 502 4527 1 0 0 0 0 0 0 1 1 1 0 R 0
951 22462 21479 953 21508 933 3787 1 0 0 0 0 0 0 1 1 1 0 R 0
952 22494 30350 1117 29505 1010 4813 1 0 1 0 0 0 0 1 1 1 0 R 0
953 22523 28314 830 28407 721 7319 1 0 0 0 0 0 0 1 1 2 0 R 0
954 22545 20903 858 20947 808 4350 1 0 0 0 0 0 0 1 1 1 0 R 0
955 22567 21589 600 21628 559 3797 1 0 0 0 0 0 0 1 1 1 0 R 0
956 22593 25347 521 25381 487 6366 1 0 0 0 0 0 0 1 1 1 0 R 0
957 22613 18671 611 18713 570 3789 1 0 0 0 0 0 0 1 1 1 0 R 0
958 22635 22283 548 22321 514 3762 1 0 0 0 0 0 0 1 1 2 0 R 0
959 22655 18895 550 18923 517 4162 1 0 0 0 0 0 0 1 1 1 0 R 0
960 22680 24825 555 24867 513 10522 1 0 0 0 0 0 0 1 1 1 0 R 0
961 22709 28447 933 28587 811 4790 1 0 0 0 0 0 0 1 1 1 0 R 0
962 22733 22910 517 22924 485 6074 1 0 0 0 0 0 0 1 1 1 0 R 0
963 22753 19356 698 19403 663 3669 1 0 0 0 0 0 0 1 1 1 0 R 0
964 22776 22460 784 22481 755 3830 1 0 0 0 0 0 0 1 1 1 0 R 0
965 22805 28277 799 28307 869 7029 1 0 0 0 0 0 0 1 1 2 0 R 0
966 22829 23476 552 23416 513 7069 1 0 0 0 0 0 0 1 1 1 0 R 0
967 22850 19663 559 19696 524 3804 1 0 0 0 0 0 0 1 1 1 0 R 0
968 22870 20079 548 20112 513 3738 1 0 0 0 0 0 0 1 1 1 0 R 0
969 22893 21670 1267 21697 1240 4235 1 0 0 0 0 0 0 1 1 1 0 R 0
970 22923 29313 1292 29840 769 6215 1 0 0 0 0 0 0 1 1 2 0 R 0
971 22944 19460 568 19488 536 3978 1 0 0 0 0 0 0 1 1 1 0 R 0
972 22964 19054 620 19083 588 3803 1 0 0 0 0 0 0 1 1 1 0 R 0
973 22986 21955 562 21994 520 4150 1 0 0 0 0 0 0 1 1 1 0 R 0
974 23009 21941 794 21979 861 4365 1 0 0 0 0 0 0 1 1 1 0 R 0
975 23036 26486 522 26420 485 12446 1 0 0 0 0 0 0 1 1 1 0 R 0
976 23055 19073 536 19106 504 4360 1 0 0 0 0 0 0 1 1 1 0 R 0
977 23077 20781 713 20819 678 4152 1 0 0 0 0 0 0 1 1 2 0 R 0
978 23100 22766 891 22799 863 4286 1 0 0 0 0 0 0 1 1 1 0 R 0
979 23131 29461 533 29488 500 6830 1 0 0 0 0 0 0 1 1 1 0 R 0
980 23154 22748 511 18902 480 3922 1 0 2 0 0 0 0 1 1 1 0 R 0
981 23176 21574 527 21603 490 3767 1 0 0 0 0 0 0 1 1 1 0 R 0
982 23201 24819 1224 24862 1191 4824 1 0 0 0 0 0 0 1 1 2 0 R 0
983 23235 32788 917 27269 770 12211 1 0 1 0 0 0 0 1 1 1 0 R 0
984 23259 22734 540 22772 505 5844 1 0 0 0 0 0 0 1 1 1 0 R 0
985 23281 21143 643 21190 600 3831 1 0 0 0 0 0 0 1 1 1 0 R 0
986 23308 26172 917 26203 890 3678 1 0 0 0 0 0 0 1 1 2 0 R 0
987 23337 28753 798 28779 766 5691 1 0 0 0 0 0 0 1 1 1 0 R 0
988 23360 22369 540 22398 505 6936 1 0 0 0 0 0 0 1 1 1 0 R 0
989 23382 21152 671 21181 641 3852 1 0 0 0 0 0 0 1 1 1 0 R 0
990 23414 31007 797 31040 769 10529 1 0 0 0 0 0 0 1 1 1 0 R 0
991 23437 22522 534 22261 502 7112 1 0 1 0 0 0 0 1 1 1 0 R 0
992 23459 21347 531 21384 497 5481 1 0 0 0 0 0 0 1 1 1 0 R 0
993 23481 21792 955 21891 847 4703 1 0 0 0 0 0 0 1 1 2 0 R 0
994 23507 25082 897 25219 757 4291 1 0 0 0 0 0 0 1 1 1 0 R 0
995 23538 30028 974 30158 848 5312 1 0 0 0 0 0 0 1 1 1 0 R 0
996 23559 19556 581 19583 527 4349 1 0 0 0 0 0 0 1 1 1 0 R 0
997 23578 19177 527 19207 492 4108 1 0 0 0 0 0 0 1 1 1 0 R 0
998 23606 26735 943 26759 917 3888 1 0 0 0 0 0 0 1 1 2 0 R 0
999 23636 29179 800 29202 769 7288 1 0 0 0 0 0 0 1 1 1 0 R 0
1000 23661 24433 902 24458 866 8210 1 0 0 0 0 0 0 1 1 1 0 R 0
1001 23681 19372 1572 19399 1544 3624 1 0 0 0 0 0 0 1 1 1 0 R 0
1002 23706 22976 984 23112 866 3858 1 0 0 0 0 0 0 1 1 1 0 R 0
1003 23735 27986 804 27991 758 6965 1 0 0 0 0 0 0 1 1 1 0 R 0
1004 23761 25235 536 25266 504 7243 1 0 0 0 0 0 0 1 1 1 0 R 0
1005 23784 22607 1434 22629 1406 7816 1 0 0 0 0 0 0 1 1 1 0 R 0
1006 23811 25958 1387 26562 784 4359 1 0 0 0 0 0 0 1 1 2 0 R 0
1007 23836 22628 534 22641 496 7966 1 0 0 0 0 0 0 1 1 1 0 R 0
1008 23857 21088 795 21210 668 4223 1 0 0 0 0 0 0 1 1 1 0 R 0
1009 23878 19927 572 19962 542 4367 1 0 0 0 0 0 0 1 1 1 0 R 0
1010 23900 21995 542 22013 506 4724 1 0 0 0 0 0 0 1 1 1 0 R 0
1011 23930 29220 946 29364 798 6338 1 0 0 0 0 0 0 1 1 1 0 R 0
1012 23958 27262 1206 27295 1170 6434 1 0 0 0 0 0 0 1 1 1 0 R 0
1013 23982 22618 512 22630 486 5130 1 0 0 0 0 0 0 1 1 1 0 R 0
1014 24004 21524 1742 21556 1819 3692 1 0 0 0 0 1 0 1 1 1 0 R 0
1015 24036 30398 753 30308 728 6189 1 0 0 0 0 0 0 1 1 2 0 R 0
1016 24060 22742 552 22766 509 6900 1 0 0 0 0 0 0 1 1 1 0 R 0
1017 24080 19641 562 19675 527 4141 1 0 0 0 0 0 0 1 1 1 0 R 0
1018 24103 22472 1105 22657 915 3613 1 0 0 0 0 1 0 1 1 1 0 R 0
1019 24139 34500 1101 34651 1052 4435 1 0 0 0 0 0 0 1 1 2 0 S 0
1020 24169 29102 916 29053 842 11323 1 0 0 0 0 0 0 1 1 1 0 R 0
1021 24190 20097 570 20129 531 3725 1 0 0 0 0 0 0 1 1 2 0 R 0
1022 24214 23836 904 23862 882 4978 1 0 0 0 0 0 0 1 1 1 0 R 0
1023 24244 29001 522 29016 487 6351 1 0 0 0 0 0 0 1 1 1 0 R 0
1024 24271 26317 886 26347 857 6631 1 0 0 0 0 0 0 1 1 1 0 R 0
1025 24290 18371 615 18471 506 3998 1 0 0 0 0 0 0 1 1 1 0 R 0
1026 24313 22494 568 22514 714 4553 1 0 0 0 0 0 0 1 1 1 0 R 0
1027 24343 28960 895 28807 874 6910 1 0 0 0 0 0 0 1 1 2 0 R 0
1028 24367 23561 599 23585 560 6989 1 0 0 0 0 0 0 1 1 1 0 R 0
1029 24388 19603 535 19632 501 4336 1 0 0 0 0 0 0 1 1 1 0 R 0
1030 24408 20080 572 20110 532 4213 1 0 0 0 0 0 0 1 1 1 0 R 0
1031 24437 28632 803 28661 770 5080 1 0 0 0 0 0 0 1 1 1 0 R 0
1032 24468 29247 876 29365 744 6878 1 0 0 0 0 0 0 1 1 2 0 R 0
1033 24490 21852 613 21176 577 6106 1 0 1 0 0 0 0 1 1 1 0 R 0
1034 24511 19971 1575 20000 1552 3797 1 0 0 0 0 0 0 1 1 1 0 R 0
1035 24545 32452 908 32567 777 13234 1 0 0 0 0 0 0 1 1 1 0 R 0
1036 24570 23830 540 23855 501 7249 1 0 0 0 0 0 0 1 1 1 0 R 0
1037 24589 19219 778 19279 721 4103 1 0 0 0 0 0 0 1 1 1 0 R 0
1038 24611 20911 1115 20942 1080 3795 1 0 0 0 0 0 0 1 1 1 0 R 0
1039 24639 26838 931 26860 918 4094 1 0 0 0 0 0 0 1 1 1 0 R 0
1040 24668 27816 537 27818 504 5672 1 0 0 0 0 0 0 1 1 2 0 R 0
1041 24688 19598 528 19621 494 4523 1 0 0 0 0 0 0 1 1 1 0 R 0
1042 24709 20176 822 20211 883 4636 1 0 0 0 0 0 0 1 1 1 0 R 0
1043 24734 24606 1080 24633 953 3950 1 0 0 0 0 0 0 1 1 1 0 R 0
1044 24763 27772 502 27784 471 6152 1 0 0 0 0 0 0 1 1 1 0 R 0
1045 24785 21441 608 21486 561 4352 1 0 0 0 0 0 0 1 1 2 0 R 0
1046 24804 18669 536 18697 501 3872 1 0 0 0 0 0 0 1 1 1 0 R 0
1047 24827 22380 995 22411 1071 4919 1 0 0 0 0 0 0 1 1 0 0 R 0
1048 24857 28923 801 28835 769 7218 1 0 0 0 0 0 0 1 1 2 0 R 0
1049 24881 23747 934 24156 512 6794 1 0 0 0 0 0 0 1 1 1 0 R 0
1050 24904 21927 599 21984 539 7878 1 0 0 0 0 0 0 1 1 1 0 R 0
1051 24925 20120 945 20149 914 3779 1 0 0 0 0 0 0 1 1 1 0 R 0
1052 24955 28591 1116 28715 985 7037 1 0 0 0 0 0 0 1 1 1 0 R 0
1053 24980 24348 577 24379 533 7741 1 0 0 0 0 0 0 1 1 2 0 R 0
1054 25000 19773 559 19806 523 4088 1 0 0 0 0 0 0 1 1 1 0 R 0
1055 25021 20416 899 20446 862 3738 1 0 0 0 0 0 0 1 1 1 0 R 0
1056 25047 24777 796 24806 761 3767 1 0 0 0 0 0 0 1 1 1 0 R 0
1057 25073 24889 519 24909 487 5250 1 0 0 0 0 0 0 1 1 1 0 R 0
1058 25094 20343 529 20372 494 3795 1 0 0 0 0 0 0 1 1 1 0 R 0
1059 25113 18551 560 18574 535 3746 1 0 0 0 0 0 0 1 1 1 0 R 0
1060 25137 23591 1104 23712 977 5446 1 0 0 0 0 0 0 1 1 1 0 R 0
1061 25168 30007 957 30038 919 8318 1 0 0 0 0 0 0 1 1 1 0 R 0
1062 25195 26326 538 26354 502 5906 1 0 0 0 0 0 0 1 1 2 0 R 0
1063 25216 20026 521 20047 489 4158 1 0 0 0 0 0 0 1 1 1 0 R 0
1064 25243 26609 530 23759 498 9263 1 0 1 0 0 0 0 1 1 1 0 R 0
1065 25267 23323 646 23374 598 7824 1 0 0 0 0 0 0 1 1 1 0 R 0
1066 25288 20694 862 20807 738 4407 1 0 0 0 0 0 0 1 1 1 0 R 0
1067 25309 20479 522 20501 489 3954 1 0 0 0 0 0 0 1 1 1 0 R 0
1068 25330 20091 787 20128 842 3805 1 0 0 0 0 0 0 1 1 2 0 R 0
1069 25359 28540 805 28472 772 4540 1 0 0 0 0 0 0 1 1 1 0 R 0
1070 25390 29387 854 29499 733 6226 1 0 0 0 0 0 0 1 1 1 0 R 0
1071 25410 19943 563 19971 526 4403 1 0 0 0 0 0 0 1 1 1 0 R 0
1072 25432 21214 1968 21253 1694 4058 1 0 1 0 0 0 0 1 1 1 0 R 0
1073 25461 26507 748 26605 610 4867 1 0 0 0 0 0 0 1 1 2 0 R 0
1074 25491 29906 1368 29936 1338 6494 1 0 0 0 0 0 0 1 1 1 0 R 0
1075 25514 20821 519 20836 485 4543 1 0 0 0 0 0 0 1 1 1 0 R 0
1076 25534 20395 582 20422 546 3694 1 0 0 0 0 0 0 1 1 1 0 R 0
1077 25561 25998 831 26029 799 5106 1 0 0 0 0 0 0 1 1 1 0 R 0
1078 25581 18676 550 18705 510 3786 1 0 0 0 0 0 0 1 1 1 0 R 0
1079 25604 22587 525 22615 494 3729 1 0 0 0 0 0 0 1 1 1 0 R 0
1080 25627 22479 534 22510 499 8191 1 0 0 0 0 0 0 1 1 1 0 R 0
1081 25653 25799 963 25818 942 4833 1 0 0 0 0 0 0 1 1 1 0 R 0
1082 25682 28293 760 28302 737 7207 1 0 0 0 0 0 0 1 1 1 0 R 0
1083 25708 25084 593 25112 560 8240 1 0 0 0 0 0 0 1 1 1 0 R 0
1084 25728 18896 536 18922 501 4171 1 0 0 0 0 0 0 1 1 2 0 R 0
1085 25753 24850 779 24871 751 5841 1 0 0 0 0 0 0 1 1 1 0 R 0
1086 25784 30624 528 30645 497 7281 1 0 0 0 0 0 0 1 1 1 0 R 0
1087 25810 25151 543 25185 502 7387 1 0 0 0 0 0 0 1 1 1 0 R 0
1088 25830 19460 526 19487 494 3803 1 0 0 0 0 0 0 1 1 1 0 R 0
1089 25855 24434 880 24559 751 5481 1 0 0 0 0 0 0 1 1 2 0 R 0
1090 25877 21249 540 21272 507 7534 1 0 0 0 0 0 0 1 1 1 0 R 0
1091 25897 18977 534 19006 498 4209 1 0 0 0 0 0 0 1 1 1 0 R 0
1092 25919 21824 525 21857 487 5502 1 0 0 0 0 0 0 1 1 1 0 R 0
1093 25940 20426 561 20459 519 4113 1 0 0 0 0 0 0 1 1 1 0 R 0
1094 25967 26354 792 26383 761 4426 1 0 0 0 0 0 0 1 1 1 0 R 0
1095 26002 34499 1215 34509 1201 15181 1 0 0 0 0 0 0 1 1 2 0 R 0
1096 26024 20254 530 20272 494 5250 1 0 0 0 0 0 0 1 1 1 0 R 0
1097 26046 21363 586 21397 545 3807 1 0 0 0 0 0 0 1 1 1 0 R 0
1098 26074 27725 908 27865 771 4853 1 0 0 0 0 0 0 1 1 1 0 R 0
1099 26103 28417 889 28541 764 6999 1 0 0 0 0 0 0 1 1 1 0 R 0
1100 26126 21961 525 21972 492 5967 1 0 0 0 0 0 0 1 1 1 0 R 0
1101 26147 20388 646 20422 609 4171 1 0 0 0 0 0 0 1 1 1 0 R 0
1102 26175 26982 969 27117 835 4592 1 0 0 0 0 0 0 1 1 2 0 R 0
1103 26196 20059 524 20075 491 3776 1 0 0 0 0 0 0 1 1 1 0 R 0
1104 26217 21060 587 21095 552 4140 1 0 0 0 0 0 0 1 1 1 0 R 0
1105 26238 19760 544 19788 506 4793 1 0 0 0 0 0 0 1 1 1 0 R 0
1106 26263 24947 904 25078 770 5595 1 0 0 0 0 0 0 1 1 1 0 R 0
1107 26293 28857 882 28987 750 7164 1 0 0 0 0 0 0 1 1 1 0 R 0
1108 26316 22070 551 22098 506 6998 1 0 0 0 0 0 0 1 1 1 0 R 0
1109 26336 19197 522 19227 491 4109 1 0 0 0 0 0 0 1 1 2 0 R 0
1110 26363 26952 1082 27263 769 10231 1 0 0 0 0 0 0 1 1 1 0 R 0
1111 26393 28466 960 28481 938 7154 1 0 0 0 0 1 0 1 1 1 0 R 0
1112 26421 27780 880 27802 844 6484 1 0 0 0 0 0 0 1 1 1 0 R 0
1113 26441 18593 723 18665 646 3998 1 0 0 0 0 0 0 1 1 1 0 R 0
1114 26464 22213 934 22356 790 3796 1 0 0 0 0 0 0 1 1 2 0 R 0
1115 26495 30559 537 29043 497 9355 1 0 1 0 0 0 0 1 1 1 0 R 0
1116 26521 25302 2071 25335 2056 4686 1 0 0 0 0 1 0 1 1 1 0 R 0
1117 26543 20340 521 20342 488 4023 1 0 0 0 0 0 0 1 1 1 0 R 0
1118 26565 20819 997 21000 912 3746 1 0 0 0 0 0 0 1 1 1 0 R 0
1119 26594 28447 536 28377 500 7209 1 0 0 0 0 0 0 1 1 1 0 R 0
1120 26614 19678 525 19704 491 3827 1 0 0 0 0 0 0 1 1 2 0 R 0
1121 26636 20685 648 20747 598 6227 1 0 0 0 0 0 0 1 1 1 0 R 0
1122 26657 20264 626 20361 508 4161 1 0 0 0 0 0 0 1 1 1 0 R 0
1123 26684 27111 884 27237 751 4837 1 0 0 0 0 0 0 1 1 1 0 R 0
1124 26714 28958 1103 28980 1084 7058 1 0 0 0 0 0 0 1 1 1 0 R 0
1125 26740 25040 533 25058 493 12747 1 0 0 0 0 0 0 1 1 1 0 R 0
1126 26762 21480 507 21504 477 3658 1 0 0 0 0 0 0 1 1 2 0 R 0
1127 26791 27759 937 27789 923 4077 1 0 0 0 0 0 0 1 1 1 0 R 0
1128 26821 29083 917 29089 889 6629 1 0 0 0 0 0 0 1 1 1 0 R 0
1129 26843 21585 516 21600 485 5361 1 0 0 0 0 0 0 1 1 1 0 R 0
1130 26864 20200 550 20234 510 3809 1 0 0 0 0 0 0 1 1 1 0 R 0
1131 26890 25961 849 25997 905 4199 1 0 0 0 0 0 0 1 1 1 0 R 0
1132 26911 19423 554 19356 518 3738 1 0 0 0 0 0 0 1 1 1 0 R 0
1133 26934 22631 520 22658 492 3785 1 0 0 0 0 0 0 1 1 1 0 R 0
1134 26954 19452 524 19475 493 4083 1 0 0 0 0 0 0 1 1 1 0 R 0
1135 26976 21631 798 21660 765 4562 1 0 0 0 0 0 0 1 1 2 0 R 0
1136 27004 27277 1120 27303 1103 6541 1 0 0 0 0 0 0 1 1 1 0 R 0
1137 27029 24156 552 24169 513 7546 1 0 0 0 0 0 0 1 1 1 0 R 0
1138 27049 19183 581 19211 550 4064 1 0 0 0 0 0 0 1 1 1 0 R 0
1139 27071 21183 573 21218 528 4148 1 0 0 0 0 0 0 1 1 2 0 R 0
1140 27104 32754 696 32776 667 10683 1 0 0 0 0 0 0 1 1 1 0 R 0
1141 27133 28507 987 28529 961 6584 1 0 0 0 0 0 0 1 1 1 0 R 0
1142 27154 20085 571 20106 539 4214 1 0 0 0 0 0 0 1 1 1 0 R 0
1143 27176 21415 542 21447 502 3769 1 0 0 0 0 0 0 1 1 1 0 R 0
1144 27206 28622 949 28650 921 5951 1 0 0 0 0 0 0 1 1 2 0 R 0
1145 27236 29732 994 29837 880 6681 1 0 0 0 0 0 0 1 1 1 0 R 0
1146 27257 19660 584 19689 541 4495 1 0 0 0 0 0 0 1 1 1 0 R 0
1147 27279 21571 554 21605 514 4339 1 0 0 0 0 0 0 1 1 1 0 R 0
1148 27309 29110 993 29142 966 5697 1 0 0 0 0 0 0 1 1 1 0 R 0
1149 27330 19988 526 20003 494 3785 1 0 0 0 0 0 0 1 1 1 0 R 0
1150 27351 20670 555 20704 518 4998 1 0 0 0 0 0 0 1 1 1 0 R 0
1151 27373 21598 676 21744 521 3738 1 0 0 0 0 0 0 1 1 2 0 R 0
1152 27399 25526 917 25664 776 4136 1 0 0 0 0 0 0 1 1 1 0 R 0
1153 27429 28894 1082 28923 1049 6286 1 0 0 0 0 0 0 1 1 1 0 R 0
1154 27455 25339 531 24818 499 8299 1 0 1 0 0 0 0 1 1 1 0 R 0
1155 27479 23318 550 23348 511 7896 1 0 0 0 0 0 0 1 1 1 0 R 0
1156 27506 26413 811 26443 774 4151 1 0 0 0 0 0 0 1 1 1 0 R 0
1157 27535 28168 535 28196 501 5238 1 0 0 0 0 0 0 1 1 2 0 R 0
1158 27555 19104 533 19134 496 4467 1 0 0 0 0 0 0 1 1 1 0 R 0
1159 27576 20350 786 20388 842 3746 1 0 0 0 0 0 0 1 1 1 0 R 0
1160 27602 25648 749 25565 727 4084 1 0 0 0 0 0 0 1 1 1 0 R 0
1161 27632 29327 791 29343 864 7679 1 0 0 0 0 0 0 1 1 1 0 R 0
1162 27653 20336 590 20278 556 3794 1 0 0 0 0 0 0 1 1 1 0 R 0
1163 27673 18874 520 18885 490 3715 1 0 0 0 0 0 0 1 1 1 0 R 0
1164 27696 23092 802 23122 770 5387 1 0 0 0 0 0 0 1 1 1 0 R 0
1165 27726 28605 789 28628 756 6318 1 0 0 0 0 0 0 1 1 1 0 R 0
1166 27749 22549 548 22585 503 7501 1 0 0 0 0 0 0 1 1 1 0 R 0
1167 27769 18972 539 19007 500 4231 1 0 0 0 0 0 0 1 1 1 0 R 0
1168 27790 20231 936 20268 897 4137 1 0 0 0 0 0 0 1 1 2 0 R 0
1169 27819 28575 951 28693 827 5465 1 0 0 0 0 0 0 1 1 1 0 R 0
1170 27848 28151 548 28181 504 13042 1 0 0 0 0 0 0 1 1 1 0 R 0
1171 27869 20090 526 20118 492 4726 1 0 0 0 0 0 0 1 1 1 0 R 0
1172 27889 19851 536 19885 497 4165 1 0 0 0 0 0 0 1 1 1 0 R 0
1173 27918 27851 911 27884 882 4112 1 0 0 0 0 0 0 1 1 2 0 R 0
1174 27946 28027 543 28047 510 7060 1 0 0 0 0 0 0 1 1 1 0 R 0
1175 27967 19912 541 19942 502 4076 1 0 0 0 0 0 0 1 1 1 0 R 0
1176 27988 20491 644 20528 605 4326 1 0 0 0 0 0 0 1 1 1 0 R 0
1177 28015 26553 890 26673 768 4850 1 0 0 0 0 0 0 1 1 2 0 R 0
1178 28045 29050 971 29068 953 7590 1 0 0 0 0 0 0 1 1 1 0 R 0
1179 28066 19503 533 19519 497 4351 1 0 0 0 0 0 0 1 1 1 0 R 0
1180 28085 18809 615 18862 557 4163 1 0 0 0 0 0 0 1 1 1 0 R 0
1181 28111 25298 1614 25429 1488 4741 1 0 0 0 0 0 0 1 1 2 0 R 0
1182 28141 28142 1622 28260 1493 7273 1 0 0 0 0 0 0 1 1 0 0 R 0
1183 28168 25581 547 25614 496 9036 1 0 0 0 0 0 0 1 1 2 0 R 0
1184 28187 18861 526 18894 489 4172 1 0 0 0 0 0 0 1 1 1 0 R 0
1185 28219 31403 928 31545 785 9792 1 0 0 0 0 0 0 1 1 1 0 R 0
1186 28249 29405 896 29531 761 6400 1 0 0 0 0 0 0 1 1 1 0 R 0
1187 28273 22212 510 22231 480 4520 1 0 0 0 0 0 0 1 1 1 0 R 0
1188 28294 20502 884 20531 855 3795 1 0 0 0 0 0 0 1 1 2 0 R 0
1189 28320 25459 799 25488 763 3982 1 0 0 0 0 0 0 1 1 2 0 R 0
1190 28350 28946 1123 29231 830 6844 1 0 0 0 0 0 0 1 1 0 0 R 0
1191 28371 20544 868 20571 831 3714 1 0 0 0 0 0 0 1 1 1 0 R 0
1192 28391 18412 571 18445 535 3773 1 0 0 0 0 0 0 1 1 2 0 R 0
1193 28417 25364 919 25499 772 5537 1 0 0 0 0 0 0 1 1 1 0 R 0
1194 28446 28796 900 28939 756 5969 1 0 0 0 0 0 0 1 1 1 0 R 0
1195 28474 26503 658 26245 515 7571 1 0 1 0 0 0 0 1 1 1 0 R 0
1196 28494 20097 536 20123 499 3760 1 0 0 0 0 0 0 1 1 1 0 R 0
1197 28520 25110 915 25143 883 4658 1 0 0 0 0 0 0 1 1 2 0 R 0
1198 28550 28649 979 28806 925 6393 1 0 0 0 0 0 0 1 1 1 0 R 0
1199 28573 22685 530 22590 499 5184 1 0 0 0 0 0 0 1 1 1 0 R 0
1200 28595 21411 703 21489 622 7852 1 0 0 0 0 0 0 1 1 1 0 R 0
1201 28620 23558 909 23693 772 5485 1 0 0 0 0 0 0 1 1 1 0 R 0
1202 28649 28678 905 28702 877 6129 1 0 0 0 0 0 0 1 1 1 0 R 0
1203 28674 23917 585 23939 547 7156 1 0 0 0 0 0 0 1 1 1 0 R 0
1204 28694 19461 536 19496 498 3802 1 0 0 0 0 0 0 1 1 1 0 R 0
1205 28717 22627 1157 22781 1026 3805 1 0 0 0 0 1 0 1 1 1 0 R 0
1206 28747 28206 910 28312 780 6924 1 0 0 0 0 0 0 1 1 1 0 R 0
1207 28770 22788 684 22863 594 7375 1 0 0 0 0 0 0 1 1 2 0 R 0
1208 28790 18874 826 18950 745 3696 1 0 0 0 0 0 0 1 1 1 0 R 0
1209 28811 20814 1134 20886 1053 3755 1 0 0 0 0 0 0 1 1 2 0 R 0
1210 28839 26700 1071 27005 767 4303 1 0 0 0 0 0 0 1 1 1 0 R 0
1211 28870 29396 1287 29526 1144 5663 1 0 0 0 0 0 0 1 1 0 0 R 0
1212 28891 20491 963 20942 507 5253 1 0 0 0 0 0 0 1 1 2 0 R 0
1213 28913 20728 574 20748 546 3751 1 0 0 0 0 0 0 1 1 1 0 R 0
1214 28940 26216 914 26356 776 3754 1 0 0 0 0 0 0 1 1 2 0 R 0
1215 28974 33533 854 33639 734 12451 1 0 0 0 0 0 0 1 1 0 0 R 0
1216 28997 21468 536 21495 496 4972 1 0 0 0 0 0 0 1 1 2 0 R 0
1217 29018 20332 1037 20367 1020 4167 1 0 0 0 0 0 0 1 1 1 0 R 0
1218 29046 27701 788 27707 757 5251 1 0 0 0 0 0 0 1 1 1 0 R 0
1219 29067 20338 1149 20361 1132 4711 1 0 0 0 0 1 0 1 1 1 0 R 0
1220 29091 22410 935 22427 900 5073 1 0 0 0 0 0 0 1 1 1 0 R 0
1221 29112 20447 704 20466 676 4036 1 0 0 0 0 0 0 1 1 1 0 R 0
1222 29139 25539 794 25570 757 3699 1 0 0 0 0 0 0 1 1 2 0 R 0
1223 29169 29500 811 29634 777 6265 1 0 0 0 0 0 0 1 1 1 0 R 0
1224 29190 20565 534 20488 494 3760 1 0 0 0 0 0 0 1 1 1 0 R 0
1225 29210 19604 887 19648 873 4096 1 0 0 0 0 0 0 1 1 1 0 R 0
1226 29236 24904 914 25008 773 3971 1 0 0 0 0 0 0 1 1 2 0 R 0
1227 29261 23858 1204 23888 1175 6773 1 0 0 0 0 0 0 1 1 1 0 R 0
1228 29283 20489 759 20591 637 3577 1 0 0 0 0 0 0 1 1 1 0 R 0
1229 29304 20387 531 20417 497 4442 1 0 0 0 0 0 0 1 1 2 0 R 0
1230 29328 24008 545 24038 506 7855 1 0 0 0 0 0 0 1 1 1 0 R 0
1231 29359 30128 909 30266 779 6277 1 0 0 0 0 0 0 1 1 1 0 R 0
1232 29386 26355 549 26376 514 6380 1 0 0 0 0 0 0 1 1 1 0 R 0
1233 29408 20805 532 20828 498 4188 1 0 0 0 0 0 0 1 1 1 0 R 0
1234 29429 20866 551 20897 512 4313 1 0 0 0 0 0 0 1 1 1 0 R 0
1235 29457 27700 897 27731 865 5122 1 0 0 0 0 0 0 1 1 2 0 R 0
1236 29485 26654 736 26866 515 7691 1 0 0 0 0 0 0 1 1 1 0 R 0
1237 29505 19396 536 19424 499 4609 1 0 0 0 0 0 0 1 1 1 0 R 0
1238 29527 21466 1283 21034 1255 3784 1 0 1 0 0 0 0 1 1 1 0 R 0
1239 29556 28136 786 28156 755 4854 1 0 0 0 0 0 0 1 1 1 0 R 0
1240 29584 26982 531 27003 499 7186 1 0 0 0 0 0 0 1 1 1 0 R 0
1241 29605 19927 790 19998 716 4053 1 0 0 0 0 0 0 1 1 1 0 R 0
1242 29626 20525 717 20550 683 3750 1 0 0 0 0 0 0 1 1 1 0 R 0
1243 29653 26343 986 26502 825 4502 1 0 0 0 0 0 0 1 1 2 0 R 0
1244 29681 27308 1518 27336 1491 5485 1 0 0 0 0 0 0 1 1 1 0 R 0
1245 29706 23068 543 23085 509 8084 1 0 0 0 0 0 0 1 1 1 0 R 0
1246 29725 18603 1464 18630 1436 4251 1 0 0 0 0 0 0 1 1 1 0 R 0
1247 29753 26720 809 26739 781 4246 1 0 0 0 0 0 0 1 1 2 0 R 0
1248 29784 29534 1094 29849 779 7112 1 0 0 0 0 0 0 1 1 1 0 R 0
1249 29804 19608 580 19629 543 3775 1 0 0 0 0 0 0 1 1 1 0 R 0
1250 29825 19772 958 19800 927 3864 1 0 0 0 0 0 0 1 1 1 0 R 0
1251 29850 24212 936 24238 914 5962 1 0 0 0 0 0 0 1 1 1 0 R 0
1252 29880 29524 790 29545 753 6463 1 0 0 0 0 0 0 1 1 1 0 R 0
1253 29907 25595 556 25624 516 6514 1 0 0 0 0 0 0 1 1 1 0 R 0
1254 29926 19219 535 19250 503 4208 1 0 0 0 0 0 0 1 1 1 0 R 0
1255 29951 24018 1649 24149 1517 5673 1 0 0 0 0 0 0 1 1 1 0 R 0
1256 29981 28766 1395 29396 758 7476 1 0 0 0 0 0 0 1 1 1 0 R 0
1257 30009 26125 569 26144 542 7329 1 0 0 0 0 0 0 1 1 2 0 R 0
1258 30028 18948 532 18968 493 4572 1 0 0 0 0 0 0 1 1 1 0 R 0
1259 30052 23149 878 23285 748 5318 1 0 0 0 0 0 0 1 1 1 0 R 0
1260 30078 24464 527 24480 495 12585 1 0 0 0 0 0 0 1 1 1 0 R 0
1261 30097 18916 585 18949 547 4100 1 0 0 0 0 0 0 1 1 1 0 R 0
1262 30119 21904 537 21937 497 6094 1 0 0 0 0 0 0 1 1 1 0 R 0
1263 30141 20696 555 20734 512 4220 1 0 0 0 0 0 0 1 1 2 0 R 0
1264 30169 27502 923 27641 786 4243 1 0 0 0 0 0 0 1 1 1 0 R 0
1265 30201 31636 1658 31653 1627 5720 1 0 0 0 0 0 0 1 1 1 0 R 0
1266 30224 20861 534 20886 498 5142 1 0 0 0 0 0 0 1 1 1 0 R 0
1267 30245 20761 862 20829 791 3798 1 0 0 0 0 0 0 1 1 2 0 R 0
1268 30274 27962 892 28083 771 5070 1 0 0 0 0 0 0 1 1 1 0 R 0
1269 30302 27141 520 27169 476 7070 1 0 0 0 0 0 0 1 1 1 0 R 0
1270 30323 20442 522 20467 491 4329 1 0 0 0 0 0 0 1 1 1 0 R 0
1271 30344 20219 615 20248 584 3779 1 0 0 0 0 0 0 1 1 1 0 R 0
1272 30366 21578 536 21611 496 4159 1 0 0 0 0 0 0 1 1 1 0 R 0
1273 30395 28602 787 28634 751 7268 1 0 0 0 0 0 0 1 1 1 0 R 0
1274 30417 20938 583 20987 531 5254 1 0 0 0 0 0 0 1 1 2 0 R 0
1275 30439 21245 568 21271 535 7865 1 0 0 0 0 0 0 1 1 1 0 R 0
1276 30463 24351 894 24474 760 5878 1 0 0 0 0 0 0 1 1 1 0 R 0
1277 30496 31959 788 31158 758 9719 1 0 1 0 0 0 0 1 1 1 0 R 0
1278 30521 24345 970 24696 616 7102 1 0 0 0 0 0 0 1 1 1 0 R 0
1279 30541 18636 1110 18706 1031 3610 1 0 0 0 0 0 0 1 1 1 0 R 0
1280 30566 24225 828 24251 896 5635 1 0 0 0 0 0 0 1 1 1 0 R 0
1281 30596 29108 941 29127 813 7160 1 0 0 0 0 0 0 1 1 2 0 R 0
1282 30619 22176 545 22209 504 6906 1 0 0 0 0 0 0 1 1 1 0 R 0
1283 30639 18944 536 18977 496 3772 1 0 0 0 0 0 0 1 1 1 0 R 0
1284 30661 21005 540 21039 499 4206 1 0 0 0 0 0 0 1 1 1 0 R 0
1285 30691 29823 1443 29967 1298 5455 1 0 0 0 0 0 0 1 1 1 0 R 0
1286 30721 28291 710 28321 669 6138 1 0 0 0 0 0 0 1 1 1 0 R 0
1287 30743 21183 524 21206 492 4385 1 0 0 0 0 0 0 1 1 2 0 R 0
1288 30765 21624 547 21658 840 3801 1 0 0 0 0 0 0 1 1 1 0 R 0
1289 30795 30091 795 29786 764 7010 1 0 0 0 0 0 0 1 1 1 0 R 0
1290 30823 27274 529 27295 497 13486 1 0 0 0 0 0 0 1 1 1 0 R 0
1291 30842 18574 515 18598 486 3804 1 0 0 0 0 0 0 1 1 1 0 R 0
1292 30863 20236 578 20263 544 4151 1 0 0 0 0 0 0 1 1 1 0 R 0
1293 30891 27062 1444 27210 1310 3714 1 0 0 0 0 0 0 1 1 1 0 R 0
1294 30918 25357 627 25366 597 7283 1 0 0 0 0 0 0 1 1 1 0 R 0
1295 30937 19064 539 19091 504 4584 1 0 0 0 0 0 0 1 1 2 0 R 0
1296 30958 20455 706 20504 664 4026 1 0 0 0 0 0 0 1 1 1 0 R 0
1297 30983 24108 565 24137 517 4727 1 0 0 0 0 0 0 1 1 1 0 R 0
1298 31007 23571 914 23705 779 4182 1 0 0 0 0 1 0 1 1 1 0 R 0
1299 31031 22403 598 22434 553 6043 1 0 0 0 0 0 0 1 1 1 0 R 0
1300 31050 18985 535 19021 496 3746 1 0 0 0 0 0 0 1 1 1 0 R 0
1301 31073 21827 716 21848 808 3775 1 0 0 0 0 0 0 1 1 1 0 R 0
1302 31103 29685 898 29701 760 7261 1 0 0 0 0 0 0 1 1 2 0 R 0
1303 31131 26855 714 26885 673 7132 1 0 0 0 0 0 0 1 1 1 0 R 0
1304 31151 19118 537 19148 502 3779 1 0 0 0 0 0 0 1 1 1 0 R 0
1305 31178 26449 1011 26760 796 8864 1 0 0 0 0 0 0 1 1 1 0 R 0
1306 31207 28770 906 28810 759 6476 1 0 0 0 0 0 0 1 1 2 0 R 0
1307 31237 28303 550 28333 510 6406 1 0 0 0 0 0 0 1 1 1 0 R 0
1308 31256 19207 528 19232 494 4445 1 0 0 0 0 0 0 1 1 1 0 R 0
1309 31279 22010 942 22046 919 5738 1 0 0 0 0 0 0 1 1 1 0 R 0
1310 31303 23401 568 23409 535 6488 1 0 0 0 0 0 0 1 1 1 0 R 0
1311 31323 18853 514 18879 485 3723 1 0 0 0 0 0 0 1 1 1 0 R 0
1312 31345 21513 533 21542 496 4191 1 0 0 0 0 0 0 1 1 2 0 R 0
1313 31365 19765 798 19796 769 3671 1 0 0 0 0 0 0 1 1 1 0 R 0
1314 31391 25222 1684 25355 1544 4333 1 0 0 0 0 0 0 1 1 1 0 R 0
1315 31422 29449 886 29572 754 7283 1 0 0 0 0 0 0 1 1 1 0 R 0
1316 31444 20882 527 20907 490 3973 1 0 0 0 0 0 0 1 1 1 0 R 0
1317 31463 19040 567 19066 538 3702 1 0 0 0 0 0 0 1 1 1 0 R 0
1318 31487 22733 922 22870 784 5411 1 0 0 0 0 0 0 1 1 1 0 R 0
1319 31519 31807 781 31367 754 7353 1 0 1 0 0 0 0 1 1 1 0 R 0
1320 31545 24645 526 24667 491 11065 1 0 0 0 0 0 0 1 1 1 0 R 0
1321 31564 18484 569 18514 535 3703 1 0 0 0 0 0 0 1 1 2 0 R 0
1322 31589 24654 798 24687 767 5995 1 0 0 0 0 0 0 1 1 1 0 R 0
1323 31619 29208 937 29338 794 6340 1 0 0 0 0 0 0 1 1 1 0 R 0
1324 31643 23061 587 23082 555 6447 1 0 0 0 0 0 0 1 1 1 0 R 0
1325 31663 19423 529 19453 498 4253 1 0 0 0 0 0 0 1 1 1 0 R 0
1326 31685 21221 604 21262 554 3697 1 0 0 0 0 0 0 1 1 1 0 R 0
1327 31715 29736 1198 29761 1171 7490 1 0 0 0 0 0 0 1 1 2 0 R 0
1328 31740 23592 540 23623 503 7084 1 0 0 0 0 0 0 1 1 1 0 R 0
1329 31760 19948 531 19973 498 4550 1 0 0 0 0 0 0 1 1 1 0 R 0
1330 31781 20128 895 20161 857 3739 1 0 0 0 0 0 0 1 1 1 0 R 0
1331 31809 26577 923 26608 895 4048 1 0 0 0 0 0 0 1 1 1 0 R 0
1332 31838 28008 533 28033 495 6558 1 0 0 0 0 0 0 1 1 1 0 R 0
1333 31858 20194 538 20219 502 4355 1 0 0 0 0 0 0 1 1 2 0 R 0
1334 31879 20335 828 20371 791 4162 1 0 0 0 0 0 0 1 1 1 0 R 0
1335 31909 28564 1087 28715 937 10162 1 0 0 0 0 0 0 1 1 2 0 R 0
1336 31940 30314 794 30330 764 6299 1 0 0 0 0 0 0 1 1 1 0 R 0
1337 31963 22010 599 22054 546 6377 1 0 0 0 0 0 0 1 1 1 0 R 0
1338 31983 20075 524 20097 492 3694 1 0 0 0 0 0 0 1 1 1 0 R 0
1339 32013 29044 903 29176 780 4376 1 0 0 0 0 0 0 1 1 0 0 R 0
1340 32045 31002 1197 31119 1059 7425 1 0 0 0 0 0 0 1 1 3 0 R 0
1341 32068 21679 537 21708 508 5918 1 0 0 0 0 0 0 1 1 1 0 R 0
1342 32090 21301 550 21327 515 4204 1 0 0 0 0 0 0 1 1 1 0 R 0
1343 32118 28097 593 28128 557 4641 1 0 0 0 0 0 0 1 1 1 0 R 0
1344 32138 19282 528 19311 491 4260 1 0 0 0 0 0 0 1 1 1 0 R 0
1345 32160 21260 726 21312 685 4239 1 0 0 0 0 0 0 1 1 1 0 R 0
1346 32180 19240 626 19270 576 4031 1 0 0 0 0 0 0 1 1 2 0 R 0
1347 32205 24015 928 24038 908 5330 1 0 0 0 0 0 0 1 1 1 0 R 0
1348 32236 30051 775 30062 750 6821 1 0 0 0 0 0 0 1 1 1 0 R 0
1349 32262 26138 701 26173 657 7299 1 0 0 0 0 0 0 1 1 1 0 R 0
1350 32287 23477 978 23598 849 8075 1 0 0 0 0 0 0 1 1 1 0 R 0
1351 32314 26219 907 26242 881 4594 1 0 0 0 0 0 0 1 1 1 0 R 0
1352 32343 28446 941 28588 793 7152 1 0 0 0 0 0 0 1 1 1 0 R 0
1353 32365 20603 539 20627 503 3979 1 0 0 0 0 0 0 1 1 1 0 R 0
1354 32384 19005 532 19037 493 3786 1 0 0 0 0 0 0 1 1 2 0 R 0
1355 32406 21266 765 21301 731 5839 1 0 0 0 0 0 0 1 1 1 0 R 0
1356 32437 30512 923 30654 786 6470 1 0 0 0 0 0 0 1 1 1 0 R 0
1357 32466 28090 519 28101 486 7319 1 0 0 0 0 0 0 1 1 1 0 R 0
1358 32487 20378 553 20030 522 5451 1 0 1 0 0 0 0 1 1 1 0 R 0
1359 32511 22919 1468 23050 1457 5846 1 0 0 0 0 0 0 1 1 1 0 R 0
1360 32540 27699 910 27708 774 4925 1 0 0 0 0 0 0 1 1 1 0 R 0
1361 32568 27680 537 27703 505 6107 1 0 0 0 0 0 0 1 1 1 0 R 0
1362 32588 19315 537 19339 504 4450 1 0 0 0 0 0 0 1 1 1 0 R 0
1363 32611 22103 1286 22137 1267 5748 1 0 0 0 0 0 0 1 1 1 0 R 0
1364 32635 23133 543 23145 506 8383 1 0 0 0 0 0 0 1 1 1 0 R 0
1365 32658 22535 598 22569 557 8507 1 0 0 0 0 0 0 1 1 1 0 R 0
1366 32680 21205 545 21241 506 5375 1 0 0 0 0 0 0 1 1 2 0 R 0
1367 32702 21177 519 21201 487 3756 1 0 0 0 0 0 0 1 1 1 0 R 0
1368 32728 25579 952 25709 816 4565 1 0 0 0 0 0 0 1 1 1 0 R 0
1369 32758 28877 527 28903 493 6559 1 0 0 0 0 0 0 1 1 1 0 R 0
1370 32778 19454 529 19482 496 4278 1 0 0 0 0 0 0 1 1 2 0 R 0
1371 32798 19521 1499 20241 778 4078 1 0 0 0 0 0 0 1 1 1 0 R 0
1372 32825 25259 667 25279 642 3800 1 0 0 0 0 0 0 1 1 1 0 R 0
1373 32856 30243 903 30363 772 6750 1 0 0 0 0 0 0 1 1 1 0 R 0
1374 32877 20130 536 20158 501 4385 1 0 0 0 0 0 0 1 1 1 0 R 0
1375 32897 19544 544 19578 505 4114 1 0 0 0 0 0 0 1 1 2 0 R 0
1376 32921 23383 790 23413 759 5728 1 0 0 0 0 0 0 1 1 1 0 R 0
1377 32947 25510 945 25633 812 6322 1 0 0 0 0 0 0 1 1 1 0 R 0
1378 32970 22140 552 22176 521 6781 1 0 0 0 0 0 0 1 1 1 0 R 0
1379 32990 19694 540 19713 506 4022 1 0 0 0 0 0 0 1 1 1 0 R 0
1380 33015 24422 570 24450 537 7402 1 0 0 0 0 0 0 1 1 0 0 R 0
1381 33045 28799 1010 28849 957 6596 1 0 0 0 0 0 0 1 1 2 0 R 0
1382 33075 29698 735 29721 700 7011 1 0 0 0 0 0 0 1 1 1 0 R 0
1383 33096 19895 538 19925 502 4368 1 0 0 0 0 0 0 1 1 1 0 R 0
1384 33118 21935 550 21968 514 4131 1 0 0 0 0 0 0 1 1 2 0 R 0
1385 33148 29418 1085 29445 1065 5892 1 0 0 0 0 0 0 1 1 1 0 R 0
1386 33174 24574 531 24588 495 6938 1 0 0 0 0 0 0 1 1 1 0 R 0
1387 33195 20222 527 20252 492 4181 1 0 0 0 0 0 0 1 1 1 0 R 0
1388 33216 20466 580 20495 549 3706 1 0 0 0 0 0 0 1 1 2 0 R 0
1389 33244 28034 779 28059 750 4813 1 0 0 0 0 0 0 1 1 1 0 R 0
1390 33273 27663 523 27681 495 6412 1 0 0 0 0 0 0 1 1 1 0 R 0
1391 33293 19185 596 19209 565 4112 1 0 0 0 0 1 0 1 1 1 0 R 0
1392 33314 21002 630 21033 600 3807 1 0 0 0 0 0 0 1 1 1 0 R 0
1393 33344 28886 1401 28942 1354 4244 1 0 0 0 0 0 0 1 1 2 0 S 0
1394 33379 33578 911 33695 770 6758 1 0 0 0 0 0 0 1 1 0 0 R 0
1395 33404 24776 537 24800 502 10967 1 0 0 0 0 0 0 1 1 1 0 R 0
1396 33426 20875 888 21241 519 3750 1 0 0 0 0 0 0 1 1 2 0 R 0
1397 33456 29220 816 29358 670 6786 1 0 0 0 0 0 0 1 1 1 0 R 0
1398 33481 24356 945 24390 913 6219 1 0 0 0 0 0 0 1 1 1 0 R 0
1399 33501 19102 838 19121 807 4154 1 0 0 0 0 0 0 1 1 1 0 R 0
1400 33524 21657 592 20844 558 3795 1 0 1 0 0 0 0 1 1 1 0 R 0
1401 33554 29571 815 29593 796 4374 1 0 0 0 0 0 0 1 1 2 0 R 0
1402 33580 25590 584 25612 548 6723 1 0 0 0 0 0 0 1 1 1 0 R 0
1403 33601 19722 537 19748 508 4127 1 0 0 0 0 0 0 1 1 1 0 R 0
1404 33622 21348 545 21369 515 4082 1 0 0 0 0 0 0 1 1 1 0 R 0
1405 33649 25664 906 25691 885 4332 1 0 0 0 0 0 0 1 1 1 0 R 0
1406 33678 28103 823 28118 793 5223 1 0 0 0 0 0 0 1 1 2 0 R 0
1407 33699 20284 541 20317 500 4304 1 0 0 0 0 0 0 1 1 1 0 R 0
1408 33718 18607 528 18635 496 4211 1 0 0 0 0 0 0 1 1 1 0 R 0
1409 33745 26647 843 26668 816 5278 1 0 0 0 0 0 0 1 1 1 0 R 0
1410 33777 31567 797 31591 766 13869 1 0 0 0 0 0 0 1 1 1 0 R 0
1411 33802 24195 542 24215 512 7970 1 0 0 0 0 0 0 1 1 1 0 R 0
1412 33824 20518 781 20545 753 3786 1 0 0 0 0 0 0 1 1 2 0 R 0
1413 33850 25426 811 25453 893 3954 1 0 0 0 0 0 0 1 1 0 0 R 0
1414 33880 29072 805 28985 774 6368 1 0 0 0 0 0 0 1 1 1 0 R 0
1415 33905 24750 540 24774 500 5986 1 0 0 0 0 0 0 1 1 2 0 R 0
1416 33926 20182 911 20218 877 4318 1 0 0 0 0 0 0 1 1 1 0 R 0
1417 33952 24729 1480 25384 926 4126 1 0 0 0 0 0 0 1 1 1 0 R 0
1418 33974 21244 808 21175 782 4595 1 0 0 0 0 0 0 1 1 1 0 R 0
1419 34000 24916 1117 24953 1065 3778 1 0 0 0 0 0 0 1 1 2 0 R 0
1420 34023 21855 617 21882 587 4040 1 0 0 0 0 0 0 1 1 3 0 R 0
1421 34053 29926 1418 29945 1382 4905 1 0 0 0 0 0 0 1 1 3 0 R 0
1422 34091 35774 831 35850 1170 7481 1 0 0 0 0 0 0 1 1 4 0 R 0
1423 34114 22398 725 22021 673 3980 1 0 0 0 0 0 0 1 1 2 0 R 0
1424 34135 20537 546 20564 503 3792 1 0 0 0 0 0 0 1 1 1 0 R 0
1425 34169 33725 808 33758 774 10292 1 0 0 0 0 0 0 1 1 1 0 R 0
1426 34199 28810 1316 28928 1195 6401 1 0 0 0 0 0 0 1 1 2 0 R 0
1427 34222 21131 964 21523 567 4371 1 0 0 0 0 0 0 1 1 2 0 R 0
1428 34244 21821 527 21838 495 3761 1 0 0 0 0 0 0 1 1 0 0 R 0
1429 34271 26360 1047 26393 1007 6055 1 0 0 0 0 0 0 1 1 1 0 R 0
1430 34290 18065 537 18097 501 3732 1 0 0 0 0 0 0 1 1 1 0 R 0
1431 34313 22345 755 22372 727 3775 1 0 0 0 0 0 0 1 1 1 0 R 0
1432 34333 19146 553 19167 534 3756 1 0 0 0 0 0 0 1 1 1 0 R 0
1433 34358 24800 995 24930 960 4110 1 0 0 0 0 0 0 1 1 2 0 R 0
1434 34388 28670 912 28590 884 6387 1 0 0 0 0 0 0 1 1 2 0 R 0
1435 34411 21563 581 21584 545 4950 1 0 0 0 0 0 0 1 1 1 0 R 0
1436 34431 19437 536 19465 503 4048 1 0 0 0 0 0 0 1 1 1 0 R 0
1437 34455 24346 787 24370 859 4697 1 0 0 0 0 0 0 1 1 1 0 R 0
1438 34486 29491 797 29064 760 7146 1 0 1 0 0 0 0 1 1 0 0 R 0
1439 34514 27821 558 27845 526 5678 1 0 0 0 0 0 0 1 1 1 0 R 0
1440 34537 21801 529 21828 495 8136 1 0 0 0 0 0 0 1 1 3 0 R 0
1441 34560 22837 1009 22886 1079 5981 1 0 0 0 0 0 0 1 1 1 0 R 0
1442 34602 41294 758 41226 703 6636 1 0 0 0 0 0 0 1 1 3 0 R 0
1443 34625 21528 824 21577 765 4001 1 0 0 0 0 0 0 1 1 2 0 R 0
1444 34647 21265 552 21293 512 3749 1 0 0 0 0 0 0 1 1 1 0 R 0
1445 34673 25272 923 25422 772 4347 1 0 0 0 0 0 0 1 1 2 0 R 0
1446 34701 27952 1388 28469 868 6918 1 0 0 0 0 0 0 1 1 1 0 R 0
1447 34723 20031 594 20054 552 4039 1 0 0 0 0 0 0 1 1 2 0 R 0
1448 34742 18489 557 18533 511 3718 1 0 0 0 0 0 0 1 1 1 0 R 0
1449 34768 25329 804 25361 769 4500 1 0 0 0 0 0 0 1 1 1 0 R 0
1450 34799 30181 797 30209 766 7049 1 0 0 0 0 0 0 1 1 1 0 R 0
1451 34822 22409 518 22425 491 5158 1 0 0 0 0 0 0 1 1 1 0 R 0
1452 34841 18900 889 19227 557 3776 1 0 0 0 0 0 0 1 1 1 0 R 0
1453 34865 22542 920 22566 895 5158 1 0 0 0 0 0 0 1 1 1 0 R 0
1454 34895 29140 939 29266 801 7885 1 0 0 0 0 0 0 1 1 1 0 R 0
1455 34921 25065 849 25098 818 11613 1 0 0 0 0 0 0 1 1 2 0 R 0
1456 34941 19543 901 19567 870 3772 1 0 0 0 0 0 0 1 1 1 0 R 0
1457 34963 20809 1049 20863 1010 3736 1 0 0 0 0 0 0 1 1 1 0 R 0
1458 35005 40600 1181 40709 1061 7190 1 0 0 0 0 0 0 1 1 4 0 R 0
1459 35026 20091 531 20095 494 4852 1 0 0 0 0 0 0 1 1 1 0 R 0
1460 35046 19085 528 19115 494 4137 1 0 0 0 0 0 0 1 1 1 0 R 0
1461 35070 24112 1106 24251 967 5780 1 0 0 0 0 0 0 1 1 2 0 R 0
1462 35099 27237 873 27264 846 5006 1 0 0 0 0 0 0 1 1 1 0 R 0
1463 35124 24254 524 24270 490 6639 1 0 0 0 0 0 0 1 1 1 0 R 0
1464 35144 19649 603 19689 559 3794 1 0 0 0 0 0 0 1 1 1 0 R 0
1465 35166 21021 546 21054 505 3690 1 0 0 0 0 0 0 1 1 1 0 R 0
1466 35194 27971 923 27998 919 5971 1 0 0 0 0 0 0 1 1 1 0 R 0
1467 35224 28615 865 28612 835 6652 1 0 0 0 0 0 0 1 1 1 0 R 0
1468 35246 21101 538 21129 506 4915 1 0 0 0 0 0 0 1 1 2 0 R 0
1469 35267 20680 824 20814 682 4117 1 0 0 0 0 0 0 1 1 1 0 R 0
1470 35299 31430 909 31566 772 13517 1 0 0 0 0 0 0 1 1 1 0 R 0
1471 35324 24468 548 24494 506 6032 1 0 0 0 0 0 0 1 1 1 0 R 0
1472 35344 19265 542 19297 509 4152 1 0 0 0 0 0 0 1 1 1 0 R 0
1473 35366 21093 548 21124 507 3731 1 0 0 0 0 0 0 1 1 1 0 R 0
1474 35393 26515 959 26659 812 4723 1 0 0 0 0 0 0 1 1 1 0 R 0
1475 35422 28487 595 28508 565 6986 1 0 0 0 0 0 0 1 1 1 0 R 0
1476 35442 19440 746 19478 704 3924 1 0 0 0 0 0 0 1 1 2 0 R 0
1477 35463 20033 867 20156 745 3730 1 0 0 0 0 0 0 1 1 1 0 R 0
1478 35487 22730 969 22754 938 3823 1 0 0 0 0 0 0 1 1 1 0 R 0
1479 35515 27227 1090 27346 969 4855 1 0 0 0 0 0 0 1 1 1 0 R 0
1480 35537 21233 554 21259 510 5727 1 0 0 0 0 0 0 1 1 2 0 R 0
1481 35556 18536 575 18570 541 4217 1 0 0 0 0 0 0 1 1 1 0 R 0
1482 35579 22326 891 22453 758 4164 1 0 0 0 0 0 0 1 1 1 0 R 0
1483 35608 27951 987 27984 951 4370 1 0 0 0 0 0 0 1 1 1 0 R 0
1484 35638 28546 713 28567 691 6302 1 0 0 0 0 1 0 1 1 2 0 R 0
1485 35661 22877 906 22896 870 8085 1 0 0 0 0 0 0 1 1 1 0 R 0
1486 35685 22851 796 22874 770 5218 1 0 0 0 0 0 0 1 1 1 0 R 0
1487 35715 29093 888 29220 753 6991 1 0 0 0 0 0 0 1 1 1 0 R 0
1488 35743 27134 738 27177 694 7066 1 0 0 0 0 0 0 1 1 1 0 R 0
1489 35763 19464 595 19508 539 4004 1 0 0 0 0 0 0 1 1 1 0 R 0
1490 35787 23261 924 23292 897 5423 1 0 0 0 0 0 0 1 1 1 0 R 0
1491 35814 26244 590 26265 554 7058 1 0 0 0 0 0 0 1 1 2 0 R 0
1492 35834 19054 526 19085 490 3814 1 0 0 0 0 0 0 1 1 1 0 R 0
1493 35856 21836 902 21869 865 5849 1 0 0 0 0 0 0 1 1 1 0 R 0
1494 35878 20428 551 20457 520 4168 1 0 0 0 0 0 0 1 1 1 0 R 0
1495 35906 27621 796 27644 765 4784 1 0 0 0 0 0 0 1 1 1 0 R 0
1496 35934 27616 530 27639 501 6209 1 0 0 0 0 0 0 1 1 1 0 R 0
1497 35954 19666 524 19694 486 4032 1 0 0 0 0 0 0 1 1 2 0 R 0
1498 35974 19127 711 19164 670 3776 1 0 0 0 0 0 0 1 1 1 0 R 0
1499 36000 25086 817 25229 673 3804 1 0 0 0 0 0 0 1 1 1 0 R 0
