sh /tmp/rs.sh; echo RS_DONE_$?
=== trace size ===
  818 /root/deskmon.csv
=== is anything still alive? ===
  Xfbdev       -
  jwm          -
  st           -
  xfiles       -
  xcalc        -
  s31-deskmon  206
=== oom kills ===
  [ 3471.290719] InputThread invoked oom-killer: gfp_mask=0x140cca(GFP_HIGHUSER_MOVABLE|__GFP_COMP), order=0, oom_score_adj=0
  [ 3471.300459] oom-kill:constraint=CONSTRAINT_NONE,nodemask=(null),task=Xfbdev,pid=187,uid=0
  [ 3471.300744] Out of memory: Killed process 187 (Xfbdev) total-vm:15668kB, anon-rss:64kB, file-rss:484kB, shmem-rss:0kB, UID:0 pgtables:28kB oom_score_adj:0
=== BEGIN_CSV ===
uptime,xdata_kb,xrss_kb,xswap_kb,xmajflt,xcpu_ticks,updates,memavail_kb,swap_kb,jwm_kb,st_kb,xfiles_kb,xcalc_kb
107,4656,2268,1980,29,691,3,1880,3064,304,752,620,
128,7924,3108,4316,1501,1201,43,3260,7864,112,8,8,
135,7924,3108,4316,1501,1210,55,2420,7864,100,8,8,
143,7924,3108,4316,1501,1220,26,2780,7864,100,8,8,
151,7924,3108,4316,1501,1230,25,3140,7864,100,8,8,
159,7924,3108,4316,1501,1240,25,2996,7864,100,8,8,
167,7924,3108,4316,1501,1249,25,2928,7864,100,8,8,
174,7924,3108,4316,1501,1259,25,3032,7864,100,8,8,
182,7924,3108,4316,1501,1269,25,3020,7864,100,8,8,
190,7924,3108,4316,1501,1279,25,3012,7864,100,8,8,
198,7924,3108,4316,1501,1288,25,2916,7864,100,8,8,
205,7924,3108,4316,1501,1297,25,3068,7864,100,8,8,
213,7924,3108,4316,1501,1307,25,3064,7864,100,8,8,
221,7924,3108,4316,1501,1317,25,3008,7864,100,8,8,
229,7924,3108,4316,1501,1326,24,3044,7864,100,8,8,
236,7924,3108,4316,1501,1337,25,2884,7864,100,8,8,
244,7924,3108,4316,1501,1346,25,2944,7864,100,8,8,
252,7924,3108,4316,1501,1356,25,2940,7864,100,8,8,
260,7924,3108,4316,1501,1365,25,2944,7864,100,8,8,
267,7924,3108,4316,1501,1375,25,2988,7864,100,8,8,
275,7924,3108,4316,1501,1385,25,3004,7864,100,8,8,
283,7924,3108,4316,1501,1395,25,2904,7864,100,8,8,
291,7924,3108,4316,1501,1405,25,2976,7864,100,8,8,
298,7924,3108,4316,1501,1414,25,2904,7864,100,8,8,
306,7924,3108,4316,1501,1424,25,2872,7864,100,8,8,
314,7924,3108,4316,1501,1433,25,2848,7864,100,8,8,
321,7924,3108,4316,1501,1443,25,2924,7864,100,8,8,
329,7924,3108,4316,1501,1453,25,2628,7864,100,8,8,
337,7924,3108,4316,1501,1462,25,2772,7864,100,8,8,
344,7924,3108,4316,1501,1472,25,2796,7864,100,8,8,
352,7924,3108,4316,1501,1481,24,2772,7864,100,8,8,
360,7924,3108,4316,1501,1491,25,2804,7864,100,8,8,
368,7924,3108,4316,1501,1502,25,2772,7864,100,8,8,
375,7924,3108,4316,1501,1511,25,2864,7864,100,8,8,
383,7924,3108,4316,1501,1521,25,2784,7864,100,8,8,
391,7924,3108,4316,1501,1531,24,2760,7864,100,8,8,
398,7924,3108,4316,1501,1540,25,2852,7864,100,8,8,
406,7924,3108,4316,1501,1550,25,2768,7864,100,8,8,
414,7924,3108,4316,1501,1558,25,2752,7864,100,8,8,
421,7924,3108,4316,1501,1569,25,2716,7864,100,8,8,
429,7924,3108,4316,1501,1579,24,2812,7864,100,8,8,
437,7924,3108,4316,1501,1588,25,2716,7864,100,8,8,
444,7924,3108,4316,1501,1597,25,2684,7864,100,8,8,
452,7924,3108,4316,1501,1606,24,2788,7864,100,8,8,
460,7924,3108,4316,1501,1617,25,2684,7864,100,8,8,
467,7924,3108,4316,1501,1626,25,2704,7864,100,8,8,
475,7924,3108,4316,1501,1635,25,2756,7864,100,8,8,
483,7924,3108,4316,1501,1645,24,2680,7864,100,8,8,
490,7924,3108,4316,1501,1655,25,2720,7864,100,8,8,
498,7924,3108,4316,1501,1665,25,2728,7864,100,8,8,
506,7924,3108,4316,1501,1674,25,2696,7864,100,8,8,
513,7924,3108,4316,1501,1684,24,2644,7864,100,8,8,
521,7924,3108,4316,1501,1694,25,2592,7864,100,8,8,
529,7924,3108,4316,1501,1704,25,2712,7864,100,8,8,
536,7924,3108,4316,1501,1714,25,2576,7864,100,8,8,
544,7924,3108,4316,1501,1724,24,2688,7864,100,8,8,
552,7924,3108,4316,1501,1733,25,2624,7864,100,8,8,
559,7924,3108,4316,1501,1743,25,2600,7864,100,8,8,
567,7924,3108,4316,1501,1753,25,2588,7864,100,8,8,
575,7924,3108,4316,1501,1763,24,2588,7864,100,8,8,
582,7924,3108,4316,1501,1772,25,2584,7864,100,8,8,
590,7924,3108,4316,1501,1782,25,2632,7864,100,8,8,
598,7924,3108,4316,1501,1792,25,2620,7864,100,8,8,
606,7924,3108,4316,1501,1802,24,2500,7864,100,8,8,
613,7924,3108,4316,1501,1812,25,2496,7864,100,8,8,
621,7924,3108,4316,1501,1822,25,2524,7864,100,8,8,
629,7924,3108,4316,1501,1831,25,2472,7864,100,8,8,
636,7924,3108,4316,1501,1841,25,2592,7864,100,8,8,
644,7924,3108,4316,1501,1850,24,2500,7864,100,8,8,
652,7924,3108,4316,1501,1860,25,2464,7864,100,8,8,
659,7924,3108,4316,1501,1870,25,2496,7864,100,8,8,
667,7924,3108,4316,1501,1880,24,2556,7864,100,8,8,
675,7924,3108,4316,1501,1890,25,2444,7864,100,8,8,
682,7924,3108,4316,1501,1900,25,2536,7864,100,8,8,
690,7888,3116,4272,1504,1910,25,2464,7836,100,8,8,
698,7888,3116,4272,1504,1920,24,2520,7836,100,8,8,
705,7888,3116,4272,1504,1930,25,2504,7836,100,8,8,
713,7888,3116,4272,1504,1940,25,2468,7836,100,8,8,
721,7888,3116,4272,1504,1949,25,2388,7836,100,8,8,
728,7888,3116,4272,1504,1960,24,2352,7836,100,8,8,
736,7888,3116,4272,1504,1969,25,2472,7836,100,8,8,
744,7888,3116,4272,1504,1978,25,2464,7836,100,8,8,
751,7888,3116,4272,1504,1987,24,2384,7836,100,8,8,
759,7888,3116,4272,1504,1998,25,2364,7836,100,8,8,
767,7888,3116,4272,1504,2007,25,2432,7836,100,8,8,
774,7888,3116,4272,1504,2017,25,2420,7836,100,8,8,
782,7888,3116,4272,1504,2026,24,2416,7836,100,8,8,
790,7888,3116,4272,1504,2036,25,2400,7836,100,8,8,
797,7888,3116,4272,1504,2046,25,2312,7836,100,8,8,
805,7888,3116,4272,1504,2055,25,2316,7836,100,8,8,
813,7888,3116,4272,1504,2065,25,2376,7836,100,8,8,
821,7888,3116,4272,1504,2074,24,2264,7836,100,8,8,
828,7888,3116,4272,1504,2084,25,2364,7836,100,8,8,
836,7888,3116,4272,1504,2094,25,2360,7836,100,8,8,
844,7888,3116,4272,1504,2103,25,2280,7836,100,8,8,
851,7888,3116,4272,1504,2113,24,2276,7836,100,8,8,
859,7888,3116,4272,1504,2122,25,2324,7836,100,8,8,
867,7888,3116,4272,1504,2133,25,2236,7836,100,8,8,
874,7888,3116,4272,1504,2142,25,2240,7836,100,8,8,
882,7888,3116,4272,1504,2152,24,2300,7836,100,8,8,
890,7888,3116,4272,1504,2162,25,2188,7836,100,8,8,
897,7888,3116,4272,1504,2172,25,2180,7836,100,8,8,
905,7888,3116,4272,1504,2181,25,2208,7836,100,8,8,
913,7888,3116,4272,1504,2191,24,2212,7836,100,8,8,
920,7888,3116,4272,1504,2200,25,2208,7836,100,8,8,
928,7888,3116,4272,1504,2209,25,2260,7836,100,8,8,
936,7888,3116,4272,1504,2219,25,2128,7836,100,8,8,
943,7888,3116,4272,1504,2229,24,2240,7836,100,8,8,
951,7888,3116,4272,1504,2239,25,2164,7836,100,8,8,
959,7888,3116,4272,1504,2248,25,2104,7836,100,8,8,
966,7888,3116,4272,1504,2258,24,2220,7836,100,8,8,
974,7888,3116,4272,1504,2268,25,2124,7836,100,8,8,
982,7888,3116,4272,1504,2277,25,2144,7836,100,8,8,
989,7888,3116,4272,1504,2287,25,2216,7836,100,8,8,
997,7888,3116,4272,1504,2296,25,2152,7836,100,8,8,
1005,7888,3116,4272,1504,2307,24,2096,7836,100,8,8,
1012,7888,3116,4272,1504,2317,25,2140,7836,100,8,8,
1020,7888,3116,4272,1504,2325,25,2152,7836,100,8,8,
1028,7888,3116,4272,1504,2335,25,2220,7836,100,8,8,
1035,7888,3116,4272,1504,2346,24,2140,7836,100,8,8,
1043,7888,3116,4272,1504,2355,25,2140,7836,100,8,8,
1051,7888,3116,4272,1504,2364,25,2148,7836,100,8,8,
1058,7888,3116,4272,1504,2373,25,2224,7836,100,8,8,
1066,7888,3116,4272,1504,2383,24,2224,7836,100,8,8,
1074,7888,3116,4272,1504,2393,25,2112,7836,100,8,8,
1082,7888,3116,4272,1504,2403,25,2280,7836,100,8,8,
1089,7888,3116,4272,1504,2413,25,2264,7836,100,8,8,
1097,7888,3116,4272,1504,2422,24,2100,7836,100,8,8,
1105,7888,3116,4272,1504,2433,25,2132,7836,100,8,8,
1112,7888,3116,4272,1504,2441,25,2092,7836,100,8,8,
1120,7888,3116,4272,1504,2452,25,2108,7836,100,8,8,
1128,7888,3116,4272,1504,2461,24,2148,7836,100,8,8,
1135,7888,3116,4272,1504,2471,25,2212,7836,100,8,8,
1143,7888,3116,4272,1504,2481,25,2256,7836,100,8,8,
1151,7888,3116,4272,1504,2490,25,2148,7836,100,8,8,
1158,7888,3116,4272,1504,2500,24,2220,7836,100,8,8,
1166,7888,3116,4272,1504,2510,25,2092,7836,100,8,8,
1174,7888,3116,4272,1504,2519,25,2108,7836,100,8,8,
1181,7888,3116,4272,1504,2528,25,2204,7836,100,8,8,
1189,7888,3116,4272,1504,2538,24,2100,7836,100,8,8,
1197,7888,3116,4272,1504,2548,25,2216,7836,100,8,8,
1204,7888,3116,4272,1504,2557,25,2100,7836,100,8,8,
1212,7888,3116,4272,1504,2567,25,2212,7836,100,8,8,
1220,7888,3116,4272,1504,2576,24,2132,7836,100,8,8,
1227,7888,3116,4272,1504,2586,25,2144,7836,100,8,8,
1235,7888,3116,4272,1504,2596,25,2132,7836,100,8,8,
1243,7888,3116,4272,1504,2606,25,2132,7836,100,8,8,
1250,7888,3116,4272,1504,2615,24,2088,7836,100,8,8,
1258,7888,3116,4272,1504,2625,25,2156,7836,100,8,8,
1266,7888,3116,4272,1504,2635,25,2212,7836,100,8,8,
1273,7888,3116,4272,1504,2645,25,2096,7836,100,8,8,
1281,7888,3116,4272,1504,2653,24,2096,7836,100,8,8,
1289,7888,3116,4272,1504,2664,25,2112,7836,100,8,8,
1296,7888,3116,4272,1504,2673,25,2144,7836,100,8,8,
1304,7888,3116,4272,1504,2683,25,2132,7836,100,8,8,
1312,7888,3116,4272,1504,2692,24,2116,7836,100,8,8,
1319,7888,3116,4272,1504,2702,25,2204,7836,100,8,8,
1327,7888,3116,4272,1504,2712,25,2272,7836,100,8,8,
1335,7888,3116,4272,1504,2721,25,2100,7836,100,8,8,
1343,7888,3116,4272,1504,2731,24,2080,7836,100,8,8,
1350,7888,3116,4272,1504,2740,25,2204,7836,100,8,8,
1358,7888,3116,4272,1504,2750,25,2088,7836,100,8,8,
1366,7888,3116,4272,1504,2760,24,2104,7836,100,8,8,
1373,7888,3116,4272,1504,2769,25,2204,7836,100,8,8,
1381,7888,3116,4272,1504,2779,25,2208,7836,100,8,8,
1389,7888,3116,4272,1504,2789,25,2200,7836,100,8,8,
1396,7888,3116,4272,1504,2798,24,2104,7836,100,8,8,
1404,7888,3116,4272,1504,2809,25,2200,7836,100,8,8,
1412,7888,3012,4376,1504,2819,25,2572,7836,100,8,8,
1420,7888,3012,4376,1504,2828,25,2512,7836,100,8,8,
1427,7888,3012,4376,1504,2837,25,2592,7836,100,8,8,
1435,7888,3012,4376,1504,2847,25,2488,7836,100,8,8,
1443,7888,3012,4376,1504,2856,24,2556,7836,100,8,8,
1450,7888,3012,4376,1504,2866,25,2468,7836,100,8,8,
1458,7888,3012,4376,1504,2876,25,2476,7836,100,8,8,
1466,7888,3012,4376,1504,2886,25,2504,7836,100,8,8,
1473,7888,3012,4376,1504,2896,24,2564,7836,100,8,8,
1481,7888,3012,4376,1504,2905,25,2444,7836,100,8,8,
1489,7888,3012,4376,1504,2915,25,2452,7836,100,8,8,
1496,7888,3012,4376,1504,2924,25,2516,7836,100,8,8,
1504,7888,3012,4376,1504,2933,24,2536,7836,100,8,8,
1512,7888,3012,4376,1504,2944,25,2520,7836,100,8,8,
1519,7888,3012,4376,1504,2953,25,2396,7836,100,8,8,
1527,7888,3012,4376,1504,2962,24,2432,7836,100,8,8,
1535,7888,3012,4376,1504,2972,25,2508,7836,100,8,8,
1542,7888,3012,4376,1504,2982,25,2468,7836,100,8,8,
1550,7888,3012,4376,1504,2991,25,2484,7836,100,8,8,
1558,7888,3012,4376,1504,3001,25,2364,7836,100,8,8,
1565,7888,3012,4376,1504,3010,24,2356,7836,100,8,8,
1573,7888,3012,4376,1504,3021,25,2468,7836,100,8,8,
1581,7888,3012,4376,1504,3030,25,2332,7836,100,8,8,
1588,7888,3012,4376,1504,3039,25,2448,7836,100,8,8,
1596,7888,3012,4376,1504,3049,24,2344,7836,100,8,8,
1604,7888,3012,4376,1504,3059,25,2316,7836,100,8,8,
1611,7888,3012,4376,1504,3068,25,2380,7836,100,8,8,
1619,7888,3012,4376,1504,3078,24,2300,7836,100,8,8,
1627,7888,3012,4376,1504,3088,25,2384,7836,100,8,8,
1634,7888,3012,4376,1504,3098,25,2340,7836,100,8,8,
1642,7888,3012,4376,1504,3107,25,2308,7836,100,8,8,
1650,7888,3012,4376,1504,3116,24,2264,7836,100,8,8,
1657,7888,3012,4376,1504,3127,25,2272,7836,100,8,8,
1665,7888,3012,4376,1504,3136,25,2296,7836,100,8,8,
1673,7888,3012,4376,1504,3146,25,2276,7836,100,8,8,
1680,7888,3012,4376,1504,3156,24,2344,7836,100,8,8,
1688,7888,3012,4376,1504,3165,25,2224,7836,100,8,8,
1696,7888,3012,4376,1504,3175,25,2256,7836,100,8,8,
1704,7888,3012,4376,1504,3184,25,2248,7836,100,8,8,
1711,7888,3012,4376,1504,3194,24,2236,7836,100,8,8,
1719,7888,3012,4376,1504,3204,25,2204,7836,100,8,8,
1727,7888,3012,4376,1504,3215,25,2324,7836,100,8,8,
1734,7888,3012,4376,1504,3224,25,2252,7836,100,8,8,
1742,7888,3012,4376,1504,3234,24,2204,7836,100,8,8,
1750,7888,3012,4376,1504,3243,25,2200,7836,100,8,8,
1757,7888,3012,4376,1504,3252,25,2308,7836,100,8,8,
1765,7888,3012,4376,1504,3262,24,2324,7836,100,8,8,
1773,7888,3012,4376,1504,3271,25,2316,7836,100,8,8,
1780,7888,3012,4376,1504,3281,25,2240,7836,100,8,8,
1788,7888,3012,4376,1504,3290,25,2236,7836,100,8,8,
1796,7888,3012,4376,1504,3300,24,2204,7836,100,8,8,
1803,7888,3012,4376,1504,3310,25,2260,7836,100,8,8,
1811,7888,3012,4376,1504,3319,25,2196,7836,100,8,8,
1819,7888,3012,4376,1504,3329,24,2248,7836,100,8,8,
1826,7888,3012,4376,1504,3339,25,2196,7836,100,8,8,
1834,7888,3012,4376,1504,3347,25,2204,7836,100,8,8,
1842,7888,3012,4376,1504,3357,24,2316,7836,100,8,8,
1849,7888,3012,4376,1504,3367,25,2204,7836,100,8,8,
1857,7888,3012,4376,1504,3377,25,2196,7836,100,8,8,
1864,7888,3012,4376,1504,3386,24,2316,7836,100,8,8,
1872,7888,3012,4376,1504,3395,25,2240,7836,100,8,8,
1880,7888,3012,4376,1504,3405,25,2308,7836,100,8,8,
1888,7888,3012,4376,1504,3415,25,2256,7836,100,8,8,
1895,7888,3012,4376,1504,3425,24,2252,7836,100,8,8,
1903,7888,3012,4376,1504,3435,25,2300,7836,100,8,8,
1911,7888,3012,4376,1504,3444,25,2196,7836,100,8,8,
1918,7888,3012,4376,1504,3453,25,2240,7836,100,8,8,
1926,7888,3012,4376,1504,3463,24,2244,7836,100,8,8,
1934,7888,3012,4376,1504,3472,25,2232,7836,100,8,8,
1941,7888,3012,4376,1504,3482,25,2308,7836,100,8,8,
1949,7888,3012,4376,1504,3492,25,2232,7836,100,8,8,
1957,7888,3012,4376,1504,3501,24,2196,7836,100,8,8,
1964,7888,3012,4376,1504,3511,25,2300,7836,100,8,8,
1972,7888,3012,4376,1504,3521,25,2240,7836,100,8,8,
1980,7888,3012,4376,1504,3530,25,2316,7836,100,8,8,
1987,7888,3012,4376,1504,3540,24,2252,7836,100,8,8,
1995,7888,3012,4376,1504,3551,25,2284,7836,100,8,8,
2003,7888,3012,4376,1504,3560,25,2232,7836,100,8,8,
2010,7888,3012,4376,1504,3569,25,2312,7836,100,8,8,
2018,7888,3012,4376,1504,3578,24,2312,7836,100,8,8,
2026,7888,3012,4376,1504,3589,25,2228,7836,100,8,8,
2033,7888,3012,4376,1504,3598,25,2192,7836,100,8,8,
2041,7888,3012,4376,1504,3607,25,2192,7836,100,8,8,
2049,7888,3012,4376,1504,3618,24,2360,7836,100,8,8,
2056,7888,3012,4376,1504,3627,25,2228,7836,100,8,8,
2064,7888,3012,4376,1504,3637,25,2240,7836,100,8,8,
2072,7888,3012,4376,1504,3646,25,2296,7836,100,8,8,
2080,7888,3012,4376,1504,3656,24,2312,7836,100,8,8,
2087,7888,3012,4376,1504,3666,25,2312,7836,100,8,8,
2095,7888,3012,4376,1504,3675,25,2304,7836,100,8,8,
2103,7888,3012,4376,1504,3685,25,2228,7836,100,8,8,
2110,7888,3012,4376,1504,3694,24,2228,7836,100,8,8,
2118,7888,3012,4376,1504,3705,25,2216,7836,100,8,8,
2126,7888,3012,4376,1504,3714,25,2232,7836,100,8,8,
2133,7888,3012,4376,1504,3722,25,2220,7836,100,8,8,
2141,7888,3012,4376,1504,3732,24,2196,7836,100,8,8,
2149,7888,3012,4376,1504,3742,25,2228,7836,100,8,8,
2156,7888,3012,4376,1504,3752,25,2232,7836,100,8,8,
2164,7888,3012,4376,1504,3761,25,2300,7836,100,8,8,
2172,7888,3012,4376,1504,3770,24,2236,7836,100,8,8,
2179,7888,3012,4376,1504,3780,25,2200,7836,100,8,8,
2187,7888,3012,4376,1504,3790,25,2200,7836,100,8,8,
2195,7888,3012,4376,1504,3799,25,2216,7836,100,8,8,
2202,7888,3012,4376,1504,3809,24,2320,7836,100,8,8,
2210,7888,3012,4376,1504,3820,25,2316,7836,100,8,8,
2218,7888,2976,4412,1504,3829,25,2232,7836,100,8,8,
2225,7888,2976,4412,1504,3838,25,1824,7836,100,8,8,
2233,7888,2976,4412,1504,3849,24,2192,7836,100,8,8,
2241,7888,2976,4412,1504,3858,25,2320,7836,100,8,8,
2248,7888,2976,4412,1504,3868,25,2344,7836,100,8,8,
2256,7888,2976,4412,1504,3877,24,2348,7836,100,8,8,
2264,7888,2976,4412,1504,3887,25,2280,7836,100,8,8,
2271,7888,2976,4412,1504,3896,25,2224,7836,100,8,8,
2279,7888,2976,4412,1504,3906,25,2268,7836,100,8,8,
2287,7888,2976,4412,1504,3917,24,2232,7836,100,8,8,
2294,7888,2976,4412,1504,3926,25,2268,7836,100,8,8,
2302,7888,2976,4412,1504,3936,25,2284,7836,100,8,8,
2310,7888,2976,4412,1504,3945,24,2336,7836,100,8,8,
2317,7888,2976,4412,1504,3955,25,2264,7836,100,8,8,
2325,7888,2976,4412,1504,3965,25,2264,7836,100,8,8,
2333,7888,2976,4412,1504,3974,25,2336,7836,100,8,8,
2340,7888,2976,4412,1504,3984,25,2240,7836,100,8,8,
2348,7888,2976,4412,1504,3993,24,2336,7836,100,8,8,
2356,7888,2976,4412,1504,4003,25,2336,7836,100,8,8,
2363,7888,2976,4412,1504,4012,25,2216,7836,100,8,8,
2371,7888,2976,4412,1504,4021,25,2272,7836,100,8,8,
2379,7888,2976,4412,1504,4031,24,2328,7836,100,8,8,
2386,7888,2976,4412,1504,4041,25,2264,7836,100,8,8,
2394,7888,2976,4412,1504,4050,25,2260,7836,100,8,8,
2402,7888,2976,4412,1504,4060,25,2332,7836,100,8,8,
2410,7888,2976,4412,1504,4069,24,2244,7836,100,8,8,
2417,7888,2976,4412,1504,4079,25,2332,7836,100,8,8,
2425,7888,2976,4412,1504,4089,25,2320,7836,100,8,8,
2433,7888,2976,4412,1504,4098,25,2256,7836,100,8,8,
2440,7888,2976,4412,1504,4108,24,2340,7836,100,8,8,
2448,7888,2976,4412,1504,4118,25,2332,7836,100,8,8,
2456,7888,2976,4412,1504,4127,25,2212,7836,100,8,8,
2463,7888,2976,4412,1504,4137,25,2264,7836,100,8,8,
2471,7888,2976,4412,1504,4146,24,2332,7836,100,8,8,
2479,7888,2976,4412,1504,4156,25,2212,7836,100,8,8,
2486,7888,2976,4412,1504,4166,25,2256,7836,100,8,8,
2494,7888,2976,4412,1504,4175,25,2264,7836,100,8,8,
2502,7888,2976,4412,1504,4185,24,2340,7836,100,8,8,
2509,7888,2976,4412,1504,4195,25,2264,7836,100,8,8,
2517,7888,2976,4412,1504,4205,25,2332,7836,100,8,8,
2525,7888,2976,4412,1504,4214,25,2272,7836,100,8,8,
2532,7888,2976,4412,1504,4224,24,2332,7836,100,8,8,
2540,7888,2976,4412,1504,4235,25,2212,7836,100,8,8,
2548,7888,2976,4412,1504,4245,25,2340,7836,100,8,8,
2555,7888,2976,4412,1504,4254,25,2332,7836,100,8,8,
2563,7888,2976,4412,1504,4263,24,2268,7836,100,8,8,
2571,7888,2912,4476,1504,4275,25,2388,7836,100,8,8,
2579,7888,2912,4476,1504,4285,25,2284,7836,100,8,8,
2586,7888,2912,4476,1504,4293,25,2316,7836,100,8,8,
2594,7888,2912,4476,1504,4304,24,2296,7836,100,8,8,
2602,7888,2912,4476,1504,4314,25,2384,7836,100,8,8,
2609,7888,2912,4476,1504,4323,25,2408,7836,100,8,8,
2617,7888,2912,4476,1504,4333,25,2404,7836,100,8,8,
2625,7888,2912,4476,1504,4343,24,2292,7836,100,8,8,
2632,7888,2912,4476,1504,4352,25,2292,7836,100,8,8,
2640,7888,2912,4476,1504,4362,25,2412,7836,100,8,8,
2648,7888,2912,4476,1504,4370,24,2340,7836,100,8,8,
2655,7888,2912,4476,1504,4380,25,2328,7836,100,8,8,
2663,7888,2912,4476,1504,4390,25,2316,7836,100,8,8,
2671,7888,2912,4476,1504,4400,25,2412,7836,100,8,8,
2678,7888,2912,4476,1504,4409,24,2332,7836,100,8,8,
2686,7888,2912,4476,1504,4419,25,2372,7836,100,8,8,
2694,7888,2912,4476,1504,4429,25,2332,7836,100,8,8,
2701,7888,2912,4476,1504,4439,25,2316,7836,100,8,8,
2709,7888,2912,4476,1504,4448,24,2400,7836,100,8,8,
2717,7888,2912,4476,1504,4458,25,2276,7836,100,8,8,
2724,7888,2912,4476,1504,4467,25,2276,7836,100,8,8,
2732,7888,2912,4476,1504,4477,25,2284,7836,100,8,8,
2740,7888,2912,4476,1504,4487,24,2320,7836,100,8,8,
2747,7888,2912,4476,1504,4498,25,2332,7836,100,8,8,
2755,7888,2912,4476,1504,4507,25,2320,7836,100,8,8,
2763,7888,2912,4476,1504,4516,25,2284,7836,100,8,8,
2770,7888,2912,4476,1504,4526,24,2388,7836,100,8,8,
2778,7888,2912,4476,1504,4535,25,2396,7836,100,8,8,
2786,7888,2912,4476,1504,4544,25,2404,7836,100,8,8,
2793,7888,2912,4476,1504,4554,25,2404,7836,100,8,8,
2801,7888,2912,4476,1504,4564,24,2320,7836,100,8,8,
2809,7888,2912,4476,1504,4573,25,2284,7836,100,8,8,
2816,7888,2912,4476,1504,4583,25,2336,7836,100,8,8,
2824,7888,2912,4476,1504,4592,25,2316,7836,100,8,8,
2832,7888,2912,4476,1504,4601,24,2396,7836,100,8,8,
2840,7888,2912,4476,1504,4612,25,2384,7836,100,8,8,
2847,7888,2912,4476,1504,4622,25,2460,7836,100,8,8,
2855,7888,2912,4476,1504,4631,25,2312,7836,100,8,8,
2863,7888,2912,4476,1504,4641,24,2388,7836,100,8,8,
2870,7888,2912,4476,1504,4651,25,2400,7836,100,8,8,
2878,7888,2912,4476,1504,4660,25,2276,7836,100,8,8,
2886,7888,2912,4476,1504,4669,25,2276,7836,100,8,8,
2893,7888,2912,4476,1504,4679,24,2396,7836,100,8,8,
2901,7888,2912,4476,1504,4689,25,2372,7836,100,8,8,
2909,7888,2912,4476,1504,4698,25,2400,7836,100,8,8,
2916,7888,2912,4476,1504,4708,25,2372,7836,100,8,8,
2924,7888,2912,4476,1504,4717,24,2388,7836,100,8,8,
2932,7888,2912,4476,1504,4728,25,2336,7836,100,8,8,
2939,7888,2912,4476,1504,4737,25,2316,7836,100,8,8,
2947,7888,2912,4476,1504,4746,25,2372,7836,100,8,8,
2955,7888,2912,4476,1504,4756,24,2392,7836,100,8,8,
2962,7888,2912,4476,1504,4765,25,2324,7836,100,8,8,
2970,7888,2912,4476,1504,4775,25,2332,7836,100,8,8,
2978,7888,2912,4476,1504,4785,25,2392,7836,100,8,8,
2985,7888,2912,4476,1504,4794,24,2328,7836,100,8,8,
2993,7888,2912,4476,1504,4803,25,2324,7836,100,8,8,
3001,7888,2912,4476,1504,4813,25,2280,7836,100,8,8,
3008,7888,2912,4476,1504,4823,25,2404,7836,100,8,8,
3016,7888,2912,4476,1504,4832,24,2340,7836,100,8,8,
3024,7888,2912,4476,1504,4842,25,2408,7836,100,8,8,
3031,7888,2912,4476,1504,4851,25,2340,7836,100,8,8,
3039,7888,2912,4476,1504,4861,24,2328,7836,100,8,8,
3047,7888,2912,4476,1504,4870,25,2408,7836,100,8,8,
3054,7888,2912,4476,1504,4880,25,2380,7836,100,8,8,
3062,7888,2900,4488,1504,4890,25,2436,7836,100,8,8,
3070,7888,2900,4488,1504,4900,25,2388,7836,100,8,8,
3077,7888,2900,4488,1504,4910,24,2128,7836,100,8,8,
3085,7888,2900,4488,1504,4919,25,2320,7836,100,8,8,
3093,7888,2900,4488,1504,4930,25,2484,7836,100,8,8,
3100,7888,2900,4488,1504,4939,25,2324,7836,100,8,8,
3108,7888,2900,4488,1504,4949,24,2400,7836,100,8,8,
3116,7888,2900,4488,1504,4959,25,2304,7836,100,8,8,
3124,7888,2900,4488,1504,4969,25,2288,7836,100,8,8,
3131,7888,2900,4488,1504,4977,25,2288,7836,100,8,8,
3139,7888,2900,4488,1504,4988,24,2336,7836,100,8,8,
3147,7888,2900,4488,1504,4997,25,2380,7836,100,8,8,
3154,7888,2900,4488,1504,5007,25,2468,7836,100,8,8,
3162,7888,2900,4488,1504,5017,25,2280,7836,100,8,8,
3170,7888,2900,4488,1504,5027,25,2288,7836,100,8,8,
3177,7888,2900,4488,1504,5036,24,2280,7836,100,8,8,
3185,7888,2900,4488,1504,5046,25,2408,7836,100,8,8,
3193,7888,2900,4488,1504,5055,25,2320,7836,100,8,8,
3200,7888,2900,4488,1504,5065,24,2332,7836,100,8,8,
3208,7888,2900,4488,1504,5075,25,2404,7836,100,8,8,
3216,7888,2900,4488,1504,5085,25,2404,7836,100,8,8,
3223,7888,2900,4488,1504,5094,25,2408,7836,100,8,8,
3231,7888,2900,4488,1504,5103,25,2324,7836,100,8,8,
3239,7888,2900,4488,1504,5114,24,2344,7836,100,8,8,
3246,7888,2900,4488,1504,5124,25,2408,7836,100,8,8,
3254,7888,2900,4488,1504,5132,25,2372,7836,100,8,8,
3262,7888,2900,4488,1504,5142,24,2400,7836,100,8,8,
3269,7888,2900,4488,1504,5151,25,2280,7836,100,8,8,
3277,7888,2900,4488,1504,5162,25,2324,7836,100,8,8,
3285,7888,2900,4488,1504,5171,25,2324,7836,100,8,8,
3293,7888,2900,4488,1504,5180,25,2324,7836,100,8,8,
3300,7888,2900,4488,1504,5190,24,2388,7836,100,8,8,
3308,7888,2900,4488,1504,5200,25,2324,7836,100,8,8,
3316,7888,2900,4488,1504,5209,25,2344,7836,100,8,8,
3323,7888,2900,4488,1504,5219,25,2332,7836,100,8,8,
3331,7888,2900,4488,1504,5229,25,2404,7836,100,8,8,
3339,7888,2900,4488,1504,5239,24,2320,7836,100,8,8,
3346,7888,2900,4488,1504,5248,25,2340,7836,100,8,8,
3354,7888,2900,4488,1504,5258,25,2304,7836,100,8,8,
3362,7888,2900,4488,1504,5268,24,2408,7836,100,8,8,
3369,7888,2900,4488,1504,5277,25,2288,7836,100,8,8,
3377,7888,2900,4488,1504,5286,25,2468,7836,100,8,8,
3385,7888,2900,4488,1504,5296,25,2400,7836,100,8,8,
3392,7888,2900,4488,1504,5306,24,2400,7836,100,8,8,
3400,7888,2900,4488,1504,5316,25,2400,7836,100,8,8,
3408,7888,2900,4488,1504,5324,25,2392,7836,100,8,8,
3415,7888,2900,4488,1504,5334,25,2324,7836,100,8,8,
3423,7888,2900,4488,1504,5344,24,2408,7836,100,8,8,
3431,7888,2900,4488,1504,5353,25,2408,7836,100,8,8,
3438,7888,2900,4488,1504,5362,25,2324,7836,100,8,8,
3446,7888,2900,4488,1504,5372,25,2336,7836,100,8,8,
3454,7888,2900,4488,1504,5382,24,2384,7836,100,8,8,
3467,9564,3676,5364,2190,6171,17,1216,3860,100,8,96,
3478,,,,,,,2324,3860,,,,
3484,,,,,,,2448,3860,,,,
3489,,,,,,,2456,3860,,,,
3495,,,,,,,2464,3860,,,,
3500,,,,,,,2472,3860,,,,
3506,,,,,,,1828,3860,,,,
3512,,,,,,,1836,3860,,,,
3517,,,,,,,1844,3860,,,,
3523,,,,,,,1852,3860,,,,
3528,,,,,,,1860,3860,,,,
3534,,,,,,,1868,3860,,,,
3539,,,,,,,1876,3860,,,,
3545,,,,,,,1884,3860,,,,
3551,,,,,,,1892,3860,,,,
3556,,,,,,,1900,3860,,,,
3562,,,,,,,1908,3860,,,,
3567,,,,,,,2028,3860,,,,
3573,,,,,,,2148,3860,,,,
3578,,,,,,,2156,3860,,,,
3584,,,,,,,2164,3860,,,,
3590,,,,,,,2172,3860,,,,
3595,,,,,,,2180,3860,,,,
3601,,,,,,,2300,3860,,,,
3606,,,,,,,2308,3860,,,,
3612,,,,,,,2316,3860,,,,
3617,,,,,,,2324,3860,,,,
3623,,,,,,,2332,3860,,,,
3629,,,,,,,2452,3860,,,,
3634,,,,,,,2460,3860,,,,
3640,,,,,,,2468,3860,,,,
3645,,,,,,,2476,3860,,,,
3651,,,,,,,2480,3860,,,,
3656,,,,,,,2468,3860,,,,
3662,,,,,,,2456,3860,,,,
3668,,,,,,,2448,3860,,,,
3673,,,,,,,2444,3860,,,,
3679,,,,,,,2436,3860,,,,
3684,,,,,,,2428,3860,,,,
3690,,,,,,,2420,3860,,,,
3695,,,,,,,2412,3860,,,,
3701,,,,,,,2404,3860,,,,
3707,,,,,,,2396,3860,,,,
3712,,,,,,,2388,3860,,,,
3718,,,,,,,2376,3860,,,,
3723,,,,,,,2372,3860,,,,
3729,,,,,,,2364,3860,,,,
3734,,,,,,,2356,3860,,,,
3740,,,,,,,2388,3860,,,,
3746,,,,,,,2344,3860,,,,
3751,,,,,,,2332,3860,,,,
3757,,,,,,,2324,3860,,,,
3762,,,,,,,2316,3860,,,,
3768,,,,,,,2296,3860,,,,
3773,,,,,,,2288,3860,,,,
3779,,,,,,,2468,3860,,,,
3785,,,,,,,2408,3860,,,,
3790,,,,,,,2392,3860,,,,
3796,,,,,,,2396,3860,,,,
3801,,,,,,,2360,3860,,,,
3807,,,,,,,2376,3860,,,,
3812,,,,,,,2392,3860,,,,
3818,,,,,,,2388,3860,,,,
3824,,,,,,,2392,3860,,,,
3829,,,,,,,2388,3860,,,,
3835,,,,,,,2392,3860,,,,
3840,,,,,,,2432,3860,,,,
3846,,,,,,,2384,3860,,,,
3851,,,,,,,2388,3860,,,,
3857,,,,,,,2380,3860,,,,
3863,,,,,,,2388,3860,,,,
3868,,,,,,,2392,3860,,,,
3874,,,,,,,2380,3860,,,,
3879,,,,,,,2392,3860,,,,
3885,,,,,,,2392,3860,,,,
3890,,,,,,,2392,3860,,,,
3896,,,,,,,2396,3860,,,,
3902,,,,,,,2388,3860,,,,
3907,,,,,,,2484,3860,,,,
3913,,,,,,,2432,3860,,,,
3918,,,,,,,2440,3860,,,,
3924,,,,,,,2440,3860,,,,
3929,,,,,,,2464,3860,,,,
3935,,,,,,,2420,3860,,,,
3941,,,,,,,2424,3860,,,,
3946,,,,,,,2432,3860,,,,
3952,,,,,,,2428,3860,,,,
3957,,,,,,,2468,3860,,,,
3963,,,,,,,2428,3860,,,,
3968,,,,,,,2424,3860,,,,
3974,,,,,,,2428,3860,,,,
3980,,,,,,,2428,3860,,,,
3985,,,,,,,2468,3860,,,,
3991,,,,,,,2428,3860,,,,
3996,,,,,,,2432,3860,,,,
4002,,,,,,,2424,3860,,,,
4007,,,,,,,2424,3860,,,,
4013,,,,,,,2428,3860,,,,
4018,,,,,,,2468,3860,,,,
4024,,,,,,,2428,3860,,,,
4030,,,,,,,2432,3860,,,,
4035,,,,,,,2424,3860,,,,
4041,,,,,,,2424,3860,,,,
4046,,,,,,,2436,3860,,,,
4052,,,,,,,2424,3860,,,,
4057,,,,,,,2432,3860,,,,
4063,,,,,,,2432,3860,,,,
4069,,,,,,,2428,3860,,,,
4074,,,,,,,2432,3860,,,,
4080,,,,,,,2428,3860,,,,
4085,,,,,,,2428,3860,,,,
4091,,,,,,,2428,3860,,,,
4096,,,,,,,2420,3860,,,,
4102,,,,,,,2476,3860,,,,
4108,,,,,,,2436,3860,,,,
4113,,,,,,,2472,3860,,,,
4119,,,,,,,2432,3860,,,,
4124,,,,,,,2476,3860,,,,
4130,,,,,,,2476,3860,,,,
4135,,,,,,,2420,3860,,,,
4141,,,,,,,2424,3860,,,,
4147,,,,,,,2464,3860,,,,
4152,,,,,,,2424,3860,,,,
4158,,,,,,,2420,3860,,,,
4163,,,,,,,2420,3860,,,,
4169,,,,,,,2424,3860,,,,
4174,,,,,,,2424,3860,,,,
4180,,,,,,,2420,3860,,,,
4186,,,,,,,2424,3860,,,,
4191,,,,,,,2424,3860,,,,
4197,,,,,,,2428,3860,,,,
4202,,,,,,,2424,3860,,,,
4208,,,,,,,2464,3860,,,,
4213,,,,,,,2428,3860,,,,
4219,,,,,,,2416,3860,,,,
4224,,,,,,,2464,3604,,,,
4230,,,,,,,2760,3604,,,,
4236,,,,,,,2756,3604,,,,
4241,,,,,,,2752,3604,,,,
4247,,,,,,,2756,3604,,,,
4252,,,,,,,2796,3604,,,,
4258,,,,,,,2424,3604,,,,
4264,,,,,,,2440,3604,,,,
4269,,,,,,,2456,3604,,,,
4275,,,,,,,2472,3604,,,,
4280,,,,,,,2488,3604,,,,
4286,,,,,,,2504,3604,,,,
4291,,,,,,,2520,3604,,,,
4297,,,,,,,2536,3604,,,,
4303,,,,,,,2552,3604,,,,
4308,,,,,,,2680,3604,,,,
4314,,,,,,,2696,3604,,,,
4319,,,,,,,2712,3604,,,,
4325,,,,,,,2728,3604,,,,
4330,,,,,,,2744,3604,,,,
4336,,,,,,,2744,3604,,,,
4341,,,,,,,2744,3604,,,,
4347,,,,,,,2748,3604,,,,
4353,,,,,,,2748,3604,,,,
4358,,,,,,,2752,3604,,,,
4364,,,,,,,2788,3604,,,,
4369,,,,,,,2788,3604,,,,
4375,,,,,,,2748,3604,,,,
4380,,,,,,,2744,3604,,,,
4386,,,,,,,2740,3604,,,,
4392,,,,,,,2740,3604,,,,
4397,,,,,,,2744,3604,,,,
4403,,,,,,,2744,3604,,,,
4408,,,,,,,2744,3604,,,,
4414,,,,,,,2740,3604,,,,
4419,,,,,,,2744,3604,,,,
4425,,,,,,,2744,3604,,,,
4431,,,,,,,2864,3604,,,,
4436,,,,,,,2820,3604,,,,
4442,,,,,,,2828,3604,,,,
4447,,,,,,,2856,3604,,,,
4453,,,,,,,2468,3604,,,,
4458,,,,,,,2484,3604,,,,
4464,,,,,,,2500,3604,,,,
4470,,,,,,,2516,3604,,,,
4475,,,,,,,2532,3604,,,,
4481,,,,,,,2660,3604,,,,
4486,,,,,,,2788,3604,,,,
4492,,,,,,,2804,3604,,,,
4497,,,,,,,2820,3604,,,,
4503,,,,,,,2816,3604,,,,
4509,,,,,,,2812,3604,,,,
4514,,,,,,,2812,3604,,,,
4520,,,,,,,2816,3604,,,,
4525,,,,,,,2816,3604,,,,
4531,,,,,,,2804,3604,,,,
4536,,,,,,,2808,3604,,,,
4542,,,,,,,2808,3604,,,,
4548,,,,,,,2820,3604,,,,
4553,,,,,,,2812,3604,,,,
4559,,,,,,,2816,3604,,,,
4564,,,,,,,2820,3604,,,,
4570,,,,,,,2816,3604,,,,
4575,,,,,,,2812,3604,,,,
4581,,,,,,,2816,3604,,,,
4586,,,,,,,2856,3604,,,,
4592,,,,,,,2820,3604,,,,
4598,,,,,,,2816,3604,,,,
4603,,,,,,,2812,3604,,,,
4609,,,,,,,2816,3604,,,,
4614,,,,,,,2816,3604,,,,
4620,,,,,,,2808,3604,,,,
4625,,,,,,,2808,3604,,,,
4631,,,,,,,2808,3604,,,,
4637,,,,,,,2808,3604,,,,
4642,,,,,,,2852,3348,,,,
4648,,,,,,,2636,3348,,,,
4653,,,,,,,2652,3348,,,,
4659,,,,,,,2780,3348,,,,
4664,,,,,,,2796,3348,,,,
4670,,,,,,,2924,3348,,,,
4676,,,,,,,2876,3348,,,,
4681,,,,,,,2916,3348,,,,
4687,,,,,,,2876,3348,,,,
4692,,,,,,,2876,3348,,,,
4698,,,,,,,2876,3348,,,,
4704,,,,,,,2876,3348,,,,
4709,,,,,,,2916,3348,,,,
4715,,,,,,,2920,3348,,,,
4720,,,,,,,2872,3348,,,,
4726,,,,,,,2876,3348,,,,
4731,,,,,,,2916,3348,,,,
4737,,,,,,,2872,3348,,,,
4743,,,,,,,2876,3348,,,,
4748,,,,,,,2876,3348,,,,
4754,,,,,,,2872,3348,,,,
4759,,,,,,,2876,3348,,,,
4765,,,,,,,2872,3348,,,,
4770,,,,,,,2872,3348,,,,
4776,,,,,,,2872,3348,,,,
4782,,,,,,,2876,3348,,,,
4787,,,,,,,2872,3348,,,,
4793,,,,,,,2876,3348,,,,
4798,,,,,,,2880,3348,,,,
4804,,,,,,,2872,3348,,,,
4809,,,,,,,2872,3348,,,,
4815,,,,,,,2872,3348,,,,
4821,,,,,,,2876,3348,,,,
4826,,,,,,,2904,3348,,,,
4832,,,,,,,2908,3348,,,,
4837,,,,,,,2860,3348,,,,
4843,,,,,,,2864,3348,,,,
4848,,,,,,,2868,3348,,,,
4854,,,,,,,2860,3348,,,,
4860,,,,,,,2904,3348,,,,
4865,,,,,,,2864,3348,,,,
4871,,,,,,,2864,3348,,,,
4876,,,,,,,2652,3348,,,,
4882,,,,,,,2668,3348,,,,
4888,,,,,,,2684,3348,,,,
4893,,,,,,,2700,3348,,,,
4899,,,,,,,2716,3348,,,,
4904,,,,,,,2732,3348,,,,
4910,,,,,,,2748,3348,,,,
4915,,,,,,,2764,3348,,,,
4921,,,,,,,2780,3348,,,,
4927,,,,,,,2796,3348,,,,
4932,,,,,,,2812,3348,,,,
4938,,,,,,,2828,3348,,,,
4943,,,,,,,2844,3348,,,,
4949,,,,,,,2860,3348,,,,
4954,,,,,,,2876,3348,,,,
4960,,,,,,,2892,3348,,,,
4966,,,,,,,3020,3348,,,,
4971,,,,,,,2976,3348,,,,
4977,,,,,,,2972,3348,,,,
4982,,,,,,,2972,3348,,,,
4988,,,,,,,3016,3348,,,,
4994,,,,,,,2972,3348,,,,
4999,,,,,,,2976,3348,,,,
5005,,,,,,,2964,3348,,,,
5010,,,,,,,3016,3348,,,,
5016,,,,,,,2972,3348,,,,
5021,,,,,,,2972,3348,,,,
5027,,,,,,,2972,3348,,,,
5033,,,,,,,3016,3348,,,,
5038,,,,,,,3016,3348,,,,
5044,,,,,,,2972,3348,,,,
5049,,,,,,,2980,3348,,,,
5055,,,,,,,2972,3348,,,,
5060,,,,,,,2964,3348,,,,
5066,,,,,,,3020,3348,,,,
5072,,,,,,,3016,3348,,,,
5077,,,,,,,2976,3348,,,,
5083,,,,,,,2972,3348,,,,
5088,,,,,,,2976,3348,,,,
5094,,,,,,,2972,3348,,,,
5100,,,,,,,2976,3348,,,,
5105,,,,,,,2976,3348,,,,
5111,,,,,,,2976,3348,,,,
5116,,,,,,,2972,3348,,,,
5122,,,,,,,2972,3348,,,,
5127,,,,,,,2972,3348,,,,
5133,,,,,,,3092,3348,,,,
5139,,,,,,,2792,3348,,,,
5144,,,,,,,2808,3348,,,,
5150,,,,,,,2824,3348,,,,
5155,,,,,,,2840,3348,,,,
5161,,,,,,,2856,3348,,,,
5166,,,,,,,2872,3348,,,,
5172,,,,,,,3000,3348,,,,
5178,,,,,,,3016,3348,,,,
5183,,,,,,,3032,3348,,,,
5189,,,,,,,3048,3348,,,,
5194,,,,,,,3064,3348,,,,
5200,,,,,,,3080,3348,,,,
5205,,,,,,,3092,3348,,,,
5211,,,,,,,3092,3348,,,,
5217,,,,,,,3092,3348,,,,
5222,,,,,,,3088,3348,,,,
5228,,,,,,,3088,3348,,,,
5233,,,,,,,3088,3348,,,,
5239,,,,,,,3092,3348,,,,
5244,,,,,,,3132,3348,,,,
5250,,,,,,,3132,3348,,,,
5256,,,,,,,3092,3348,,,,
5261,,,,,,,3132,3348,,,,
5267,,,,,,,3092,3348,,,,
5272,,,,,,,3084,3348,,,,
5278,,,,,,,3092,3348,,,,
5283,,,,,,,3092,3348,,,,
5289,,,,,,,3088,3348,,,,
5295,,,,,,,3088,3348,,,,
5300,,,,,,,3096,3348,,,,
5306,,,,,,,3088,3348,,,,
5311,,,,,,,3088,3348,,,,
5317,,,,,,,3092,3348,,,,
5323,,,,,,,3092,3348,,,,
5328,,,,,,,3088,3348,,,,
5334,,,,,,,3092,3348,,,,
5339,,,,,,,3092,3348,,,,
5345,,,,,,,3132,3348,,,,
5350,,,,,,,3092,3348,,,,
5356,,,,,,,3080,3348,,,,
5362,,,,,,,3124,3348,,,,
5367,,,,,,,3084,3348,,,,
5373,,,,,,,3084,3348,,,,
5378,,,,,,,3124,3348,,,,
5384,,,,,,,3084,3348,,,,
5389,,,,,,,3084,3092,,,,
5395,,,,,,,3152,3092,,,,
5401,,,,,,,2888,3092,,,,
5406,,,,,,,2904,3092,,,,
5412,,,,,,,2920,3092,,,,
5417,,,,,,,2936,3092,,,,
5423,,,,,,,2952,3092,,,,
5428,,,,,,,2968,3092,,,,
5434,,,,,,,3096,3092,,,,
5440,,,,,,,3112,3092,,,,
5445,,,,,,,3128,3092,,,,
5451,,,,,,,3144,3092,,,,
5456,,,,,,,3148,3092,,,,
5462,,,,,,,3188,3092,,,,
5467,,,,,,,3144,3092,,,,
5473,,,,,,,3144,3092,,,,
5479,,,,,,,3148,3092,,,,
5484,,,,,,,3148,3092,,,,
5490,,,,,,,3144,3092,,,,
5495,,,,,,,3136,3092,,,,
5501,,,,,,,3140,3092,,,,
5506,,,,,,,3148,3092,,,,
5512,,,,,,,3144,3092,,,,
5518,,,,,,,3192,3092,,,,
5523,,,,,,,3144,3092,,,,
5529,,,,,,,3148,3092,,,,
5534,,,,,,,3148,3092,,,,
5540,,,,,,,3144,3092,,,,
5546,,,,,,,3144,3092,,,,
5551,,,,,,,3152,3092,,,,
5557,,,,,,,3188,3092,,,,
5562,,,,,,,3148,3092,,,,
5568,,,,,,,3188,3092,,,,
5573,,,,,,,3148,3092,,,,
5579,,,,,,,3148,3092,,,,
5585,,,,,,,3148,3092,,,,
5590,,,,,,,3144,3092,,,,
5596,,,,,,,3188,3092,,,,
5602,,,,,,,3040,3092,,,,
=== END_CSV ===
RS_DONE_0
~ # 