# swapstamp frames 1500 skip 300 peer 472
# f t_ms gap_us swap_us crend_us cswap_us clr_us nclr vcs_r ivcs_r vcs_s ivcs_s minf majf cpu0 cpu1 pticks pcpu pstate ctr
0 0 21895 846 21935 1661 8026 1 0 0 0 1 0 0 0 0 0 1 R 0
1 23 22214 556 19892 544 3344 1 0 3 0 0 0 0 0 0 1 1 R 0
2 43 19649 536 19662 505 3781 1 0 0 0 0 0 0 0 0 1 1 R 0
3 63 19751 604 19855 508 3653 1 0 0 0 0 0 0 0 0 2 1 R 0
4 86 22426 575 21142 540 3461 1 0 4 0 0 0 0 0 0 1 1 R 0
5 106 19599 557 19628 523 4398 1 0 0 0 0 0 0 0 0 1 1 R 0
6 125 17734 844 17778 819 3595 1 0 0 0 0 0 0 0 0 2 1 R 0
7 147 21449 667 20058 631 4527 1 0 4 0 0 0 0 0 0 2 1 R 0
8 167 19037 651 19072 631 3720 1 0 0 0 0 0 0 0 0 1 1 R 0
9 189 22054 603 20678 565 5830 1 0 1 0 0 0 0 0 0 2 1 R 0
10 209 19340 552 19370 522 3772 1 0 0 0 0 0 0 0 0 1 1 R 0
11 230 20576 1509 19695 815 4595 1 0 4 0 0 0 0 0 0 1 1 R 0
12 250 17749 643 17769 613 3150 1 0 0 0 0 0 0 0 0 3 1 R 0
13 270 19596 1703 19673 1631 4201 1 0 0 0 0 0 0 0 0 1 1 R 0
14 293 21844 565 20213 537 3770 1 0 4 0 0 0 0 0 0 1 1 R 0
15 317 23106 569 23133 533 7679 1 0 0 0 0 0 0 0 0 1 1 R 0
16 335 17839 733 17879 718 3850 1 0 0 0 0 0 0 0 0 2 1 R 0
17 358 21658 673 20213 668 4303 1 0 4 0 0 0 0 0 0 2 1 R 0
18 380 21548 987 19991 962 3713 1 0 1 0 0 0 0 0 0 1 1 R 0
19 400 19026 991 19042 980 3830 1 0 0 0 0 0 0 0 0 1 1 R 0
20 420 18500 659 18551 591 3470 1 0 0 0 0 0 0 0 0 1 1 R 0
21 443 22344 810 20240 796 4451 1 0 4 0 0 0 0 0 0 3 1 R 0
22 462 18631 749 18662 708 3116 1 0 0 0 0 0 0 0 0 1 1 R 0
23 483 20259 540 20265 518 4166 1 0 0 0 0 0 0 0 0 2 1 R 0
24 506 22238 560 20648 533 4006 1 0 4 0 0 0 0 0 0 1 1 R 0
25 526 20078 620 20101 592 4502 1 0 0 0 0 0 0 0 0 1 1 R 0
26 545 17930 843 18031 737 3718 1 0 0 0 0 0 0 0 0 2 1 R 0
27 568 22277 658 20623 660 4607 1 0 4 0 0 0 0 0 0 2 1 R 0
28 590 20867 579 19845 546 5345 1 0 1 0 0 0 0 0 0 1 1 R 0
29 610 19613 929 19647 905 3871 1 0 0 0 0 0 0 0 0 1 1 R 0
30 636 24817 684 23812 661 6826 1 0 4 0 0 0 0 0 0 1 1 R 0
31 656 19517 662 19014 614 3796 1 0 1 0 0 0 0 0 0 2 1 R 0
32 675 18285 684 18330 657 3945 1 0 0 0 0 0 0 0 0 2 1 R 0
33 696 20906 551 20920 522 4961 1 0 0 0 0 0 0 0 0 1 1 R 0
34 718 21523 576 20543 549 6729 1 0 4 0 0 0 0 0 0 1 1 R 0
35 737 18286 713 18368 649 3401 1 0 0 0 0 0 0 0 0 2 1 R 0
36 757 19070 751 19099 730 4344 1 0 0 0 0 0 0 0 0 2 1 R 0
37 781 23259 568 20777 559 3803 1 0 5 0 0 0 0 0 0 1 1 R 0
38 801 19863 541 19872 525 3869 1 0 0 0 0 0 0 0 0 1 1 R 0
39 823 20912 574 19975 543 4103 1 0 1 0 0 0 0 0 0 2 1 R 0
40 845 21404 718 20108 785 3204 1 0 4 0 0 0 0 0 0 1 1 R 0
41 864 18276 633 18187 598 3602 1 0 0 0 0 0 0 0 0 2 1 R 0
42 885 20866 605 20901 567 4324 1 0 0 0 0 0 0 0 0 1 1 R 0
43 905 19439 565 19461 540 4460 1 0 0 0 0 0 0 0 0 1 1 R 0
44 928 22262 670 21151 642 6031 1 0 4 0 0 0 0 0 0 2 1 R 0
45 950 21155 1410 21209 1446 6139 1 0 0 0 0 0 0 0 0 1 1 R 0
46 970 17966 767 17913 744 3328 1 0 0 0 0 0 0 0 0 3 1 R 0
47 995 24421 566 22382 542 5339 1 0 5 0 0 0 0 0 0 2 1 R 0
48 1015 19705 539 19726 514 4278 1 0 0 0 0 0 0 0 0 1 1 R 0
49 1035 19882 565 19911 535 4743 1 0 0 0 0 0 0 0 0 1 1 R 0
50 1057 21025 680 19415 641 3687 1 0 4 0 0 0 0 0 0 2 1 R 0
51 1076 17909 877 17966 821 3648 1 0 0 0 0 0 0 0 0 1 1 R 0
52 1097 20789 582 20810 553 5662 1 0 0 0 0 0 0 0 0 2 1 R 0
53 1118 19724 556 19751 529 4316 1 0 0 0 0 0 0 0 0 1 1 R 0
54 1141 23380 724 22471 702 6260 1 0 4 0 0 0 0 0 0 1 1 R 0
55 1164 22053 567 19316 550 3194 1 0 3 0 0 0 0 0 0 2 1 R 0
56 1188 22832 1168 21907 1136 6928 1 0 1 0 0 0 0 0 0 2 1 R 0
57 1213 23999 557 22388 536 5673 1 0 4 0 0 0 0 0 0 2 1 R 0
58 1233 19829 565 19848 541 3781 1 0 0 0 0 1 0 0 0 1 1 R 0
59 1252 18240 784 18293 736 3444 1 0 0 0 0 0 0 0 0 2 1 R 0
60 1277 24315 577 23154 547 9349 1 0 4 0 0 0 0 0 0 2 1 R 0
61 1297 19718 553 19747 522 3532 1 0 0 0 0 0 0 0 0 1 1 R 0
62 1317 19093 571 19123 548 4311 1 0 0 0 0 0 0 0 0 1 1 R 0
63 1341 23422 611 22083 575 4658 1 0 4 0 0 0 0 0 0 1 1 R 0
64 1359 17298 699 17352 651 3196 1 0 0 0 0 0 0 0 0 2 1 R 0
65 1380 20633 1625 19300 1600 3643 1 0 1 0 0 0 0 0 0 1 1 R 0
66 1402 20033 1481 20039 923 3393 1 0 1 0 3 0 0 0 0 2 1 R 0
67 1424 20622 554 20154 525 3871 1 0 0 0 0 0 0 0 0 1 1 R 0
68 1446 21023 549 21053 525 3568 1 0 0 0 0 0 0 0 0 1 1 R 0
69 1464 18083 801 18152 742 3708 1 0 0 0 0 0 0 0 0 2 1 R 0
70 1488 22470 1050 21602 1017 6219 1 0 4 0 0 0 0 0 0 2 1 R 0
71 1508 19905 554 19903 529 3855 1 0 0 0 0 0 0 0 0 1 1 R 0
72 1529 19862 945 19906 905 3829 1 0 0 0 0 0 0 0 0 1 1 R 0
73 1552 22221 545 20542 527 4046 1 0 4 0 0 0 0 0 0 2 1 R 0
74 1570 17569 1736 17632 1685 3411 1 0 0 0 0 0 0 0 0 1 1 R 0
75 1595 23540 581 22549 556 8409 1 0 1 0 0 0 0 0 0 2 1 R 0
76 1619 22508 578 21250 560 4352 1 0 4 0 0 0 0 0 0 1 1 R 0
77 1639 20158 806 20190 771 4139 1 0 0 0 0 0 0 0 0 1 1 R 0
78 1658 17617 680 17672 622 3114 1 0 0 0 0 0 0 0 0 2 1 R 0
79 1677 18424 673 18480 612 4048 1 0 0 0 0 0 0 0 0 2 1 R 0
80 1699 21809 676 20755 654 6823 1 0 4 0 0 0 0 0 0 2 1 R 0
81 1720 20146 1010 20155 989 4055 1 0 0 0 0 0 0 0 0 1 1 R 0
82 1742 20545 732 20607 659 3798 1 0 0 0 0 0 0 0 0 1 1 R 0
83 1764 21724 558 20613 532 3242 1 0 4 0 0 0 0 0 0 1 1 R 0
84 1785 20077 649 18112 623 3143 1 0 1 0 0 0 0 0 0 2 1 R 0
85 1805 19105 1188 19155 1171 3717 1 0 0 0 0 0 0 0 0 2 1 R 0
86 1828 22086 553 20811 530 4209 1 0 4 0 0 0 0 0 0 1 1 R 0
87 1849 20174 556 20197 529 4297 1 0 0 0 0 0 0 0 0 2 1 R 0
88 1867 18289 671 18332 649 3206 1 0 0 0 0 1 0 0 0 2 1 R 0
89 1887 18770 638 18795 596 4565 1 0 0 0 0 0 0 0 0 1 1 R 0
90 1914 26236 562 25036 534 9735 1 0 4 0 0 0 0 0 0 2 1 R 0
91 1934 19552 557 19579 535 3835 1 0 0 0 0 0 0 0 0 1 1 R 0
92 1954 19779 625 19816 587 3866 1 0 0 0 0 0 0 0 0 2 1 R 0
93 1977 22016 1274 20846 1257 3114 1 0 4 0 0 1 0 0 0 1 1 R 0
94 1997 19210 761 18186 705 5029 1 0 1 0 0 0 0 0 0 2 1 R 0
95 2019 20826 565 20849 537 5229 1 0 0 0 0 0 0 0 0 1 1 R 0
96 2040 20839 1274 19704 1273 3972 1 0 4 0 0 0 0 0 0 1 1 R 0
97 2061 19612 621 19622 581 3756 1 0 0 0 0 0 0 0 0 2 1 R 0
98 2079 17035 754 17088 723 3215 1 0 0 0 0 0 0 0 0 1 1 R 0
99 2099 19021 660 19045 611 3882 1 0 0 0 0 0 0 0 0 2 1 R 0
100 2124 24433 560 22905 533 3832 1 0 4 0 0 0 0 0 0 2 1 R 0
101 2144 19870 662 19917 626 3876 1 0 0 0 0 0 0 0 0 1 1 R 0
102 2164 19415 597 19430 573 4262 1 0 0 0 0 0 0 0 0 1 1 R 0
103 2188 22885 550 20853 526 3254 1 0 5 0 0 0 0 0 0 2 1 R 0
104 2206 17834 675 17873 653 3666 1 0 0 0 0 0 0 0 0 1 1 R 0
105 2232 24773 546 24778 529 9135 1 0 0 0 0 0 0 0 0 2 1 R 0
106 2254 22300 556 20426 531 3833 1 0 4 0 0 0 0 0 0 1 1 R 0
107 2273 18397 651 18444 607 3162 1 0 0 0 0 0 0 0 0 2 1 R 0
108 2294 19547 655 19628 576 3686 1 0 0 0 0 0 0 0 0 1 1 R 0
109 2315 21313 766 20189 746 3065 1 0 4 0 0 0 0 0 0 3 1 R 0
110 2336 19252 554 19272 529 4408 1 0 0 0 0 0 0 0 0 1 1 R 0
111 2356 20008 569 20031 538 4717 1 0 0 0 0 0 0 0 0 1 1 R 0
112 2374 17781 688 17833 663 3506 1 0 0 0 0 0 0 0 0 2 1 R 0
113 2398 22708 702 20754 668 6303 1 0 5 0 0 0 0 0 0 2 1 R 0
114 2418 19933 676 19592 663 3226 1 0 1 0 0 0 0 0 0 1 1 R 0
115 2439 19873 643 19886 612 3872 1 0 0 0 0 0 0 0 0 1 1 R 0
116 2462 22466 555 21375 532 3750 1 0 4 0 0 0 0 0 0 1 1 R 0
117 2483 20739 539 20759 512 4598 1 0 0 0 0 0 0 0 0 1 1 R 0
118 2502 18433 654 18474 615 3372 1 0 0 0 0 0 0 0 0 3 1 R 0
119 2525 21859 1117 20549 1098 3269 1 0 4 0 0 0 0 0 0 1 1 R 0
120 2549 23119 577 23141 548 7903 1 0 0 0 0 0 0 0 0 1 1 R 0
121 2569 19051 566 19080 534 3702 1 0 0 0 0 0 0 0 0 2 1 R 0
122 2589 19633 664 18426 620 3314 1 0 1 0 0 0 0 0 0 2 1 R 0
123 2612 22190 709 20736 676 3699 1 0 4 0 0 0 0 0 0 1 1 R 0
124 2632 19852 599 19872 576 3744 1 0 0 0 0 0 0 0 0 1 1 R 0
125 2654 20796 541 20490 519 4118 1 0 1 0 0 0 0 0 0 2 1 R 0
126 2677 22390 725 21384 689 3217 1 0 4 0 0 0 0 0 0 1 1 R 0
127 2695 17433 684 17481 639 3489 1 0 0 0 0 0 0 0 0 2 1 R 0
128 2715 19127 649 19160 627 4398 1 0 0 0 0 0 0 0 0 1 1 R 0
129 2738 22442 576 21046 561 4852 1 0 4 0 0 0 0 0 0 2 1 R 0
130 2758 19515 929 19538 895 4221 1 0 0 0 0 0 0 0 0 1 1 R 0
131 2779 19768 561 19797 527 3897 1 0 0 0 0 0 0 0 0 2 1 R 0
132 2798 19349 719 18400 682 3239 1 0 1 0 0 0 0 0 0 2 1 R 0
133 2822 22919 656 21825 649 3973 1 0 4 0 0 0 0 0 0 2 1 R 0
134 2843 20263 559 20262 530 3949 1 0 0 0 0 0 0 0 0 1 1 R 0
135 2866 22442 581 22470 549 8210 1 0 0 0 0 0 0 0 0 1 1 R 0
136 2888 20923 562 19672 533 5894 1 0 4 0 0 0 0 0 0 1 1 R 0
137 2906 18216 721 18272 671 3620 1 0 0 0 0 0 0 0 0 2 1 R 0
138 2926 18994 704 19060 653 4369 1 0 0 0 0 0 0 0 0 2 1 R 0
139 2949 22378 567 21319 544 4225 1 0 4 0 0 0 0 0 0 1 1 R 0
140 2970 19956 553 19980 528 3963 1 0 0 0 0 0 0 0 0 1 1 R 0
141 2990 19858 1439 18713 1431 3266 1 0 1 0 0 0 0 0 0 1 1 R 0
142 3010 18025 671 18056 620 3176 1 0 0 0 0 0 0 0 0 2 1 R 0
143 3033 23051 708 20929 656 3957 1 0 4 0 0 0 0 0 0 1 1 R 0
144 3054 19569 540 19584 520 4035 1 0 0 0 0 0 0 0 0 1 1 R 0
145 3075 20928 560 20952 526 3870 1 0 0 0 0 0 0 0 0 3 1 R 0
146 3098 22503 568 21223 543 4604 1 0 4 0 0 0 0 0 0 1 1 R 0
147 3118 19541 559 19563 534 3585 1 0 0 0 0 0 0 0 0 0 1 R 0
148 3137 18398 684 18458 636 3688 1 0 0 0 0 0 0 0 0 2 1 R 0
149 3161 23076 531 21818 512 3969 1 0 4 0 0 0 0 0 0 1 1 R 0
150 3184 23015 596 23042 571 7896 1 0 0 0 0 0 0 0 0 3 1 R 0
151 3204 19438 958 18493 950 5005 1 0 1 0 0 0 0 0 0 0 1 R 0
152 3227 21327 683 19887 646 3531 1 0 4 0 0 0 0 0 0 2 1 R 0
153 3248 20256 737 20295 713 4359 1 0 0 0 0 0 0 0 0 1 1 R 0
154 3268 19379 556 19391 530 4255 1 0 0 0 0 0 0 0 0 3 1 R 0
155 3287 19069 551 19094 526 3950 1 0 0 0 0 0 0 0 0 1 1 R 0
156 3309 20780 823 19748 759 5701 1 0 4 0 0 0 0 0 0 2 1 R 0
157 3327 17831 783 17882 756 3197 1 0 0 0 0 0 0 0 0 1 1 R 0
158 3349 20563 713 20581 688 5226 1 0 0 0 0 0 0 0 0 1 1 R 0
159 3372 22086 649 20948 626 4112 1 0 4 0 0 0 0 0 0 1 1 R 0
160 3394 21562 559 19703 541 3595 1 0 1 0 0 0 0 0 0 2 1 R 0
161 3413 18445 758 18484 723 3270 1 0 0 0 0 0 0 0 0 1 1 R 0
162 3437 23081 545 21689 520 3810 1 0 4 0 0 0 0 0 0 2 1 R 0
163 3457 20209 555 20235 530 4388 1 0 0 0 0 0 0 0 0 1 1 R 0
164 3477 19128 567 19150 539 4265 1 0 0 0 0 0 0 0 0 1 1 R 0
165 3500 22657 1184 22687 1162 7394 1 0 0 0 1 0 0 0 0 2 1 R 0
166 3523 21529 675 19783 630 3297 1 0 3 0 0 0 0 0 0 1 1 R 0
167 3542 18758 640 18798 597 3236 1 0 0 0 0 0 0 0 0 3 1 R 0
168 3563 19618 551 19636 534 3802 1 0 0 0 0 0 0 0 0 1 1 R 0
169 3586 22313 570 20510 537 3870 1 0 4 0 0 0 0 0 0 1 1 R 0
170 3606 19888 683 18936 648 3751 1 0 1 0 0 0 0 0 0 2 1 R 0
171 3626 19591 780 19286 749 4512 1 0 1 0 0 0 0 0 0 2 1 R 0
172 3648 21362 770 20300 731 3780 1 0 4 0 0 0 0 0 0 1 1 R 0
173 3669 19815 565 19827 537 3927 1 0 0 0 0 0 0 0 0 2 1 R 0
174 3689 19428 568 19455 532 3804 1 0 0 0 0 0 0 0 0 1 1 R 0
175 3707 17888 665 17940 621 3292 1 0 0 0 0 0 0 0 0 1 1 R 0
176 3729 21137 707 19582 667 6482 1 0 4 0 0 0 0 0 0 2 1 R 0
177 3749 18731 701 18764 668 3286 1 0 0 0 0 0 0 0 0 2 1 R 0
178 3770 20393 900 20412 884 4010 1 0 0 0 0 0 0 0 0 1 1 R 0
179 3794 23769 519 21348 496 3924 1 0 5 0 0 0 0 0 0 1 1 R 0
180 3817 21842 685 21919 619 6563 1 0 0 0 0 0 0 0 0 2 1 R 0
181 3836 18198 811 18240 777 3686 1 0 0 0 0 1 0 0 0 1 1 R 0
182 3860 23664 937 22078 914 4336 1 0 4 0 0 0 0 0 0 2 1 R 0
183 3880 18717 956 18742 934 3990 1 0 0 0 0 0 0 0 0 1 1 R 0
184 3900 19314 1081 19349 1040 3511 1 0 0 0 0 0 0 0 0 2 1 R 0
185 3918 16983 1273 17041 1230 3326 1 0 0 0 0 0 0 0 0 2 1 R 0
186 3943 23479 685 21943 664 3081 1 0 4 0 0 1 0 0 0 2 1 R 0
187 3965 20960 562 20966 543 3934 1 0 0 0 0 0 0 0 0 1 1 R 0
188 3984 19200 567 19220 547 4286 1 0 0 0 0 0 0 0 0 1 1 R 0
189 4009 23715 577 21320 556 3502 1 0 4 0 0 0 0 0 0 2 1 R 0
190 4027 18031 701 18093 645 3175 1 0 0 0 0 0 0 0 0 1 1 R 0
191 4047 18602 718 18717 601 4318 1 0 0 0 0 0 0 0 0 2 1 R 0
192 4070 23028 978 21501 961 5060 1 0 4 0 0 0 0 0 0 2 1 R 0
193 4091 20166 705 20223 633 3854 1 0 0 0 0 0 0 0 0 1 1 R 0
194 4112 19410 543 19436 521 3783 1 0 0 0 0 0 0 0 0 1 1 R 0
195 4137 25282 1360 23654 1352 6200 1 0 4 0 0 1 0 0 0 2 1 R 0
196 4157 18608 674 18650 639 3307 1 0 0 0 0 0 0 0 0 1 1 R 0
197 4178 20093 545 20094 521 4065 1 0 0 0 0 0 0 0 0 2 1 R 0
198 4200 21586 1330 20670 1312 3751 1 0 1 0 1 0 0 0 0 1 1 R 0
199 4224 22117 595 20393 550 3407 1 0 3 0 0 0 0 0 0 2 1 R 0
200 4243 18241 813 18281 777 3154 1 0 0 0 0 0 0 0 0 1 1 R 0
201 4263 19525 857 19571 840 3174 1 0 0 0 0 0 0 0 0 2 1 R 0
202 4285 21730 568 20073 539 3810 1 0 4 0 0 0 0 0 0 1 1 R 0
203 4306 20149 560 20177 524 4516 1 0 0 0 0 0 0 0 0 1 1 R 0
204 4326 19193 804 19285 730 3634 1 0 0 0 0 0 0 0 0 2 1 R 0
205 4348 21025 552 19546 529 3468 1 0 4 0 0 0 0 0 0 2 1 R 0
206 4367 18925 720 18999 652 3577 1 0 0 0 0 0 0 0 0 1 1 R 0
207 4388 19771 571 19793 541 4426 1 0 0 0 0 0 0 0 0 1 1 R 0
208 4410 21910 1385 20655 1361 4240 1 0 1 0 1 0 0 0 0 2 1 R 0
209 4433 21582 711 19722 640 3396 1 0 3 0 0 0 0 0 0 1 1 R 0
210 4456 22516 563 22539 530 6904 1 0 0 0 0 0 0 0 0 2 1 R 0
211 4476 19103 815 19197 736 3975 1 0 0 0 0 0 0 0 0 2 1 R 0
212 4498 21542 811 20556 784 6374 1 0 4 0 0 0 0 0 0 1 1 R 0
213 4520 20285 634 20389 527 4172 1 0 0 0 0 0 0 0 0 2 1 R 0
214 4538 17560 687 17607 976 3155 1 0 0 0 0 0 0 0 0 1 1 R 0
215 4560 21700 1672 20285 1680 3633 1 0 4 0 0 0 0 0 0 2 1 R 0
216 4582 20292 586 20258 568 3815 1 0 0 0 0 0 0 0 0 1 1 R 0
217 4604 21036 685 19930 649 3864 1 0 1 0 0 0 0 0 0 1 1 R 0
218 4626 21693 534 20862 517 3756 1 0 4 0 0 0 0 0 0 2 1 R 0
219 4644 17715 696 17759 651 3599 1 0 0 0 0 0 0 0 0 1 1 R 0
220 4665 20429 859 19973 804 5155 1 0 1 0 0 0 0 0 0 2 1 R 0
221 4690 23643 1533 23677 1491 5545 1 0 0 0 1 0 0 0 0 3 1 R 0
222 4716 24270 656 22550 628 4049 1 0 3 0 0 0 0 0 0 2 1 R 0
223 4734 17812 664 17835 629 3636 1 0 0 0 0 0 0 0 0 2 1 R 0
224 4753 18377 733 18414 686 3909 1 0 0 0 0 0 0 0 0 2 1 R 0
225 4779 25413 609 24379 532 9273 1 0 4 0 0 0 0 0 0 2 1 R 0
226 4801 21316 543 20497 524 3815 1 0 1 0 0 0 0 0 0 1 1 R 0
227 4822 20242 536 20260 514 3835 1 0 0 0 0 0 0 0 0 2 1 R 0
228 4844 21007 742 19930 707 3105 1 0 4 0 0 0 0 0 0 1 1 R 0
229 4863 18971 635 18997 622 3111 1 0 0 0 0 0 0 0 0 2 1 R 0
230 4883 19133 658 19164 609 3810 1 0 0 0 0 0 0 0 0 2 1 R 0
231 4906 22444 547 21457 516 4054 1 0 4 0 0 0 0 0 0 1 1 R 0
232 4927 19747 545 19777 518 3788 1 0 0 0 0 0 0 0 0 1 1 R 0
233 4945 17625 687 17672 656 3800 1 0 0 0 0 0 0 0 0 2 1 R 0
234 4966 20562 556 20577 527 4762 1 0 0 0 0 0 0 0 0 1 1 R 0
235 4988 21270 568 20057 539 6522 1 0 4 0 0 0 0 0 0 2 1 R 0
236 5010 21216 609 19172 570 3799 1 0 1 0 0 0 0 0 0 0 1 R 0
237 5030 19581 1147 19661 1076 3764 1 0 0 0 0 0 0 0 0 2 1 R 0
238 5052 21206 629 20133 590 3224 1 0 4 0 0 0 0 0 0 2 1 R 0
239 5070 17554 1694 18423 864 3309 1 0 0 0 0 0 0 0 0 1 1 R 0
240 5095 23245 561 23235 529 8055 1 0 0 0 0 0 0 0 0 2 1 R 0
241 5118 22226 555 21169 527 4416 1 0 4 0 0 0 0 0 0 1 1 R 0
242 5137 18499 685 18542 640 3663 1 0 0 0 0 0 0 0 0 1 1 R 0
243 5156 18603 657 18651 602 3524 1 0 0 0 0 0 0 0 0 2 1 R 0
244 5176 18668 667 18729 617 4172 1 0 0 0 0 0 0 0 0 2 1 R 0
245 5199 23020 571 21905 545 7301 1 0 4 0 0 0 0 0 0 1 1 R 0
246 5222 21583 635 20608 612 3992 1 0 1 0 0 0 0 0 0 1 1 R 0
247 5240 17893 1359 17943 1325 3357 1 0 0 0 0 0 0 0 0 2 1 R 0
248 5263 21889 595 20831 526 3242 1 0 4 0 0 0 0 0 0 2 1 R 0
249 5283 19166 650 19205 622 3162 1 0 0 0 0 0 0 0 0 2 1 R 0
250 5304 19848 559 19863 536 3991 1 0 0 0 0 0 0 0 0 1 1 R 0
251 5327 22638 549 21838 524 3857 1 0 4 0 0 0 0 0 0 1 1 R 0
252 5346 18190 753 18223 747 3626 1 0 0 0 0 0 0 0 0 2 1 R 0
253 5367 20849 598 20863 551 5092 1 0 0 0 0 0 0 0 0 1 1 R 0
254 5387 19130 565 19161 537 4112 1 0 0 0 0 0 0 0 0 2 1 R 0
255 5414 26377 575 24099 550 12153 1 0 5 0 0 0 0 0 0 1 1 R 0
256 5434 19704 562 19723 540 3827 1 0 0 0 0 0 0 0 0 1 1 R 0
257 5453 18288 715 18326 701 3402 1 0 0 0 0 0 0 0 0 2 1 R 0
258 5477 22969 628 21904 526 3421 1 0 4 0 0 0 0 0 0 1 1 R 0
259 5497 19643 910 19714 837 3797 1 0 0 0 0 0 0 0 0 2 1 R 0
260 5517 19032 569 19060 549 4231 1 0 0 0 0 0 0 0 0 1 1 R 0
261 5540 22686 927 20899 907 4530 1 0 4 0 0 0 0 0 0 1 1 R 0
262 5558 17415 652 17454 615 3353 1 0 0 0 0 0 0 0 0 2 1 R 0
263 5578 18962 768 19007 723 4148 1 0 0 0 0 0 0 0 0 1 1 R 0
264 5600 21045 1145 21065 1120 3915 1 0 0 0 2 0 0 0 0 2 1 R 0
265 5624 23403 699 20246 667 6416 1 0 4 0 0 0 0 0 0 1 1 R 0
266 5645 20013 621 20040 602 4022 1 0 0 0 0 0 0 0 0 2 1 R 0
267 5665 19015 849 19057 804 3794 1 0 0 0 0 0 0 0 0 1 1 R 0
268 5687 21182 880 20121 843 5091 1 0 4 0 0 0 0 0 0 2 1 R 0
269 5707 19791 566 19809 540 4373 1 0 0 0 0 0 0 0 0 1 1 R 0
270 5731 23363 849 23406 808 8006 1 0 0 0 0 0 0 0 0 1 1 R 0
271 5754 21800 696 20609 673 3691 1 0 4 0 0 0 0 0 0 2 1 R 0
272 5773 18712 656 18751 623 3122 1 0 0 0 0 0 0 0 0 1 1 R 0
273 5793 18712 644 18741 645 3382 1 0 0 0 0 0 0 0 0 2 1 R 0
274 5818 24082 566 21864 540 3729 1 0 5 0 0 1 0 0 0 1 1 R 0
275 5838 19482 573 19513 539 4644 1 0 0 0 0 0 0 0 0 1 1 R 0
276 5857 18956 724 18470 703 3502 1 0 1 0 0 0 0 0 0 2 1 R 0
277 5878 19835 803 19890 732 5224 1 0 0 0 0 0 0 0 0 2 1 R 0
278 5899 20972 754 20116 677 5265 1 0 4 0 0 0 0 0 0 2 1 R 0
279 5920 19498 599 19533 566 4111 1 0 0 0 0 0 0 0 0 1 1 R 0
280 5940 19737 1040 19753 1027 3793 1 0 0 0 0 0 0 0 0 1 1 R 0
281 5963 21706 854 20553 811 3121 1 0 4 0 0 0 0 0 0 2 1 R 0
282 5983 19674 549 19691 521 3835 1 0 0 0 0 0 0 0 0 1 1 R 0
283 6003 19294 785 19330 763 3384 1 0 0 0 0 0 0 0 0 1 1 R 0
284 6027 23314 555 21280 527 5645 1 0 5 0 0 0 0 0 0 1 1 R 0
285 6051 23553 538 23571 518 7612 1 0 0 0 0 0 0 0 0 2 1 R 0
286 6069 17316 701 17376 671 3350 1 0 0 0 0 0 0 0 0 1 1 R 0
287 6089 19061 665 19070 645 3582 1 0 0 0 0 0 0 0 0 2 1 R 0
288 6114 24103 613 22677 572 4049 1 0 4 0 0 0 0 0 0 1 1 R 0
289 6134 20024 552 20052 526 3828 1 0 0 0 0 0 0 0 0 1 1 R 0
290 6154 19183 545 19202 527 3481 1 0 0 0 0 0 0 0 0 3 1 R 0
291 6176 21066 784 20107 749 3145 1 0 4 0 0 0 0 0 0 0 1 R 0
292 6195 18582 844 18733 682 3707 1 0 0 0 0 0 0 0 0 2 1 R 0
293 6218 21656 568 20538 539 4942 1 0 1 0 0 0 0 0 0 1 1 R 0
294 6240 21757 1271 20628 1209 4402 1 0 4 0 0 0 0 0 0 3 1 R 0
295 6261 19794 584 19811 559 3913 1 0 0 0 0 0 0 0 0 1 1 R 0
296 6279 17815 752 17871 694 3341 1 0 0 0 0 0 0 0 0 2 1 R 0
297 6299 18390 1455 18435 1437 3316 1 0 0 0 0 1 0 0 0 1 1 R 0
298 6324 23780 820 21264 764 6228 1 0 4 0 0 0 0 0 0 1 1 R 0
299 6344 19392 571 19404 550 3909 1 0 0 0 0 0 0 0 0 1 1 R 0
300 6368 22978 562 23000 536 7252 1 0 0 0 0 0 0 0 0 2 1 R 0
301 6388 20180 925 19355 870 5643 1 0 4 0 0 0 0 0 0 1 1 R 0
302 6408 18460 681 18503 657 3256 1 0 0 0 0 0 0 0 0 2 1 R 0
303 6430 21587 993 19244 974 3237 1 0 1 0 0 0 0 0 0 2 1 R 0
304 6453 22155 563 20236 535 3796 1 0 4 0 0 0 0 0 0 0 1 R 0
305 6472 18646 632 18687 587 3134 1 0 0 0 0 0 0 0 0 3 1 R 0
306 6492 19014 684 19074 631 3476 1 0 0 0 0 0 0 0 0 1 1 R 0
307 6512 19569 3027 19601 1499 3549 1 0 3 0 1 0 0 0 0 2 1 R 0
308 6535 19985 571 19690 547 4372 1 0 0 0 0 0 0 0 0 1 1 R 0
309 6556 20658 570 20683 545 4603 1 0 0 0 0 0 0 0 0 1 1 R 0
310 6575 18097 675 18149 629 3766 1 0 0 0 0 0 0 0 0 2 1 R 0
311 6596 20467 690 19365 643 5570 1 0 4 0 0 0 0 0 0 2 1 R 0
312 6618 21477 891 20220 836 3662 1 0 1 0 0 0 0 0 0 1 1 R 0
313 6639 19811 618 19830 589 4023 1 0 0 0 0 0 0 0 0 2 1 R 0
314 6665 24750 707 21487 680 3805 1 0 5 0 0 1 0 0 0 2 1 R 0
315 6687 21425 870 21469 838 6757 1 0 0 0 0 0 0 0 0 1 1 R 0
316 6707 19922 646 19950 610 3628 1 0 0 0 0 0 0 0 0 2 1 R 0
317 6730 21997 1020 20612 996 4295 1 0 4 0 0 0 0 0 0 1 1 R 0
318 6752 20792 753 20841 708 3785 1 0 0 0 0 0 0 0 0 0 1 R 0
319 6772 19218 537 19223 518 3882 1 0 0 0 0 0 0 0 0 3 1 R 0
320 6790 17789 3659 17841 1951 3185 1 0 0 0 4 0 0 0 0 1 1 R 0
321 6813 19054 2104 19088 990 3075 1 0 0 0 1 0 0 0 0 1 1 R 0
322 6835 20234 562 20218 535 4342 1 0 0 0 0 0 0 0 0 2 1 R 0
323 6856 20201 610 20230 572 4611 1 0 0 0 0 0 0 0 0 1 1 R 0
324 6878 21291 611 20348 597 6209 1 0 4 0 0 0 0 0 0 2 1 R 0
325 6896 17742 652 17775 614 3691 1 0 0 0 0 0 0 0 0 1 1 R 0
326 6917 19656 673 19697 658 4811 1 0 0 0 0 0 0 0 0 2 1 R 0
327 6940 22945 1006 21093 989 5109 1 0 4 0 0 0 0 0 0 1 1 R 0
328 6960 18737 1187 18763 1171 3817 1 0 0 0 0 0 0 0 0 2 1 R 0
329 6979 18337 780 18359 743 3629 1 0 0 0 0 0 0 0 0 1 1 R 0
330 7005 24492 620 23434 598 6320 1 0 4 0 0 0 0 0 0 2 1 R 0
331 7026 21092 778 20207 690 3673 1 0 1 0 0 0 0 0 0 2 1 R 0
332 7046 19140 626 19170 606 4203 1 0 0 0 0 0 0 0 0 1 1 R 0
333 7066 19075 619 19084 597 4291 1 0 0 0 0 0 0 0 0 1 1 R 0
334 7087 20395 722 19212 667 5701 1 0 4 0 0 0 0 0 0 0 1 R 0
335 7106 18422 654 18459 626 3528 1 0 0 0 0 0 0 0 0 2 1 R 0
336 7126 18718 796 18747 750 4385 1 0 0 0 0 0 0 0 0 2 1 R 0
337 7149 22644 556 21525 533 4902 1 0 4 0 0 0 0 0 0 1 1 R 0
338 7169 19210 566 19240 535 3994 1 0 0 0 0 0 0 0 0 1 1 R 0
339 7187 17957 682 18008 624 3307 1 0 0 0 0 0 0 0 0 2 1 R 0
340 7207 18859 659 18918 608 4043 1 0 0 0 0 0 0 0 0 2 1 R 0
341 7231 23400 546 21110 526 7916 1 0 5 0 0 0 0 0 0 1 1 R 0
342 7252 20136 533 20159 513 3923 1 0 0 0 0 0 0 0 0 2 1 R 0
343 7272 19935 539 19955 516 4131 1 0 0 0 0 0 0 0 0 1 1 R 0
344 7295 22557 643 21439 600 3093 1 0 4 0 0 0 0 0 0 2 1 R 0
345 7317 21091 724 21138 669 6528 1 0 0 0 0 0 0 0 0 2 1 R 0
346 7337 18992 752 19079 679 3859 1 0 0 0 0 0 0 0 0 1 1 R 0
347 7360 22290 572 20605 545 4279 1 0 4 0 0 0 0 0 0 2 1 R 0
348 7381 20578 646 20620 610 3807 1 0 0 0 0 0 0 0 0 1 1 R 0
349 7399 17448 878 17509 816 3211 1 0 0 0 0 0 0 0 0 1 1 R 0
350 7422 22214 2471 20753 1202 4231 1 0 2 0 3 0 0 0 0 2 1 R 0
351 7448 23675 579 22597 547 7701 1 0 1 0 0 0 0 0 0 2 1 R 0
352 7468 19355 797 19382 767 3797 1 0 0 0 0 0 0 0 0 1 1 R 0
353 7489 20137 888 20188 842 4053 1 0 0 0 0 0 0 0 0 1 1 R 0
354 7512 21876 783 20211 760 3831 1 0 4 0 0 0 0 0 0 2 1 R 0
355 7530 17106 1276 17150 1248 3204 1 0 0 0 0 0 0 0 0 2 1 R 0
356 7552 20876 543 20876 522 4524 1 0 0 0 0 0 0 0 0 1 1 R 0
357 7575 22769 558 21129 533 4119 1 0 4 0 0 0 0 0 0 1 1 R 0
358 7595 18777 742 18805 735 4066 1 0 0 0 0 0 0 0 0 2 1 R 0
359 7615 20234 701 19738 637 3119 1 0 1 0 0 0 0 0 0 1 1 R 0
360 7643 26921 607 24482 581 6761 1 0 5 0 0 0 0 0 0 3 1 R 0
361 7663 19405 557 19433 530 3593 1 0 0 0 0 0 0 0 0 1 1 R 0
362 7684 20213 559 20242 526 3778 1 0 0 0 0 0 0 0 0 1 1 R 0
363 7706 21731 528 20588 509 3389 1 0 4 0 0 0 0 0 0 2 1 R 0
364 7725 18004 688 18052 634 3610 1 0 0 0 0 0 0 0 0 1 1 R 0
365 7746 20584 553 20610 529 4892 1 0 0 0 0 0 0 0 0 2 1 R 0
366 7766 19134 542 19164 516 4292 1 0 0 0 0 0 0 0 0 1 1 R 0
367 7789 22695 563 21575 531 6663 1 0 4 0 0 1 0 0 0 1 1 R 0
368 7808 18239 796 18294 768 3354 1 0 0 0 0 0 0 0 0 2 1 R 0
369 7829 20468 802 19533 740 3483 1 0 1 0 0 0 0 0 0 2 1 R 0
370 7854 24657 933 23015 901 3263 1 0 4 0 0 0 0 0 0 2 1 R 0
371 7875 19465 567 19477 540 4390 1 0 0 0 0 0 0 0 0 2 1 R 0
372 7895 19277 552 19303 523 3845 1 0 0 0 0 0 0 0 0 1 1 R 0
373 7917 21415 742 20153 720 3152 1 0 4 0 0 0 0 0 0 1 1 R 0
374 7935 18014 720 18089 658 3927 1 0 0 0 0 0 0 0 0 2 1 R 0
375 7960 24142 880 24158 854 9215 1 0 0 0 0 0 0 0 0 2 1 R 0
376 7980 19162 3259 19188 2113 3800 1 0 1 0 3 0 0 0 0 1 1 R 0
377 8003 19900 545 19900 520 4084 1 0 0 0 0 0 0 0 0 1 1 R 0
378 8024 19854 622 18280 615 3178 1 0 1 0 0 0 0 0 0 2 1 R 0
379 8044 19087 703 19095 682 3102 1 0 0 0 0 0 0 0 0 1 1 R 0
380 8067 22427 558 21244 529 3781 1 0 4 0 0 0 0 0 0 3 1 R 0
381 8087 19469 561 19492 534 4510 1 0 0 0 0 0 0 0 0 1 1 R 0
382 8108 20414 551 20441 525 4072 1 0 0 0 0 0 0 0 0 0 1 R 0
383 8129 20444 707 19293 657 3501 1 0 4 0 0 0 0 0 0 2 1 R 0
384 8148 18303 753 18329 715 3217 1 0 0 0 0 0 0 0 0 2 1 R 0
385 8169 20921 865 20973 817 4242 1 0 0 0 0 0 0 0 0 2 1 R 0
386 8190 19471 556 19497 523 3770 1 0 0 0 0 0 0 0 0 1 1 R 0
387 8212 22132 554 20527 526 3403 1 0 4 0 0 0 0 0 0 1 1 R 0
388 8233 20474 665 19527 631 3236 1 0 1 0 0 0 0 0 0 2 1 R 0
389 8254 19991 939 20015 914 3342 1 0 0 0 0 0 0 0 0 2 1 R 0
390 8279 24191 949 23233 898 11282 1 0 4 0 0 0 0 0 0 1 1 R 0
391 8300 19750 993 19777 975 3948 1 0 0 0 0 0 0 0 0 1 1 R 0
392 8318 17543 670 17572 634 3608 1 0 0 0 0 0 0 0 0 2 1 R 0
393 8343 23781 543 22718 515 3125 1 0 4 0 0 0 0 0 0 2 1 R 0
394 8363 19219 546 19247 523 3345 1 0 0 0 0 0 0 0 0 1 1 R 0
395 8383 19966 549 19992 521 3845 1 0 0 0 0 0 0 0 0 1 1 R 0
396 8406 22058 534 21001 516 4024 1 0 4 0 0 0 0 0 0 1 1 R 0
397 8426 20121 677 18845 659 3581 1 0 1 0 0 0 0 0 0 2 1 R 0
398 8445 18173 759 18222 728 3680 1 0 0 0 0 0 0 0 0 2 1 R 0
399 8467 20606 862 20625 824 4789 1 0 0 0 0 0 0 0 0 1 1 R 0
400 8490 22234 1619 21034 1603 6829 1 0 4 0 0 1 0 0 0 1 1 R 0
401 8514 22660 805 22665 780 3559 1 0 0 0 0 0 0 0 0 2 1 R 0
402 8535 19995 557 20017 529 4434 1 0 0 0 0 0 0 0 0 1 1 R 0
403 8557 21851 695 20729 651 6349 1 0 4 0 0 0 0 0 0 2 1 R 0
404 8577 19343 571 19363 548 4332 1 0 0 0 0 0 0 0 0 1 1 R 0
405 8601 23418 600 23435 582 8337 1 0 0 0 0 0 0 0 0 1 1 R 0
406 8624 21898 545 20894 519 3446 1 0 4 0 0 0 0 0 0 3 1 R 0
407 8645 20615 1379 19095 1312 3534 1 0 1 0 0 0 0 0 0 2 1 R 0
408 8666 19443 789 19036 756 4381 1 0 1 0 0 0 0 0 0 1 1 R 0
409 8689 22835 549 21569 520 4494 1 0 4 0 0 0 0 0 0 1 1 R 0
410 8709 19409 568 19442 535 3785 1 0 0 0 0 0 0 0 0 1 1 R 0
411 8728 18300 712 18370 639 3439 1 0 0 0 0 0 0 0 0 1 1 R 0
412 8748 18604 771 18669 717 3361 1 0 0 0 0 0 0 0 0 2 1 R 0
413 8770 21578 1067 20135 964 6673 1 0 4 0 0 0 0 0 0 2 1 R 0
414 8790 19334 910 19359 889 3777 1 0 0 0 0 0 0 0 0 1 1 R 0
415 8810 18856 1090 18976 971 3901 1 0 0 0 0 0 0 0 0 1 1 R 0
416 8835 23571 549 20964 527 3200 1 0 5 0 0 0 0 0 0 3 1 R 0
417 8853 18134 632 18168 596 3807 1 0 0 0 0 0 0 0 0 2 1 R 0
418 8873 19282 646 19322 628 3149 1 0 0 0 0 0 0 0 0 1 1 R 0
419 8897 22918 540 21793 518 3371 1 0 4 0 0 0 0 0 0 1 1 R 0
420 8919 21855 562 21882 534 7342 1 0 0 0 0 0 0 0 0 1 1 R 0
421 8938 17989 1013 18037 991 3308 1 0 0 0 0 0 0 0 0 2 1 R 0
422 8958 18716 782 18732 737 3182 1 0 0 0 0 0 0 0 0 2 1 R 0
423 8982 23422 577 21943 555 5344 1 0 4 0 0 0 0 0 0 1 1 R 0
424 9002 19147 546 19172 522 3800 1 0 0 0 0 0 0 0 0 1 1 R 0
425 9023 20452 538 20476 517 4054 1 0 0 0 0 0 0 0 0 2 1 R 0
426 9046 23030 550 21079 516 3152 1 0 5 0 0 0 0 0 0 1 1 R 0
427 9065 18218 703 18279 660 3707 1 0 0 0 0 0 0 0 0 2 1 R 0
428 9085 19587 1080 19650 1027 4315 1 0 0 0 0 0 0 0 0 1 1 R 0
429 9113 26439 772 24528 716 4491 1 0 4 0 0 0 0 0 0 3 1 R 0
430 9143 29213 404 20124 381 3259 1 0 5 0 0 0 0 0 0 1 1 S 1
431 9187 43903 620 19791 590 28867 1 2 5 0 0 0 0 0 0 2 1 R 0
432 9207 18990 555 19019 528 4241 1 0 0 0 0 0 0 0 0 1 1 R 0
433 9227 19642 594 19666 568 3886 1 0 0 0 0 0 0 0 0 2 1 R 0
434 9251 23804 535 21460 511 3803 1 0 5 0 0 0 0 0 0 1 1 R 0
435 9274 22045 570 22076 541 7386 1 0 0 0 0 0 0 0 0 1 1 R 0
436 9294 19898 560 19924 541 3829 1 0 0 0 0 0 0 0 0 1 1 R 0
437 9317 22496 538 21554 509 3847 1 0 4 0 0 0 0 0 0 1 1 R 0
438 9337 19420 551 19450 513 4250 1 0 0 0 0 0 0 0 0 3 1 R 0
439 9357 19042 728 19108 676 4037 1 0 0 0 0 0 0 0 0 0 1 R 0
440 9375 17924 676 17962 648 3585 1 0 0 0 0 0 0 0 0 2 1 R 0
441 9398 22005 578 20774 556 6456 1 0 4 0 0 1 0 0 0 1 1 R 0
442 9419 19969 574 19990 548 3771 1 0 0 0 0 0 0 0 0 1 1 R 0
443 9440 20622 1054 19647 975 3780 1 0 1 0 0 0 0 0 0 2 1 R 0
444 9463 21668 831 20708 813 3282 1 0 4 0 0 0 0 0 0 1 1 R 0
445 9482 18851 626 18866 593 3144 1 0 0 0 0 0 0 0 0 3 1 R 0
446 9503 20253 560 20278 532 4018 1 0 0 0 0 0 0 0 0 1 1 R 0
447 9526 22133 625 21345 601 3855 1 0 4 0 0 0 0 0 0 1 1 R 0
448 9548 21939 722 21995 670 5185 1 0 0 0 0 0 0 0 0 2 1 R 0
449 9567 18114 793 18176 733 3551 1 0 0 0 0 0 0 0 0 2 1 R 0
450 9596 27632 545 26319 523 8638 1 0 4 0 0 0 0 0 0 1 1 R 0
451 9617 20879 569 20405 538 4310 1 0 1 0 0 0 0 0 0 1 1 R 0
452 9639 21070 553 19613 532 4022 1 0 1 0 0 0 0 0 0 2 1 R 0
453 9657 17847 700 17900 651 3142 1 0 0 0 0 0 0 0 0 1 1 R 0
454 9679 21004 688 19672 656 6414 1 0 4 0 0 0 0 0 0 2 1 R 0
455 9701 21716 538 21199 515 3847 1 0 1 0 0 0 0 0 0 1 1 R 0
456 9721 19653 974 19706 930 4067 1 0 0 0 0 0 0 0 0 2 1 R 0
457 9745 22391 562 21380 529 3929 1 0 4 0 0 0 0 0 0 1 1 R 0
458 9764 18209 694 18246 665 3167 1 0 0 0 0 0 0 0 0 2 1 R 0
459 9783 18960 728 19014 685 3960 1 0 0 0 0 0 0 0 0 2 1 R 0
460 9807 22619 549 21423 531 4678 1 0 4 0 0 0 0 0 0 1 1 R 0
461 9827 20193 562 20219 533 4376 1 0 0 0 0 1 0 0 0 1 1 R 0
462 9848 19701 778 18763 750 5364 1 0 1 0 0 0 0 0 0 2 1 R 0
463 9866 17933 765 17983 712 3189 1 0 0 0 0 0 0 0 0 1 1 R 0
464 9888 21351 936 20649 659 6743 1 0 4 0 0 0 0 0 0 2 1 R 0
465 9913 23589 552 23599 528 7586 1 0 0 0 0 0 0 0 0 1 1 R 0
466 9933 19143 589 19165 561 3787 1 0 0 0 0 0 0 0 0 1 1 R 0
467 9956 22244 704 21130 671 3263 1 0 4 0 0 0 0 0 0 2 1 R 0
468 9974 17455 773 17523 705 3615 1 0 0 0 0 0 0 0 0 2 1 R 0
469 9994 19585 644 19613 624 4861 1 0 0 0 0 0 0 0 0 2 1 R 0
470 10017 22819 548 21799 523 4401 1 0 4 0 0 0 0 0 0 1 1 R 0
471 10039 21060 559 19974 534 4487 1 0 1 0 0 0 0 0 0 1 1 R 0
472 10058 18329 687 18378 640 3338 1 0 0 0 0 0 0 0 0 2 1 R 0
473 10077 18755 694 18801 677 3179 1 0 0 0 0 0 0 0 0 1 1 R 0
474 10099 21316 669 20046 636 6612 1 0 4 0 0 0 0 0 0 1 1 R 0
475 10122 21410 727 21412 711 4230 1 0 0 0 0 0 0 0 0 2 1 R 0
476 10142 19288 530 19304 503 3744 1 0 0 0 0 0 0 0 0 2 1 R 0
477 10165 22916 539 21770 518 3204 1 0 4 0 0 0 0 0 0 2 1 R 0
478 10184 18166 670 18195 637 3614 1 0 0 0 0 0 0 0 0 1 1 R 0
479 10204 19844 548 19867 524 3705 1 0 0 0 0 0 0 0 0 2 1 R 0
480 10230 25084 975 23823 962 8184 1 0 4 0 0 0 0 0 0 1 1 R 0
481 10252 21276 645 20322 595 4761 1 0 1 0 0 0 0 0 0 1 1 R 0
482 10270 17068 1301 17136 1261 3339 1 0 0 0 0 0 0 0 0 2 1 R 0
483 10289 18116 733 18132 687 3487 1 0 0 0 0 0 0 0 0 1 1 R 0
484 10314 23584 544 21658 522 3462 1 0 4 0 0 0 0 0 0 2 1 R 0
485 10334 19419 548 19441 525 3681 1 0 0 0 0 0 0 0 0 1 1 R 0
486 10353 19395 635 19430 611 3559 1 0 0 0 0 0 0 0 0 1 1 R 0
487 10376 21870 559 20959 538 3098 1 0 4 0 0 0 0 0 0 3 1 R 0
488 10394 17675 702 17709 667 3619 1 0 0 0 0 0 0 0 0 0 1 R 0
489 10416 21162 546 21183 517 5430 1 0 0 0 0 0 0 0 0 3 1 R 0
490 10440 23004 550 21087 526 4529 1 0 5 0 0 0 0 0 0 1 1 R 0
491 10462 21928 785 21967 764 4323 1 0 0 0 0 0 0 0 0 2 1 R 0
492 10480 16828 1804 16884 1754 3150 1 0 0 0 0 0 0 0 0 1 1 R 0
493 10504 22839 1085 21652 1039 5253 1 0 4 0 0 0 0 0 0 2 1 R 0
494 10525 19531 550 19540 524 4222 1 0 0 0 0 0 0 0 0 1 1 R 0
495 10548 22946 559 22977 526 8188 1 0 0 0 0 0 0 0 0 1 1 R 0
496 10567 17866 697 17915 673 3207 1 0 0 0 0 0 0 0 0 2 1 R 0
497 10588 20265 1002 19361 964 6207 1 0 4 0 0 0 0 0 0 2 1 R 0
498 10608 18922 751 19002 657 3682 1 0 0 0 0 0 0 0 0 2 1 R 0
499 10630 21045 562 21073 536 4102 1 0 0 0 0 0 0 0 0 1 1 R 0
500 10655 24418 843 21213 837 3792 1 0 6 0 0 0 0 0 0 1 1 R 0
501 10674 18392 671 18409 634 3124 1 0 0 0 0 0 0 0 0 1 1 R 0
502 10693 18796 1402 18829 1400 3113 1 0 0 0 0 1 0 0 0 2 1 R 0
503 10717 22542 535 21453 513 3750 1 0 4 0 0 0 0 0 0 1 1 R 0
504 10737 19265 573 19290 548 4504 1 0 0 0 0 0 0 0 0 1 1 R 0
505 10758 20156 552 20179 525 4301 1 0 0 0 0 0 0 0 0 3 1 R 0
506 10776 18017 779 18059 742 3621 1 0 0 0 0 0 0 0 0 1 1 R 0
507 10798 21285 698 20141 647 6114 1 0 4 0 0 0 0 0 0 2 1 R 0
508 10817 18111 751 18209 678 3329 1 0 0 0 0 0 0 0 0 1 1 R 0
509 10839 20761 2163 20799 1173 5627 1 0 1 0 0 0 0 0 0 2 1 R 0
510 10866 24982 556 23478 521 7072 1 0 4 0 0 0 0 0 0 2 1 R 0
511 10885 18588 675 18646 650 4104 1 0 0 0 0 0 0 0 0 1 1 R 0
512 10905 19323 1041 18796 1004 4657 1 0 1 0 0 0 0 0 0 2 1 R 0
513 10928 22261 552 21090 525 4016 1 0 4 0 0 0 0 0 0 1 1 R 0
514 10948 19576 557 19605 529 3806 1 0 0 0 0 0 0 0 0 2 1 R 0
515 10968 19295 785 19388 694 3449 1 0 0 0 0 0 0 0 0 1 1 R 0
516 10987 17546 670 17592 646 3344 1 0 0 0 0 0 0 0 0 2 1 R 0
517 11010 22401 1480 20988 1427 6478 1 0 4 0 0 0 0 0 0 1 1 R 0
518 11029 18144 709 18185 664 3480 1 0 0 0 0 0 0 0 0 2 1 R 0
519 11052 22284 754 20471 742 3894 1 0 1 0 0 0 0 0 0 1 1 R 0
520 11075 22414 548 21370 529 3943 1 0 4 0 0 0 0 0 0 1 1 R 0
521 11097 20574 545 20594 521 4458 1 0 0 0 0 0 0 0 0 2 1 R 0
522 11115 17766 655 17809 643 3686 1 0 0 0 0 0 0 0 0 1 1 R 0
523 11138 22357 568 20970 540 5244 1 0 4 0 0 0 0 0 0 2 1 R 0
524 11158 19594 565 19621 534 3861 1 0 0 0 0 0 0 0 0 1 1 R 0
525 11181 22761 653 22808 607 6853 1 0 0 0 0 0 0 0 0 2 1 R 0
526 11199 17135 635 17179 595 3128 1 0 0 0 0 0 0 0 0 1 1 R 0
527 11223 23247 558 22270 536 3315 1 0 4 0 0 0 0 0 0 2 1 R 0
528 11245 21042 542 20192 517 3807 1 0 1 0 0 0 0 0 0 1 1 R 0
529 11265 19855 844 19929 769 4333 1 0 0 0 0 0 0 0 0 1 1 R 0
530 11286 20169 708 19197 684 4830 1 0 4 0 0 0 0 0 0 2 1 R 0
531 11305 18146 969 18144 966 3569 1 0 0 0 0 0 0 0 0 2 1 R 0
532 11324 18269 758 18279 711 3951 1 0 0 0 0 0 0 0 0 1 1 R 0
533 11349 23811 558 22585 535 5662 1 0 4 0 0 0 0 0 0 2 1 R 0
534 11369 19325 572 19348 546 4005 1 0 0 0 0 0 0 0 0 1 1 R 0
535 11387 17720 664 17771 620 3331 1 0 0 0 0 0 0 0 0 2 1 R 0
536 11407 19002 648 19051 593 3967 1 0 0 0 0 0 0 0 0 2 1 R 0
537 11429 21698 694 20562 673 6768 1 0 4 0 0 0 0 0 0 2 1 R 0
538 11452 21995 541 20956 517 3863 1 0 1 0 0 0 0 0 0 1 1 R 0
539 11472 19906 543 19929 526 4098 1 0 0 0 0 0 0 0 0 1 1 R 0
540 11498 25694 634 24551 605 8945 1 0 4 0 0 0 0 0 0 2 1 R 0
541 11517 17951 819 18016 759 3166 1 0 0 0 0 0 0 0 0 1 1 R 0
542 11538 20575 1102 20687 1025 5482 1 0 0 0 0 0 0 0 0 1 1 R 0
543 11560 20920 1031 20297 535 3994 1 0 4 0 0 0 0 0 0 2 1 R 0
544 11581 19591 568 19610 535 3472 1 0 0 0 0 0 0 0 0 1 1 R 0
545 11599 17362 634 17408 588 3201 1 0 0 0 0 0 0 0 0 2 1 R 0
546 11620 20234 3380 19859 2669 4206 1 0 1 0 3 0 0 0 0 2 1 R 0
547 11645 21939 542 20291 523 3116 1 0 2 0 0 0 0 0 0 1 1 R 0
548 11665 19568 603 19592 576 4290 1 0 0 0 0 0 0 0 0 1 1 R 0
549 11686 19849 548 19870 526 3839 1 0 0 0 0 0 0 0 0 2 1 R 0
550 11708 21750 575 20792 544 4136 1 0 4 0 0 0 0 0 0 1 1 R 0
551 11726 17669 671 17708 643 3685 1 0 0 0 0 0 0 0 0 2 1 R 0
552 11748 21435 577 21454 553 4732 1 0 0 0 0 0 0 0 0 1 1 R 0
553 11772 22807 646 21410 623 3873 1 0 4 0 0 0 0 0 0 1 1 R 0
554 11792 19804 545 19825 518 3849 1 0 0 0 0 1 0 0 0 2 1 R 0
555 11815 22575 548 22607 522 6653 1 0 0 0 0 0 0 0 0 2 1 R 0
556 11837 21129 754 19925 739 3637 1 0 4 0 0 0 0 0 0 2 1 R 0
557 11859 21512 574 20556 549 5708 1 0 1 0 0 0 0 0 0 1 1 R 0
558 11879 19268 616 19294 587 3773 1 0 0 0 0 0 0 0 0 1 1 R 0
559 11898 18077 704 18142 637 3185 1 0 0 0 0 0 0 0 0 2 1 R 0
560 11920 21268 1657 19860 1635 4721 1 0 4 0 0 0 0 0 0 2 1 R 0
561 11939 17549 717 17594 657 3206 1 0 0 0 0 0 0 0 0 1 1 R 0
562 11960 20556 926 20573 910 3943 1 0 0 0 0 0 0 0 0 1 1 R 0
563 11983 22052 887 20074 842 3901 1 0 4 0 0 0 0 0 0 1 1 R 0
564 12002 17860 655 17896 629 3406 1 0 0 0 0 0 0 0 0 2 1 R 0
565 12033 30594 560 21760 537 3516 1 0 6 0 0 0 0 0 0 2 1 R 0
566 12057 23258 576 20576 549 4051 1 0 5 0 0 0 0 0 0 1 1 R 0
567 12077 19743 570 19778 526 4384 1 0 0 0 0 0 0 0 0 2 1 R 0
568 12097 19055 674 19116 634 4372 1 0 0 0 0 0 0 0 0 1 1 R 0
569 12120 22265 1394 21338 1324 3665 1 0 4 0 0 1 0 0 0 2 1 R 0
570 12143 22065 658 22071 634 6032 1 0 0 0 0 0 0 0 0 2 1 R 0
571 12164 19909 547 19933 519 3846 1 0 0 0 0 0 0 0 0 1 1 R 0
572 12186 21587 544 20619 524 3803 1 0 4 0 0 0 0 0 0 1 1 R 0
573 12205 18042 962 18091 911 3766 1 0 0 0 0 0 0 0 0 2 1 R 0
574 12224 18057 753 18113 687 3657 1 0 0 0 0 0 0 0 0 1 1 R 0
575 12244 19640 682 19685 671 4970 1 0 0 0 0 0 0 0 0 2 1 R 0
576 12268 23184 720 20388 701 6715 1 0 5 0 0 0 0 0 0 1 1 R 0
577 12288 19182 560 19191 536 4527 1 0 0 0 0 0 0 0 0 1 1 R 0
578 12307 18282 730 18317 711 3186 1 0 0 0 0 0 0 0 0 2 1 R 0
579 12329 21463 800 20134 763 3716 1 0 4 0 0 0 0 0 0 2 1 R 0
580 12348 18056 719 18081 661 3220 1 0 0 0 0 0 0 0 0 1 1 R 0
581 12369 20944 569 20970 548 4671 1 0 0 0 0 0 0 0 0 1 1 R 0
582 12390 19671 569 19695 541 3756 1 0 0 0 0 0 0 0 0 2 1 R 0
583 12413 22585 614 20986 590 3493 1 0 4 0 0 0 0 0 0 1 1 R 0
584 12432 18383 627 18422 586 3190 1 0 0 0 0 0 0 0 0 3 1 R 0
585 12456 23917 575 22835 553 7240 1 0 1 0 0 0 0 0 0 1 1 R 0
586 12479 21899 572 20924 547 6604 1 0 4 0 0 0 0 0 0 1 1 R 0
587 12499 19569 560 19592 534 3955 1 0 0 0 0 0 0 0 0 1 1 R 0
588 12517 18015 775 18063 733 3231 1 0 0 0 0 0 0 0 0 2 1 R 0
589 12540 21896 1416 20817 1430 4613 1 0 4 0 0 0 0 0 0 2 1 R 0
590 12559 17742 682 17767 618 3177 1 0 0 0 0 0 0 0 0 1 1 R 0
591 12581 21435 542 21448 519 4353 1 0 0 0 0 0 0 0 0 1 1 R 0
592 12602 20369 1630 19957 1082 3835 1 0 1 0 3 0 0 0 0 2 1 R 0
593 12624 20138 690 19882 676 3908 1 0 0 0 0 0 0 0 0 2 1 R 0
594 12644 19374 544 19377 518 3743 1 0 0 0 0 0 0 0 0 1 1 R 0
595 12666 21764 581 19552 553 6370 1 0 1 0 0 0 0 0 0 1 1 R 0
596 12689 21864 568 20834 548 6632 1 0 4 0 0 0 0 0 0 1 1 R 0
597 12709 19453 555 19480 528 3246 1 0 0 0 0 0 0 0 0 1 1 R 0
598 12728 18633 909 18704 858 3479 1 0 0 0 0 0 0 0 0 2 1 R 0
599 12750 21095 1501 20021 1484 3230 1 0 4 0 0 0 0 0 0 1 1 R 0
600 12776 23875 563 23871 535 8202 1 0 0 0 0 0 0 0 0 2 1 R 0
601 12796 19770 555 19801 525 4384 1 0 0 0 0 0 0 0 0 2 1 R 0
602 12819 22792 550 21154 527 4260 1 0 4 0 0 0 0 0 0 1 1 R 0
603 12838 17860 736 17903 698 3101 1 0 0 0 0 0 0 0 0 2 1 R 0
604 12859 20609 2087 19729 2085 3469 1 0 1 0 0 1 0 0 0 2 1 R 0
605 12881 20340 1462 20322 868 3888 1 0 1 0 2 0 0 0 0 0 1 R 0
606 12903 20347 551 19870 528 3962 1 0 1 0 0 0 0 0 0 1 1 R 0
607 12922 18285 634 18327 619 3101 1 0 0 0 0 0 0 0 0 2 1 R 0
608 12942 19046 696 19054 699 3227 1 0 0 0 0 0 0 0 0 2 1 R 0
609 12965 22980 548 22011 533 3268 1 0 4 0 0 0 0 0 0 2 1 R 0
610 12985 19368 558 19386 535 4477 1 0 0 0 0 0 0 0 0 1 1 R 0
611 13006 20210 571 20233 541 4399 1 0 0 0 0 0 0 0 0 1 1 R 0
612 13028 20906 835 19268 799 3510 1 0 4 0 0 0 0 0 0 2 1 R 0
613 13046 17787 735 17859 676 3545 1 0 0 0 0 0 0 0 0 2 1 R 0
614 13068 20886 1067 20024 1015 5892 1 0 1 0 0 0 0 0 0 2 1 R 0
615 13094 25085 536 24316 515 7039 1 0 4 0 0 0 0 0 0 1 1 R 0
616 13115 20397 661 20422 633 3782 1 0 0 0 0 0 0 0 0 1 1 R 0
617 13134 18224 664 18259 628 3751 1 0 0 0 0 0 0 0 0 2 1 R 0
618 13153 18821 660 18854 636 4169 1 0 0 0 0 0 0 0 0 1 1 R 0
619 13177 23311 571 22058 545 3528 1 0 4 0 0 0 0 0 0 3 1 R 0
620 13197 19083 568 19105 540 4424 1 0 0 0 0 0 0 0 0 1 1 R 0
621 13218 20053 606 20083 576 4400 1 0 0 0 0 0 0 0 0 1 1 R 0
622 13239 21207 713 19928 645 3942 1 0 4 0 0 0 0 0 0 1 1 R 0
623 13262 21564 757 20478 750 3139 1 0 1 0 0 0 0 0 0 2 1 R 0
624 13280 17571 1526 17598 1524 3204 1 0 0 0 0 0 0 0 0 2 1 R 0
625 13302 20613 1495 20591 869 3863 1 0 1 0 2 0 0 0 0 1 1 R 0
626 13324 20512 555 19956 528 3279 1 0 1 0 0 0 0 0 0 1 1 R 0
627 13343 18291 623 18329 614 3149 1 0 0 0 0 0 0 0 0 2 1 R 0
628 13363 19386 628 19400 626 3735 1 0 0 0 0 0 0 0 0 1 1 R 0
629 13386 22458 562 21242 541 3307 1 0 4 0 0 0 0 0 0 2 1 R 0
630 13410 23069 562 23090 534 8105 1 0 0 0 0 0 0 0 0 1 1 R 0
631 13429 19255 1360 19313 1314 3982 1 0 0 0 0 0 0 0 0 1 1 R 0
632 13452 21049 622 19972 602 3224 1 0 4 0 0 0 0 0 0 2 1 R 0
633 13473 20490 629 19285 590 3041 1 0 1 0 0 0 0 0 0 1 1 R 0
634 13494 20611 531 20627 512 3366 1 0 0 0 0 0 0 0 0 2 1 R 0
635 13517 22111 870 20607 846 3898 1 0 4 0 0 0 0 0 0 2 1 R 0
636 13539 21509 560 21532 535 5452 1 0 0 0 0 0 0 0 0 1 1 R 0
637 13560 20073 1371 20149 1308 3907 1 0 0 0 0 0 0 0 0 2 1 R 0
638 13580 18937 1189 18950 1166 3796 1 0 0 0 2 0 0 0 0 1 1 R 0
639 13604 22200 611 20498 587 3908 1 0 2 0 0 0 0 0 0 1 1 R 0
640 13625 21133 551 20759 527 3816 1 0 1 0 0 0 0 0 0 1 1 R 0
641 13645 19486 839 19523 799 3584 1 0 0 0 0 0 0 0 0 1 1 R 0
642 13668 21443 689 19420 664 5447 1 0 5 0 0 0 0 0 0 2 1 R 0
643 13687 18330 655 18368 607 3333 1 0 0 0 0 0 0 0 0 2 1 R 0
644 13709 21518 611 21536 585 5059 1 0 0 0 0 0 0 0 0 1 1 R 0
645 13735 25233 906 24090 849 6848 1 0 4 0 0 0 0 0 0 2 1 R 0
646 13753 17476 742 17545 698 3761 1 0 0 0 0 0 0 0 0 2 1 R 0
647 13774 20002 630 20012 620 4496 1 0 0 0 0 1 0 0 0 2 1 R 0
648 13797 22664 545 21584 520 4652 1 0 4 0 0 0 0 0 0 1 1 R 0
649 13817 19356 686 19390 657 4336 1 0 0 0 0 0 0 0 0 1 1 R 0
650 13837 19789 653 19839 598 4203 1 0 0 0 0 0 0 0 0 1 1 R 0
651 13856 18192 1929 18237 909 3693 1 0 0 0 1 0 0 0 0 2 1 R 0
652 13879 21221 716 19988 676 4945 1 0 4 0 0 0 0 0 0 2 1 R 0
653 13901 21287 542 21304 516 3946 1 0 0 0 0 0 0 0 0 1 1 R 0
654 13921 19019 639 19050 611 4023 1 0 0 0 0 0 0 0 0 1 1 R 0
655 13944 22619 560 20980 533 3971 1 0 4 0 0 0 0 0 0 1 1 R 0
656 13963 18581 647 18637 601 3145 1 0 0 0 0 0 0 0 0 2 1 R 0
657 13984 19450 636 19479 610 3744 1 0 0 0 0 0 0 0 0 2 1 R 0
658 14006 21995 587 21163 577 4396 1 0 4 0 0 0 0 0 0 1 1 R 0
659 14027 20059 565 20079 534 4382 1 0 0 0 0 0 0 0 0 1 1 R 0
660 14049 21707 563 21736 528 6936 1 0 0 0 0 0 0 0 0 2 1 R 0
661 14069 19610 740 18728 664 3284 1 0 1 0 0 0 0 0 0 2 1 R 0
662 14093 23189 625 20778 582 4675 1 0 4 0 0 0 0 0 0 2 1 R 0
663 14114 20010 597 20055 553 3865 1 0 0 0 0 0 0 0 0 1 1 R 0
664 14134 19401 603 19430 572 3740 1 0 0 0 0 0 0 0 0 1 1 R 0
665 14157 22649 596 21730 552 3422 1 0 4 0 0 0 0 0 0 2 1 R 0
666 14176 18133 687 18175 641 3910 1 0 0 0 0 0 0 0 0 2 1 R 0
667 14195 18855 777 18901 745 3823 1 0 0 0 0 0 0 0 0 1 1 R 0
668 14219 22838 561 21206 534 4391 1 0 4 0 0 0 0 0 0 2 1 R 0
669 14239 19498 546 19527 510 4114 1 0 0 0 0 0 0 0 0 0 1 R 0
670 14258 17940 678 18004 619 3198 1 0 0 0 0 0 0 0 0 2 1 R 0
671 14279 20534 653 17659 605 3101 1 0 1 0 0 0 0 0 0 2 1 R 0
672 14302 23043 538 21844 515 3640 1 0 4 0 0 0 0 0 0 1 1 R 0
673 14322 19503 550 19528 526 4093 1 0 0 0 0 0 0 0 0 1 1 R 0
674 14343 19973 652 20015 605 3795 1 0 0 0 0 0 0 0 0 2 1 R 0
675 14367 23759 561 22811 529 6783 1 0 4 0 0 0 0 0 0 2 1 R 0
676 14386 17902 730 17981 679 3747 1 0 0 0 0 0 0 0 0 1 1 R 0
677 14408 21813 573 21817 544 5296 1 0 0 0 0 0 0 0 0 2 1 R 0
678 14430 20994 1094 19924 1054 3814 1 0 4 0 0 0 0 0 0 1 1 R 0
679 14452 20681 538 20697 512 3329 1 0 0 0 0 0 0 0 0 1 1 R 0
680 14476 23337 588 21793 556 4576 1 0 1 0 0 0 0 0 0 2 1 R 0
681 14497 20725 665 19231 630 3669 1 0 4 0 0 0 0 0 0 2 1 R 0
682 14519 21387 555 21403 529 4497 1 0 0 0 0 0 0 0 0 1 1 R 0
683 14539 19715 608 19744 578 4031 1 0 0 0 0 0 0 0 0 1 1 R 0
684 14559 18857 693 18899 644 3443 1 0 0 0 0 0 0 0 0 1 1 R 0
685 14582 22438 1018 21449 955 3962 1 0 4 0 0 0 0 0 0 2 1 R 0
686 14600 17173 1463 17212 1417 3202 1 0 0 0 0 0 0 0 0 2 1 R 0
687 14622 20607 534 20624 511 4169 1 0 0 0 0 0 0 0 0 1 1 R 0
688 14645 22094 550 20261 524 3799 1 0 4 0 0 0 0 0 0 1 1 R 0
689 14667 22050 713 20186 671 4743 1 0 2 0 0 0 0 0 0 2 1 R 0
690 14690 21543 643 21567 619 6829 1 0 0 0 0 0 0 0 0 2 1 R 0
691 14713 22685 560 21543 531 3448 1 0 4 0 0 0 0 0 0 1 1 R 0
692 14735 21148 541 20752 514 3808 1 0 1 0 0 0 0 0 0 1 1 R 0
693 14755 19438 563 19466 532 4402 1 0 0 0 0 0 0 0 0 2 1 R 0
694 14776 21005 643 19431 635 3571 1 0 4 0 0 0 0 0 0 1 1 R 0
695 14794 17381 1146 17396 1106 3698 1 0 0 0 0 0 0 0 0 2 1 R 0
696 14816 20115 631 20146 597 5099 1 0 0 0 0 0 0 0 0 2 1 R 0
697 14836 19862 556 19882 529 4671 1 0 0 0 0 0 0 0 0 1 1 R 0
698 14858 21509 574 20633 549 6079 1 0 4 0 0 0 0 0 0 1 1 R 0
699 14878 19494 799 18562 739 3295 1 0 1 0 0 0 0 0 0 2 1 R 0
700 14897 18309 883 18393 818 3167 1 0 0 0 0 0 0 0 0 2 1 R 0
701 14922 23730 657 22174 530 4774 1 0 4 0 0 0 0 0 0 2 1 R 0
702 14943 20000 818 20072 744 3798 1 0 0 0 0 0 0 0 0 1 1 R 0
703 14963 19674 536 19697 518 3537 1 0 0 0 0 0 0 0 0 1 1 R 0
704 14986 22360 665 20734 635 3226 1 0 4 0 0 0 0 0 0 2 1 R 0
705 15008 20927 730 20971 702 6671 1 0 0 0 0 0 0 0 0 1 1 R 0
706 15028 19471 563 19481 536 3960 1 0 0 0 0 0 0 0 0 2 1 R 0
707 15048 19457 1182 19485 1171 4329 1 0 0 0 0 1 0 0 0 1 1 R 0
708 15073 23953 547 21781 520 5706 1 0 5 0 0 0 0 0 0 2 1 R 0
709 15091 18019 776 18077 733 3199 1 0 0 0 0 0 0 0 0 1 1 R 0
710 15112 19314 628 19340 602 3369 1 0 0 0 0 0 0 0 0 2 1 R 0
711 15135 22760 570 21446 547 4112 1 0 4 0 0 0 0 0 0 1 1 R 0
712 15155 19186 782 19214 774 4381 1 0 0 0 0 0 0 0 0 1 1 R 0
713 15174 18757 818 18784 777 3902 1 0 0 0 0 0 0 0 0 2 1 R 0
714 15197 21790 533 20611 513 3371 1 0 4 0 0 0 0 0 0 1 1 R 0
715 15216 18429 715 18515 663 3612 1 0 0 0 0 0 0 0 0 2 1 R 0
716 15236 19986 570 19975 545 4784 1 0 0 0 0 0 0 0 0 1 1 R 0
717 15257 20292 562 20314 534 4363 1 0 0 0 0 0 0 0 0 2 1 R 0
718 15280 21974 1038 20018 1016 5498 1 0 5 0 0 0 0 0 0 2 1 R 0
719 15298 17138 786 17217 735 3179 1 0 0 0 0 0 0 0 0 1 1 R 0
720 15322 23369 571 23358 553 6914 1 0 0 0 0 0 0 0 0 1 1 R 0
721 15345 22029 610 20402 583 3876 1 0 4 0 0 0 0 0 0 2 1 R 0
722 15365 19463 558 19483 533 4240 1 0 0 0 0 0 0 0 0 1 1 R 0
723 15384 18224 743 18263 714 3688 1 0 0 0 0 0 0 0 0 2 1 R 0
724 15407 22978 682 21503 613 3782 1 0 4 0 0 0 0 0 0 2 1 R 0
725 15427 18723 758 18818 671 3541 1 0 0 0 0 0 0 0 0 2 1 R 0
726 15447 19297 545 19311 520 4328 1 0 0 0 0 0 0 0 0 1 1 R 0
727 15467 19713 559 19740 527 4385 1 0 0 0 0 0 0 0 0 1 1 R 0
728 15490 21933 1332 19399 1307 5029 1 0 5 0 0 0 0 0 0 2 1 R 0
729 15509 17681 653 17710 611 3440 1 0 0 0 0 0 0 0 0 1 1 R 0
730 15529 19710 742 19784 673 3782 1 0 0 0 0 0 0 0 0 1 1 R 0
731 15553 23148 556 21407 533 3909 1 0 4 0 0 0 0 0 0 2 1 R 0
732 15573 19719 558 19743 529 3994 1 0 0 0 0 0 0 0 0 1 1 R 0
733 15593 19197 785 19275 705 3291 1 0 0 0 0 0 0 0 0 1 1 R 0
734 15616 21971 523 20457 509 3167 1 0 4 0 0 0 0 0 0 2 1 R 0
735 15639 23209 558 23231 531 7347 1 0 0 0 0 0 0 0 0 2 1 R 0
736 15659 19110 569 19140 536 3770 1 0 0 0 0 0 0 0 0 1 1 R 0
737 15684 24476 539 21968 514 3526 1 0 5 0 0 0 0 0 0 1 1 R 0
738 15703 18332 641 18370 623 3481 1 0 0 0 0 0 0 0 0 2 1 R 0
739 15722 18770 939 18802 892 3191 1 0 0 0 0 0 0 0 0 2 1 R 0
740 15744 20652 564 20673 538 3825 1 0 0 0 0 1 0 0 0 1 1 R 0
741 15767 22259 562 20878 534 3859 1 0 4 0 0 0 0 0 0 2 1 R 0
742 15786 19027 759 19090 699 4548 1 0 0 0 0 0 0 0 0 1 1 R 0
743 15805 17768 854 17797 815 3480 1 0 0 0 0 0 0 0 0 1 1 R 0
744 15830 23730 551 22135 528 4863 1 0 4 0 0 0 0 0 0 2 1 R 0
745 15849 19386 555 19411 524 3865 1 0 0 0 0 0 0 0 0 1 1 R 0
746 15873 23265 537 21303 518 5414 1 0 2 0 0 0 0 0 0 2 1 R 0
747 15895 21622 546 19998 527 3540 1 0 4 0 0 0 0 0 0 1 1 R 0
748 15915 19113 762 19156 728 3849 1 0 0 0 0 0 0 0 0 2 1 R 0
749 15936 20488 567 19836 542 4363 1 0 1 0 0 0 0 0 0 1 1 R 0
750 15959 22246 571 22267 548 8105 1 0 0 0 0 0 0 0 0 1 1 R 0
751 15982 22736 543 21585 523 5454 1 0 4 0 0 0 0 0 0 2 1 R 0
752 16002 19439 716 19505 654 3466 1 0 0 0 0 0 0 0 0 1 1 R 0
753 16020 17132 1357 17176 1358 3229 1 0 0 0 0 0 0 0 0 2 1 R 0
754 16044 22103 563 20843 538 3344 1 0 4 0 0 0 0 0 0 1 1 R 0
755 16064 19786 552 19808 528 3910 1 0 0 0 0 0 0 0 0 1 1 R 0
756 16086 20931 558 20059 532 3802 1 0 1 0 0 0 0 0 0 1 1 R 0
757 16108 22049 552 20542 525 4086 1 0 4 0 0 0 0 0 0 2 1 R 0
758 16127 18152 736 18202 691 3191 1 0 0 0 0 0 0 0 0 1 1 R 0
759 16146 18797 707 18859 642 4125 1 0 0 0 0 0 0 0 0 2 1 R 0
760 16167 19725 564 19748 537 4333 1 0 0 0 0 0 0 0 0 1 1 R 0
761 16190 22271 557 21260 535 6625 1 0 4 0 0 0 0 0 0 1 1 R 0
762 16209 19187 549 19211 514 3667 1 0 0 0 0 0 0 0 0 1 1 R 0
763 16228 17633 809 17702 749 3258 1 0 0 0 0 0 0 0 0 2 1 R 0
764 16251 22791 574 21166 540 4428 1 0 4 0 0 0 0 0 0 1 1 R 0
765 16276 24032 597 23253 539 8659 1 0 1 0 0 0 0 0 0 2 1 R 0
766 16296 19431 565 19458 543 4177 1 0 0 0 0 0 0 0 0 1 1 R 0
767 16318 21453 739 19951 667 3896 1 0 4 0 0 0 0 0 0 1 1 R 0
768 16336 17573 693 17613 650 3287 1 0 0 0 0 0 0 0 0 2 1 R 0
769 16358 21562 559 21581 535 5176 1 0 0 0 0 0 0 0 0 1 1 R 0
770 16378 19239 564 19272 533 3794 1 0 0 0 0 0 0 0 0 1 1 R 0
771 16402 23007 552 21983 524 6021 1 0 4 0 0 0 0 0 0 2 1 R 0
772 16419 16788 660 16863 602 3348 1 0 0 0 0 0 0 0 0 2 1 R 0
773 16439 19398 693 19430 652 3939 1 0 0 0 0 0 0 0 0 2 1 R 0
774 16463 23020 540 21806 515 3749 1 0 4 0 0 0 0 0 0 1 1 R 0
775 16484 20982 575 19890 547 3902 1 0 1 0 0 0 0 0 0 1 1 R 0
776 16504 19333 1146 19411 1074 4130 1 0 0 0 0 0 0 0 0 2 1 R 0
777 16527 21046 601 19884 566 3595 1 0 4 0 0 0 0 0 0 2 1 R 0
778 16545 18186 655 18235 615 3624 1 0 0 0 0 0 0 0 0 2 1 R 0
779 16567 21109 566 21124 536 4992 1 0 0 0 0 0 0 0 0 1 1 R 0
780 16590 22426 2060 22452 1336 8138 1 0 0 0 2 0 0 0 0 1 1 R 0
781 16613 20685 827 19994 794 3461 1 0 2 0 0 0 0 0 0 2 1 R 0
782 16632 17953 753 18028 695 3169 1 0 0 0 0 0 0 0 0 1 1 R 0
783 16654 21545 879 20855 803 4084 1 0 1 0 0 0 0 0 0 2 1 R 0
784 16678 23404 557 21455 535 4464 1 0 5 0 0 0 0 0 0 1 1 R 0
785 16699 20348 558 20372 533 3899 1 0 0 0 0 0 0 0 0 2 1 R 0
786 16718 17840 764 17886 715 3179 1 0 0 0 0 0 0 0 0 1 1 R 0
787 16740 21501 1337 20406 1319 4337 1 0 4 0 0 0 0 0 0 2 1 R 0
788 16762 21021 549 21019 527 3793 1 0 0 0 0 0 0 0 0 1 1 R 0
789 16783 19855 543 19877 517 3865 1 0 0 0 0 0 0 0 0 2 1 R 0
790 16805 21570 704 20610 698 3697 1 0 4 0 0 0 0 0 0 1 1 R 0
791 16824 18542 673 18584 641 3681 1 0 0 0 0 0 0 0 0 2 1 R 0
792 16844 19099 654 19120 622 3580 1 0 0 0 0 0 0 0 0 1 1 R 0
793 16864 20045 556 20058 528 3368 1 0 0 0 0 0 0 0 0 2 1 R 0
794 16888 22861 552 20630 522 5748 1 0 5 0 0 0 0 0 0 1 1 R 0
795 16912 23754 591 23794 551 7251 1 0 0 0 0 0 0 0 0 1 1 R 0
796 16930 17408 1508 17478 1475 3035 1 0 0 0 0 0 0 0 0 2 1 R 0
797 16954 22821 594 21864 572 4426 1 0 4 0 0 0 0 0 0 1 1 R 0
798 16975 20385 559 20403 532 4415 1 0 0 0 0 0 0 0 0 2 1 R 0
799 16995 19450 566 19477 537 4349 1 0 0 0 0 0 0 0 0 1 1 R 0
800 17018 22031 556 20348 530 4209 1 0 4 0 0 0 0 0 0 1 1 R 0
801 17038 19051 1125 19108 1083 3654 1 0 0 0 0 0 0 0 0 2 1 R 0
802 17057 17790 719 17811 696 3163 1 0 0 0 0 0 0 0 0 1 1 R 0
803 17079 21610 519 20783 501 4351 1 0 1 0 0 0 0 0 0 2 1 R 0
804 17102 22638 539 21586 526 6309 1 0 4 0 0 0 0 0 0 1 1 R 0
805 17122 19563 540 19577 518 3885 1 0 0 0 0 0 0 0 0 1 1 R 0
806 17143 20040 582 20069 547 3834 1 0 0 0 0 0 0 0 0 1 1 R 0
807 17165 21466 548 20375 526 3160 1 0 4 0 0 0 0 0 0 2 1 R 0
808 17185 19831 558 19853 536 4268 1 0 0 0 0 0 0 0 0 1 1 R 0
809 17206 20137 1287 20159 1268 4477 1 0 0 0 0 1 0 0 0 2 1 R 0
810 17231 24329 538 22851 512 6632 1 0 4 0 0 0 0 0 0 2 1 R 0
811 17250 17831 1432 17896 1413 3188 1 0 0 0 0 0 0 0 0 1 1 R 0
812 17270 18609 1352 18623 1310 3381 1 0 0 0 0 0 0 0 0 1 1 R 0
813 17295 23665 717 21812 699 3852 1 0 5 0 0 0 0 0 0 1 1 R 0
814 17315 19563 553 19575 524 4006 1 0 0 0 0 0 0 0 0 2 1 R 0
815 17333 17447 698 17519 667 3887 1 0 0 0 0 0 0 0 0 1 1 R 0
816 17353 19001 725 19023 678 4831 1 0 0 0 0 0 0 0 0 2 1 R 0
817 17376 22856 569 21433 539 4068 1 0 4 0 0 0 0 0 0 1 1 R 0
818 17397 19547 547 19571 524 4417 1 0 0 0 0 0 0 0 0 2 1 R 0
819 17417 19428 603 19452 575 4169 1 0 0 0 0 0 0 0 0 1 1 R 0
820 17438 20891 1047 19311 1000 3728 1 0 4 0 0 0 0 0 0 1 1 R 0
821 17457 17834 660 17879 619 3257 1 0 0 0 0 0 0 0 0 2 1 R 0
822 17478 20583 553 20607 522 5124 1 0 0 0 0 0 0 0 0 2 1 R 0
823 17500 20781 559 19089 528 3880 1 0 1 0 0 0 0 0 0 0 1 R 0
824 17522 22185 735 20513 715 3695 1 0 4 0 0 0 0 0 0 1 1 R 0
825 17544 21473 563 21498 539 6595 1 0 0 0 0 0 0 0 0 3 1 R 0
826 17563 18381 639 18419 637 3121 1 0 0 0 0 0 0 0 0 1 1 R 0
827 17587 23187 657 22104 635 4053 1 0 4 0 0 0 0 0 0 1 1 R 0
828 17607 19277 565 19293 543 4269 1 0 0 0 0 0 0 0 0 1 1 R 0
829 17628 20414 652 19994 601 5347 1 0 1 0 0 0 0 0 0 2 1 R 0
830 17650 21125 1398 20122 1393 3188 1 0 4 0 0 0 0 0 0 2 1 R 0
831 17669 17513 818 17533 781 3318 1 0 0 0 0 0 0 0 0 1 1 R 0
832 17692 22763 547 21199 527 4147 1 0 1 0 0 0 0 0 0 2 1 R 0
833 17716 22510 563 21250 536 3885 1 0 4 0 0 1 0 0 0 1 1 R 0
834 17734 18203 762 18246 715 3693 1 0 0 0 0 0 0 0 0 2 1 R 0
835 17753 18438 648 18493 600 3887 1 0 0 0 0 0 0 0 0 1 1 R 0
836 17775 20881 770 20623 735 3513 1 0 1 0 0 0 0 0 0 2 1 R 0
837 17797 21290 567 20111 541 6390 1 0 4 0 0 0 0 0 0 1 1 R 0
838 17818 20066 551 20090 528 4454 1 0 0 0 0 0 0 0 0 1 1 R 0
839 17836 17676 664 17726 608 3834 1 0 0 0 0 0 0 0 0 2 1 R 0
840 17862 25300 553 23891 537 6896 1 0 4 0 0 0 0 0 0 2 1 R 0
841 17880 17066 722 17133 654 3202 1 0 0 0 0 0 0 0 0 1 1 R 0
842 17902 21709 544 20093 525 3347 1 0 1 0 0 0 0 0 0 2 1 R 0
843 17925 22777 650 22094 509 4078 1 0 4 0 0 0 0 0 0 2 1 R 0
844 17944 17889 694 17933 664 3607 1 0 0 0 0 0 0 0 0 1 1 R 0
845 17964 19478 630 19497 607 4578 1 0 0 0 0 0 0 0 0 1 1 R 0
846 17984 19061 660 19100 620 3725 1 0 0 0 0 0 0 0 0 2 1 R 0
847 18007 22527 569 21346 542 6224 1 0 4 0 0 0 0 0 0 2 1 R 0
848 18027 19336 841 19404 792 4279 1 0 0 0 0 0 0 0 0 2 1 R 0
849 18049 20987 669 21016 640 4370 1 0 0 0 0 0 0 0 0 1 1 R 0
850 18070 20967 1167 19711 1109 3185 1 0 4 0 0 0 0 0 0 3 1 R 0
851 18093 21182 551 19635 529 3186 1 0 1 0 0 0 0 0 0 1 1 R 0
852 18112 19316 582 19345 555 3795 1 0 0 0 0 0 0 0 0 1 1 R 0
853 18136 22560 548 21501 529 3882 1 0 4 0 0 0 0 0 0 1 1 R 0
854 18155 18419 692 18469 662 3664 1 0 0 0 0 0 0 0 0 2 1 R 0
855 18177 21867 692 21909 639 6611 1 0 0 0 0 0 0 0 0 2 1 R 0
856 18198 19821 562 19837 534 4322 1 0 0 0 0 0 0 0 0 1 1 R 0
857 18220 21694 1063 20494 1059 6517 1 0 4 0 0 0 0 0 0 1 1 R 0
858 18240 19179 924 19181 904 3610 1 0 0 0 0 0 0 0 0 1 1 R 0
859 18259 17761 667 17802 648 3235 1 0 0 0 0 0 0 0 0 2 1 R 0
860 18283 23461 597 22355 534 3693 1 0 4 0 0 0 0 0 0 1 1 R 0
861 18305 21302 775 20178 749 5943 1 0 1 0 0 0 0 0 0 2 1 R 0
862 18325 19217 559 19240 526 4279 1 0 0 0 0 0 0 0 0 1 1 R 0
863 18347 21928 555 20639 522 4513 1 0 4 0 0 0 0 0 0 2 1 R 0
864 18366 18061 677 18106 632 3704 1 0 0 0 0 0 0 0 0 2 1 R 0
865 18386 19048 683 19102 641 4690 1 0 0 0 0 0 0 0 0 1 1 R 0
866 18407 20464 662 20518 604 4179 1 0 0 0 0 0 0 0 0 1 1 R 0
867 18429 21783 575 20587 550 6714 1 0 4 0 0 0 0 0 0 1 1 R 0
868 18450 19890 546 19916 520 3793 1 0 0 0 0 0 0 0 0 2 1 R 0
869 18468 17932 695 17997 641 3384 1 0 0 0 0 0 0 0 0 2 1 R 0
870 18495 26344 581 23890 552 6581 1 0 5 0 0 0 0 0 0 1 1 R 0
871 18516 20010 601 20034 579 4430 1 0 0 0 0 0 0 0 0 2 1 R 0
872 18536 19602 552 19624 530 4506 1 0 0 0 0 0 0 0 0 2 1 R 0
873 18558 21162 631 19713 622 3692 1 0 4 0 0 0 0 0 0 1 1 R 0
874 18577 18469 694 18493 646 3169 1 0 0 0 0 0 0 0 0 1 1 R 0
875 18597 19721 754 19770 711 4810 1 0 0 0 0 0 0 0 0 2 1 R 0
876 18618 20028 543 20044 517 4234 1 0 0 0 0 0 0 0 0 1 1 R 0
877 18642 23379 544 22212 526 5913 1 0 4 0 0 0 0 0 0 1 1 R 0
878 18662 19851 645 19439 615 3234 1 0 1 0 0 0 0 0 0 3 1 R 0
879 18682 19031 636 19061 621 3118 1 0 0 0 0 0 0 0 0 1 1 R 0
880 18706 23767 568 21932 543 3159 1 0 5 0 0 0 0 0 0 2 1 R 0
881 18727 19635 622 19675 579 4335 1 0 0 0 0 0 0 0 0 1 1 R 0
882 18747 19498 556 19521 533 4381 1 0 0 0 0 0 0 0 0 1 1 R 0
883 18768 21069 799 19769 730 3571 1 0 4 0 0 0 0 0 0 2 1 R 0
884 18787 17502 898 17549 856 3344 1 0 0 0 0 0 0 0 0 2 1 R 0
885 18812 24357 554 24366 528 8491 1 0 0 0 0 0 0 0 0 1 1 R 0
886 18834 21756 604 20941 586 3850 1 0 4 0 0 0 0 0 0 1 1 R 0
887 18855 20036 673 20055 660 4180 1 0 0 0 0 0 0 0 0 2 1 R 0
888 18874 18198 733 18251 692 3623 1 0 0 0 0 0 0 0 0 2 1 R 0
889 18895 20550 629 18722 600 3535 1 0 1 0 0 0 0 0 0 1 1 R 0
890 18918 22333 561 20999 533 6557 1 0 4 0 0 0 0 0 0 2 1 R 0
891 18938 19631 778 19689 726 4126 1 0 0 0 0 0 0 0 0 1 1 R 0
892 18959 20027 599 20051 571 3797 1 0 0 0 0 0 0 0 0 2 1 R 0
893 18982 22592 662 21606 603 3272 1 0 4 0 0 0 0 0 0 1 1 R 0
894 19000 17335 1493 17381 1469 3183 1 0 0 0 0 0 0 0 0 2 1 R 0
895 19023 20789 549 20790 524 4402 1 0 0 0 0 0 0 0 0 1 1 R 0
896 19045 21791 555 20848 514 3784 1 0 4 0 0 0 0 0 0 1 1 R 0
897 19065 19415 773 19457 759 4046 1 0 0 0 0 0 0 0 0 1 1 R 0
898 19084 17984 782 18026 731 3592 1 0 0 0 0 0 0 0 0 2 1 R 0
899 19105 20496 952 19580 921 3933 1 0 1 0 0 0 0 0 0 2 1 R 0
900 19131 25263 544 24055 524 12268 1 0 4 0 0 0 0 0 0 1 1 R 0
901 19152 20040 584 20061 557 3859 1 0 0 0 0 0 0 0 0 1 1 R 0
902 19169 17209 797 17263 765 3469 1 0 0 0 0 0 0 0 0 2 1 R 0
903 19193 22913 764 21871 712 3751 1 0 4 0 0 0 0 0 0 2 1 R 0
904 19213 18947 645 18967 649 3142 1 0 0 0 0 0 0 0 0 1 1 R 0
905 19234 20305 749 20313 716 3877 1 0 0 0 0 0 0 0 0 1 1 R 0
906 19257 22185 537 21082 518 3969 1 0 4 0 0 0 0 0 0 1 1 R 0
907 19275 17979 832 18042 774 3680 1 0 0 0 0 0 0 0 0 2 1 R 0
908 19297 20910 654 19530 612 4788 1 0 1 0 0 0 0 0 0 2 1 R 0
909 19317 19098 805 19193 712 3756 1 0 0 0 0 0 0 0 0 2 1 R 0
910 19340 22075 579 20800 551 6513 1 0 4 0 0 0 0 0 0 1 1 R 0
911 19361 21130 704 21161 675 3929 1 0 0 0 0 0 0 0 0 1 1 R 0
912 19379 16999 2398 17055 2378 3190 1 0 0 0 0 1 0 0 0 2 1 R 0
913 19403 21622 1041 20667 892 3754 1 0 4 0 0 0 0 0 0 2 1 R 0
914 19425 20506 692 20565 633 5302 1 0 0 0 0 0 0 0 0 2 1 R 0
915 19449 23471 567 23492 538 8550 1 0 0 0 0 0 0 0 0 1 1 R 0
916 19472 22759 710 21386 683 3904 1 0 4 0 0 0 0 0 0 1 1 R 0
917 19491 18090 824 18147 757 3078 1 0 0 0 0 0 0 0 0 2 1 R 0
918 19513 20808 671 19852 634 4510 1 0 1 0 0 0 0 0 0 1 1 R 0
919 19536 22792 568 21991 553 3851 1 0 4 0 0 0 0 0 0 2 1 R 0
920 19556 19418 572 19434 546 4491 1 0 0 0 0 0 0 0 0 1 1 R 0
921 19577 19944 554 19973 520 4183 1 0 0 0 0 0 0 0 0 3 1 R 0
922 19595 17717 640 17763 605 3652 1 0 0 0 0 0 0 0 0 1 1 R 0
923 19618 22822 830 21325 803 6579 1 0 5 0 0 0 0 0 0 2 1 R 0
924 19639 20081 562 20083 535 4019 1 0 0 0 0 0 0 0 0 1 1 R 0
925 19659 19456 621 19486 591 3892 1 0 0 0 0 0 0 0 0 1 1 R 0
926 19683 23635 557 22419 532 3515 1 0 4 0 0 1 0 0 0 1 1 R 0
927 19704 20255 771 19353 730 3212 1 0 1 0 0 0 0 0 0 2 1 R 0
928 19726 20786 667 20880 566 4596 1 0 0 0 0 0 0 0 0 1 1 R 0
929 19749 22394 559 21058 534 4413 1 0 4 0 0 0 0 0 0 1 1 R 0
930 19773 23944 550 23630 524 7202 1 0 1 0 0 0 0 0 0 2 1 R 0
931 19792 18349 686 18428 641 3174 1 0 0 0 0 0 0 0 0 2 1 R 0
932 19815 21956 825 20897 799 3872 1 0 4 0 0 0 0 0 0 1 1 R 0
933 19834 18265 678 18301 654 3811 1 0 0 0 0 0 0 0 0 2 1 R 0
934 19855 20403 681 20414 657 4595 1 0 0 0 0 0 0 0 0 1 1 R 0
935 19875 19230 558 19254 524 3980 1 0 0 0 0 0 0 0 0 1 1 R 0
936 19896 20304 2803 19187 1308 3852 1 0 4 0 1 0 0 0 0 2 1 R 0
937 19917 18044 687 18068 650 3202 1 0 0 0 0 0 0 0 0 2 1 R 0
938 19937 20028 560 20049 532 4885 1 0 0 0 0 0 0 0 0 1 1 R 0
939 19959 21473 567 20053 542 4301 1 0 4 0 0 0 0 0 0 2 1 R 0
940 19980 19828 1005 19859 983 3316 1 0 0 0 0 0 0 0 0 1 1 R 0
941 19998 16939 790 17000 738 3326 1 0 0 0 0 0 0 0 0 1 1 R 0
942 20018 19044 665 19081 603 4200 1 0 0 0 0 0 0 0 0 2 1 R 0
943 20042 23811 542 22758 524 7935 1 0 4 0 0 0 0 0 0 2 1 R 0
944 20062 19312 538 19327 519 3817 1 0 0 0 0 0 0 0 0 1 1 R 0
945 20085 22792 561 22819 528 7520 1 0 0 0 0 0 0 0 0 1 1 R 0
946 20108 22450 652 20441 604 4715 1 0 5 0 0 0 0 0 0 2 1 R 0
947 20127 17975 660 18011 656 3460 1 0 0 0 0 0 0 0 0 2 1 R 0
948 20148 20686 612 20677 584 4881 1 0 0 0 0 0 0 0 0 1 1 R 0
949 20171 22537 737 21352 706 3889 1 0 4 0 0 0 0 0 0 1 1 R 0
950 20190 18063 1282 18102 1282 3482 1 0 0 0 0 0 0 0 0 2 1 R 0
951 20209 17931 688 17926 654 3111 1 0 0 0 0 0 0 0 0 2 1 R 0
952 20229 18670 686 18712 669 3509 1 0 0 0 0 0 0 0 0 1 1 R 0
953 20254 24176 613 22437 589 4071 1 0 4 0 0 0 0 0 0 2 1 R 0
954 20274 20038 541 20061 518 3750 1 0 0 0 0 0 0 0 0 1 1 R 0
955 20294 18842 642 18877 628 3549 1 0 0 0 0 0 0 0 0 1 1 R 0
956 20317 22421 560 20579 534 5924 1 0 5 0 0 0 0 0 0 2 1 R 0
957 20335 18025 808 18074 799 4051 1 0 0 0 0 0 0 0 0 2 1 R 0
958 20356 19843 562 19830 540 4465 1 0 0 0 0 0 0 0 0 1 1 R 0
959 20379 22014 699 20745 625 4326 1 0 4 0 0 0 0 0 0 1 1 R 0
960 20402 23106 850 23193 767 7100 1 0 0 0 0 0 0 0 0 2 1 R 0
961 20421 17781 803 17842 753 3339 1 0 0 0 0 0 0 0 0 1 1 R 0
962 20440 18049 4359 18081 2703 3120 1 0 0 0 3 0 0 0 0 2 1 R 0
963 20464 20085 565 19690 538 4596 1 0 1 0 0 0 0 0 0 1 1 R 0
964 20485 19673 582 19699 555 4270 1 0 0 0 0 0 0 0 0 1 1 R 0
965 20507 21390 671 19817 628 3975 1 0 1 0 0 0 0 0 0 2 1 R 0
966 20528 20657 711 19460 690 5933 1 0 4 0 0 0 0 0 0 2 1 R 0
967 20549 20145 672 20180 622 3855 1 0 0 0 0 0 0 0 0 1 1 R 0
968 20569 19669 550 19688 527 3976 1 0 0 0 0 0 0 0 0 1 1 R 0
969 20592 22588 774 21185 721 4048 1 0 4 0 0 0 0 0 0 2 1 R 0
970 20610 17042 1350 17078 1326 3085 1 0 0 0 0 0 0 0 0 1 1 R 0
971 20629 17932 698 17977 635 3621 1 0 0 0 0 0 0 0 0 2 1 R 0
972 20649 19220 883 19287 837 3771 1 0 0 0 0 0 0 0 0 1 1 R 0
973 20673 23142 565 20804 540 5835 1 0 4 0 0 0 0 0 0 2 1 R 0
974 20694 20225 550 20246 522 3763 1 0 0 0 0 0 0 0 0 1 1 R 0
975 20717 22846 550 21882 519 7831 1 0 1 0 0 0 0 0 0 2 1 R 0
976 20738 19609 659 18789 614 5539 1 0 4 0 0 0 0 0 0 1 1 R 0
977 20759 20965 615 21000 584 3897 1 0 0 0 0 0 0 0 0 2 1 R 0
978 20779 19381 560 19409 529 3842 1 0 0 0 0 0 0 0 0 1 1 R 0
979 20802 22592 642 21354 622 3512 1 0 4 0 0 0 0 0 0 2 1 R 0
980 20821 18248 691 18299 858 3302 1 0 0 0 0 0 0 0 0 1 1 R 0
981 20840 18240 1175 18069 1144 3131 1 0 0 0 0 0 0 0 0 2 1 R 0
982 20863 21231 1101 20969 999 3956 1 0 1 0 3 0 0 0 0 1 1 R 0
983 20885 20841 587 20284 550 4320 1 0 0 0 0 0 0 0 0 2 1 R 0
984 20906 20626 546 19502 522 4457 1 0 1 0 0 0 0 0 0 1 1 R 0
985 20924 18162 669 18207 631 3549 1 0 0 0 0 0 0 0 0 2 1 R 0
986 20947 21738 812 20759 747 6087 1 0 4 0 0 0 0 0 0 1 1 R 0
987 20966 18353 669 18383 653 3529 1 0 0 0 0 0 0 0 0 2 1 R 0
988 20992 25684 556 20231 534 7408 1 0 2 0 0 0 0 0 0 1 1 R 0
989 21015 21768 646 20643 614 3221 1 0 4 0 0 0 0 0 0 2 1 R 0
990 21037 21558 772 21640 707 6655 1 0 0 0 0 0 0 0 0 2 1 R 0
991 21056 18330 680 18367 624 3583 1 0 0 0 0 0 0 0 0 1 1 R 0
992 21079 22087 550 20668 529 4109 1 0 4 0 0 0 0 0 0 2 1 R 0
993 21099 20081 559 20105 523 3930 1 0 0 0 0 0 0 0 0 1 1 R 0
994 21120 19869 1518 18915 1484 4674 1 0 1 0 0 0 0 0 0 2 1 R 0
995 21139 17790 832 17850 769 3244 1 0 0 0 0 0 0 0 0 2 1 R 0
996 21163 23191 549 21044 526 3851 1 0 4 0 0 0 0 0 0 1 1 R 0
997 21183 19646 542 19670 517 3956 1 0 0 0 0 0 0 0 0 1 1 R 0
998 21204 20510 555 20157 533 4030 1 0 1 0 0 0 0 0 0 1 1 R 0
999 21227 21691 693 20462 644 3090 1 0 4 0 0 0 0 0 0 2 1 R 0
1000 21245 17576 888 17649 819 3725 1 0 0 0 0 0 0 0 0 2 1 R 0
1001 21265 19509 655 19525 648 5194 1 0 0 0 0 0 0 0 0 2 1 R 0
1002 21288 22200 742 21082 714 5093 1 0 4 0 0 0 0 0 0 1 1 R 0
1003 21310 20575 561 19433 538 3557 1 0 1 0 0 0 0 0 0 2 1 R 0
1004 21328 17735 675 17768 647 3285 1 0 0 0 0 0 0 0 0 1 1 R 0
1005 21355 26490 673 24974 655 6437 1 0 4 0 0 0 0 0 0 3 1 R 0
1006 21374 18469 808 18505 802 3844 1 0 0 0 0 0 0 0 0 1 1 R 0
1007 21395 20247 882 20240 851 4322 1 0 0 0 0 0 0 0 0 1 1 R 0
1008 21416 19458 547 19487 521 4352 1 0 0 0 0 0 0 0 0 2 1 R 0
1009 21438 21838 554 20624 534 4459 1 0 4 0 0 0 0 0 0 1 1 R 0
1010 21458 19136 560 19159 533 3753 1 0 0 0 0 0 0 0 0 1 1 R 0
1011 21478 19789 549 19813 526 4136 1 0 0 0 0 0 0 0 0 2 1 R 0
1012 21500 21331 918 20271 892 4340 1 0 4 0 0 0 0 0 0 1 1 R 0
1013 21525 23889 602 22876 569 5520 1 0 1 0 0 0 0 0 0 1 1 R 0
1014 21544 18757 1753 18835 1693 3208 1 0 0 0 0 1 0 0 0 2 1 R 0
1015 21569 22852 618 21151 598 3877 1 0 4 0 0 0 0 0 0 2 1 R 0
1016 21589 20187 570 20203 540 3886 1 0 0 0 0 0 0 0 0 1 1 R 0
1017 21610 19802 1726 19833 1268 3891 1 0 0 0 1 0 0 0 0 2 1 R 0
1018 21629 17553 689 17579 657 3131 1 0 0 0 0 0 0 0 0 1 1 R 0
1019 21653 23169 806 21681 775 3578 1 0 4 0 0 1 0 0 0 2 1 R 0
1020 21676 22105 566 22126 537 6581 1 0 0 0 0 0 0 0 0 1 1 R 0
1021 21696 19661 559 19685 537 4342 1 0 0 0 0 0 0 0 0 2 1 R 0
1022 21719 22464 563 19682 534 6286 1 0 5 0 0 0 0 0 0 1 1 R 0
1023 21737 17774 812 17816 772 3165 1 0 0 0 0 0 0 0 0 1 1 R 0
1024 21758 20043 678 20091 637 3106 1 0 0 0 0 0 0 0 0 2 1 R 0
1025 21782 23396 730 22317 715 3195 1 0 4 0 0 0 0 0 0 2 1 R 0
1026 21803 19966 543 19983 516 4000 1 0 0 0 0 0 0 0 0 1 1 R 0
1027 21824 20033 539 20058 514 3201 1 0 0 0 0 0 0 0 0 2 1 R 0
1028 21846 22180 646 20791 619 3215 1 0 4 0 0 0 0 0 0 1 1 R 0
1029 21865 17648 678 17693 638 3502 1 0 0 0 0 0 0 0 0 2 1 R 0
1030 21885 19161 699 19191 663 4214 1 0 0 0 0 0 0 0 0 2 1 R 0
1031 21905 20066 669 20083 643 4469 1 0 0 0 0 0 0 0 0 1 1 R 0
1032 21930 23850 927 21758 904 7874 1 0 5 0 0 0 0 0 0 1 1 R 0
1033 21953 22506 561 21935 545 4574 1 0 1 0 0 0 0 0 0 2 1 R 0
1034 21975 21543 797 21575 764 3686 1 0 0 0 0 0 0 0 0 1 1 R 0
1035 22000 23619 2210 22461 1987 10859 1 0 4 0 1 0 0 0 0 1 1 R 0
1036 22022 19665 706 19658 691 3987 1 0 0 0 0 0 0 0 0 1 1 R 0
1037 22041 18743 731 18795 680 3206 1 0 0 0 0 0 0 0 0 2 1 R 0
1038 22065 22792 544 21875 518 3391 1 0 4 0 0 0 0 0 0 1 1 R 0
1039 22084 19340 571 19363 553 3131 1 0 0 0 0 0 0 0 0 3 1 R 0
1040 22105 19605 548 19627 523 4493 1 0 0 0 0 0 0 0 0 1 1 R 0
1041 22128 22842 581 20277 548 5666 1 0 5 0 0 0 0 0 0 1 1 R 0
1042 22146 17841 774 17891 725 3133 1 0 0 0 0 0 0 0 0 2 1 R 0
1043 22166 19083 734 19134 687 4982 1 0 0 0 0 0 0 0 0 0 1 R 0
1044 22187 20327 561 20348 537 4692 1 0 0 0 0 0 0 0 0 2 1 R 0
1045 22210 22151 982 20980 958 6815 1 0 4 0 0 0 0 0 0 1 1 R 0
1046 22230 18460 639 18565 535 3501 1 0 0 0 0 0 0 0 0 1 1 R 0
1047 22248 17689 792 17739 743 3251 1 0 0 0 0 0 0 0 0 2 1 R 0
1048 22270 21174 1429 20142 1419 3584 1 0 4 0 0 0 0 0 0 2 1 R 0
1049 22291 19708 539 19692 517 3756 1 0 0 0 0 0 0 0 0 1 1 R 0
1050 22316 24258 559 23471 536 8175 1 0 1 0 0 0 0 0 0 1 1 R 0
1051 22341 24895 628 23457 607 4141 1 0 4 0 0 0 0 0 0 2 1 R 0
1052 22359 17378 758 17421 721 3122 1 0 0 0 0 0 0 0 0 3 1 R 0
1053 22379 19075 691 19129 656 3822 1 0 0 0 0 0 0 0 0 1 1 R 0
1054 22402 22240 1666 22237 1235 4613 1 0 1 0 3 0 0 0 0 2 1 R 0
1055 22424 20316 571 19728 542 4377 1 0 0 0 0 0 0 0 0 1 1 R 0
1056 22444 19613 748 19691 672 3598 1 0 0 0 0 0 0 0 0 1 1 R 0
1057 22463 18407 643 18451 592 3181 1 0 0 0 0 0 0 0 0 2 1 R 0
1058 22486 21801 818 20493 803 3237 1 0 4 0 0 0 0 0 0 2 1 R 0
1059 22507 20028 562 20023 536 4432 1 0 0 0 0 0 0 0 0 1 1 R 0
1060 22527 20244 570 19249 538 5599 1 0 1 0 0 0 0 0 0 1 1 R 0
1061 22555 26533 583 24064 550 5268 1 0 5 0 0 0 0 0 0 2 1 R 0
1062 22573 17948 707 18001 674 3122 1 0 0 0 0 0 0 0 0 1 1 R 0
1063 22596 22551 559 22559 533 6293 1 0 0 0 0 0 0 0 0 2 1 R 0
1064 22618 21565 769 20487 730 4398 1 0 4 0 0 0 0 0 0 1 1 R 0
1065 22642 23116 538 23128 511 7000 1 0 0 0 0 0 0 0 0 1 1 R 0
1066 22663 19726 618 19337 583 3204 1 0 1 0 0 0 0 0 0 3 1 R 0
1067 22681 18161 2680 18239 1339 3196 1 0 1 0 2 0 0 0 0 1 1 R 0
1068 22705 20997 701 19761 678 4428 1 0 1 0 0 0 0 0 0 1 1 R 0
1069 22727 21432 653 20477 583 4353 1 0 1 0 0 0 0 0 0 1 1 R 0
1070 22747 19271 548 19289 525 4250 1 0 0 0 0 0 0 0 0 2 1 R 0
1071 22768 20556 692 19480 668 6031 1 0 4 0 0 0 0 0 0 2 1 R 0
1072 22788 19025 710 19050 1097 3716 1 0 0 0 0 0 0 0 0 0 1 R 0
1073 22809 20269 579 19863 545 3868 1 0 0 0 0 0 0 0 0 3 1 R 0
1074 22831 21893 615 20648 563 3794 1 0 4 0 0 0 0 0 0 1 1 R 0
1075 22852 20118 574 20137 551 3951 1 0 0 0 0 0 0 0 0 1 1 R 0
1076 22870 17352 1346 17396 1326 3315 1 0 0 0 0 0 0 0 0 1 1 R 0
1077 22890 18829 4213 18868 2646 3871 1 0 0 0 3 0 0 0 0 2 1 R 0
1078 22916 21819 536 20330 516 4371 1 0 2 0 0 0 0 0 0 1 1 R 0
1079 22937 20379 820 20442 768 4536 1 0 0 0 0 0 0 0 0 1 1 R 0
1080 22978 39805 525 24083 490 7156 1 0 11 0 0 0 0 0 0 1 1 R 1
1081 23019 40757 577 21369 553 25072 1 2 2 0 0 0 0 0 0 3 1 R 0
1082 23042 22531 538 20972 516 3921 1 0 4 0 0 0 0 0 0 2 1 R 0
1083 23061 18634 649 18683 610 3213 1 0 0 0 0 0 0 0 0 1 1 R 0
1084 23087 25117 681 20911 607 5693 1 0 2 0 0 0 0 0 0 2 1 R 0
1085 23110 22184 1443 20427 1402 3619 1 0 4 0 0 0 0 0 0 2 1 R 0
1086 23132 20919 552 19837 531 5262 1 0 1 0 0 0 0 0 0 1 1 R 0
1087 23152 19215 539 19239 512 3514 1 0 0 0 0 0 0 0 0 1 1 R 0
1088 23170 17279 3770 17322 2868 3395 1 0 0 0 2 0 0 0 0 3 1 R 0
1089 23194 20292 783 19647 758 3346 1 0 2 0 0 0 0 0 0 1 1 R 0
1090 23215 19692 540 19689 524 4201 1 0 0 0 0 0 0 0 0 1 1 R 0
1091 23235 20305 551 20321 529 4412 1 0 0 0 0 0 0 0 0 2 1 R 0
1092 23257 21592 563 20510 542 5793 1 0 4 0 0 0 0 0 0 1 1 R 0
1093 23276 17725 762 17776 722 3569 1 0 0 0 0 0 0 0 0 2 1 R 0
1094 23296 19337 628 19358 585 4509 1 0 0 0 0 0 0 0 0 1 1 R 0
1095 23324 27424 561 25131 534 7937 1 0 5 0 0 0 0 0 0 2 1 R 0
1096 23344 19542 547 19564 516 3804 1 0 0 0 0 0 0 0 0 1 1 R 0
1097 23365 20350 571 20398 526 3863 1 0 0 0 0 0 0 0 0 2 1 R 0
1098 23387 21565 722 20176 661 3638 1 0 4 0 0 0 0 0 0 2 1 R 0
1099 23406 18269 632 18293 606 3440 1 0 0 0 0 0 0 0 0 1 1 R 0
1100 23428 21233 565 21248 537 5443 1 0 0 0 0 0 0 0 0 2 1 R 0
1101 23448 19478 572 19504 544 4341 1 0 0 0 0 0 0 0 0 1 1 R 0
1102 23472 23328 839 21459 824 7206 1 0 4 0 0 0 0 0 0 2 1 R 0
1103 23490 17458 1463 17473 1455 3134 1 0 0 0 0 0 0 0 0 1 1 R 0
1104 23512 19948 630 19948 603 4241 1 0 0 0 0 0 0 0 0 2 1 R 0
1105 23536 23554 566 20831 539 5201 1 0 5 0 0 0 0 0 0 1 1 R 0
1106 23556 19291 554 19313 529 4406 1 0 0 0 0 0 0 0 0 1 1 R 0
1107 23574 18167 664 18202 640 3670 1 0 0 0 0 0 0 0 0 2 1 R 0
1108 23598 22512 662 20976 635 4512 1 0 4 0 0 0 0 0 0 2 1 R 0
1109 23619 21148 733 20381 703 3586 1 0 1 0 0 0 0 0 0 1 1 R 0
1110 23643 22696 838 22710 810 9029 1 0 0 0 0 0 0 0 0 1 1 R 0
1111 23668 23925 552 21988 527 3785 1 0 3 0 0 0 0 0 0 2 1 R 0
1112 23686 17940 727 18005 668 3690 1 0 0 0 0 1 0 0 0 2 1 R 0
1113 23707 20100 733 20158 654 5462 1 0 0 0 0 0 0 0 0 2 1 R 0
1114 23729 21554 549 19333 528 4369 1 0 1 0 0 0 0 0 0 1 1 R 0
1115 23753 23394 544 21870 518 4573 1 0 4 0 0 0 0 0 0 1 1 R 0
1116 23774 20011 1201 20037 1193 3815 1 0 0 0 0 1 0 0 0 2 1 R 0
1117 23793 18546 651 18562 625 3178 1 0 0 0 0 0 0 0 0 2 1 R 0
1118 23816 22099 753 21081 827 3701 1 0 4 0 0 0 0 0 0 2 1 R 0
1119 23837 19762 566 19667 534 4487 1 0 0 0 0 0 0 0 0 1 1 R 0
1120 23857 20187 554 20213 524 4249 1 0 0 0 0 0 0 0 0 1 1 R 0
1121 23880 21966 984 20581 961 4351 1 0 4 0 0 0 0 0 0 2 1 R 0
1122 23898 17475 674 17529 615 3207 1 0 0 0 0 0 0 0 0 1 1 R 0
1123 23918 19341 666 19381 656 3963 1 0 0 0 0 0 0 0 0 2 1 R 0
1124 23943 24126 780 21866 720 3753 1 0 5 0 0 0 0 0 0 1 1 R 0
1125 23966 22377 552 22397 511 8588 1 0 0 0 0 0 0 0 0 0 1 R 0
1126 23985 17874 796 17940 731 3813 1 0 0 0 0 0 0 0 0 2 1 R 0
1127 24004 18909 658 18973 589 4634 1 0 0 0 0 0 0 0 0 2 1 R 0
1128 24028 22420 609 21409 585 6459 1 0 4 0 0 0 0 0 0 1 1 R 0
1129 24048 19850 553 19871 527 4410 1 0 0 0 0 0 0 0 0 3 1 R 0
1130 24068 19208 559 19234 525 3833 1 0 0 0 0 0 0 0 0 0 1 R 0
1131 24092 23247 617 21978 583 3947 1 0 4 0 0 0 0 0 0 2 1 R 0
1132 24110 17769 1378 17810 1358 3292 1 0 0 0 0 0 0 0 0 2 1 R 0
1133 24133 21894 548 20513 529 3379 1 0 1 0 0 0 0 0 0 1 1 R 0
1134 24155 20918 554 20163 531 4021 1 0 4 0 0 0 0 0 0 1 1 R 0
1135 24176 20585 559 20608 529 4610 1 0 0 0 0 0 0 0 0 3 1 R 0
1136 24195 18380 663 18424 612 3713 1 0 0 0 0 0 0 0 0 0 1 R 0
1137 24214 18534 776 18575 730 4287 1 0 0 0 0 0 0 0 0 2 1 R 0
1138 24237 22711 808 21595 743 5771 1 0 4 0 0 0 0 0 0 3 1 R 0
1139 24258 19519 570 19547 541 4338 1 0 0 0 0 0 0 0 0 1 1 R 0
1140 24281 23045 540 23065 517 7172 1 0 0 0 0 0 0 0 0 1 1 R 0
1141 24303 21205 816 20194 759 3101 1 0 4 0 0 0 0 0 0 2 1 R 0
1142 24323 18940 655 18957 617 3158 1 0 0 0 0 0 0 0 0 2 1 R 0
1143 24345 21760 567 19796 538 4364 1 0 1 0 0 0 0 0 0 1 1 R 0
1144 24368 22457 548 21240 522 4289 1 0 4 0 0 0 0 0 0 1 1 R 0
1145 24388 19102 975 19145 945 3963 1 0 0 0 0 0 0 0 0 2 1 R 0
1146 24407 18040 695 18084 636 3167 1 0 0 0 0 0 0 0 0 1 1 R 0
1147 24428 20528 671 20574 645 4326 1 0 0 0 0 0 0 0 0 2 1 R 0
1148 24451 22440 552 21020 535 4703 1 0 4 0 0 0 0 0 0 1 1 R 0
1149 24472 20208 529 20222 510 4134 1 0 0 0 0 0 0 0 0 1 1 R 0
1150 24492 19531 628 19564 609 3642 1 0 0 0 0 0 0 0 0 1 1 R 0
1151 24516 22984 542 21790 509 3137 1 0 4 0 0 0 0 0 0 3 1 R 0
1152 24537 20181 781 19289 754 3534 1 0 1 0 0 0 0 0 0 1 1 R 0
1153 24558 20291 548 20282 524 4413 1 0 0 0 0 0 0 0 0 2 1 R 0
1154 24580 21682 954 20056 931 4299 1 0 4 0 0 0 0 0 0 1 1 R 0
1155 24603 21701 878 21738 837 6160 1 0 0 0 0 0 0 0 0 1 1 R 0
1156 24622 18603 772 18632 744 3333 1 0 0 0 0 0 0 0 0 2 1 R 0
1157 24646 23038 688 21941 675 3184 1 0 4 0 0 0 0 0 0 1 1 R 0
1158 24667 20268 562 19823 538 5342 1 0 1 0 0 0 0 0 0 1 1 R 0
1159 24687 19988 570 20012 538 4487 1 0 0 0 0 0 0 0 0 1 1 R 0
1160 24706 17910 736 17954 700 3547 1 0 0 0 0 0 0 0 0 2 1 R 0
1161 24729 22927 702 20984 655 6084 1 0 5 0 0 0 0 0 0 2 1 R 0
1162 24752 21345 534 20854 513 3724 1 0 1 0 0 0 0 0 0 2 1 R 0
1163 24772 19574 722 19607 687 4122 1 0 0 0 0 0 0 0 0 1 1 R 0
1164 24794 21892 565 20621 543 3384 1 0 4 0 0 0 0 0 0 1 1 R 0
1165 24815 19945 604 19550 587 3233 1 0 1 0 0 0 0 0 0 2 1 R 0
1166 24833 17938 638 17945 638 3815 1 0 0 0 0 0 0 0 0 2 1 R 0
1167 24857 23314 556 21907 534 5717 1 0 4 0 0 0 0 0 0 1 1 R 0
1168 24878 19742 849 19794 793 4251 1 0 0 0 0 0 0 0 0 1 1 R 0
1169 24898 20045 670 20085 631 4326 1 0 0 0 0 0 0 0 0 2 1 R 0
1170 24926 27224 550 25591 521 6507 1 0 4 0 0 0 0 0 0 2 1 R 0
1171 24947 19791 719 18835 672 3447 1 0 1 0 0 0 0 0 0 2 1 R 0
1172 24966 19030 550 19046 523 3939 1 0 0 0 0 0 0 0 0 1 1 R 0
1173 24987 19675 576 19702 547 4579 1 0 0 0 0 0 0 0 0 1 1 R 0
1174 25008 20705 710 19814 676 5733 1 0 4 0 0 0 0 0 0 2 1 R 0
1175 25027 18085 735 18150 653 3243 1 0 0 0 0 0 0 0 0 2 1 R 0
1176 25046 18798 789 18853 753 4901 1 0 0 0 0 0 0 0 0 1 1 R 0
1177 25069 22302 570 21078 545 5054 1 0 4 0 0 0 0 0 0 2 1 R 0
1178 25090 20174 1051 20194 1026 3787 1 0 0 0 0 0 0 0 0 1 1 R 0
1179 25108 17113 660 17153 632 3044 1 0 0 0 0 0 0 0 0 1 1 R 0
1180 25128 18948 799 18975 777 3956 1 0 0 0 0 0 0 0 0 2 1 R 0
1181 25154 25150 734 21355 705 5206 1 0 4 0 0 0 0 0 0 2 1 R 0
1182 25174 19805 565 19852 519 3769 1 0 0 0 0 0 0 0 0 1 1 R 0
1183 25194 19489 567 19513 533 4394 1 0 0 0 0 0 0 0 0 1 1 R 0
1184 25216 21111 713 20028 696 3294 1 0 4 0 0 0 0 0 0 2 1 R 0
1185 25238 21522 945 21543 932 6615 1 0 0 0 0 0 0 0 0 2 1 R 0
1186 25258 18283 708 18295 671 3101 1 0 0 0 0 0 0 0 0 1 1 R 0
1187 25282 23425 542 22280 518 3981 1 0 4 0 0 0 0 0 0 1 1 R 0
1188 25302 19316 571 19347 536 3715 1 0 0 0 0 0 0 0 0 1 1 R 0
1189 25319 17338 729 17383 696 3382 1 0 0 0 0 0 0 0 0 2 1 R 0
1190 25342 21866 2400 20889 1143 3075 1 0 2 0 3 0 0 0 0 1 1 R 0
1191 25364 19993 585 19998 567 3337 1 0 0 0 0 0 0 0 0 3 1 R 0
1192 25384 19431 555 19446 527 4215 1 0 0 0 0 0 0 0 0 1 1 R 0
1193 25405 19966 890 20001 846 4471 1 0 0 0 0 0 0 0 0 1 1 R 0
1194 25428 21722 550 20679 526 3783 1 0 4 0 0 0 0 0 0 2 1 R 0
1195 25446 17512 850 17569 795 3642 1 0 0 0 0 0 0 0 0 1 1 R 0
1196 25468 21208 601 21223 572 5491 1 0 0 0 0 0 0 0 0 2 1 R 0
1197 25489 21035 561 19817 542 4475 1 0 4 0 0 0 0 0 0 1 1 R 0
1198 25510 20170 1242 20188 1225 3221 1 0 0 0 0 0 0 0 0 0 1 R 0
1199 25529 18031 685 18060 637 3301 1 0 0 0 0 0 0 0 0 3 1 R 0
1200 25558 28381 591 25065 571 8520 1 0 5 0 0 0 0 0 0 2 1 R 0
1201 25579 19628 616 19651 580 3904 1 0 0 0 0 0 0 0 0 1 1 R 0
1202 25599 19531 650 19574 616 3810 1 0 0 0 0 0 0 0 0 1 1 R 0
1203 25619 19987 554 19454 521 3521 1 0 1 0 0 0 0 0 0 1 1 R 0
1204 25643 22842 713 21252 644 3471 1 0 4 0 0 0 0 0 0 2 1 R 0
1205 25662 18735 640 18771 605 3149 1 0 0 0 0 1 0 0 0 2 1 R 0
1206 25683 20431 542 20449 516 3487 1 0 0 0 0 0 0 0 0 1 1 R 0
1207 25706 21834 580 20657 546 4080 1 0 4 0 0 0 0 0 0 1 1 R 0
1208 25724 17823 916 17873 874 3710 1 0 0 0 0 0 0 0 0 2 1 R 0
1209 25746 21225 681 20231 656 4847 1 0 1 0 0 0 0 0 0 2 1 R 0
1210 25769 21698 583 20192 556 3684 1 0 4 0 0 0 0 0 0 2 1 R 0
1211 25789 20001 607 20023 584 4066 1 0 0 0 0 0 0 0 0 1 1 R 0
1212 25809 19541 562 19563 524 3795 1 0 0 0 0 0 0 0 0 1 1 R 0
1213 25828 17723 690 17764 660 3305 1 0 0 0 0 0 0 0 0 1 1 R 0
1214 25850 21180 673 19847 640 6709 1 0 4 0 0 0 0 0 0 2 1 R 0
1215 25875 24540 574 23123 548 6306 1 0 1 0 0 0 0 0 0 2 1 R 0
1216 25895 19857 559 19876 526 4271 1 0 0 0 0 0 0 0 0 1 1 R 0
1217 25918 21970 601 20802 556 6176 1 0 4 0 0 0 0 0 0 1 1 R 0
1218 25938 19689 597 18625 607 3775 1 0 1 0 0 0 0 0 0 2 1 R 0
1219 25958 19404 1401 19397 1401 3213 1 0 0 0 0 1 0 0 0 2 1 R 0
1220 25983 23571 785 22116 760 3769 1 0 4 0 0 0 0 0 0 1 1 R 0
1221 26003 19449 566 19469 547 4065 1 0 0 0 0 0 0 0 0 1 1 R 0
1222 26050 46178 1144 26757 1124 3623 1 0 14 0 0 0 0 0 0 2 1 R 0
1223 26069 17523 670 17567 643 3291 1 0 0 0 0 0 0 0 0 1 1 R 0
1224 26090 20702 921 20701 902 3820 1 0 0 0 0 0 0 0 0 2 1 R 0
1225 26110 19093 2818 19111 1725 3883 1 0 0 0 4 0 0 0 0 1 1 R 0
1226 26133 19834 673 19552 641 3229 1 0 0 0 0 0 0 0 0 1 1 R 0
1227 26153 19454 654 18495 632 4579 1 0 1 0 0 0 0 0 0 3 1 R 0
1228 26173 19341 757 19358 710 3079 1 0 0 0 0 0 0 0 0 2 1 R 0
1229 26197 23221 556 22186 533 3769 1 0 4 0 0 0 0 0 0 1 1 R 0
1230 26220 22251 686 22321 621 8492 1 0 0 0 0 0 0 0 0 1 1 R 0
1231 26238 17738 1107 17765 1096 3106 1 0 0 0 0 0 0 0 0 2 1 R 0
1232 26262 23357 709 21362 647 3369 1 0 5 0 0 0 0 0 0 2 1 R 0
1233 26282 18691 658 18729 637 3160 1 0 0 0 0 0 0 0 0 1 1 R 0
1234 26303 20548 544 20549 523 4008 1 0 0 0 0 0 0 0 0 1 1 R 0
1235 26326 22544 533 21626 511 4114 1 0 4 0 0 0 0 0 0 2 1 R 0
1236 26347 20218 561 18460 538 3601 1 0 1 0 0 0 0 0 0 1 1 R 0
1237 26367 19941 559 19961 533 4479 1 0 0 0 0 0 0 0 0 1 1 R 0
1238 26387 18954 547 18978 513 4386 1 0 0 0 0 0 0 0 0 1 1 R 0
1239 26409 21709 579 20426 547 6347 1 0 4 0 0 0 0 0 0 2 1 R 0
1240 26429 19621 562 19649 526 3930 1 0 0 0 0 0 0 0 0 1 1 R 0
1241 26448 17888 819 17971 747 3397 1 0 0 0 0 0 0 0 0 2 1 R 0
1242 26473 23903 684 22852 618 4022 1 0 4 0 0 0 0 0 0 2 1 R 0
1243 26492 18641 628 18669 604 3343 1 0 0 0 0 0 0 0 0 1 1 R 0
1244 26513 20207 562 20215 541 3792 1 0 0 0 0 0 0 0 0 2 1 R 0
1245 26539 26138 2028 25182 827 7419 1 0 4 0 1 0 0 0 0 1 1 R 0
1246 26560 18784 979 18781 965 3785 1 0 0 0 0 0 0 0 0 1 1 R 0
1247 26580 19027 995 19040 976 3869 1 0 0 0 0 0 0 0 0 1 1 R 0
1248 26599 18010 672 18037 646 3284 1 0 0 0 0 0 0 0 0 2 1 R 0
1249 26624 23962 555 22108 530 4331 1 0 4 0 0 0 0 0 0 1 1 R 0
1250 26643 18711 897 18747 876 3415 1 0 0 0 0 0 0 0 0 1 1 R 0
1251 26663 19356 768 18952 717 3150 1 0 1 0 0 0 0 0 0 2 1 R 0
1252 26687 22443 670 21475 641 5141 1 0 4 0 0 0 0 0 0 2 1 R 0
1253 26707 19917 575 19933 546 3703 1 0 0 0 0 0 0 0 0 1 1 R 0
1254 26728 19966 566 19991 538 4424 1 0 0 0 0 0 0 0 0 1 1 R 0
1255 26752 23363 527 20338 499 3550 1 0 4 0 0 0 0 0 0 2 1 R 0
1256 26773 20483 924 20545 865 3479 1 0 0 0 0 0 0 0 0 2 1 R 0
1257 26792 18876 849 18944 797 3117 1 0 0 0 0 0 0 0 0 1 1 R 0
1258 26815 21759 547 20614 519 3848 1 0 4 0 0 0 0 0 0 1 1 R 0
1259 26835 19781 560 19803 531 4412 1 0 0 0 0 0 0 0 0 1 1 R 0
1260 26857 21211 750 21295 690 6665 1 0 0 0 0 0 0 0 0 2 1 R 0
1261 26877 19316 562 19321 534 4325 1 0 0 0 0 0 0 0 0 1 1 R 0
1262 26899 21462 576 20471 535 5667 1 0 4 0 0 0 0 0 0 2 1 R 0
1263 26919 19185 574 19208 551 4097 1 0 0 0 0 0 0 0 0 1 1 R 0
1264 26940 20162 948 20201 907 3973 1 0 0 0 0 0 0 0 0 2 1 R 0
1265 26964 22890 544 20481 512 3041 1 0 5 0 0 0 0 0 0 1 1 R 0
1266 26982 18085 769 18164 715 3202 1 0 0 0 0 0 0 0 0 2 1 R 0
1267 27004 21343 575 21353 542 4661 1 0 0 0 0 0 0 0 0 1 1 R 0
1268 27027 21916 544 21135 517 4350 1 0 4 0 0 0 0 0 0 1 1 R 0
1269 27047 19506 556 19532 530 3954 1 0 0 0 0 0 0 0 0 2 1 R 0
1270 27066 18037 659 18073 633 3607 1 0 0 0 0 0 0 0 0 2 1 R 0
1271 27085 18698 764 18751 702 4485 1 0 0 0 0 0 0 0 0 1 1 R 0
1272 27109 23179 563 21983 535 7264 1 0 4 0 0 0 0 0 0 2 1 R 0
1273 27129 19332 784 19384 749 3886 1 0 0 0 0 0 0 0 0 1 1 R 0
1274 27150 20480 1074 19341 1047 3425 1 0 1 0 0 0 0 0 0 2 1 R 0
1275 27176 25108 758 24147 721 6355 1 0 4 0 0 0 0 0 0 1 1 R 0
1276 27195 18012 673 18049 642 3558 1 0 0 0 0 0 0 0 0 2 1 R 0
1277 27216 20718 564 20732 537 5221 1 0 0 0 0 0 0 0 0 1 1 R 0
1278 27239 22357 556 20888 533 4498 1 0 4 0 0 0 0 0 0 2 1 R 0
1279 27258 18410 721 18452 679 3330 1 0 0 0 0 0 0 0 0 1 1 R 0
1280 27278 18871 741 18927 683 3176 1 0 0 0 0 0 0 0 0 2 1 R 0
1281 27298 19144 690 19182 637 3528 1 0 0 0 0 0 0 0 0 2 1 R 0
1282 27319 20961 616 19967 531 5014 1 0 4 0 0 0 0 0 0 2 1 R 0
1283 27340 20188 937 20210 913 3923 1 0 0 0 0 0 0 0 0 1 1 R 0
1284 27362 20612 546 19608 523 5207 1 0 1 0 0 0 0 0 0 1 1 R 0
1285 27385 22502 565 21233 543 3064 1 0 4 0 0 0 0 0 0 2 1 R 0
1286 27404 18409 668 18457 621 3841 1 0 0 0 0 0 0 0 0 1 1 R 0
1287 27424 19783 564 19796 537 3273 1 0 0 0 0 0 0 0 0 1 1 R 0
1288 27447 22370 570 21039 547 3800 1 0 4 0 0 0 0 0 0 1 1 R 0
1289 27467 18902 832 18985 760 3262 1 0 0 0 0 0 0 0 0 2 1 R 0
1290 27492 24672 537 24677 516 7763 1 0 0 0 0 0 0 0 0 2 1 R 0
1291 27515 21966 715 21173 670 3861 1 0 4 0 0 0 0 0 0 1 1 R 0
1292 27535 19225 558 19243 533 4257 1 0 0 0 0 0 0 0 0 1 1 R 0
1293 27557 21960 560 20408 532 4484 1 0 1 0 0 0 0 0 0 2 1 R 0
1294 27576 17914 631 17945 607 3620 1 0 0 0 0 0 0 0 0 1 1 R 0
1295 27597 21234 697 20314 626 5649 1 0 4 0 0 0 0 0 0 2 1 R 0
1296 27618 20029 675 19667 630 3747 1 0 1 0 0 0 0 0 0 2 1 R 0
1297 27640 20874 569 20886 539 4434 1 0 0 0 0 0 0 0 0 1 1 R 0
1298 27664 23788 541 21607 512 3301 1 0 4 0 0 1 0 0 0 2 1 R 0
1299 27683 18611 651 18639 620 3188 1 0 0 0 0 0 0 0 0 1 1 R 0
1300 27704 19760 699 19838 623 3330 1 0 0 0 0 0 0 0 0 1 1 R 0
1301 27726 22043 541 21184 519 3871 1 0 4 0 0 0 0 0 0 1 1 R 0
1302 27747 20092 2186 20118 1083 4437 1 0 0 0 1 0 0 0 0 2 1 R 0
1303 27768 18877 643 18859 614 3721 1 0 0 0 0 0 0 0 0 1 1 R 0
1304 27787 18690 784 18765 715 3318 1 0 0 0 0 0 0 0 0 2 1 R 0
1305 27813 24644 556 23358 530 6786 1 0 4 0 0 0 0 0 0 2 1 R 0
1306 27833 19728 541 19751 515 3768 1 0 0 0 0 0 0 0 0 1 1 R 0
1307 27853 19549 560 19572 535 4104 1 0 0 0 0 0 0 0 0 1 1 R 0
1308 27876 22468 546 21516 509 3437 1 0 4 0 0 0 0 0 0 2 1 R 0
1309 27895 18536 697 18587 646 3975 1 0 0 0 0 0 0 0 0 1 1 R 0
1310 27915 18798 650 18844 634 3597 1 0 0 0 0 0 0 0 0 2 1 R 0
1311 27938 22706 564 21305 537 4932 1 0 4 0 0 0 0 0 0 1 1 R 0
1312 27960 20936 1112 18678 1078 3761 1 0 1 0 0 0 0 0 0 2 1 R 0
1313 27979 17989 695 18035 660 3507 1 0 0 0 0 0 0 0 0 1 1 R 0
1314 27998 18469 715 18486 697 3218 1 0 0 0 0 0 0 0 0 2 1 R 0
1315 28020 21629 1631 20796 1577 5239 1 0 4 0 0 0 0 0 0 1 1 R 0
1316 28042 20030 543 20017 520 3764 1 0 0 0 0 0 0 0 0 2 1 R 0
1317 28062 19715 583 19739 560 3795 1 0 0 0 0 0 0 0 0 1 1 R 0
1318 28086 22826 571 21729 552 3212 1 0 4 0 0 0 0 0 0 1 1 R 0
1319 28107 21118 573 21132 549 5804 1 0 0 0 0 0 0 0 0 2 1 R 0
1320 28130 21755 579 21782 548 8075 1 0 0 0 0 0 0 0 0 1 1 R 0
1321 28154 23694 545 21264 525 3867 1 0 5 0 0 0 0 0 0 1 1 R 0
1322 28175 20818 593 20838 563 4038 1 0 0 0 0 0 0 0 0 2 1 R 0
1323 28194 17844 675 17885 640 3740 1 0 0 0 0 0 0 0 0 2 1 R 0
1324 28217 23133 559 21619 538 4567 1 0 4 0 0 0 0 0 0 1 1 R 0
1325 28238 19648 565 19672 537 4508 1 0 0 0 0 0 0 0 0 2 1 R 0
1326 28258 19610 564 19636 534 4363 1 0 0 0 0 0 0 0 0 1 1 R 0
1327 28278 19213 679 19266 619 4372 1 0 0 0 0 0 0 0 0 1 1 R 0
1328 28300 21196 567 20300 538 6105 1 0 4 0 0 0 0 0 0 2 1 R 0
1329 28318 18133 882 18224 814 3653 1 0 0 0 0 0 0 0 0 2 1 R 0
1330 28340 20549 607 20550 576 3882 1 0 0 0 0 0 0 0 0 1 1 R 0
1331 28364 23753 559 20808 525 3882 1 0 4 0 0 0 0 0 0 1 1 R 0
1332 28383 18715 655 18767 636 3707 1 0 0 0 0 0 0 0 0 1 1 R 0
1333 28404 19925 1295 19974 1212 3354 1 0 0 0 0 0 0 0 0 1 1 R 0
1334 28427 21520 590 20088 514 3110 1 0 4 0 0 0 0 0 0 2 1 R 0
1335 28450 22930 1053 22952 1032 8073 1 0 0 0 0 0 0 0 0 1 1 R 0
1336 28470 18884 1014 18902 990 4007 1 0 0 0 0 0 0 0 0 3 1 R 0
1337 28489 17410 974 17446 940 3147 1 0 0 0 0 0 0 0 0 1 1 R 0
1338 28513 23290 540 21908 515 3373 1 0 4 0 0 0 0 0 0 2 1 R 0
1339 28532 18828 662 18862 638 3163 1 0 0 0 0 0 0 0 0 1 1 R 0
1340 28553 20019 2152 20033 865 4007 1 0 0 0 1 0 0 0 0 1 1 R 0
1341 28577 21551 556 20294 522 6924 1 0 4 0 0 0 0 0 0 2 1 R 0
1342 28595 17764 735 17865 643 3623 1 0 0 0 0 0 0 0 0 1 1 R 0
1343 28615 19021 721 19043 704 4483 1 0 0 0 0 0 0 0 0 2 1 R 0
1344 28639 23522 547 22450 521 4421 1 0 4 0 0 0 0 0 0 2 1 R 0
1345 28660 20219 572 19758 551 3857 1 0 1 0 0 0 0 0 0 1 1 R 0
1346 28680 19871 1041 19885 1015 3830 1 0 0 0 0 0 0 0 0 1 1 R 0
1347 28699 17859 772 17904 728 3336 1 0 0 0 0 0 0 0 0 2 1 R 0
1348 28722 22582 837 21598 780 3487 1 0 4 0 0 0 0 0 0 1 1 R 0
1349 28743 19461 582 19468 552 3221 1 0 0 0 0 0 0 0 0 2 1 R 0
1350 28767 23452 558 22270 533 8496 1 0 1 0 0 0 0 0 0 1 1 R 0
1351 28788 21014 840 20025 759 6085 1 0 4 0 0 0 0 0 0 1 1 R 0
1352 28807 18062 652 18098 623 3235 1 0 0 0 0 0 0 0 0 2 1 R 0
1353 28827 19389 836 19425 807 4576 1 0 0 0 0 0 0 0 0 2 1 R 0
1354 28851 23370 526 21914 513 4640 1 0 4 0 0 0 0 0 0 1 1 R 0
1355 28873 20546 538 20562 510 4088 1 0 0 0 0 0 0 0 0 2 1 R 0
1356 28893 19527 545 19555 525 3822 1 0 0 0 0 0 0 0 0 1 1 R 0
1357 28915 22367 600 21051 581 3587 1 0 4 0 0 0 0 0 0 1 1 R 0
1358 28934 18285 689 18323 655 3558 1 0 0 0 0 0 0 0 0 2 1 R 0
1359 28955 20289 1894 20349 1032 4456 1 0 0 0 1 0 0 0 0 1 1 R 0
1360 28977 19635 556 19639 531 4248 1 0 0 0 0 0 0 0 0 1 1 R 0
1361 29000 22266 571 20970 544 6474 1 0 4 0 0 0 0 0 0 2 1 R 0
1362 29018 17652 665 17685 648 3510 1 0 0 0 0 0 0 0 0 2 1 R 0
1363 29038 19149 761 19187 725 3863 1 0 0 0 0 0 0 0 0 1 1 R 0
1364 29063 24071 566 22955 546 3849 1 0 4 0 0 0 0 0 0 2 1 R 0
1365 29086 22529 653 22545 628 8676 1 0 0 0 0 0 0 0 0 1 1 R 0
1366 29104 18143 646 18181 625 3804 1 0 0 0 0 0 0 0 0 2 1 R 0
1367 29127 22200 554 20703 531 3727 1 0 4 0 0 0 0 0 0 1 1 R 0
1368 29147 18675 788 18714 742 3717 1 0 0 0 0 0 0 0 0 2 1 R 0
1369 29169 21491 567 20451 541 4073 1 0 1 0 0 0 0 0 0 2 1 R 0
1370 29189 19357 949 19556 743 3927 1 0 0 0 0 0 0 0 0 0 1 R 0
1371 29210 20645 1566 20507 680 4555 1 0 4 0 0 0 0 0 0 2 1 R 0
1372 29229 17428 655 17466 627 3261 1 0 0 0 0 0 0 0 0 2 1 R 0
1373 29250 19619 1434 19701 1368 4145 1 0 0 0 0 0 0 0 0 2 1 R 0
1374 29273 22126 561 20347 541 3837 1 0 4 0 0 0 0 0 0 1 1 R 0
1375 29294 19978 590 20007 544 3844 1 0 0 0 0 0 0 0 0 1 1 R 0
1376 29313 18608 644 18647 625 3221 1 0 0 0 0 0 0 0 0 1 1 R 0
1377 29337 22999 540 21781 516 3866 1 0 4 0 0 0 0 0 0 3 1 R 0
1378 29357 19777 565 19801 539 4233 1 0 0 0 0 0 0 0 0 1 1 R 0
1379 29379 21138 573 19769 542 3885 1 0 1 0 0 0 0 0 0 1 1 R 0
1380 29405 25527 682 24177 651 6764 1 0 4 0 0 0 0 0 0 2 1 R 0
1381 29425 19417 792 19457 774 4070 1 0 0 0 0 0 0 0 0 1 1 R 0
1382 29444 18196 661 18211 631 3551 1 0 0 0 0 0 0 0 0 2 1 R 0
1383 29466 21101 554 21117 524 4716 1 0 0 0 0 0 0 0 0 1 1 R 0
1384 29487 20614 598 19501 544 6493 1 0 4 0 0 0 0 0 0 1 1 R 0
1385 29507 19975 554 20005 521 4369 1 0 0 0 0 0 0 0 0 1 1 R 0
1386 29526 18284 655 18331 650 3561 1 0 0 0 0 0 0 0 0 2 1 R 0
1387 29549 22056 644 20649 639 4039 1 0 4 0 0 0 0 0 0 2 1 R 0
1388 29570 20444 1032 18291 1022 4058 1 0 1 0 0 0 0 0 0 1 1 R 0
1389 29592 20650 543 20658 519 3896 1 0 0 0 0 0 0 0 0 1 1 R 0
1390 29612 19927 676 19311 668 3808 1 0 1 0 0 0 0 0 0 1 1 R 0
1391 29634 21030 901 19755 835 3107 1 0 3 0 0 1 0 0 0 2 1 R 0
1392 29654 19573 541 19565 508 4182 1 0 0 0 0 0 0 0 0 1 1 R 0
1393 29675 20338 570 20372 542 4411 1 0 0 0 0 0 0 0 0 1 1 R 0
1394 29697 21331 605 20293 586 4491 1 0 4 0 0 0 0 0 0 3 1 R 0
1395 29720 22246 911 22261 888 6878 1 0 0 0 0 0 0 0 0 1 1 R 0
1396 29738 16952 692 17014 642 3191 1 0 0 0 0 0 0 0 0 2 1 R 0
1397 29762 23356 2077 22325 715 3464 1 0 5 0 0 0 0 0 0 2 1 R 0
1398 29785 20662 546 20410 526 3807 1 0 1 0 0 0 0 0 0 1 1 R 0
1399 29805 19942 708 19964 683 4541 1 0 0 0 0 0 0 0 0 1 1 R 0
1400 29827 21112 642 20027 613 3609 1 0 4 0 0 0 0 0 0 2 1 R 0
1401 29845 17824 663 17851 655 3726 1 0 0 0 0 0 0 0 0 1 1 R 0
1402 29868 22117 558 21851 534 6079 1 0 1 0 0 0 0 0 0 2 1 R 0
1403 29888 19241 570 19262 540 4094 1 0 0 0 0 0 0 0 0 1 1 R 0
1404 29911 22705 594 21481 552 4499 1 0 4 0 0 0 0 0 0 1 1 R 0
1405 29929 17350 668 17396 623 3292 1 0 0 0 0 0 0 0 0 2 1 R 0
1406 29949 19211 824 19305 731 3401 1 0 0 0 0 0 0 0 0 2 1 R 0
1407 29974 23909 563 20709 537 3376 1 0 4 0 0 0 0 0 0 0 1 R 0
1408 29994 19583 602 19609 570 3791 1 0 0 0 0 0 0 0 0 2 1 R 0
1409 30014 19887 570 19914 547 3636 1 0 0 0 0 0 0 0 0 1 1 R 0
1410 30040 24809 982 23594 959 6644 1 0 4 0 0 0 0 0 0 2 1 R 0
1411 30058 17545 710 17593 666 3263 1 0 0 0 0 0 0 0 0 1 1 R 0
1412 30080 20709 606 20724 592 4277 1 0 0 0 0 0 0 0 0 2 1 R 0
1413 30100 19278 560 19291 530 3869 1 0 0 0 0 0 0 0 0 1 1 R 0
1414 30123 23304 872 21627 799 4751 1 0 4 0 0 0 0 0 0 2 1 R 0
1415 30143 18365 656 18400 641 3101 1 0 0 0 0 0 0 0 0 1 1 R 0
1416 30162 18690 671 18703 639 3255 1 0 0 0 0 0 0 0 0 2 1 R 0
1417 30186 23252 582 20775 555 5344 1 0 5 0 0 0 0 0 0 1 1 R 0
1418 30206 19501 563 19525 530 4519 1 0 0 0 0 0 0 0 0 1 1 R 0
1419 30227 20360 555 20386 528 4348 1 0 0 0 0 0 0 0 0 2 1 R 0
1420 30249 21434 585 19988 534 3908 1 0 4 0 0 0 0 0 0 1 1 R 0
1421 30268 18455 1078 18519 1013 3209 1 0 0 0 0 0 0 0 0 2 1 R 0
1422 30289 19446 684 19468 659 3916 1 0 0 0 0 0 0 0 0 1 1 R 0
1423 30309 20127 654 20162 610 3875 1 0 0 0 0 0 0 0 0 2 1 R 0
1424 30332 21732 592 20016 572 3959 1 0 4 0 0 0 0 0 0 1 1 R 0
1425 30354 21950 635 21988 597 7087 1 0 0 0 0 0 0 0 0 1 1 R 0
1426 30376 20795 913 19596 876 3073 1 0 1 0 0 0 0 0 0 2 1 R 0
1427 30399 22188 573 21038 547 6603 1 0 4 0 0 0 0 0 0 1 1 R 0
1428 30418 19050 650 19096 599 3966 1 0 0 0 0 0 0 0 0 2 1 R 0
1429 30437 17871 746 17928 714 3578 1 0 0 0 0 0 0 0 0 1 1 R 0
1430 30461 23424 552 22216 516 4468 1 0 4 0 0 0 0 0 0 2 1 R 0
1431 30479 17272 658 17309 645 3351 1 0 0 0 0 0 0 0 0 2 1 R 0
1432 30501 21445 535 21435 514 3957 1 0 0 0 0 0 0 0 0 1 1 R 0
1433 30520 18719 1170 18746 1149 4119 1 0 0 0 1 0 0 0 0 1 1 R 0
1434 30543 21566 679 19984 619 3105 1 0 3 0 0 0 0 0 0 2 1 R 0
1435 30563 19057 720 19096 702 3126 1 0 0 0 0 0 0 0 0 1 1 R 0
1436 30584 20783 569 19797 542 4703 1 0 1 0 0 0 0 0 0 1 1 R 0
1437 30607 22070 568 20908 544 4713 1 0 4 0 0 0 0 0 0 1 1 R 0
1438 30627 19625 564 19646 536 4355 1 0 0 0 0 0 0 0 0 2 1 R 0
1439 30645 17792 928 17829 911 3526 1 0 0 0 0 0 0 0 0 1 1 R 0
1440 30673 26297 650 24281 612 7894 1 0 5 0 0 0 0 0 0 2 1 R 0
1441 30693 19308 547 19332 524 3825 1 0 0 0 0 0 0 0 0 1 1 R 0
1442 30713 19315 540 19335 517 3850 1 0 0 0 0 0 0 0 0 1 1 R 0
1443 30734 21309 518 20511 506 3287 1 0 4 0 0 0 0 0 0 2 1 R 0
1444 30754 18841 816 18882 784 3736 1 0 0 0 0 0 0 0 0 1 1 R 0
1445 30775 20652 666 19399 632 3017 1 0 1 0 0 0 0 0 0 2 1 R 0
1446 30796 19918 555 19925 532 4312 1 0 0 0 0 0 0 0 0 1 1 R 0
1447 30818 21557 728 20402 644 6516 1 0 4 0 0 0 0 0 0 2 1 R 0
1448 30837 18742 767 18804 710 4459 1 0 0 0 0 0 0 0 0 1 1 R 0
1449 30858 19574 1225 19652 1152 3659 1 0 0 0 0 0 0 0 0 2 1 R 0
1450 30880 21312 1379 20173 1347 3129 1 0 4 0 0 0 0 0 0 2 1 R 0
1451 30901 19685 526 19693 503 3854 1 0 0 0 0 0 0 0 0 1 1 R 0
1452 30921 19366 591 19402 547 4027 1 0 0 0 0 0 0 0 0 1 1 R 0
1453 30944 22687 546 21381 521 3836 1 0 4 0 0 0 0 0 0 2 1 R 0
1454 30963 17973 664 18001 652 3169 1 0 0 0 0 0 0 0 0 2 1 R 0
1455 30988 23839 572 22262 549 8852 1 0 1 0 0 0 0 0 0 2 1 R 0
1456 31008 19956 563 19982 531 4216 1 0 0 0 0 0 0 0 0 1 1 R 0
1457 31031 22543 536 21594 515 6710 1 0 4 0 0 0 0 0 0 1 1 R 0
1458 31049 17356 678 17406 633 3136 1 0 0 0 0 0 0 0 0 1 1 R 0
1459 31074 24339 626 21278 605 4260 1 0 2 0 0 0 0 0 0 2 1 R 0
1460 31112 37433 542 20197 524 26219 1 2 2 0 0 0 0 0 0 1 1 R 0
1461 31132 19636 524 19650 503 3944 1 0 0 0 0 0 0 0 0 1 1 R 0
1462 31150 17381 3970 17419 2962 3076 1 0 0 0 4 0 0 0 0 1 1 R 0
1463 31176 21516 554 19338 525 3115 1 0 1 0 0 0 0 0 0 3 1 R 0
1464 31194 17868 669 17909 646 3808 1 0 0 0 0 0 0 0 0 2 1 R 0
1465 31216 20973 556 20979 532 4779 1 0 0 0 0 0 0 0 0 1 1 R 0
1466 31238 21664 568 20668 531 5877 1 0 4 0 0 0 0 0 0 2 1 R 0
1467 31257 18528 661 18578 637 3151 1 0 0 0 0 0 0 0 0 1 1 R 0
1468 31276 17931 865 17965 807 3672 1 0 0 0 0 0 0 0 0 2 1 R 0
1469 31299 22883 726 21837 684 5145 1 0 4 0 0 0 0 0 0 1 1 R 0
1470 31323 22952 558 22952 527 8933 1 0 0 0 0 0 0 0 0 1 1 R 0
1471 31344 20621 556 20652 529 3865 1 0 0 0 0 0 0 0 0 2 1 R 0
1472 31366 21549 530 20556 505 3186 1 0 4 0 0 0 0 0 0 1 1 R 0
1473 31386 19498 754 18592 713 3829 1 0 1 0 0 0 0 0 0 2 1 R 0
1474 31407 20069 567 20080 548 4006 1 0 0 0 0 0 0 0 0 1 1 R 0
1475 31427 19614 566 19634 540 4320 1 0 0 0 0 0 0 0 0 1 1 R 0
1476 31450 22117 1189 20910 1150 5946 1 0 4 0 0 0 0 0 0 2 1 R 0
1477 31469 17659 699 17691 670 3549 1 0 0 0 0 0 0 0 0 1 1 R 0
1478 31488 18045 671 18072 648 3307 1 0 0 0 0 0 0 0 0 2 1 R 0
1479 31515 26209 563 24934 539 6341 1 0 4 0 0 0 0 0 0 2 1 R 0
1480 31534 19179 1002 19232 954 4269 1 0 0 0 0 0 0 0 0 1 1 R 0
1481 31556 20797 558 20810 533 4692 1 0 0 0 0 0 0 0 0 1 1 R 0
1482 31579 22716 550 20114 531 3689 1 0 4 0 0 0 0 0 0 2 1 R 0
1483 31598 17976 677 18013 661 3130 1 0 0 0 0 0 0 0 0 1 1 R 0
1484 31621 22737 536 21776 516 4002 1 0 1 0 0 0 0 0 0 2 1 R 0
1485 31647 25199 555 24361 528 8590 1 0 4 0 0 0 0 0 0 1 1 R 0
1486 31666 17976 761 18042 705 3598 1 0 0 0 0 0 0 0 0 2 1 R 0
1487 31686 19361 690 19388 671 4749 1 0 0 0 0 0 0 0 0 2 1 R 0
1488 31705 18755 975 18788 947 4290 1 0 0 0 0 0 0 0 0 1 1 R 0
1489 31728 21675 578 20435 548 6365 1 0 4 0 0 0 0 0 0 2 1 R 0
1490 31748 19880 587 19902 556 4199 1 0 0 0 0 0 0 0 0 1 1 R 0
1491 31768 18954 725 19011 696 3308 1 0 0 0 0 0 0 0 0 1 1 R 0
1492 31793 24452 547 22310 521 4485 1 0 5 0 0 0 0 0 0 2 1 R 0
1493 31813 19498 547 19521 524 3146 1 0 0 0 0 0 0 0 0 2 1 R 0
1494 31833 19233 584 19256 567 3828 1 0 0 0 0 0 0 0 0 1 1 R 0
1495 31856 22886 531 21748 506 4088 1 0 4 0 0 0 0 0 0 1 1 R 0
1496 31875 17876 685 17919 651 3603 1 0 0 0 0 0 0 0 0 2 1 R 0
1497 31894 19099 729 19135 683 4799 1 0 0 0 0 0 0 0 0 2 1 R 0
1498 31916 20615 555 20630 535 4920 1 0 0 0 0 0 0 0 0 1 1 R 0
1499 31938 21400 554 20212 529 6420 1 0 4 0 0 0 0 0 0 2 1 R 0
