# swapstamp frames 1500 skip 300 peer 525
# f t_ms gap_us swap_us crend_us cswap_us clr_us nclr vcs_r ivcs_r vcs_s ivcs_s minf majf cpu0 cpu1 pticks pcpu pstate ctr
0 0 33559 825 33586 803 13610 1 0 0 0 0 0 0 1 1 0 0 R 0
1 22 22047 621 22071 596 5774 1 0 0 0 0 0 0 1 1 2 0 R 0
2 43 19649 560 19667 538 4317 1 0 0 0 0 0 0 1 1 2 0 R 0
3 64 20535 578 20563 548 4233 1 0 0 0 0 0 0 1 1 1 0 R 0
4 94 29926 565 29954 542 6896 1 0 0 0 0 0 0 1 1 1 0 R 0
5 120 25561 560 25579 539 7175 1 0 0 0 0 0 0 1 1 0 0 R 0
6 141 19826 554 19848 526 3856 1 0 0 0 0 0 0 1 1 2 0 R 0
7 163 21245 702 21273 690 4232 1 0 0 0 0 0 0 1 1 1 0 R 0
8 193 29617 913 29712 805 7211 1 0 0 0 0 0 0 1 1 1 0 R 0
9 219 25344 552 25366 525 7117 1 0 0 0 0 0 0 1 1 1 0 R 0
10 241 21060 619 20190 591 4182 1 0 1 0 0 0 0 1 1 1 0 R 0
11 264 22810 821 22835 902 3871 1 0 0 0 0 0 0 1 1 1 0 R 0
12 292 26549 1207 26505 1148 4739 1 0 0 0 0 0 0 1 1 3 0 R 0
13 320 27055 601 27071 575 7126 1 0 0 0 0 0 0 1 1 1 0 R 0
14 340 19379 553 19407 527 4549 1 0 0 0 0 0 0 1 1 1 0 R 0
15 364 23602 579 23636 546 8004 1 0 0 0 0 0 0 1 1 1 0 R 0
16 394 29207 914 29231 896 6860 1 0 0 0 0 0 0 1 1 1 0 R 0
17 424 28947 584 28967 556 7196 1 0 0 0 0 0 0 1 1 1 0 R 0
18 444 19608 559 19630 537 4809 1 0 0 0 0 0 0 1 1 1 0 R 0
19 465 20447 955 20572 827 4202 1 0 0 0 0 0 0 1 1 1 0 R 0
20 494 28119 828 28146 905 4531 1 0 0 0 0 0 0 1 1 1 0 R 0
21 523 28758 564 28676 542 6953 1 0 0 0 0 0 0 1 1 1 0 R 0
22 544 19692 555 19714 532 4408 1 0 0 0 0 0 0 1 1 2 0 R 0
23 566 22047 621 22078 587 4374 1 0 0 0 0 0 0 1 1 1 0 R 0
24 595 27719 916 27746 894 4776 1 0 0 0 0 0 0 1 1 1 0 R 0
25 626 30430 617 30467 578 5444 1 0 0 0 0 0 0 1 1 1 0 R 0
26 649 22556 546 22570 526 4982 1 0 0 0 0 0 0 1 1 1 0 R 0
27 671 21184 589 21209 563 4167 1 0 0 0 0 0 0 1 1 1 0 R 0
28 701 29908 948 30021 833 6295 1 0 0 0 0 0 0 1 1 1 0 R 0
29 730 27291 549 27318 522 7053 1 0 0 0 0 0 0 1 1 1 0 R 0
30 754 23329 581 23360 552 8202 1 0 0 0 0 0 0 1 1 2 0 R 0
31 775 20632 617 20659 588 4221 1 0 0 0 0 0 0 1 1 1 0 R 0
32 805 29448 748 29470 733 6919 1 0 0 0 0 0 0 1 1 2 0 R 0
33 832 26870 570 26887 545 5807 1 0 0 0 0 0 0 1 1 1 0 R 0
34 853 20287 563 20310 538 4612 1 0 0 0 0 0 0 1 1 1 0 R 0
35 875 20683 633 20711 604 4215 1 0 0 0 0 0 0 1 1 1 0 R 0
36 905 29340 922 29364 906 5693 1 0 0 0 0 0 0 1 1 1 0 R 0
37 934 28325 569 28344 542 6903 1 0 0 0 0 0 0 1 1 2 0 R 0
38 955 20686 569 20711 540 4655 1 0 0 0 0 0 0 1 1 1 0 R 0
39 977 20933 581 20964 547 4244 1 0 0 0 0 0 0 1 1 1 0 R 0
40 1004 26899 906 27008 803 4165 1 0 0 0 0 0 0 1 1 1 0 R 0
41 1031 26397 637 26418 610 6566 1 0 0 0 0 0 0 1 1 1 0 R 0
42 1055 22826 586 22859 554 3846 1 0 0 0 0 0 0 1 1 2 0 R 0
43 1075 20012 851 20040 914 4277 1 0 0 0 0 0 0 1 1 1 0 R 0
44 1105 28595 1092 28780 814 3936 1 0 0 0 0 0 0 1 1 2 0 R 0
45 1137 31234 571 31261 544 12817 1 0 0 0 0 0 0 1 1 0 0 R 0
46 1157 19342 557 19365 529 4122 1 0 0 0 0 0 0 1 1 1 0 R 0
47 1179 21129 689 21153 668 3801 1 0 0 0 0 0 0 1 1 2 0 R 0
48 1204 24380 1178 23574 1156 4701 1 0 1 0 0 0 0 1 1 1 0 R 0
49 1233 27888 730 27910 710 4872 1 0 0 0 0 0 0 1 1 1 0 R 0
50 1254 19936 563 19956 534 4707 1 0 0 0 0 0 0 1 1 1 0 R 0
51 1274 19649 559 19676 534 4205 1 0 0 0 0 0 0 1 1 2 0 R 0
52 1301 26755 947 26868 840 5966 1 0 0 0 0 0 0 1 1 1 0 R 0
53 1332 30092 918 30105 904 7211 1 0 0 0 0 0 0 1 1 1 0 R 0
54 1355 21651 570 21666 548 5656 1 0 0 0 0 0 0 1 1 1 0 R 0
55 1375 19947 586 19984 548 4283 1 0 0 0 0 0 0 1 1 1 0 R 0
56 1402 26418 1134 26440 1124 5571 1 0 0 0 0 0 0 1 1 2 0 R 0
57 1433 29446 1145 29465 1124 6499 1 0 0 0 0 0 0 1 1 1 0 R 0
58 1459 25435 740 25461 709 5350 1 0 0 0 0 0 0 1 1 2 0 R 0
59 1480 19583 554 19595 529 4234 1 0 0 0 0 0 0 1 1 2 0 R 0
60 1512 32114 999 32136 980 10952 1 0 0 0 0 0 0 1 1 1 0 R 0
61 1545 31387 695 31407 675 6527 1 0 0 0 0 0 0 1 1 1 0 R 0
62 1566 20110 562 20135 531 4374 1 0 0 0 0 0 0 1 1 1 0 R 0
63 1588 21874 1347 22523 698 4368 1 0 0 0 0 0 0 1 1 1 0 R 0
64 1615 26074 907 26183 804 3916 1 0 0 0 0 0 0 1 1 2 0 R 0
65 1645 29139 722 29157 695 4958 1 0 0 0 0 0 0 1 1 1 0 R 0
66 1666 19320 684 19372 662 3626 1 0 0 0 0 0 0 1 1 1 0 R 0
67 1694 27451 564 24467 536 4498 1 0 1 0 0 1 0 1 1 2 0 R 0
68 1723 28578 1164 28735 1018 5192 1 0 0 0 0 0 0 1 1 1 0 R 0
69 1753 28884 828 28899 808 6992 1 0 0 0 0 0 0 1 1 1 0 R 0
70 1776 21882 569 21903 539 6401 1 0 0 0 0 0 0 1 1 1 0 R 0
71 1797 21222 605 21273 554 4273 1 0 0 0 0 0 0 1 1 1 0 R 0
72 1826 28525 921 28645 807 5016 1 0 0 0 0 0 0 1 1 1 0 R 0
73 1854 26809 556 26827 532 5335 1 0 0 0 0 0 0 1 1 2 0 R 0
74 1874 19573 559 19597 534 4339 1 0 0 0 0 0 0 1 1 1 0 R 0
75 1900 25481 591 25506 562 8090 1 0 0 0 0 0 0 1 1 1 0 R 0
76 1932 30971 888 31018 863 6048 1 0 0 0 0 0 0 1 1 2 0 R 0
77 1956 22715 1064 22726 1041 7453 1 0 0 0 0 0 0 1 1 1 0 R 0
78 1976 19734 607 19750 582 4139 1 0 0 0 0 0 0 1 1 1 0 R 0
79 1998 21053 1550 21119 1488 3988 1 0 0 0 0 0 0 1 1 1 0 R 0
80 2027 27342 977 27365 1053 4691 1 0 0 0 0 0 0 1 1 1 0 R 0
81 2057 28740 805 28663 778 6072 1 0 0 0 0 0 0 1 1 1 0 R 0
82 2078 20193 947 20219 918 4111 1 0 0 0 0 0 0 1 1 2 0 R 0
83 2100 21533 800 21556 785 3835 1 0 0 0 0 0 0 1 1 1 0 R 0
84 2131 29959 829 29974 805 4726 1 0 0 0 0 0 0 1 1 1 0 R 0
85 2161 29352 550 29369 529 6190 1 0 0 0 0 0 0 1 1 1 0 R 0
86 2182 20020 571 20045 545 4049 1 0 0 0 0 0 0 1 1 1 0 R 0
87 2204 21501 648 21531 616 4675 1 0 0 0 0 0 0 1 1 2 0 R 0
88 2235 30212 913 29687 898 4752 1 0 1 0 0 1 0 1 1 1 0 R 0
89 2263 27877 568 27892 542 6489 1 0 0 0 0 0 0 1 1 1 0 R 0
90 2287 23180 617 23207 587 9165 1 0 0 0 0 0 0 1 1 1 0 R 0
91 2310 22072 557 22099 528 3881 1 0 0 0 0 0 0 1 1 2 0 R 0
92 2340 29248 796 29269 778 5385 1 0 0 0 0 0 0 1 1 1 0 R 0
93 2369 28176 1378 28191 1374 7097 1 0 0 0 0 1 0 1 1 1 0 R 0
94 2389 19564 577 19570 555 4218 1 0 0 0 0 0 0 1 1 1 0 R 0
95 2411 20859 564 20883 542 3892 1 0 0 0 0 0 0 1 1 1 0 R 0
96 2441 29969 1156 29993 1138 6430 1 0 0 0 0 0 0 1 1 2 0 R 0
97 2472 29294 983 29310 968 6764 1 0 0 0 0 0 0 1 1 1 0 R 0
98 2494 21343 620 21365 589 6002 1 0 0 0 0 0 0 1 1 1 0 R 0
99 2516 20673 570 20703 540 4159 1 0 0 0 0 0 0 1 1 1 0 R 0
100 2547 30455 995 30486 974 6324 1 0 0 0 0 0 0 1 1 1 0 R 0
101 2574 26340 734 26516 550 6466 1 0 0 0 0 0 0 1 1 1 0 R 0
102 2594 19784 562 19802 536 4613 1 0 0 0 0 0 0 1 1 2 0 R 0
103 2616 20848 583 20880 552 4377 1 0 0 0 0 0 0 1 1 1 0 R 0
104 2646 30091 941 30121 1014 5802 1 0 0 0 0 0 0 1 1 0 0 R 0
105 2681 33370 1351 33299 1418 13721 1 0 0 0 0 0 0 1 1 2 0 R 0
106 2702 19862 554 19786 531 4262 1 0 0 0 0 0 0 1 1 1 0 R 0
107 2726 23518 1344 23803 1083 4225 1 0 0 0 0 0 0 1 1 1 0 R 0
108 2770 42121 863 42125 838 5748 1 0 0 0 0 0 0 1 1 4 0 R 0
109 2791 20585 558 20601 534 4132 1 0 0 0 0 0 0 1 1 1 0 R 0
110 2811 19607 554 19628 530 3837 1 0 0 0 0 0 0 1 1 1 0 R 0
111 2841 29288 1073 29313 1055 6045 1 0 0 0 0 0 0 1 1 2 0 R 0
112 2872 30408 845 30424 826 7050 1 0 0 0 0 0 0 1 1 1 0 R 0
113 2895 21769 566 21787 539 6613 1 0 0 0 0 0 0 1 1 2 0 R 0
114 2916 19968 646 19997 615 4382 1 0 0 0 0 0 0 1 1 1 0 R 0
115 2944 28137 836 28258 723 3933 1 0 0 0 0 0 0 1 1 1 0 R 0
116 2975 29814 966 29848 937 5727 1 0 0 0 0 0 0 1 1 1 0 R 0
117 2997 20942 574 20960 544 3833 1 0 0 0 0 0 0 1 1 1 0 R 0
118 3017 19428 549 19454 521 3831 1 0 0 0 0 0 0 1 1 2 0 R 0
119 3041 23718 832 23740 811 5594 1 0 0 0 0 0 0 1 1 0 0 R 0
120 3074 32050 920 32161 814 12980 1 0 0 0 0 0 0 1 1 1 0 R 0
121 3100 25028 548 25046 524 7275 1 0 0 0 0 0 0 1 1 1 0 R 0
122 3120 19384 624 19414 590 4130 1 0 0 0 0 0 0 1 1 1 0 R 0
123 3145 24020 992 24049 969 3954 1 0 0 0 0 0 0 1 1 3 0 R 0
124 3172 25977 862 25999 844 6051 1 0 0 0 0 0 0 1 1 1 0 R 0
125 3194 21859 572 21876 546 5317 1 0 0 0 0 0 0 1 1 1 0 R 0
126 3216 20686 576 19982 548 5726 1 0 1 0 0 0 0 1 1 1 0 R 0
127 3241 24999 904 25022 887 4289 1 0 0 0 0 0 0 1 1 1 0 R 0
128 3272 30373 941 30392 916 7216 1 0 0 0 0 0 0 1 1 1 0 R 0
129 3300 26870 606 26892 579 7156 1 0 0 0 0 0 0 1 1 1 0 R 0
130 3320 19462 540 19490 513 4091 1 0 0 0 0 0 0 1 1 1 0 R 0
131 3348 26788 1732 26894 1641 4682 1 0 0 0 0 0 0 1 1 2 0 R 0
132 3380 30344 981 30344 969 8067 1 0 0 0 0 0 0 1 1 1 0 R 0
133 3403 22247 554 22263 528 5550 1 0 0 0 0 0 0 1 1 1 0 R 0
134 3422 18816 562 18843 535 4217 1 0 0 0 0 0 0 1 1 1 0 R 0
135 3454 31343 930 31457 819 10405 1 0 0 0 0 0 0 1 1 2 0 R 0
136 3485 29810 921 29830 903 6605 1 0 0 0 0 0 0 1 1 1 0 R 0
137 3507 21362 567 21385 538 4232 1 0 0 0 0 0 0 1 1 0 0 R 0
138 3527 19348 610 19369 584 3957 1 0 0 0 0 0 0 1 1 2 0 R 0
139 3556 27996 923 28116 813 5914 1 0 0 0 0 0 0 1 1 1 0 R 0
140 3586 29387 927 29405 913 6862 1 0 0 0 0 0 0 1 1 1 0 R 0
141 3608 20757 870 20772 852 4536 1 0 0 0 0 0 0 1 1 1 0 R 0
142 3628 18976 1019 19052 936 3749 1 0 0 0 0 0 0 1 1 1 0 R 0
143 3654 25110 811 25130 885 4796 1 0 0 0 0 0 0 1 1 2 0 R 0
144 3685 30379 957 30300 936 6847 1 0 0 0 0 0 0 1 1 1 0 R 0
145 3709 22807 543 22821 523 6218 1 0 0 0 0 0 0 1 1 1 0 R 0
146 3728 18408 955 18434 936 4275 1 0 0 0 0 0 0 1 1 1 0 R 0
147 3755 26277 837 26298 919 3774 1 0 0 0 0 0 0 1 1 1 0 R 0
148 3785 29323 921 29320 816 6464 1 0 0 0 0 0 0 1 1 1 0 R 0
149 3810 23653 561 23675 535 6253 1 0 0 0 0 0 0 1 1 1 0 R 0
150 3833 22696 546 22717 522 7840 1 0 0 0 0 0 0 1 1 2 0 R 0
151 3859 25381 796 25402 880 5550 1 0 0 0 0 0 0 1 1 1 0 R 0
152 3889 29321 1010 29244 993 7219 1 0 0 0 0 0 0 1 1 1 0 R 0
153 3917 26678 557 26695 530 7395 1 0 0 0 0 0 0 1 1 1 0 R 0
154 3938 20441 885 20465 868 3902 1 0 0 0 0 0 0 1 1 1 0 R 0
155 3966 27323 911 27415 811 5558 1 0 0 0 0 0 0 1 1 2 0 R 0
156 3997 30033 924 30058 900 6355 1 0 0 0 0 0 0 1 1 1 0 R 0
157 4019 21664 542 21682 514 4525 1 0 0 0 0 0 0 1 1 2 0 R 0
158 4039 19524 543 19546 522 3867 1 0 0 0 0 0 0 1 1 1 0 R 0
159 4066 26282 1119 26306 1106 5470 1 0 0 0 0 0 0 1 1 1 0 R 0
160 4097 30041 1922 30055 1907 8609 1 0 0 0 0 0 0 1 1 1 0 R 0
161 4121 21941 571 21956 542 4969 1 0 0 0 0 0 0 1 1 2 0 R 0
162 4141 19004 558 19030 538 3784 1 0 0 0 0 0 0 1 1 1 0 R 0
163 4171 29238 1007 28648 1065 6713 1 0 1 0 0 0 0 1 1 1 0 R 0
164 4201 28865 806 28885 694 7406 1 0 0 0 0 0 0 1 1 1 0 R 0
165 4225 23831 648 23877 600 10541 1 0 0 0 0 0 0 1 1 1 0 R 0
166 4245 19265 552 19287 528 4161 1 0 0 0 0 0 0 1 1 1 0 R 0
167 4273 27604 902 27719 796 5957 1 0 0 0 0 0 0 1 1 1 0 R 0
168 4304 29741 822 29758 906 8022 1 0 0 0 0 0 0 1 1 2 0 R 0
169 4326 21027 559 20943 535 4355 1 0 0 0 0 0 0 1 1 1 0 R 0
170 4346 19875 563 19904 534 3917 1 0 0 0 0 0 0 1 1 1 0 R 0
171 4373 26288 925 26309 909 5444 1 0 0 0 0 0 0 1 1 1 0 R 0
172 4404 29877 1002 29996 874 5647 1 0 0 0 0 0 0 1 1 1 0 R 0
173 4430 24817 789 24853 763 6319 1 0 0 0 0 0 0 1 1 1 0 R 0
174 4450 19342 638 19371 590 4186 1 0 0 0 0 0 0 1 1 1 0 R 0
175 4477 26210 933 26335 816 5397 1 0 0 0 0 0 0 1 1 2 0 R 0
176 4502 24038 602 24064 569 6076 1 0 0 0 0 0 0 1 1 1 0 R 0
177 4526 23821 559 23853 530 7103 1 0 0 0 0 0 0 1 1 1 0 R 0
178 4546 19190 563 19219 536 3854 1 0 0 0 0 0 0 1 1 1 0 R 0
179 4570 24100 925 24118 915 3823 1 0 0 0 0 0 0 1 1 1 0 R 0
180 4605 33211 832 33225 904 13586 1 0 0 0 0 0 0 1 1 1 0 R 0
181 4630 24613 550 24533 526 6935 1 0 0 0 0 1 0 1 1 1 0 R 0
182 4650 19693 602 19716 576 3815 1 0 0 0 0 0 0 1 1 1 0 R 0
183 4676 25185 930 25300 828 3862 1 0 0 0 0 0 0 1 1 1 0 R 0
184 4706 28630 991 28649 958 6274 1 0 0 0 0 0 0 1 1 2 0 R 0
185 4730 23441 621 23468 590 6461 1 0 0 0 0 0 0 1 1 1 0 R 0
186 4750 18972 546 19000 518 3868 1 0 0 0 0 0 0 1 1 1 0 R 0
187 4773 22407 569 22438 542 3846 1 0 0 0 0 0 0 1 1 1 0 R 0
188 4800 26976 666 27013 627 7190 1 0 0 0 0 0 0 1 1 1 0 R 0
189 4821 19870 538 19894 514 3737 1 0 0 0 0 0 0 1 1 1 0 R 0
190 4842 20983 564 21009 540 4667 1 0 0 0 0 0 0 1 1 1 0 R 0
191 4868 25232 922 25621 539 4160 1 0 0 0 0 0 0 1 1 1 0 S 0
192 4901 32195 818 32215 894 4963 1 0 0 0 0 0 0 1 1 3 0 R 0
193 4927 25186 578 25109 549 7156 1 0 0 0 0 0 0 1 1 0 0 R 0
194 4949 21628 654 21673 609 3844 1 0 0 0 0 0 0 1 1 1 0 R 0
195 4973 23422 577 23453 541 8239 1 0 0 0 0 1 0 1 1 1 0 R 0
196 5003 29166 2010 29193 2000 5428 1 0 0 0 0 1 0 1 1 1 0 R 0
197 5032 26322 773 26332 742 4857 1 0 0 0 0 0 0 1 1 2 0 R 0
198 5052 19580 576 19607 553 4630 1 0 0 0 0 0 0 1 1 1 0 R 0
199 5074 21409 1316 21451 1281 3813 1 0 0 0 0 0 0 1 1 1 0 R 0
200 5105 29994 1233 30024 1300 5278 1 0 0 0 0 0 0 1 1 2 0 R 0
201 5134 27164 753 27083 730 6323 1 0 0 0 0 0 0 1 1 1 0 R 0
202 5155 20495 569 20522 543 4636 1 0 0 0 0 0 0 1 1 1 0 R 0
203 5176 20832 578 20860 541 4248 1 0 0 0 0 0 0 1 1 1 0 R 0
204 5207 29912 887 29505 778 6347 1 0 1 0 0 0 0 1 1 2 0 R 0
205 5234 26820 567 26842 537 6474 1 0 0 0 0 0 0 1 1 0 0 R 0
206 5255 20515 576 20546 546 4621 1 0 0 0 0 0 0 1 1 3 0 R 0
207 5277 20980 577 21011 542 4222 1 0 0 0 0 0 0 1 1 1 0 R 0
208 5305 27667 989 27694 970 4435 1 0 0 0 0 0 0 1 1 1 0 R 0
209 5335 28806 558 28823 536 5539 1 0 0 0 0 0 0 1 1 1 0 R 0
210 5358 22074 1109 22096 1082 8685 1 0 0 0 0 0 0 1 1 1 0 R 0
211 5381 21915 570 21941 541 4112 1 0 0 0 0 0 0 1 1 1 0 R 0
212 5404 22779 558 22805 534 6282 1 0 0 0 0 0 0 1 1 1 0 R 0
213 5432 27311 869 27422 762 4274 1 0 0 0 0 0 0 1 1 1 0 R 0
214 5453 20030 569 20051 542 4887 1 0 0 0 0 0 0 1 1 2 0 R 0
215 5473 19530 553 19551 529 4281 1 0 0 0 0 0 0 1 1 1 0 R 0
216 5500 26521 969 26551 947 6083 1 0 0 0 0 0 0 1 1 1 0 R 0
217 5531 29945 841 29958 920 7158 1 0 0 0 0 0 0 1 1 1 0 R 0
218 5554 22178 582 22108 551 5975 1 0 0 0 0 0 0 1 1 1 0 R 0
219 5574 19472 562 19495 539 4285 1 0 0 0 0 0 0 1 1 1 0 R 0
220 5601 26572 938 26682 833 5574 1 0 0 0 0 0 0 1 1 2 0 R 0
221 5630 28256 555 28270 532 7350 1 0 0 0 0 0 0 1 1 1 0 R 0
222 5654 23225 571 23255 541 6267 1 0 0 0 0 0 0 1 1 1 0 R 0
223 5674 19031 602 19055 580 4400 1 0 0 0 0 0 0 1 1 1 0 R 0
224 5700 25669 902 25775 799 4255 1 0 0 0 0 0 0 1 1 2 0 R 0
225 5736 34754 941 34777 921 14946 1 0 0 0 0 0 0 1 1 1 0 R 0
226 5759 22573 541 22581 522 5018 1 0 0 0 0 0 0 1 1 1 0 R 0
227 5780 19802 667 19828 640 3858 1 0 0 0 0 0 0 1 1 1 0 R 0
228 5806 25862 919 25885 902 5026 1 0 0 0 0 0 0 1 1 2 0 R 0
229 5837 29524 1068 29625 966 6513 1 0 0 0 0 0 0 1 1 1 0 R 0
230 5860 22877 567 22891 545 5124 1 0 0 0 0 0 0 1 1 1 0 R 0
231 5880 19355 553 19378 528 3752 1 0 0 0 0 0 0 1 1 1 0 R 0
232 5907 25890 939 25927 915 4804 1 0 0 0 0 0 0 1 1 0 0 R 0
233 5939 31555 1065 31564 1162 7497 1 0 0 0 0 0 0 1 1 2 0 R 0
234 5967 26158 770 26106 717 6485 1 0 0 0 0 0 0 1 1 2 0 R 0
235 5986 18892 576 18907 548 3898 1 0 0 0 0 0 0 1 1 2 0 R 0
236 6014 27524 947 27548 927 4576 1 0 0 0 0 0 0 1 1 1 0 R 0
237 6044 28978 916 28995 902 7927 1 0 0 0 0 0 0 1 1 1 0 R 0
238 6067 21574 568 21595 535 4894 1 0 0 0 0 0 0 1 1 1 0 R 0
239 6088 20229 898 20263 869 3846 1 0 0 0 0 0 0 1 1 1 0 R 0
240 6120 31536 899 31642 799 11472 1 0 0 0 0 0 0 1 1 2 0 R 0
241 6152 31116 838 30726 819 7339 1 0 1 0 0 0 0 1 1 1 0 R 0
242 6174 20716 570 20738 541 4521 1 0 0 0 0 0 0 1 1 1 0 R 0
243 6193 18904 1573 18930 1577 4242 1 0 0 0 0 0 0 1 1 2 0 R 0
244 6222 27246 925 27325 818 4268 1 0 0 0 0 0 0 1 1 1 0 R 0
245 6254 30786 574 30811 544 6428 1 0 0 0 0 0 0 1 1 1 0 R 0
246 6275 20903 659 20933 625 4622 1 0 0 0 0 0 0 1 1 2 0 R 0
247 6295 18877 561 18910 530 4168 1 0 0 0 0 0 0 1 1 1 0 R 0
248 6324 28894 1252 28924 1325 4156 1 0 0 0 0 0 0 1 1 1 0 R 0
249 6355 29803 1203 29767 1138 6561 1 0 0 0 0 0 0 1 1 1 0 R 0
250 6376 20158 599 20180 578 4100 1 0 0 0 0 0 0 1 1 2 0 R 0
251 6397 19544 550 19566 522 3807 1 0 0 0 0 0 0 1 1 1 0 R 0
252 6426 28939 926 29049 825 4405 1 0 0 0 0 0 0 1 1 1 0 R 0
253 6457 30446 1773 30466 1760 6499 1 0 0 0 0 0 0 1 1 1 0 R 0
254 6479 19986 659 20003 620 3856 1 0 0 0 0 0 0 1 1 1 0 R 0
255 6505 25005 641 25039 612 7857 1 0 0 0 0 0 0 1 1 1 0 R 0
256 6532 26994 828 27017 908 4604 1 0 0 0 0 0 0 1 1 2 0 R 0
257 6564 30777 599 30698 573 7026 1 0 0 0 0 0 0 1 1 1 0 R 0
258 6584 19294 610 19322 591 4474 1 0 0 0 0 0 0 1 1 1 0 R 0
259 6606 20967 736 20988 705 4222 1 0 0 0 0 0 0 1 1 1 0 R 0
260 6635 29088 984 29112 966 4230 1 0 0 0 0 0 0 1 1 1 0 R 0
261 6665 28860 835 28874 919 6417 1 0 0 0 0 0 0 1 1 1 0 R 0
262 6689 23200 667 23120 637 6993 1 0 0 0 0 0 0 1 1 1 0 R 0
263 6712 21589 661 21616 648 3777 1 0 0 0 0 0 0 1 1 2 0 R 0
264 6740 27905 804 27913 783 5601 1 0 0 0 0 0 0 1 1 1 0 R 0
265 6772 30621 667 30643 644 7172 1 0 0 0 0 0 0 1 1 1 0 R 0
266 6794 21685 571 21712 543 5922 1 0 0 0 0 0 0 1 1 1 0 R 0
267 6816 21320 565 21348 535 4271 1 0 0 0 0 0 0 1 1 1 0 R 0
268 6839 23063 584 23082 564 6169 1 0 0 0 0 0 0 1 1 1 0 R 0
269 6860 19735 532 19760 510 3869 1 0 0 0 0 0 0 1 1 1 0 R 0
270 6885 25133 572 25158 547 8798 1 0 0 0 0 0 0 1 1 2 0 R 0
271 6906 19649 561 19674 537 4407 1 0 0 0 0 0 0 1 1 1 0 R 0
272 6933 26956 918 27061 809 5745 1 0 0 0 0 0 0 1 1 1 0 R 0
273 6965 31174 1230 31212 1199 7188 1 0 0 0 0 0 0 1 1 1 0 R 0
274 6987 21016 909 21036 880 4157 1 0 0 0 0 1 0 1 1 2 0 R 0
275 7007 18960 596 18982 569 3848 1 0 0 0 0 0 0 1 1 1 0 R 0
276 7030 22210 552 22235 526 5076 1 0 0 0 0 0 0 1 1 1 0 R 0
277 7060 28982 558 29011 526 5002 1 0 0 0 0 0 0 1 1 1 0 R 0
278 7084 24120 884 24155 858 5494 1 0 0 0 0 0 0 1 1 1 0 R 0
279 7105 19429 545 19449 521 4233 1 0 0 0 0 0 0 1 1 1 0 R 0
280 7126 20784 557 20809 532 4045 1 0 0 0 0 0 0 1 1 2 0 R 0
281 7155 28439 742 28459 723 6112 1 0 0 0 0 0 0 1 1 1 0 R 0
282 7183 26817 567 26840 539 6423 1 0 0 0 0 0 0 1 1 1 0 R 0
283 7204 21186 572 20712 547 4575 1 0 1 0 0 0 0 1 1 1 0 R 0
284 7226 20885 572 20912 541 4249 1 0 0 0 0 0 0 1 1 2 0 R 0
285 7261 34214 1204 34368 1055 13540 1 0 0 0 0 0 0 1 1 1 0 R 0
286 7286 23765 608 23791 579 7127 1 0 0 0 0 0 0 1 1 1 0 R 0
287 7305 19335 659 19387 608 4577 1 0 0 0 0 0 0 1 1 1 0 R 0
288 7327 20786 583 20813 554 4214 1 0 0 0 0 0 0 1 1 1 0 R 0
289 7357 29016 844 29038 920 4995 1 0 0 0 0 0 0 1 1 1 0 R 0
290 7384 27095 578 27019 552 5648 1 0 0 0 0 0 0 1 1 1 0 R 0
291 7405 20331 567 20357 537 4283 1 0 0 0 0 0 0 1 1 2 0 R 0
292 7427 21390 577 21421 547 4213 1 0 0 0 0 0 0 1 1 1 0 R 0
293 7456 27631 969 27745 962 4485 1 0 0 0 0 0 0 1 1 1 0 R 0
294 7486 29799 622 29725 591 5892 1 0 0 0 0 0 0 1 1 1 0 R 0
295 7507 20176 608 20199 580 4012 1 0 0 0 0 0 0 1 1 2 0 R 0
296 7530 22342 617 22372 579 3943 1 0 0 0 0 0 0 1 1 1 0 R 0
297 7557 26325 666 26360 641 4742 1 0 0 0 0 0 0 1 1 0 0 R 0
298 7587 29384 1958 29409 1950 5607 1 0 0 0 0 1 0 1 1 1 0 R 0
299 7613 23561 578 23562 555 6093 1 0 0 0 0 0 0 1 1 3 0 R 0
300 7637 23480 981 23511 952 8040 1 0 0 0 0 0 0 1 1 0 0 R 0
301 7665 27205 998 27246 963 5605 1 0 0 0 0 0 0 1 1 1 0 R 0
302 7693 27138 574 27154 550 6078 1 0 0 0 0 0 0 1 1 1 0 R 0
303 7714 20585 556 20608 528 4633 1 0 0 0 0 0 0 1 1 3 0 R 0
304 7735 20523 575 20554 543 4283 1 0 0 0 0 0 0 1 1 1 0 R 0
305 7766 30477 612 30510 582 5386 1 0 0 0 0 0 0 1 1 0 0 R 0
306 7793 26562 563 26588 537 5997 1 0 0 0 0 0 0 1 1 2 0 R 0
307 7815 20531 551 20552 526 4376 1 0 0 0 0 0 0 1 1 1 0 R 0
308 7836 21320 561 21345 534 4457 1 0 0 0 0 0 0 1 1 1 0 R 0
309 7866 28854 816 28878 791 4571 1 0 0 0 0 0 0 1 1 1 0 R 0
310 7895 28598 577 28629 546 6784 1 0 0 0 0 0 0 1 1 1 0 R 0
311 7915 19488 633 19531 601 4436 1 0 0 0 0 0 0 1 1 1 0 R 0
312 7936 19584 823 19604 791 4214 1 0 0 0 0 0 0 1 1 1 0 R 0
313 7967 30840 1588 30870 1593 4598 1 0 0 0 0 0 0 1 1 2 0 R 0
314 7997 28007 941 28020 898 5807 1 0 0 0 0 0 0 1 1 2 0 R 0
315 8022 24329 575 24348 549 10260 1 0 0 0 0 0 0 1 1 0 0 R 0
316 8044 21170 570 21196 542 4240 1 0 0 0 0 0 0 1 1 2 0 R 0
317 8074 29184 909 29300 793 6390 1 0 0 0 0 0 0 1 1 1 0 R 0
318 8101 26385 563 26409 541 7194 1 0 0 0 0 0 0 1 1 1 0 R 0
319 8122 20113 536 20132 511 4039 1 0 0 0 0 0 0 1 1 1 0 R 0
320 8143 21325 650 21353 626 4658 1 0 0 0 0 0 0 1 1 1 0 R 0
321 8175 31092 940 30807 920 6344 1 0 1 0 0 0 0 1 1 2 0 R 0
322 8202 25776 623 25792 601 6753 1 0 0 0 0 0 0 1 1 1 0 R 0
323 8223 20551 575 20577 542 4441 1 0 0 0 0 1 0 1 1 1 0 R 0
324 8268 44347 1643 28494 1622 9829 1 0 7 0 0 0 0 1 1 2 0 R 0
325 8301 30999 793 30994 771 6747 1 0 0 0 0 0 0 1 1 1 0 R 0
326 8322 20628 583 20655 555 4798 1 0 0 0 0 0 0 1 1 1 0 R 0
327 8342 19521 561 19545 532 4212 1 0 0 0 0 0 0 1 1 1 0 R 0
328 8370 27435 1167 27482 1134 4655 1 0 0 0 0 0 0 1 1 1 0 R 0
329 8401 29448 825 29460 800 7019 1 0 0 0 0 0 0 1 1 1 0 R 0
330 8426 24312 572 24339 544 9366 1 0 0 0 0 0 0 1 1 1 0 R 0
331 8446 19563 1400 19591 1386 3799 1 0 0 0 0 0 0 1 1 2 0 R 0
332 8475 27236 970 27248 956 4055 1 0 0 0 0 0 0 1 1 1 0 R 0
333 8503 27173 917 27188 901 3855 1 0 0 0 0 0 0 1 1 1 0 R 0
334 8526 22305 563 22317 540 5877 1 0 0 0 0 0 0 1 1 1 0 R 0
335 8546 19164 564 19189 538 3795 1 0 0 0 0 0 0 1 1 1 0 R 0
336 8573 26745 981 26768 966 5980 1 0 0 0 0 0 0 1 1 2 0 R 0
337 8604 30111 1368 30225 1248 6488 1 0 0 0 0 0 0 1 1 1 0 R 0
338 8630 24917 553 24936 530 6529 1 0 0 0 0 0 0 1 1 1 0 R 0
339 8651 20025 1428 20044 1413 3836 1 0 0 0 0 0 0 1 1 1 0 R 0
340 8679 26467 907 26482 895 4521 1 0 0 0 0 0 0 1 1 1 0 R 0
341 8709 28764 935 28890 805 7298 1 0 0 0 0 0 0 1 1 1 0 R 0
342 8731 21430 606 21449 579 4061 1 0 0 0 0 0 0 1 1 2 0 R 0
343 8751 19149 548 19176 518 3853 1 0 0 0 0 0 0 1 1 1 0 R 0
344 8778 26798 1554 27421 943 6191 1 0 0 0 0 0 0 1 1 1 0 R 0
345 8805 25659 572 25676 545 13673 1 0 0 0 0 0 0 1 1 1 0 R 0
346 8826 20269 559 20297 530 5196 1 0 0 0 0 0 0 1 1 1 0 R 0
347 8847 20137 600 20168 568 3835 1 0 0 0 0 0 0 1 1 1 0 R 0
348 8869 21995 1158 22018 1137 3916 1 0 0 0 0 0 0 1 1 1 0 R 0
349 8899 28719 900 28733 896 6285 1 0 0 0 0 0 0 1 1 1 0 R 0
350 8924 23675 576 23689 548 6628 1 0 0 0 0 0 0 1 1 3 0 R 0
351 8945 20596 555 20618 536 4463 1 0 0 0 0 0 0 1 1 1 0 R 0
352 8966 20771 804 20830 734 4237 1 0 0 0 0 0 0 1 1 1 0 R 0
353 8996 29135 1092 29165 1076 5823 1 0 0 0 0 0 0 1 1 1 0 R 0
354 9026 29073 572 29095 540 5802 1 0 0 0 0 0 0 1 1 1 0 R 0
355 9046 19245 549 19270 522 4170 1 0 0 0 0 0 0 1 1 1 0 R 0
356 9068 20719 1852 20750 1833 3893 1 0 0 0 0 0 0 1 1 1 0 R 0
357 9100 30761 924 30894 784 5296 1 0 0 0 0 0 0 1 1 1 0 R 0
358 9127 25463 617 25482 592 7370 1 0 0 0 0 0 0 1 1 2 0 R 0
359 9149 21520 525 21537 504 4227 1 0 0 0 0 0 0 1 1 1 0 R 0
360 9173 23586 1211 23629 1190 8146 1 0 0 0 0 0 0 1 1 1 0 R 0
361 9217 43360 1364 42471 1243 7536 1 0 1 0 0 0 0 1 1 4 0 R 0
362 9243 24779 737 24789 707 4666 1 0 0 0 0 0 0 1 1 2 0 R 0
363 9263 19210 550 19223 530 4172 1 0 0 0 0 0 0 1 1 2 0 R 0
364 9291 27009 810 27028 879 5284 1 0 0 0 0 0 0 1 1 1 0 R 0
365 9322 30029 928 30044 821 7019 1 0 0 0 0 0 0 1 1 1 0 R 0
366 9344 21370 567 21394 538 4927 1 0 0 0 0 0 0 1 1 1 0 R 0
367 9364 19449 551 19471 530 4106 1 0 0 0 0 1 0 1 1 2 0 R 0
368 9392 27133 978 27167 953 5994 1 0 0 0 0 0 0 1 1 1 0 R 0
369 9423 30294 830 30309 810 6682 1 0 0 0 0 0 0 1 1 1 0 R 0
370 9445 20960 615 20983 587 5470 1 0 0 0 0 0 0 1 1 1 0 R 0
371 9465 19515 554 19538 526 4229 1 0 0 0 0 0 0 1 1 1 0 R 0
372 9492 26889 655 27004 541 5517 1 0 0 0 0 0 0 1 1 1 0 R 0
373 9523 29703 820 29729 882 7475 1 0 0 0 0 0 0 1 1 1 0 R 0
374 9549 25334 586 25264 562 7123 1 0 0 0 0 0 0 1 1 1 0 R 0
375 9574 24845 1223 24926 1153 8126 1 0 0 0 0 0 0 1 1 3 0 R 0
376 9603 27565 766 27578 748 4176 1 0 0 0 0 0 0 1 1 1 0 R 0
377 9631 26823 565 26848 532 6728 1 0 0 0 0 0 0 1 1 1 0 R 0
378 9651 19742 565 19770 539 4390 1 0 0 0 0 0 0 1 1 1 0 R 0
379 9672 20616 571 20644 544 4170 1 0 0 0 0 0 0 1 1 1 0 R 0
380 9700 27124 924 27241 801 6148 1 0 0 0 0 0 0 1 1 1 0 R 0
381 9727 25856 575 25888 547 5930 1 0 0 0 0 0 0 1 1 1 0 R 0
382 9750 22890 558 22914 532 5324 1 0 0 0 0 0 0 1 1 1 0 R 0
383 9770 19241 605 19263 580 3853 1 0 0 0 0 0 0 1 1 2 0 R 0
384 9795 24233 939 24262 920 3857 1 0 0 0 0 0 0 1 1 1 0 R 0
385 9826 30129 898 30229 791 6503 1 0 0 0 0 0 0 1 1 1 0 R 0
386 9851 24090 558 24109 537 6623 1 0 0 0 0 0 0 1 1 1 0 R 0
387 9871 19845 544 19867 520 3865 1 0 0 0 0 0 0 1 1 2 0 R 0
388 9893 20978 766 21005 748 3854 1 0 0 0 0 0 0 1 1 1 0 R 0
389 9924 30194 1491 30304 1385 5508 1 0 0 0 0 0 0 1 1 1 0 R 0
390 9951 26046 578 26059 549 13863 1 0 0 0 0 0 0 1 1 1 0 R 0
391 9972 19748 578 19770 559 3814 1 0 0 0 0 0 0 1 1 2 0 R 0
392 9995 22927 905 23038 796 3864 1 0 0 0 0 0 0 1 1 1 0 R 0
393 10027 30523 918 30626 814 6491 1 0 0 0 0 0 0 1 1 1 0 R 0
394 10052 24460 586 24480 559 6373 1 0 0 0 0 0 0 1 1 1 0 R 0
395 10072 19546 603 19581 571 4567 1 0 0 0 0 0 0 1 1 1 0 R 0
396 10093 20735 565 20762 533 4233 1 0 0 0 0 0 0 1 1 1 0 R 0
397 10124 30193 943 30221 932 7498 1 0 0 0 0 0 0 1 1 1 0 R 0
398 10151 26107 546 25829 518 6116 1 0 1 0 0 0 0 1 1 1 0 R 0
399 10172 20109 564 20137 540 4734 1 0 0 0 0 0 0 1 1 1 0 R 0
400 10193 20975 558 21000 532 4261 1 0 0 0 0 0 0 1 1 1 0 R 0
401 10223 29309 2496 29331 2589 6539 1 0 0 0 0 1 0 1 1 2 0 R 0
402 10256 30241 885 30148 865 5781 1 0 0 0 0 0 0 1 1 1 0 R 0
403 10278 20927 984 20950 953 4553 1 0 0 0 0 0 0 1 1 1 0 R 0
404 10301 21654 947 21680 923 4286 1 0 0 0 0 0 0 1 1 1 0 R 0
405 10334 32979 914 33084 818 12960 1 0 0 0 0 0 0 1 1 1 0 R 0
406 10364 28633 627 28649 604 6466 1 0 0 0 0 0 0 1 1 2 0 R 0
407 10385 20395 566 20419 538 4618 1 0 0 0 0 0 0 1 1 1 0 R 0
408 10413 27673 821 27700 795 4243 1 0 0 0 0 0 0 1 1 1 0 R 0
409 10434 19561 551 19584 524 4276 1 0 0 0 0 0 0 1 1 1 0 R 0
410 10453 18542 548 18570 520 4214 1 0 0 0 0 0 0 1 1 1 0 R 0
411 10476 22828 568 22854 546 4888 1 0 0 0 0 0 0 1 1 2 0 R 0
412 10497 20580 1336 20608 1313 3922 1 0 0 0 0 0 0 1 1 1 0 R 0
413 10525 26034 998 26047 976 4090 1 0 0 0 0 0 0 1 1 1 0 R 0
414 10557 30932 624 21534 597 2310 1 1 8 0 1 0 0 0 1 1 0 R 1
415 10577 20297 910 18927 888 4163 1 0 0 0 0 0 0 1 1 1 0 R 0
416 10600 21878 712 21897 692 4036 1 0 0 0 0 0 0 1 1 1 0 R 0
417 10629 28334 706 28350 692 3997 1 0 0 0 0 0 0 1 1 1 0 R 0
418 10659 29395 541 29411 522 5020 1 0 0 0 0 0 0 1 1 1 0 R 0
419 10680 20390 583 20411 558 4107 1 0 0 0 0 0 0 1 1 2 0 R 0
420 10705 23958 567 23991 534 8039 1 0 0 0 0 0 0 1 1 1 0 R 0
421 10734 28355 1366 28468 1351 5712 1 0 0 0 0 0 0 1 1 2 0 R 0
422 10763 27847 566 27778 545 6311 1 0 0 0 0 0 0 1 1 1 0 R 0
423 10784 20729 677 20768 629 4569 1 0 0 0 0 0 0 1 1 1 0 R 0
424 10807 21627 583 21661 553 4265 1 0 0 0 0 0 0 1 1 1 0 R 0
425 10837 30041 1584 30068 1665 4820 1 0 0 0 0 0 0 1 1 1 0 R 0
426 10865 25925 913 25836 893 5963 1 0 0 0 0 0 0 1 1 1 0 R 0
427 10889 22872 677 22897 642 6259 1 0 0 0 0 0 0 1 1 1 0 R 0
428 10910 21165 708 21197 682 3776 1 0 0 0 0 0 0 1 1 1 0 R 0
429 10936 25178 930 25205 912 4529 1 0 0 0 0 0 0 1 1 2 0 R 0
430 10967 30218 1487 30232 1481 7003 1 0 0 0 0 0 0 1 1 1 0 R 0
431 10990 21041 589 21045 562 3823 1 0 0 0 0 0 0 1 1 1 0 R 0
432 11012 21064 550 21087 527 3766 1 0 0 0 0 0 0 1 1 1 0 R 0
433 11044 31523 951 31638 837 5657 1 0 0 0 0 0 0 1 1 2 0 R 0
434 11073 28817 1228 28840 1206 6510 1 0 0 0 0 0 0 1 1 1 0 R 0
435 11100 25309 636 25341 597 12453 1 0 0 0 0 0 0 1 1 2 0 R 0
436 11124 23422 1715 23463 1689 3882 1 0 0 0 0 0 0 1 1 1 0 R 0
437 11155 29567 933 29677 818 6494 1 0 0 0 0 0 0 1 1 1 0 R 0
438 11186 29635 562 29653 535 6544 1 0 0 0 0 0 0 1 1 0 0 R 0
439 11207 20531 561 19928 530 5088 1 0 1 0 0 0 0 1 1 2 0 R 0
440 11234 26757 1133 26909 990 5593 1 0 0 0 0 0 0 1 1 1 0 R 0
441 11257 21515 558 21534 529 4625 1 0 0 0 0 0 0 1 1 1 0 R 0
442 11277 19283 566 19310 540 3836 1 0 0 0 0 0 0 1 1 2 0 R 0
443 11302 24207 589 24230 567 5214 1 0 0 0 0 0 0 1 1 1 0 R 0
444 11325 22466 844 22487 926 4799 1 0 0 0 0 0 0 1 1 1 0 R 0
445 11354 28903 973 28820 953 5700 1 0 0 0 0 0 0 1 1 1 0 R 0
446 11382 26305 558 26326 533 6973 1 0 0 0 0 0 0 1 1 1 0 R 0
447 11402 19427 557 19449 533 4599 1 0 0 0 0 0 0 1 1 1 0 R 0
448 11423 20930 742 20977 709 3916 1 0 0 0 0 0 0 1 1 1 0 R 0
449 11453 28817 1097 28917 988 6918 1 0 0 0 0 0 0 1 1 1 0 R 0
450 11484 29746 572 29767 546 14080 1 0 0 0 0 0 0 1 1 2 0 R 0
451 11505 20583 560 20608 532 4694 1 0 0 0 0 1 0 1 1 1 0 R 0
452 11526 20580 753 20631 711 4239 1 0 0 0 0 0 0 1 1 1 0 R 0
453 11567 40876 1958 40924 1912 5426 1 0 0 0 0 0 0 1 1 5 0 R 0
454 11602 32284 789 32312 756 8313 1 0 0 0 0 0 0 1 1 2 0 R 0
455 11623 20422 888 20519 781 3852 1 0 0 0 0 0 0 1 1 2 0 R 0
456 11651 26898 797 26922 863 4217 1 0 0 0 0 0 0 1 1 1 0 R 0
457 11682 30815 859 30748 837 6244 1 0 0 0 0 0 0 1 1 1 0 R 0
458 11702 19239 561 19260 534 4465 1 0 0 0 0 0 0 1 1 1 0 R 0
459 11723 19536 587 19565 561 4184 1 0 0 0 0 0 0 1 1 2 0 R 0
460 11752 29096 926 29120 909 4222 1 0 0 0 0 0 0 1 1 1 0 R 0
461 11783 29533 562 29550 534 7240 1 0 0 0 0 1 0 1 1 1 0 R 0
462 11804 21152 553 21178 528 4639 1 0 0 0 0 0 0 1 1 1 0 R 0
463 11824 19438 558 19467 528 4175 1 0 0 0 0 0 0 1 1 1 0 R 0
464 11853 28050 938 28077 926 4082 1 0 0 0 0 0 0 1 1 1 0 R 0
465 11888 33612 1142 33719 1027 14414 1 0 0 0 0 0 0 1 1 2 0 R 0
466 11908 19101 1050 19122 1030 4043 1 0 0 0 0 0 0 1 1 1 0 R 0
467 11928 19166 2060 20314 917 3853 1 0 0 0 0 0 0 1 1 1 0 R 0
468 11957 26811 920 26902 820 3846 1 0 0 0 0 0 0 1 1 1 0 R 0
469 11987 29433 1803 29537 1707 6604 1 0 0 0 0 0 0 1 1 2 0 R 0
470 12009 20333 677 20359 648 4325 1 0 0 0 0 0 0 1 1 1 0 R 0
471 12030 20133 1372 20141 1361 3836 1 0 0 0 0 0 0 1 1 1 0 R 0
472 12057 25504 909 25601 807 4352 1 0 0 0 0 0 0 1 1 1 0 R 0
473 12086 27616 934 27730 812 6095 1 0 0 0 0 0 0 1 1 2 0 R 0
474 12109 22240 568 22253 552 4505 1 0 0 0 0 0 0 1 1 1 0 R 0
475 12128 18439 909 18462 891 3924 1 0 0 0 0 0 0 1 1 1 0 R 0
476 12158 28932 1450 28596 1438 5183 1 0 1 0 0 0 0 1 1 1 0 R 0
477 12189 30257 748 30194 700 7619 1 0 0 0 0 0 0 1 1 1 0 R 0
478 12211 21079 601 21110 576 4520 1 0 0 0 0 0 0 1 1 1 0 R 0
479 12232 20489 566 20512 543 3837 1 0 0 0 0 0 0 1 1 1 0 R 0
480 12266 32751 1176 32778 1168 11828 1 0 0 0 0 0 0 1 1 2 0 R 0
481 12296 28854 814 28856 898 6663 1 0 0 0 0 0 0 1 1 1 0 R 0
482 12317 20286 599 20205 574 4042 1 0 0 0 0 0 0 1 1 1 0 R 0
483 12336 18872 554 18896 531 3860 1 0 0 0 0 0 0 1 1 1 0 R 0
484 12366 29740 900 29760 878 4096 1 0 0 0 0 0 0 1 1 1 0 R 0
485 12398 30189 1374 30212 1372 6401 1 0 0 0 0 0 0 1 1 1 0 R 0
486 12418 18770 975 18769 951 3853 1 0 0 0 0 0 0 1 1 1 0 R 0
487 12439 20808 546 20827 522 3853 1 0 0 0 0 0 0 1 1 1 0 R 0
488 12468 27888 1503 27916 1479 4737 1 0 0 0 0 0 0 1 1 2 0 R 0
489 12499 29953 969 29974 950 7363 1 0 0 0 0 0 0 1 1 1 0 R 0
490 12524 23903 568 23923 542 7166 1 0 0 0 0 0 0 1 1 1 0 R 0
491 12547 22244 576 22271 546 4168 1 0 0 0 0 0 0 1 1 1 0 R 0
492 12576 28527 964 28552 1051 4728 1 0 0 0 0 0 0 1 1 1 0 R 0
493 12606 29228 574 29142 550 6664 1 0 0 0 0 0 0 1 1 1 0 R 0
494 12627 20517 935 20543 907 4021 1 0 0 0 0 0 0 1 1 2 0 R 0
495 12654 25356 570 25383 541 7589 1 0 0 0 0 0 0 1 1 1 0 R 0
496 12681 26561 686 26583 666 6764 1 0 0 0 0 0 0 1 1 1 0 R 0
497 12708 26405 1530 26427 1515 4351 1 0 0 0 0 0 0 1 1 1 0 R 0
498 12731 21824 672 21851 635 4436 1 0 0 0 0 0 0 1 1 2 0 R 0
499 12753 21382 574 21408 544 3853 1 0 0 0 0 0 0 1 1 1 0 R 0
500 12783 29219 864 29243 944 5716 1 0 0 0 0 0 0 1 1 2 0 R 0
501 12814 29807 1394 29817 1300 6892 1 0 0 0 0 0 0 1 1 1 0 R 0
502 12836 20709 604 20715 573 6656 1 0 0 0 0 0 0 1 1 1 0 R 0
503 12858 21305 2058 21338 2150 3846 1 0 0 0 0 1 0 1 1 1 0 R 0
504 12903 42904 1723 42838 1804 7820 1 0 0 0 0 0 0 1 1 3 0 R 0
505 12929 24856 780 24790 734 4929 1 0 0 0 0 0 0 1 1 2 0 R 0
506 12955 24931 905 25015 790 7125 1 0 0 0 0 0 0 1 1 2 0 R 0
507 12985 29039 862 29069 832 4583 1 0 0 0 0 0 0 1 1 1 0 R 0
508 13015 29002 572 29026 550 5773 1 0 0 0 0 0 0 1 1 1 0 R 0
509 13035 19575 569 19596 541 4427 1 0 0 0 0 0 0 1 1 1 0 R 0
510 13061 25288 1341 25314 1334 7979 1 0 0 0 0 0 0 1 1 1 0 R 0
511 13085 22865 574 22876 538 6059 1 0 0 0 0 0 0 1 1 2 0 R 0
512 13106 19962 925 20041 853 4449 1 0 0 0 0 0 0 1 1 1 0 R 0
513 13130 23165 607 23184 582 3849 1 0 0 0 0 0 0 1 1 1 0 R 0
514 13149 19106 553 19133 528 4152 1 0 0 0 0 0 0 1 1 2 0 R 0
515 13175 24747 961 24775 942 3853 1 0 0 0 0 0 0 1 1 1 0 R 0
516 13207 31164 833 30038 911 6331 1 0 1 0 0 0 0 1 1 0 0 R 0
517 13231 23459 546 23373 526 6493 1 0 0 0 0 0 0 1 1 1 0 R 0
518 13251 19740 544 19765 514 3897 1 0 0 0 0 0 0 1 1 2 0 R 0
519 13276 24449 884 24479 877 4288 1 0 0 0 0 0 0 1 1 2 0 R 0
520 13307 30114 1492 30127 1477 6941 1 0 0 0 0 0 0 1 1 1 0 R 0
521 13335 26090 800 26098 779 7483 1 0 0 0 0 0 0 1 1 0 0 R 0
522 13357 21465 559 21487 531 4335 1 0 0 0 0 0 0 1 1 1 0 R 0
523 13386 27909 1207 28061 1163 5407 1 0 0 0 0 0 0 1 1 2 0 R 0
524 13417 29837 922 29753 911 5403 1 0 0 0 0 0 0 1 1 1 0 R 0
525 13446 27785 577 27797 546 13424 1 0 0 0 0 0 0 1 1 1 0 R 0
526 13467 20634 641 20732 549 4251 1 0 0 0 0 0 0 1 1 1 0 R 0
527 13494 27016 735 27036 712 3883 1 0 0 0 0 0 0 1 1 2 0 R 0
528 13516 20984 561 21007 534 5243 1 0 0 0 0 0 0 1 1 1 0 R 0
529 13540 23466 644 23513 597 3867 1 0 0 0 0 0 0 1 1 1 0 R 0
530 13561 19804 564 19829 536 4062 1 0 0 0 0 0 0 1 1 1 0 R 0
531 13585 23851 935 23881 915 4611 1 0 0 0 0 0 0 1 1 1 0 R 0
532 13617 30783 905 30890 797 6489 1 0 0 0 0 0 0 1 1 1 0 R 0
533 13642 23943 619 23958 593 5751 1 0 0 0 0 0 0 1 1 2 0 R 0
534 13662 19343 556 19367 531 4625 1 0 0 0 0 0 0 1 1 1 0 R 0
535 13687 25159 1482 25186 1466 3842 1 0 0 0 0 0 0 1 1 1 0 R 0
536 13720 31035 903 31134 792 5683 1 0 0 0 0 0 0 1 1 1 0 R 0
537 13742 21716 565 21742 536 5654 1 0 0 0 0 0 0 1 1 1 0 R 0
538 13763 19789 545 19813 523 4214 1 0 0 0 0 0 0 1 1 2 0 R 0
539 13786 22576 826 22605 804 4231 1 0 0 0 0 0 0 1 1 1 0 R 0
540 13821 34497 817 34514 885 14047 1 0 0 0 0 0 0 1 1 1 0 R 0
541 13850 27914 553 27845 526 5990 1 0 0 0 0 0 0 1 1 1 0 R 0
542 13870 19165 544 19189 519 3894 1 0 0 0 0 0 0 1 1 1 0 R 0
543 13899 29002 969 29031 944 6098 1 0 0 0 0 0 0 1 1 2 0 R 0
544 13929 28420 797 28437 778 6584 1 0 0 0 0 0 0 1 1 1 0 R 0
545 13951 21708 596 21730 569 7398 1 0 0 0 0 0 0 1 1 1 0 R 0
546 13972 20025 544 20052 518 3903 1 0 0 0 0 0 0 1 1 1 0 R 0
547 13999 26672 837 26692 828 6266 1 0 0 0 0 0 0 1 1 1 0 R 0
548 14030 29971 1093 30065 994 7050 1 0 0 0 0 0 0 1 1 1 0 R 0
549 14053 22537 548 22554 524 5834 1 0 0 0 0 0 0 1 1 3 0 R 0
550 14073 19112 559 19141 528 4223 1 0 0 0 0 0 0 1 1 1 0 R 0
551 14100 26025 900 26123 805 5428 1 0 0 0 0 0 0 1 1 1 0 R 0
552 14131 30166 1138 30185 1132 7419 1 0 0 0 0 0 0 1 1 1 0 R 0
553 14155 23550 559 23353 525 5894 1 0 1 0 0 0 0 1 1 1 0 R 0
554 14175 19309 660 19346 620 3869 1 0 0 0 0 1 0 1 1 1 0 R 0
555 14206 29776 939 29899 832 9929 1 0 0 0 0 0 0 1 1 2 0 R 0
556 14238 31055 1691 30521 1680 6623 1 0 1 0 0 0 0 1 1 1 0 R 0
557 14262 22320 558 22327 533 4459 1 0 0 0 0 0 0 1 1 1 0 R 0
558 14281 18666 555 18691 530 3837 1 0 0 0 0 0 0 1 1 1 0 R 0
559 14306 24650 916 24677 892 5958 1 0 0 0 0 0 0 1 1 1 0 R 0
560 14339 32025 916 32138 800 6757 1 0 0 0 0 0 0 1 1 1 0 R 0
561 14362 21665 556 21688 528 4658 1 0 0 0 0 0 0 1 1 1 0 R 0
562 14382 19743 572 19771 544 4715 1 0 0 0 0 0 0 1 1 2 0 R 0
563 14404 21396 758 21429 725 5195 1 0 0 0 0 0 0 1 1 1 0 R 0
564 14433 28731 933 28845 826 5625 1 0 0 0 0 0 0 1 1 1 0 R 0
565 14460 25200 617 25213 596 7471 1 0 0 0 0 0 0 1 1 1 0 R 0
566 14480 19736 717 19801 677 3975 1 0 0 0 0 0 0 1 1 1 0 R 0
567 14506 24982 568 24982 545 3537 1 0 0 0 0 0 0 1 1 1 0 R 0
568 14537 30471 924 30495 901 7022 1 0 0 0 0 0 0 1 1 2 0 R 0
569 14561 23260 599 23278 572 6863 1 0 0 0 0 0 0 1 1 1 0 R 0
570 14583 21675 560 21703 534 8116 1 0 0 0 0 0 0 1 1 1 0 R 0
571 14610 26501 917 26526 896 4245 1 0 0 0 0 0 0 1 1 1 0 R 0
572 14641 29589 905 29609 888 7512 1 0 0 0 0 0 0 1 1 1 0 R 0
573 14663 21821 593 21837 568 6231 1 0 0 0 0 0 0 1 1 1 0 R 0
574 14683 19316 610 19360 566 4276 1 0 0 0 0 0 0 1 1 1 0 R 0
575 14705 21303 567 21330 538 4220 1 0 0 0 0 0 0 1 1 1 0 R 0
576 14735 29367 912 29478 807 4139 1 0 0 0 0 0 0 1 1 2 0 R 0
577 14761 24457 553 24473 531 5489 1 0 0 0 0 0 0 1 1 1 0 R 0
578 14780 19247 557 19267 530 4234 1 0 0 0 0 0 0 1 1 1 0 R 0
579 14803 21634 565 21662 537 4288 1 0 0 0 0 1 0 1 1 1 0 R 0
580 14832 29215 975 29242 950 6301 1 0 0 0 0 0 0 1 1 2 0 R 0
581 14861 27274 560 27299 532 6785 1 0 0 0 0 0 0 1 1 1 0 R 0
582 14881 20015 556 20040 534 3880 1 0 0 0 0 0 0 1 1 1 0 R 0
583 14903 21408 714 21462 658 3843 1 0 0 0 0 0 0 1 1 1 0 R 0
584 14933 29212 816 29235 900 5590 1 0 0 0 0 0 0 1 1 1 0 R 0
585 14965 31345 592 31266 562 14609 1 0 0 0 0 0 0 1 1 2 0 R 0
586 14986 19802 567 19829 538 4624 1 0 0 0 0 0 0 1 1 1 0 R 0
587 15007 20657 2058 20702 2045 4239 1 0 0 0 0 0 0 1 1 1 0 R 0
588 15034 25260 1097 25250 1087 4453 1 0 0 0 0 0 0 1 1 1 0 R 0
589 15064 29156 928 29172 905 6644 1 0 0 0 0 0 0 1 1 1 0 R 0
590 15088 23163 659 23181 631 6350 1 0 0 0 0 0 0 1 1 2 0 R 0
591 15112 22724 798 22339 866 3719 1 0 1 0 0 0 0 1 1 1 0 R 0
592 15142 29005 984 28938 974 7198 1 0 0 0 0 0 0 1 1 1 0 R 0
593 15173 30067 889 30154 784 7175 1 0 0 0 0 0 0 1 1 1 0 R 0
594 15196 22077 563 21340 532 5193 1 0 1 0 0 0 0 1 1 2 0 R 0
595 15221 24290 914 24407 803 4286 1 0 0 0 0 0 0 1 1 1 0 R 0
596 15245 23279 575 23302 546 6334 1 0 0 0 0 0 0 1 1 1 0 R 0
597 15264 19068 1094 19132 1034 4245 1 0 0 0 0 0 0 1 1 1 0 R 0
598 15287 21655 579 21687 549 4245 1 0 0 0 0 0 0 1 1 1 0 R 0
599 15307 19545 1987 19571 2070 3824 1 0 0 0 0 0 0 1 1 2 0 R 0
600 15341 32178 829 32090 911 10902 1 0 0 0 0 0 0 1 1 1 0 R 0
601 15370 28192 560 28105 534 7068 1 0 0 0 0 0 0 1 1 1 0 R 0
602 15390 19019 613 19045 589 4019 1 0 0 0 0 0 0 1 1 1 0 R 0
603 15410 19203 1739 19227 1728 3847 1 0 0 0 0 0 0 1 1 1 0 R 0
604 15441 29110 856 29120 835 4545 1 0 0 0 0 0 0 1 1 1 0 R 0
605 15471 29690 1625 29942 1383 7736 1 0 0 0 0 1 0 1 1 2 0 R 0
606 15493 19945 624 19969 587 4372 1 0 0 0 0 0 0 1 1 1 0 R 0
607 15516 22204 743 22230 716 4218 1 0 0 0 0 0 0 1 1 1 0 R 0
608 15543 27115 973 27138 959 4272 1 0 0 0 0 0 0 1 1 1 0 R 0
609 15574 29253 993 29267 974 7170 1 0 0 0 0 0 0 1 1 1 0 R 0
610 15594 19686 1099 19707 1090 4475 1 0 0 0 0 0 0 1 1 1 0 R 0
611 15616 20219 907 20313 804 4200 1 0 0 0 0 0 0 1 1 2 0 R 0
612 15645 27998 1162 28017 1143 3868 1 0 0 0 0 0 0 1 1 1 0 R 0
613 15676 30504 857 30519 837 5712 1 0 0 0 0 0 0 1 1 1 0 R 0
614 15697 20123 599 20144 571 4059 1 0 0 0 0 0 0 1 1 1 0 R 0
615 15723 24761 558 24785 529 7718 1 0 0 0 0 0 0 1 1 2 0 R 0
616 15751 28272 818 28298 894 5445 1 0 0 0 0 0 0 1 1 1 0 R 0
617 15781 28732 569 28659 542 7308 1 0 0 0 0 0 0 1 1 1 0 R 0
618 15802 20113 551 20136 525 4111 1 0 0 0 0 0 0 1 1 1 0 R 0
619 15825 22654 611 22682 581 4607 1 0 0 0 0 0 0 1 1 1 0 R 0
620 15854 28586 964 28613 946 5558 1 0 0 0 0 0 0 1 1 1 0 R 0
621 15884 29055 573 29075 547 5627 1 0 0 0 0 0 0 1 1 2 0 R 0
622 15905 19960 600 19987 571 4519 1 0 0 0 0 0 0 1 1 1 0 R 0
623 15926 20956 568 20984 541 4169 1 0 0 0 0 0 0 1 1 1 0 R 0
624 15952 24816 562 24837 534 4096 1 0 0 0 0 0 0 1 1 1 0 R 0
625 15980 27891 771 27915 761 5756 1 0 0 0 0 0 0 1 1 2 0 R 0
626 16003 21709 549 21722 520 4523 1 0 0 0 0 0 0 1 1 1 0 R 0
627 16023 19934 562 19963 533 4198 1 0 0 0 0 0 0 1 1 1 0 R 0
628 16052 28298 919 28325 902 4872 1 0 0 0 0 0 0 1 1 1 0 R 0
629 16083 30182 661 30199 637 6746 1 0 0 0 0 0 0 1 1 1 0 R 0
630 16107 22961 563 22985 534 9107 1 0 0 0 0 0 0 1 1 2 0 R 0
631 16128 20579 1437 20692 1335 3915 1 0 0 0 0 0 0 1 1 1 0 R 0
632 16157 27561 1067 27579 1046 4204 1 0 0 0 0 0 0 1 1 1 0 R 0
633 16188 29768 1463 29868 1368 8061 1 0 0 0 0 0 0 1 1 1 0 R 0
634 16209 20116 626 20123 603 3950 1 0 0 0 0 0 0 1 1 1 0 R 0
635 16233 23575 648 23036 630 3845 1 0 1 0 0 0 0 1 1 1 0 R 0
636 16261 27125 911 27145 896 4744 1 0 0 0 0 0 0 1 1 2 0 R 0
637 16292 30138 569 30152 545 7192 1 0 0 0 0 0 0 1 1 1 0 R 0
638 16312 19353 643 19379 615 4601 1 0 0 0 0 0 0 1 1 1 0 R 0
639 16334 21465 922 21584 801 4692 1 0 0 0 0 0 0 1 1 1 0 R 0
640 16365 29420 824 29450 799 4541 1 0 0 0 0 0 0 1 1 1 0 R 0
641 16394 28737 565 28760 540 6467 1 0 0 0 0 0 0 1 1 2 0 R 0
642 16415 19919 572 19949 541 4480 1 0 0 0 0 0 0 1 1 1 0 R 0
643 16436 20830 1113 21005 940 4383 1 0 0 0 0 0 0 1 1 1 0 R 0
644 16465 28017 951 28038 929 3809 1 0 0 0 0 0 0 1 1 1 0 R 0
645 16498 31770 1092 31795 1071 13595 1 0 0 0 0 0 0 1 1 2 0 R 0
646 16519 19863 536 19874 518 4075 1 0 0 0 0 0 0 1 1 1 0 R 0
647 16541 21964 539 21984 512 4193 1 0 0 0 0 1 0 1 1 2 0 R 0
648 16570 27938 904 28054 800 5250 1 0 0 0 0 0 0 1 1 1 0 R 0
649 16600 29255 556 29269 532 7385 1 0 0 0 0 0 0 1 1 1 0 R 0
650 16620 19315 809 19368 756 4132 1 0 0 0 0 0 0 1 1 1 0 R 0
651 16642 21428 743 21468 699 3711 1 0 0 0 0 0 0 1 1 1 0 R 0
652 16671 27954 945 27975 923 4690 1 0 0 0 0 0 0 1 1 1 0 R 0
653 16702 30166 558 30187 535 7251 1 0 0 0 0 0 0 1 1 1 0 R 0
654 16723 20414 595 20441 564 4714 1 0 0 0 0 0 0 1 1 1 0 R 0
655 16744 21032 884 21191 729 4256 1 0 0 0 0 0 0 1 1 1 0 R 0
656 16773 27428 1065 27449 1043 4527 1 0 0 0 0 0 0 1 1 2 0 R 0
657 16803 28694 555 28712 533 7506 1 0 0 0 0 0 0 1 1 1 0 R 0
658 16823 20007 553 20030 527 4384 1 0 0 0 0 0 0 1 1 1 0 R 0
659 16845 21339 940 21372 923 4259 1 0 0 0 0 0 0 1 1 2 0 R 0
660 16879 32771 812 32772 805 11428 1 0 0 0 0 0 0 1 1 1 0 R 0
661 16905 25863 573 25883 543 7464 1 0 0 0 0 0 0 1 1 1 0 R 0
662 16926 20193 557 20216 531 4325 1 0 0 0 0 0 0 1 1 1 0 R 0
663 16947 20711 1548 20743 1540 3899 1 0 0 0 0 0 0 1 1 1 0 R 0
664 16975 26201 1088 26204 1073 3950 1 0 0 0 0 0 0 1 1 1 0 R 0
665 17006 30159 560 30173 536 6144 1 0 0 0 0 0 0 1 1 1 0 R 0
666 17027 19918 558 19945 528 4157 1 0 0 0 0 0 0 1 1 1 0 R 0
667 17047 19998 906 20026 882 4004 1 0 0 0 0 0 0 1 1 1 0 R 0
668 17078 29298 1711 29322 1687 4559 1 0 0 0 0 0 0 1 1 2 0 R 0
669 17110 30211 945 30244 912 7947 1 0 0 0 0 0 0 1 1 1 0 R 0
670 17131 20479 539 20494 513 4158 1 0 0 0 0 0 0 1 1 2 0 R 0
671 17152 20112 828 20143 800 3846 1 0 0 0 0 0 0 1 1 1 0 R 0
672 17180 27298 793 27315 772 4304 1 0 0 0 0 0 0 1 1 1 0 R 0
673 17213 32429 571 31649 549 10271 1 0 1 0 0 0 0 1 1 1 0 R 0
674 17234 20533 556 20559 528 4435 1 0 0 0 0 0 0 1 1 2 0 R 0
675 17260 25755 574 25782 547 7985 1 0 0 0 0 0 0 1 1 1 0 R 0
676 17289 28361 897 28384 883 6422 1 0 0 0 0 0 0 1 1 1 0 R 0
677 17316 26184 619 26205 588 7168 1 0 0 0 0 0 0 1 1 1 0 R 0
678 17338 20442 1015 20469 1007 4329 1 0 0 0 0 0 0 1 1 1 0 R 0
679 17360 21416 624 21496 521 3804 1 0 0 0 0 0 0 1 1 2 0 R 0
680 17388 27129 1444 27157 1431 4525 1 0 0 0 0 0 0 1 1 1 0 R 0
681 17420 30897 641 30902 620 8124 1 0 0 0 0 0 0 1 1 1 0 R 0
682 17442 20925 591 20948 567 4263 1 0 0 0 0 0 0 1 1 1 0 R 0
683 17463 20804 775 20848 740 3868 1 0 0 0 0 0 0 1 1 1 0 R 0
684 17493 29453 901 29557 792 5103 1 0 0 0 0 0 0 1 1 1 0 R 0
685 17521 26931 555 26949 527 7439 1 0 0 0 0 0 0 1 1 2 0 R 0
686 17542 19989 591 20013 567 3985 1 0 0 0 0 0 0 1 1 1 0 R 0
687 17564 21788 667 21909 543 3865 1 0 0 0 0 0 0 1 1 1 0 R 0
688 17593 28368 986 28398 967 4714 1 0 0 0 0 0 0 1 1 1 0 R 0
689 17624 30086 556 30101 529 7229 1 0 0 0 0 0 0 1 1 1 0 R 0
690 17651 26071 563 26093 542 13141 1 0 0 0 0 0 0 1 1 2 0 R 0
691 17673 21575 935 21685 826 3817 1 0 0 0 0 0 0 1 1 1 0 R 0
692 17704 29816 571 29840 548 6523 1 0 0 0 0 0 0 1 1 1 0 R 0
693 17730 25360 749 25381 726 6442 1 0 0 0 0 0 0 1 1 1 0 R 0
694 17750 19423 653 19448 621 4295 1 0 0 0 0 0 0 1 1 1 0 R 0
695 17772 21392 555 21420 528 4250 1 0 0 0 0 0 0 1 1 2 0 R 0
696 17800 27885 939 27997 827 6143 1 0 0 0 0 0 0 1 1 1 0 R 0
697 17830 28900 550 28922 528 6967 1 0 0 0 0 0 0 1 1 1 0 R 0
698 17851 20511 597 20536 568 3877 1 0 0 0 0 0 0 1 1 1 0 R 0
699 17872 20703 710 20742 694 3773 1 0 0 0 0 0 0 1 1 1 0 R 0
700 17902 28671 956 28677 934 5325 1 0 0 0 0 0 0 1 1 2 0 R 0
701 17931 27879 556 27897 538 7121 1 0 0 0 0 0 0 1 1 1 0 R 0
702 17951 19904 560 19926 528 4367 1 0 0 0 0 0 0 1 1 1 0 R 0
703 17975 23637 615 23681 570 5096 1 0 0 0 0 0 0 1 1 1 0 R 0
704 18005 28738 922 28764 904 5847 1 0 0 0 0 0 0 1 1 1 0 R 0
705 18041 34991 783 35010 756 13378 1 0 0 0 0 0 0 1 1 1 0 R 0
706 18062 20790 656 20818 626 4408 1 0 0 0 0 0 0 1 1 1 0 R 0
707 18086 22797 935 22914 819 4229 1 0 0 0 0 0 0 1 1 2 0 R 0
708 18120 33188 2136 33215 2237 5790 1 0 0 0 0 1 0 1 1 1 0 R 0
709 18145 23571 569 23469 539 6777 1 0 0 0 0 0 0 1 1 1 0 R 0
710 18166 20149 573 19783 541 5171 1 0 1 0 0 0 0 1 1 1 0 R 0
711 18191 24718 813 24749 884 3666 1 0 0 0 0 0 0 1 1 1 0 R 0
712 18221 29170 822 29099 896 6910 1 0 0 0 0 0 0 1 1 1 0 R 0
713 18248 25479 976 25408 944 6497 1 0 0 0 0 0 0 1 1 2 0 R 0
714 18268 19192 898 19219 875 3889 1 0 0 0 0 0 0 1 1 1 0 R 0
715 18292 23315 975 23436 949 3805 1 0 0 0 0 0 0 1 1 1 0 R 0
716 18323 29802 1008 29724 1098 7181 1 0 0 0 0 0 0 1 1 1 0 R 0
717 18347 23448 613 23363 587 7239 1 0 0 0 0 0 0 1 1 1 0 R 0
718 18367 19297 546 19321 517 3906 1 0 0 0 0 0 0 1 1 2 0 R 0
719 18391 23131 809 23158 785 3807 1 0 0 0 0 0 0 1 1 1 0 R 0
720 18425 33616 945 33735 928 13116 1 0 0 0 0 0 0 1 1 1 0 R 0
721 18452 25827 616 25748 588 6117 1 0 0 0 0 0 0 1 1 1 0 R 0
722 18472 19644 576 19670 548 4327 1 0 0 0 0 0 0 1 1 1 0 R 0
723 18496 23373 1084 23635 834 4212 1 0 0 0 0 0 0 1 1 2 0 R 0
724 18526 29089 740 29107 712 6703 1 0 0 0 0 0 0 1 1 0 0 R 0
725 18552 24285 555 24309 528 6267 1 0 0 0 0 0 0 1 1 2 0 R 0
726 18572 19617 554 19640 530 4622 1 0 0 0 0 0 0 1 1 1 0 R 0
727 18593 21221 766 21246 749 3843 1 0 0 0 0 0 0 1 1 1 0 R 0
728 18620 25535 965 25548 945 5058 1 0 0 0 0 0 0 1 1 1 0 R 0
729 18647 26758 909 26784 889 6251 1 0 0 0 0 0 0 1 1 1 0 R 0
730 18669 20694 651 20722 628 4109 1 0 0 0 0 0 0 1 1 1 0 R 0
731 18691 21264 639 21276 611 3722 1 0 0 0 0 0 0 1 1 1 0 R 0
732 18719 26877 1049 27132 795 4029 1 0 0 0 0 0 0 1 1 3 0 R 0
733 18749 29804 555 29823 535 7390 1 0 0 0 0 0 0 1 1 1 0 R 0
734 18770 20454 765 20498 725 4089 1 0 0 0 0 0 0 1 1 1 0 R 0
735 18800 28804 907 28831 885 8105 1 0 0 0 0 0 0 1 1 3 0 R 0
736 18829 28384 796 28389 877 5526 1 0 0 0 0 0 0 1 1 0 0 R 0
737 18859 28490 867 28407 863 7387 1 0 0 0 0 0 0 1 1 2 0 R 0
738 18882 22599 566 22611 538 4911 1 0 0 0 0 0 0 1 1 2 0 R 0
739 18905 22208 928 22241 905 4288 1 0 0 0 0 0 0 1 1 1 0 R 0
740 18936 29947 933 29966 904 6718 1 0 0 0 0 1 0 1 1 1 0 R 0
741 18962 25477 626 25505 596 5932 1 0 0 0 0 0 0 1 1 1 0 R 0
742 18983 19972 573 20004 541 4212 1 0 0 0 0 0 0 1 1 2 0 R 0
743 19004 21039 1202 21205 1039 4223 1 0 0 0 0 0 0 1 1 1 0 R 0
744 19036 30936 824 30960 893 5943 1 0 0 0 0 0 0 1 1 1 0 R 0
745 19063 25433 560 25367 531 6620 1 0 0 0 0 0 0 1 1 1 0 R 0
746 19083 19546 556 19570 530 4618 1 0 0 0 0 0 0 1 1 1 0 R 0
747 19105 21893 580 21928 547 4237 1 0 0 0 0 0 0 1 1 1 0 R 0
748 19137 31302 833 31406 731 6017 1 0 0 0 0 0 0 1 1 2 0 R 0
749 19167 28855 926 28955 914 6329 1 0 0 0 0 0 0 1 1 1 0 R 0
750 19193 25190 560 24714 536 10386 1 0 1 0 0 0 0 1 1 1 0 R 0
751 19220 26917 984 26939 1074 5443 1 0 0 0 0 0 0 1 1 1 0 R 0
752 19252 30928 740 30840 719 7631 1 0 0 0 0 0 0 1 1 1 0 R 0
753 19279 25437 532 25447 513 7031 1 0 0 0 0 0 0 1 1 2 0 R 0
754 19300 20832 537 20855 515 4263 1 0 0 0 0 0 0 1 1 1 0 R 0
755 19326 25239 610 25266 584 4248 1 0 0 0 0 0 0 1 1 1 0 R 0
756 19345 18681 562 18707 534 4247 1 0 0 0 0 0 0 1 1 1 0 R 0
757 19366 20169 555 20193 532 4268 1 0 0 0 0 0 0 1 1 1 0 R 0
758 19390 23853 547 23875 525 5894 1 0 0 0 0 0 0 1 1 2 0 R 0
759 19411 20737 571 20762 541 3874 1 0 0 0 0 0 0 1 1 1 0 R 0
760 19442 30017 1016 30062 1361 6153 1 0 0 0 0 0 0 1 1 1 0 R 0
761 19469 26001 545 25636 519 5934 1 0 0 0 0 0 0 1 1 1 0 R 0
762 19489 19958 539 19982 513 3849 1 0 0 0 0 0 0 1 1 1 0 R 0
763 19512 22193 727 22249 676 3868 1 0 0 0 0 0 0 1 1 1 0 R 0
764 19541 27952 859 28060 847 6033 1 0 0 0 0 0 0 1 1 1 0 R 0
765 19572 30662 576 30584 556 13178 1 0 0 0 0 0 0 1 1 1 0 R 0
766 19593 19942 584 19965 555 4607 1 0 0 0 0 0 0 1 1 2 0 R 0
767 19613 19763 570 19792 543 4355 1 0 0 0 0 0 0 1 1 1 0 R 0
768 19642 28270 880 28389 772 4849 1 0 0 0 0 0 0 1 1 1 0 R 0
769 19672 28938 566 28947 541 7291 1 0 0 0 0 0 0 1 1 1 0 R 0
770 19692 19892 569 19916 545 4463 1 0 0 0 0 0 0 1 1 1 0 R 0
771 19715 21755 562 21783 533 4265 1 0 0 0 0 0 0 1 1 1 0 R 0
772 19744 28374 914 28400 897 5043 1 0 0 0 0 0 0 1 1 1 0 R 0
773 19773 28862 591 28880 566 7429 1 0 0 0 0 0 0 1 1 1 0 R 0
774 19794 20122 553 20143 528 4482 1 0 0 0 0 0 0 1 1 2 0 R 0
775 19815 20038 914 20155 799 4231 1 0 0 0 0 0 0 1 1 1 0 R 0
776 19845 29234 938 29256 925 3856 1 0 0 0 0 0 0 1 1 1 0 R 0
777 19873 27061 573 27079 540 5402 1 0 0 0 0 0 0 1 1 1 0 R 0
778 19893 20032 563 20056 534 4784 1 0 0 0 0 0 0 1 1 1 0 R 0
779 19913 18951 596 18979 569 4330 1 0 0 0 0 0 0 1 1 1 0 R 0
780 19945 31844 920 31969 803 9141 1 0 0 0 0 0 0 1 1 3 0 R 0
781 19977 30331 908 30440 793 6600 1 0 0 0 0 0 0 1 1 0 0 R 0
782 19997 19798 570 19821 543 4169 1 0 0 0 0 0 0 1 1 2 0 R 0
783 20018 19624 2715 19651 2709 3830 1 0 0 0 0 0 0 1 1 1 0 R 0
784 20046 25995 923 26000 901 3814 1 0 0 0 0 0 0 1 1 1 0 R 0
785 20077 29656 736 29677 823 6290 1 0 0 0 0 0 0 1 1 1 0 R 0
786 20099 21037 546 20942 528 3878 1 0 0 0 0 0 0 1 1 2 0 R 0
787 20118 18387 960 18411 938 3893 1 0 0 0 0 0 0 1 1 1 0 R 0
788 20146 27532 843 27555 921 5372 1 0 0 0 0 0 0 1 1 1 0 R 0
789 20178 30984 1297 30381 1280 8285 1 0 1 0 0 0 0 1 1 1 0 R 0
790 20200 21230 536 21244 510 4529 1 0 0 0 0 0 0 1 1 1 0 R 0
791 20221 19612 534 19637 508 3773 1 0 0 0 0 0 0 1 1 2 0 R 0
792 20249 27785 895 27805 887 5816 1 0 0 0 0 0 0 1 1 1 0 R 0
793 20279 29189 851 29199 828 6804 1 0 0 0 0 0 0 1 1 1 0 R 0
794 20300 20486 563 20513 533 4271 1 0 0 0 0 0 0 1 1 1 0 R 0
795 20323 22291 546 22320 519 8274 1 0 0 0 0 0 0 1 1 1 0 R 0
796 20351 26964 815 26985 796 5234 1 0 0 0 0 0 0 1 1 1 0 R 0
797 20382 30158 934 30179 925 7071 1 0 0 0 0 0 0 1 1 2 0 R 0
798 20403 20690 554 20700 526 4764 1 0 0 0 0 0 0 1 1 1 0 R 0
799 20423 19521 544 19544 520 4212 1 0 0 0 0 0 0 1 1 1 0 R 0
800 20451 27425 945 27534 839 5939 1 0 0 0 0 0 0 1 1 1 0 R 0
801 20481 28773 809 28793 889 7169 1 0 0 0 0 0 0 1 1 1 0 R 0
802 20507 25075 839 24999 816 7145 1 0 0 0 0 0 0 1 1 1 0 R 0
803 20528 20659 546 20681 515 3938 1 0 0 0 0 0 0 1 1 1 0 R 0
804 20556 27342 929 27452 826 4503 1 0 0 0 0 0 0 1 1 2 0 R 0
805 20585 27906 827 27926 812 6433 1 0 0 0 0 0 0 1 1 0 0 R 0
806 20608 21823 961 21835 944 4855 1 0 0 0 0 0 0 1 1 3 0 R 0
807 20629 19872 547 19878 540 3941 1 0 0 0 0 0 0 1 1 1 0 R 0
808 20655 25535 1103 25637 994 5741 1 0 0 0 0 0 0 1 1 1 0 R 0
809 20686 30292 1050 30402 942 6952 1 0 0 0 0 0 0 1 1 1 0 R 0
810 20712 24312 1860 24333 1854 9981 1 0 0 0 0 1 0 1 1 1 0 R 0
811 20734 20465 572 20471 542 5524 1 0 0 0 0 0 0 1 1 1 0 R 0
812 20763 28162 995 28313 847 3993 1 0 0 0 0 0 0 1 1 2 0 R 0
813 20791 27162 820 27185 798 6553 1 0 0 0 0 0 0 1 1 1 0 R 0
814 20812 20695 639 20716 613 4626 1 0 0 0 0 0 0 1 1 1 0 R 0
815 20833 19621 579 19644 556 4605 1 0 0 0 0 0 0 1 1 1 0 R 0
816 20861 27863 923 27980 808 5737 1 0 0 0 0 0 0 1 1 2 0 R 0
817 20891 28918 1131 29025 1137 7165 1 0 0 0 0 0 0 1 1 1 0 R 0
818 20914 22388 559 22300 526 5680 1 0 0 0 0 0 0 1 1 1 0 R 0
819 20934 19443 553 19472 524 4355 1 0 0 0 0 0 0 1 1 1 0 R 0
820 20959 24097 1039 24127 1031 5443 1 0 0 0 0 0 0 1 1 1 0 R 0
821 21001 41297 1038 41324 1009 8174 1 0 0 0 0 0 0 1 1 3 0 R 0
822 21025 23089 745 23116 713 3977 1 0 0 0 0 0 0 1 1 2 0 R 0
823 21049 23120 541 23129 514 4221 1 0 0 0 0 0 0 1 1 3 0 R 0
824 21078 27961 1892 28009 1883 5749 1 0 0 0 0 0 0 1 1 0 0 R 0
825 21110 30164 594 30148 569 13120 1 0 0 0 0 0 0 1 1 1 0 R 0
826 21130 19525 547 19551 521 4285 1 0 0 0 0 0 0 1 1 3 0 R 0
827 21151 20962 962 21033 894 3894 1 0 0 0 0 0 0 1 1 1 0 R 0
828 21176 23901 916 24014 809 5486 1 0 0 0 0 0 0 1 1 0 0 R 0
829 21210 32445 552 31227 525 5978 1 0 1 0 0 0 0 1 1 1 0 R 0
830 21230 19452 542 19475 516 3976 1 0 0 0 0 0 0 1 1 1 0 R 0
831 21252 22035 587 22064 559 3882 1 0 0 0 0 0 0 1 1 3 0 R 0
832 21281 28507 821 28532 891 5547 1 0 0 0 0 0 0 1 1 1 0 R 0
833 21313 31089 1250 31016 1237 7592 1 0 0 0 0 1 0 1 1 0 0 R 0
834 21336 21810 566 21829 538 4850 1 0 0 0 0 0 0 1 1 1 0 R 0
835 21360 23422 789 23445 762 3842 1 0 0 0 0 0 0 1 1 1 0 R 0
836 21389 27470 674 27499 641 6585 1 0 0 0 0 0 0 1 1 1 0 R 0
837 21415 26032 604 26062 576 5296 1 0 0 0 0 0 0 1 1 3 0 R 0
838 21435 19451 565 19477 538 4831 1 0 0 0 0 0 0 1 1 1 0 R 0
839 21458 21832 984 21862 955 4177 1 0 0 0 0 0 0 1 1 1 0 R 0
840 21490 31369 891 31471 791 11241 1 0 0 0 0 0 0 1 1 1 0 R 0
841 21549 57848 665 33414 639 7229 1 3 5 0 0 34 0 1 1 1 0 R 0
842 21576 26794 1164 26903 1191 5003 1 0 0 0 0 4 0 1 1 2 0 R 0
843 21607 29833 1553 29724 1671 7501 1 0 0 0 0 1 0 1 1 1 0 R 0
844 21636 27145 885 27085 811 5688 1 0 0 0 0 0 0 1 1 1 0 R 0
845 21661 24382 717 24419 682 3868 1 0 0 0 0 0 0 1 1 1 0 R 0
846 21690 27978 808 27984 791 4302 1 0 0 0 0 0 0 1 1 2 0 R 0
847 21720 29568 971 29598 933 7144 1 0 0 0 0 0 0 1 1 1 0 R 0
848 21744 22253 566 22282 540 6830 1 0 0 0 0 0 0 1 1 0 0 R 0
849 21765 21037 564 21064 532 4254 1 0 0 0 0 0 0 1 1 1 0 R 0
850 21795 28968 925 29088 818 5980 1 0 0 0 0 0 0 1 1 2 0 R 0
851 21823 26876 580 26889 560 7040 1 0 0 0 0 0 0 1 1 1 0 R 0
852 21843 20039 554 20060 529 4449 1 0 0 0 0 0 0 1 1 1 0 R 0
853 21865 20875 723 20994 606 4195 1 0 0 0 0 0 0 1 1 1 0 R 0
854 21893 27223 934 27331 828 4479 1 0 0 0 0 0 0 1 1 1 0 R 0
855 21926 32125 571 32148 544 13087 1 0 0 0 0 0 0 1 1 1 0 R 0
856 21946 19650 592 19671 571 4525 1 0 0 0 0 0 0 1 1 1 0 R 0
857 21967 20695 730 20805 619 3700 1 0 0 0 0 0 0 1 1 2 0 R 0
858 21995 27430 922 27538 811 4230 1 0 0 0 0 0 0 1 1 1 0 R 0
859 22026 29892 563 29918 537 6489 1 0 0 0 0 0 0 1 1 1 0 R 0
860 22046 19316 565 19342 537 4074 1 0 0 0 0 0 0 1 1 2 0 R 0
861 22066 19522 1927 19567 1894 3837 1 0 0 0 0 0 0 1 1 1 0 R 0
862 22096 27917 909 28008 809 4915 1 0 0 0 0 0 0 1 1 1 0 R 0
863 22120 23465 746 23484 821 6970 1 0 0 0 0 0 0 1 1 1 0 R 0
864 22143 21651 553 21577 529 4295 1 0 0 0 0 0 0 1 1 2 0 R 0
865 22166 22314 577 21926 546 5452 1 0 1 0 0 0 0 1 1 1 0 R 0
866 22192 26155 925 26175 910 5874 1 0 0 0 0 0 0 1 1 1 0 R 0
867 22223 29771 823 29787 804 7556 1 0 0 0 0 0 0 1 1 1 0 R 0
868 22246 21775 613 21805 580 5093 1 0 0 0 0 0 0 1 1 1 0 R 0
869 22266 19673 562 19697 532 4267 1 0 0 0 0 0 0 1 1 1 0 R 0
870 22292 25561 806 25586 781 11365 1 0 0 0 0 0 0 1 1 2 0 R 0
871 22315 21853 599 21879 574 4643 1 0 0 0 0 0 0 1 1 1 0 R 0
872 22340 24767 877 24788 859 6009 1 0 0 0 0 0 0 1 1 1 0 R 0
873 22361 20542 558 20559 533 4238 1 0 0 0 0 0 0 1 1 1 0 R 0
874 22383 21238 909 21351 801 3850 1 0 0 0 0 0 0 1 1 1 0 R 0
875 22415 30579 910 30686 806 7587 1 0 0 0 0 0 0 1 1 2 0 R 0
876 22445 29182 1258 29276 1169 6816 1 0 0 0 0 0 0 1 1 1 0 R 0
877 22468 21625 1107 21658 1078 5025 1 0 0 0 0 0 0 1 1 1 0 R 0
878 22492 22779 921 22872 813 3898 1 0 0 0 0 0 0 1 1 1 0 R 0
879 22523 30839 941 30938 944 7107 1 0 0 0 0 0 0 1 1 1 0 R 0
880 22547 22384 573 22310 539 7236 1 0 0 0 0 0 0 1 1 1 0 R 0
881 22567 19507 568 19549 528 3865 1 0 0 0 0 0 0 1 1 2 0 R 0
882 22590 22373 901 22484 798 3848 1 0 0 0 0 0 0 1 1 1 0 R 0
883 22621 30340 890 30438 788 7171 1 0 0 0 0 0 0 1 1 1 0 R 0
884 22647 24738 573 24760 548 7438 1 0 0 0 0 0 0 1 1 1 0 R 0
885 22671 24177 532 24193 510 7769 1 0 0 0 0 0 0 1 1 1 0 R 0
886 22694 22458 1166 22484 1158 3824 1 0 0 0 0 0 0 1 1 2 0 R 0
887 22726 30168 1092 30173 1084 6810 1 0 0 0 0 0 0 1 1 1 0 R 0
888 22755 28310 798 28395 700 6648 1 0 0 0 0 0 0 1 1 1 0 R 0
889 22775 19253 600 19277 571 4440 1 0 0 0 0 0 0 1 1 1 0 R 0
890 22802 26584 960 26610 938 4241 1 0 0 0 0 0 0 1 1 1 0 R 0
891 22834 30348 914 30456 805 7378 1 0 0 0 0 0 0 1 1 1 0 R 0
892 22857 22885 592 22906 568 7233 1 0 0 0 0 0 0 1 1 2 0 R 0
893 22879 21332 528 21354 504 3813 1 0 0 0 0 0 0 1 1 1 0 R 0
894 22905 25198 909 25221 895 5233 1 0 0 0 0 0 0 1 1 1 0 R 0
895 22937 30944 826 30957 809 6657 1 0 0 0 0 0 0 1 1 1 0 R 0
896 22960 22706 589 22721 568 6516 1 0 0 0 0 0 0 1 1 1 0 R 0
897 22981 19502 562 19522 540 3878 1 0 0 0 0 0 0 1 1 1 0 R 0
898 23007 25854 941 25886 916 3863 1 0 0 0 0 0 0 1 1 2 0 R 0
899 23037 29573 1662 29594 1658 6635 1 0 0 0 0 0 0 1 1 1 0 R 0
900 23075 35406 816 35423 789 14932 1 0 0 0 0 0 0 1 1 3 0 R 0
901 23096 21125 635 21142 603 4265 1 0 0 0 0 0 0 1 1 1 0 R 0
902 23126 29357 985 29385 960 4607 1 0 0 0 0 0 0 1 1 2 0 R 0
903 23157 29128 554 29155 527 5878 1 0 0 0 0 0 0 1 1 1 0 R 0
904 23177 20024 597 20048 569 4265 1 0 0 0 0 0 0 1 1 2 0 R 0
905 23201 23150 564 22699 548 3853 1 0 1 0 0 0 0 1 1 1 0 R 0
906 23233 31123 860 31138 845 6524 1 0 0 0 0 0 0 1 1 1 0 R 0
907 23259 25361 802 25385 1084 6859 1 0 0 0 0 0 0 1 1 1 0 R 0
908 23282 21989 895 21748 838 4337 1 0 0 0 0 0 0 1 1 2 0 R 0
909 23307 24220 1171 24348 1042 3784 1 0 0 0 0 0 0 1 1 3 0 R 0
910 23336 28084 984 28193 956 6471 1 0 0 0 0 0 0 1 1 1 0 R 0
911 23367 30540 1404 30466 1385 6326 1 0 0 0 0 0 0 1 1 1 0 R 0
912 23388 18913 931 18928 906 3869 1 0 0 0 0 0 0 1 1 1 0 R 0
913 23410 21084 1176 21106 1172 3862 1 0 0 0 0 1 0 1 1 1 0 R 0
914 23443 31803 822 31807 801 6524 1 0 0 0 0 0 0 1 1 1 0 R 0
915 23471 27587 559 27606 531 13600 1 0 0 0 0 0 0 1 1 1 0 R 0
916 23491 19282 784 19353 712 3833 1 0 0 0 0 0 0 1 1 1 0 R 0
917 23516 24126 927 24159 910 3800 1 0 0 0 0 0 0 1 1 1 0 R 0
918 23547 30237 1671 30267 1658 5683 1 0 0 0 0 0 0 1 1 2 0 R 0
919 23571 22210 560 22204 537 7690 1 0 0 0 0 0 0 1 1 1 0 R 0
920 23591 19668 1513 19699 1494 3863 1 0 0 0 0 0 0 1 1 1 0 R 0
921 23615 22320 567 22335 538 4612 1 0 0 0 0 0 0 1 1 1 0 R 0
922 23637 21658 1729 21687 1711 4332 1 0 0 0 0 0 0 1 1 2 0 R 0
923 23662 22509 582 22538 541 4272 1 0 0 0 0 0 0 1 1 1 0 R 0
924 23683 20624 961 20660 950 4479 1 0 0 0 0 0 0 1 1 1 0 R 0
925 23703 19680 582 19678 556 4174 1 0 0 0 0 0 0 1 1 1 0 R 0
926 23728 23950 941 23986 911 4785 1 0 0 0 0 1 0 1 1 1 0 R 0
927 23757 28234 1475 28258 1457 6035 1 0 0 0 0 0 0 1 1 1 0 R 0
928 23783 23956 577 23984 537 7797 1 0 0 0 0 0 0 1 1 2 0 R 0
929 23804 20859 544 20883 515 4361 1 0 0 0 0 0 0 1 1 1 0 R 0
930 23836 31616 943 31736 830 11239 1 0 0 0 0 0 0 1 1 2 0 R 0
931 23867 30216 1087 30242 1062 5663 1 0 0 0 0 0 0 1 1 0 0 R 0
932 23889 20370 523 20386 498 4085 1 0 0 0 0 0 0 1 1 1 0 R 0
933 23908 18646 947 18678 921 3876 1 0 0 0 0 0 0 1 1 2 0 R 0
934 23937 27715 909 27817 805 4251 1 0 0 0 0 0 0 1 1 2 0 R 0
935 23968 30437 1483 30460 1465 6459 1 0 0 0 0 0 0 1 1 1 0 R 0
936 23990 20600 552 20611 531 4037 1 0 0 0 0 0 0 1 1 1 0 R 0
937 24010 19382 610 19418 573 3879 1 0 0 0 0 0 0 1 1 1 0 R 0
938 24036 25776 1173 25926 1030 5026 1 0 0 0 0 0 0 1 1 1 0 R 0
939 24069 31285 920 31298 906 6647 1 0 0 0 0 0 0 1 1 1 0 R 0
940 24091 20883 544 20898 520 4221 1 0 0 0 0 0 0 1 1 1 0 R 0
941 24110 18854 548 18873 525 3844 1 0 0 0 0 0 0 1 1 1 0 R 0
942 24137 26621 1609 26735 1519 5495 1 0 0 0 0 0 0 1 1 2 0 R 0
943 24167 28365 1906 28451 1831 7889 1 0 0 0 0 0 0 1 1 0 0 R 0
944 24191 21566 538 21555 515 4901 1 0 0 0 0 0 0 1 1 1 0 R 0
945 24213 22201 539 22226 515 7909 1 0 0 0 0 0 0 1 1 1 0 R 0
946 24243 28908 918 27569 900 5907 1 0 1 0 0 0 0 1 1 2 0 R 0
947 24275 30894 913 30997 809 7415 1 0 0 0 0 0 0 1 1 1 0 R 0
948 24296 20739 558 20757 533 3919 1 0 0 0 0 0 0 1 1 1 0 R 0
949 24316 19125 549 19150 518 3834 1 0 0 0 0 0 0 1 1 1 0 R 0
950 24345 28415 957 28526 963 5619 1 0 0 0 0 0 0 1 1 1 0 R 0
951 24376 30159 735 30070 711 6603 1 0 0 0 0 0 0 1 1 2 0 R 0
952 24397 20587 608 20614 578 4212 1 0 0 0 0 0 0 1 1 1 0 R 0
953 24418 20542 538 20571 508 3603 1 0 0 0 0 0 0 1 1 1 0 R 0
954 24446 26954 928 26981 903 5575 1 0 0 0 0 0 0 1 1 2 0 R 0
955 24476 29185 936 29206 923 6607 1 0 0 0 0 0 0 1 1 1 0 R 0
956 24499 21817 752 21867 693 4968 1 0 0 0 0 0 0 1 1 0 0 R 0
957 24519 18975 531 18991 509 4164 1 0 0 0 0 0 0 1 1 2 0 R 0
958 24544 25183 877 25224 845 4950 1 0 0 0 0 0 0 1 1 1 0 R 0
959 24574 29070 916 29085 900 5769 1 0 0 0 0 0 0 1 1 1 0 R 0
960 24601 25979 556 25996 529 11978 1 0 0 0 0 0 0 1 1 2 0 R 0
961 24622 20274 612 20309 578 3829 1 0 0 0 0 0 0 1 1 1 0 R 0
962 24648 24919 1606 24943 1613 6196 1 0 0 0 0 0 0 1 1 1 0 R 0
963 24680 30642 921 30719 808 7542 1 0 0 0 0 0 0 1 1 1 0 R 0
964 24706 25375 572 25404 543 7670 1 0 0 0 0 0 0 1 1 1 0 R 0
965 24726 19119 589 19147 561 4182 1 0 0 0 0 0 0 1 1 1 0 R 0
966 24754 27263 828 27288 902 5632 1 0 0 0 0 0 0 1 1 1 0 R 0
967 24785 30706 818 30632 797 7203 1 0 0 0 0 0 0 1 1 1 0 R 0
968 24810 24008 1045 24079 974 5567 1 0 0 0 0 0 0 1 1 2 0 R 0
969 24831 19555 1602 19567 1610 3799 1 0 0 0 0 0 0 1 1 1 0 R 0
970 24859 26611 896 26703 788 4291 1 0 0 0 0 0 0 1 1 1 0 R 0
971 24891 30855 724 30866 704 8203 1 0 0 0 0 0 0 1 1 1 0 R 0
972 24912 20396 562 20421 535 4106 1 0 0 0 0 0 0 1 1 1 0 R 0
973 24931 19025 576 19049 551 3831 1 0 0 0 0 0 0 1 1 1 0 R 0
974 24960 28439 1215 28595 1156 5139 1 0 0 0 0 0 0 1 1 1 0 R 0
975 24996 34427 661 34381 616 13986 1 0 0 0 0 0 0 1 1 2 0 R 0
976 25017 20002 561 20022 536 4079 1 0 0 0 0 0 0 1 1 1 0 R 0
977 25041 23432 598 23450 573 4677 1 0 0 0 0 0 0 1 1 1 0 R 0
978 25063 21870 553 21897 527 5886 1 0 0 0 0 0 0 1 1 1 0 R 0
979 25083 19791 536 19815 515 4368 1 0 0 0 0 0 0 1 1 1 0 R 0
980 25104 20132 799 20160 772 4365 1 0 0 0 0 0 0 1 1 2 0 R 0
981 25126 21115 553 21138 527 5559 1 0 0 0 0 0 0 1 1 1 0 R 0
982 25147 20644 734 20695 695 3844 1 0 0 0 0 0 0 1 1 1 0 R 0
983 25177 29138 835 29151 912 7597 1 0 0 0 0 0 0 1 1 1 0 R 0
984 25204 26615 840 26066 990 8560 1 0 1 0 0 0 0 1 1 1 0 R 0
985 25225 19921 587 19721 557 4712 1 0 0 0 0 0 0 1 1 1 0 R 0
986 25247 21253 571 21280 544 4228 1 0 0 0 0 0 0 1 1 1 0 R 0
987 25277 29072 922 29186 806 5620 1 0 0 0 0 0 0 1 1 1 0 R 0
988 25304 26612 758 26679 698 6489 1 0 0 0 0 0 0 1 1 1 0 R 0
989 25325 19907 625 19932 592 4256 1 0 0 0 0 0 0 1 1 2 0 R 0
990 25350 24475 556 24498 530 8419 1 0 0 0 0 0 0 1 1 1 0 R 0
991 25380 29182 1157 29217 1144 5013 1 0 0 0 0 0 0 1 1 1 0 R 0
992 25413 32472 774 32502 735 7567 1 0 0 0 0 0 0 1 1 3 0 R 0
993 25433 19039 558 19048 532 4207 1 0 0 0 0 0 0 1 1 1 0 R 0
994 25456 22149 582 22181 555 4243 1 0 0 0 0 0 0 1 1 2 0 R 0
995 25486 29635 1043 29736 943 5997 1 0 0 0 0 0 0 1 1 1 0 R 0
996 25513 25647 565 25669 536 7019 1 0 0 0 0 0 0 1 1 1 0 R 0
997 25534 20248 544 20274 519 4468 1 0 0 0 0 0 0 1 1 1 0 R 0
998 25555 20476 549 20495 530 4320 1 0 0 0 0 0 0 1 1 1 0 R 0
999 25584 28741 1442 28853 1352 6171 1 0 0 0 0 0 0 1 1 1 0 R 0
1000 25613 27721 567 27720 542 5779 1 0 0 0 0 0 0 1 1 2 0 R 0
1001 25634 20077 557 20099 533 4354 1 0 0 0 0 0 0 1 1 1 0 R 0
1002 25655 20593 654 20626 624 4281 1 0 0 0 0 0 0 1 1 2 0 R 0
1003 25685 29125 951 29146 935 4527 1 0 0 0 0 0 0 1 1 1 0 R 0
1004 25716 29873 927 29890 910 6331 1 0 0 0 0 0 0 1 1 1 0 R 0
1005 25742 25484 599 25497 575 12669 1 0 0 0 0 0 0 1 1 1 0 R 0
1006 25764 21271 914 21383 802 4376 1 0 0 0 0 0 0 1 1 1 0 R 0
1007 25793 28477 1086 28589 986 5851 1 0 0 0 0 0 0 1 1 2 0 R 0
1008 25822 27503 872 27592 770 5784 1 0 0 0 0 0 0 1 1 1 0 R 0
1009 25843 20821 555 20848 526 4952 1 0 0 0 0 0 0 1 1 1 0 R 0
1010 25864 20466 716 20499 684 4267 1 0 0 0 0 0 0 1 1 1 0 R 0
1011 25892 26920 591 26956 575 6638 1 0 0 0 0 0 0 1 1 1 0 R 0
1012 25912 19370 595 19373 570 4284 1 0 0 0 0 0 0 1 1 2 0 R 0
1013 25934 21523 566 21553 541 4190 1 0 0 0 0 0 0 1 1 1 0 R 0
1014 25955 20129 562 20153 532 4242 1 0 0 0 0 0 0 1 1 1 0 R 0
1015 25982 26637 2187 26858 1980 6032 1 0 0 0 0 1 0 1 1 1 0 R 0
1016 26014 29902 918 29913 908 7487 1 0 0 0 0 0 0 1 1 1 0 R 0
1017 26040 24824 536 24830 513 6299 1 0 0 0 0 0 0 1 1 2 0 R 0
1018 26060 19091 1344 19116 1321 3937 1 0 0 0 0 0 0 1 1 1 0 R 0
1019 26088 26880 1452 27003 1435 4603 1 0 0 0 0 1 0 1 1 1 0 R 0
1020 26122 32262 1097 32261 1001 12740 1 0 0 0 0 0 0 1 1 1 0 R 0
1021 26146 23260 575 23277 550 5408 1 0 0 0 0 0 0 1 1 1 0 R 0
1022 26167 20640 653 20746 542 3927 1 0 0 0 0 0 0 1 1 2 0 R 0
1023 26194 26688 606 26715 584 4559 1 0 0 0 0 0 0 1 1 1 0 R 0
1024 26214 18949 548 18970 521 4218 1 0 0 0 0 0 0 1 1 1 0 R 0
1025 26238 23466 912 23337 543 3956 1 0 1 0 0 0 0 1 1 1 0 R 0
1026 26258 19108 1009 19557 564 4043 1 0 0 0 0 0 0 1 1 1 0 R 0
1027 26281 21814 577 21838 553 4718 1 0 0 0 0 0 0 1 1 2 0 R 0
1028 26307 25368 907 25482 796 4169 1 0 0 0 0 0 0 1 1 1 0 R 0
1029 26330 22688 738 22743 674 7576 1 0 0 0 0 0 0 1 1 1 0 R 0
1030 26350 19339 592 19361 565 4165 1 0 0 0 0 0 0 1 1 1 0 R 0
1031 26372 21384 575 21414 548 3876 1 0 0 0 0 0 0 1 1 1 0 R 0
1032 26401 28121 962 28148 949 4953 1 0 0 0 0 0 0 1 1 1 0 R 0
1033 26431 28654 568 28667 543 6962 1 0 0 0 0 0 0 1 1 1 0 R 0
1034 26451 19705 575 19722 550 4041 1 0 0 0 0 0 0 1 1 2 0 R 0
1035 26476 24655 698 24692 666 7994 1 0 0 0 0 0 0 1 1 1 0 R 0
1036 26499 22275 672 22309 633 6359 1 0 0 0 0 0 0 1 1 1 0 R 0
1037 26519 19149 905 19208 847 3822 1 0 0 0 0 0 0 1 1 1 0 R 0
1038 26540 20237 862 20260 842 3864 1 0 0 0 0 0 0 1 1 1 0 R 0
1039 26562 20584 586 20604 563 4849 1 0 0 0 0 0 0 1 1 2 0 R 0
1040 26586 23298 1080 23376 1017 3895 1 0 0 0 0 0 0 1 1 1 0 R 0
1041 26618 31009 1264 31024 1238 7710 1 0 0 0 0 0 0 1 1 1 0 R 0
1042 26642 22823 617 22841 592 7285 1 0 0 0 0 0 0 1 1 1 0 R 0
1043 26662 19421 553 19444 530 4375 1 0 0 0 0 0 0 1 1 1 0 R 0
1044 26684 21236 825 21266 794 4634 1 0 0 0 0 0 0 1 1 1 0 R 0
1045 26715 30503 908 30612 805 7055 1 0 0 0 0 0 0 1 1 1 0 R 0
1046 26741 25329 756 25349 731 6133 1 0 0 0 0 0 0 1 1 1 0 R 0
1047 26762 20306 565 20330 609 4206 1 0 0 0 0 0 0 1 1 2 0 R 0
1048 26784 21098 807 21104 727 4301 1 0 0 0 0 0 0 1 1 1 0 R 0
1049 26814 28951 632 28978 611 6834 1 0 0 0 0 0 0 1 1 1 0 R 0
1050 26847 33187 582 33213 554 13872 1 0 0 0 0 0 0 1 1 1 0 R 0
1051 26870 22398 557 22419 533 4870 1 0 0 0 0 0 0 1 1 1 0 R 0
1052 26893 22264 960 22294 931 3887 1 0 0 0 0 0 0 1 1 1 0 R 0
1053 26924 29917 915 29941 903 7217 1 0 0 0 0 0 0 1 1 2 0 R 0
1054 26949 24329 548 24334 527 7045 1 0 0 0 0 0 0 1 1 1 0 R 0
1055 26970 20281 551 20305 525 3897 1 0 0 0 0 0 0 1 1 1 0 R 0
1056 26993 21855 914 21961 812 3877 1 0 0 0 0 0 0 1 1 1 0 R 0
1057 27024 30008 917 30030 901 7304 1 0 0 0 0 0 0 1 1 1 0 R 0
1058 27050 25174 588 25186 564 6899 1 0 0 0 0 0 0 1 1 2 0 R 0
1059 27071 20396 546 20420 524 4258 1 0 0 0 0 0 0 1 1 1 0 R 0
1060 27093 21866 578 21896 547 3860 1 0 0 0 0 0 0 1 1 1 0 R 0
1061 27125 31735 1016 31763 1092 5568 1 0 0 0 0 0 0 1 1 2 0 R 0
1062 27152 25912 582 25836 550 5711 1 0 0 0 0 0 0 1 1 1 0 R 0
1063 27173 19765 558 19791 537 4585 1 0 0 0 0 0 0 1 1 1 0 R 0
1064 27195 21404 576 20967 549 4212 1 0 1 0 0 0 0 1 1 1 0 R 0
1065 27230 34720 824 34741 922 14423 1 0 0 0 0 0 0 1 1 2 0 R 0
1066 27257 26317 591 26230 561 7275 1 0 0 0 0 0 0 1 1 1 0 R 0
1067 27277 19883 873 19910 848 3888 1 0 0 0 0 0 0 1 1 0 0 R 0
1068 27302 23352 808 23372 782 3876 1 0 0 0 0 0 0 1 1 2 0 R 0
1069 27332 29876 934 29904 913 5982 1 0 0 0 0 0 0 1 1 1 0 R 0
1070 27362 28541 783 28629 687 6443 1 0 0 0 0 0 0 1 1 2 0 R 0
1071 27383 20178 553 20201 530 4346 1 0 0 0 0 0 0 1 1 1 0 R 0
1072 27406 22594 955 22622 928 4316 1 0 0 0 0 0 0 1 1 1 0 R 0
1073 27434 27261 905 27362 808 4532 1 0 0 0 0 0 0 1 1 1 0 R 0
1074 27461 26274 563 26289 539 6503 1 0 0 0 0 0 0 1 1 1 0 R 0
1075 27483 21021 644 21061 607 3767 1 0 0 0 0 0 0 1 1 1 0 R 0
1076 27506 22730 1163 22757 1138 4430 1 0 0 0 0 0 0 1 1 1 0 R 0
1077 27536 28484 986 28497 1067 5716 1 0 0 0 0 0 0 1 1 1 0 R 0
1078 27562 25159 594 25083 568 6654 1 0 0 0 0 0 0 1 1 1 0 R 0
1079 27582 19648 577 19667 552 4835 1 0 0 0 0 0 0 1 1 1 0 R 0
1080 27607 24118 936 24150 910 7947 1 0 0 0 0 0 0 1 1 2 0 R 0
1081 27639 30734 790 30744 868 7841 1 0 0 0 0 0 0 1 1 1 0 R 0
1082 27664 24989 595 24923 571 7426 1 0 0 0 0 0 0 1 1 1 0 R 0
1083 27685 19716 931 19737 903 4682 1 0 0 0 0 0 0 1 1 1 0 R 0
1084 27706 20331 829 20378 816 4108 1 0 0 0 0 0 0 1 1 1 0 R 0
1085 27736 29345 554 29338 528 6272 1 0 0 0 0 0 0 1 1 2 0 R 0
1086 27764 27326 577 27353 548 7239 1 0 0 0 0 0 0 1 1 1 0 R 0
1087 27785 20105 558 20135 527 4558 1 0 0 0 0 0 0 1 1 2 0 R 0
1088 27806 20790 580 20823 544 4384 1 0 0 0 0 0 0 1 1 1 0 R 0
1089 27835 27970 1381 27997 1365 5206 1 0 0 0 0 0 0 1 1 1 0 R 0
1090 27865 28491 933 28511 904 6795 1 0 0 0 0 0 0 1 1 1 0 R 0
1091 27885 19595 603 19622 571 4439 1 0 0 0 0 0 0 1 1 1 0 R 0
1092 27908 22115 1034 22149 1008 4328 1 0 0 0 0 0 0 1 1 1 0 R 0
1093 27933 24611 943 24632 916 4823 1 0 0 0 0 0 0 1 1 1 0 R 0
1094 27960 25359 563 25384 536 7372 1 0 0 0 0 0 0 1 1 1 0 R 0
1095 27984 23811 560 23841 529 8421 1 0 0 0 0 0 0 1 1 2 0 R 0
1096 28004 18835 556 18862 531 4228 1 0 0 0 0 0 0 1 1 1 0 R 0
1097 28030 26115 559 26140 537 4975 1 0 0 0 0 0 0 1 1 1 0 R 0
1098 28062 30783 906 30897 790 7132 1 0 0 0 0 0 0 1 1 1 0 R 0
1099 28087 24371 639 24415 600 5514 1 0 0 0 0 0 0 1 1 1 0 R 0
1100 28107 19559 601 19577 572 3955 1 0 0 0 0 0 0 1 1 1 0 R 0
1101 28136 28342 915 28369 894 4013 1 0 0 0 0 0 0 1 1 2 0 R 0
1102 28167 29676 590 29696 561 6690 1 0 0 0 0 0 0 1 1 1 0 R 0
1103 28191 24063 541 24085 518 6365 1 0 0 0 0 0 0 1 1 1 0 R 0
1104 28212 20597 948 20626 919 4206 1 0 0 0 0 0 0 1 1 1 0 R 0
1105 28241 28008 568 28033 541 4194 1 0 0 0 0 0 0 1 1 2 0 R 0
1106 28262 20054 580 20076 555 3882 1 0 0 0 0 0 0 1 1 1 0 R 0
1107 28284 21780 1170 21805 1158 4328 1 0 0 0 0 0 0 1 1 1 0 R 0
1108 28306 20050 565 20064 538 4615 1 0 0 0 0 0 0 1 1 1 0 R 0
1109 28332 25792 931 25906 819 4180 1 0 0 0 0 0 0 1 1 1 0 R 0
1110 28366 33011 870 33036 863 13675 1 0 0 0 0 0 0 1 1 1 0 R 0
1111 28390 23458 580 23472 551 5098 1 0 0 0 0 0 0 1 1 2 0 R 0
1112 28411 19844 546 19858 524 3870 1 0 0 0 0 1 0 1 1 1 0 R 0
1113 28436 24519 945 24546 929 4951 1 0 0 0 0 0 0 1 1 1 0 R 0
1114 28467 30036 596 30071 547 6729 1 0 0 0 0 0 0 1 1 1 0 R 0
1115 28491 23476 535 23508 499 5380 1 0 0 0 0 0 0 1 1 1 0 R 0
1116 28525 33266 2456 19985 678 20788 1 3 2 0 1 0 0 0 0 1 0 R 1
1117 28552 25442 1295 17315 1281 5135 1 0 5 0 1 1 0 0 0 1 0 R 0
1118 28579 25539 2527 17484 750 10502 1 0 1 0 1 0 0 0 0 1 0 R 0
1119 28610 27935 648 19046 628 2356 1 0 7 0 1 0 0 0 0 1 0 R 0
1120 28629 18634 667 17048 619 2164 1 0 0 0 0 0 0 0 0 0 1 R 0
1121 28650 20513 715 20547 684 4431 1 0 0 0 0 0 0 0 0 3 1 R 0
1122 28670 19419 2489 18776 1492 3288 1 0 1 0 3 0 0 0 0 2 1 R 0
1123 28693 20205 2031 20147 782 3682 1 0 0 0 1 0 0 0 0 1 1 R 0
1124 28715 19853 555 19857 531 4380 1 0 0 0 0 0 0 0 0 2 1 R 0
1125 28738 22288 1214 22314 1198 7592 1 0 0 0 1 0 0 0 0 1 1 R 0
1126 28761 21581 551 20020 531 3595 1 0 3 0 0 0 0 0 0 1 1 R 0
1127 28781 19908 537 19934 513 3990 1 0 0 0 0 0 0 0 0 1 1 R 0
1128 28801 19434 537 19453 514 3891 1 0 0 0 0 0 0 0 0 1 1 R 0
1129 28824 22423 569 21063 543 3830 1 0 4 0 0 0 0 0 0 2 1 R 0
1130 28845 20311 560 20334 529 4199 1 0 0 0 0 0 0 0 0 1 1 R 0
1131 28863 17639 736 17730 653 3720 1 0 0 0 0 0 0 0 0 2 1 R 0
1132 28886 21881 695 20521 662 4624 1 0 4 0 0 0 0 0 0 1 1 R 0
1133 28907 20440 677 19514 643 3623 1 0 1 0 0 0 0 0 0 2 1 R 0
1134 28929 21564 526 21558 502 3873 1 0 0 0 0 0 0 0 0 2 1 R 0
1135 28950 20173 1490 20197 919 3919 1 0 1 0 3 0 0 0 0 1 1 R 0
1136 28970 19194 822 18919 768 3072 1 0 0 0 0 0 0 0 0 1 1 R 0
1137 28990 18621 694 18640 677 3350 1 0 0 0 0 0 0 0 0 2 1 R 0
1138 29011 20463 552 20474 525 3863 1 0 0 0 0 0 0 0 0 1 1 R 0
1139 29034 22677 557 21020 529 3924 1 0 4 0 0 0 0 0 0 1 1 R 0
1140 29062 26733 557 26262 535 9086 1 0 1 0 0 0 0 0 0 2 1 R 0
1141 29082 20249 791 19901 770 3241 1 0 1 0 0 0 0 0 0 2 1 R 0
1142 29107 23598 561 21053 537 3871 1 0 5 0 0 0 0 0 0 2 1 R 0
1143 29127 19914 565 19940 533 3860 1 0 0 0 0 0 0 0 0 1 1 R 0
1144 29147 19100 571 19127 541 3696 1 0 0 0 0 0 0 0 0 1 1 R 0
1145 29168 20237 1539 19237 1495 3347 1 0 4 0 0 0 0 0 0 2 1 R 0
1146 29187 17868 782 17908 724 3209 1 0 0 0 0 0 0 0 0 1 1 R 0
1147 29211 22750 538 21251 513 3795 1 0 1 0 0 0 0 0 0 1 1 R 0
1148 29233 21609 774 20650 774 3885 1 0 4 0 0 0 0 0 0 2 1 R 0
1149 29254 20070 552 20077 518 3911 1 0 0 0 0 0 0 0 0 1 1 R 0
1150 29272 17563 739 17628 674 3794 1 0 0 0 0 0 0 0 0 2 1 R 0
1151 29292 19387 961 19469 909 4921 1 0 0 0 0 0 0 0 0 1 1 R 0
1152 29316 23702 564 20706 540 9002 1 0 4 0 0 0 0 0 0 2 1 R 0
1153 29337 19794 938 19823 916 3829 1 0 0 0 0 0 0 0 0 1 1 R 0
1154 29356 18620 783 18673 770 4028 1 0 0 0 0 0 0 0 0 1 1 R 0
1155 29384 26645 554 25406 532 6100 1 0 4 0 0 0 0 0 0 3 1 R 0
1156 29402 17901 678 17950 643 3598 1 0 0 0 0 0 0 0 0 1 1 R 0
1157 29424 21144 564 21163 524 5372 1 0 0 0 0 0 0 0 0 1 1 R 0
1158 29447 21881 728 20611 652 4318 1 0 4 0 0 0 0 0 0 1 1 R 0
1159 29467 20156 1544 20227 1481 3958 1 0 0 0 0 0 0 0 0 2 1 R 0
1160 29486 17427 726 17473 679 3268 1 0 0 0 0 0 0 0 0 2 1 R 0
1161 29513 25946 566 24006 539 4371 1 0 5 0 0 0 0 0 0 2 1 R 0
1162 29534 20786 556 20352 533 4431 1 0 1 0 0 0 0 0 0 1 1 R 0
1163 29555 20321 710 20363 664 4583 1 0 0 0 0 0 0 0 0 1 1 R 0
1164 29574 17544 652 17602 590 3639 1 0 0 0 0 0 0 0 0 2 1 R 0
1165 29596 21921 687 20891 639 6112 1 0 4 0 0 0 0 0 0 1 1 R 0
1166 29617 19831 609 19872 573 3182 1 0 0 0 0 0 0 0 0 2 1 R 0
1167 29637 19297 565 19318 535 3776 1 0 0 0 0 0 0 0 0 1 1 R 0
1168 29660 23293 546 21828 521 4067 1 0 4 0 0 0 0 0 0 2 1 R 0
1169 29680 18743 625 18780 616 3291 1 0 0 0 0 0 0 0 0 1 1 R 0
1170 29704 23528 546 22483 526 6729 1 0 1 0 0 0 0 0 0 2 1 R 0
1171 29727 22620 553 21483 531 4580 1 0 4 0 0 0 0 0 0 1 1 R 0
1172 29747 19854 561 19882 880 3901 1 0 0 0 0 0 0 0 0 2 1 R 0
1173 29767 18911 745 18603 699 3941 1 0 0 0 0 0 0 0 0 2 1 R 0
1174 29786 17836 635 17880 589 3200 1 0 0 0 0 0 0 0 0 1 1 R 0
1175 29808 21446 1659 20431 1629 5483 1 0 4 0 0 0 0 0 0 2 1 R 0
1176 29829 20199 593 20199 572 3891 1 0 0 0 0 0 0 0 0 1 1 R 0
1177 29850 19981 534 20000 514 3879 1 0 0 0 0 0 0 0 0 1 1 R 0
1178 29873 22357 545 21298 517 3926 1 0 4 0 0 0 0 0 0 2 1 R 0
1179 29892 18088 921 18125 905 3754 1 0 0 0 0 0 0 0 0 2 1 R 0
1180 29913 20490 682 19487 636 3913 1 0 1 0 0 0 0 0 0 1 1 R 0
1181 29937 22848 566 21509 544 4470 1 0 4 0 0 0 0 0 0 2 1 R 0
1182 29956 19253 566 19282 540 4059 1 0 0 0 0 0 0 0 0 1 1 R 0
1183 29977 19734 791 19780 747 3350 1 0 0 0 0 0 0 0 0 1 1 R 0
1184 29995 17508 879 17555 832 3246 1 0 0 0 0 0 0 0 0 2 1 R 0
1185 30022 26088 549 25127 527 13083 1 0 4 0 0 0 0 0 0 1 1 R 0
1186 30042 19541 682 19565 662 4597 1 0 0 0 0 0 0 0 0 1 1 R 0
1187 30063 20313 582 20332 561 4371 1 0 0 0 0 0 0 0 0 2 1 R 0
1188 30086 22066 580 20893 552 6771 1 0 4 0 0 0 0 0 0 1 1 R 0
1189 30107 21239 1852 19445 1801 3667 1 0 2 0 0 0 0 0 0 2 1 R 0
1190 30128 18664 927 18673 913 3879 1 0 0 0 0 0 0 0 0 2 1 R 0
1191 30151 22021 551 20302 530 3804 1 0 4 0 0 0 0 0 0 1 1 R 0
1192 30171 19298 736 19355 674 3799 1 0 0 0 0 0 0 0 0 1 1 R 0
1193 30189 17800 711 17848 679 3505 1 0 0 0 0 0 0 0 0 2 1 R 0
1194 30210 19721 4009 19761 2282 3939 1 0 2 0 2 0 0 0 0 2 1 R 0
1195 30234 20641 560 20092 538 3858 1 0 1 0 0 0 0 0 0 1 1 R 0
1196 30255 19677 555 19700 532 4339 1 0 0 0 0 0 0 0 0 1 1 R 0
1197 30275 19414 560 19436 532 4165 1 0 0 0 0 0 0 0 0 2 1 R 0
1198 30295 20086 695 18988 643 5512 1 0 4 0 0 0 0 0 0 1 1 R 0
1199 30316 20350 671 19318 636 3215 1 0 1 0 0 0 0 0 0 2 1 R 0
1200 30341 23977 573 24021 535 7847 1 0 0 0 0 0 0 0 0 2 1 R 0
1201 30363 21799 552 20298 527 3830 1 0 4 0 0 0 0 0 0 1 1 R 0
1202 30384 20498 543 20518 518 4372 1 0 0 0 0 0 0 0 0 1 1 R 0
1203 30403 18317 644 18371 606 3614 1 0 0 0 0 0 0 0 0 2 1 R 0
1204 30426 22150 733 20687 667 4358 1 0 4 0 0 0 0 0 0 2 1 R 0
1205 30447 20410 563 20427 542 3831 1 0 0 0 0 1 0 0 0 1 1 R 0
1206 30467 19122 741 19153 711 3894 1 0 0 0 0 0 0 0 0 2 1 R 0
1207 30486 18584 760 18664 674 3733 1 0 0 0 0 0 0 0 0 1 1 R 0
1208 30510 23169 527 21217 500 5180 1 0 5 0 0 0 0 0 0 2 1 R 0
1209 30529 18393 670 18464 626 3237 1 0 0 0 0 0 0 0 0 1 1 R 0
1210 30549 19780 547 19781 527 3783 1 0 0 0 0 0 0 0 0 1 1 R 0
1211 30573 22815 560 21464 533 3939 1 0 4 0 0 0 0 0 0 2 1 R 0
1212 30591 17823 642 17853 640 3750 1 0 0 0 0 0 0 0 0 1 1 R 0
1213 30611 18969 604 18981 562 3178 1 0 0 0 0 0 0 0 0 2 1 R 0
1214 30634 22662 684 21200 633 3519 1 0 4 0 0 0 0 0 0 2 1 R 0
1215 30657 21933 576 21954 557 8212 1 0 0 0 0 0 0 0 0 1 1 R 0
1216 30677 19652 560 19672 528 3898 1 0 0 0 0 0 0 0 0 1 1 R 0
1217 30696 18176 679 18246 630 3128 1 0 0 0 0 0 0 0 0 2 1 R 0
1218 30721 24140 568 22253 523 5023 1 0 5 0 0 0 0 0 0 2 1 R 0
1219 30740 19212 822 19275 774 3513 1 0 0 0 0 0 0 0 0 1 1 R 0
1220 30761 19717 1158 19729 1151 3908 1 0 0 0 0 1 0 0 0 2 1 R 0
1221 30784 22048 566 20534 543 3898 1 0 4 0 0 0 0 0 0 1 1 R 0
1222 30803 17919 667 17957 635 3659 1 0 0 0 0 0 0 0 0 2 1 R 0
1223 30822 18921 683 18970 646 4697 1 0 0 0 0 0 0 0 0 1 1 R 0
1224 30846 23058 553 21806 528 4863 1 0 4 0 0 0 0 0 0 2 1 R 0
1225 30866 20083 553 20110 529 3796 1 0 0 0 0 0 0 0 0 1 1 R 0
1226 30886 19421 632 19441 601 3883 1 0 0 0 0 0 0 0 0 1 1 R 0
1227 30905 17772 710 17838 645 3437 1 0 0 0 0 0 0 0 0 2 1 R 0
1228 30930 23976 596 20531 516 4607 1 0 4 0 0 0 0 0 0 2 1 R 0
1229 30948 17839 1194 18466 591 3225 1 0 0 0 0 0 0 0 0 2 1 R 0
1230 30972 22807 554 22808 526 8534 1 0 0 0 0 0 0 0 0 1 1 R 0
1231 30994 21877 580 20625 547 3663 1 0 4 0 0 0 0 0 0 1 1 R 0
1232 31012 17116 819 17210 744 3620 1 0 0 0 0 0 0 0 0 2 1 R 0
1233 31033 19812 668 19859 632 5097 1 0 0 0 0 0 0 0 0 2 1 R 0
1234 31057 23202 662 21961 613 5115 1 0 4 0 0 0 0 0 0 1 1 R 0
1235 31077 19738 569 19766 537 3826 1 0 0 0 0 0 0 0 0 1 1 R 0
1236 31101 23320 771 23207 756 3693 1 0 1 0 0 0 0 0 0 2 1 R 0
1237 31126 24396 558 21811 528 3239 1 0 5 0 0 0 0 0 0 1 1 R 0
1238 31152 25304 3294 21687 1065 3355 1 0 4 0 0 0 0 0 0 2 1 S 1
1239 31186 30556 745 20276 511 6208 1 0 7 0 0 0 0 0 0 0 1 R 2
1240 31221 34825 750 18915 726 23529 1 2 1 0 1 0 0 0 0 3 0 R 0
1241 31248 25787 1054 17472 1028 2279 1 0 2 0 1 0 0 0 0 0 0 R 0
1242 31271 22038 652 19211 609 2164 1 0 4 0 0 0 0 0 0 1 1 R 0
1243 31291 19783 553 19801 526 4185 1 0 0 0 0 0 0 0 0 1 1 R 0
1244 31310 18046 637 18082 908 3106 1 0 0 0 1 0 0 0 0 2 1 R 0
1245 31337 26779 545 23974 526 6640 1 0 4 0 0 0 0 0 0 2 1 R 0
1246 31356 18221 759 18298 692 3409 1 0 0 0 0 0 0 0 0 1 1 R 0
1247 31377 19927 557 19937 528 3861 1 0 0 0 0 0 0 0 0 1 1 R 0
1248 31397 19734 825 19808 1381 3957 1 0 0 0 2 0 0 0 0 2 1 R 0
1249 31420 22023 697 19484 645 3089 1 0 2 0 0 0 0 0 0 1 1 R 0
1250 31438 17249 1687 18178 777 3460 1 0 0 0 0 0 0 0 0 2 1 R 0
1251 31460 20551 530 20564 508 3899 1 0 0 0 0 0 0 0 0 1 1 R 0
1252 31482 21440 564 19857 542 3979 1 0 4 0 0 0 0 0 0 1 1 R 0
1253 31504 21071 556 21091 527 5302 1 0 0 0 0 0 0 0 0 2 1 R 0
1254 31525 20624 983 19586 936 4542 1 0 1 0 0 0 0 0 0 1 1 R 0
1255 31547 21353 554 20099 525 4283 1 0 4 0 0 0 0 0 0 2 1 R 0
1256 31568 19930 1115 19960 1089 3873 1 0 0 0 0 0 0 0 0 1 1 R 0
1257 31588 18731 980 18756 956 3846 1 0 0 0 0 0 0 0 0 1 1 R 0
1258 31611 22778 1013 21840 685 3719 1 0 3 0 1 0 0 0 0 2 1 R 0
1259 31632 19196 629 19218 603 3181 1 0 0 0 0 0 0 0 0 2 1 R 0
1260 31654 21277 642 21301 621 6820 1 0 0 0 0 0 0 0 0 1 1 R 0
1261 31673 18958 683 18993 655 3760 1 0 0 0 0 0 0 0 0 2 1 R 0
1262 31697 22651 565 21585 540 6655 1 0 4 0 0 0 0 0 0 1 1 R 0
1263 31719 22119 519 21104 500 3783 1 0 1 0 0 0 0 0 0 2 1 R 0
1264 31737 17088 744 17139 710 3173 1 0 0 0 0 0 0 0 0 1 1 R 0
1265 31761 23599 545 22429 520 3372 1 0 4 0 0 0 0 0 0 2 1 R 0
1266 31782 19859 551 19886 526 3390 1 0 0 0 0 0 0 0 0 2 1 R 0
1267 31802 19792 551 19816 521 3829 1 0 0 0 0 0 0 0 0 1 1 R 0
1268 31824 21747 539 20356 515 3155 1 0 4 0 0 0 0 0 0 1 1 R 0
1269 31849 24519 545 21395 523 8591 1 0 2 0 0 0 0 0 0 2 1 R 0
1270 31874 24423 580 20426 548 7350 1 0 2 0 0 0 0 0 0 1 1 R 0
1271 31897 21827 2547 20348 1554 4370 1 0 2 0 2 0 0 0 0 1 1 R 0
1272 31921 21791 643 20728 603 3901 1 0 1 0 0 0 0 0 0 2 1 R 0
1273 31940 18396 702 18443 662 3407 1 0 0 0 0 0 0 0 0 2 1 R 0
1274 31960 18976 615 19015 599 3159 1 0 0 0 0 0 0 0 0 1 1 R 0
1275 31986 25999 563 24687 538 11177 1 0 4 0 0 0 0 0 0 2 1 R 0
1276 32006 19354 569 19384 541 4101 1 0 0 0 0 0 0 0 0 1 1 R 0
1277 32025 18021 682 18085 969 3118 1 0 0 0 0 0 0 0 0 1 1 R 0
1278 32047 21454 640 19981 597 3731 1 0 4 0 0 0 0 0 0 2 1 R 0
1279 32066 18430 811 18489 752 3261 1 0 0 0 0 0 0 0 0 2 1 R 0
1280 32086 19488 812 19525 779 3784 1 0 0 0 0 0 0 0 0 1 1 R 0
1281 32107 19705 623 19730 592 4068 1 0 0 0 0 0 0 0 0 1 1 R 0
1282 32131 23569 527 20460 503 4450 1 0 5 0 0 0 0 0 0 2 1 R 0
1283 32151 19845 827 19416 770 3162 1 0 1 0 0 0 0 0 0 2 1 R 0
1284 32172 19414 661 19453 633 3357 1 0 0 0 0 0 0 0 0 1 1 R 0
1285 32195 23177 543 22022 521 4697 1 0 4 0 0 0 0 0 0 1 1 R 0
1286 32215 19302 557 19323 524 4362 1 0 0 0 0 0 0 0 0 2 1 R 0
1287 32236 19984 663 19458 626 3802 1 0 1 0 0 0 0 0 0 1 1 R 0
1288 32258 21463 1603 21237 854 3451 1 0 4 0 0 0 0 0 0 2 1 R 0
1289 32278 18308 1572 18338 1536 3104 1 0 0 0 0 0 0 0 0 2 1 R 0
1290 32302 22666 599 22702 555 8331 1 0 0 0 0 0 0 0 0 1 1 R 0
1291 32326 23644 546 21236 512 4077 1 0 5 0 0 0 0 0 0 1 1 R 0
1292 32345 18166 658 18231 642 3224 1 0 0 0 0 0 0 0 0 2 1 R 0
1293 32365 18839 809 18850 774 4048 1 0 0 0 0 0 0 0 0 2 1 R 0
1294 32384 18775 645 18796 643 4286 1 0 0 0 0 0 0 0 0 1 1 R 0
1295 32408 22869 1020 21612 998 7291 1 0 4 0 0 0 0 0 0 2 1 R 0
1296 32428 18784 1189 18860 1122 3479 1 0 0 0 0 0 0 0 0 1 1 R 0
1297 32446 17580 787 17639 732 3317 1 0 0 0 0 0 0 0 0 2 1 R 0
1298 32471 23603 635 22679 602 3443 1 0 4 0 0 1 0 0 0 1 1 R 0
1299 32491 19845 555 19864 541 4111 1 0 0 0 0 0 0 0 0 2 1 R 0
1300 32511 19226 583 19243 563 3929 1 0 0 0 0 0 0 0 0 1 1 R 0
1301 32536 24025 554 21544 531 3760 1 0 5 0 0 0 0 0 0 1 1 R 0
1302 32554 17914 639 17950 616 3631 1 0 0 0 0 0 0 0 0 2 1 R 0
1303 32574 19315 695 19345 660 4842 1 0 0 0 0 0 0 0 0 2 1 R 0
1304 32595 20803 557 20819 534 4469 1 0 0 0 0 0 0 0 0 1 1 R 0
1305 32621 25289 541 24274 521 12355 1 0 4 0 0 0 0 0 0 1 1 R 0
1306 32640 18515 713 18551 685 3287 1 0 0 0 0 0 0 0 0 2 1 R 0
1307 32660 19032 631 19062 590 3176 1 0 0 0 0 0 0 0 0 2 1 R 0
1308 32682 21659 818 20590 784 3391 1 0 4 0 0 0 0 0 0 2 1 R 0
1309 32704 20462 531 20462 511 4284 1 0 0 0 0 0 0 0 0 1 1 R 0
1310 32725 20987 902 19909 842 4516 1 0 1 0 0 0 0 0 0 1 1 R 0
1311 32747 20585 709 19182 672 3614 1 0 4 0 0 0 0 0 0 2 1 R 0
1312 32766 18222 679 18275 647 3191 1 0 0 0 0 0 0 0 0 2 1 R 0
1313 32786 19858 688 19897 647 3656 1 0 0 0 0 0 0 0 0 1 1 R 0
1314 32806 19605 612 19624 585 3727 1 0 0 0 0 0 0 0 0 1 1 R 0
1315 32830 23066 586 21598 565 4942 1 0 4 0 0 0 0 0 0 1 1 R 0
1316 32849 18014 695 18067 649 3222 1 0 0 0 0 0 0 0 0 2 1 R 0
1317 32868 18127 1497 18178 1447 3531 1 0 0 0 0 0 0 0 0 2 1 R 0
1318 32893 23472 565 22353 544 3700 1 0 4 0 0 0 0 0 0 2 1 R 0
1319 32912 19299 566 19321 542 4343 1 0 0 0 0 0 0 0 0 1 1 R 0
1320 32937 24142 559 22848 534 9189 1 0 1 0 0 0 0 0 0 1 1 R 0
1321 32960 22800 644 21845 577 3322 1 0 4 0 0 0 0 0 0 2 1 R 0
1322 32978 16649 1545 16722 1498 3273 1 0 0 0 0 1 0 0 0 2 1 R 0
1323 33001 21284 539 21285 521 5008 1 0 0 0 0 0 0 0 0 1 1 R 0
1324 33023 21747 565 20848 546 3858 1 0 4 0 0 0 0 0 0 1 1 R 0
1325 33045 21665 552 21685 529 4498 1 0 0 0 0 0 0 0 0 2 1 R 0
1326 33063 17141 661 17170 641 3759 1 0 0 0 0 0 0 0 0 1 1 R 0
1327 33085 22008 784 22057 746 6988 1 0 0 0 0 0 0 0 0 2 1 R 0
1328 33109 22949 531 21631 508 5760 1 0 4 0 0 0 0 0 0 1 1 R 0
1329 33131 21482 554 20407 532 3826 1 0 1 0 0 0 0 0 0 2 1 R 0
1330 33152 19991 749 20022 718 3610 1 0 0 0 0 0 0 0 0 1 1 R 0
1331 33174 21711 842 20557 767 3075 1 0 4 0 0 0 0 0 0 2 1 R 0
1332 33195 19759 700 19146 665 3766 1 0 1 0 0 0 0 0 0 1 1 R 0
1333 33216 20345 553 20334 530 3760 1 0 0 0 0 0 0 0 0 1 1 R 0
1334 33239 22113 644 21108 605 3959 1 0 4 0 0 0 0 0 0 1 1 R 0
1335 33261 21778 781 21821 746 6243 1 0 0 0 0 0 0 0 0 2 1 R 0
1336 33280 18614 612 18650 600 3315 1 0 0 0 0 0 0 0 0 3 1 R 0
1337 33303 22529 543 21175 520 3599 1 0 4 0 0 0 0 0 0 1 1 R 0
1338 33324 20306 512 19471 502 4482 1 0 1 0 0 0 0 0 0 1 1 R 0
1339 33345 20623 543 20646 513 4330 1 0 0 0 0 0 0 0 0 1 1 R 0
1340 33364 17964 633 18012 583 3611 1 0 0 0 0 0 0 0 0 2 1 R 0
1341 33386 21623 664 20488 632 6447 1 0 4 0 0 0 0 0 0 2 1 R 0
1342 33407 20487 561 20510 535 4063 1 0 0 0 0 0 0 0 0 1 1 R 0
1343 33428 19590 899 19616 871 3887 1 0 0 0 0 0 0 0 0 1 1 R 0
1344 33452 23572 531 21801 510 3714 1 0 4 0 0 0 0 0 0 2 1 R 0
1345 33472 18975 631 19023 600 3179 1 0 0 0 0 0 0 0 0 2 1 R 0
1346 33491 19141 682 19166 648 3372 1 0 0 0 0 0 0 0 0 1 1 R 0
1347 33515 23159 555 21867 532 4314 1 0 5 0 0 0 0 0 0 2 1 R 0
1348 33537 21376 572 19755 548 4386 1 0 1 0 0 0 0 0 0 1 1 R 0
1349 33557 19081 967 19131 921 4087 1 0 0 0 0 0 0 0 0 1 1 R 0
1350 33583 25358 641 24161 624 6106 1 0 4 0 0 0 0 0 0 2 1 R 0
1351 33603 19013 675 19052 664 3583 1 0 0 0 0 0 0 0 0 1 1 R 0
1352 33624 20212 544 20206 521 4407 1 0 0 0 0 0 0 0 0 1 1 R 0
1353 33644 20051 560 20076 533 4320 1 0 0 0 0 0 0 0 0 2 1 R 0
1354 33665 20190 693 19215 656 5433 1 0 4 0 0 0 0 0 0 1 1 R 0
1355 33684 18478 618 18513 572 3560 1 0 0 0 0 0 0 0 0 2 1 R 0
1356 33704 18913 693 18965 677 4277 1 0 0 0 0 0 0 0 0 2 1 R 0
1357 33729 24985 522 23078 500 5159 1 0 5 0 0 0 0 0 0 1 1 R 0
1358 33749 19308 580 19330 562 3858 1 0 0 0 0 0 0 0 0 1 1 R 0
1359 33767 17683 1355 17736 1341 3234 1 0 0 0 0 0 0 0 0 2 1 R 0
1360 33787 18338 792 18340 788 3571 1 0 0 0 1 0 0 0 0 2 1 R 0
1361 33811 23185 548 21478 525 3523 1 0 3 0 0 0 0 0 0 1 1 R 0
1362 33832 20339 551 20369 518 3885 1 0 0 0 0 0 0 0 0 1 1 R 0
1363 33852 19843 558 19872 528 4480 1 0 0 0 0 0 0 0 0 2 1 R 0
1364 33873 20041 671 18990 633 3271 1 0 4 0 0 0 0 0 0 1 1 R 0
1365 33896 22205 754 22234 716 6450 1 0 0 0 0 0 0 0 0 2 1 R 0
1366 33915 18630 962 18706 916 3216 1 0 0 0 0 0 0 0 0 2 1 R 0
1367 33940 23454 542 21028 522 3870 1 0 5 0 0 0 0 0 0 1 1 R 0
1368 33961 20449 539 20475 514 3958 1 0 0 0 0 0 0 0 0 2 1 R 0
1369 33981 19864 537 19885 510 3947 1 0 0 0 0 0 0 0 0 1 1 R 0
1370 34004 22567 597 21203 551 3529 1 0 4 0 0 0 0 0 0 2 1 R 0
1371 34024 19488 551 19515 526 4361 1 0 0 0 0 0 0 0 0 1 1 R 0
1372 34045 19800 710 19831 689 4326 1 0 0 0 0 0 0 0 0 2 1 R 0
1373 34065 19299 547 19315 516 3803 1 0 0 0 0 0 0 0 0 0 1 R 0
1374 34086 20747 765 19872 703 5928 1 0 4 0 0 0 0 0 0 2 1 R 0
1375 34105 18086 651 18133 615 3341 1 0 0 0 0 0 0 0 0 2 1 R 0
1376 34126 20381 591 20374 567 5092 1 0 0 0 0 0 0 0 0 1 1 R 0
1377 34150 23823 730 21479 676 3876 1 0 5 0 0 0 0 0 0 2 1 R 0
1378 34171 19950 661 19989 622 3770 1 0 0 0 0 0 0 0 0 1 1 R 0
1379 34191 19379 539 19405 512 4081 1 0 0 0 0 0 0 0 0 1 1 R 0
1380 34216 24882 679 22953 653 6772 1 0 4 0 0 0 0 0 0 2 1 R 0
1381 34238 20658 1003 20272 984 3775 1 0 1 0 0 0 0 0 0 1 1 R 0
1382 34258 18979 1497 19012 1490 4091 1 0 0 0 0 0 0 0 0 1 1 R 0
1383 34277 17639 661 17660 603 3237 1 0 0 0 0 0 0 0 0 2 1 R 0
1384 34300 22253 684 20694 640 3363 1 0 4 0 0 0 0 0 0 1 1 R 0
1385 34331 30762 536 21788 519 3076 1 0 5 0 0 0 0 0 0 3 1 R 0
1386 34353 21621 532 20848 506 3897 1 0 4 0 0 0 0 0 0 1 1 R 0
1387 34373 19621 543 19644 512 3993 1 0 0 0 0 0 0 0 0 1 1 R 0
1388 34392 17519 630 17575 613 3731 1 0 0 0 0 0 0 0 0 2 1 R 0
1389 34414 21719 541 21716 516 5028 1 0 0 0 0 0 0 0 0 1 1 R 0
1390 34436 21418 555 20436 531 6636 1 0 4 0 0 0 0 0 0 2 1 R 0
1391 34457 20230 791 20256 765 4035 1 0 0 0 0 1 0 0 0 1 1 R 0
1392 34476 19013 756 19078 689 3849 1 0 0 0 0 0 0 0 0 1 1 R 0
1393 34499 22171 717 21089 676 3249 1 0 4 0 0 0 0 0 0 2 1 R 0
1394 34517 17192 638 17233 599 3156 1 0 0 0 0 0 0 0 0 1 1 R 0
1395 34544 26333 600 25383 577 8034 1 0 1 0 0 0 0 0 0 2 1 R 0
1396 34567 21966 612 20876 579 4418 1 0 4 0 0 0 0 0 0 1 1 R 0
1397 34586 18509 687 18555 628 3130 1 0 0 0 0 0 0 0 0 2 1 R 0
1398 34605 17938 637 17989 597 3461 1 0 0 0 0 0 0 0 0 1 1 R 0
1399 34624 19248 673 19294 641 4791 1 0 0 0 0 0 0 0 0 2 1 R 0
1400 34649 23907 534 22660 514 7182 1 0 4 0 0 0 0 0 0 2 1 R 0
1401 34669 19489 791 19554 727 3794 1 0 0 0 0 0 0 0 0 1 1 R 0
1402 34690 20092 639 20135 601 4364 1 0 0 0 0 0 0 0 0 1 1 R 0
1403 34714 23153 680 21895 618 3289 1 0 4 0 0 0 0 0 0 2 1 R 0
1404 34736 21848 551 20759 529 3579 1 0 1 0 0 0 0 0 0 2 1 R 0
1405 34757 19788 621 19815 596 4047 1 0 0 0 0 0 0 0 0 1 1 R 0
1406 34781 23960 543 22242 511 3798 1 0 4 0 0 0 0 0 0 1 1 R 0
1407 34801 18838 638 18886 601 3120 1 0 0 0 0 0 0 0 0 2 1 R 0
1408 34820 18618 743 18660 688 3201 1 0 0 0 0 0 0 0 0 1 1 R 0
1409 34844 23577 551 22737 534 4626 1 0 4 0 0 0 0 0 0 2 1 R 0
1410 34867 22584 665 22618 633 8398 1 0 0 0 0 0 0 0 0 1 1 R 0
1411 34887 19360 544 19380 517 3753 1 0 0 0 0 0 0 0 0 2 1 R 0
1412 34905 17431 710 17506 666 3459 1 0 0 0 0 0 0 0 0 1 1 R 0
1413 34930 24235 528 22648 510 4659 1 0 4 0 0 0 0 0 0 3 1 R 0
1414 34952 21636 551 20324 526 3851 1 0 2 0 0 0 0 0 0 1 1 R 0
1415 34973 20238 551 20268 526 4444 1 0 0 0 0 0 0 0 0 1 1 R 0
1416 34995 20926 555 19910 522 6141 1 0 4 0 0 0 0 0 0 2 1 R 0
1417 35013 18121 638 18182 594 3833 1 0 0 0 0 0 0 0 0 1 1 R 0
1418 35033 18692 629 18718 604 4270 1 0 0 0 0 0 0 0 0 2 1 R 0
1419 35056 23194 557 21944 527 5414 1 0 4 0 0 0 0 0 0 1 1 R 0
1420 35077 20009 562 20040 542 3892 1 0 0 0 0 0 0 0 0 2 1 R 0
1421 35098 20089 1692 20126 1674 4274 1 0 0 0 0 0 0 0 0 1 1 R 0
1422 35118 18097 3078 18124 2281 3745 1 0 0 0 1 0 0 0 0 2 1 R 0
1423 35144 23202 558 20482 535 3935 1 0 4 0 0 0 0 0 0 2 1 R 0
1424 35164 19400 539 19425 516 4287 1 0 0 0 0 0 0 0 0 1 1 R 0
1425 35187 22288 597 22316 564 8002 1 0 0 0 0 0 0 0 0 1 1 R 0
1426 35210 22866 620 20897 570 4014 1 0 3 0 0 0 0 0 0 2 1 R 0
1427 35229 18493 944 18558 877 3209 1 0 0 0 0 0 0 0 0 2 1 R 0
1428 35251 20571 544 20604 520 4356 1 0 0 0 0 0 0 0 0 1 1 R 0
1429 35273 22034 536 20597 508 3859 1 0 4 0 0 0 0 0 0 1 1 R 0
1430 35293 19418 672 19452 640 4073 1 0 0 0 0 0 0 0 0 1 1 R 0
1431 35312 18062 613 18100 580 3634 1 0 0 0 0 0 0 0 0 2 1 R 0
1432 35337 24187 536 22134 509 5098 1 0 5 0 0 0 0 0 0 2 1 R 0
1433 35357 20098 562 20132 538 4022 1 0 0 0 0 0 0 0 0 2 1 R 0
1434 35377 18989 564 19013 542 3887 1 0 0 0 0 0 0 0 0 1 1 R 0
1435 35398 20348 2262 20366 1545 3385 1 0 0 0 4 0 0 0 0 1 1 R 0
1436 35419 18700 703 18445 668 3083 1 0 0 0 0 0 0 0 0 2 1 R 0
1437 35437 17977 1220 18025 1174 3626 1 0 0 0 0 0 0 0 0 1 1 R 0
1438 35460 20969 543 20985 521 4875 1 0 0 0 0 0 0 0 0 2 1 R 0
1439 35482 22267 548 20733 518 3844 1 0 4 0 0 0 0 0 0 1 1 R 0
1440 35505 22451 549 22476 528 8133 1 0 0 0 0 0 0 0 0 1 1 R 0
1441 35525 19311 1116 19357 1089 3968 1 0 0 0 0 0 0 0 0 2 1 R 0
1442 35550 23856 544 21019 518 3115 1 0 5 0 0 0 0 0 0 2 1 R 0
1443 35571 20049 546 20075 519 3870 1 0 0 0 0 0 0 0 0 1 1 R 0
1444 35591 19413 549 19443 526 4142 1 0 0 0 0 0 0 0 0 1 1 R 0
1445 35614 22110 538 20518 522 3098 1 0 4 0 0 0 0 0 0 2 1 R 0
1446 35631 17365 789 17464 717 3655 1 0 0 0 0 0 0 0 0 1 1 R 0
1447 35653 20812 758 20863 683 5084 1 0 0 0 0 0 0 0 0 2 1 R 0
1448 35674 19984 553 20006 529 4433 1 0 0 0 0 0 0 0 0 1 1 R 0
1449 35696 21739 559 20663 532 6355 1 0 4 0 0 0 0 0 0 1 1 R 0
1450 35715 17901 813 17974 736 3321 1 0 0 0 0 0 0 0 0 2 1 R 0
1451 35734 18965 741 19026 706 4802 1 0 0 0 0 0 0 0 0 2 1 R 0
1452 35760 24537 555 21090 545 3572 1 0 5 0 0 0 0 0 0 1 1 R 0
1453 35780 19459 533 19469 509 3848 1 0 0 0 0 0 0 0 0 1 1 R 0
1454 35801 21073 623 21114 580 3854 1 0 0 0 0 0 0 0 0 2 1 R 0
1455 35827 24881 557 23395 529 7134 1 0 4 0 0 0 0 0 0 2 1 R 0
1456 35844 17146 962 17237 882 3238 1 0 0 0 0 0 0 0 0 1 1 R 0
1457 35867 21916 547 21932 521 6128 1 0 0 0 0 0 0 0 0 2 1 R 0
1458 35887 18968 559 18997 529 3888 1 0 0 0 0 0 0 0 0 1 1 R 0
1459 35910 22791 614 21683 599 5139 1 0 4 0 0 0 0 0 0 2 1 R 0
1460 35928 16888 1218 16916 1192 3134 1 0 0 0 0 0 0 0 0 1 1 R 0
1461 35950 20983 736 20120 691 3677 1 0 1 0 0 0 0 0 0 2 1 R 0
1462 35973 22392 558 21139 532 4065 1 0 4 0 0 0 0 0 0 1 1 R 0
1463 35994 20151 551 20183 522 4421 1 0 0 0 0 0 0 0 0 1 1 R 0
1464 36014 19800 559 19824 532 4489 1 0 0 0 0 0 0 0 0 2 1 R 0
1465 36036 20930 660 19568 598 3674 1 0 4 0 0 0 0 0 0 1 1 R 0
1466 36054 18037 731 18062 712 3281 1 0 0 0 0 0 0 0 0 2 1 R 0
1467 36074 18635 792 18687 733 4336 1 0 0 0 0 0 0 0 0 2 1 R 0
1468 36095 20562 720 20576 697 4470 1 0 0 0 0 0 0 0 0 1 1 R 0
1469 36117 21340 622 20217 593 6774 1 0 4 0 0 0 0 0 0 2 1 R 0
1470 36142 23989 488 22677 478 6365 1 0 1 0 0 0 0 0 0 2 1 R 0
1471 36161 18496 606 18542 568 3220 1 0 0 0 0 0 0 0 0 2 1 R 0
1472 36183 22001 615 20864 589 3521 1 0 4 0 0 0 0 0 0 1 1 R 0
1473 36204 20008 542 20030 518 4432 1 0 0 0 0 0 0 0 0 1 1 R 0
1474 36223 18594 654 18640 602 4050 1 0 0 0 0 0 0 0 0 2 1 R 0
1475 36247 23424 561 21516 540 4812 1 0 5 0 0 0 0 0 0 1 1 R 0
1476 36267 19266 609 19310 561 3851 1 0 0 0 0 0 0 0 0 1 1 R 0
1477 36287 18990 546 19020 522 3499 1 0 0 0 0 0 0 0 0 1 1 R 0
1478 36307 19938 554 19960 530 4074 1 0 0 0 0 0 0 0 0 2 1 R 0
1479 36329 21943 596 20346 549 4649 1 0 4 0 0 0 0 0 0 2 1 R 0
1480 36350 20105 705 19038 693 3167 1 0 1 0 0 0 0 0 0 1 1 R 0
1481 36370 19123 603 19131 579 3221 1 0 0 0 0 0 0 0 0 2 1 R 0
1482 36394 22871 564 21401 535 4332 1 0 4 0 0 0 0 0 0 1 1 R 0
1483 36414 19632 541 19660 507 4343 1 0 0 0 0 0 0 0 0 1 1 R 0
1484 36432 17870 683 17938 643 3834 1 0 0 0 0 0 0 0 0 2 1 R 0
1485 36459 26578 578 25064 556 7419 1 0 4 0 0 0 0 0 0 2 1 R 0
1486 36479 19361 530 19379 509 3448 1 0 0 0 0 0 0 0 0 1 1 R 0
1487 36500 19699 529 19724 510 3819 1 0 0 0 0 0 0 0 0 1 1 R 0
1488 36522 22033 614 21028 589 3917 1 0 4 0 0 0 0 0 0 2 1 R 0
1489 36542 18793 686 18854 660 3616 1 0 0 0 0 0 0 0 0 1 1 R 0
1490 36562 19531 681 18099 664 3494 1 0 1 0 0 0 0 0 0 2 1 R 0
1491 36582 19407 700 19433 686 3488 1 0 0 0 0 0 0 0 0 1 1 R 0
1492 36605 22528 567 21154 538 5199 1 0 4 0 0 0 0 0 0 2 1 R 0
1493 36626 20685 563 20709 539 3444 1 0 0 0 0 0 0 0 0 1 1 R 0
1494 36645 17911 690 17984 612 3303 1 0 0 0 0 0 0 0 0 2 1 R 0
1495 36668 22164 1387 21017 1334 4688 1 0 4 0 0 0 0 0 0 2 1 R 0
1496 36689 19900 555 19921 531 3808 1 0 0 0 0 0 0 0 0 1 1 R 0
1497 36708 19007 634 19024 620 4104 1 0 0 0 0 0 0 0 0 1 1 R 0
1498 36729 19829 1317 19829 845 3426 1 0 1 0 1 0 0 0 0 2 1 R 0
1499 36753 22805 528 19911 507 3043 1 0 3 0 0 0 0 0 0 1 1 R 0
