# swapstamp frames 1500 skip 300 peer 469
# f t_ms gap_us swap_us crend_us cswap_us clr_us nclr vcs_r ivcs_r vcs_s ivcs_s minf majf cpu0 cpu1 pticks pcpu pstate ctr
0 0 20489 769 20570 689 6718 1 0 0 0 0 0 0 0 0 0 1 R 0
1 18 17898 677 17933 637 3233 1 0 0 0 0 0 0 0 0 0 1 R 0
2 43 24650 525 22360 496 4102 1 0 5 0 0 0 0 0 0 2 1 R 0
3 64 19606 628 19643 591 3710 1 0 0 0 0 0 0 0 0 1 1 R 0
4 84 19524 589 19542 565 3694 1 0 0 0 0 0 0 0 0 1 1 R 0
5 106 21802 597 20539 516 3257 1 0 4 0 0 0 0 0 0 2 1 R 0
6 127 20709 696 20480 681 4409 1 0 1 0 0 0 0 0 0 2 1 R 0
7 148 19567 561 19591 535 4227 1 0 0 0 0 0 0 0 0 1 1 R 0
8 168 19878 567 19902 539 4359 1 0 0 0 0 0 0 0 0 1 1 R 0
9 190 20748 564 19678 540 5815 1 0 4 0 0 0 0 0 0 2 1 R 0
10 208 18107 699 18144 659 3348 1 0 0 0 0 0 0 0 0 2 1 R 0
11 228 19521 685 19561 650 3710 1 0 0 0 0 0 0 0 0 1 1 R 0
12 253 24108 1068 21368 1029 3931 1 0 5 0 0 0 0 0 0 2 1 R 0
13 274 19632 570 19654 537 3711 1 0 0 0 0 0 0 0 0 1 1 R 0
14 293 18515 665 18562 637 3397 1 0 0 0 0 0 0 0 0 1 1 R 0
15 316 21941 762 21973 751 6528 1 0 0 0 0 0 0 0 0 2 1 R 0
16 338 21303 562 20122 538 5616 1 0 4 0 0 0 0 0 0 2 1 R 0
17 358 19833 562 19859 536 4202 1 0 0 0 0 0 0 0 0 1 1 R 0
18 378 19634 785 19675 757 4230 1 0 0 0 0 0 0 0 0 1 1 R 0
19 403 24190 731 22416 687 3292 1 0 3 0 0 0 0 0 0 2 1 R 0
20 423 19446 656 19111 639 3088 1 0 1 0 0 0 0 0 0 2 1 R 0
21 445 20705 558 18852 533 3319 1 0 1 0 0 0 0 0 0 1 1 R 0
22 467 21979 542 20836 511 4364 1 0 4 0 0 0 0 0 0 2 1 R 0
23 488 19976 690 20018 656 4355 1 0 0 0 0 0 0 0 0 1 1 R 0
24 506 17648 680 17694 636 3496 1 0 0 0 0 0 0 0 0 2 1 R 0
25 526 18957 693 18991 650 4707 1 0 0 0 0 0 0 0 0 1 1 R 0
26 548 21946 587 20937 553 5864 1 0 4 0 0 0 0 0 0 2 1 R 0
27 568 19400 577 19443 538 3798 1 0 0 0 0 0 0 0 0 1 1 R 0
28 588 19379 679 19452 599 3860 1 0 0 0 0 0 0 0 0 1 1 R 0
29 610 21186 1077 19859 1046 3783 1 0 4 0 0 0 0 0 0 2 1 R 0
30 634 22232 800 22320 709 6073 1 0 0 0 0 0 0 0 0 2 1 R 0
31 656 21669 571 20684 542 3789 1 0 1 0 0 0 0 0 0 1 1 R 0
32 678 21821 531 20683 504 4320 1 0 4 0 0 0 0 0 0 1 1 R 0
33 698 19310 992 19403 911 4298 1 0 0 0 0 0 0 0 0 2 1 R 0
34 717 17945 682 17991 626 3168 1 0 0 0 0 0 0 0 0 1 1 R 0
35 737 19128 685 19192 648 4157 1 0 0 0 0 0 0 0 0 2 1 R 0
36 760 21960 573 20686 539 6436 1 0 4 0 0 0 0 0 0 1 1 R 0
37 780 19888 565 19923 528 3761 1 0 0 0 0 0 0 0 0 1 1 R 0
38 800 19065 761 19156 671 3861 1 0 0 0 0 0 0 0 0 2 1 R 0
39 822 21474 714 20605 703 3352 1 0 4 0 0 0 0 0 0 1 1 R 0
40 840 17601 1519 17634 1474 3113 1 0 0 0 0 0 0 0 0 2 1 R 0
41 863 20726 605 19410 582 3747 1 0 1 0 0 0 0 0 0 1 1 R 0
42 885 21717 620 20979 595 3734 1 0 4 0 0 0 0 0 0 1 1 R 0
43 906 20271 541 20301 508 4204 1 0 0 0 0 0 0 0 0 1 1 R 0
44 925 19037 656 18649 619 4297 1 0 1 0 0 0 0 0 0 2 1 R 0
45 949 22877 567 22883 547 6597 1 0 0 0 0 0 0 0 0 2 1 R 0
46 972 22456 554 21158 539 3793 1 0 4 0 0 0 0 0 0 1 1 R 0
47 992 19151 561 19169 544 3963 1 0 0 0 0 0 0 0 0 1 1 R 0
48 1009 17287 657 17320 652 3260 1 0 0 0 0 0 0 0 0 2 1 R 0
49 1033 23226 787 22287 761 3552 1 0 4 0 0 0 0 0 0 2 1 R 0
50 1056 21497 684 20551 665 3621 1 0 1 0 0 0 0 0 0 1 1 R 0
51 1075 19094 607 19112 583 4341 1 0 0 0 0 0 0 0 0 1 1 R 0
52 1098 22133 547 20795 521 4410 1 0 4 0 0 0 0 0 0 1 1 R 0
53 1117 18055 803 18099 784 3700 1 0 0 0 0 0 0 0 0 2 1 R 0
54 1137 19113 658 19157 581 4294 1 0 0 0 0 0 0 0 0 2 1 R 0
55 1158 20575 905 20656 835 4987 1 0 0 0 0 0 0 0 0 2 1 R 0
56 1180 20750 576 19567 548 6186 1 0 4 0 0 0 0 0 0 1 1 R 0
57 1200 20224 1064 20254 1040 3737 1 0 0 0 0 0 0 0 0 1 1 R 0
58 1218 16617 847 16695 779 3257 1 0 0 0 0 0 0 0 0 1 1 R 0
59 1243 24205 562 23161 535 4697 1 0 4 0 0 1 0 0 0 3 1 R 0
60 1267 23715 574 22683 541 6951 1 0 1 0 0 0 0 0 0 1 1 R 0
61 1287 19494 685 19523 661 4197 1 0 0 0 0 0 0 0 0 1 1 R 0
62 1310 21589 554 20324 522 4040 1 0 4 0 0 0 0 0 0 1 1 R 0
63 1328 18096 677 18135 641 3268 1 0 0 0 0 0 0 0 0 2 1 R 0
64 1348 19403 716 19441 687 3699 1 0 0 0 0 0 0 0 0 2 1 R 0
65 1369 20120 562 20135 533 3742 1 0 0 0 0 0 0 0 0 1 1 R 0
66 1393 22800 593 21656 572 4407 1 0 4 0 0 0 0 0 0 1 1 R 0
67 1413 19970 543 19995 519 3445 1 0 0 0 0 0 0 0 0 2 1 R 0
68 1432 18694 613 18718 603 3193 1 0 0 0 0 0 0 0 0 2 1 R 0
69 1456 23096 573 20387 541 3163 1 0 5 0 0 0 0 0 0 1 1 R 0
70 1476 19061 834 19107 798 3886 1 0 0 0 0 0 0 0 0 2 1 R 0
71 1497 20260 623 20281 597 4178 1 0 0 0 0 0 0 0 0 1 1 R 0
72 1520 22642 891 21463 882 4339 1 0 4 0 0 0 0 0 0 2 1 R 0
73 1539 17639 633 17662 583 3233 1 0 0 0 0 0 0 0 0 1 1 R 0
74 1559 19483 684 19549 629 4076 1 0 0 0 0 0 0 0 0 2 1 R 0
75 1585 25778 546 25021 517 7436 1 0 4 0 0 0 0 0 0 2 1 R 0
76 1606 20048 631 20089 585 4400 1 0 0 0 0 0 0 0 0 1 1 R 0
77 1624 17738 638 17783 592 3683 1 0 0 0 0 0 0 0 0 1 1 R 0
78 1644 18792 620 18823 600 3448 1 0 0 0 0 0 0 0 0 2 1 R 0
79 1668 23598 615 21625 576 5193 1 0 5 0 0 0 0 0 0 2 1 R 0
80 1688 19263 617 19345 537 4189 1 0 0 0 0 0 0 0 0 1 1 R 0
81 1709 21100 613 21129 582 3945 1 0 0 0 0 0 0 0 0 1 1 R 0
82 1732 21951 809 20784 779 3387 1 0 4 0 0 0 0 0 0 2 1 R 0
83 1754 21125 528 20484 508 3783 1 0 1 0 0 0 0 0 0 1 1 R 0
84 1774 19224 640 19255 616 3535 1 0 0 0 0 0 0 0 0 2 1 R 0
85 1797 22149 538 21404 513 3979 1 0 4 0 0 0 0 0 0 1 1 R 0
86 1817 19489 560 19518 531 4262 1 0 0 0 0 0 0 0 0 1 1 R 0
87 1837 20267 583 20294 563 4220 1 0 0 0 0 0 0 0 0 2 1 R 0
88 1858 20479 872 19509 836 3674 1 0 1 0 0 1 0 0 0 2 1 R 0
89 1883 23439 680 21706 613 4586 1 0 5 0 0 0 0 0 0 1 1 R 0
90 1905 22063 722 22092 710 7285 1 0 0 0 0 0 0 0 0 1 1 R 0
91 1926 20221 542 20231 516 4335 1 0 0 0 0 0 0 0 0 2 1 R 0
92 1948 20633 691 19641 656 5354 1 0 4 0 0 0 0 0 0 2 1 R 0
93 1967 18433 1541 18462 1530 3757 1 0 0 0 0 1 0 0 0 1 1 R 0
94 1989 20350 562 20337 539 3864 1 0 0 0 0 0 0 0 0 1 1 R 0
95 2010 21281 1307 19930 1275 3931 1 0 4 0 0 0 0 0 0 1 1 R 0
96 2030 18661 5447 18718 1471 3744 1 0 0 0 1 0 0 0 0 3 1 R 0
97 2065 29165 687 19413 601 5027 1 0 5 0 0 0 0 0 0 1 1 R 0
98 2087 21374 823 20527 800 3989 1 0 4 0 0 0 0 0 0 2 1 R 0
99 2108 20233 562 20237 533 4287 1 0 0 0 0 0 0 0 0 1 1 R 0
100 2128 18783 701 18806 679 3790 1 0 0 0 0 0 0 0 0 1 1 R 0
101 2149 20643 684 19649 639 3755 1 0 4 0 0 0 0 0 0 2 1 R 0
102 2168 18082 673 18130 610 3234 1 0 0 0 0 0 0 0 0 1 1 R 0
103 2189 20240 575 20267 540 4999 1 0 0 0 0 0 0 0 0 2 1 R 0
104 2209 19866 579 19902 546 3960 1 0 0 0 0 0 0 0 0 1 1 R 0
105 2236 26214 762 24851 717 9209 1 0 4 0 0 0 0 0 0 2 1 R 0
106 2256 19577 685 18104 656 3729 1 0 1 0 0 0 0 0 0 2 1 R 0
107 2276 18909 699 18936 661 3733 1 0 0 0 0 0 0 0 0 1 1 R 0
108 2298 22017 611 21091 590 5380 1 0 4 0 0 0 0 0 0 2 1 R 0
109 2318 19416 568 19450 534 3784 1 0 0 0 0 0 0 0 0 1 1 R 0
110 2338 19134 771 19193 717 3685 1 0 0 0 0 0 0 0 0 2 1 R 0
111 2360 21233 1488 20045 1440 3229 1 0 4 0 0 0 0 0 0 2 1 R 0
112 2381 18915 1415 18954 1366 3548 1 0 0 0 0 0 0 0 0 1 1 R 0
113 2402 19654 609 19666 588 3833 1 0 0 0 0 0 0 0 0 1 1 R 0
114 2423 20398 1462 19904 1058 3852 1 0 4 0 0 0 0 0 0 1 1 R 0
115 2443 19305 753 19322 730 3727 1 0 0 0 0 0 0 0 0 2 1 R 0
116 2464 20100 628 19069 587 3192 1 0 1 0 0 0 0 0 0 1 1 R 0
117 2485 20149 805 20186 780 3087 1 0 0 0 0 0 0 0 0 2 1 R 0
118 2508 21766 632 20608 600 4575 1 0 4 0 0 0 0 0 0 1 1 R 0
119 2529 20362 557 20377 537 4282 1 0 0 0 0 0 0 0 0 1 1 R 0
120 2554 25001 548 24624 524 6700 1 0 1 0 0 0 0 0 0 2 1 R 0
121 2577 22520 537 21381 504 3134 1 0 4 0 0 0 0 0 0 2 1 R 0
122 2596 18291 675 18331 655 3612 1 0 0 0 0 0 0 0 0 2 1 R 0
123 2617 20373 548 20390 514 4952 1 0 0 0 0 0 0 0 0 1 1 R 0
124 2639 21702 558 20705 526 4206 1 0 4 0 0 0 0 0 0 1 1 R 0
125 2660 19915 760 18610 714 3461 1 0 1 0 0 0 0 0 0 2 1 R 0
126 2680 18941 659 18978 618 3266 1 0 0 0 0 0 0 0 0 1 1 R 0
127 2700 20250 2057 20278 1380 4113 1 0 0 0 2 0 0 0 0 2 1 R 0
128 2724 21035 602 20470 580 4071 1 0 2 0 0 0 0 0 0 1 1 R 0
129 2744 19855 693 19876 672 3482 1 0 0 0 0 0 0 0 0 1 1 R 0
130 2763 18716 619 18738 601 3516 1 0 0 0 0 0 0 0 0 2 1 R 0
131 2786 21979 726 20973 648 3348 1 0 4 0 0 0 0 0 0 1 1 R 0
132 2807 20205 567 20237 539 4377 1 0 0 0 0 0 0 0 0 2 1 R 0
133 2827 19233 612 19262 580 4362 1 0 0 0 0 0 0 0 0 1 1 R 0
134 2850 23126 1139 21590 1111 3875 1 0 4 0 0 0 0 0 0 1 1 R 0
135 2874 22745 685 21782 661 8045 1 0 1 0 0 0 0 0 0 2 1 R 0
136 2894 18993 1013 19037 1001 3356 1 0 0 0 0 0 0 0 0 1 1 R 0
137 2917 22187 539 20866 515 3152 1 0 4 0 0 0 0 0 0 2 1 R 0
138 2938 20372 572 20419 521 4201 1 0 0 0 0 0 0 0 0 1 1 R 0
139 2960 21683 1174 21721 1141 4198 1 0 0 0 0 0 0 0 0 2 1 R 0
140 2979 17787 733 17850 669 3223 1 0 0 0 0 0 0 0 0 2 1 R 0
141 3004 23458 550 21674 535 3299 1 0 4 0 0 0 0 0 0 1 1 R 0
142 3024 19644 552 19670 527 3768 1 0 0 0 0 0 0 0 0 2 1 R 0
143 3044 20060 771 20090 746 3947 1 0 0 0 0 0 0 0 0 1 1 R 0
144 3068 22359 549 20345 524 3118 1 0 5 0 0 0 0 0 0 2 1 R 0
145 3086 18329 641 18372 618 3636 1 0 0 0 0 0 0 0 0 2 1 R 0
146 3108 20820 542 20825 520 4306 1 0 0 0 0 0 0 0 0 1 1 R 0
147 3129 21025 566 19833 543 4308 1 0 4 0 0 0 0 0 0 1 1 R 0
148 3150 20014 558 20041 526 3686 1 0 0 0 0 0 0 0 0 1 1 R 0
149 3168 17804 693 17873 631 3250 1 0 0 0 0 0 0 0 0 1 1 R 0
150 3195 26294 692 25050 657 6737 1 0 4 0 0 0 0 0 0 2 1 R 0
151 3215 19409 564 19438 533 4203 1 0 0 0 0 0 0 0 0 2 1 R 0
152 3236 19834 556 19858 528 4214 1 0 0 0 0 0 0 0 0 1 1 R 0
153 3256 19883 544 19904 514 3907 1 0 0 0 0 0 0 0 0 2 1 R 0
154 3279 22635 798 20593 764 5512 1 0 5 0 0 0 0 0 0 2 1 R 0
155 3299 18633 743 18654 706 3091 1 0 0 0 0 0 0 0 0 1 1 R 0
156 3319 19280 621 19294 595 3815 1 0 0 0 0 0 0 0 0 1 1 R 0
157 3343 23007 546 21514 510 3730 1 0 4 0 0 0 0 0 0 1 1 R 0
158 3363 19772 775 19845 714 3772 1 0 0 0 0 0 0 0 0 2 1 R 0
159 3382 18453 631 18481 602 3079 1 0 0 0 0 0 0 0 0 2 1 R 0
160 3405 21786 790 20383 781 3096 1 0 4 0 0 0 0 0 0 1 1 R 0
161 3425 20047 559 20058 530 4338 1 0 0 0 0 0 0 0 0 2 1 R 0
162 3445 19562 575 19587 550 4338 1 0 0 0 0 0 0 0 0 1 1 R 0
163 3467 21003 559 19571 532 4278 1 0 1 0 0 0 0 0 0 1 1 R 0
164 3488 20661 698 19662 690 5729 1 0 4 0 0 0 0 0 0 2 1 R 0
165 3513 23831 541 23823 516 6835 1 0 0 0 0 0 0 0 0 1 1 R 0
166 3533 19501 560 19521 537 3741 1 0 0 0 0 0 0 0 0 1 1 R 0
167 3555 21769 577 20266 542 3773 1 0 4 0 0 0 0 0 0 2 1 R 0
168 3574 18369 778 18418 738 3804 1 0 0 0 0 0 0 0 0 2 1 R 0
169 3594 18658 636 18679 599 3478 1 0 0 0 0 0 0 0 0 2 1 R 0
170 3617 22537 529 21361 507 3615 1 0 4 0 0 0 0 0 0 1 1 R 0
171 3637 19706 547 19740 514 4310 1 0 0 0 0 0 0 0 0 1 1 R 0
172 3657 19174 567 19210 534 4238 1 0 0 0 0 0 0 0 0 1 1 R 0
173 3677 19264 675 18120 631 4916 1 0 1 0 0 0 0 0 0 2 1 R 0
174 3699 21395 679 20421 643 5384 1 0 4 0 0 0 0 0 0 2 1 R 0
175 3718 18865 891 18955 796 3671 1 0 0 0 0 0 0 0 0 1 1 R 0
176 3739 19766 626 19788 597 3726 1 0 0 0 0 0 0 0 0 1 1 R 0
177 3761 21217 1091 20374 649 3946 1 0 4 0 0 0 0 0 0 1 1 R 0
178 3779 17652 639 17688 622 3196 1 0 0 0 0 0 0 0 0 2 1 R 0
179 3799 19008 682 19034 655 3263 1 0 0 0 0 0 0 0 0 1 1 R 0
180 3826 26042 670 25283 649 6871 1 0 4 0 0 0 0 0 0 2 1 R 0
181 3846 19850 566 19877 536 4213 1 0 0 0 0 1 0 0 0 1 1 R 0
182 3868 21088 566 19515 524 4122 1 0 1 0 0 0 0 0 0 2 1 R 0
183 3888 19003 673 18591 656 4606 1 0 1 0 0 0 0 0 0 2 1 R 0
184 3908 20100 726 19101 628 5786 1 0 4 0 0 0 0 0 0 2 1 R 0
185 3930 20554 565 20578 546 3509 1 0 0 0 0 0 0 0 0 1 1 R 0
186 3950 19393 624 19423 594 3746 1 0 0 0 0 0 0 0 0 1 1 R 0
187 3974 23478 559 21782 529 3498 1 0 4 0 0 1 0 0 0 1 1 R 0
188 3994 19527 661 19560 633 3333 1 0 0 0 0 0 0 0 0 2 1 R 0
189 4014 19876 666 19912 631 3398 1 0 0 0 0 0 0 0 0 1 1 R 0
190 4037 22131 549 21398 520 4279 1 0 4 0 0 0 0 0 0 1 1 R 0
191 4057 19823 568 19862 531 4230 1 0 0 0 0 0 0 0 0 2 1 R 0
192 4079 20878 680 19906 656 5700 1 0 1 0 0 0 0 0 0 1 1 R 0
193 4098 18148 690 18188 646 3193 1 0 0 0 0 0 0 0 0 2 1 R 0
194 4119 21047 790 19833 737 6233 1 0 4 0 0 0 0 0 0 2 1 R 0
195 4143 22588 1235 22611 1217 7622 1 0 0 0 0 1 0 0 0 2 1 R 0
196 4164 19894 569 19907 541 3793 1 0 0 0 0 0 0 0 0 1 1 R 0
197 4187 22158 554 21124 522 3602 1 0 4 0 0 0 0 0 0 1 1 R 0
198 4205 18183 653 18231 636 3833 1 0 0 0 0 0 0 0 0 2 1 R 0
199 4226 20041 768 20062 749 4525 1 0 0 0 0 0 0 0 0 2 1 R 0
200 4252 25119 702 22818 683 4482 1 0 4 0 0 0 0 0 0 1 1 R 0
201 4275 22489 743 20992 667 4376 1 0 1 0 0 0 0 0 0 1 1 R 0
202 4297 21466 558 21497 528 3530 1 0 0 0 0 0 0 0 0 2 1 R 0
203 4320 22052 631 20033 580 3633 1 0 4 0 0 0 0 0 0 2 1 R 0
204 4343 21989 612 22046 552 4365 1 0 0 0 0 0 0 0 0 1 1 R 0
205 4364 21163 582 21200 539 4348 1 0 0 0 0 0 0 0 0 1 1 R 0
206 4389 23860 586 22251 554 3800 1 0 4 0 0 0 0 0 0 1 1 R 0
207 4408 18654 665 18695 651 3906 1 0 0 0 0 0 0 0 0 2 1 R 0
208 4429 20468 954 20529 887 3288 1 0 0 0 0 0 0 0 0 2 1 R 0
209 4449 19179 571 19190 536 3942 1 0 0 0 0 0 0 0 0 1 1 R 0
210 4477 27016 570 24149 533 10273 1 0 5 0 0 0 0 0 0 1 1 R 0
211 4496 18041 733 18084 712 3706 1 0 0 0 0 0 0 0 0 2 1 R 0
212 4515 19157 663 19179 646 4547 1 0 0 0 0 0 0 0 0 1 1 R 0
213 4538 22291 567 21358 533 5248 1 0 4 0 0 0 0 0 0 2 1 R 0
214 4558 19141 561 19165 533 3341 1 0 0 0 0 0 0 0 0 2 1 R 0
215 4579 19996 1390 20019 1385 4201 1 0 0 0 0 0 0 0 0 1 1 R 0
216 4601 20542 1570 19427 1541 3384 1 0 4 0 0 0 0 0 0 2 1 R 0
217 4620 18017 1339 18073 1280 3814 1 0 0 0 0 0 0 0 0 1 1 R 0
218 4643 21304 540 21309 516 4847 1 0 0 0 0 0 0 0 0 2 1 R 0
219 4665 21474 629 20715 605 3731 1 0 4 0 0 0 0 0 0 1 1 R 0
220 4686 20925 557 19896 528 5407 1 0 1 0 0 0 0 0 0 1 1 R 0
221 4705 17807 668 17853 625 3711 1 0 0 0 0 0 0 0 0 2 1 R 0
222 4725 19197 657 19235 623 4893 1 0 0 0 0 0 0 0 0 2 1 R 0
223 4746 21028 754 20050 702 6201 1 0 4 0 0 0 0 0 0 2 1 R 0
224 4767 19734 566 19758 534 4236 1 0 0 0 0 0 0 0 0 1 1 R 0
225 4790 22663 562 22691 528 7533 1 0 0 0 0 0 0 0 0 1 1 R 0
226 4813 21964 638 20885 639 3500 1 0 4 0 0 0 0 0 0 2 1 R 0
227 4834 20418 637 20422 588 3125 1 0 0 0 0 0 0 0 0 2 1 R 0
228 4853 18620 624 18658 598 3079 1 0 0 0 0 0 0 0 0 1 1 R 0
229 4877 23299 564 21516 529 3766 1 0 5 0 0 0 0 0 0 1 1 R 0
230 4897 19951 563 19977 535 4259 1 0 0 0 0 0 0 0 0 1 1 R 0
231 4918 19917 648 19362 613 3600 1 0 1 0 0 0 0 0 0 2 1 R 0
232 4939 20066 565 20073 538 3809 1 0 0 0 0 0 0 0 0 1 1 R 0
233 4960 20892 569 19547 538 4468 1 0 4 0 0 0 0 0 0 2 1 R 0
234 4980 19774 935 19808 905 3738 1 0 0 0 0 0 0 0 0 1 1 R 0
235 5000 19109 1076 19134 1076 3980 1 0 0 0 0 0 0 0 0 2 1 R 0
236 5023 21282 555 19905 521 3423 1 0 4 0 0 0 0 0 0 1 1 R 0
237 5042 19157 639 19190 636 3446 1 0 0 0 0 0 0 0 0 1 1 R 0
238 5063 19988 738 20011 699 3742 1 0 0 0 0 0 0 0 0 2 1 R 0
239 5088 23731 552 21232 530 3800 1 0 5 0 0 0 0 0 0 1 1 R 0
240 5109 21230 682 21269 635 6750 1 0 0 0 0 0 0 0 0 1 1 R 0
241 5129 18667 699 18711 661 3185 1 0 0 0 0 0 0 0 0 2 1 R 0
242 5149 19847 690 19906 642 3642 1 0 0 0 0 0 0 0 0 2 1 R 0
243 5173 22976 542 21369 518 4165 1 0 4 0 0 0 0 0 0 1 1 R 0
244 5193 19400 556 19427 531 3969 1 0 0 0 0 0 0 0 0 2 1 R 0
245 5212 18139 731 18191 681 3220 1 0 0 0 0 0 0 0 0 1 1 R 0
246 5235 22460 687 21437 615 3582 1 0 4 0 0 0 0 0 0 2 1 R 0
247 5255 19653 552 19676 527 3913 1 0 0 0 0 0 0 0 0 1 1 R 0
248 5277 21206 561 19626 536 4252 1 0 1 0 0 0 0 0 0 1 1 R 0
249 5299 21980 555 20946 521 4162 1 0 4 0 0 0 0 0 0 1 1 R 0
250 5318 17971 696 18038 663 3343 1 0 0 0 0 0 0 0 0 2 1 R 0
251 5338 19236 681 19258 636 3779 1 0 0 0 0 0 0 0 0 2 1 R 0
252 5358 19825 557 19840 531 4231 1 0 0 0 0 0 0 0 0 1 1 R 0
253 5381 21617 961 20344 935 6359 1 0 4 0 0 0 0 0 0 2 1 R 0
254 5400 18820 940 18838 920 3782 1 0 0 0 0 0 0 0 0 1 1 R 0
255 5424 22461 740 22544 657 6095 1 0 0 0 0 0 0 0 0 2 1 R 0
256 5447 22243 688 21373 608 3408 1 0 4 0 0 0 0 0 0 2 1 R 0
257 5467 19560 599 19593 563 4235 1 0 0 0 0 0 0 0 0 1 1 R 0
258 5488 20465 566 19473 528 5592 1 0 1 0 0 0 0 0 0 1 1 R 0
259 5514 25323 541 22949 515 3899 1 0 4 0 0 0 0 0 0 2 1 R 0
260 5533 18862 1077 18907 1051 3204 1 0 0 0 0 0 0 0 0 2 1 R 0
261 5556 21352 720 21402 660 3235 1 0 0 0 0 0 0 0 0 1 1 R 0
262 5578 21068 719 19886 698 3890 1 0 4 0 0 0 0 0 0 2 1 R 0
263 5598 19927 735 19945 712 4168 1 0 0 0 0 0 0 0 0 2 1 R 0
264 5618 18826 696 18879 633 3740 1 0 0 0 0 0 0 0 0 1 1 R 0
265 5637 18364 679 18402 648 3675 1 0 0 0 0 0 0 0 0 2 1 R 0
266 5660 22638 555 21646 533 6579 1 0 4 0 0 0 0 0 0 1 1 R 0
267 5682 21377 548 20294 530 3725 1 0 1 0 0 0 0 0 0 1 1 R 0
268 5703 20146 553 20168 529 3769 1 0 0 0 0 0 0 0 0 1 1 R 0
269 5724 21128 825 19919 785 3083 1 0 4 0 0 0 0 0 0 3 1 R 0
270 5747 22086 797 22173 719 6789 1 0 0 0 0 0 0 0 0 1 1 R 0
271 5767 18460 883 18503 854 3817 1 0 0 0 0 0 0 0 0 2 1 R 0
272 5789 21579 561 20510 530 3965 1 0 4 0 0 0 0 0 0 1 1 R 0
273 5809 19424 605 19454 569 3984 1 0 0 0 0 0 0 0 0 1 1 R 0
274 5828 18070 866 18109 855 3258 1 0 0 0 0 1 0 0 0 2 1 R 0
275 5848 18988 633 18997 597 3802 1 0 0 0 0 0 0 0 0 1 1 R 0
276 5872 23837 786 22196 770 6817 1 0 5 0 0 0 0 0 0 2 1 R 0
277 5893 20678 584 19641 547 5412 1 0 1 0 0 0 0 0 0 1 1 R 0
278 5914 19901 613 19932 581 3779 1 0 0 0 0 0 0 0 0 1 1 R 0
279 5936 21203 767 20158 759 3112 1 0 4 0 0 0 0 0 0 2 1 R 0
280 5955 17975 657 17990 637 3684 1 0 0 0 0 0 0 0 0 2 1 R 0
281 5976 21176 564 21178 533 4924 1 0 0 0 0 0 0 0 0 1 1 R 0
282 5999 21976 560 20589 529 4257 1 0 4 0 0 0 0 0 0 2 1 R 0
283 6019 19042 553 19066 531 3261 1 0 0 0 0 0 0 0 0 1 1 R 0
284 6037 18214 642 18260 588 3129 1 0 0 0 0 0 0 0 0 2 1 R 0
285 6060 21845 684 21903 637 7070 1 0 0 0 0 0 0 0 0 2 1 R 0
286 6084 23973 664 20323 645 4530 1 0 5 0 0 0 0 0 0 1 1 R 0
287 6105 19926 678 19980 617 3767 1 0 0 0 0 0 0 0 0 2 1 R 0
288 6126 20527 700 20560 670 4279 1 0 0 0 0 0 0 0 0 1 1 R 0
289 6148 20711 666 19699 614 4968 1 0 4 0 0 0 0 0 0 2 1 R 0
290 6167 18540 706 18612 645 3725 1 0 0 0 0 0 0 0 0 1 1 R 0
291 6186 18793 776 18825 747 3703 1 0 0 0 0 0 0 0 0 2 1 R 0
292 6209 22042 551 20831 515 4364 1 0 4 0 0 0 0 0 0 1 1 R 0
293 6229 19712 716 19758 672 3744 1 0 0 0 0 0 0 0 0 1 1 R 0
294 6249 18414 698 18477 644 3271 1 0 0 0 0 0 0 0 0 1 1 R 0
295 6269 19588 600 19625 555 3736 1 0 0 0 0 0 0 0 0 3 1 R 0
296 6293 23281 589 21322 565 5368 1 0 5 0 0 0 0 0 0 0 1 R 0
297 6313 20062 1223 20086 1209 3761 1 0 0 0 0 1 0 0 0 1 1 R 0
298 6334 19178 642 19198 614 3516 1 0 0 0 0 0 0 0 0 3 1 R 0
299 6356 21771 631 20724 589 3095 1 0 4 0 0 0 0 0 0 1 1 R 0
300 6379 22184 566 22207 540 7307 1 0 0 0 0 0 0 0 0 2 1 R 0
301 6400 19998 607 20030 573 3781 1 0 0 0 0 0 0 0 0 1 1 R 0
302 6422 22173 541 20806 508 3740 1 0 4 0 0 0 0 0 0 1 1 R 0
303 6441 17654 1322 17744 1255 3478 1 0 0 0 0 0 0 0 0 1 1 R 0
304 6461 18763 1569 18822 1503 4013 1 0 0 0 0 0 0 0 0 2 1 R 0
305 6486 23502 550 21634 524 3727 1 0 5 0 0 0 0 0 0 1 1 R 0
306 6506 19276 624 19303 600 4223 1 0 0 0 0 0 0 0 0 1 1 R 0
307 6529 22585 537 22599 513 4392 1 0 0 0 0 0 0 0 0 2 1 R 0
308 6547 17574 764 17652 717 3266 1 0 0 0 0 0 0 0 0 1 1 R 0
309 6570 22133 677 20570 660 7547 1 0 4 0 0 0 0 0 0 2 1 R 0
310 6591 20081 933 20087 913 3291 1 0 0 0 0 0 0 0 0 2 1 R 0
311 6610 18849 1138 18867 1116 3993 1 0 0 0 0 0 0 0 0 1 1 R 0
312 6634 22564 554 21009 524 3810 1 0 4 0 0 0 0 0 0 1 1 R 0
313 6653 18373 675 18410 640 3143 1 0 0 0 0 0 0 0 0 1 1 R 0
314 6673 19054 730 19079 707 3452 1 0 0 0 0 0 0 0 0 3 1 R 0
315 6700 26936 1035 24910 1012 8364 1 0 5 0 0 1 0 0 0 2 1 R 0
316 6722 20396 551 20403 527 3752 1 0 0 0 0 0 0 0 0 1 1 R 0
317 6743 20997 1423 21017 1423 4177 1 0 0 0 0 0 0 0 0 1 1 R 0
318 6766 21704 517 20403 491 3263 1 0 4 0 0 0 0 0 0 2 1 R 0
319 6786 19179 767 19229 719 3744 1 0 0 0 0 0 0 0 0 2 1 R 0
320 6806 19216 563 19247 535 3809 1 0 0 0 0 0 0 0 0 1 1 R 0
321 6827 19946 554 19978 521 4443 1 0 0 0 0 0 0 0 0 1 1 R 0
322 6848 20628 564 19764 537 5492 1 0 4 0 0 0 0 0 0 2 1 R 0
323 6866 17868 667 17923 610 3557 1 0 0 0 0 0 0 0 0 1 1 R 0
324 6890 22611 573 21551 531 5306 1 0 1 0 0 0 0 0 0 2 1 R 0
325 6912 22072 1125 20628 724 3491 1 0 5 0 0 0 0 0 0 1 1 R 0
326 6933 19911 700 19924 673 3788 1 0 0 0 0 0 0 0 0 2 1 R 0
327 6952 18100 681 18139 658 3192 1 0 0 0 0 0 0 0 0 1 1 R 0
328 6975 22768 773 21028 767 3699 1 0 4 0 0 0 0 0 0 2 1 R 0
329 6996 19542 607 19549 580 3803 1 0 0 0 0 0 0 0 0 1 1 R 0
330 7019 22181 558 22211 532 7857 1 0 0 0 0 0 0 0 0 1 1 R 0
331 7038 19032 550 19051 522 3702 1 0 0 0 0 0 0 0 0 2 1 R 0
332 7059 19891 736 18896 699 5769 1 0 4 0 0 0 0 0 0 1 1 R 0
333 7085 25754 540 22155 516 3130 1 0 2 0 0 0 0 0 0 2 1 R 0
334 7122 36678 570 29936 549 5564 1 0 6 0 0 0 0 0 0 2 1 R 0
335 7144 21107 1326 21131 1311 4019 1 0 0 0 0 0 0 0 0 2 1 R 0
336 7165 20001 668 20028 629 4885 1 0 0 0 0 0 0 0 0 1 1 R 0
337 7187 20571 698 19133 663 3711 1 0 4 0 0 0 0 0 0 2 1 R 0
338 7208 20602 559 20626 525 4976 1 0 0 0 0 0 0 0 0 1 1 R 0
339 7228 19833 544 19852 525 4271 1 0 0 0 0 0 0 0 0 1 1 R 0
340 7248 19378 744 19441 679 3972 1 0 0 0 0 0 0 0 0 2 1 R 0
341 7268 19354 679 18448 648 5330 1 0 4 0 0 0 0 0 0 2 1 R 0
342 7289 19944 672 18384 648 3183 1 0 1 0 0 0 0 0 0 1 1 R 0
343 7310 20873 1051 20889 1022 4132 1 0 0 0 0 0 0 0 0 1 1 R 0
344 7333 21992 945 20548 873 3717 1 0 4 0 0 0 0 0 0 1 1 R 0
345 7357 22118 564 22148 533 7573 1 0 0 0 0 0 0 0 0 1 1 R 0
346 7375 17887 658 17940 610 3703 1 0 0 0 0 0 0 0 0 2 1 R 0
347 7399 23045 538 21350 518 4813 1 0 4 0 0 0 0 0 0 2 1 R 0
348 7419 19439 568 19464 538 3798 1 0 0 0 0 0 0 0 0 1 1 R 0
349 7439 20122 569 20160 532 3722 1 0 0 0 0 0 0 0 0 1 1 R 0
350 7458 18427 698 18493 637 3854 1 0 0 0 0 0 0 0 0 2 1 R 0
351 7481 21506 1461 20149 1374 4658 1 0 4 0 0 0 0 0 0 2 1 R 0
352 7502 20301 877 19312 854 4483 1 0 1 0 0 0 0 0 0 1 1 R 0
353 7522 18995 757 19046 707 3280 1 0 0 0 0 0 0 0 0 1 1 R 0
354 7545 21918 958 20561 932 3963 1 0 4 0 0 0 0 0 0 2 1 R 0
355 7567 20978 662 20856 618 5925 1 0 1 0 0 0 0 0 0 1 1 R 0
356 7586 18245 749 18292 681 3753 1 0 0 0 0 0 0 0 0 2 1 R 0
357 7611 24126 1021 22816 994 6550 1 0 4 0 0 0 0 0 0 2 1 R 0
358 7631 18964 967 18985 941 3863 1 0 0 0 0 0 0 0 0 1 1 R 0
359 7652 20311 557 20334 531 3760 1 0 0 0 0 0 0 0 0 1 1 R 0
360 7677 24564 688 23061 659 6128 1 0 4 0 0 0 0 0 0 2 1 R 0
361 7698 20184 695 19219 653 3628 1 0 1 0 0 0 0 0 0 2 1 R 0
362 7718 19775 563 19783 534 3596 1 0 0 0 0 0 0 0 0 2 1 R 0
363 7738 19531 596 19561 566 4198 1 0 0 0 0 0 0 0 0 0 1 R 0
364 7760 20974 555 19952 521 5450 1 0 4 0 0 0 0 0 0 2 1 R 0
365 7779 18235 642 18277 625 3393 1 0 0 0 0 0 0 0 0 2 1 R 0
366 7799 19362 744 19382 699 3716 1 0 0 0 0 0 0 0 0 1 1 R 0
367 7823 23535 539 22033 512 3968 1 0 4 0 0 1 0 0 0 2 1 R 0
368 7843 19199 591 19226 569 4035 1 0 0 0 0 0 0 0 0 1 1 R 0
369 7864 20217 629 20247 589 3326 1 0 0 0 0 0 0 0 0 2 1 R 0
370 7886 21928 739 20137 711 3224 1 0 5 0 0 0 0 0 0 2 1 R 0
371 7908 20624 805 19092 770 3768 1 0 1 0 0 0 0 0 0 1 1 R 0
372 7928 20079 548 20074 529 4281 1 0 0 0 0 0 0 0 0 1 1 R 0
373 7948 19380 624 19431 571 4213 1 0 0 0 0 0 0 0 0 1 1 R 0
374 7974 24546 554 23029 520 6932 1 0 5 0 0 0 0 0 0 1 1 R 0
375 7996 21946 878 22019 814 6626 1 0 0 0 0 0 0 0 0 2 1 R 0
376 8016 18769 850 18819 803 3669 1 0 0 0 0 0 0 0 0 3 1 R 0
377 8038 21856 624 20709 583 6530 1 0 4 0 0 0 0 0 0 1 1 R 0
378 8058 19343 566 19376 535 3959 1 0 0 0 0 0 0 0 0 1 1 R 0
379 8077 18094 672 18151 635 3292 1 0 0 0 0 0 0 0 0 2 1 R 0
380 8102 24307 544 22476 514 3984 1 0 5 0 0 0 0 0 0 2 1 R 0
381 8122 19196 798 19253 750 3500 1 0 0 0 0 0 0 0 0 1 1 R 0
382 8143 20267 547 20286 522 4016 1 0 0 0 0 0 0 0 0 1 1 R 0
383 8165 21457 539 20611 517 3751 1 0 4 0 0 0 0 0 0 1 1 R 0
384 8185 20003 554 20036 521 4218 1 0 0 0 0 0 0 0 0 1 1 R 0
385 8205 18953 666 19007 613 3694 1 0 0 0 0 0 0 0 0 2 1 R 0
386 8226 20444 548 20461 528 4023 1 0 0 0 0 0 0 0 0 2 1 R 0
387 8248 21384 568 20192 541 6298 1 0 4 0 0 0 0 0 0 1 1 R 0
388 8268 19156 567 19181 541 4387 1 0 0 0 0 0 0 0 0 1 1 R 0
389 8286 18059 722 18100 694 3524 1 0 0 0 0 0 0 0 0 2 1 R 0
390 8314 27500 624 25378 555 8859 1 0 5 0 0 0 0 0 0 1 1 R 0
391 8335 19730 559 19764 534 4471 1 0 0 0 0 0 0 0 0 1 1 R 0
392 8355 19952 563 19978 534 4279 1 0 0 0 0 0 0 0 0 1 1 R 0
393 8378 21885 760 20777 731 3912 1 0 4 0 0 0 0 0 0 2 1 R 0
394 8397 18093 704 18121 669 3511 1 0 0 0 0 0 0 0 0 2 1 R 0
395 8416 18939 631 18981 600 4623 1 0 0 0 0 0 0 0 0 1 1 R 0
396 8437 20205 559 20225 526 4814 1 0 0 0 0 0 0 0 0 1 1 R 0
397 8459 20821 577 19680 542 6397 1 0 4 0 0 0 0 0 0 1 1 R 0
398 8479 20354 553 20379 527 3759 1 0 0 0 0 0 0 0 0 2 1 R 0
399 8501 21125 534 19765 507 3769 1 0 1 0 0 0 0 0 0 1 1 R 0
400 8524 22484 1173 20920 1153 3745 1 0 4 0 0 1 0 0 0 2 1 R 0
401 8545 20089 558 20102 533 4401 1 0 0 0 0 0 0 0 0 1 1 R 0
402 8566 19747 565 19778 532 4366 1 0 0 0 0 0 0 0 0 2 1 R 0
403 8591 24933 616 23999 550 4440 1 0 4 0 0 0 0 0 0 1 1 R 0
404 8610 18560 1969 18615 1920 3852 1 0 0 0 0 0 0 0 0 2 1 R 0
405 8635 22914 564 22933 538 7380 1 0 0 0 0 0 0 0 0 1 1 R 0
406 8657 21064 628 19925 602 4226 1 0 4 0 0 0 0 0 0 1 1 R 0
407 8677 19598 565 19624 532 4322 1 0 0 0 0 0 0 0 0 1 1 R 0
408 8698 20050 647 18335 605 3613 1 0 1 0 0 0 0 0 0 2 1 R 0
409 8716 18071 786 18131 741 3667 1 0 0 0 0 0 0 0 0 2 1 R 0
410 8739 21988 796 21195 765 6798 1 0 4 0 0 0 0 0 0 1 1 R 0
411 8759 19389 613 19416 571 3985 1 0 0 0 0 0 0 0 0 1 1 R 0
412 8779 19381 608 19399 583 3769 1 0 0 0 0 0 0 0 0 1 1 R 0
413 8802 21652 750 20591 716 3198 1 0 4 0 0 0 0 0 0 2 1 R 0
414 8820 17479 755 17507 736 3153 1 0 0 0 0 0 0 0 0 2 1 R 0
415 8841 19858 1562 19887 1524 3828 1 0 0 0 0 0 0 0 0 1 1 R 0
416 8864 21801 804 21144 515 3947 1 0 4 0 0 0 0 0 0 2 1 R 0
417 8885 20014 548 20040 522 3729 1 0 0 0 0 0 0 0 0 1 1 R 0
418 8906 20451 754 19586 718 3127 1 0 1 0 0 0 0 0 0 2 1 R 0
419 8926 19851 782 19473 746 4489 1 0 1 0 0 0 0 0 0 1 1 R 0
420 8951 24016 556 22997 523 8243 1 0 4 0 0 0 0 0 0 2 1 R 0
421 8971 18940 1018 18975 987 3729 1 0 0 0 0 0 0 0 0 1 1 R 0
422 8993 21548 573 21572 546 3505 1 0 0 0 0 0 0 0 0 2 1 R 0
423 9015 20970 774 20000 715 3109 1 0 4 0 0 0 0 0 0 2 1 R 0
424 9034 18921 615 18947 588 3242 1 0 0 0 0 0 0 0 0 1 1 R 0
425 9054 19141 750 19209 695 3194 1 0 0 0 0 0 0 0 0 1 1 R 0
426 9077 22169 547 21100 527 4373 1 0 4 0 0 0 0 0 0 2 1 R 0
427 9099 21765 603 20285 586 4216 1 0 1 0 0 0 0 0 0 1 1 R 0
428 9118 18008 646 18042 634 3245 1 0 0 0 0 0 0 0 0 2 1 R 0
429 9139 20340 539 20344 510 3752 1 0 0 0 0 0 0 0 0 1 1 R 0
430 9161 21028 1033 20176 1011 5057 1 0 4 0 0 0 0 0 0 2 1 R 0
431 9182 19898 528 19914 506 3781 1 0 0 0 0 0 0 0 0 1 1 R 0
432 9203 20469 745 20502 709 3552 1 0 0 0 0 0 0 0 0 2 1 R 0
433 9235 31963 641 19973 598 3306 1 0 5 0 0 0 0 0 0 1 1 R 1
434 9267 31045 648 20053 616 20144 1 2 0 0 0 0 0 0 0 2 1 R 0
435 9292 24269 562 22867 531 7998 1 0 4 0 0 0 0 0 0 1 1 R 0
436 9312 19854 646 18933 607 3503 1 0 1 0 0 0 0 0 0 1 1 R 0
437 9331 17791 1505 18604 700 3104 1 0 0 0 0 0 0 0 0 2 1 R 0
438 9353 20626 1698 20225 1276 3405 1 0 1 0 3 0 0 0 0 1 1 R 0
439 9374 19557 556 19090 523 4161 1 0 0 0 0 0 0 0 0 1 1 R 0
440 9395 20599 569 20623 548 3993 1 0 0 0 0 0 0 0 0 1 1 R 0
441 9413 16781 908 16820 869 3562 1 0 0 0 0 0 0 0 0 2 1 R 0
442 9437 23717 559 22798 527 5853 1 0 4 0 0 1 0 0 0 2 1 R 0
443 9458 19839 552 19871 520 4282 1 0 0 0 0 0 0 0 0 1 1 R 0
444 9477 19051 635 19088 601 4237 1 0 0 0 0 0 0 0 0 1 1 R 0
445 9502 23978 556 21992 534 4239 1 0 5 0 0 0 0 0 0 2 1 R 0
446 9520 17421 697 17487 647 3210 1 0 0 0 0 0 0 0 0 2 1 R 0
447 9539 18547 669 18575 629 3613 1 0 0 0 0 0 0 0 0 2 1 R 0
448 9560 20438 1196 20461 1456 3821 1 0 0 0 2 0 0 0 0 1 1 R 0
449 9583 21603 584 19491 550 3743 1 0 2 0 0 0 0 0 0 1 1 R 0
450 9606 22276 550 22304 513 7132 1 0 0 0 0 0 0 0 0 2 1 R 0
451 9624 18079 675 18143 619 3758 1 0 0 0 0 0 0 0 0 1 1 R 0
452 9648 23012 681 22148 641 4212 1 0 4 0 0 0 0 0 0 2 1 R 0
453 9667 18019 814 18075 760 3690 1 0 0 0 0 0 0 0 0 2 1 R 0
454 9688 19867 596 19894 559 4697 1 0 0 0 0 0 0 0 0 1 1 R 0
455 9711 22479 1057 18902 1022 4188 1 0 4 0 0 0 0 0 0 1 1 R 0
456 9729 17561 743 17629 671 3145 1 0 0 0 0 0 0 0 0 1 1 R 0
457 9750 19892 685 19942 638 3267 1 0 0 0 0 0 0 0 0 3 1 R 0
458 9770 19965 1158 19982 1126 3736 1 0 0 0 3 0 0 0 0 1 1 R 0
459 9794 21887 604 20219 575 4015 1 0 1 0 0 0 0 0 0 1 1 R 0
460 9814 19748 538 19777 513 3775 1 0 0 0 0 0 0 0 0 1 1 R 0
461 9833 19045 666 19098 610 3124 1 0 0 0 0 1 0 0 0 2 1 R 0
462 9856 22119 552 21156 526 3414 1 0 4 0 0 0 0 0 0 1 1 R 0
463 9878 21033 673 20488 646 4265 1 0 1 0 0 0 0 0 0 2 1 R 0
464 9898 19174 613 19198 583 4186 1 0 0 0 0 0 0 0 0 1 1 R 0
465 9925 26253 553 23733 519 8130 1 0 5 0 0 0 0 0 0 1 1 R 0
466 9943 18216 631 18261 594 3423 1 0 0 0 0 0 0 0 0 2 1 R 0
467 9965 21476 892 21235 843 3981 1 0 1 0 0 0 0 0 0 2 1 R 0
468 9988 21502 540 20573 520 4196 1 0 4 0 0 0 0 0 0 1 1 R 0
469 10008 20032 549 20053 520 4349 1 0 0 0 0 0 0 0 0 1 1 R 0
470 10027 17593 795 17698 699 3426 1 0 0 0 0 0 0 0 0 2 1 R 0
471 10047 19479 655 19510 641 4539 1 0 0 0 0 0 0 0 0 2 1 R 0
472 10069 21747 773 20873 741 6242 1 0 4 0 0 0 0 0 0 1 1 R 0
473 10093 22572 733 22605 694 3761 1 0 0 0 0 0 0 0 0 3 1 R 0
474 10117 23303 667 21730 625 3765 1 0 1 0 0 0 0 0 0 2 1 R 0
475 10139 21272 731 20378 674 5258 1 0 4 0 0 0 0 0 0 2 1 R 0
476 10157 17575 755 17629 701 3043 1 0 0 0 0 0 0 0 0 2 1 R 0
477 10177 19867 793 19886 765 4343 1 0 0 0 0 0 0 0 0 1 1 R 0
478 10200 22130 1264 21000 1239 4200 1 0 4 0 0 0 0 0 0 2 1 R 0
479 10220 18620 1516 18708 1436 3604 1 0 0 0 0 0 0 0 0 1 1 R 0
480 10244 21975 542 21995 517 6339 1 0 0 0 0 0 0 0 0 2 1 R 0
481 10266 21733 829 20479 760 3200 1 0 4 0 0 0 0 0 0 1 1 R 0
482 10286 19408 567 19440 538 4323 1 0 0 0 0 0 0 0 0 1 1 R 0
483 10309 21659 554 20722 525 4369 1 0 1 0 0 0 0 0 0 1 1 R 0
484 10327 18214 972 18261 962 3581 1 0 0 0 0 0 0 0 0 2 1 R 0
485 10349 20481 727 19633 677 5463 1 0 4 0 0 0 0 0 0 2 1 R 0
486 10368 18399 677 18453 648 3217 1 0 0 0 0 0 0 0 0 1 1 R 0
487 10389 20018 551 20016 520 3806 1 0 0 0 0 0 0 0 0 2 1 R 0
488 10412 22732 551 21272 526 3938 1 0 4 0 0 0 0 0 0 1 1 R 0
489 10430 17562 716 17601 688 3287 1 0 0 0 0 0 0 0 0 1 1 R 0
490 10449 18165 755 18297 613 3265 1 0 0 0 0 0 0 0 0 2 1 R 0
491 10469 19811 697 19856 666 3995 1 0 0 0 0 0 0 0 0 2 1 R 0
492 10493 23312 779 21563 751 4182 1 0 4 0 0 0 0 0 0 1 1 R 0
493 10515 20541 567 19443 535 3852 1 0 1 0 0 0 0 0 0 1 1 R 0
494 10534 18554 719 18592 696 3120 1 0 0 0 0 0 0 0 0 2 1 R 0
495 10559 24067 673 23259 623 8396 1 0 4 0 0 0 0 0 0 1 1 R 0
496 10578 18459 992 18523 955 3567 1 0 0 0 0 0 0 0 0 2 1 R 0
497 10599 19883 619 19888 595 3788 1 0 0 0 0 0 0 0 0 1 1 R 0
498 10623 23531 1135 22240 1119 3742 1 0 4 0 0 0 0 0 0 1 1 R 0
499 10643 19291 838 19349 776 3540 1 0 0 0 0 0 0 0 0 2 1 R 0
500 10663 19016 791 19084 723 3302 1 0 0 0 0 0 0 0 0 2 1 R 0
501 10688 23648 544 22548 521 4178 1 0 4 0 0 0 0 0 0 1 1 R 0
502 10708 20384 1167 19546 1163 4201 1 0 1 0 0 1 0 0 0 1 1 R 0
503 10729 19654 565 19658 542 3369 1 0 0 0 0 0 0 0 0 2 1 R 0
504 10749 19272 593 19339 527 3795 1 0 0 0 0 0 0 0 0 1 1 R 0
505 10772 22638 532 20961 516 4729 1 0 4 0 0 0 0 0 0 2 1 R 0
506 10790 17532 1561 17592 1524 3454 1 0 0 0 0 0 0 0 0 1 1 R 0
507 10812 20367 539 20362 519 3938 1 0 0 0 0 0 0 0 0 2 1 R 0
508 10835 22255 569 21024 534 3468 1 0 4 0 0 0 0 0 0 1 1 R 0
509 10854 18319 765 18383 701 3694 1 0 0 0 0 0 0 0 0 2 1 R 0
510 10879 23765 550 23350 529 8098 1 0 1 0 0 0 0 0 0 1 1 R 0
511 10901 21407 1055 20402 990 3756 1 0 4 0 0 0 0 0 0 2 1 R 0
512 10923 21570 564 19693 537 3729 1 0 2 0 0 0 0 0 0 1 1 R 0
513 10943 19238 746 19294 701 3610 1 0 0 0 0 0 0 0 0 1 1 R 0
514 10967 22946 852 21678 825 3308 1 0 4 0 0 0 0 0 0 2 1 R 0
515 10987 19147 549 19154 529 3870 1 0 0 0 0 0 0 0 0 3 1 R 0
516 11007 19658 689 19734 610 4248 1 0 0 0 0 0 0 0 0 1 1 R 0
517 11027 19467 1130 19555 1049 4410 1 0 0 0 0 0 0 0 0 1 1 R 0
518 11051 23214 572 22099 538 7355 1 0 4 0 0 0 0 0 0 2 1 R 0
519 11071 18717 2387 19910 1218 3210 1 0 0 0 0 0 0 0 0 1 1 R 0
520 11094 20765 547 20774 526 3987 1 0 0 0 0 0 0 0 0 1 1 R 0
521 11117 22517 567 20285 534 3761 1 0 5 0 0 0 0 0 0 1 1 R 0
522 11137 19855 571 19890 539 4185 1 0 0 0 0 0 0 0 0 1 1 R 0
523 11158 20514 559 20545 524 4794 1 0 0 0 0 0 0 0 0 1 1 R 0
524 11180 21372 1505 20240 1469 3286 1 0 4 0 0 0 0 0 0 2 1 R 0
525 11205 23090 551 23114 521 7911 1 0 0 0 0 0 0 0 0 1 1 R 0
526 11225 19311 923 19349 896 4244 1 0 0 0 0 0 0 0 0 1 1 R 0
527 11248 22468 609 20707 581 4421 1 0 4 0 0 0 0 0 0 3 1 R 0
528 11267 18022 697 18087 641 3719 1 0 0 0 0 0 0 0 0 2 1 R 0
529 11287 19671 693 19713 652 4407 1 0 0 0 0 0 0 0 0 0 1 R 0
530 11308 19892 560 19915 526 4218 1 0 0 0 0 0 0 0 0 2 1 R 0
531 11331 23021 695 20433 673 8269 1 0 5 0 0 0 0 0 0 2 1 R 0
532 11350 18189 1355 18219 1327 3747 1 0 0 0 0 0 0 0 0 1 1 R 0
533 11369 17153 779 17208 721 3253 1 0 0 0 0 0 0 0 0 1 1 R 0
534 11394 24239 631 23114 608 4212 1 0 4 0 0 0 0 0 0 3 1 R 0
535 11414 19511 552 19540 523 3783 1 0 0 0 0 0 0 0 0 1 1 R 0
536 11435 20200 550 20230 517 3717 1 0 0 0 0 0 0 0 0 1 1 R 0
537 11457 21749 531 20548 511 3466 1 0 4 0 0 0 0 0 0 1 1 R 0
538 11476 18259 644 18304 606 3915 1 0 0 0 0 0 0 0 0 2 1 R 0
539 11497 20770 555 20793 528 4179 1 0 0 0 0 0 0 0 0 2 1 R 0
540 11524 26139 540 24257 514 7779 1 0 5 0 0 0 0 0 0 1 1 R 0
541 11544 19749 1700 19785 1683 4007 1 0 0 0 0 0 0 0 0 1 1 R 0
542 11565 19663 556 19672 531 4068 1 0 0 0 0 0 0 0 0 1 1 R 0
543 11585 19355 565 19388 530 4187 1 0 0 0 0 0 0 0 0 1 1 R 0
544 11607 21464 572 20225 540 6057 1 0 4 0 0 0 0 0 0 2 1 R 0
545 11628 19548 971 19619 903 4495 1 0 0 0 0 0 0 0 0 1 1 R 0
546 11678 49239 1657 28363 2329 8306 1 1 8 0 1 9 0 1 1 2 1 R 0
547 11716 36085 550 22971 530 7033 1 0 7 0 0 3 0 0 0 1 1 R 0
548 11739 23149 578 21789 543 4361 1 0 4 0 0 0 0 0 0 2 1 R 0
549 11759 19163 964 19222 904 3952 1 0 0 0 0 0 0 0 0 1 1 R 0
550 11778 17776 1074 17822 1033 3193 1 0 0 0 0 0 0 0 0 2 1 R 0
551 11798 19239 714 19354 606 3514 1 0 0 0 0 0 0 0 0 2 1 R 0
552 11820 21689 1252 20703 1214 6011 1 0 4 0 0 0 0 0 0 1 1 R 0
553 11843 21383 830 21428 783 3766 1 0 0 0 0 0 0 0 0 1 1 R 0
554 11863 19431 549 19437 527 3613 1 0 0 0 0 1 0 0 0 3 1 R 0
555 11888 24175 555 23077 527 8394 1 0 4 0 0 0 0 0 0 1 1 R 0
556 11907 18704 661 18751 643 3889 1 0 0 0 0 0 0 0 0 2 1 R 0
557 11930 21653 556 20631 531 5879 1 0 1 0 0 0 0 0 0 1 1 R 0
558 11952 22288 615 20893 588 3827 1 0 4 0 0 0 0 0 0 2 1 R 0
559 11970 17230 1616 17278 1596 3154 1 0 0 0 0 0 0 0 0 1 1 R 0
560 11990 17775 686 17812 634 3530 1 0 0 0 0 0 0 0 0 2 1 R 0
561 12010 19727 2807 19783 2046 4298 1 0 0 0 1 0 0 0 0 1 1 R 0
562 12034 21313 578 20400 537 4421 1 0 3 0 0 0 0 0 0 1 1 R 0
563 12055 20016 547 20046 518 3785 1 0 0 0 0 0 0 0 0 2 1 R 0
564 12074 18184 619 18214 584 3213 1 0 0 0 0 0 0 0 0 1 1 R 0
565 12097 22486 793 21340 743 3929 1 0 4 0 0 0 0 0 0 2 1 R 0
566 12119 21331 548 19970 523 4063 1 0 1 0 0 0 0 0 0 2 1 R 0
567 12139 19187 558 19214 525 3755 1 0 0 0 0 0 0 0 0 1 1 R 0
568 12162 22692 619 21313 593 3993 1 0 4 0 0 0 0 0 0 1 1 R 0
569 12179 17006 773 17067 709 3066 1 0 0 0 0 0 0 0 0 2 1 R 0
570 12204 24233 581 24255 567 7098 1 0 0 0 0 1 0 0 0 2 1 R 0
571 12227 21540 554 20770 532 3427 1 0 4 0 0 0 0 0 0 1 1 R 0
572 12247 19652 557 19679 531 4122 1 0 0 0 0 0 0 0 0 1 1 R 0
573 12267 19373 553 19401 519 3874 1 0 0 0 0 0 0 0 0 1 1 R 0
574 12285 18015 663 18060 628 3799 1 0 0 0 0 0 0 0 0 2 1 R 0
575 12308 21709 677 20746 625 6583 1 0 4 0 0 0 0 0 0 2 1 R 0
576 12330 21383 572 20353 546 4321 1 0 1 0 0 0 0 0 0 1 1 R 0
577 12350 19933 906 19958 879 3723 1 0 0 0 0 0 0 0 0 1 1 R 0
578 12373 22227 578 20984 550 3687 1 0 4 0 0 0 0 0 0 2 1 R 0
579 12392 18242 706 18293 672 3310 1 0 0 0 0 0 0 0 0 2 1 R 0
580 12412 18720 726 18762 667 3191 1 0 0 0 0 0 0 0 0 1 1 R 0
581 12434 21999 552 21149 525 3784 1 0 4 0 0 0 0 0 0 2 1 R 0
582 12455 19729 565 19764 528 3756 1 0 0 0 0 0 0 0 0 1 1 R 0
583 12475 20151 540 20183 506 3796 1 0 0 0 0 0 0 0 0 2 1 R 0
584 12494 17786 633 17816 602 3726 1 0 0 0 0 0 0 0 0 1 1 R 0
585 12520 26024 1067 24213 1043 8555 1 0 5 0 0 0 0 0 0 2 1 R 0
586 12540 18760 562 18791 532 3711 1 0 0 0 0 0 0 0 0 1 1 R 0
587 12561 19924 1056 19952 1029 3987 1 0 0 0 0 0 0 0 0 1 1 R 0
588 12583 21583 549 20534 518 3489 1 0 4 0 0 0 0 0 0 1 1 R 0
589 12602 18736 802 18792 747 3508 1 0 0 0 0 0 0 0 0 2 1 R 0
590 12623 19238 925 19287 877 3196 1 0 0 0 0 0 0 0 0 1 1 R 0
591 12645 21753 801 21088 741 4012 1 0 4 0 0 0 0 0 0 1 1 R 0
592 12666 19670 755 19727 687 4254 1 0 0 0 0 0 0 0 0 2 1 R 0
593 12685 18178 718 18235 683 3762 1 0 0 0 0 0 0 0 0 1 1 R 0
594 12704 18902 694 18919 650 3187 1 0 0 0 0 0 0 0 0 2 1 R 0
595 12728 22661 724 19922 700 3237 1 0 5 0 0 0 0 0 0 2 1 R 0
596 12748 19734 558 19754 535 4156 1 0 0 0 0 0 0 0 0 1 1 R 0
597 12768 19189 621 19215 593 4335 1 0 0 0 0 0 0 0 0 1 1 R 0
598 12790 21965 1132 20506 1073 3643 1 0 4 0 0 0 0 0 0 2 1 R 0
599 12809 17586 675 17649 629 3383 1 0 0 0 0 0 0 0 0 1 1 R 0
600 12834 24037 603 24059 573 7344 1 0 0 0 0 0 0 0 0 2 1 R 0
601 12856 21575 545 20802 520 3739 1 0 4 0 0 0 0 0 0 1 1 R 0
602 12877 20111 548 20136 530 4282 1 0 0 0 0 0 0 0 0 1 1 R 0
603 12897 19322 550 19343 525 3846 1 0 0 0 0 0 0 0 0 2 1 R 0
604 12918 20629 614 19804 585 3611 1 0 1 0 0 0 0 0 0 1 1 R 0
605 12941 22280 1595 19921 1577 7680 1 0 5 0 0 1 0 0 0 1 1 R 0
606 12962 20062 549 20069 524 3961 1 0 0 0 0 0 0 0 0 2 1 R 0
607 12983 19803 916 19874 842 3826 1 0 0 0 0 0 0 0 0 2 1 R 0
608 13006 22033 560 20951 523 3362 1 0 4 0 0 0 0 0 0 1 1 R 0
609 13026 19758 577 19787 549 4161 1 0 0 0 0 0 0 0 0 1 1 R 0
610 13046 19613 559 19643 529 4146 1 0 0 0 0 0 0 0 0 1 1 R 0
611 13069 22228 579 20807 548 4316 1 0 4 0 0 0 0 0 0 2 1 R 0
612 13089 19205 556 19232 530 3797 1 0 0 0 0 0 0 0 0 1 1 R 0
613 13109 19726 584 19759 545 3936 1 0 0 0 0 0 0 0 0 1 1 R 0
614 13131 21124 2073 20154 1379 3781 1 0 2 0 3 0 0 0 0 1 1 R 0
615 13155 22660 627 22379 592 8528 1 0 0 0 0 0 0 0 0 1 1 R 0
616 13176 20012 541 20042 511 4333 1 0 0 0 0 0 0 0 0 1 1 R 0
617 13196 19479 548 19505 527 3744 1 0 0 0 0 0 0 0 0 1 1 R 0
618 13217 20654 708 19739 680 3945 1 0 4 0 0 0 0 0 0 2 1 R 0
619 13238 19748 639 19843 528 4011 1 0 0 0 0 0 0 0 0 2 1 R 0
620 13258 20054 621 20086 589 4263 1 0 0 0 0 0 0 0 0 1 1 R 0
621 13280 21118 912 19819 882 3863 1 0 4 0 0 0 0 0 0 1 1 R 0
622 13300 18995 1378 19049 1325 3101 1 0 0 0 0 0 0 0 0 1 1 R 0
623 13319 17452 721 17509 663 3294 1 0 0 0 0 0 0 0 0 2 1 R 0
624 13342 22857 2429 21585 1464 5275 1 0 2 0 3 0 0 0 0 2 1 R 0
625 13364 19589 608 19559 583 4461 1 0 0 0 0 0 0 0 0 1 1 R 0
626 13385 19795 546 19826 509 3754 1 0 0 0 0 0 0 0 0 1 1 R 0
627 13405 19516 550 19547 522 3228 1 0 0 0 0 0 0 0 0 2 1 R 0
628 13427 21375 728 20518 701 3286 1 0 4 0 0 0 0 0 0 1 1 R 0
629 13447 19490 780 19483 755 4273 1 0 0 0 0 0 0 0 0 2 1 R 0
630 13470 21909 621 21940 589 7563 1 0 0 0 0 0 0 0 0 2 1 R 0
631 13493 22344 587 20594 545 3735 1 0 4 0 0 0 0 0 0 1 1 R 0
632 13512 18585 623 18611 615 3212 1 0 0 0 0 0 0 0 0 1 1 R 0
633 13533 20820 682 19920 643 3249 1 0 1 0 0 0 0 0 0 2 1 R 0
634 13557 22665 545 21471 521 3188 1 0 4 0 0 0 0 0 0 1 1 R 0
635 13577 19743 610 19774 584 4319 1 0 0 0 0 0 0 0 0 1 1 R 0
636 13598 19964 547 19986 518 4387 1 0 0 0 0 0 0 0 0 2 1 R 0
637 13616 18223 759 18283 708 3701 1 0 0 0 0 0 0 0 0 1 1 R 0
638 13638 21333 745 20380 690 6412 1 0 4 0 0 0 0 0 0 2 1 R 0
639 13659 19790 570 19802 538 3963 1 0 0 0 0 0 0 0 0 1 1 R 0
640 13679 19838 552 19860 527 3776 1 0 0 0 0 0 0 0 0 2 1 R 0
641 13702 21927 563 20293 538 3299 1 0 4 0 0 0 0 0 0 2 1 R 0
642 13720 17710 1515 17755 1475 3360 1 0 0 0 0 0 0 0 0 1 1 R 0
643 13742 20779 757 19846 725 5369 1 0 1 0 0 0 0 0 0 1 1 R 0
644 13765 22204 720 21149 705 3736 1 0 4 0 0 0 0 0 0 2 1 R 0
645 13789 22911 573 22937 540 8188 1 0 0 0 0 0 0 0 0 1 1 R 0
646 13808 18633 681 18691 651 3978 1 0 0 0 0 0 0 0 0 1 1 R 0
647 13828 18697 911 18729 875 3112 1 0 0 0 0 1 0 0 0 2 1 R 0
648 13851 22760 663 21462 656 4208 1 0 4 0 0 0 0 0 0 2 1 R 0
649 13870 18476 1129 18485 1105 3678 1 0 0 0 1 0 0 0 0 1 1 R 0
650 13893 21219 544 20706 520 3971 1 0 0 0 0 0 0 0 0 2 1 R 0
651 13915 21915 563 21051 531 3455 1 0 4 0 0 0 0 0 0 1 1 R 0
652 13935 19661 686 18776 634 3697 1 0 1 0 0 0 0 0 0 2 1 R 0
653 13956 20124 882 20163 834 3923 1 0 0 0 0 0 0 0 0 1 1 R 0
654 13978 20806 712 19668 553 4282 1 0 4 0 0 0 0 0 0 1 1 R 0
655 13998 19784 576 19808 545 4134 1 0 0 0 0 0 0 0 0 1 1 R 0
656 14017 17966 664 18009 639 3258 1 0 0 0 0 0 0 0 0 2 1 R 0
657 14037 18927 673 18952 647 4373 1 0 0 0 0 0 0 0 0 2 1 R 0
658 14060 22344 579 21426 553 6994 1 0 4 0 0 0 0 0 0 2 1 R 0
659 14080 19559 555 19586 527 3852 1 0 0 0 0 0 0 0 0 1 1 R 0
660 14104 23282 566 23311 536 7591 1 0 0 0 0 0 0 0 0 1 1 R 0
661 14125 20951 785 19869 737 3309 1 0 4 0 0 0 0 0 0 2 1 R 0
662 14147 21140 795 20045 758 3719 1 0 1 0 0 0 0 0 0 2 1 R 0
663 14167 18906 658 18960 602 3621 1 0 0 0 0 0 0 0 0 1 1 R 0
664 14189 21775 562 20578 533 4227 1 0 4 0 0 0 0 0 0 1 1 R 0
665 14209 19251 684 19296 632 4049 1 0 0 0 0 0 0 0 0 2 1 R 0
666 14227 17539 664 17607 610 3228 1 0 0 0 0 0 0 0 0 1 1 R 0
667 14247 19311 720 19338 697 4146 1 0 0 0 0 0 0 0 0 2 1 R 0
668 14270 21750 909 20704 851 6547 1 0 4 0 0 0 0 0 0 1 1 R 0
669 14290 19211 553 19228 528 3834 1 0 0 0 0 0 0 0 0 2 1 R 0
670 14310 19339 552 19358 526 4036 1 0 0 0 0 0 0 0 0 1 1 R 0
671 14334 23708 629 21527 598 3197 1 0 5 0 0 0 0 0 0 2 1 R 0
672 14353 18488 776 18533 751 3167 1 0 0 0 0 0 0 0 0 1 1 R 0
673 14374 19881 545 19882 520 3281 1 0 0 0 0 0 0 0 0 1 1 R 0
674 14396 21597 649 20899 630 4029 1 0 4 0 0 0 0 0 0 2 1 R 0
675 14419 22267 675 22301 634 7346 1 0 0 0 0 0 0 0 0 1 1 R 0
676 14437 17986 653 18025 615 3253 1 0 0 0 0 0 0 0 0 2 1 R 0
677 14457 18655 670 18688 633 3871 1 0 0 0 0 0 0 0 0 1 1 R 0
678 14478 21025 653 20005 655 6515 1 0 4 0 0 0 0 0 0 2 1 R 0
679 14499 20127 559 20127 526 3751 1 0 0 0 0 0 0 0 0 1 1 R 0
680 14519 19154 611 19180 586 3342 1 0 0 0 0 0 0 0 0 2 1 R 0
681 14543 23904 537 21379 514 3236 1 0 4 0 0 0 0 0 0 2 1 R 0
682 14563 19061 898 19094 875 3191 1 0 0 0 0 0 0 0 0 2 1 R 0
683 14584 20448 546 20461 521 3836 1 0 0 0 0 0 0 0 0 1 1 R 0
684 14607 21770 552 20962 527 3750 1 0 4 0 0 0 0 0 0 1 1 R 0
685 14631 23419 982 23876 516 4662 1 0 0 0 0 0 0 0 0 2 1 R 0
686 14649 16922 712 16992 653 3239 1 0 0 0 0 0 0 0 0 1 1 R 0
687 14670 21075 3574 21134 2911 5196 1 0 0 0 4 0 0 0 0 2 1 R 0
688 14694 20279 780 19942 756 4040 1 0 0 0 0 0 0 0 0 1 1 R 0
689 14714 19311 616 19339 603 3733 1 0 0 0 0 0 0 0 0 1 1 R 0
690 14738 22722 560 21468 528 6564 1 0 1 0 0 0 0 0 0 2 1 R 0
691 14758 19514 707 18681 665 5531 1 0 4 0 0 0 0 0 0 2 1 R 0
692 14778 19537 758 19645 641 4075 1 0 0 0 0 0 0 0 0 1 1 R 0
693 14798 19335 561 19363 530 4276 1 0 0 0 0 0 0 0 0 1 1 R 0
694 14820 21512 914 19935 875 4208 1 0 4 0 0 0 0 0 0 1 1 R 0
695 14838 17363 657 17417 620 3424 1 0 0 0 0 0 0 0 0 2 1 R 0
696 14858 18842 712 18879 663 3709 1 0 0 0 0 0 0 0 0 2 1 R 0
697 14878 19873 681 19912 665 4662 1 0 0 0 0 0 0 0 0 2 1 R 0
698 14900 21259 938 20282 906 5872 1 0 4 0 0 0 0 0 0 1 1 R 0
699 14922 20893 553 20172 524 3734 1 0 1 0 0 0 0 0 0 1 1 R 0
700 14943 20420 730 19527 721 3532 1 0 1 0 0 0 0 0 0 2 1 R 0
701 14967 22629 553 21733 525 3094 1 0 4 0 0 0 0 0 0 2 1 R 0
702 14986 19094 553 19114 530 3792 1 0 0 0 0 0 0 0 0 1 1 R 0
703 15007 20650 615 20324 587 5178 1 0 1 0 0 0 0 0 0 1 1 R 0
704 15031 22429 1080 21026 1049 4372 1 0 4 0 0 0 0 0 0 2 1 R 0
705 15053 21828 744 21893 685 6064 1 0 0 0 0 0 0 0 0 1 1 R 0
706 15073 18393 616 18415 589 3281 1 0 0 0 0 0 0 0 0 1 1 R 0
707 15096 22656 1358 21838 1350 3968 1 0 4 0 0 1 0 0 0 2 1 R 0
708 15116 19224 923 19273 852 4212 1 0 0 0 0 0 0 0 0 1 1 R 0
709 15138 21118 603 20111 564 4234 1 0 1 0 0 0 0 0 0 1 1 R 0
710 15157 18016 659 18081 595 3305 1 0 0 0 0 0 0 0 0 2 1 R 0
711 15181 22782 926 21713 907 6445 1 0 4 0 0 0 0 0 0 2 1 R 0
712 15199 18048 688 18110 651 3297 1 0 0 0 0 0 0 0 0 1 1 R 0
713 15220 20315 1019 20314 994 3744 1 0 0 0 0 0 0 0 0 2 1 R 0
714 15243 21980 665 20832 602 3750 1 0 4 0 0 0 0 0 0 1 1 R 0
715 15262 18078 674 18099 658 3155 1 0 0 0 0 0 0 0 0 2 1 R 0
716 15284 20783 610 20804 581 3222 1 0 0 0 0 0 0 0 0 2 1 R 0
717 15306 21958 547 21202 526 3769 1 0 4 0 0 0 0 0 0 1 1 R 0
718 15327 19733 572 19762 537 4284 1 0 0 0 0 0 0 0 0 1 1 R 0
719 15348 21201 560 20133 530 3947 1 0 1 0 0 0 0 0 0 1 1 R 0
720 15370 20988 772 21086 682 6629 1 0 0 0 1 0 0 0 0 3 1 R 0
721 15393 22660 563 20895 541 3776 1 0 3 0 0 0 0 0 0 1 1 R 0
722 15414 19859 539 19876 519 3747 1 0 0 0 0 0 0 0 0 1 1 R 0
723 15434 19476 553 19501 527 3769 1 0 0 0 0 0 0 0 0 2 1 R 0
724 15456 21405 804 20429 720 3227 1 0 4 0 0 0 0 0 0 1 1 R 0
725 15476 19689 753 19339 672 3711 1 0 1 0 0 0 0 0 0 2 1 R 0
726 15497 19607 554 19626 531 3648 1 0 0 0 0 0 0 0 0 1 1 R 0
727 15519 21461 564 19781 533 4270 1 0 4 0 0 0 0 0 0 2 1 R 0
728 15540 20890 558 19700 532 3755 1 0 1 0 0 0 0 0 0 1 1 R 0
729 15558 17752 665 17799 613 3465 1 0 0 0 0 0 0 0 0 2 1 R 0
730 15579 19656 604 19699 564 3689 1 0 0 0 0 0 0 0 0 1 1 R 0
731 15602 22266 567 21084 545 4820 1 0 4 0 0 0 0 0 0 2 1 R 0
732 15620 18372 964 18405 935 3752 1 0 0 0 0 0 0 0 0 1 1 R 0
733 15641 19247 957 19664 538 3751 1 0 0 0 0 0 0 0 0 2 1 R 0
734 15663 21427 542 20449 522 3264 1 0 4 0 0 0 0 0 0 1 1 R 0
735 15686 22085 685 22105 659 6611 1 0 0 0 0 0 0 0 0 2 1 R 0
736 15706 19939 599 19964 576 4003 1 0 0 0 0 0 0 0 0 1 1 R 0
737 15729 22294 547 21308 523 4313 1 0 4 0 0 0 0 0 0 1 1 R 0
738 15752 22018 531 20698 507 3437 1 0 1 0 0 0 0 0 0 2 1 R 0
739 15770 17432 672 17491 638 3312 1 0 0 0 0 0 0 0 0 1 1 R 0
740 15792 21910 1646 21487 1356 3675 1 0 1 0 2 1 0 0 0 2 1 R 0
741 15814 20196 657 19456 606 3217 1 0 1 0 0 0 0 0 0 2 1 R 0
742 15835 19923 542 19935 522 3780 1 0 0 0 0 0 0 0 0 1 1 R 0
743 15855 19757 545 19774 520 4220 1 0 0 0 0 0 0 0 0 1 1 R 0
744 15879 23747 654 22013 623 5133 1 0 5 0 0 0 0 0 0 2 1 R 0
745 15899 18826 706 18898 666 3083 1 0 0 0 0 0 0 0 0 1 1 R 0
746 15919 19703 788 19740 719 3759 1 0 0 0 0 0 0 0 0 2 1 R 0
747 15943 23088 564 21222 541 3731 1 0 5 0 0 0 0 0 0 1 1 R 0
748 15963 19751 725 19806 667 3102 1 0 0 0 0 0 0 0 0 1 1 R 0
749 15984 19711 559 19735 533 3773 1 0 0 0 0 0 0 0 0 2 1 R 0
750 16009 24951 572 23625 542 7418 1 0 4 0 0 0 0 0 0 1 1 R 0
751 16030 19933 556 19953 532 3717 1 0 0 0 0 0 0 0 0 2 1 R 0
752 16050 19294 553 19322 519 3789 1 0 0 0 0 0 0 0 0 1 1 R 0
753 16069 18883 793 18951 746 3399 1 0 0 0 0 0 0 0 0 1 1 R 0
754 16092 21905 551 20904 530 5222 1 0 4 0 0 0 0 0 0 2 1 R 0
755 16112 19713 526 19738 500 3544 1 0 0 0 0 0 0 0 0 0 1 R 0
756 16132 19238 1930 19267 1119 3790 1 0 1 0 0 0 0 0 0 1 1 R 0
757 16157 23432 562 20440 524 3756 1 0 4 0 0 0 0 0 0 2 1 R 0
758 16176 17761 689 17804 660 3725 1 0 0 0 0 0 0 0 0 2 1 R 0
759 16196 19400 667 19436 631 4288 1 0 0 0 0 0 0 0 0 2 1 R 0
760 16219 22186 566 20529 530 4003 1 0 4 0 0 0 0 0 0 1 1 R 0
761 16239 19417 572 19451 535 3826 1 0 0 0 0 0 0 0 0 1 1 R 0
762 16259 19768 553 19798 526 3659 1 0 0 0 0 0 0 0 0 2 1 R 0
763 16277 17698 688 17740 645 3192 1 0 0 0 0 0 0 0 0 1 1 R 0
764 16299 21033 766 20264 738 5865 1 0 4 0 0 0 0 0 0 2 1 R 0
765 16323 23894 553 23909 523 7170 1 0 0 0 0 0 0 0 0 2 1 R 0
766 16345 20911 863 20130 846 3997 1 0 1 0 0 0 0 0 0 1 1 R 0
767 16367 21138 570 20067 539 6118 1 0 4 0 0 0 0 0 0 1 1 R 0
768 16386 18269 675 18322 655 3633 1 0 0 0 0 0 0 0 0 2 1 R 0
769 16406 19325 669 19347 612 4085 1 0 0 0 0 0 0 0 0 2 1 R 0
770 16429 22512 558 21297 529 4430 1 0 4 0 0 0 0 0 0 1 1 R 0
771 16449 19478 570 19512 534 3815 1 0 0 0 0 0 0 0 0 1 1 R 0
772 16469 19795 773 19916 648 3844 1 0 0 0 0 0 0 0 0 2 1 R 0
773 16488 17752 676 17813 628 3106 1 0 0 0 0 0 0 0 0 1 1 R 0
774 16509 20908 687 19906 668 5139 1 0 4 0 0 0 0 0 0 1 1 R 0
775 16530 20229 1062 20232 1031 3755 1 0 0 0 0 0 0 0 0 2 1 R 0
776 16552 20751 553 19656 522 3754 1 0 1 0 0 0 0 0 0 1 1 R 0
777 16577 24326 552 22405 510 3932 1 0 3 0 0 0 0 0 0 2 1 R 0
778 16596 17936 688 17998 648 3701 1 0 0 0 0 0 0 0 0 2 1 R 0
779 16617 20914 775 20949 743 6272 1 0 0 0 0 0 0 0 0 1 1 R 0
780 16643 25097 567 24033 541 7803 1 0 4 0 0 0 0 0 0 2 1 R 0
781 16664 20411 553 20442 520 3708 1 0 0 0 0 0 0 0 0 1 1 R 0
782 16683 18729 666 18782 616 3267 1 0 0 0 0 0 0 0 0 2 1 R 0
783 16707 22648 688 21302 623 3417 1 0 4 0 0 0 0 0 0 2 1 R 0
784 16726 19120 561 19146 532 3857 1 0 0 0 0 0 0 0 0 1 1 R 0
785 16749 22081 556 20729 526 4251 1 0 1 0 0 0 0 0 0 1 1 R 0
786 16769 19223 565 19252 538 3685 1 0 0 0 0 0 0 0 0 1 1 R 0
787 16790 20697 1423 19553 1351 4475 1 0 4 0 0 0 0 0 0 2 1 R 0
788 16809 17628 685 17679 620 3332 1 0 0 0 0 0 0 0 0 2 1 R 0
789 16830 19834 858 19901 792 3678 1 0 0 0 0 0 0 0 0 2 1 R 0
790 16852 21775 597 20463 570 3766 1 0 4 0 0 0 0 0 0 1 1 R 0
791 16873 19699 548 19717 528 3594 1 0 0 0 0 0 0 0 0 1 1 R 0
792 16890 17231 1530 17293 1486 3253 1 0 0 0 0 0 0 0 0 1 1 R 0
793 16910 17700 684 17750 611 3344 1 0 0 0 0 0 0 0 0 2 1 R 0
794 16934 23379 568 20866 537 3955 1 0 4 0 0 0 0 0 0 1 1 R 0
795 16959 24294 562 22922 531 7942 1 0 1 0 0 0 0 0 0 2 1 R 0
796 16979 19397 735 19471 667 3617 1 0 0 0 0 0 0 0 0 1 1 R 0
797 17000 20804 1215 19663 1197 4559 1 0 4 0 0 0 0 0 0 2 1 R 0
798 17019 18039 700 18070 654 3219 1 0 0 0 0 0 0 0 0 1 1 R 0
799 17041 21288 533 21300 514 3788 1 0 0 0 0 0 0 0 0 2 1 R 0
800 17063 21443 620 19790 592 3981 1 0 4 0 0 0 0 0 0 1 1 R 0
801 17084 19734 665 19744 643 3744 1 0 0 0 0 0 0 0 0 1 1 R 0
802 17103 18468 638 18513 608 3198 1 0 0 0 0 0 0 0 0 2 1 R 0
803 17126 22204 949 20533 931 3279 1 0 4 0 0 0 0 0 0 1 1 R 0
804 17146 19755 1658 19770 822 4522 1 0 0 0 1 0 0 0 0 2 1 R 0
805 17168 19749 568 19767 534 4269 1 0 0 0 0 0 0 0 0 1 1 R 0
806 17187 19130 731 19223 644 4167 1 0 0 0 0 0 0 0 0 1 1 R 0
807 17208 19470 705 18458 656 5606 1 0 4 0 0 0 0 0 0 2 1 R 0
808 17227 18368 636 18414 598 3859 1 0 0 0 0 0 0 0 0 2 1 R 0
809 17246 19076 1596 19105 1594 4062 1 0 0 0 0 1 0 0 0 1 1 R 0
810 17274 25884 569 24820 539 7983 1 0 4 0 0 0 0 0 0 2 1 R 0
811 17293 18131 659 18157 629 3369 1 0 0 0 0 0 0 0 0 1 1 R 0
812 17312 18498 755 18577 681 3159 1 0 0 0 0 0 0 0 0 2 1 R 0
813 17335 22194 562 21026 533 3933 1 0 4 0 0 0 0 0 0 2 1 R 0
814 17356 20933 589 19849 560 4241 1 0 1 0 0 0 0 0 0 1 1 R 0
815 17376 19247 560 19283 525 4239 1 0 0 0 0 0 0 0 0 1 1 R 0
816 17396 18884 703 18933 672 3726 1 0 0 0 0 0 0 0 0 2 1 R 0
817 17416 19677 697 18816 681 5330 1 0 4 0 0 0 0 0 0 2 1 R 0
818 17436 19452 834 19471 820 3927 1 0 0 0 0 0 0 0 0 1 1 R 0
819 17457 20113 543 20107 517 4229 1 0 0 0 0 0 0 0 0 2 1 R 0
820 17479 21512 572 20531 548 4264 1 0 4 0 0 0 0 0 0 1 1 R 0
821 17498 18405 724 18480 661 3168 1 0 0 0 0 0 0 0 0 1 1 R 0
822 17517 18230 835 18267 811 3311 1 0 0 0 0 0 0 0 0 2 1 R 0
823 17537 19443 697 19482 634 4526 1 0 0 0 0 0 0 0 0 1 1 R 0
824 17561 22641 1017 20171 985 6243 1 0 5 0 0 0 0 0 0 1 1 R 0
825 17584 22292 560 22318 523 8021 1 0 0 0 0 0 0 0 0 1 1 R 0
826 17603 18219 669 18280 619 3270 1 0 0 0 0 0 0 0 0 2 1 R 0
827 17626 22489 640 21581 596 3701 1 0 4 0 0 0 0 0 0 2 1 R 0
828 17646 19264 886 19327 839 3920 1 0 0 0 0 0 0 0 0 2 1 R 0
829 17666 19140 552 19150 529 3868 1 0 0 0 0 0 0 0 0 1 1 R 0
830 17689 22332 565 21050 530 4371 1 0 4 0 0 0 0 0 0 1 1 R 0
831 17707 17972 757 18038 706 3409 1 0 0 0 0 0 0 0 0 2 1 R 0
832 17727 18774 647 18802 616 4668 1 0 0 0 0 0 0 0 0 2 1 R 0
833 17747 19695 686 19745 639 4016 1 0 0 0 0 1 0 0 0 1 1 R 0
834 17770 22704 962 20346 931 7449 1 0 5 0 0 0 0 0 0 1 1 R 0
835 17790 18810 1187 18951 1052 3753 1 0 0 0 0 0 0 0 0 2 1 R 0
836 17809 17340 704 17373 668 3351 1 0 0 0 0 0 0 0 0 1 1 R 0
837 17832 22399 545 21253 521 3907 1 0 4 0 0 0 0 0 0 2 1 R 0
838 17852 19949 551 19968 529 3751 1 0 0 0 0 0 0 0 0 1 1 R 0
839 17872 19303 1558 19347 1021 3648 1 0 1 0 0 0 0 0 0 1 1 R 0
840 17899 24980 574 23738 543 7755 1 0 4 0 0 0 0 0 0 1 1 R 0
841 17917 17904 743 17953 694 3206 1 0 0 0 0 0 0 0 0 2 1 R 0
842 17937 19202 736 19256 695 4729 1 0 0 0 0 0 0 0 0 2 1 R 0
843 17959 20876 567 19758 538 4355 1 0 1 0 0 0 0 0 0 1 1 R 0
844 17982 22961 539 21982 519 5946 1 0 4 0 0 0 0 0 0 1 1 R 0
845 18003 19730 547 19762 513 3324 1 0 0 0 0 0 0 0 0 2 1 R 0
846 18020 17329 1477 17373 1449 3215 1 0 0 0 0 0 0 0 0 1 1 R 0
847 18044 22038 984 20945 967 3738 1 0 4 0 0 0 0 0 0 2 1 R 0
848 18065 19554 545 19562 518 3740 1 0 0 0 0 0 0 0 0 2 1 R 0
849 18084 19199 552 19231 522 3721 1 0 0 0 0 0 0 0 0 1 1 R 0
850 18108 22885 673 21541 650 3252 1 0 4 0 0 0 0 0 0 1 1 R 0
851 18126 18040 720 18084 680 3753 1 0 0 0 0 0 0 0 0 2 1 R 0
852 18147 19471 700 19524 660 4068 1 0 0 0 0 0 0 0 0 2 1 R 0
853 18169 21342 570 20310 533 5755 1 0 1 0 0 0 0 0 0 1 1 R 0
854 18192 22647 649 21458 611 5580 1 0 4 0 0 0 0 0 0 1 1 R 0
855 18215 22317 559 22351 524 7241 1 0 0 0 0 0 0 0 0 2 1 R 0
856 18234 18466 766 18502 773 3213 1 0 0 0 0 0 0 0 0 1 1 R 0
857 18257 22336 574 21243 546 3416 1 0 4 0 0 0 0 0 0 2 1 R 0
858 18277 19296 614 19323 585 4341 1 0 0 0 0 0 0 0 0 1 1 R 0
859 18298 20387 557 20415 526 4221 1 0 0 0 0 0 0 0 0 2 1 R 0
860 18319 21063 751 19658 660 3645 1 0 4 0 0 0 0 0 0 1 1 R 0
861 18339 18396 664 18439 625 3195 1 0 0 0 0 0 0 0 0 1 1 R 0
862 18362 22758 537 21403 510 4090 1 0 1 0 0 0 0 0 0 2 1 R 0
863 18385 22004 624 21003 600 3775 1 0 4 0 0 0 0 0 0 1 1 R 0
864 18405 20188 614 20215 588 4360 1 0 0 0 0 0 0 0 0 1 1 R 0
865 18426 20137 1044 20271 912 4518 1 0 0 0 0 0 0 0 0 3 1 R 0
866 18445 18067 669 18113 633 3567 1 0 0 0 0 0 0 0 0 1 1 R 0
867 18468 21585 558 20524 530 5986 1 0 4 0 0 0 0 0 0 1 1 R 0
868 18488 19971 554 20000 529 4077 1 0 0 0 0 0 0 0 0 2 1 R 0
869 18508 19162 554 19183 523 4219 1 0 0 0 0 0 0 0 0 1 1 R 0
870 18533 24836 542 23670 518 6920 1 0 4 0 0 0 0 0 0 2 1 R 0
871 18553 18845 662 18891 654 3493 1 0 0 0 0 0 0 0 0 1 1 R 0
872 18574 21255 915 20257 887 5007 1 0 1 0 0 0 0 0 0 2 1 R 0
873 18601 25256 932 24068 893 4473 1 0 4 0 0 0 0 0 0 2 1 R 0
874 18623 21074 541 21081 513 3945 1 0 0 0 0 0 0 0 0 2 1 R 0
875 18642 18817 797 18876 745 3369 1 0 0 0 0 0 0 0 0 2 1 R 0
876 18666 23131 550 21818 526 3793 1 0 4 0 0 0 0 0 0 2 1 R 0
877 18687 20898 563 20350 526 5395 1 0 1 0 0 0 0 0 0 1 1 R 0
878 18707 19542 571 19572 541 4363 1 0 0 0 0 0 0 0 0 1 1 R 0
879 18726 17685 653 17728 627 3628 1 0 0 0 0 0 0 0 0 2 1 R 0
880 18749 22635 833 21828 798 5859 1 0 4 0 0 0 0 0 0 2 1 R 0
881 18770 20043 1118 19028 1040 3393 1 0 1 0 0 0 0 0 0 1 1 R 0
882 18791 19647 960 20068 519 3836 1 0 0 0 0 0 0 0 0 1 1 R 0
883 18813 21672 557 20035 525 3987 1 0 4 0 0 0 0 0 0 1 1 R 0
884 18834 19970 811 20052 728 3252 1 0 0 0 0 0 0 0 0 2 1 R 0
885 18856 21709 822 21766 768 6530 1 0 0 0 0 0 0 0 0 2 1 R 0
886 18879 21502 558 20468 531 3703 1 0 4 0 0 0 0 0 0 2 1 R 0
887 18898 19245 561 19276 532 3743 1 0 0 0 0 0 0 0 0 1 1 R 0
888 18920 20972 561 20143 524 3777 1 0 1 0 0 0 0 0 0 1 1 R 0
889 18939 18053 677 18104 627 3334 1 0 0 0 0 0 0 0 0 1 1 R 0
890 18964 24399 550 22249 520 5763 1 0 5 0 0 0 0 0 0 2 1 R 0
891 18983 18607 780 18663 746 3239 1 0 0 0 0 0 0 0 0 2 1 R 0
892 19004 20822 552 20835 518 4417 1 0 0 0 0 0 0 0 0 1 1 R 0
893 19027 21837 552 20774 520 3544 1 0 4 0 0 0 0 0 0 2 1 R 0
894 19046 18098 671 18134 660 3640 1 0 0 0 0 0 0 0 0 2 1 R 0
895 19065 18868 685 18884 641 4273 1 0 0 0 0 0 0 0 0 1 1 R 0
896 19088 22725 557 21369 526 4532 1 0 4 0 0 0 0 0 0 2 1 R 0
897 19108 19091 564 19120 535 3976 1 0 0 0 0 0 0 0 0 1 1 R 0
898 19129 20298 540 20316 516 3426 1 0 0 0 0 0 0 0 0 2 1 R 0
899 19148 18032 787 18080 748 3307 1 0 0 0 0 0 0 0 0 1 1 R 0
900 19174 25898 561 24090 526 10826 1 0 5 0 0 0 0 0 0 1 1 R 0
901 19195 19903 661 20033 536 4058 1 0 0 0 0 0 0 0 0 1 1 R 0
902 19215 19653 767 19694 725 4220 1 0 0 0 0 0 0 0 0 2 1 R 0
903 19237 21108 569 19924 537 5636 1 0 4 0 0 0 0 0 0 2 1 R 0
904 19256 18129 647 18162 614 3659 1 0 0 0 0 0 0 0 0 2 1 R 0
905 19276 20204 839 20233 812 4553 1 0 0 0 0 0 0 0 0 1 1 R 0
906 19299 21419 572 20344 536 4289 1 0 4 0 0 0 0 0 0 1 1 R 0
907 19319 19887 562 19923 527 3783 1 0 0 0 0 0 0 0 0 1 1 R 0
908 19338 18761 787 18819 761 3569 1 0 0 0 0 0 0 0 0 1 1 R 0
909 19357 17973 694 18008 633 3435 1 0 0 0 0 0 0 0 0 2 1 R 0
910 19382 24297 549 21479 534 7352 1 0 5 0 0 0 0 0 0 2 1 R 0
911 19402 19412 571 19432 552 3747 1 0 0 0 0 0 0 0 0 1 1 R 0
912 19423 20225 1183 20246 1171 3744 1 0 0 0 0 1 0 0 0 1 1 R 0
913 19446 22068 663 20902 611 3494 1 0 4 0 0 0 0 0 0 2 1 R 0
914 19465 18032 650 18085 593 3703 1 0 0 0 0 0 0 0 0 1 1 R 0
915 19488 22514 559 22541 533 7334 1 0 0 0 0 0 0 0 0 2 1 R 0
916 19511 22535 601 21346 580 4160 1 0 4 0 0 0 0 0 0 2 1 R 0
917 19532 20549 1408 20333 1325 3750 1 0 1 0 0 0 0 0 0 1 1 R 0
918 19551 16907 1524 17712 721 3234 1 0 0 0 0 0 0 0 0 2 1 R 0
919 19578 25467 719 23356 652 4913 1 0 5 0 0 0 0 0 0 2 1 R 0
920 19598 19702 569 19719 542 4113 1 0 0 0 0 0 0 0 0 1 1 R 0
921 19618 19051 571 19090 530 4194 1 0 0 0 0 0 0 0 0 1 1 R 0
922 19638 19319 638 19361 595 4136 1 0 0 0 0 0 0 0 0 1 1 R 0
923 19657 19269 691 18401 656 5420 1 0 4 0 0 0 0 0 0 2 1 R 0
924 19677 18443 665 18464 645 3770 1 0 0 0 0 0 0 0 0 2 1 R 0
925 19698 20523 563 20538 533 4304 1 0 0 0 0 0 0 0 0 2 1 R 0
926 19719 21097 579 19957 542 4182 1 0 4 0 0 1 0 0 0 1 1 R 0
927 19740 20012 1125 20053 1088 3625 1 0 0 0 0 0 0 0 0 1 1 R 0
928 19758 16918 805 17006 732 3521 1 0 0 0 0 0 0 0 0 2 1 R 0
929 19780 21145 2720 20114 1862 5255 1 0 1 0 2 0 0 0 0 1 1 R 0
930 19807 23920 577 22392 542 9651 1 0 3 0 0 0 0 0 0 2 1 R 0
931 19826 18907 608 18983 531 4284 1 0 0 0 0 0 0 0 0 1 1 R 0
932 19847 20398 549 20423 518 4170 1 0 0 0 0 0 0 0 0 2 1 R 0
933 19867 19527 700 18600 644 5521 1 0 4 0 0 0 0 0 0 2 1 R 0
934 19888 19531 677 19158 632 4688 1 0 1 0 0 0 0 0 0 1 1 R 0
935 19908 19704 565 19732 533 4271 1 0 0 0 0 0 0 0 0 1 1 R 0
936 19930 21772 917 20655 894 4362 1 0 4 0 0 0 0 0 0 2 1 R 0
937 19950 18579 828 18616 788 3850 1 0 0 0 0 0 0 0 0 1 1 R 0
938 19972 21363 730 20092 671 3179 1 0 1 0 0 0 0 0 0 2 1 R 0
939 19991 17859 3467 17909 2016 3132 1 0 0 0 4 0 0 0 0 1 1 R 0
940 20014 19660 846 19664 851 3241 1 0 0 0 0 0 0 0 0 2 1 R 0
941 20036 21293 552 20842 523 3762 1 0 1 0 0 0 0 0 0 1 1 R 0
942 20056 19760 744 19793 715 4232 1 0 0 0 0 0 0 0 0 1 1 R 0
943 20077 20035 787 19030 740 5231 1 0 4 0 0 0 0 0 0 2 1 R 0
944 20097 19061 689 19113 672 3593 1 0 0 0 0 0 0 0 0 2 1 R 0
945 20120 22652 564 22646 536 7774 1 0 0 0 0 0 0 0 0 1 1 R 0
946 20143 22264 539 21108 521 3826 1 0 4 0 0 0 0 0 0 1 1 R 0
947 20161 17949 794 18094 653 3137 1 0 0 0 0 0 0 0 0 2 1 R 0
948 20183 20829 972 19854 937 5050 1 0 1 0 0 0 0 0 0 1 1 R 0
949 20207 22965 538 21794 515 3640 1 0 4 0 0 0 0 0 0 2 1 R 0
950 20226 18925 551 18951 524 4393 1 0 0 0 0 0 0 0 0 1 1 R 0
951 20247 19938 554 19972 526 4169 1 0 0 0 0 0 0 0 0 1 1 R 0
952 20266 18063 692 18105 660 3814 1 0 0 0 0 0 0 0 0 2 1 R 0
953 20287 20365 723 19406 679 5699 1 0 4 0 0 0 0 0 0 1 1 R 0
954 20307 20203 551 20214 527 4220 1 0 0 0 0 0 0 0 0 2 1 R 0
955 20327 19369 568 19396 541 4405 1 0 0 0 0 0 0 0 0 1 1 R 0
956 20350 21930 567 20470 526 4221 1 0 4 0 0 0 0 0 0 1 1 R 0
957 20370 19837 1542 18502 1519 3323 1 0 1 0 0 0 0 0 0 2 1 R 0
958 20390 17805 694 17858 657 3244 1 0 0 0 0 0 0 0 0 2 1 R 0
959 20410 19613 2069 19665 1948 3971 1 0 0 0 3 0 0 0 0 1 1 R 0
960 20436 23645 577 22030 543 9262 1 0 1 0 0 0 0 0 0 2 1 R 0
961 20456 19770 564 19797 539 4284 1 0 0 0 0 0 0 0 0 1 1 R 0
962 20474 17631 722 17695 683 3660 1 0 0 0 0 0 0 0 0 2 1 R 0
963 20498 22635 709 21774 642 5096 1 0 4 0 0 0 0 0 0 1 1 R 0
964 20518 19449 568 19460 543 3856 1 0 0 0 0 0 0 0 0 2 1 R 0
965 20538 19698 566 19732 533 4215 1 0 0 0 0 0 0 0 0 1 1 R 0
966 20560 21301 658 20096 623 4253 1 0 4 0 0 0 0 0 0 2 1 R 0
967 20583 22209 745 21186 682 3078 1 0 1 0 0 0 0 0 0 1 1 R 0
968 20603 19522 632 19554 591 3182 1 0 0 0 0 0 0 0 0 2 1 R 0
969 20626 22132 622 21072 581 3453 1 0 4 0 0 0 0 0 0 1 1 R 0
970 20646 19538 842 19552 820 4232 1 0 0 0 0 0 0 0 0 1 1 R 0
971 20667 19755 672 19794 644 4221 1 0 0 0 0 0 0 0 0 2 1 R 0
972 20685 17616 661 17661 596 3653 1 0 0 0 0 0 0 0 0 1 1 R 0
973 20707 21763 803 20692 730 5240 1 0 4 0 0 0 0 0 0 2 1 R 0
974 20728 19838 688 19865 662 4299 1 0 0 0 0 0 0 0 0 1 1 R 0
975 20751 21991 941 22023 915 8194 1 0 0 0 0 0 0 0 0 1 1 R 0
976 20775 23625 789 20698 745 3925 1 0 5 0 0 0 0 0 0 2 1 R 0
977 20794 18169 953 18200 938 3899 1 0 0 0 0 0 0 0 0 2 1 R 0
978 20814 19357 781 19385 734 3965 1 0 0 0 0 0 0 0 0 1 1 R 0
979 20837 22115 554 21201 531 3607 1 0 4 0 0 0 0 0 0 2 1 R 0
980 20858 20017 1106 20078 1050 4223 1 0 0 0 0 0 0 0 0 2 1 R 0
981 20879 19575 684 19619 667 4087 1 0 0 0 0 0 0 0 0 1 1 R 0
982 20897 18214 744 18256 677 3255 1 0 0 0 0 0 0 0 0 2 1 R 0
983 20924 25446 610 23320 579 8073 1 0 5 0 0 0 0 0 0 1 1 R 0
984 20944 19641 557 19670 529 3968 1 0 0 0 0 0 0 0 0 1 1 R 0
985 20965 20027 548 20054 520 3711 1 0 0 0 0 0 0 0 0 2 1 R 0
986 20989 23635 576 21386 543 3208 1 0 4 0 0 0 0 0 0 1 1 R 0
987 21007 17882 670 17915 646 3504 1 0 0 0 0 0 0 0 0 2 1 R 0
988 21028 20242 700 20350 581 4628 1 0 0 0 0 0 0 0 0 1 1 R 0
989 21050 21181 561 20035 531 4294 1 0 4 0 0 0 0 0 0 2 1 R 0
990 21073 22379 555 22400 533 6775 1 0 0 0 0 0 0 0 0 1 1 R 0
991 21092 18521 680 18541 673 3465 1 0 0 0 0 0 0 0 0 1 1 R 0
992 21113 20401 2212 19947 1350 3881 1 0 2 0 2 0 0 0 0 2 1 R 0
993 21135 19953 562 19948 532 4258 1 0 0 0 0 0 0 0 0 1 1 R 0
994 21156 19847 550 19878 516 4231 1 0 0 0 0 0 0 0 0 1 1 R 0
995 21177 20443 578 19241 551 3776 1 0 1 0 0 0 0 0 0 2 1 R 0
996 21198 20628 697 19763 666 5174 1 0 4 0 0 0 0 0 0 2 1 R 0
997 21217 18344 695 18388 638 3649 1 0 0 0 0 0 0 0 0 2 1 R 0
998 21238 20419 613 20441 583 4503 1 0 0 0 0 0 0 0 0 1 1 R 0
999 21259 20719 573 19494 550 4236 1 0 4 0 0 0 0 0 0 1 1 R 0
1000 21281 20715 984 20732 964 3624 1 0 0 0 0 0 0 0 0 2 1 R 0
1001 21300 17965 677 18004 645 3280 1 0 0 0 0 0 0 0 0 1 1 R 0
1002 21319 18600 750 18648 713 3425 1 0 0 0 0 0 0 0 0 1 1 R 0
1003 21343 23415 601 22354 573 4864 1 0 4 0 0 0 0 0 0 2 1 R 0
1004 21364 19976 648 20018 608 3764 1 0 0 0 0 0 0 0 0 1 1 R 0
1005 21388 23881 557 22966 521 7505 1 0 1 0 0 0 0 0 0 2 1 R 0
1006 21409 19994 741 19096 697 5679 1 0 4 0 0 0 0 0 0 1 1 R 0
1007 21428 18652 1026 18884 790 3243 1 0 0 0 0 0 0 0 0 2 1 R 0
1008 21449 19522 604 19537 576 3785 1 0 0 0 0 0 0 0 0 1 1 R 0
1009 21471 22181 549 20987 526 3771 1 0 4 0 0 0 0 0 0 1 1 R 0
1010 21490 17754 687 17806 651 3297 1 0 0 0 0 0 0 0 0 2 1 R 0
1011 21509 18563 655 18588 625 3434 1 0 0 0 0 0 0 0 0 1 1 R 0
1012 21529 19774 696 19811 654 3436 1 0 0 0 0 0 0 0 0 2 1 R 0
1013 21554 23511 609 21905 580 4204 1 0 4 0 0 0 0 0 0 2 1 R 0
1014 21574 19362 1209 19391 1191 3828 1 0 0 0 0 1 0 0 0 1 1 R 0
1015 21597 21848 681 20091 656 4565 1 0 1 0 0 0 0 0 0 2 1 R 0
1016 21618 20599 735 19511 682 5683 1 0 4 0 0 0 0 0 0 1 1 R 0
1017 21638 19456 694 19526 651 3873 1 0 0 0 0 0 0 0 0 2 1 R 0
1018 21659 20086 609 20085 589 3895 1 0 0 0 0 0 0 0 0 1 1 R 0
1019 21683 23148 549 21884 522 3745 1 0 4 0 0 1 0 0 0 1 1 R 0
1020 21705 21557 734 21606 712 6627 1 0 0 0 0 0 0 0 0 2 1 R 0
1021 21723 17737 794 17763 767 3256 1 0 0 0 0 0 0 0 0 2 1 R 0
1022 21747 23495 535 22087 512 4881 1 0 4 0 0 0 0 0 0 2 1 R 0
1023 21768 20133 572 20168 536 3784 1 0 0 0 0 0 0 0 0 1 1 R 0
1024 21790 21114 568 19957 541 4039 1 0 1 0 0 0 0 0 0 1 1 R 0
1025 21808 17788 658 17839 608 3475 1 0 0 0 0 0 0 0 0 2 1 R 0
1026 21832 23045 804 21661 751 4069 1 0 4 0 0 0 0 0 0 2 1 R 0
1027 21852 19636 564 19645 539 3900 1 0 0 0 0 0 0 0 0 1 1 R 0
1028 21873 20453 545 20080 526 3834 1 0 1 0 0 0 0 0 0 1 1 R 0
1029 21896 22434 582 21457 554 3485 1 0 4 0 0 0 0 0 0 2 1 R 0
1030 21915 18286 731 18352 685 3623 1 0 0 0 0 0 0 0 0 0 1 R 0
1031 21935 19452 738 19499 678 4113 1 0 0 0 0 0 0 0 0 2 1 R 0
1032 21958 21831 612 20775 586 4203 1 0 4 0 0 0 0 0 0 2 1 R 0
1033 21978 19000 2051 19070 1143 4270 1 0 0 0 1 0 0 0 0 1 1 R 0
1034 22000 20788 1006 20797 989 3940 1 0 0 0 0 0 0 0 0 1 1 R 0
1035 22026 24426 540 23290 516 6296 1 0 4 0 0 0 0 0 0 2 1 R 0
1036 22046 19977 554 20003 534 3796 1 0 0 0 0 0 0 0 0 2 1 R 0
1037 22066 19332 559 19358 526 4365 1 0 0 0 0 0 0 0 0 1 1 R 0
1038 22087 20091 565 20124 532 4227 1 0 0 0 0 0 0 0 0 1 1 R 0
1039 22110 22455 576 20680 541 7275 1 0 4 0 0 0 0 0 0 1 1 R 0
1040 22129 18408 669 18451 625 3065 1 0 0 0 0 0 0 0 0 2 1 R 0
1041 22150 19964 798 20029 761 4284 1 0 0 0 0 0 0 0 0 2 1 R 0
1042 22173 22879 563 21848 532 3784 1 0 4 0 0 0 0 0 0 1 1 R 0
1043 22194 20451 754 19436 724 5766 1 0 1 0 0 0 0 0 0 1 1 R 0
1044 22213 18306 625 18340 591 3291 1 0 0 0 0 0 0 0 0 2 1 R 0
1045 22236 22372 676 20988 644 3881 1 0 4 0 0 0 0 0 0 2 1 R 0
1046 22255 17780 708 17815 672 3608 1 0 0 0 0 0 0 0 0 1 1 R 0
1047 22276 20837 542 20854 515 5032 1 0 0 0 0 0 0 0 0 2 1 R 0
1048 22297 19663 545 19691 514 4204 1 0 0 0 0 0 0 0 0 1 1 R 0
1049 22317 20421 684 19436 654 5610 1 0 4 0 0 0 0 0 0 2 1 R 0
1050 22339 21322 727 21375 690 6456 1 0 0 0 0 0 0 0 0 1 1 R 0
1051 22360 19422 826 19458 774 3381 1 0 0 0 0 0 0 0 0 1 1 R 0
1052 22384 23612 560 21214 535 3746 1 0 5 0 0 0 0 0 0 1 1 R 0
1053 22407 22759 2187 20912 605 3387 1 0 2 0 0 0 0 0 0 2 1 S 0
1054 22436 26592 560 16994 512 2287 1 0 2 0 0 0 0 0 0 1 1 R 0
1055 22471 34438 556 20093 508 22114 1 2 0 0 0 0 0 0 0 2 1 R 0
1056 22490 18650 980 18693 944 3746 1 0 0 0 0 0 0 0 0 1 1 R 0
1057 22510 18868 1644 18951 1700 4073 1 0 0 0 1 0 0 0 0 2 1 R 0
1058 22533 21515 829 19630 812 3424 1 0 3 0 0 0 0 0 0 2 1 R 0
1059 22554 20202 534 20219 503 3510 1 0 0 0 0 0 0 0 0 2 1 R 0
1060 22574 18743 669 18801 631 3475 1 0 0 0 0 0 0 0 0 1 1 R 0
1061 22598 23622 566 21091 532 3993 1 0 4 0 0 0 0 0 0 2 1 R 0
1062 22619 20788 727 20900 614 5306 1 0 0 0 0 0 0 0 0 1 1 R 0
1063 22638 17783 765 17890 667 3226 1 0 0 0 0 0 0 0 0 1 1 R 0
1064 22663 24724 663 23493 642 6047 1 0 4 0 0 0 0 0 0 3 1 R 0
1065 22686 21972 574 21998 542 8027 1 0 0 0 0 0 0 0 0 1 1 R 0
1066 22707 20125 551 20153 525 4304 1 0 0 0 0 0 0 0 0 1 1 R 0
1067 22728 20385 1060 18920 1039 3685 1 0 4 0 0 0 0 0 0 2 1 R 0
1068 22747 18176 671 18178 655 3333 1 0 0 0 0 0 0 0 0 2 1 R 0
1069 22767 19595 835 19661 767 4697 1 0 0 0 0 0 0 0 0 2 1 R 0
1070 22789 20749 565 19698 528 4187 1 0 1 0 0 0 0 0 0 1 1 R 0
1071 22812 22926 542 21855 521 6042 1 0 4 0 0 0 0 0 0 1 1 R 0
1072 22830 17616 1370 17656 1355 3130 1 0 0 0 0 0 0 0 0 2 1 R 0
1073 22851 18798 1402 18833 1361 3728 1 0 0 0 0 0 0 0 0 1 1 R 0
1074 22874 22041 631 20730 601 3193 1 0 4 0 0 0 0 0 0 2 1 R 0
1075 22894 19286 559 19309 524 4021 1 0 0 0 0 0 0 0 0 1 1 R 0
1076 22915 20865 556 20228 534 3673 1 0 1 0 0 0 0 0 0 1 1 R 0
1077 22938 21937 533 20392 510 3770 1 0 4 0 0 0 0 0 0 2 1 R 0
1078 22956 17809 678 17857 631 3592 1 0 0 0 0 0 0 0 0 1 1 R 0
1079 22976 19192 673 19249 634 4674 1 0 0 0 0 0 0 0 0 2 1 R 0
1080 23004 27720 542 25889 522 10836 1 0 5 0 0 0 0 0 0 2 1 R 0
1081 23024 19076 573 19096 558 3811 1 0 0 0 0 0 0 0 0 1 1 R 0
1082 23043 18069 622 18097 587 3404 1 0 0 0 0 0 0 0 0 2 1 R 0
1083 23063 20087 873 20156 843 3739 1 0 0 0 0 0 0 0 0 1 1 R 0
1084 23086 21992 563 20915 529 3796 1 0 4 0 0 0 0 0 0 1 1 R 0
1085 23106 19581 556 19612 524 4197 1 0 0 0 0 0 0 0 0 1 1 R 0
1086 23127 20017 682 20045 653 4431 1 0 0 0 0 0 0 0 0 2 1 R 0
1087 23149 20978 677 19576 634 3528 1 0 4 0 0 0 0 0 0 1 1 R 0
1088 23168 18534 706 18583 672 3287 1 0 0 0 0 0 0 0 0 2 1 R 0
1089 23190 21893 919 20189 892 4008 1 0 1 0 0 0 0 0 0 2 1 R 0
1090 23210 18901 2058 18933 1485 4001 1 0 0 0 2 0 0 0 0 1 1 R 0
1091 23234 21589 581 20847 550 3104 1 0 2 0 0 0 0 0 0 2 1 R 0
1092 23253 18665 648 18719 609 3245 1 0 0 0 0 0 0 0 0 2 1 R 0
1093 23273 19683 932 19710 914 3828 1 0 0 0 0 0 0 0 0 1 1 R 0
1094 23297 22337 567 21311 537 3584 1 0 4 0 0 0 0 0 0 1 1 R 0
1095 23319 22044 619 22093 564 7927 1 0 0 0 0 0 0 0 0 1 1 R 0
1096 23338 17827 701 17874 666 3146 1 0 0 0 0 0 0 0 0 2 1 R 0
1097 23361 22661 644 21471 620 4521 1 0 4 0 0 0 0 0 0 2 1 R 0
1098 23382 19896 539 19912 511 3753 1 0 0 0 0 0 0 0 0 1 1 R 0
1099 23403 20969 801 19965 738 5247 1 0 1 0 0 0 0 0 0 1 1 R 0
1100 23426 21909 678 20743 658 3829 1 0 4 0 0 0 0 0 0 1 1 R 0
1101 23445 18110 851 18310 656 3539 1 0 0 0 0 0 0 0 0 2 1 R 0
1102 23472 26798 3055 21391 1016 4638 1 0 3 0 1 0 0 0 0 2 1 R 0
1103 23497 21872 551 20258 525 3794 1 0 5 0 0 0 0 0 0 2 1 R 0
1104 23523 25216 689 22493 640 4450 1 0 2 0 0 0 0 0 0 1 1 R 0
1105 23545 20806 769 20835 741 3498 1 0 0 0 0 0 0 0 0 1 1 R 0
1106 23568 22300 567 21108 542 4539 1 0 4 0 0 0 0 0 0 1 1 R 0
1107 23588 19398 1620 19430 750 4231 1 0 1 0 0 0 0 0 0 1 1 R 0
1108 23609 19634 569 19650 538 3815 1 0 0 0 0 0 0 0 0 2 1 R 0
1109 23629 19280 558 19300 538 3707 1 0 0 0 0 0 0 0 0 1 1 R 0
1110 23659 29564 636 25290 604 10316 1 0 3 0 0 0 0 0 0 2 1 R 0
1111 23679 19618 656 19658 641 3407 1 0 0 0 0 0 0 0 0 1 1 R 0
1112 23701 21502 1397 21461 926 3877 1 0 1 0 3 1 0 0 0 1 1 R 0
1113 23723 20055 593 19726 567 3823 1 0 0 0 0 0 0 0 0 1 1 R 0
1114 23743 19225 736 19270 694 3781 1 0 0 0 0 0 0 0 0 2 1 R 0
1115 23762 18533 618 18581 559 3153 1 0 0 0 0 0 0 0 0 2 1 R 0
1116 23786 23153 1191 22218 1174 3469 1 0 4 0 0 1 0 0 0 2 1 R 0
1117 23808 21036 565 19994 535 4370 1 0 1 0 0 0 0 0 0 1 1 R 0
1118 23828 19417 968 19493 899 4361 1 0 0 0 0 0 0 0 0 1 1 R 0
1119 23850 20956 899 19705 859 3632 1 0 4 0 0 0 0 0 0 2 1 R 0
1120 23869 17948 657 17977 622 3179 1 0 0 0 0 0 0 0 0 2 1 R 0
1121 23890 21169 1433 20872 1398 5009 1 0 1 0 0 0 0 0 0 1 1 R 0
1122 23913 21633 618 20739 598 3990 1 0 4 0 0 0 0 0 0 1 1 R 0
1123 23934 19614 557 19631 533 3730 1 0 0 0 0 0 0 0 0 2 1 R 0
1124 23953 18534 735 18591 691 3253 1 0 0 0 0 0 0 0 0 1 1 R 0
1125 23975 21586 664 21614 629 6762 1 0 0 0 0 0 0 0 0 2 1 R 0
1126 23998 22470 610 19748 572 5679 1 0 5 0 0 0 0 0 0 1 1 R 0
1127 24018 19415 546 19447 513 4188 1 0 0 0 0 0 0 0 0 1 1 R 0
1128 24039 19777 691 19819 650 4261 1 0 0 0 0 0 0 0 0 2 1 R 0
1129 24062 22260 593 20918 563 3925 1 0 4 0 0 0 0 0 0 1 1 R 0
1130 24080 17898 640 17940 623 3194 1 0 0 0 0 0 0 0 0 2 1 R 0
1131 24101 19960 930 19966 905 3604 1 0 0 0 0 0 0 0 0 1 1 R 0
1132 24120 18445 603 18489 567 3802 1 0 0 0 0 0 0 0 0 1 1 R 0
1133 24143 22556 865 20631 833 3754 1 0 4 0 0 0 0 0 0 1 1 R 0
1134 24163 18746 697 18779 657 3243 1 0 0 0 0 0 0 0 0 2 1 R 0
1135 24182 18894 635 18939 612 3168 1 0 0 0 0 0 0 0 0 2 1 R 0
1136 24207 23606 541 21383 521 3405 1 0 5 0 0 0 0 0 0 1 1 R 0
1137 24227 19446 562 19474 532 4329 1 0 0 0 0 0 0 0 0 1 1 R 0
1138 24247 19787 568 19813 536 3945 1 0 0 0 0 0 0 0 0 2 1 R 0
1139 24265 17983 678 18036 631 3856 1 0 0 0 0 0 0 0 0 1 1 R 0
1140 24291 25237 611 24075 586 11940 1 0 4 0 0 0 0 0 0 1 1 R 0
1141 24311 19412 622 19503 518 4031 1 0 0 0 0 0 0 0 0 2 1 R 0
1142 24332 19615 535 19638 513 3780 1 0 0 0 0 0 0 0 0 1 1 R 0
1143 24354 21915 578 20329 545 3817 1 0 4 0 0 0 0 0 0 1 1 R 0
1144 24375 20211 561 20236 531 3873 1 0 0 0 0 0 0 0 0 1 1 R 0
1145 24396 20764 843 19993 814 4410 1 0 1 0 0 0 0 0 0 1 1 R 0
1146 24423 25561 848 23451 806 4280 1 0 4 0 0 0 0 0 0 3 1 R 0
1147 24443 19954 559 19975 531 4066 1 0 0 0 0 0 0 0 0 1 1 R 0
1148 24463 19482 604 19510 574 3708 1 0 0 0 0 0 0 0 0 1 1 R 0
1149 24486 21538 531 20248 505 3349 1 0 4 0 0 0 0 0 0 1 1 R 0
1150 24506 20173 814 20241 756 4280 1 0 0 0 0 0 0 0 0 2 1 R 0
1151 24526 19296 554 19316 527 4337 1 0 0 0 0 0 0 0 0 1 1 R 0
1152 24547 20158 621 20210 566 4216 1 0 0 0 0 0 0 0 0 1 1 R 0
1153 24568 20084 720 19060 658 5451 1 0 4 0 0 0 0 0 0 2 1 R 0
1154 24587 18200 669 18245 620 3684 1 0 0 0 0 0 0 0 0 2 1 R 0
1155 24613 25917 555 24853 526 9946 1 0 1 0 0 0 0 0 0 1 1 R 0
1156 24636 21581 635 20210 602 3726 1 0 4 0 0 0 0 0 0 1 1 R 0
1157 24656 19943 622 19971 590 4067 1 0 0 0 0 0 0 0 0 2 1 R 0
1158 24676 18829 778 18892 730 3932 1 0 0 0 0 0 0 0 0 2 1 R 0
1159 24699 22669 552 21223 523 3644 1 0 4 0 0 0 0 0 0 2 1 R 0
1160 24719 19402 562 19429 532 3801 1 0 0 0 0 0 0 0 0 1 1 R 0
1161 24739 19780 610 19814 578 3775 1 0 0 0 0 0 0 0 0 1 1 R 0
1162 24759 18959 555 18982 532 3516 1 0 0 0 0 0 0 0 0 1 1 R 0
1163 24780 20811 1332 20074 1257 4960 1 0 4 0 0 0 0 0 0 2 1 R 0
1164 24803 20952 830 19480 815 3113 1 0 1 0 0 0 0 0 0 2 1 R 0
1165 24823 19910 530 19911 507 3806 1 0 0 0 0 0 0 0 0 2 1 R 0
1166 24846 22122 577 20773 549 4048 1 0 4 0 0 0 0 0 0 1 1 R 0
1167 24867 20298 547 20317 524 4465 1 0 0 0 0 0 0 0 0 1 1 R 0
1168 24885 18155 684 18201 663 3686 1 0 0 0 0 0 0 0 0 2 1 R 0
1169 24908 21974 551 20884 530 3849 1 0 4 0 0 0 0 0 0 2 1 R 0
1170 24932 23770 569 23157 547 9944 1 0 1 0 0 0 0 0 0 1 1 R 0
1171 24953 19862 597 19908 547 3763 1 0 0 0 0 0 0 0 0 1 1 R 0
1172 24977 23161 539 22052 515 4710 1 0 4 0 0 0 0 0 0 1 1 R 0
1173 24999 22286 538 20735 518 4692 1 0 1 0 0 0 0 0 0 2 1 R 0
1174 25018 18181 692 18248 646 3466 1 0 0 0 0 0 0 0 0 2 1 R 0
1175 25039 19828 569 19832 542 3499 1 0 0 0 0 0 0 0 0 0 1 R 0
1176 25062 22320 724 21111 685 5593 1 0 4 0 0 0 0 0 0 2 1 R 0
1177 25081 19018 820 18773 772 3331 1 0 1 0 0 0 0 0 0 1 1 R 0
1178 25101 18480 1438 19185 736 3190 1 0 0 0 0 0 0 0 0 3 1 R 0
1179 25124 22055 563 20774 534 3328 1 0 4 0 0 0 0 0 0 1 1 R 0
1180 25144 19583 761 19614 739 3997 1 0 0 0 0 0 0 0 0 1 1 R 0
1181 25165 19482 563 19501 537 3697 1 0 0 0 0 0 0 0 0 2 1 R 0
1182 25187 21598 664 20227 628 3202 1 0 4 0 0 0 0 0 0 1 1 R 0
1183 25207 20057 668 19068 643 3636 1 0 1 0 0 0 0 0 0 2 1 R 0
1184 25226 18357 668 18371 656 3821 1 0 0 0 0 0 0 0 0 2 1 R 0
1185 25253 26296 1038 25543 997 8388 1 0 4 0 0 0 0 0 0 1 1 R 0
1186 25275 20590 550 20605 524 3517 1 0 0 0 0 0 0 0 0 2 1 R 0
1187 25294 18106 635 18134 606 3743 1 0 0 0 0 0 0 0 0 1 1 R 0
1188 25313 19129 843 19199 790 3207 1 0 0 0 0 0 0 0 0 1 1 R 0
1189 25337 22859 573 21638 536 3847 1 0 4 0 0 0 0 0 0 2 1 R 0
1190 25357 19412 774 19481 704 4276 1 0 0 0 0 0 0 0 0 1 1 R 0
1191 25377 19037 715 19110 638 4314 1 0 0 0 0 0 0 0 0 2 1 R 0
1192 25401 22873 972 20658 948 3579 1 0 5 0 0 0 0 0 0 1 1 R 0
1193 25420 18718 1498 18778 1470 3344 1 0 0 0 0 0 0 0 0 2 1 R 0
1194 25441 19398 539 19397 505 3911 1 0 0 0 0 0 0 0 0 1 1 R 0
1195 25464 22168 756 21293 742 4033 1 0 4 0 0 0 0 0 0 1 1 R 0
1196 25484 19581 553 19592 528 3633 1 0 0 0 0 0 0 0 0 1 1 R 0
1197 25504 19193 718 19237 677 3391 1 0 0 0 0 0 0 0 0 2 1 R 0
1198 25524 19720 602 19793 522 3115 1 0 0 0 0 0 0 0 0 1 1 R 0
1199 25547 21858 576 20672 542 5480 1 0 4 0 0 0 0 0 0 1 1 R 0
1200 25569 21571 569 21604 541 7983 1 0 0 0 0 0 0 0 0 1 1 R 0
1201 25587 17890 675 17952 628 3131 1 0 0 0 0 0 0 0 0 2 1 R 0
1202 25612 24371 549 21436 514 4082 1 0 5 0 0 0 0 0 0 2 1 R 0
1203 25634 20965 580 20994 557 3613 1 0 0 0 0 0 0 0 0 2 1 R 0
1204 25654 19229 555 19261 521 3816 1 0 0 0 0 0 0 0 0 1 1 R 0
1205 25677 22986 553 21389 527 3757 1 0 4 0 0 1 0 0 0 1 1 R 0
1206 25697 18612 677 18666 648 3655 1 0 0 0 0 0 0 0 0 2 1 R 0
1207 25716 18738 694 18787 645 4454 1 0 0 0 0 0 0 0 0 1 1 R 0
1208 25737 20284 722 20324 670 4850 1 0 0 0 0 0 0 0 0 2 1 R 0
1209 25759 21555 573 20402 544 6697 1 0 4 0 0 0 0 0 0 2 1 R 0
1210 25780 20090 670 20117 647 3813 1 0 0 0 0 0 0 0 0 1 1 R 0
1211 25799 18047 768 18094 723 3272 1 0 0 0 0 0 0 0 0 2 1 R 0
1212 25823 24092 639 21567 604 3114 1 0 5 0 0 0 0 0 0 2 1 R 0
1213 25844 19427 555 19454 534 3584 1 0 0 0 0 0 0 0 0 1 1 R 0
1214 25864 20011 544 20036 516 3771 1 0 0 0 0 0 0 0 0 1 1 R 0
1215 25890 25253 568 24025 539 8537 1 0 5 0 0 0 0 0 0 1 1 R 0
1216 25909 18454 760 18499 711 3665 1 0 0 0 0 0 0 0 0 1 1 R 0
1217 25929 19540 671 19578 655 3315 1 0 0 0 0 0 0 0 0 2 1 R 0
1218 25950 20422 2652 20432 1729 3804 1 0 0 0 3 0 0 0 0 2 1 R 0
1219 25973 20127 1436 19830 1435 4087 1 0 1 0 0 1 0 0 0 1 1 R 0
1220 25996 21672 566 21680 531 4636 1 0 0 0 0 0 0 0 0 1 1 R 0
1221 26017 20086 886 19147 828 3868 1 0 1 0 0 0 0 0 0 2 1 R 0
1222 26040 22132 675 21070 630 6371 1 0 4 0 0 0 0 0 0 2 1 R 0
1223 26060 19234 567 19267 533 3979 1 0 0 0 0 0 0 0 0 1 1 R 0
1224 26080 19880 1028 19909 1002 3774 1 0 0 0 0 0 0 0 0 1 1 R 0
1225 26103 21965 557 20872 532 3309 1 0 4 0 0 0 0 0 0 2 1 R 0
1226 26123 19663 821 19727 756 3204 1 0 0 0 0 0 0 0 0 1 1 R 0
1227 26146 21987 563 20654 540 3834 1 0 1 0 0 0 0 0 0 2 1 R 0
1228 26168 21608 574 20453 542 4168 1 0 4 0 0 0 0 0 0 1 1 R 0
1229 26188 19494 601 19517 579 3790 1 0 0 0 0 0 0 0 0 1 1 R 0
1230 26213 23910 585 22581 578 6373 1 0 1 0 0 0 0 0 0 2 1 R 0
1231 26235 20979 639 19888 602 3288 1 0 4 0 0 0 0 0 0 2 1 R 0
1232 26256 20555 541 20569 518 4172 1 0 0 0 0 0 0 0 0 1 1 R 0
1233 26275 19034 556 19068 525 4338 1 0 0 0 0 0 0 0 0 1 1 R 0
1234 26296 20147 549 20168 526 3933 1 0 0 0 0 0 0 0 0 1 1 R 0
1235 26317 20776 729 19740 650 4433 1 0 4 0 0 0 0 0 0 2 1 R 0
1236 26336 18322 666 18390 599 3621 1 0 0 0 0 0 0 0 0 2 1 R 0
1237 26358 20469 558 20503 532 4683 1 0 0 0 0 0 0 0 0 1 1 R 0
1238 26379 20853 593 19630 563 4326 1 0 4 0 0 0 0 0 0 1 1 R 0
1239 26399 19599 553 19623 524 3251 1 0 0 0 0 0 0 0 0 2 1 R 0
1240 26419 19276 827 18364 753 3318 1 0 1 0 0 0 0 0 0 2 1 R 0
1241 26438 18465 796 18515 773 3255 1 0 0 0 0 0 0 0 0 1 1 R 0
1242 26462 22637 549 21660 530 5742 1 0 4 0 0 0 0 0 0 2 1 R 0
1243 26482 19924 540 19949 512 3754 1 0 0 0 0 0 0 0 0 1 1 R 0
1244 26503 19836 557 19858 533 3507 1 0 0 0 0 0 0 0 0 1 1 R 0
1245 26528 24486 749 23506 723 9327 1 0 4 0 0 0 0 0 0 2 1 R 0
1246 26547 19040 789 19121 709 3706 1 0 0 0 0 0 0 0 0 1 1 R 0
1247 26568 19813 606 19834 579 4320 1 0 0 0 0 0 0 0 0 2 1 R 0
1248 26590 21299 577 20267 548 4260 1 0 4 0 0 0 0 0 0 1 1 R 0
1249 26614 23779 554 22095 517 4015 1 0 1 0 0 0 0 0 0 1 1 R 0
1250 26634 19039 704 19080 687 3191 1 0 0 0 0 0 0 0 0 2 1 R 0
1251 26657 22293 544 20980 515 3417 1 0 4 0 0 0 0 0 0 2 1 R 0
1252 26677 19366 567 19392 542 3934 1 0 0 0 0 0 0 0 0 1 1 R 0
1253 26698 20520 561 20553 528 4199 1 0 0 0 0 0 0 0 0 1 1 R 0
1254 26717 18099 666 18160 600 3782 1 0 0 0 0 0 0 0 0 2 1 R 0
1255 26738 20649 684 19824 644 5814 1 0 4 0 0 0 0 0 0 2 1 R 0
1256 26758 19096 752 19159 700 4256 1 0 0 0 0 0 0 0 0 1 1 R 0
1257 26779 20791 596 20802 569 3275 1 0 0 0 0 0 0 0 0 2 1 R 0
1258 26802 22616 562 21483 532 3727 1 0 4 0 0 0 0 0 0 1 1 R 0
1259 26823 19663 762 18690 749 3169 1 0 1 0 0 0 0 0 0 1 1 R 0
1260 26846 23102 567 23109 548 7023 1 0 0 0 0 0 0 0 0 2 1 R 0
1261 26869 21614 669 20154 621 4206 1 0 4 0 0 0 0 0 0 1 1 R 0
1262 26889 19730 568 19750 538 3922 1 0 0 0 0 0 0 0 0 1 1 R 0
1263 26909 19597 675 19673 598 3632 1 0 0 0 0 0 0 0 0 2 1 R 0
1264 26929 19533 679 18985 643 3595 1 0 1 0 0 0 0 0 0 1 1 R 0
1265 26952 22258 642 21048 612 3437 1 0 4 0 0 0 0 0 0 2 1 R 0
1266 26973 19531 661 19570 646 3181 1 0 0 0 0 0 0 0 0 2 1 R 0
1267 26993 19530 598 19525 575 3991 1 0 0 0 0 0 0 0 0 1 1 R 0
1268 27017 23699 570 21250 538 3387 1 0 5 0 0 0 0 0 0 1 1 R 0
1269 27035 17762 799 17871 694 3689 1 0 0 0 0 0 0 0 0 2 1 R 0
1270 27056 20022 680 20073 637 4925 1 0 0 0 0 0 0 0 0 2 1 R 0
1271 27079 22553 551 21211 528 3960 1 0 4 0 0 0 0 0 0 2 1 R 0
1272 27100 19558 564 19587 529 3746 1 0 0 0 0 0 0 0 0 1 1 R 0
1273 27120 19930 543 19959 520 3797 1 0 0 0 0 0 0 0 0 1 1 R 0
1274 27139 18682 683 18719 666 3250 1 0 0 0 0 0 0 0 0 2 1 R 0
1275 27165 25546 582 24038 545 9624 1 0 4 0 0 0 0 0 0 1 1 R 0
1276 27185 19299 603 19340 567 3819 1 0 0 0 0 0 0 0 0 2 1 R 0
1277 27206 20162 606 20183 585 4318 1 0 0 0 0 0 0 0 0 1 1 R 0
1278 27232 25557 543 22741 511 8105 1 0 4 0 0 0 0 0 0 1 1 R 0
1279 27250 16853 751 16936 686 3192 1 0 0 0 0 0 0 0 0 2 1 R 0
1280 27273 22862 553 22875 529 5603 1 0 0 0 0 0 0 0 0 1 1 R 0
1281 27296 22176 559 20700 532 4059 1 0 4 0 0 0 0 0 0 2 1 R 0
1282 27316 19861 763 19908 718 4251 1 0 0 0 0 0 0 0 0 1 1 R 0
1283 27335 17451 682 17501 652 3601 1 0 0 0 0 0 0 0 0 2 1 R 0
1284 27358 22189 548 20911 522 4522 1 0 4 0 0 0 0 0 0 1 1 R 0
1285 27377 18974 890 19077 812 3634 1 0 0 0 0 0 0 0 0 2 1 R 0
1286 27397 19342 553 19347 523 4264 1 0 0 0 0 0 0 0 0 1 1 R 0
1287 27419 21310 553 20244 520 4255 1 0 1 0 0 0 0 0 0 1 1 R 0
1288 27440 20641 1606 19488 1570 4620 1 0 4 0 0 0 0 0 0 2 1 R 0
1289 27460 17894 669 17913 635 3391 1 0 0 0 0 0 0 0 0 2 1 R 0
1290 27485 24229 538 24239 520 6517 1 0 0 0 0 0 0 0 0 2 1 R 0
1291 27506 20876 578 19839 549 5019 1 0 4 0 0 0 0 0 0 1 1 R 0
1292 27527 20113 544 20132 523 4021 1 0 0 0 0 0 0 0 0 1 1 R 0
1293 27546 18426 668 18462 647 3559 1 0 0 0 0 0 0 0 0 2 1 R 0
1294 27568 21885 767 20643 720 4393 1 0 4 0 0 0 0 0 0 2 1 R 0
1295 27589 20111 551 20137 525 3771 1 0 0 0 0 0 0 0 0 1 1 R 0
1296 27609 19417 566 19450 531 3989 1 0 0 0 0 0 0 0 0 1 1 R 0
1297 27634 24434 530 22610 506 5165 1 0 5 0 0 0 0 0 0 1 1 R 0
1298 27653 18638 978 18690 928 3157 1 0 0 0 0 1 0 0 0 2 1 R 0
1299 27674 19779 646 19812 629 3270 1 0 0 0 0 0 0 0 0 2 1 R 0
1300 27694 19687 687 19700 660 4423 1 0 0 0 0 0 0 0 0 1 1 R 0
1301 27717 21728 578 20522 542 3755 1 0 4 0 0 0 0 0 0 1 1 R 0
1302 27736 18774 792 18836 751 3889 1 0 0 0 0 0 0 0 0 2 1 R 0
1303 27755 18054 773 18137 675 3672 1 0 0 0 0 0 0 0 0 1 1 R 0
1304 27779 23447 567 22018 536 4946 1 0 4 0 0 0 0 0 0 2 1 R 0
1305 27803 22838 589 22860 575 7416 1 0 0 0 0 0 0 0 0 2 1 R 0
1306 27824 20932 568 19918 539 3765 1 0 1 0 0 0 0 0 0 1 1 R 0
1307 27847 22433 618 21188 579 4007 1 0 4 0 0 0 0 0 0 2 1 R 0
1308 27866 17813 770 17851 722 3715 1 0 0 0 0 0 0 0 0 2 1 R 0
1309 27887 20612 565 20156 539 5162 1 0 1 0 0 0 0 0 0 1 1 R 0
1310 27907 19696 556 19725 529 4224 1 0 0 0 0 0 0 0 0 1 1 R 0
1311 27929 21562 620 20629 593 6753 1 0 4 0 0 0 0 0 0 1 1 R 0
1312 27948 17991 671 18033 636 3190 1 0 0 0 0 0 0 0 0 2 1 R 0
1313 27967 18671 766 18732 723 3513 1 0 0 0 0 0 0 0 0 2 1 R 0
1314 27991 22432 1561 21361 1493 5027 1 0 4 0 0 0 0 0 0 2 1 R 0
1315 28012 20239 548 20249 534 3978 1 0 0 0 0 0 0 0 0 1 1 R 0
1316 28034 21030 549 19980 516 5249 1 0 1 0 0 0 0 0 0 1 1 R 0
1317 28056 21252 814 19988 793 3241 1 0 4 0 0 0 0 0 0 2 1 R 0
1318 28074 17769 755 17801 746 3688 1 0 0 0 0 0 0 0 0 1 1 R 0
1319 28096 21141 553 21135 526 4445 1 0 0 0 0 0 0 0 0 2 1 R 0
1320 28119 22001 565 22039 526 7956 1 0 0 0 0 0 0 0 0 1 1 R 0
1321 28142 22747 550 21915 526 5725 1 0 4 0 0 0 0 0 0 2 1 R 0
1322 28160 17449 1586 17509 1553 3429 1 0 0 0 0 0 0 0 0 2 1 R 0
1323 28180 18309 1312 18328 1289 3725 1 0 0 0 0 0 0 0 0 1 1 R 0
1324 28204 22510 629 21045 602 4019 1 0 4 0 0 0 0 0 0 1 1 R 0
1325 28226 21274 558 20244 523 3778 1 0 1 0 0 0 0 0 0 1 1 R 0
1326 28246 19895 669 19926 640 4509 1 0 0 0 0 0 0 0 0 2 1 R 0
1327 28267 20237 717 19420 670 3758 1 0 4 0 0 0 0 0 0 1 1 R 0
1328 28289 21523 921 21598 834 5600 1 0 0 0 0 0 0 0 0 2 1 R 0
1329 28310 19440 566 19464 530 3963 1 0 0 0 0 0 0 0 0 2 1 R 0
1330 28330 20039 2550 20066 1682 3817 1 0 0 0 3 0 0 0 0 1 1 R 0
1331 28352 19533 587 19283 559 3277 1 0 1 0 0 0 0 0 0 2 1 R 0
1332 28370 17421 1333 17485 1277 3211 1 0 0 0 0 0 0 0 0 1 1 R 0
1333 28390 18429 1526 18487 1481 3557 1 0 0 0 0 0 0 0 0 2 1 R 0
1334 28414 22051 633 20902 596 4017 1 0 4 0 0 0 0 0 0 1 1 R 0
1335 28438 23607 590 22537 557 10396 1 0 1 0 0 0 0 0 0 1 1 R 0
1336 28457 18069 812 18155 731 3669 1 0 0 0 0 0 0 0 0 1 1 R 0
1337 28480 22163 683 20915 627 4450 1 0 4 0 0 0 0 0 0 2 1 R 0
1338 28502 21642 536 21661 514 3565 1 0 0 0 0 0 0 0 0 2 1 R 0
1339 28522 19817 746 19891 665 3775 1 0 0 0 0 0 0 0 0 1 1 R 0
1340 28548 25188 539 22959 513 4037 1 0 4 0 0 0 0 0 0 1 1 R 0
1341 28567 17728 894 17833 789 3225 1 0 0 0 0 0 0 0 0 2 1 R 0
1342 28588 20776 690 20830 649 5692 1 0 0 0 0 0 0 0 0 2 1 R 0
1343 28610 20764 541 20776 514 4277 1 0 0 0 0 0 0 0 0 2 1 R 0
1344 28633 23112 601 19548 584 4071 1 0 5 0 0 0 0 0 0 1 1 R 0
1345 28654 19707 772 19755 714 3601 1 0 0 0 0 0 0 0 0 1 1 R 0
1346 28673 18443 848 18499 798 3191 1 0 0 0 0 0 0 0 0 2 1 R 0
1347 28697 22895 561 21865 533 3620 1 0 4 0 0 0 0 0 0 1 1 R 0
1348 28717 19635 560 19660 537 4308 1 0 0 0 0 0 0 0 0 1 1 R 0
1349 28737 20158 564 20184 534 4222 1 0 0 0 0 0 0 0 0 2 1 R 0
1350 28763 25389 640 23992 604 7662 1 0 4 0 0 0 0 0 0 1 1 R 0
1351 28783 18530 713 18560 696 3286 1 0 0 0 0 0 0 0 0 2 1 R 0
1352 28803 19624 1022 19646 989 3143 1 0 0 0 0 0 0 0 0 1 1 R 0
1353 28827 23080 539 20927 522 3278 1 0 4 0 0 0 0 0 0 2 1 R 0
1354 28848 20101 601 20119 584 4170 1 0 0 0 0 0 0 0 0 1 1 R 0
1355 28867 18700 680 18755 637 3874 1 0 0 0 0 0 0 0 0 1 1 R 0
1356 28886 18242 670 18274 635 3694 1 0 0 0 0 0 0 0 0 2 1 R 0
1357 28909 22570 561 21484 538 6802 1 0 4 0 0 0 0 0 0 2 1 R 0
1358 28930 20621 1072 19724 1044 4235 1 0 1 0 0 0 0 0 0 1 1 R 0
1359 28952 20356 533 20377 513 3729 1 0 0 0 0 0 0 0 0 2 1 R 0
1360 28974 21771 698 20984 629 3162 1 0 4 0 0 0 0 0 0 1 1 R 0
1361 28993 18724 643 18756 614 3417 1 0 0 0 0 0 0 0 0 2 1 R 0
1362 29014 19600 632 19621 614 3279 1 0 0 0 0 0 0 0 0 2 1 R 0
1363 29038 23344 569 21221 539 3331 1 0 5 0 0 0 0 0 0 1 1 R 0
1364 29058 19627 611 19654 579 4262 1 0 0 0 0 0 0 0 0 1 1 R 0
1365 29080 21147 747 21209 698 6804 1 0 0 0 0 0 0 0 0 2 1 R 0
1366 29099 18147 663 18182 627 3286 1 0 0 0 0 0 0 0 0 2 1 R 0
1367 29122 22470 696 21358 651 5370 1 0 4 0 0 0 0 0 0 1 1 R 0
1368 29142 19247 871 19297 810 3754 1 0 0 0 0 0 0 0 0 1 1 R 0
1369 29162 19131 540 19153 519 3742 1 0 0 0 0 0 0 0 0 2 1 R 0
1370 29184 21363 887 20522 673 3213 1 0 4 0 0 0 0 0 0 1 1 R 0
1371 29204 19448 558 19461 533 3775 1 0 0 0 0 0 0 0 0 1 1 R 0
1372 29224 19698 1615 19721 799 3717 1 0 0 0 1 0 0 0 0 1 1 R 0
1373 29248 21792 563 20771 543 4508 1 0 4 0 0 0 0 0 0 1 1 R 0
1374 29268 19624 553 19646 523 4041 1 0 0 0 0 0 0 0 0 2 1 R 0
1375 29287 18270 716 18313 696 3733 1 0 0 0 0 0 0 0 0 2 1 R 0
1376 29306 18993 656 19018 611 4227 1 0 0 0 0 0 0 0 0 1 1 R 0
1377 29329 22353 627 21167 593 6752 1 0 4 0 0 0 0 0 0 2 1 R 0
1378 29349 19294 807 19362 745 3743 1 0 0 0 0 0 0 0 0 1 1 R 0
1379 29369 19138 565 19149 546 3427 1 0 0 0 0 0 0 0 0 1 1 R 0
1380 29394 24430 701 23456 849 6358 1 0 4 0 0 0 0 0 0 2 1 R 0
1381 29414 19241 655 19122 628 3199 1 0 0 0 0 0 0 0 0 2 1 R 0
1382 29436 20864 529 19357 500 3816 1 0 1 0 0 0 0 0 0 1 1 R 0
1383 29458 22108 567 20811 537 4248 1 0 4 0 0 0 0 0 0 1 1 R 0
1384 29478 18722 1105 18804 1030 3986 1 0 0 0 0 0 0 0 0 1 1 R 0
1385 29497 18715 801 18793 739 3507 1 0 0 0 0 0 0 0 0 2 1 R 0
1386 29518 19438 555 19432 531 3603 1 0 0 0 0 0 0 0 0 2 1 R 0
1387 29540 21992 930 20879 901 6783 1 0 4 0 0 0 0 0 0 2 1 R 0
1388 29560 18858 583 18889 549 4044 1 0 0 0 0 0 0 0 0 1 1 R 0
1389 29580 19010 662 19042 632 3432 1 0 0 0 0 0 0 0 0 1 1 R 0
1390 29602 22210 732 21185 698 3227 1 0 4 0 0 0 0 0 0 2 1 R 0
1391 29623 20048 800 20102 743 3154 1 0 0 0 0 1 0 0 0 1 1 R 0
1392 29645 21025 568 19718 536 5962 1 0 1 0 0 0 0 0 0 1 1 R 0
1393 29668 22672 560 20813 532 4375 1 0 4 0 0 0 0 0 0 2 1 R 0
1394 29687 17990 647 18025 633 3666 1 0 0 0 0 0 0 0 0 2 1 R 0
1395 29709 21913 864 21976 805 7466 1 0 0 0 0 0 0 0 0 1 1 R 0
1396 29730 19390 640 19384 621 3409 1 0 0 0 0 0 0 0 0 1 1 R 0
1397 29753 22361 638 20631 619 5596 1 0 4 0 0 0 0 0 0 2 1 R 0
1398 29773 19883 540 19906 513 3740 1 0 0 0 0 0 0 0 0 1 1 R 0
1399 29792 18611 638 18645 606 3442 1 0 0 0 0 0 0 0 0 2 1 R 0
1400 29815 21759 819 20738 783 3301 1 0 4 0 0 0 0 0 0 2 1 R 0
1401 29836 20326 557 19299 519 3067 1 0 1 0 0 0 0 0 0 1 1 R 0
1402 29856 19651 565 19693 527 4224 1 0 0 0 0 0 0 0 0 1 1 R 0
1403 29879 22682 703 21091 678 4359 1 0 3 0 0 0 0 0 0 1 1 R 0
1404 29898 18213 662 18264 610 3202 1 0 0 0 0 0 0 0 0 2 1 R 0
1405 29918 18630 638 18681 590 3373 1 0 0 0 0 0 0 0 0 2 1 R 0
1406 29937 18849 651 18890 620 4485 1 0 0 0 0 0 0 0 0 2 1 R 0
1407 29961 23571 648 22074 622 7924 1 0 4 0 0 0 0 0 0 1 1 R 0
1408 29981 18774 917 18803 892 3509 1 0 0 0 0 0 0 0 0 1 1 R 0
1409 30001 19751 706 19800 679 3898 1 0 0 0 0 0 0 0 0 2 1 R 0
1410 30026 24019 573 23145 531 6102 1 0 4 0 0 0 0 0 0 2 1 R 0
1411 30048 21643 558 20160 528 5674 1 0 1 0 0 0 0 0 0 1 1 R 0
1412 30068 19065 818 19143 743 4212 1 0 0 0 0 0 0 0 0 1 1 R 0
1413 30091 21914 1157 20402 1135 4361 1 0 4 0 0 0 0 0 0 2 1 R 0
1414 30109 17244 678 17276 650 3365 1 0 0 0 0 0 0 0 0 1 1 R 0
1415 30131 20952 1406 20240 1372 3168 1 0 1 0 0 0 0 0 0 2 1 R 0
1416 30151 19357 2402 19387 1427 3793 1 0 3 0 1 0 0 0 0 1 1 R 0
1417 30174 20048 683 20098 619 3777 1 0 0 0 0 0 0 0 0 1 1 R 0
1418 30194 19587 549 19609 524 3891 1 0 0 0 0 0 0 0 0 2 1 R 0
1419 30213 18122 613 18156 585 3236 1 0 0 0 0 0 0 0 0 1 1 R 0
1420 30237 24064 569 21588 544 3867 1 0 5 0 0 0 0 0 0 2 1 R 0
1421 30257 19342 558 19375 525 4249 1 0 0 0 0 0 0 0 0 1 1 R 0
1422 30278 19719 764 19749 738 4379 1 0 0 0 0 0 0 0 0 1 1 R 0
1423 30300 21591 563 20157 535 3811 1 0 4 0 0 0 0 0 0 2 1 R 0
1424 30318 17402 809 17469 756 3423 1 0 0 0 0 0 0 0 0 2 1 R 0
1425 30343 23922 538 23933 510 7688 1 0 0 0 0 0 0 0 0 1 1 R 0
1426 30365 21789 560 20747 533 3766 1 0 4 0 0 0 0 0 0 2 1 R 0
1427 30385 19404 550 19426 520 4366 1 0 0 0 0 0 0 0 0 1 1 R 0
1428 30404 18362 624 18402 584 3207 1 0 0 0 0 0 0 0 0 1 1 R 0
1429 30423 18563 649 18597 629 3377 1 0 0 0 0 0 0 0 0 2 1 R 0
1430 30448 23911 572 21991 538 4220 1 0 4 0 0 0 0 0 0 2 1 R 0
1431 30468 19384 562 19409 531 4214 1 0 0 0 0 0 0 0 0 1 1 R 0
1432 30488 19388 559 19417 526 4289 1 0 0 0 0 0 0 0 0 2 1 R 0
1433 30508 20334 656 19229 637 3880 1 0 4 0 0 0 0 0 0 1 1 R 0
1434 30527 18185 712 18226 654 3326 1 0 0 0 0 0 0 0 0 2 1 R 0
1435 30548 19975 782 20035 757 4789 1 0 0 0 0 0 0 0 0 2 1 R 0
1436 30568 19454 574 19450 540 3752 1 0 0 0 0 0 0 0 0 1 1 R 0
1437 30592 23635 548 22675 525 6594 1 0 4 0 0 0 0 0 0 1 1 R 0
1438 30610 16681 796 16769 716 3452 1 0 0 0 0 0 0 0 0 2 1 R 0
1439 30631 20076 1598 20143 1558 4730 1 0 0 0 0 0 0 0 0 2 1 R 0
1440 30659 26452 577 23826 545 8800 1 0 5 0 0 0 0 0 0 2 1 R 0
1441 30679 19644 558 19676 527 3778 1 0 0 0 0 0 0 0 0 1 1 R 0
1442 30699 19888 641 19913 615 3334 1 0 0 0 0 0 0 0 0 1 1 R 0
1443 30722 21929 804 20736 757 3134 1 0 4 0 0 0 0 0 0 2 1 R 0
1444 30741 17979 1463 18028 1436 3199 1 0 0 0 0 0 0 0 0 1 1 R 0
1445 30763 20655 555 20655 532 3972 1 0 0 0 0 0 0 0 0 2 1 R 0
1446 30785 21728 907 21023 850 3743 1 0 4 0 0 0 0 0 0 1 1 R 0
1447 30806 19969 661 19990 638 4366 1 0 0 0 0 0 0 0 0 1 1 R 0
1448 30824 17858 688 17911 639 3685 1 0 0 0 0 0 0 0 0 2 1 R 0
1449 30849 23388 553 22174 529 5283 1 0 2 0 0 0 0 0 0 2 1 R 0
1450 30870 21222 958 20290 935 5955 1 0 4 0 0 0 0 0 0 1 1 R 0
1451 30890 18707 570 18737 538 3763 1 0 0 0 0 0 0 0 0 1 1 R 0
1452 30909 18679 771 18743 725 3958 1 0 0 0 0 0 0 0 0 2 1 R 0
1453 30934 23607 557 22050 531 3139 1 0 5 0 0 0 0 0 0 1 1 R 0
1454 30953 19185 819 19217 813 3127 1 0 0 0 0 0 0 0 0 2 1 R 0
1455 30977 22966 551 22971 516 8049 1 0 0 0 0 0 0 0 0 1 1 R 0
1456 31000 22312 568 21238 540 4276 1 0 4 0 0 0 0 0 0 1 1 R 0
1457 31018 17830 736 17868 703 3315 1 0 0 0 0 0 0 0 0 2 1 R 0
1458 31040 21206 1366 19714 1357 3776 1 0 1 0 0 0 0 0 0 2 1 R 0
1459 31060 18334 3149 18386 2397 3692 1 0 0 0 3 0 0 0 0 2 1 R 0
1460 31084 20871 568 19717 532 3834 1 0 1 0 0 0 0 0 0 1 1 R 0
1461 31106 21160 549 21194 518 3779 1 0 0 0 0 0 0 0 0 1 1 R 0
1462 31123 17090 833 17163 777 3805 1 0 0 0 0 0 0 0 0 2 1 R 0
1463 31147 23094 697 22182 669 7192 1 0 4 0 0 0 0 0 0 2 1 R 0
1464 31168 19818 571 19831 551 3792 1 0 0 0 0 0 0 0 0 1 1 R 0
1465 31188 19598 545 19621 514 4252 1 0 0 0 0 0 0 0 0 2 1 R 0
1466 31212 23165 533 21733 512 4338 1 0 4 0 0 0 0 0 0 1 1 R 0
1467 31230 17592 659 17635 633 3154 1 0 0 0 0 0 0 0 0 2 1 R 0
1468 31251 20856 778 19902 786 3622 1 0 1 0 0 0 0 0 0 1 1 R 0
1469 31275 22931 585 22029 557 3671 1 0 4 0 0 0 0 0 0 1 1 R 0
1470 31298 22725 572 22755 539 8324 1 0 0 0 0 0 0 0 0 2 1 R 0
1471 31318 19410 547 19441 514 3788 1 0 0 0 0 0 0 0 0 1 1 R 0
1472 31337 18216 652 18257 627 3246 1 0 0 0 0 0 0 0 0 2 1 R 0
1473 31360 21893 783 20900 705 6359 1 0 4 0 0 0 0 0 0 2 1 R 0
1474 31380 19438 568 19466 542 3744 1 0 0 0 0 0 0 0 0 1 1 R 0
1475 31401 20092 1029 20117 994 3789 1 0 0 0 0 0 0 0 0 1 1 R 0
1476 31424 21963 564 20767 527 3783 1 0 4 0 0 0 0 0 0 2 1 R 0
1477 31445 20555 820 19431 759 3659 1 0 1 0 0 0 0 0 0 1 1 R 0
1478 31464 18829 660 18860 627 3215 1 0 0 0 0 0 0 0 0 2 1 R 0
1479 31487 22052 556 20979 524 4347 1 0 4 0 0 0 0 0 0 1 1 R 0
1480 31508 19934 548 19960 521 4248 1 0 0 0 0 0 0 0 0 1 1 R 0
1481 31527 19104 545 19125 523 3969 1 0 0 0 0 0 0 0 0 1 1 R 0
1482 31546 18041 643 18081 609 3608 1 0 0 0 0 0 0 0 0 2 1 R 0
1483 31568 21801 916 20846 844 6720 1 0 4 0 0 0 0 0 0 2 1 R 0
1484 31588 18722 832 18771 779 3205 1 0 0 0 0 0 0 0 0 2 1 R 0
1485 31612 22851 626 22955 517 8326 1 0 0 0 0 0 0 0 0 1 1 R 0
1486 31634 21893 558 20812 532 3358 1 0 4 0 0 0 0 0 0 1 1 R 0
1487 31655 19972 716 19017 673 3219 1 0 1 0 0 0 0 0 0 2 1 R 0
1488 31675 19809 711 19837 682 4502 1 0 0 0 0 0 0 0 0 1 1 R 0
1489 31698 22079 551 21316 527 4406 1 0 4 0 0 0 0 0 0 1 1 R 0
1490 31717 18930 556 18951 535 4266 1 0 0 0 0 0 0 0 0 1 1 R 0
1491 31736 18259 658 18310 602 3750 1 0 0 0 0 0 0 0 0 2 1 R 0
1492 31756 19017 691 19061 651 4434 1 0 0 0 0 0 0 0 0 2 1 R 0
1493 31779 22047 575 21016 556 6850 1 0 4 0 0 0 0 0 0 1 1 R 0
1494 31800 20471 561 20490 535 3785 1 0 0 0 0 0 0 0 0 2 1 R 0
1495 31820 19403 555 19432 527 3749 1 0 0 0 0 0 0 0 0 1 1 R 0
1496 31844 23816 656 21404 621 3466 1 0 5 0 0 0 0 0 0 1 1 R 0
1497 31863 18507 656 18527 651 3177 1 0 0 0 0 0 0 0 0 2 1 R 0
1498 31884 20601 569 20214 541 3112 1 0 1 0 0 0 0 0 0 2 1 R 0
1499 31907 22323 547 21579 521 3764 1 0 4 0 0 0 0 0 0 1 1 R 0
