# swapstamp frames 1500 skip 300 peer 521
# f t_ms gap_us swap_us crend_us cswap_us clr_us nclr vcs_r ivcs_r vcs_s ivcs_s minf majf cpu0 cpu1 pticks pcpu pstate ctr
0 0 30955 938 31078 822 10375 1 0 0 0 0 0 0 1 1 0 0 R 0
1 30 29456 1302 29479 1269 6513 1 0 0 0 0 1 0 1 1 2 0 R 0
2 53 21399 566 21428 530 6023 1 0 0 0 0 0 0 1 1 1 0 R 0
3 74 20368 637 20408 599 3835 1 0 0 0 0 0 0 1 1 1 0 R 0
4 103 28376 1093 28501 1064 4751 1 0 0 0 0 0 0 1 1 1 0 R 0
5 126 22189 552 22113 520 5183 1 0 0 0 0 0 0 1 1 1 0 R 0
6 149 22627 872 22672 840 3796 1 0 0 0 0 0 0 1 1 2 0 R 0
7 171 20957 936 21075 809 4281 1 0 0 0 0 0 0 1 1 1 0 R 0
8 206 34470 899 31564 794 4140 1 0 1 0 0 0 0 1 1 1 0 R 0
9 233 25827 616 25852 581 6445 1 0 0 0 0 0 0 1 1 1 0 R 0
10 254 20436 946 20472 910 3857 1 0 0 0 0 0 0 1 1 1 0 R 0
11 277 21729 559 21753 534 3815 1 0 0 0 0 0 0 1 1 2 0 R 0
12 306 28582 917 28603 906 5137 1 0 0 0 0 0 0 1 1 1 0 R 0
13 332 25534 874 25550 846 7248 1 0 0 0 0 0 0 1 1 1 0 R 0
14 353 20093 585 20125 544 4003 1 0 0 0 0 0 0 1 1 1 0 R 0
15 379 25349 577 25388 535 7412 1 0 0 0 0 0 0 1 1 1 0 R 0
16 408 28145 782 28267 670 5599 1 0 0 0 0 0 0 1 1 1 0 R 0
17 438 28999 927 29108 812 7107 1 0 0 0 0 0 0 1 1 1 0 R 0
18 459 20475 584 20502 547 4096 1 0 0 0 0 0 0 1 1 2 0 R 0
19 481 21030 572 21069 534 4251 1 0 0 0 0 0 0 1 1 1 0 R 0
20 506 24357 607 24385 579 4901 1 0 0 0 0 0 0 1 1 2 0 R 0
21 527 20556 565 20587 531 4031 1 0 0 0 0 0 0 1 1 1 0 R 0
22 549 22027 757 22064 719 3813 1 0 0 0 0 0 0 1 1 1 0 R 0
23 571 20410 576 20443 542 4240 1 0 0 0 0 0 0 1 1 1 0 R 0
24 597 26315 560 26341 534 4113 1 0 0 0 0 0 0 1 1 1 0 R 0
25 628 29563 940 29587 918 7505 1 0 0 0 0 0 0 1 1 1 0 R 0
26 656 27646 556 27665 534 4724 1 0 0 0 0 0 0 1 1 2 0 R 0
27 677 20643 1515 21123 1034 4036 1 0 0 0 0 0 0 1 1 1 0 R 0
28 711 31765 948 31798 920 4579 1 0 0 0 0 0 0 1 1 1 0 R 0
29 742 30515 1090 30541 1079 5793 1 0 0 0 0 0 0 1 1 1 0 R 0
30 769 26015 577 26021 541 12222 1 0 0 0 0 0 0 1 1 1 0 R 0
31 793 23027 961 22794 932 4481 1 0 1 0 0 0 0 1 1 2 0 R 0
32 822 28467 957 28411 930 4292 1 0 0 0 0 0 0 1 1 1 0 R 0
33 849 25900 571 25926 536 6074 1 0 0 0 0 0 0 1 1 1 0 R 0
34 870 19876 561 19905 527 4536 1 0 0 0 0 0 0 1 1 1 0 R 0
35 892 21377 641 21419 597 4189 1 0 0 0 0 0 0 1 1 1 0 R 0
36 922 29480 944 29607 824 6023 1 0 0 0 0 0 0 1 1 2 0 R 0
37 949 26230 612 26270 562 6495 1 0 0 0 0 0 0 1 1 1 0 R 0
38 970 20649 593 20685 556 4391 1 0 0 0 0 0 0 1 1 1 0 R 0
39 993 22199 582 22239 537 4197 1 0 0 0 0 0 0 1 1 1 0 R 0
40 1025 31782 983 31808 959 5262 1 0 0 0 0 0 0 1 1 1 0 R 0
41 1052 26212 583 26249 546 6598 1 0 0 0 0 0 0 1 1 1 0 R 0
42 1074 21205 971 21235 937 3632 1 0 0 0 0 0 0 1 1 2 0 R 0
43 1096 21305 561 21334 532 3938 1 0 0 0 0 0 0 1 1 1 0 R 0
44 1126 28714 988 28732 974 5174 1 0 0 0 0 0 0 1 1 2 0 R 0
45 1160 33019 994 33125 883 13103 1 0 0 0 0 0 0 1 1 1 0 R 0
46 1182 21103 602 21132 567 5069 1 0 0 0 0 0 0 1 1 1 0 R 0
47 1204 21405 1673 21443 1748 4353 1 0 0 0 0 0 0 1 1 1 0 R 0
48 1233 27870 935 27792 901 7698 1 0 0 0 0 0 0 1 1 1 0 R 0
49 1263 28570 906 28601 867 8075 1 0 0 0 0 0 0 1 1 1 0 R 0
50 1286 22185 560 22209 535 5153 1 0 0 0 0 0 0 1 1 1 0 R 0
51 1311 24143 928 24179 903 3967 1 0 0 0 0 0 0 1 1 1 0 R 0
52 1335 23832 628 23844 601 5914 1 0 0 0 0 0 0 1 1 1 0 R 0
53 1355 19091 538 19113 517 3873 1 0 0 0 0 0 0 1 1 2 0 R 0
54 1378 22452 614 22486 579 3763 1 0 0 0 0 0 0 1 1 1 0 R 0
55 1401 21922 660 21957 622 3869 1 0 0 0 0 0 0 1 1 1 0 R 0
56 1431 29257 997 29291 966 4459 1 0 0 0 0 0 0 1 1 1 0 R 0
57 1460 28704 600 28753 545 6497 1 0 0 0 0 0 0 1 1 1 0 R 0
58 1482 20567 634 20603 595 4390 1 0 0 0 0 0 0 1 1 1 0 R 0
59 1503 21010 677 21145 542 4271 1 0 0 0 0 0 0 1 1 1 0 R 0
60 1534 30619 1562 31276 923 12147 1 0 0 0 0 0 0 1 1 1 0 R 0
61 1563 26737 934 26852 822 6629 1 0 0 0 0 0 0 1 1 2 0 R 0
62 1587 23005 625 23023 591 5956 1 0 0 0 0 0 0 1 1 1 0 R 0
63 1610 22911 587 22945 549 3869 1 0 0 0 0 0 0 1 1 2 0 R 0
64 1642 31453 1080 31577 966 6320 1 0 0 0 0 0 0 1 1 1 0 R 0
65 1669 25443 756 25474 720 6575 1 0 0 0 0 1 0 1 1 1 0 R 0
66 1690 20611 631 20647 590 4510 1 0 0 0 0 0 0 1 1 1 0 R 0
67 1712 20697 581 20737 540 4278 1 0 0 0 0 0 0 1 1 2 0 R 0
68 1741 29327 952 29366 929 6616 1 0 0 0 0 0 0 1 1 1 0 R 0
69 1769 26307 580 26332 543 6745 1 0 0 0 0 0 0 1 1 1 0 R 0
70 1790 20514 570 20546 539 4368 1 0 0 0 0 0 0 1 1 1 0 R 0
71 1813 22546 585 22582 550 4228 1 0 0 0 0 0 0 1 1 1 0 R 0
72 1844 30939 1662 31050 965 7315 1 0 1 0 0 0 0 1 1 1 0 R 0
73 1872 25556 584 25591 548 7643 1 0 0 0 0 0 0 1 1 2 0 R 0
74 1892 20206 574 20237 536 4067 1 0 0 0 0 0 0 1 1 1 0 R 0
75 1917 24317 574 24356 539 7319 1 0 0 0 0 0 0 1 1 1 0 R 0
76 1948 29981 937 30007 918 7063 1 0 0 0 0 0 0 1 1 1 0 R 0
77 1974 25314 932 25348 892 7241 1 0 0 0 0 0 0 1 1 1 0 R 0
78 1995 20391 553 20415 526 3791 1 0 0 0 0 0 0 1 1 1 0 R 0
79 2017 21394 554 21423 529 3853 1 0 0 0 0 0 0 1 1 1 0 R 0
80 2047 29403 905 29518 799 5634 1 0 0 0 0 0 0 1 1 1 0 R 0
81 2075 26276 993 26685 569 7163 1 0 0 0 0 0 0 1 1 1 0 R 0
82 2096 20835 565 20864 551 4465 1 0 0 0 0 0 0 1 1 1 0 R 0
83 2119 21643 569 21668 530 3907 1 0 0 0 0 0 0 1 1 2 0 R 0
84 2149 29866 840 29904 803 5128 1 0 0 0 0 0 0 1 1 1 0 R 0
85 2177 27466 570 27495 547 7040 1 0 0 0 0 0 0 1 1 1 0 R 0
86 2198 20478 615 20509 578 4014 1 0 0 0 0 0 0 1 1 1 0 R 0
87 2221 21581 750 21647 691 4282 1 0 0 0 0 0 0 1 1 1 0 R 0
88 2249 27739 930 27853 826 5263 1 0 0 0 0 1 0 1 1 2 0 R 0
89 2278 27570 1099 27680 992 7136 1 0 0 0 0 0 0 1 1 1 0 R 0
90 2304 25452 930 25473 894 12095 1 0 0 0 0 0 0 1 1 1 0 R 0
91 2327 21468 557 21492 533 3842 1 0 0 0 0 0 0 1 1 1 0 R 0
92 2358 30453 1118 30478 1105 6645 1 0 0 0 0 0 0 1 1 1 0 R 0
93 2388 29368 1870 29460 1878 7415 1 0 0 0 0 1 0 1 1 1 0 R 0
94 2412 21743 577 21663 545 4886 1 0 0 0 0 0 0 1 1 1 0 R 0
95 2437 24360 676 24382 656 4242 1 0 0 0 0 0 0 1 1 2 0 R 0
96 2461 24236 633 24269 600 4851 1 0 0 0 0 0 0 1 1 1 0 R 0
97 2482 19600 602 19633 560 4364 1 0 0 0 0 0 0 1 1 1 0 R 0
98 2505 22815 547 22843 526 4185 1 0 0 0 0 0 0 1 1 1 0 R 0
99 2528 22062 559 22086 534 3827 1 0 0 0 0 0 0 1 1 1 0 R 0
100 2560 31232 963 31268 931 6143 1 0 0 0 0 0 0 1 1 3 0 R 0
101 2588 27908 939 27931 911 6608 1 0 0 0 0 0 0 1 1 1 0 R 0
102 2613 23771 588 23806 549 5844 1 0 0 0 0 0 0 1 1 1 0 R 0
103 2634 20595 931 20637 889 3926 1 0 0 0 0 0 0 1 1 1 0 R 0
104 2663 27473 940 27509 912 6204 1 0 0 0 0 0 0 1 1 1 0 R 0
105 2697 33549 1052 33568 1032 12941 1 0 0 0 0 0 0 1 1 1 0 R 0
106 2719 20741 610 20774 568 4878 1 0 0 0 0 0 0 1 1 1 0 R 0
107 2741 21016 574 21058 534 4221 1 0 0 0 0 0 0 1 1 2 0 R 0
108 2769 28218 578 28261 538 5765 1 0 0 0 0 0 0 1 1 1 0 R 0
109 2790 19922 700 19954 667 4228 1 0 0 0 0 0 0 1 1 1 0 R 0
110 2812 20908 578 20941 544 4548 1 0 0 0 0 0 0 1 1 1 0 R 0
111 2833 20564 589 20608 542 4379 1 0 0 0 0 0 0 1 1 1 0 R 0
112 2856 22348 555 21980 528 4030 1 0 1 0 0 0 0 1 1 2 0 R 0
113 2877 21332 935 21357 934 4267 1 0 0 0 0 0 0 1 1 1 0 R 0
114 2904 25986 1056 26079 939 5225 1 0 0 0 0 0 0 1 1 1 0 R 0
115 2926 20474 547 20499 524 4371 1 0 0 0 0 0 0 1 1 1 0 R 0
116 2952 25717 1022 25845 906 3857 1 0 0 0 0 0 0 1 1 1 0 R 0
117 2982 28552 909 28577 883 5657 1 0 0 0 0 0 0 1 1 2 0 R 0
118 3010 27297 757 27322 720 4217 1 0 0 0 0 0 0 1 1 1 0 R 0
119 3031 20259 624 20312 573 4413 1 0 0 0 0 0 0 1 1 1 0 R 0
120 3056 24623 580 24644 556 10837 1 0 0 0 0 0 0 1 1 1 0 R 0
121 3077 19729 557 19756 534 3877 1 0 0 0 0 0 0 1 1 1 0 R 0
122 3102 24496 581 24531 547 5181 1 0 0 0 0 0 0 1 1 1 0 R 0
123 3122 19703 575 19734 538 4620 1 0 0 0 0 0 0 1 1 1 0 R 0
124 3144 21715 969 21758 931 4320 1 0 0 0 0 0 0 1 1 2 0 R 0
125 3174 29171 1472 29300 1344 5056 1 0 0 0 0 0 0 1 1 1 0 R 0
126 3201 25708 581 25742 545 5585 1 0 0 0 0 0 0 1 1 1 0 R 0
127 3223 20679 586 20710 553 4371 1 0 0 0 0 0 0 1 1 1 0 R 0
128 3246 22283 547 22308 521 3674 1 0 0 0 0 0 0 1 1 1 0 R 0
129 3273 26885 944 26925 914 5068 1 0 0 0 0 0 0 1 1 2 0 R 0
130 3303 28698 943 28725 923 6487 1 0 0 0 0 0 0 1 1 1 0 R 0
131 3327 23235 613 23249 583 8361 1 0 0 0 0 0 0 1 1 1 0 R 0
132 3349 21236 620 21272 582 3803 1 0 0 0 0 0 0 1 1 2 0 R 0
133 3372 23018 856 23054 821 5277 1 0 0 0 0 0 0 1 1 1 0 R 0
134 3399 25997 567 26032 529 5098 1 0 0 0 0 0 0 1 1 1 0 R 0
135 3424 24414 1251 24506 1179 10740 1 0 0 0 0 0 0 1 1 1 0 R 0
136 3447 21698 579 21714 545 4269 1 0 0 0 0 0 0 1 1 1 0 R 0
137 3473 25454 929 25491 899 3902 1 0 0 0 0 0 0 1 1 1 0 R 0
138 3503 28401 936 28520 816 6509 1 0 0 0 0 0 0 1 1 2 0 R 0
139 3529 25272 822 25316 777 6109 1 0 0 0 0 0 0 1 1 1 0 R 0
140 3552 22082 577 22116 539 4168 1 0 0 0 0 0 0 1 1 1 0 R 0
141 3583 30386 953 30516 826 5774 1 0 0 0 0 0 0 1 1 2 0 R 0
142 3612 28304 578 28339 543 5927 1 0 0 0 0 0 0 1 1 1 0 R 0
143 3632 19954 780 20021 722 4703 1 0 0 0 0 0 0 1 1 0 0 R 0
144 3658 25191 774 25237 727 3844 1 0 0 0 0 0 0 1 1 2 0 R 0
145 3698 39068 1079 39103 1147 7899 1 0 0 0 0 0 0 1 1 4 0 R 0
146 3727 27352 741 27298 689 4988 1 0 0 0 0 0 0 1 1 3 0 R 0
147 3746 19068 550 19081 530 3815 1 0 0 0 0 0 0 1 1 2 0 R 0
148 3773 25602 706 25633 764 4662 1 0 0 0 0 0 0 1 1 1 0 R 0
149 3803 29370 942 29315 909 5471 1 0 0 0 0 0 0 1 1 1 0 R 0
150 3830 26388 596 25577 559 11880 1 0 1 0 0 0 0 1 1 1 0 R 0
151 3850 19226 584 19263 543 4256 1 0 0 0 0 0 0 1 1 1 0 R 0
152 3878 27632 1039 27697 988 5743 1 0 0 0 0 0 0 1 1 1 0 R 0
153 3909 29744 578 29767 543 7263 1 0 0 0 0 0 0 1 1 1 0 R 0
154 3931 21963 907 22014 856 6084 1 0 0 0 0 0 0 1 1 2 0 R 0
155 3952 19903 560 19936 524 4249 1 0 0 0 0 0 0 1 1 1 0 R 0
156 3980 27138 949 27175 921 5551 1 0 0 0 0 0 0 1 1 1 0 R 0
157 4011 30099 683 30130 646 6992 1 0 0 0 0 0 0 1 1 1 0 R 0
158 4038 26109 576 26145 535 6187 1 0 0 0 0 0 0 1 1 1 0 R 0
159 4058 19394 559 19430 528 3940 1 0 0 0 0 0 0 1 1 1 0 R 0
160 4087 28362 822 28477 715 4960 1 0 0 0 0 0 0 1 1 2 0 R 0
161 4115 27690 566 27704 547 7117 1 0 0 0 0 0 0 1 1 1 0 R 0
162 4138 22410 582 22442 547 5267 1 0 0 0 0 0 0 1 1 1 0 R 0
163 4159 19978 582 20015 542 3844 1 0 0 0 0 0 0 1 1 1 0 R 0
164 4184 24553 1702 24683 1961 5970 1 0 0 0 0 0 0 1 1 2 0 R 0
165 4217 31591 750 31248 708 12602 1 0 0 0 0 0 0 1 1 1 0 R 0
166 4240 21783 630 21817 591 5410 1 0 0 0 0 0 0 1 1 1 0 R 0
167 4259 19147 563 19186 525 4333 1 0 0 0 0 0 0 1 1 1 0 R 0
168 4288 28162 1120 28278 1012 5951 1 0 0 0 0 0 0 1 1 1 0 R 0
169 4319 30128 590 30160 553 7837 1 0 0 0 0 0 0 1 1 2 0 R 0
170 4342 22098 578 22130 547 5984 1 0 0 0 0 0 0 1 1 1 0 R 0
171 4362 19557 614 19605 559 4001 1 0 0 0 0 0 0 1 1 1 0 R 0
172 4390 27178 1521 27320 1502 5620 1 0 0 0 0 0 0 1 1 1 0 R 0
173 4421 29859 580 29772 548 7248 1 0 0 0 0 0 0 1 1 1 0 R 0
174 4444 21650 568 21685 530 6044 1 0 0 0 0 0 0 1 1 2 0 R 0
175 4463 18958 619 18997 581 3841 1 0 0 0 0 0 0 1 1 0 0 R 0
176 4491 27048 946 27175 823 4694 1 0 0 0 0 0 0 1 1 2 0 R 0
177 4522 30203 949 30239 913 6744 1 0 0 0 0 0 0 1 1 2 0 R 0
178 4548 25524 625 25558 589 5350 1 0 0 0 0 0 0 1 1 1 0 R 0
179 4569 20389 569 20426 529 4194 1 0 0 0 0 0 0 1 1 1 0 R 0
180 4602 31794 943 31834 910 11713 1 0 0 0 0 0 0 1 1 1 0 R 0
181 4632 29254 1072 29390 938 6814 1 0 0 0 0 1 0 1 1 1 0 R 0
182 4654 21105 997 21135 961 4027 1 0 0 0 0 0 0 1 1 1 0 R 0
183 4675 20141 919 20272 795 3867 1 0 0 0 0 0 0 1 1 1 0 R 0
184 4706 29866 1043 29931 976 3822 1 0 0 0 0 0 0 1 1 2 0 R 0
185 4730 22909 660 22940 621 6389 1 0 0 0 0 0 0 1 1 1 0 R 0
186 4753 22502 583 22541 548 5198 1 0 0 0 0 0 0 1 1 1 0 R 0
187 4776 22239 1766 22302 1819 3811 1 0 0 0 0 0 0 1 1 2 0 S 0
188 4813 35139 953 35060 921 5303 1 0 0 0 0 0 0 1 1 1 0 R 0
189 4846 32155 1501 32174 1093 5993 1 0 1 0 0 0 0 1 1 1 0 R 0
190 4869 21125 565 21073 528 4917 1 0 0 0 0 0 0 1 1 1 0 R 0
191 4891 21817 930 21853 901 4216 1 0 0 0 0 0 0 1 1 1 0 R 0
192 4922 30096 953 30226 920 6041 1 0 0 0 0 0 0 1 1 2 0 R 0
193 4953 29463 751 29396 808 6758 1 0 0 0 0 1 0 1 1 1 0 R 0
194 4973 19774 585 19733 530 4007 1 0 0 0 0 0 0 1 1 1 0 R 0
195 5003 29519 1183 29642 1073 9468 1 0 0 0 0 0 0 1 1 2 0 R 0
196 5028 23337 1197 23359 1180 5353 1 0 0 0 0 1 0 1 1 1 0 R 0
197 5050 21251 1309 21346 1198 4240 1 0 0 0 0 0 0 1 1 1 0 R 0
198 5072 20949 570 20981 531 5066 1 0 0 0 0 0 0 1 1 1 0 R 0
199 5094 21051 1321 21093 1398 3861 1 0 0 0 0 0 0 1 1 1 0 R 0
200 5126 31051 906 31048 796 7585 1 0 0 0 0 0 0 1 1 1 0 R 0
201 5151 23348 773 23527 595 7185 1 0 0 0 0 0 0 1 1 1 0 R 0
202 5172 20246 573 20283 530 4486 1 0 0 0 0 0 0 1 1 2 0 R 0
203 5193 21059 850 21120 812 4274 1 0 0 0 0 0 0 1 1 1 0 R 0
204 5236 41754 1163 41793 1108 5972 1 0 0 0 0 0 0 1 1 4 0 R 0
205 5262 25208 909 25289 838 4437 1 0 0 0 0 0 0 1 1 2 0 R 0
206 5284 21268 1242 21309 1201 3772 1 0 0 0 0 0 0 1 1 3 0 R 0
207 5319 32830 1063 32876 1010 5620 1 0 0 0 0 0 0 1 1 3 0 R 0
208 5349 28944 835 28974 896 5660 1 0 0 0 0 0 0 1 1 1 0 R 0
209 5373 23525 629 23464 591 7410 1 0 0 0 0 0 0 1 1 2 0 R 0
210 5399 25533 583 25570 543 8418 1 0 0 0 0 0 0 1 1 1 0 R 0
211 5429 29411 927 29448 896 7432 1 0 0 0 0 0 0 1 1 1 0 R 0
212 5457 26575 556 26596 528 7190 1 0 0 0 0 0 0 1 1 1 0 R 0
213 5478 21118 567 21155 529 4226 1 0 0 0 0 0 0 1 1 2 0 R 0
214 5500 20841 698 20882 666 3798 1 0 0 0 0 0 0 1 1 1 0 R 0
215 5529 28919 928 28949 897 5072 1 0 0 0 0 0 0 1 1 1 0 R 0
216 5558 27426 568 27456 534 6103 1 0 0 0 0 0 0 1 1 1 0 R 0
217 5578 20260 630 20294 592 4430 1 0 0 0 0 0 0 1 1 2 0 R 0
218 5601 22341 581 22380 539 4342 1 0 0 0 0 0 0 1 1 1 0 R 0
219 5632 30367 1155 30408 1129 5538 1 0 0 0 0 0 0 1 1 1 0 R 0
220 5660 26752 595 26779 561 6497 1 0 0 0 0 0 0 1 1 1 0 R 0
221 5681 19969 580 19998 544 4488 1 0 0 0 0 0 0 1 1 1 0 R 0
222 5702 20596 696 20637 657 4214 1 0 0 0 0 0 0 1 1 1 0 R 0
223 5726 22806 1059 23230 788 5406 1 0 0 0 0 0 0 1 1 2 0 R 0
224 5747 20475 617 20354 593 3781 1 0 0 0 0 0 0 1 1 1 0 R 0
225 5773 24908 807 24964 746 8173 1 0 0 0 0 0 0 1 1 1 0 R 0
226 5794 20614 918 20652 879 3849 1 0 0 0 0 0 0 1 1 1 0 R 0
227 5823 28329 963 27700 932 4719 1 0 1 0 0 0 0 1 1 2 0 R 0
228 5855 30888 561 30909 531 7606 1 0 0 0 0 0 0 1 1 1 0 R 0
229 5877 21474 571 21509 538 5719 1 0 0 0 0 0 0 1 1 1 0 R 0
230 5898 20261 562 20295 530 3837 1 0 0 0 0 0 0 1 1 1 0 R 0
231 5924 25236 1640 25271 1628 5749 1 0 0 0 0 0 0 1 1 1 0 R 0
232 5954 28895 1716 28906 1688 4380 1 0 0 0 0 0 0 1 1 2 0 R 0
233 5978 22160 580 22189 542 5101 1 0 0 0 0 0 0 1 1 1 0 R 0
234 5998 19559 611 19607 565 3791 1 0 0 0 0 0 0 1 1 1 0 R 0
235 6023 24025 755 24060 733 3868 1 0 0 0 0 0 0 1 1 1 0 R 0
236 6054 30526 1518 30546 1492 5790 1 0 0 0 0 0 0 1 1 1 0 R 0
237 6082 26158 927 26265 818 4358 1 0 0 0 0 0 0 1 1 1 0 R 0
238 6104 20689 591 20718 557 4055 1 0 0 0 0 0 0 1 1 2 0 R 0
239 6133 28984 931 28716 819 5578 1 0 1 0 0 0 0 1 1 1 0 R 0
240 6164 30454 1818 30490 1907 13232 1 0 0 0 0 0 0 1 1 1 0 R 0
241 6188 21611 578 21519 538 4061 1 0 0 0 0 0 0 1 1 1 0 R 0
242 6208 20005 570 20042 535 4214 1 0 0 0 0 0 0 1 1 1 0 R 0
243 6237 28075 906 28192 796 4765 1 0 0 0 0 0 0 1 1 1 0 R 0
244 6266 28217 556 28238 527 7106 1 0 0 0 0 0 0 1 1 2 0 R 0
245 6288 21643 603 21680 561 5038 1 0 0 0 0 0 0 1 1 1 0 R 0
246 6309 19794 572 19839 532 4163 1 0 0 0 0 0 0 1 1 1 0 R 0
247 6336 26872 918 26900 903 6049 1 0 0 0 0 0 0 1 1 1 0 R 0
248 6367 29709 551 29724 524 7267 1 0 0 0 0 0 0 1 1 1 0 R 0
249 6390 22074 627 22111 588 6312 1 0 0 0 0 0 0 1 1 2 0 R 0
250 6410 19461 556 19493 523 4164 1 0 0 0 0 0 0 1 1 1 0 R 0
251 6437 26452 1104 26482 1105 5715 1 0 0 0 0 0 0 1 1 1 0 R 0
252 6470 31745 586 31752 550 7285 1 0 0 0 0 0 0 1 1 1 0 R 0
253 6496 25584 587 25610 560 6764 1 0 0 0 0 0 0 1 1 1 0 R 0
254 6516 19807 605 19837 573 3791 1 0 0 0 0 0 0 1 1 1 0 R 0
255 6548 31602 994 31633 982 10555 1 0 0 0 0 0 0 1 1 2 0 R 0
256 6577 27780 909 27881 793 7249 1 0 0 0 0 0 0 1 1 1 0 R 0
257 6599 20895 650 20943 598 3879 1 0 0 0 0 0 0 1 1 1 0 R 0
258 6619 19684 1725 19737 1776 4236 1 0 0 0 0 0 0 1 1 1 0 R 0
259 6658 37238 1469 37286 1328 4356 1 0 0 0 0 0 0 1 1 4 0 R 0
260 6697 37081 748 37118 713 7846 1 0 0 0 0 0 0 1 1 4 0 R 0
261 6716 18891 550 18905 527 4180 1 0 0 0 0 0 0 1 1 1 0 R 0
262 6742 25068 921 25190 807 4488 1 0 0 0 0 0 0 1 1 1 0 R 0
263 6775 32447 811 32039 693 6645 1 0 1 0 0 0 0 1 1 1 0 R 0
264 6798 21761 574 21797 541 5428 1 0 0 0 0 0 0 1 1 1 0 R 0
265 6818 19643 571 19675 536 3905 1 0 0 0 0 0 0 1 1 2 0 R 0
266 6844 25654 1795 25779 1690 4037 1 0 0 0 0 0 0 1 1 1 0 R 0
267 6876 29370 914 29377 897 6693 1 0 0 0 0 0 0 1 1 1 0 R 0
268 6898 21855 569 21886 529 3954 1 0 0 0 0 0 0 1 1 1 0 R 0
269 6918 19597 578 19636 540 4412 1 0 0 0 0 0 0 1 1 1 0 R 0
270 6950 30582 836 30617 819 10065 1 0 0 0 0 0 0 1 1 1 0 R 0
271 6980 29356 1028 29372 999 7145 1 0 0 0 0 0 0 1 1 1 0 R 0
272 7003 22113 595 22147 552 5836 1 0 0 0 0 0 0 1 1 2 0 R 0
273 7023 19603 602 19641 568 3677 1 0 0 0 0 0 0 1 1 1 0 R 0
274 7052 27762 1361 27922 1213 5380 1 0 0 0 0 1 0 1 1 1 0 R 0
275 7083 29807 656 29829 622 6644 1 0 0 0 0 0 0 1 1 1 0 R 0
276 7106 22642 553 22664 528 5887 1 0 0 0 0 0 0 1 1 1 0 R 0
277 7125 18949 582 18976 560 3882 1 0 0 0 0 0 0 1 1 1 0 R 0
278 7152 25923 938 26046 828 3828 1 0 0 0 0 0 0 1 1 2 0 R 0
279 7183 30377 972 30486 962 6516 1 0 0 0 0 0 0 1 1 1 0 R 0
280 7209 24619 595 24543 556 5043 1 0 0 0 0 0 0 1 1 1 0 R 0
281 7230 20367 582 20400 548 4219 1 0 0 0 0 0 0 1 1 1 0 R 0
282 7258 27583 916 27697 808 6069 1 0 0 0 0 0 0 1 1 1 0 R 0
283 7289 29796 626 29823 594 7461 1 0 0 0 0 0 0 1 1 1 0 R 0
284 7311 21629 561 21659 528 5790 1 0 0 0 0 0 0 1 1 1 0 R 0
285 7333 21927 566 21968 527 7945 1 0 0 0 0 0 0 1 1 2 0 R 0
286 7363 28845 945 28970 921 5599 1 0 0 0 0 0 0 1 1 2 0 R 0
287 7393 29018 586 28958 547 6372 1 0 0 0 0 0 0 1 1 1 0 R 0
288 7416 22297 547 22315 524 4341 1 0 0 0 0 0 0 1 1 1 0 R 0
289 7437 20410 707 20435 685 3842 1 0 0 0 0 0 0 1 1 1 0 R 0
290 7466 28894 909 29002 814 5110 1 0 0 0 0 0 0 1 1 1 0 R 0
291 7494 26425 576 26447 542 7166 1 0 0 0 0 0 0 1 1 2 0 R 0
292 7520 25919 774 25954 743 5976 1 0 0 0 0 0 0 1 1 1 0 R 0
293 7540 19054 620 19080 589 4270 1 0 0 0 0 0 0 1 1 1 0 R 0
294 7570 29456 1471 29578 1480 3966 1 0 0 0 0 0 0 1 1 1 0 R 0
295 7598 26783 990 26689 960 6470 1 0 0 0 0 0 0 1 1 1 0 R 0
296 7621 21718 593 21749 553 4517 1 0 0 0 0 0 0 1 1 1 0 R 0
297 7643 21009 586 21045 551 4352 1 0 0 0 0 0 0 1 1 2 0 R 0
298 7673 29633 2811 29667 2803 4489 1 0 0 0 0 1 0 1 1 1 0 R 0
299 7702 26417 935 26522 815 7735 1 0 0 0 0 0 0 1 1 1 0 R 0
300 7728 25266 573 25290 541 7443 1 0 0 0 0 0 0 1 1 1 0 R 0
301 7750 21634 933 21670 894 3868 1 0 0 0 0 0 0 1 1 1 0 R 0
302 7781 29723 1171 29899 1101 5129 1 0 0 0 0 0 0 1 1 2 0 R 0
303 7812 29831 752 29072 721 6672 1 0 1 0 0 0 0 1 1 1 0 R 0
304 7833 20024 574 20055 538 4204 1 0 0 0 0 0 0 1 1 1 0 R 0
305 7856 22536 555 22565 528 3824 1 0 0 0 0 0 0 1 1 1 0 R 0
306 7887 30106 559 30131 536 7147 1 0 0 0 0 0 0 1 1 2 0 R 0
307 7913 25348 584 25383 548 4665 1 0 0 0 0 0 0 1 1 0 0 R 0
308 7934 20995 974 21029 946 3912 1 0 0 0 0 0 0 1 1 1 0 R 0
309 7956 20969 558 20987 534 3838 1 0 0 0 0 0 0 1 1 1 0 R 0
310 7986 29147 1014 29175 990 4853 1 0 0 0 0 0 0 1 1 2 0 R 0
311 8014 27020 1638 27051 1613 7687 1 0 0 0 0 0 0 1 1 1 0 R 0
312 8038 22428 621 22446 590 7115 1 0 0 0 0 0 0 1 1 2 0 R 0
313 8060 21722 609 21760 571 3997 1 0 0 0 0 0 0 1 1 1 0 R 0
314 8091 30249 1004 30285 976 6537 1 0 0 0 0 0 0 1 1 1 0 R 0
315 8120 27441 577 27467 547 13566 1 0 0 0 0 0 0 1 1 1 0 R 0
316 8141 20437 568 20468 533 4536 1 0 0 0 0 0 0 1 1 1 0 R 0
317 8162 21080 586 21120 544 4304 1 0 0 0 0 0 0 1 1 2 0 R 0
318 8192 29358 931 29399 904 6254 1 0 0 0 0 0 0 1 1 1 0 R 0
319 8220 27093 859 27118 826 5231 1 0 0 0 0 0 0 1 1 0 0 R 0
320 8244 23186 950 23216 918 6048 1 0 0 0 0 0 0 1 1 2 0 R 0
321 8266 20630 577 20670 542 3845 1 0 0 0 0 1 0 1 1 1 0 R 0
322 8287 20538 570 20561 536 4136 1 0 0 0 0 0 0 1 1 2 0 R 0
323 8308 20036 573 20075 539 4289 1 0 0 0 0 0 0 1 1 1 0 R 0
324 8328 20351 568 20384 531 3834 1 0 0 0 0 0 0 1 1 1 0 R 0
325 8350 20576 563 20613 528 4231 1 0 0 0 0 0 0 1 1 1 0 R 0
326 8371 20437 594 20473 554 4255 1 0 0 0 0 0 0 1 1 1 0 R 0
327 8391 20247 620 20287 584 4342 1 0 0 0 0 0 0 1 1 1 0 R 0
328 8413 21155 578 21193 539 4297 1 0 0 0 0 0 0 1 1 2 0 R 0
329 8434 19914 572 19951 537 4058 1 0 0 0 0 0 0 1 1 1 0 R 0
330 8458 23843 626 23878 590 7891 1 0 0 0 0 0 0 1 1 1 0 R 0
331 8480 21525 597 21560 562 5100 1 0 0 0 0 0 0 1 1 1 0 R 0
332 8503 21853 925 21978 800 4950 1 0 0 0 0 0 0 1 1 1 0 R 0
333 8529 25131 581 25171 539 5028 1 0 0 0 0 0 0 1 1 2 0 R 0
334 8550 20906 592 20941 556 4574 1 0 0 0 0 0 0 1 1 1 0 R 0
335 8571 20455 637 20498 595 4151 1 0 0 0 0 0 0 1 1 1 0 R 0
336 8602 30492 1079 30527 1050 6070 1 0 0 0 0 0 0 1 1 1 0 R 0
337 8630 25934 582 25963 544 6658 1 0 0 0 0 0 0 1 1 1 0 R 0
338 8651 20494 952 20535 911 4354 1 0 0 0 0 0 0 1 1 2 0 R 0
339 8673 21453 591 21494 548 4227 1 0 0 0 0 0 0 1 1 1 0 R 0
340 8702 28849 1011 28922 953 4736 1 0 0 0 0 0 0 1 1 1 0 R 0
341 8730 27062 599 27088 560 6683 1 0 0 0 0 0 0 1 1 1 0 R 0
342 8752 20536 576 20573 537 4391 1 0 0 0 0 0 0 1 1 1 0 R 0
343 8773 20743 926 20784 892 4082 1 0 0 0 0 0 0 1 1 1 0 R 0
344 8803 29323 1016 28686 997 4946 1 0 1 0 0 0 0 1 1 1 0 R 0
345 8836 31452 548 31460 521 13209 1 0 0 0 0 0 0 1 1 2 0 R 0
346 8857 20609 571 20641 541 4136 1 0 0 0 0 0 0 1 1 1 0 R 0
347 8878 20978 571 21013 532 3902 1 0 0 0 0 0 0 1 1 1 0 R 0
348 8909 30375 954 30501 842 5523 1 0 0 0 0 0 0 1 1 1 0 R 0
349 8936 25843 556 25859 527 6931 1 0 0 0 0 0 0 1 1 1 0 R 0
350 8957 20156 959 20248 871 4030 1 0 0 0 0 0 0 1 1 2 0 R 0
351 8979 20968 572 20996 537 3959 1 0 0 0 0 0 0 1 1 1 0 R 0
352 9008 28883 959 28911 945 4641 1 0 0 0 0 0 0 1 1 1 0 R 0
353 9036 27111 1105 27217 1104 6752 1 0 0 0 0 0 0 1 1 1 0 R 0
354 9061 23379 846 23329 783 7507 1 0 0 0 0 0 0 1 1 1 0 R 0
355 9083 21626 594 21662 551 4403 1 0 0 0 0 0 0 1 1 2 0 R 0
356 9112 28606 991 28643 965 5619 1 0 0 0 0 0 0 1 1 1 0 R 0
357 9141 27366 945 27396 917 5952 1 0 0 0 0 0 0 1 1 1 0 R 0
358 9165 23581 580 23600 555 6346 1 0 0 0 0 0 0 1 1 1 0 R 0
359 9187 21200 578 21233 544 3866 1 0 0 0 0 0 0 1 1 1 0 R 0
360 9216 28402 558 28427 534 13052 1 0 0 0 0 0 0 1 1 1 0 R 0
361 9236 19469 535 19492 512 3851 1 0 0 0 0 0 0 1 1 1 0 R 0
362 9260 23406 726 23478 656 3864 1 0 0 0 0 0 0 1 1 2 0 R 0
363 9280 19133 585 19161 551 4310 1 0 0 0 0 0 0 1 1 1 0 R 0
364 9308 27866 754 27894 731 5089 1 0 0 0 0 0 0 1 1 1 0 R 0
365 9338 28700 569 28734 530 6443 1 0 0 0 0 0 0 1 1 1 0 R 0
366 9361 22406 573 22442 539 7084 1 0 0 0 0 0 0 1 1 1 0 R 0
367 9381 19946 747 20021 689 4400 1 0 0 0 0 1 0 1 1 1 0 R 0
368 9408 26154 948 26165 935 5250 1 0 0 0 0 0 0 1 1 2 0 R 0
369 9440 30884 618 30906 576 7573 1 0 0 0 0 0 0 1 1 1 0 R 0
370 9464 22876 590 22915 552 5566 1 0 0 0 0 0 0 1 1 1 0 R 0
371 9484 19511 611 19550 577 3843 1 0 0 0 0 0 0 1 1 1 0 R 0
372 9512 27577 935 27694 817 5642 1 0 0 0 0 0 0 1 1 1 0 R 0
373 9542 29117 580 29152 541 6967 1 0 0 0 0 0 0 1 1 2 0 R 0
374 9564 21811 947 21851 907 5998 1 0 0 0 0 0 0 1 1 1 0 R 0
375 9587 21824 602 21855 572 7878 1 0 0 0 0 0 0 1 1 1 0 R 0
376 9615 27430 1389 27574 1255 4334 1 0 0 0 0 0 0 1 1 1 0 R 0
377 9644 27558 1059 27584 1034 7574 1 0 0 0 0 0 0 1 1 1 0 R 0
378 9667 21621 604 21652 561 4174 1 0 0 0 0 0 0 1 1 1 0 R 0
379 9687 19523 551 19555 518 3793 1 0 0 0 0 0 0 1 1 2 0 R 0
380 9714 26261 1473 26300 1444 5168 1 0 0 0 0 0 0 1 1 1 0 R 0
381 9746 30503 556 30522 531 7879 1 0 0 0 0 0 0 1 1 1 0 R 0
382 9767 20831 561 20862 526 3841 1 0 0 0 0 0 0 1 1 1 0 R 0
383 9787 19153 546 19184 520 3806 1 0 0 0 0 0 0 1 1 1 0 R 0
384 9816 28792 1067 28547 821 4259 1 0 1 0 0 0 0 1 1 1 0 R 0
385 9847 29903 944 30013 833 6830 1 0 0 0 0 0 0 1 1 2 0 R 0
386 9873 25197 828 25317 706 5802 1 0 0 0 0 0 0 1 1 1 0 R 0
387 9894 19944 883 19980 845 4047 1 0 0 0 0 0 0 1 1 1 0 R 0
388 9922 27504 769 27646 629 4725 1 0 0 0 0 0 0 1 1 1 0 R 0
389 9951 28238 573 28271 542 6104 1 0 0 0 0 0 0 1 1 1 0 R 0
390 9977 25344 588 25379 548 11891 1 0 0 0 0 0 0 1 1 1 0 R 0
391 9997 19372 540 19398 517 3855 1 0 0 0 0 0 0 1 1 2 0 R 0
392 10027 28706 812 28728 900 4853 1 0 0 0 0 0 0 1 1 1 0 R 0
393 10055 27891 696 27803 676 7182 1 0 0 0 0 0 0 1 1 1 0 R 0
394 10078 22185 612 22212 582 4852 1 0 0 0 0 0 0 1 1 1 0 R 0
395 10099 20072 606 20107 567 3907 1 0 0 0 0 0 0 1 1 1 0 R 0
396 10127 27587 809 27616 786 5956 1 0 0 0 0 0 0 1 1 2 0 R 0
397 10157 29440 561 29466 534 7237 1 0 0 0 0 0 0 1 1 1 0 R 0
398 10183 24956 578 24994 538 6774 1 0 0 0 0 0 0 1 1 1 0 R 0
399 10203 19935 2328 19973 2319 3858 1 0 0 0 0 0 0 1 1 1 0 R 0
400 10233 27360 2739 27455 2637 3963 1 0 0 0 0 1 0 1 1 1 0 R 0
401 10263 27130 937 27235 813 8157 1 0 0 0 0 0 0 1 1 1 0 R 0
402 10285 21582 554 21605 527 3784 1 0 0 0 0 0 0 1 1 2 0 R 0
403 10306 19744 1516 19769 1538 3926 1 0 0 0 0 0 0 1 1 1 0 R 0
404 10333 25604 914 25601 879 4008 1 0 0 0 0 0 0 1 1 1 0 R 0
405 10363 29407 979 29439 948 13535 1 0 0 0 0 0 0 1 1 1 0 R 0
406 10390 25662 578 25694 536 6077 1 0 0 0 0 0 0 1 1 1 0 R 0
407 10412 21759 592 21797 553 4290 1 0 0 0 0 0 0 1 1 2 0 R 0
408 10441 28545 951 28583 927 4295 1 0 0 0 0 0 0 1 1 1 0 R 0
409 10470 27604 978 27627 955 6867 1 0 0 0 0 0 0 1 1 1 0 R 0
410 10491 20448 564 20467 531 4430 1 0 0 0 0 0 0 1 1 1 0 R 0
411 10513 20898 1014 20941 986 4247 1 0 0 0 0 0 0 1 1 1 0 R 0
412 10542 28403 951 28427 919 4558 1 0 0 0 0 0 0 1 1 2 0 R 0
413 10571 28454 830 28487 795 6225 1 0 0 0 0 0 0 1 1 1 0 R 0
414 10597 24797 734 24848 699 5959 1 0 0 0 0 0 0 1 1 1 0 R 0
415 10619 20958 619 20977 576 4380 1 0 0 0 0 0 0 1 1 1 0 R 0
416 10648 28365 938 28488 827 5226 1 0 0 0 0 0 0 1 1 2 0 R 0
417 10675 25804 1402 26566 636 6147 1 0 0 0 0 0 0 1 1 1 0 R 0
418 10696 20455 587 20479 560 3995 1 0 0 0 0 0 0 1 1 1 0 R 0
419 10718 20846 1007 20878 990 3861 1 0 0 0 0 0 0 1 1 1 0 R 0
420 10750 31486 939 31508 910 10528 1 0 0 0 0 0 0 1 1 1 0 R 0
421 10781 29638 1271 29342 812 7109 1 0 1 0 0 0 0 1 1 1 0 R 0
422 10805 23085 549 23103 526 5170 1 0 0 0 0 0 0 1 1 2 0 R 0
423 10827 21073 623 21104 591 4246 1 0 0 0 0 0 0 1 1 1 0 R 0
424 10858 30286 822 30312 906 6687 1 0 0 0 0 0 0 1 1 2 0 R 0
425 10888 29575 811 29495 870 6985 1 0 0 0 0 0 0 1 1 0 0 R 0
426 10910 20976 581 20920 542 4769 1 0 0 0 0 0 0 1 1 1 0 R 0
427 10932 21034 591 21077 557 4244 1 0 0 0 0 0 0 1 1 1 0 R 0
428 10958 25984 575 26013 537 6182 1 0 0 0 0 0 0 1 1 2 0 R 0
429 10978 19535 563 19569 531 4647 1 0 0 0 0 0 0 1 1 1 0 R 0
430 11002 23186 651 23226 612 3844 1 0 0 0 0 0 0 1 1 1 0 R 0
431 11022 19450 582 19484 545 4275 1 0 0 0 0 0 0 1 1 1 0 R 0
432 11052 29438 1000 29563 889 3840 1 0 0 0 0 0 0 1 1 1 0 R 0
433 11081 27936 1216 27960 1195 6641 1 0 0 0 0 0 0 1 1 2 0 R 0
434 11103 20775 622 20795 588 3766 1 0 0 0 0 0 0 1 1 1 0 R 0
435 11128 24459 965 24488 959 7994 1 0 0 0 0 0 0 1 1 1 0 R 0
436 11158 29202 920 29288 816 4495 1 0 0 0 0 0 0 1 1 1 0 R 0
437 11187 28261 556 28281 532 7387 1 0 0 0 0 0 0 1 1 1 0 R 0
438 11209 21027 566 21058 529 4000 1 0 0 0 0 0 0 1 1 2 0 R 0
439 11231 21153 1067 21194 1026 4241 1 0 0 0 0 0 0 1 1 1 0 R 0
440 11261 29231 1002 29266 976 4515 1 0 0 0 0 0 0 1 1 2 0 R 0
441 11291 28627 589 28660 553 5754 1 0 0 0 0 0 0 1 1 1 0 R 0
442 11311 20192 618 20222 582 4400 1 0 0 0 0 0 0 1 1 1 0 R 0
443 11334 21898 1050 21940 1014 4215 1 0 0 0 0 0 0 1 1 1 0 R 0
444 11364 29072 1419 29105 1381 4436 1 0 0 0 0 0 0 1 1 1 0 R 0
445 11392 26822 574 26858 538 7505 1 0 0 0 0 0 0 1 1 1 0 R 0
446 11414 20995 582 21028 557 3979 1 0 0 0 0 0 0 1 1 2 0 R 0
447 11436 21620 643 21725 530 3613 1 0 0 0 0 0 0 1 1 1 0 R 0
448 11468 31323 842 31350 917 4644 1 0 0 0 0 0 0 1 1 1 0 R 0
449 11497 27673 531 27594 505 7413 1 0 0 0 0 1 0 1 1 1 0 R 0
450 11520 22457 621 22491 591 9088 1 0 0 0 0 0 0 1 1 1 0 R 0
451 11542 21314 1609 21350 1579 4405 1 0 0 0 0 0 0 1 1 1 0 R 0
452 11574 30973 1648 31094 1537 6057 1 0 0 0 0 0 0 1 1 2 0 R 0
453 11601 25191 592 25211 554 7803 1 0 0 0 0 0 0 1 1 1 0 R 0
454 11622 20144 577 20176 544 4557 1 0 0 0 0 0 0 1 1 1 0 R 0
455 11643 20768 583 20806 542 4136 1 0 0 0 0 0 0 1 1 1 0 R 0
456 11673 29725 956 29763 933 5529 1 0 0 0 0 0 0 1 1 1 0 R 0
457 11700 26036 608 26080 558 7971 1 0 0 0 0 0 0 1 1 1 0 R 0
458 11722 20578 590 20609 549 4498 1 0 0 0 0 0 0 1 1 2 0 R 0
459 11743 21229 676 21272 637 4202 1 0 0 0 0 0 0 1 1 1 0 R 0
460 11774 29950 1465 29987 1435 4294 1 0 0 0 0 0 0 1 1 1 0 R 0
461 11803 27611 936 27727 821 7479 1 0 0 0 0 1 0 1 1 1 0 R 0
462 11829 24627 584 23628 549 6507 1 0 1 0 0 0 0 1 1 1 0 R 0
463 11850 20858 588 20889 557 4187 1 0 0 0 0 0 0 1 1 2 0 R 0
464 11881 30119 845 30149 910 6581 1 0 0 0 0 0 0 1 1 1 0 R 0
465 11916 34564 705 34490 677 13989 1 0 0 0 0 0 0 1 1 1 0 R 0
466 11937 20229 551 20262 519 4033 1 0 0 0 0 0 0 1 1 1 0 R 0
467 11962 24140 947 24180 912 3921 1 0 0 0 0 0 0 1 1 1 0 R 0
468 11986 23491 553 23512 530 6560 1 0 0 0 0 0 0 1 1 1 0 R 0
469 12006 19588 551 19610 529 3911 1 0 0 0 0 0 0 1 1 1 0 R 0
470 12029 22342 567 22376 533 4647 1 0 0 0 0 0 0 1 1 2 0 R 0
471 12052 21905 610 21941 569 4182 1 0 0 0 0 0 0 1 1 1 0 R 0
472 12081 28303 1174 28354 1136 5134 1 0 0 0 0 0 0 1 1 1 0 R 0
473 12104 22143 895 22168 863 6636 1 0 0 0 0 0 0 1 1 1 0 R 0
474 12126 21488 556 21507 533 3985 1 0 0 0 0 0 0 1 1 1 0 R 0
475 12146 19192 552 19219 524 4258 1 0 0 0 0 0 0 1 1 1 0 R 0
476 12172 25656 937 25696 908 4723 1 0 0 0 0 0 0 1 1 1 0 R 0
477 12202 28681 829 28709 1089 5291 1 0 0 0 0 0 0 1 1 2 0 R 0
478 12226 22903 542 22627 520 5050 1 0 0 0 0 0 0 1 1 1 0 R 0
479 12246 19517 530 19539 506 3913 1 0 0 0 0 0 0 1 1 1 0 R 0
480 12280 33638 841 33674 916 11646 1 0 0 0 0 0 0 1 1 2 0 R 0
481 12309 28200 584 28128 546 7306 1 0 0 0 0 0 0 1 1 1 0 R 0
482 12331 21465 586 21499 552 4642 1 0 0 0 0 0 0 1 1 1 0 R 0
483 12351 18932 565 18965 531 4188 1 0 0 0 0 0 0 1 1 1 0 R 0
484 12379 27581 711 27618 770 5887 1 0 0 0 0 0 0 1 1 1 0 R 0
485 12409 29897 573 29836 539 7188 1 0 0 0 0 0 0 1 1 2 0 R 0
486 12436 26400 555 26428 527 6047 1 0 0 0 0 0 0 1 1 1 0 R 0
487 12456 19566 1534 19590 1519 3945 1 0 0 0 0 0 0 1 1 1 0 R 0
488 12488 29995 925 30020 899 4846 1 0 0 0 0 0 0 1 1 1 0 R 0
489 12517 28619 824 28636 900 7102 1 0 0 0 0 0 0 1 1 2 0 R 0
490 12539 20290 616 20223 590 3997 1 0 0 0 0 0 0 1 1 1 0 R 0
491 12559 19718 1653 19741 1630 4441 1 0 0 0 0 0 0 1 1 1 0 R 0
492 12589 28253 965 28278 936 4261 1 0 0 0 0 0 0 1 1 1 0 R 0
493 12620 30178 961 30207 937 7677 1 0 0 0 0 0 0 1 1 1 0 R 0
494 12641 20098 623 20122 590 4389 1 0 0 0 0 0 0 1 1 2 0 R 0
495 12667 25175 548 25201 519 8008 1 0 0 0 0 0 0 1 1 1 0 R 0
496 12697 29901 838 29929 814 5355 1 0 0 0 0 0 0 1 1 1 0 R 0
497 12725 27134 820 27266 686 7153 1 0 0 0 0 0 0 1 1 1 0 R 0
498 12749 23004 620 23040 582 6260 1 0 0 0 0 0 0 1 1 1 0 R 0
499 12772 21937 574 20936 535 4267 1 0 1 0 0 0 0 1 1 1 0 R 0
500 12802 29481 662 29541 603 6244 1 0 0 0 0 0 0 1 1 1 0 R 0
501 12827 24519 559 24545 540 4512 1 0 0 0 0 0 0 1 1 2 0 R 0
502 12848 20766 571 20796 532 4056 1 0 0 0 0 0 0 1 1 1 0 R 0
503 12870 20827 1234 20867 1207 4684 1 0 0 0 0 1 0 1 1 1 0 R 0
504 12893 22378 591 22402 557 5027 1 0 0 0 0 0 0 1 1 1 0 R 0
505 12916 22305 551 22326 541 4193 1 0 0 0 0 0 0 1 1 1 0 R 0
506 12939 22121 576 22145 541 4266 1 0 0 0 0 0 0 1 1 2 0 R 0
507 12960 20386 587 20422 548 4424 1 0 0 0 0 0 0 1 1 1 0 R 0
508 12984 23438 1601 23594 1453 4329 1 0 0 0 0 0 0 1 1 1 0 R 0
509 13014 28889 1475 28917 1447 7531 1 0 0 0 0 0 0 1 1 2 0 R 0
510 13043 26869 580 26895 542 13225 1 0 0 0 0 0 0 1 1 1 0 R 0
511 13063 19745 556 19782 521 3869 1 0 0 0 0 0 0 1 1 1 0 R 0
512 13099 35963 930 36084 840 3764 1 0 0 0 0 0 0 1 1 2 0 R 0
513 13129 28986 945 28995 913 7007 1 0 0 0 0 0 0 1 1 1 0 R 0
514 13156 25239 556 25259 534 7449 1 0 0 0 0 0 0 1 1 1 0 R 0
515 13179 22485 570 22517 535 3909 1 0 0 0 0 0 0 1 1 2 0 R 0
516 13208 28703 810 28731 887 5208 1 0 0 0 0 0 0 1 1 1 0 R 0
517 13236 27581 612 27501 594 6936 1 0 0 0 0 0 0 1 1 1 0 R 0
518 13257 20022 563 20050 529 4047 1 0 0 0 0 0 0 1 1 1 0 R 0
519 13280 22194 722 22232 688 3942 1 0 0 0 0 0 0 1 1 1 0 R 0
520 13310 29513 996 29546 969 4667 1 0 0 0 0 0 0 1 1 1 0 R 0
521 13338 27077 571 27096 724 6950 1 0 0 0 0 0 0 1 1 2 0 R 0
522 13362 22966 567 22816 532 6936 1 0 0 0 0 0 0 1 1 1 0 R 0
523 13384 21823 613 21879 557 4181 1 0 0 0 0 0 0 1 1 1 0 R 0
524 13413 27993 945 28032 913 5415 1 0 0 0 0 0 0 1 1 1 0 R 0
525 13443 29135 637 29169 600 13040 1 0 0 0 0 0 0 1 1 1 0 R 0
526 13464 20387 870 20466 786 3615 1 0 0 0 0 0 0 1 1 1 0 R 0
527 13487 22068 564 22098 536 3777 1 0 0 0 0 0 0 1 1 2 0 R 0
528 13510 23064 600 23104 557 6491 1 0 0 0 0 0 0 1 1 1 0 R 0
529 13530 19626 646 19694 595 3985 1 0 0 0 0 0 0 1 1 1 0 R 0
530 13552 21356 862 21525 679 4039 1 0 0 0 0 0 0 1 1 1 0 R 0
531 13574 21039 965 21082 920 4564 1 0 0 0 0 0 0 1 1 1 0 R 0
532 13598 22804 769 22875 712 3780 1 0 0 0 0 0 0 1 1 1 0 R 0
533 13628 29512 819 29531 791 6077 1 0 0 0 0 0 0 1 1 2 0 R 0
534 13652 22950 989 23027 913 5923 1 0 0 0 0 0 0 1 1 1 0 R 0
535 13673 19880 573 19910 538 3628 1 0 0 0 0 0 0 1 1 1 0 R 0
536 13696 22120 653 22258 513 3868 1 0 0 0 0 0 0 1 1 1 0 R 0
537 13726 29158 1141 29185 1121 6302 1 0 0 0 0 0 0 1 1 2 0 R 0
538 13756 29204 867 29299 772 6062 1 0 0 0 0 0 0 1 1 1 0 R 0
539 13777 20609 567 20638 532 4440 1 0 0 0 0 0 0 1 1 1 0 R 0
540 13803 25297 862 25335 833 7926 1 0 0 0 0 0 0 1 1 1 0 R 0
541 13832 27914 854 27619 1123 7728 1 0 1 0 0 0 0 1 1 2 0 R 0
542 13857 24202 571 23928 537 5825 1 0 0 0 0 0 0 1 1 1 0 R 0
543 13879 21148 575 21184 541 4329 1 0 0 0 0 0 0 1 1 1 0 R 0
544 13901 21704 648 21750 598 4263 1 0 0 0 0 0 0 1 1 1 0 R 0
545 13930 28094 990 28131 963 6950 1 0 0 0 0 0 0 1 1 1 0 R 0
546 13961 30249 826 30278 868 6474 1 0 0 0 0 0 0 1 1 1 0 R 0
547 13982 20297 718 20265 673 5135 1 0 0 0 0 0 0 1 1 1 0 R 0
548 14005 21666 1178 22088 754 3921 1 0 0 0 0 0 0 1 1 2 0 R 0
549 14037 31007 913 31121 804 5771 1 0 0 0 0 0 0 1 1 1 0 R 0
550 14068 29970 575 29993 547 7163 1 0 0 0 0 0 0 1 1 1 0 R 0
551 14089 20580 613 20610 582 4194 1 0 0 0 0 0 0 1 1 1 0 R 0
552 14116 26823 1136 26850 1122 5120 1 0 0 0 0 0 0 1 1 1 0 R 0
553 14138 20852 563 20874 527 6313 1 0 0 0 0 0 0 1 1 1 0 R 0
554 14159 20248 572 20281 537 4277 1 0 0 0 0 1 0 1 1 2 0 R 0
555 14184 24203 572 24240 536 11614 1 0 0 0 0 0 0 1 1 1 0 R 0
556 14206 21961 560 21987 537 3786 1 0 0 0 0 0 0 1 1 1 0 R 0
557 14238 31172 928 31285 824 6337 1 0 0 0 0 0 0 1 1 1 0 R 0
558 14263 24216 579 24241 544 7120 1 0 0 0 0 0 0 1 1 1 0 R 0
559 14283 19646 914 19711 843 4178 1 0 0 0 0 0 0 1 1 1 0 R 0
560 14307 22619 616 22655 587 3735 1 0 0 0 0 0 0 1 1 1 0 R 0
561 14337 29685 930 29808 806 6595 1 0 0 0 0 0 0 1 1 2 0 R 0
562 14363 24397 635 24431 599 4815 1 0 0 0 0 0 0 1 1 1 0 R 0
563 14384 20581 583 20614 549 4044 1 0 0 0 0 0 0 1 1 1 0 R 0
564 14406 21894 573 21918 551 3812 1 0 0 0 0 0 0 1 1 1 0 R 0
565 14436 28974 1109 28997 1092 5249 1 0 0 0 0 0 0 1 1 2 0 R 0
566 14462 25128 935 25249 807 7426 1 0 0 0 0 0 0 1 1 1 0 R 0
567 14483 20485 574 20522 539 4015 1 0 0 0 0 0 0 1 1 1 0 R 0
568 14506 21681 791 21702 871 3965 1 0 0 0 0 0 0 1 1 1 0 R 0
569 14533 26870 976 26801 955 3961 1 0 0 0 0 0 0 1 1 2 0 R 0
570 14563 29072 755 29096 716 12546 1 0 0 0 0 0 0 1 1 1 0 R 0
571 14586 21348 566 21398 515 3774 1 0 0 0 0 0 0 1 1 1 0 R 0
572 14606 19767 562 19791 541 4208 1 0 0 0 0 0 0 1 1 1 0 R 0
573 14633 27028 929 27062 906 4255 1 0 0 0 0 0 0 1 1 1 0 R 0
574 14662 27408 590 27431 557 5168 1 0 0 0 0 0 0 1 1 2 0 R 0
575 14687 24799 616 24835 577 5945 1 0 0 0 0 0 0 1 1 1 0 R 0
576 14709 20742 627 20794 584 3835 1 0 0 0 0 0 0 1 1 1 0 R 0
577 14738 28510 952 28527 931 4440 1 0 0 0 0 1 0 1 1 1 0 R 0
578 14767 28153 916 28175 899 7408 1 0 0 0 0 0 0 1 1 1 0 R 0
579 14790 22176 693 21783 663 5560 1 0 1 0 0 0 0 1 1 1 0 R 0
580 14810 19639 588 19687 534 4200 1 0 0 0 0 0 0 1 1 2 0 R 0
581 14839 28682 838 28720 926 4830 1 0 0 0 0 0 0 1 1 1 0 R 0
582 14869 29098 936 29011 904 5793 1 0 0 0 0 0 0 1 1 1 0 R 0
583 14893 22737 643 22773 602 6298 1 0 0 0 0 0 0 1 1 1 0 R 0
584 14913 19245 589 19280 553 3749 1 0 0 0 0 0 0 1 1 1 0 R 0
585 14948 33940 816 33967 796 10559 1 0 0 0 0 0 0 1 1 1 0 R 0
586 14976 28132 565 28148 545 7051 1 0 0 0 0 0 0 1 1 1 0 R 0
587 14997 20093 598 20114 576 4058 1 0 0 0 0 0 0 1 1 1 0 R 0
588 15020 22492 686 22614 564 3851 1 0 0 0 0 0 0 1 1 3 0 R 0
589 15049 27745 994 27863 968 4822 1 0 0 0 0 0 0 1 1 1 0 R 0
590 15078 28070 986 28006 971 6285 1 0 0 0 0 0 0 1 1 1 0 R 0
591 15099 20578 627 20596 593 4395 1 0 0 0 0 0 0 1 1 1 0 R 0
592 15121 21176 751 21215 714 4215 1 0 0 0 0 0 0 1 1 1 0 R 0
593 15150 28641 980 28677 950 4200 1 0 0 0 0 0 0 1 1 2 0 R 0
594 15179 27296 820 27411 698 6219 1 0 0 0 0 0 0 1 1 1 0 R 0
595 15200 20911 621 20944 586 4460 1 0 0 0 0 0 0 1 1 1 0 R 0
596 15221 19573 560 19606 524 4230 1 0 0 0 0 0 0 1 1 1 0 R 0
597 15250 28533 845 28571 812 3997 1 0 0 0 0 0 0 1 1 1 0 R 0
598 15278 27732 1073 27764 1042 6961 1 0 0 0 0 0 0 1 1 1 0 R 0
599 15301 22019 615 22051 579 4694 1 0 0 0 0 0 0 1 1 1 0 R 0
600 15327 25019 1134 25183 983 9124 1 0 0 0 0 0 0 1 1 2 0 R 0
601 15356 27448 1225 27469 1306 4081 1 0 0 0 0 0 0 1 1 1 0 R 0
602 15382 25218 943 25227 818 7315 1 0 0 0 0 0 0 1 1 1 0 R 0
603 15404 20730 580 20770 539 3874 1 0 0 0 0 0 0 1 1 1 0 R 0
604 15424 20034 1004 20071 965 3786 1 0 0 0 0 0 0 1 1 1 0 R 0
605 15453 27758 2726 27808 2790 4294 1 0 0 0 0 1 0 1 1 2 0 R 0
606 15484 27966 1671 27983 1547 7856 1 0 0 0 0 0 0 1 1 1 0 R 0
607 15508 22061 569 22092 531 4744 1 0 0 0 0 0 0 1 1 1 0 R 0
608 15528 19557 574 19594 538 3777 1 0 0 0 0 0 0 1 1 1 0 R 0
609 15553 25127 585 25166 543 4434 1 0 0 0 0 0 0 1 1 1 0 R 0
610 15583 29126 629 29164 598 6332 1 0 0 0 0 0 0 1 1 1 0 R 0
611 15607 23006 557 23025 537 5758 1 0 0 0 0 0 0 1 1 1 0 R 0
612 15627 19947 598 19976 565 3796 1 0 0 0 0 0 0 1 1 2 0 R 0
613 15654 25686 948 25810 920 5968 1 0 0 0 0 0 0 1 1 1 0 R 0
614 15684 29969 1193 29911 1162 6396 1 0 0 0 0 0 0 1 1 0 0 R 0
615 15710 24589 596 24617 556 9953 1 0 0 0 0 0 0 1 1 2 0 R 0
616 15731 19726 964 19767 928 4091 1 0 0 0 0 0 0 1 1 1 0 R 0
617 15754 22507 1276 22555 1240 6045 1 0 0 0 0 0 0 1 1 1 0 R 0
618 15788 32277 548 32291 522 6335 1 0 0 0 0 0 0 1 1 2 0 R 0
619 15810 21543 584 21261 549 5545 1 0 1 0 0 0 0 1 1 1 0 R 0
620 15831 20430 617 20462 580 4108 1 0 0 0 0 0 0 1 1 1 0 R 0
621 15858 27137 941 27261 826 5707 1 0 0 0 0 0 0 1 1 1 0 R 0
622 15890 30187 657 30218 617 7102 1 0 0 0 0 0 0 1 1 1 0 R 0
623 15913 22508 632 22547 598 6019 1 0 0 0 0 0 0 1 1 2 0 R 0
624 15933 19545 564 19580 526 3761 1 0 0 0 0 0 0 1 1 1 0 R 0
625 15960 26141 936 26180 908 5325 1 0 0 0 0 0 0 1 1 1 0 R 0
626 15991 30069 940 30181 823 6319 1 0 0 0 0 0 0 1 1 2 0 R 0
627 16014 22202 574 22233 536 5344 1 0 0 0 0 0 0 1 1 1 0 R 0
628 16034 20119 1190 20155 1158 3832 1 0 0 0 0 0 0 1 1 1 0 R 0
629 16060 24742 804 24789 769 4702 1 0 0 0 0 0 0 1 1 1 0 R 0
630 16095 34250 624 34260 605 13403 1 0 0 0 0 0 0 1 1 2 0 R 0
631 16122 25535 590 25569 553 6568 1 0 0 0 0 0 0 1 1 1 0 R 0
632 16142 19650 613 19681 580 4143 1 0 0 0 0 0 0 1 1 1 0 R 0
633 16168 25791 595 25832 556 3894 1 0 0 0 0 0 0 1 1 1 0 R 0
634 16198 29285 585 29319 545 6398 1 0 0 0 0 0 0 1 1 1 0 R 0
635 16223 24621 821 24665 785 6862 1 0 0 0 0 0 0 1 1 1 0 R 0
636 16244 19702 567 19732 528 3794 1 0 0 0 0 0 0 1 1 1 0 R 0
637 16273 28548 829 28590 891 4218 1 0 0 0 0 0 0 1 1 1 0 R 0
638 16296 22257 584 22179 575 6378 1 0 0 0 0 0 0 1 1 1 0 R 0
639 16319 22089 649 22104 622 3931 1 0 0 0 0 0 0 1 1 1 0 R 0
640 16340 20740 634 20776 589 4374 1 0 0 0 0 0 0 1 1 2 0 R 0
641 16367 25958 881 25989 866 4280 1 0 0 0 0 0 0 1 1 1 0 R 0
642 16398 30684 996 30699 980 7183 1 0 0 0 0 0 0 1 1 1 0 R 0
643 16426 26217 562 26236 536 5232 1 0 0 0 0 0 0 1 1 1 0 R 0
644 16446 19820 650 19867 608 4098 1 0 0 0 0 0 0 1 1 2 0 R 0
645 16480 33387 957 33506 836 13962 1 0 0 0 0 0 0 1 1 2 0 R 0
646 16509 28279 830 28309 895 6788 1 0 0 0 0 0 0 1 1 1 0 R 0
647 16531 20983 591 20922 549 4585 1 0 0 0 0 1 0 1 1 1 0 R 0
648 16552 20282 571 20321 534 4215 1 0 0 0 0 0 0 1 1 1 0 R 0
649 16581 28257 987 28300 951 4058 1 0 0 0 0 0 0 1 1 1 0 R 0
650 16610 28571 840 28601 808 5987 1 0 0 0 0 0 0 1 1 1 0 R 0
651 16636 25126 823 25153 803 7334 1 0 0 0 0 0 0 1 1 2 0 R 0
652 16659 21780 657 21806 622 3863 1 0 0 0 0 0 0 1 1 1 0 R 0
653 16688 28555 913 28670 801 4824 1 0 0 0 0 0 0 1 1 1 0 R 0
654 16717 28444 567 28469 542 7430 1 0 0 0 0 0 0 1 1 1 0 R 0
655 16739 20587 652 20629 608 4409 1 0 0 0 0 0 0 1 1 1 0 R 0
656 16761 21421 595 21461 551 4200 1 0 0 0 0 0 0 1 1 1 0 R 0
657 16790 28520 1085 28274 957 5802 1 0 1 0 0 0 0 1 1 2 0 R 0
658 16820 29034 942 29153 818 7125 1 0 0 0 0 0 0 1 1 1 0 R 0
659 16844 22773 635 22809 597 6175 1 0 0 0 0 0 0 1 1 0 0 R 0
660 16869 25043 919 25081 887 7565 1 0 0 0 0 0 0 1 1 1 0 R 0
661 16900 30315 1758 30345 1737 6075 1 0 0 0 0 0 0 1 1 3 0 R 0
662 16928 25368 572 25389 533 6601 1 0 0 0 0 0 0 1 1 1 0 R 0
663 16949 20687 640 20723 603 4534 1 0 0 0 0 0 0 1 1 0 0 R 0
664 16970 20519 598 20558 564 4166 1 0 0 0 0 0 0 1 1 1 0 R 0
665 16999 28394 999 28443 965 6229 1 0 0 0 0 0 0 1 1 2 0 R 0
666 17027 26471 554 26480 530 6320 1 0 0 0 0 0 0 1 1 1 0 R 0
667 17047 20113 565 20145 532 4035 1 0 0 0 0 0 0 1 1 1 0 R 0
668 17070 21815 573 21852 533 3837 1 0 0 0 0 0 0 1 1 1 0 R 0
669 17099 28978 923 29019 889 5356 1 0 0 0 0 0 0 1 1 2 0 R 0
670 17128 27704 580 27735 550 6313 1 0 0 0 0 0 0 1 1 1 0 R 0
671 17148 19666 579 19692 548 4008 1 0 0 0 0 0 0 1 1 1 0 R 0
672 17171 22098 1007 22137 973 3836 1 0 0 0 0 0 0 1 1 1 0 R 0
673 17200 28351 938 28470 909 5145 1 0 0 0 0 0 0 1 1 1 0 R 0
674 17228 27152 1147 27172 1148 7156 1 0 0 0 0 0 0 1 1 1 0 R 0
675 17256 26395 558 26310 531 13447 1 0 0 0 0 0 0 1 1 2 0 R 0
676 17278 21554 582 21588 548 4198 1 0 0 0 0 0 0 1 1 1 0 R 0
677 17307 28773 814 28797 789 6734 1 0 0 0 0 0 0 1 1 1 0 R 0
678 17333 25405 595 25441 556 6786 1 0 0 0 0 0 0 1 1 1 0 R 0
679 17354 19966 606 20003 573 4100 1 0 0 0 0 0 0 1 1 1 0 R 0
680 17378 23000 572 23032 540 3787 1 0 0 0 0 0 0 1 1 2 0 R 0
681 17406 27986 888 28101 775 5557 1 0 0 0 0 0 0 1 1 1 0 R 0
682 17434 26670 1750 26700 1847 7624 1 0 0 0 0 0 0 1 1 1 0 R 0
683 17459 24057 583 23961 550 5195 1 0 0 0 0 0 0 1 1 1 0 R 0
684 17482 21490 690 21560 618 4411 1 0 0 0 0 0 0 1 1 2 0 R 0
685 17512 29974 946 30009 913 6681 1 0 0 0 0 0 0 1 1 1 0 R 0
686 17538 25218 620 25250 590 6631 1 0 0 0 0 0 0 1 1 1 0 R 0
687 17559 19945 579 19975 542 4533 1 0 0 0 0 0 0 1 1 1 0 R 0
688 17581 21752 586 21788 547 4110 1 0 0 0 0 0 0 1 1 1 0 R 0
689 17611 29091 932 29225 807 5310 1 0 0 0 0 0 0 1 1 1 0 R 0
690 17639 27638 770 27668 742 13718 1 0 0 0 0 0 0 1 1 1 0 R 0
691 17661 21201 578 21231 542 4448 1 0 0 0 0 0 0 1 1 2 0 R 0
692 17684 21760 1159 21820 1097 4131 1 0 0 0 0 0 0 1 1 1 0 R 0
693 17713 28133 989 28260 974 4840 1 0 0 0 0 0 0 1 1 1 0 R 0
694 17742 27842 590 27770 551 5638 1 0 0 0 0 0 0 1 1 1 0 R 0
695 17762 19554 572 19589 538 4403 1 0 0 0 0 0 0 1 1 1 0 R 0
696 17784 21812 1294 21849 1264 4194 1 0 0 0 0 0 0 1 1 1 0 R 0
697 17816 30555 914 30119 809 3919 1 0 1 0 0 0 0 1 1 2 0 R 0
698 17844 26580 580 26605 545 7181 1 0 0 0 0 0 0 1 1 1 0 R 0
699 17866 21240 634 21271 601 4059 1 0 0 0 0 0 0 1 1 1 0 R 0
700 17887 20981 944 21128 804 3821 1 0 0 0 0 0 0 1 1 1 0 R 0
701 17916 27834 1038 27858 1027 5342 1 0 0 0 0 0 0 1 1 1 0 R 0
702 17943 26074 578 26093 541 7362 1 0 0 0 0 0 0 1 1 2 0 R 0
703 17964 20158 585 20198 541 3962 1 0 0 0 0 0 0 1 1 1 0 R 0
704 17984 19863 928 19906 911 3798 1 0 0 0 0 0 0 1 1 1 0 R 0
705 18019 33640 943 33654 927 12620 1 0 0 0 0 0 0 1 1 1 0 R 0
706 18046 26411 652 26419 624 7364 1 0 0 0 0 0 0 1 1 1 0 R 0
707 18067 20549 660 20595 616 4116 1 0 0 0 0 0 0 1 1 2 0 R 0
708 18088 20258 2668 20292 2659 4215 1 0 0 0 0 1 0 1 1 1 0 R 0
709 18120 29203 941 29304 822 4208 1 0 0 0 0 0 0 1 1 1 0 R 0
710 18150 28719 1154 28747 1127 7006 1 0 0 0 0 0 0 1 1 1 0 R 0
711 18174 23019 1158 23049 1140 7606 1 0 0 0 0 0 0 1 1 1 0 R 0
712 18197 22269 569 22281 536 3831 1 0 0 0 0 0 0 1 1 1 0 R 0
713 18227 29286 901 29399 790 5985 1 0 0 0 0 0 0 1 1 2 0 R 0
714 18255 27101 553 27125 524 7268 1 0 0 0 0 0 0 1 1 1 0 R 0
715 18276 19833 630 19867 597 4144 1 0 0 0 0 0 0 1 1 1 0 R 0
716 18298 21999 610 22034 575 3749 1 0 0 0 0 0 0 1 1 1 0 R 0
717 18328 28520 824 28547 904 5002 1 0 0 0 0 0 0 1 1 1 0 R 0
718 18356 27991 547 27911 524 7159 1 0 0 0 0 0 0 1 1 1 0 R 0
719 18377 20360 564 20391 530 4098 1 0 0 0 0 0 0 1 1 2 0 R 0
720 18402 24104 597 24144 557 8062 1 0 0 0 0 0 0 1 1 1 0 R 0
721 18433 30714 842 30752 1098 5839 1 0 0 0 0 0 0 1 1 1 0 R 0
722 18461 27090 945 26831 918 7930 1 0 0 0 0 0 0 1 1 1 0 R 0
723 18484 21534 631 21577 594 5715 1 0 0 0 0 0 0 1 1 1 0 R 0
724 18507 22534 569 22547 542 3773 1 0 0 0 0 0 0 1 1 2 0 R 0
725 18538 30634 932 30667 903 5662 1 0 0 0 0 0 0 1 1 1 0 R 0
726 18566 26716 590 26757 541 7638 1 0 0 0 0 0 0 1 1 1 0 R 0
727 18586 19655 544 19680 521 4225 1 0 0 0 0 0 0 1 1 1 0 R 0
728 18608 21122 583 21161 542 3843 1 0 0 0 0 0 0 1 1 1 0 R 0
729 18638 29770 822 29800 797 6770 1 0 0 0 0 0 0 1 1 2 0 R 0
730 18665 26222 541 26252 518 7465 1 0 0 0 0 0 0 1 1 1 0 R 0
731 18684 18991 987 19021 944 4099 1 0 0 0 0 0 0 1 1 1 0 R 0
732 18708 22732 577 22772 538 3863 1 0 0 0 0 0 0 1 1 1 0 R 0
733 18733 24172 574 24213 533 5537 1 0 0 0 0 0 0 1 1 1 0 R 0
734 18760 26892 761 26949 711 5880 1 0 0 0 0 0 0 1 1 1 0 R 0
735 18785 24287 553 24309 524 8267 1 0 0 0 0 0 0 1 1 1 0 R 0
736 18808 21989 928 22023 898 4234 1 0 0 0 0 0 0 1 1 1 0 R 0
737 18837 27763 985 27798 1052 4174 1 0 0 0 0 0 0 1 1 2 0 R 0
738 18866 28677 925 28088 908 8209 1 0 1 0 0 0 0 1 1 1 0 R 0
739 18888 20434 574 20457 540 4112 1 0 0 0 0 0 0 1 1 1 0 R 0
740 18910 21492 1734 21637 1606 3868 1 0 0 0 0 1 0 1 1 1 0 R 0
741 18940 28376 964 28393 936 4565 1 0 0 0 0 0 0 1 1 1 0 R 0
742 18967 26552 1077 26572 1059 7095 1 0 0 0 0 0 0 1 1 1 0 R 0
743 18989 20853 581 20885 539 4794 1 0 0 0 0 0 0 1 1 1 0 R 0
744 19010 19880 1387 19913 1375 4206 1 0 0 0 0 0 0 1 1 2 0 R 0
745 19038 26912 897 27014 784 4379 1 0 0 0 0 0 0 1 1 1 0 R 0
746 19068 28989 976 29107 956 6180 1 0 0 0 0 0 0 1 1 1 0 R 0
747 19094 24816 583 24746 548 7365 1 0 0 0 0 0 0 1 1 1 0 R 0
748 19116 21541 965 21601 902 3779 1 0 0 0 0 0 0 1 1 1 0 R 0
749 19143 26179 839 26219 901 4031 1 0 0 0 0 0 0 1 1 2 0 R 0
750 19175 30629 1046 31041 536 13350 1 0 0 0 0 0 0 1 1 1 0 R 0
751 19196 20675 582 20699 551 4059 1 0 0 0 0 0 0 1 1 1 0 R 0
752 19218 21555 745 21682 619 3838 1 0 0 0 0 0 0 1 1 1 0 R 0
753 19248 28836 931 28870 913 5022 1 0 0 0 0 0 0 1 1 2 0 R 0
754 19278 29089 915 29191 811 6327 1 0 0 0 0 0 0 1 1 1 0 R 0
755 19301 22272 583 22297 548 7013 1 0 0 0 0 0 0 1 1 1 0 R 0
756 19323 21505 587 21544 545 4180 1 0 0 0 0 0 0 1 1 1 0 R 0
757 19353 29622 990 29664 962 5681 1 0 0 0 0 0 0 1 1 1 0 R 0
758 19381 26054 576 26078 542 7790 1 0 0 0 0 0 0 1 1 1 0 R 0
759 19402 20632 571 20669 535 4455 1 0 0 0 0 0 0 1 1 1 0 R 0
760 19424 21882 1204 21959 1147 4336 1 0 0 0 0 0 0 1 1 2 0 R 0
761 19464 38281 1955 38319 1907 4723 1 0 0 0 0 0 0 1 1 4 0 R 0
762 19489 23495 576 23523 538 5529 1 0 0 0 0 0 0 1 1 1 0 R 0
763 19509 19456 570 19494 532 4574 1 0 0 0 0 0 0 1 1 1 0 R 0
764 19532 22551 636 22589 599 3995 1 0 0 0 0 0 0 1 1 1 0 R 0
765 19569 35600 1180 35639 1164 12796 1 0 0 0 0 0 0 1 1 2 0 R 0
766 19598 28614 566 28625 533 5682 1 0 0 0 0 0 0 1 1 1 0 R 0
767 19619 20136 621 20168 588 4793 1 0 0 0 0 0 0 1 1 1 0 R 0
768 19647 27469 832 27491 907 5622 1 0 0 0 0 0 0 1 1 1 0 R 0
769 19677 29203 937 29134 913 5655 1 0 0 0 0 0 0 1 1 1 0 R 0
770 19700 22145 612 22175 583 5739 1 0 0 0 0 0 0 1 1 2 0 R 0
771 19720 19560 845 19631 776 4421 1 0 0 0 0 0 0 1 1 1 0 R 0
772 19745 23860 1012 23890 980 4173 1 0 0 0 0 0 0 1 1 1 0 R 0
773 19777 30722 830 30740 813 6577 1 0 0 0 0 0 0 1 1 1 0 R 0
774 19800 22090 571 22118 536 5594 1 0 0 0 0 0 0 1 1 1 0 R 0
775 19821 21016 617 20645 591 5194 1 0 1 0 0 0 0 1 1 2 0 R 0
776 19847 24753 818 24768 899 4283 1 0 0 0 0 0 0 1 1 1 0 R 0
777 19877 29313 986 29227 1084 7301 1 0 0 0 0 0 0 1 1 1 0 R 0
778 19902 23693 757 23737 590 5142 1 0 0 0 0 0 0 1 1 1 0 R 0
779 19922 19327 557 19364 517 4278 1 0 0 0 0 0 0 1 1 1 0 R 0
780 19950 27894 845 27936 917 7923 1 0 0 0 0 0 0 1 1 1 0 R 0
781 19982 30925 946 30854 914 6438 1 0 0 0 0 0 0 1 1 2 0 R 0
782 20006 23307 598 23327 572 4619 1 0 0 0 0 0 0 1 1 1 0 R 0
783 20027 20381 558 20411 523 3859 1 0 0 0 0 0 0 1 1 1 0 R 0
784 20052 24325 840 24446 727 3823 1 0 0 0 0 0 0 1 1 1 0 R 0
785 20082 29379 1123 29659 844 6651 1 0 0 0 0 0 0 1 1 1 0 R 0
786 20107 24047 574 24077 537 4271 1 0 0 0 0 0 0 1 1 1 0 R 0
787 20128 19742 563 19777 529 3820 1 0 0 0 0 0 0 1 1 1 0 R 0
788 20151 23235 931 23362 809 3842 1 0 0 0 0 0 0 1 1 2 0 R 0
789 20183 30163 973 30280 852 6711 1 0 0 0 0 0 0 1 1 2 0 R 0
790 20211 27834 582 27870 542 4721 1 0 0 0 0 0 0 1 1 1 0 R 0
791 20232 20543 587 20585 544 4204 1 0 0 0 0 0 0 1 1 1 0 R 0
792 20260 26658 939 26699 907 3641 1 0 0 0 0 0 0 1 1 1 0 R 0
793 20289 28702 943 28731 922 6245 1 0 0 0 0 0 0 1 1 1 0 R 0
794 20317 26617 818 26631 794 5050 1 0 0 0 0 0 0 1 1 2 0 R 0
795 20342 24563 1006 24599 972 8695 1 0 0 0 0 0 0 1 1 1 0 R 0
796 20372 28412 582 28442 553 3816 1 0 0 0 0 0 0 1 1 1 0 R 0
797 20391 19091 622 19139 566 4082 1 0 0 0 0 0 0 1 1 1 0 R 0
798 20414 21985 1060 22024 1024 4148 1 0 0 0 0 0 0 1 1 2 0 R 0
799 20435 20350 567 20371 542 4560 1 0 0 0 0 0 0 1 1 0 0 R 0
800 20461 25379 845 25414 816 3821 1 0 0 0 0 0 0 1 1 2 0 R 0
801 20489 26915 1095 27036 979 4938 1 0 0 0 0 0 0 1 1 1 0 R 0
802 20519 28629 676 28655 641 5869 1 0 0 0 0 0 0 1 1 1 0 R 0
803 20540 20672 643 20705 605 4574 1 0 0 0 0 0 0 1 1 2 0 R 0
804 20568 26925 1016 26957 989 5284 1 0 0 0 0 0 0 1 1 1 0 R 0
805 20600 31412 681 31540 551 7070 1 0 0 0 0 0 0 1 1 1 0 R 0
806 20626 25393 570 25421 540 6699 1 0 0 0 0 0 0 1 1 1 0 R 0
807 20647 19749 546 19776 522 4137 1 0 0 0 0 0 0 1 1 1 0 R 0
808 20674 26705 1701 26740 1698 5154 1 0 0 0 0 0 0 1 1 1 0 R 0
809 20697 21633 574 21633 540 7743 1 0 0 0 0 0 0 1 1 1 0 R 0
810 20724 26440 2222 26475 2220 7915 1 0 0 0 0 1 0 1 1 1 0 R 0
811 20747 20603 551 20596 526 3756 1 0 0 0 0 0 0 1 1 2 0 R 0
812 20776 28781 679 28380 565 5094 1 0 1 0 0 0 0 1 1 1 0 R 0
813 20806 28850 564 28874 541 6787 1 0 0 0 0 0 0 1 1 1 0 R 0
814 20828 21444 623 21473 589 5438 1 0 0 0 0 0 0 1 1 1 0 R 0
815 20848 19249 570 19284 534 3856 1 0 0 0 0 0 0 1 1 1 0 R 0
816 20873 24959 941 25080 830 4947 1 0 0 0 0 0 0 1 1 2 0 R 0
817 20904 30070 1639 30100 1614 6182 1 0 0 0 0 0 0 1 1 1 0 R 0
818 20929 23230 563 23251 524 4456 1 0 0 0 0 0 0 1 1 1 0 R 0
819 20950 19988 563 20022 531 4224 1 0 0 0 0 0 0 1 1 1 0 R 0
820 20977 26619 920 26644 904 5301 1 0 0 0 0 0 0 1 1 1 0 R 0
821 21008 29838 795 29855 874 7130 1 0 0 0 0 0 0 1 1 1 0 R 0
822 21034 25770 950 25701 914 5254 1 0 0 0 0 0 0 1 1 1 0 R 0
823 21054 19241 1066 19291 1026 4471 1 0 0 0 0 0 0 1 1 2 0 R 0
824 21090 34039 1204 34173 1067 5398 1 0 0 0 0 0 0 1 1 3 0 R 0
825 21121 30512 944 30539 911 13805 1 0 0 0 0 0 0 1 1 2 0 R 0
826 21146 23908 618 23940 584 6024 1 0 0 0 0 0 0 1 1 1 0 R 0
827 21168 21214 582 21252 543 3911 1 0 0 0 0 0 0 1 1 1 0 R 0
828 21196 27066 549 27094 521 6393 1 0 0 0 0 0 0 1 1 1 0 R 0
829 21215 19026 717 19067 676 3893 1 0 0 0 0 0 0 1 1 1 0 R 0
830 21238 22560 583 22598 550 4104 1 0 0 0 0 0 0 1 1 1 0 R 0
831 21259 20155 573 20186 537 4498 1 0 0 0 0 0 0 1 1 1 0 R 0
832 21282 22336 633 22373 593 6120 1 0 0 0 0 0 0 1 1 1 0 R 0
833 21310 27695 1628 27801 1531 5786 1 0 0 0 0 1 0 1 1 2 0 R 0
834 21333 21394 867 21426 830 4192 1 0 0 0 0 0 0 1 1 1 0 R 0
835 21356 21243 615 21267 586 4432 1 0 0 0 0 0 0 1 1 1 0 R 0
836 21380 23764 596 23804 564 3722 1 0 0 0 0 0 0 1 1 2 0 R 0
837 21410 29379 941 29500 818 6715 1 0 0 0 0 0 0 1 1 1 0 R 0
838 21440 28717 933 28831 814 6727 1 0 0 0 0 0 0 1 1 1 0 R 0
839 21461 20224 567 20262 530 4341 1 0 0 0 0 0 0 1 1 1 0 R 0
840 21504 42795 2341 37629 2219 11076 1 0 3 0 0 0 0 1 1 1 0 R 0
841 21552 45327 737 25461 682 23018 1 2 0 0 0 9 0 1 1 1 0 R 0
842 21588 35355 561 25389 536 3736 1 2 0 0 0 25 0 1 1 1 0 R 0
843 21618 29925 1109 29955 1083 7307 1 0 0 0 0 0 0 1 1 1 0 R 0
844 21643 23446 576 23474 539 4826 1 0 0 0 0 0 0 1 1 2 0 R 0
845 21663 19988 552 20024 522 3706 1 0 0 0 0 0 0 1 1 1 0 R 0
846 21689 24939 937 24970 908 3785 1 0 0 0 0 0 0 1 1 1 0 R 0
847 21721 31460 921 31490 892 7495 1 0 0 0 0 0 0 1 1 1 0 R 0
848 21744 22184 1271 22211 1269 4102 1 0 0 0 0 0 0 1 1 2 0 R 0
849 21765 19714 581 19708 552 3860 1 0 0 0 0 0 0 1 1 1 0 R 0
850 21790 24274 628 24314 1018 3817 1 0 0 0 0 0 0 1 1 1 0 R 0
851 21824 32595 954 31726 833 7190 1 0 1 0 0 0 0 1 1 1 0 R 0
852 21860 35022 884 35089 822 4237 1 0 0 0 0 0 0 1 1 2 0 R 0
853 21882 21615 638 21641 595 4333 1 0 0 0 0 0 0 1 1 1 0 R 0
854 21912 29535 849 29573 821 5188 1 0 0 0 0 0 0 1 1 1 0 R 0
855 21943 29715 595 29748 556 13737 1 0 0 0 0 0 0 1 1 1 0 R 0
856 21963 20077 556 20109 521 4125 1 0 0 0 0 0 0 1 1 1 0 R 0
857 21986 22310 561 22341 534 3829 1 0 0 0 0 0 0 1 1 2 0 R 0
858 22018 30661 927 30786 804 5638 1 0 0 0 0 0 0 1 1 1 0 R 0
859 22044 25602 1019 25638 997 7406 1 0 0 0 0 0 0 1 1 1 0 R 0
860 22064 19346 955 19362 923 3778 1 0 0 0 0 0 0 1 1 1 0 R 0
861 22087 21377 669 21442 608 3760 1 0 0 0 0 0 0 1 1 1 0 R 0
862 22116 28814 908 28925 795 4547 1 0 0 0 0 0 0 1 1 2 0 R 0
863 22147 29763 910 29871 818 7528 1 0 0 0 0 0 0 1 1 1 0 R 0
864 22170 22494 597 22510 567 7218 1 0 0 0 0 0 0 1 1 1 0 R 0
865 22192 20769 577 20803 539 4209 1 0 0 0 0 0 0 1 1 1 0 R 0
866 22222 30077 939 30116 907 6229 1 0 0 0 0 0 0 1 1 1 0 R 0
867 22253 29260 902 29367 794 6629 1 0 0 0 0 0 0 1 1 1 0 R 0
868 22276 22191 640 22219 604 4921 1 0 0 0 0 0 0 1 1 1 0 R 0
869 22298 21435 748 21486 792 3846 1 0 0 0 0 0 0 1 1 2 0 R 0
870 22327 28079 557 28011 532 13172 1 0 0 0 0 0 0 1 1 1 0 R 0
871 22347 20098 609 20121 587 4211 1 0 0 0 0 0 0 1 1 1 0 R 0
872 22370 22225 640 22261 608 3803 1 0 0 0 0 0 0 1 1 2 0 R 0
873 22392 21383 921 21418 887 4302 1 0 0 0 0 0 0 1 1 1 0 R 0
874 22421 28532 655 28561 621 4019 1 0 0 0 0 0 0 1 1 1 0 R 0
875 22450 28236 770 28290 816 6664 1 0 0 0 0 0 0 1 1 1 0 R 0
876 22471 19871 575 19804 543 4395 1 0 0 0 0 0 0 1 1 1 0 R 0
877 22494 22193 1645 22324 1536 4239 1 0 0 0 0 0 0 1 1 2 0 R 0
878 22524 28465 1694 28568 1668 3806 1 0 0 0 0 0 0 1 1 1 0 R 0
879 22553 27778 885 27715 851 8003 1 0 0 0 0 0 0 1 1 1 0 R 0
880 22577 22615 575 22649 536 4265 1 0 0 0 0 0 0 1 1 1 0 R 0
881 22599 21245 614 21283 579 3879 1 0 0 0 0 0 0 1 1 2 0 R 0
882 22629 30145 936 30182 914 5239 1 0 0 0 0 0 0 1 1 1 0 R 0
883 22656 25312 851 25324 829 5968 1 0 0 0 0 0 0 1 1 1 0 R 0
884 22677 20224 577 20252 543 4338 1 0 0 0 0 1 0 1 1 1 0 R 0
885 22703 25841 605 25883 561 7886 1 0 0 0 0 0 0 1 1 1 0 R 0
886 22734 29687 1600 29726 1586 5831 1 0 0 0 0 0 0 1 1 2 0 R 0
887 22761 26320 580 26335 548 6132 1 0 0 0 0 0 0 1 1 1 0 R 0
888 22784 21584 589 21250 556 5279 1 0 1 0 0 0 0 1 1 1 0 R 0
889 22806 21571 1324 21597 1309 3845 1 0 0 0 0 0 0 1 1 1 0 R 0
890 22836 29041 936 29155 809 5178 1 0 0 0 0 0 0 1 1 1 0 R 0
891 22863 25944 586 25983 547 7789 1 0 0 0 0 0 0 1 1 1 0 R 0
892 22884 20682 947 20717 912 4033 1 0 0 0 0 0 0 1 1 1 0 R 0
893 22907 22248 620 22295 578 3903 1 0 0 0 0 0 0 1 1 2 0 R 0
894 22937 29357 920 29473 800 5599 1 0 0 0 0 0 0 1 1 1 0 R 0
895 22965 27077 579 27100 553 6674 1 0 0 0 0 0 0 1 1 1 0 R 0
896 22987 20581 553 20607 531 4000 1 0 0 0 0 0 0 1 1 1 0 R 0
897 23009 21723 575 21754 542 3898 1 0 0 0 0 0 0 1 1 1 0 R 0
898 23039 29875 961 29994 941 5197 1 0 0 0 0 0 0 1 1 1 0 R 0
899 23068 28105 580 28042 549 6478 1 0 0 0 0 0 0 1 1 2 0 R 0
900 23092 23261 656 23285 627 8729 1 0 0 0 0 0 0 1 1 1 0 R 0
901 23115 22411 861 22473 809 3908 1 0 0 0 0 0 0 1 1 1 0 R 0
902 23148 31362 916 31466 807 6548 1 0 0 0 0 0 0 1 1 1 0 R 0
903 23173 24466 773 24495 740 7249 1 0 0 0 0 0 0 1 1 1 0 R 0
904 23194 20241 590 20273 575 4081 1 0 0 0 0 0 0 1 1 2 0 R 0
905 23217 22969 567 22983 537 3905 1 0 0 0 0 0 0 1 1 1 0 R 0
906 23248 29959 832 29986 910 6666 1 0 0 0 0 0 0 1 1 1 0 R 0
907 23275 26553 750 26471 723 6306 1 0 0 0 0 0 0 1 1 2 0 R 0
908 23297 21048 573 21086 538 4219 1 0 0 0 0 0 0 1 1 1 0 R 0
909 23319 20964 581 21001 545 3870 1 0 0 0 0 0 0 1 1 1 0 R 0
910 23350 30986 946 31128 804 6333 1 0 0 0 0 0 0 1 1 1 0 R 0
911 23377 25690 596 25713 572 6983 1 0 0 0 0 0 0 1 1 1 0 R 0
912 23398 20411 1198 20443 1183 4549 1 0 0 0 0 1 0 1 1 1 0 R 0
913 23421 21568 579 21590 538 4380 1 0 0 0 0 0 0 1 1 2 0 R 0
914 23450 28863 1184 29016 1040 6539 1 0 0 0 0 0 0 1 1 1 0 R 0
915 23480 29029 771 29061 734 13568 1 0 0 0 0 0 0 1 1 1 0 R 0
916 23501 20023 571 20056 534 4502 1 0 0 0 0 0 0 1 1 1 0 R 0
917 23522 20509 590 20553 547 4266 1 0 0 0 0 0 0 1 1 1 0 R 0
918 23555 31676 1539 32247 970 5135 1 0 0 0 0 0 0 1 1 2 0 R 0
919 23586 29607 826 29631 888 8686 1 0 0 0 0 0 0 1 1 1 0 R 0
920 23608 21469 575 21416 539 4786 1 0 0 0 0 0 0 1 1 1 0 R 0
921 23631 22338 1192 22402 1134 3886 1 0 0 0 0 0 0 1 1 1 0 R 0
922 23663 30616 945 30736 821 6625 1 0 0 0 0 0 0 1 1 1 0 R 0
923 23688 24807 579 24843 542 6117 1 0 0 0 0 0 0 1 1 1 0 R 0
924 23709 20353 570 20390 528 4088 1 0 0 0 0 0 0 1 1 2 0 R 0
925 23731 20648 917 20689 889 4213 1 0 0 0 0 0 0 1 1 1 0 R 0
926 23763 31774 989 31805 954 7567 1 0 0 0 0 1 0 1 1 2 0 R 0
927 23793 29082 935 29222 874 7912 1 0 0 0 0 0 0 1 1 1 0 R 0
928 23817 22463 608 21588 567 4084 1 0 1 0 0 0 0 1 1 1 0 R 0
929 23840 23135 590 23177 550 3871 1 0 0 0 0 0 0 1 1 1 0 R 0
930 23873 31819 944 31851 919 12510 1 0 0 0 0 0 0 1 1 2 0 R 0
931 23901 26996 715 27022 687 4495 1 0 0 0 0 0 0 1 1 1 0 R 0
932 23922 20345 574 20371 542 4435 1 0 0 0 0 0 0 1 1 1 0 R 0
933 23948 25138 902 25165 882 5919 1 0 0 0 0 0 0 1 1 1 0 R 0
934 23974 25534 933 25564 895 6181 1 0 0 0 0 0 0 1 1 1 0 R 0
935 23996 21364 865 21466 771 3912 1 0 0 0 0 0 0 1 1 1 0 R 0
936 24019 21315 616 21341 586 4270 1 0 0 0 0 0 0 1 1 2 0 R 0
937 24043 24045 929 24078 898 4238 1 0 0 0 0 0 0 1 1 0 0 R 0
938 24074 30171 1511 30205 1482 5871 1 0 0 0 0 0 0 1 1 2 0 R 0
939 24103 27483 596 27514 557 5124 1 0 0 0 0 0 0 1 1 1 0 R 0
940 24124 20267 1037 20301 1000 4021 1 0 0 0 0 0 0 1 1 1 0 R 0
941 24151 25786 929 25911 812 5108 1 0 0 0 0 0 0 1 1 1 0 R 0
942 24183 30964 977 31082 954 5995 1 0 0 0 0 0 0 1 1 2 0 R 0
943 24206 22049 603 21977 586 5875 1 0 0 0 0 0 0 1 1 1 0 R 0
944 24226 19263 567 19299 512 3759 1 0 0 0 0 0 0 1 1 1 0 R 0
945 24258 31809 828 31845 902 11247 1 0 0 0 0 0 0 1 1 1 0 R 0
946 24289 29811 625 29739 593 7310 1 0 0 0 0 0 0 1 1 1 0 R 0
947 24315 25753 553 25779 531 7276 1 0 0 0 0 0 0 1 1 1 0 R 0
948 24337 21080 932 21196 817 3810 1 0 0 0 0 0 0 1 1 1 0 R 0
949 24367 29064 812 29086 788 3877 1 0 0 0 0 0 0 1 1 2 0 R 0
950 24397 28948 840 28967 835 7624 1 0 0 0 0 0 0 1 1 1 0 R 0
951 24418 20198 560 20207 528 4124 1 0 0 0 0 0 0 1 1 1 0 R 0
952 24439 20563 925 20689 801 3794 1 0 0 0 0 0 0 1 1 1 0 R 0
953 24469 29172 667 29203 639 4083 1 0 0 0 0 0 0 1 1 1 0 R 0
954 24494 24939 1474 24972 1458 7160 1 0 0 0 0 0 0 1 1 1 0 R 0
955 24520 23804 582 23819 545 5456 1 0 0 0 0 0 0 1 1 2 0 R 0
956 24541 20648 828 20687 884 4149 1 0 0 0 0 0 0 1 1 1 0 R 0
957 24572 29802 1315 29897 1139 5194 1 0 0 0 0 0 0 1 1 1 0 R 0
958 24602 28927 674 28950 647 6318 1 0 0 0 0 0 0 1 1 1 0 R 0
959 24623 20397 628 20425 595 4602 1 0 0 0 0 0 0 1 1 2 0 R 0
960 24650 26747 600 26780 564 7500 1 0 0 0 0 0 0 1 1 1 0 R 0
961 24682 31087 965 31124 937 6330 1 0 0 0 0 0 0 1 1 1 0 R 0
962 24708 25278 576 25304 540 5838 1 0 0 0 0 0 0 1 1 2 0 R 0
963 24729 20666 582 20698 551 4567 1 0 0 0 0 0 0 1 1 1 0 R 0
964 24752 22070 578 22105 537 4150 1 0 0 0 0 0 0 1 1 1 0 R 0
965 24783 30646 946 30152 919 5948 1 0 1 0 0 0 0 1 1 1 0 R 0
966 24813 28734 895 28758 864 7608 1 0 0 0 0 0 0 1 1 1 0 R 0
967 24836 21951 555 21970 530 5100 1 0 0 0 0 0 0 1 1 1 0 R 0
968 24859 23057 810 23090 896 3847 1 0 0 0 0 0 0 1 1 1 0 R 0
969 24891 30461 927 30380 896 6384 1 0 0 0 0 0 0 1 1 2 0 R 0
970 24916 24623 546 24643 523 6393 1 0 0 0 0 0 0 1 1 1 0 R 0
971 24937 19880 587 19913 553 4257 1 0 0 0 0 0 0 1 1 1 0 R 0
972 24959 21351 773 21385 746 3808 1 0 0 0 0 0 0 1 1 1 0 R 0
973 24989 30031 991 30185 957 7424 1 0 0 0 0 0 0 1 1 2 0 R 0
974 25017 26063 747 26146 535 7436 1 0 0 0 0 0 0 1 1 1 0 R 0
975 25040 22676 689 22713 654 8834 1 0 0 0 0 0 0 1 1 1 0 R 0
976 25061 20550 737 20587 703 4087 1 0 0 0 0 0 0 1 1 1 0 R 0
977 25091 29517 1009 29555 973 6706 1 0 0 0 0 0 0 1 1 1 0 R 0
978 25121 28940 580 28970 542 6533 1 0 0 0 0 0 0 1 1 1 0 R 0
979 25144 22057 1116 22095 1082 4703 1 0 0 0 0 0 0 1 1 1 0 R 0
980 25170 25024 1098 25177 952 3693 1 0 0 0 0 0 0 1 1 1 0 R 0
981 25201 30249 950 30362 829 7509 1 0 0 0 0 0 0 1 1 2 0 R 0
982 25227 24761 570 24792 535 4524 1 0 0 0 0 0 0 1 1 1 0 R 0
983 25247 19696 605 19727 575 3877 1 0 0 0 0 0 0 1 1 1 0 R 0
984 25272 23799 780 23941 639 3812 1 0 0 0 0 0 0 1 1 1 0 R 0
985 25303 30430 1020 30555 899 6224 1 0 0 0 0 0 0 1 1 1 0 R 0
986 25332 28152 618 28184 581 4917 1 0 0 0 0 0 0 1 1 1 0 R 0
987 25353 19790 779 19863 706 4109 1 0 0 0 0 0 0 1 1 1 0 R 0
988 25380 26487 949 26612 824 4455 1 0 0 0 0 0 0 1 1 2 0 R 0
989 25412 30994 935 31121 809 7777 1 0 0 0 0 0 0 1 1 1 0 R 0
990 25441 27809 814 27841 786 13577 1 0 0 0 0 0 0 1 1 1 0 R 0
991 25461 19899 1611 19928 1582 4366 1 0 0 0 0 0 0 1 1 1 0 R 0
992 25487 23686 576 23711 549 4577 1 0 0 0 0 0 0 1 1 2 0 R 0
993 25507 20200 551 20225 520 4004 1 0 0 0 0 0 0 1 1 1 0 R 0
994 25528 19761 548 19794 517 3761 1 0 0 0 0 0 0 1 1 1 0 R 0
995 25551 22291 581 22327 546 5205 1 0 0 0 0 0 0 1 1 1 0 R 0
996 25573 21465 582 21504 542 4236 1 0 0 0 0 0 0 1 1 1 0 R 0
997 25600 26360 1161 26603 942 3873 1 0 0 0 0 0 0 1 1 1 0 R 0
998 25627 26281 569 26288 541 6715 1 0 0 0 0 0 0 1 1 1 0 R 0
999 25649 21132 601 21165 566 4377 1 0 0 0 0 0 0 1 1 3 0 R 0
1000 25671 21868 621 21907 579 4137 1 0 0 0 0 0 0 1 1 1 0 R 0
1001 25700 28630 950 28686 908 5063 1 0 0 0 0 0 0 1 1 1 0 R 0
1002 25729 27992 569 28015 537 6630 1 0 0 0 0 0 0 1 1 1 0 R 0
1003 25750 19821 569 19856 536 4400 1 0 0 0 0 0 0 1 1 1 0 R 0
1004 25773 22368 588 22404 546 4266 1 0 0 0 0 0 0 1 1 1 0 R 0
1005 25803 29678 956 29721 923 9605 1 0 0 0 0 0 0 1 1 2 0 R 0
1006 25829 25008 831 25039 803 5475 1 0 0 0 0 0 0 1 1 1 0 R 0
1007 25850 20329 627 20355 603 4402 1 0 0 0 0 0 0 1 1 1 0 R 0
1008 25870 19392 585 19418 545 4144 1 0 0 0 0 0 0 1 1 1 0 R 0
1009 25899 28417 951 28546 834 4541 1 0 0 0 0 0 0 1 1 1 0 R 0
1010 25928 28047 993 28230 804 7341 1 0 0 0 0 0 0 1 1 1 0 R 0
1011 25954 24407 575 24438 540 7500 1 0 0 0 0 0 0 1 1 1 0 R 0
1012 25975 21396 533 21419 512 3857 1 0 0 0 0 0 0 1 1 2 0 R 0
1013 26003 26797 963 26831 934 3887 1 0 0 0 0 0 0 1 1 1 0 R 0
1014 26030 26261 602 26289 569 6320 1 0 0 0 0 0 0 1 1 1 0 R 0
1015 26052 21644 1196 21678 1173 5142 1 0 0 0 0 1 0 1 1 1 0 R 0
1016 26073 19542 760 19580 713 3707 1 0 0 0 0 0 0 1 1 1 0 R 0
1017 26102 28493 938 28621 810 5354 1 0 0 0 0 0 0 1 1 2 0 R 0
1018 26132 29014 640 29046 603 7113 1 0 0 0 0 0 0 1 1 1 0 R 0
1019 26154 21435 890 21470 869 4357 1 0 0 0 0 1 0 1 1 1 0 R 0
1020 26179 24056 923 24080 898 8027 1 0 0 0 0 0 0 1 1 1 0 R 0
1021 26209 28806 1020 28832 996 4385 1 0 0 0 0 0 0 1 1 1 0 R 0
1022 26238 27710 828 27724 802 6900 1 0 0 0 0 0 0 1 1 1 0 R 0
1023 26259 20529 684 20562 656 4399 1 0 0 0 0 0 0 1 1 1 0 R 0
1024 26280 20060 562 20083 528 4192 1 0 0 0 0 0 0 1 1 2 0 R 0
1025 26307 26232 918 26265 902 4665 1 0 0 0 0 0 0 1 1 1 0 R 0
1026 26337 29439 676 29460 641 7202 1 0 0 0 0 0 0 1 1 1 0 R 0
1027 26360 22172 574 22211 532 5136 1 0 0 0 0 0 0 1 1 1 0 R 0
1028 26380 19706 601 19746 564 4188 1 0 0 0 0 0 0 1 1 1 0 R 0
1029 26403 22619 739 22653 811 5941 1 0 0 0 0 0 0 1 1 2 0 R 0
1030 26436 31836 640 31845 523 6022 1 0 0 0 0 0 0 1 1 1 0 R 0
1031 26459 22023 566 22056 533 5508 1 0 0 0 0 0 0 1 1 1 0 R 0
1032 26479 20177 577 20211 545 4310 1 0 0 0 0 0 0 1 1 1 0 R 0
1033 26508 28296 926 28412 819 5608 1 0 0 0 0 0 0 1 1 2 0 R 0
1034 26540 30996 636 31019 605 7262 1 0 0 0 0 0 0 1 1 1 0 R 0
1035 26569 27881 821 27914 786 13975 1 0 0 0 0 0 0 1 1 1 0 R 0
1036 26592 22087 679 22227 534 4127 1 0 0 0 0 0 0 1 1 2 0 R 0
1037 26620 27925 1368 28051 1361 4747 1 0 0 0 0 0 0 1 1 1 0 R 0
1038 26650 28265 676 28182 668 7243 1 0 0 0 0 0 0 1 1 1 0 R 0
1039 26671 20549 579 20560 542 4501 1 0 0 0 0 0 0 1 1 1 0 R 0
1040 26693 21603 956 21640 942 4126 1 0 0 0 0 0 0 1 1 1 0 R 0
1041 26722 27867 989 27975 967 4186 1 0 0 0 0 0 0 1 1 1 0 R 0
1042 26750 27344 915 27270 884 6723 1 0 0 0 0 0 0 1 1 2 0 R 0
1043 26772 20777 570 20810 532 4389 1 0 0 0 0 0 0 1 1 1 0 R 0
1044 26792 19676 1412 19726 1382 4164 1 0 0 0 0 0 0 1 1 1 0 R 0
1045 26820 26690 920 26797 804 4317 1 0 0 0 0 0 0 1 1 1 0 R 0
1046 26852 30973 957 30474 922 6721 1 0 1 0 0 0 0 1 1 1 0 R 0
1047 26873 20028 569 20061 533 4008 1 0 0 0 0 0 0 1 1 2 0 R 0
1048 26894 20361 1940 20401 1940 3783 1 0 0 0 0 0 0 1 1 1 0 R 0
1049 26923 26488 1232 26500 1296 3947 1 0 0 0 0 0 0 1 1 1 0 R 0
1050 26956 32522 976 32524 874 12751 1 0 0 0 0 0 0 1 1 2 0 R 0
1051 26978 21086 564 21100 534 4176 1 0 0 0 0 0 0 1 1 1 0 R 0
1052 27001 22090 659 22124 626 4527 1 0 0 0 0 0 0 1 1 1 0 R 0
1053 27030 28666 892 28716 847 4817 1 0 0 0 0 0 0 1 1 1 0 R 0
1054 27060 28403 966 28531 836 6355 1 0 0 0 0 0 0 1 1 1 0 R 0
1055 27083 22773 834 22823 802 7934 1 0 0 0 0 0 0 1 1 1 0 R 0
1056 27109 24470 710 24505 655 3800 1 0 0 0 0 0 0 1 1 3 0 R 0
1057 27139 29727 941 29760 913 7159 1 0 0 0 0 0 0 1 1 1 0 R 0
1058 27167 26646 1001 26683 986 7277 1 0 0 0 0 0 0 1 1 1 0 R 0
1059 27188 19889 563 19894 532 4255 1 0 0 0 0 0 0 1 1 1 0 R 0
1060 27210 21888 594 21921 562 4179 1 0 0 0 0 0 0 1 1 1 0 R 0
1061 27240 29432 956 29547 840 6592 1 0 0 0 0 0 0 1 1 1 0 R 0
1062 27268 26845 577 26881 541 6650 1 0 0 0 0 0 0 1 1 2 0 R 0
1063 27288 19616 621 19658 581 4539 1 0 0 0 0 0 0 1 1 1 0 R 0
1064 27310 21238 590 21268 559 3714 1 0 0 0 0 0 0 1 1 1 0 R 0
1065 27344 33326 1448 33361 1420 11863 1 0 0 0 0 0 0 1 1 1 0 R 0
1066 27370 24764 641 24790 605 5414 1 0 0 0 0 0 0 1 1 1 0 R 0
1067 27392 20890 568 20920 540 4569 1 0 0 0 0 0 0 1 1 1 0 R 0
1068 27414 21499 584 21533 547 4170 1 0 0 0 0 0 0 1 1 2 0 R 0
1069 27443 29155 960 29189 927 5905 1 0 0 0 0 0 0 1 1 1 0 R 0
1070 27471 26721 578 26754 543 7636 1 0 0 0 0 0 0 1 1 1 0 R 0
1071 27492 20264 576 20297 538 4393 1 0 0 0 0 0 0 1 1 1 0 R 0
1072 27514 21448 938 21490 900 4177 1 0 0 0 0 0 0 1 1 1 0 R 0
1073 27544 28997 2010 29117 1906 5418 1 0 0 0 0 0 0 1 1 1 0 R 0
1074 27573 26724 584 26743 546 7523 1 0 0 0 0 0 0 1 1 2 0 R 0
1075 27594 20236 583 20268 549 4105 1 0 0 0 0 0 0 1 1 1 0 R 0
1076 27617 22695 698 22765 634 3939 1 0 0 0 0 0 0 1 1 1 0 R 0
1077 27644 26848 1491 26967 1382 4667 1 0 0 0 0 0 0 1 1 1 0 R 0
1078 27672 26261 573 26283 535 7457 1 0 0 0 0 0 0 1 1 1 0 R 0
1079 27693 20294 588 20334 547 5099 1 0 0 0 0 0 0 1 1 1 0 R 0
1080 27719 25775 579 25812 545 8126 1 0 0 0 0 0 0 1 1 1 0 R 0
1081 27750 30339 825 30375 790 5452 1 0 0 0 0 0 0 1 1 2 0 R 0
1082 27778 27033 575 27064 546 7190 1 0 0 0 0 0 0 1 1 1 0 R 0
1083 27799 20756 617 20786 586 4078 1 0 0 0 0 0 0 1 1 1 0 R 0
1084 27822 22125 595 21787 560 4824 1 0 1 0 0 0 0 1 1 2 0 R 0
1085 27852 28864 1085 28993 962 5207 1 0 0 0 0 0 0 1 1 1 0 R 0
1086 27880 27648 989 27672 992 6495 1 0 0 0 0 0 0 1 1 1 0 R 0
1087 27901 19802 578 19799 542 4474 1 0 0 0 0 0 0 1 1 1 0 R 0
1088 27925 23372 557 23401 530 4289 1 0 0 0 0 0 0 1 1 1 0 R 0
1089 27954 28086 1715 28125 1707 5151 1 0 0 0 0 0 0 1 1 1 0 R 0
1090 27983 27225 578 27232 543 7694 1 0 0 0 0 0 0 1 1 1 0 R 0
1091 28003 20151 575 20180 543 4067 1 0 0 0 0 0 0 1 1 2 0 R 0
1092 28027 22824 599 22852 584 3710 1 0 0 0 0 0 0 1 1 1 0 R 0
1093 28054 26304 1515 26327 1494 5019 1 0 0 0 0 0 0 1 1 1 0 R 0
1094 28082 26588 967 26696 942 8171 1 0 0 0 0 0 0 1 1 1 0 R 0
1095 28107 24633 574 24567 540 7857 1 0 0 0 0 0 0 1 1 2 0 R 0
1096 28130 21902 593 21943 555 3761 1 0 0 0 0 0 0 1 1 1 0 R 0
1097 28160 29971 943 30009 919 5663 1 0 0 0 0 0 0 1 1 0 0 R 0
1098 28190 28920 1311 28941 1370 6010 1 0 0 0 0 0 0 1 1 2 0 R 0
1099 28213 21774 576 21721 537 5207 1 0 0 0 0 0 0 1 1 2 0 R 0
1100 28236 21853 1359 21893 1325 3796 1 0 0 0 0 0 0 1 1 1 0 R 0
1101 28267 29547 934 29568 918 7486 1 0 0 0 0 0 0 1 1 0 0 R 0
1102 28298 29949 1118 29966 1099 7502 1 0 0 0 0 0 0 1 1 1 0 R 0
1103 28319 20405 570 20429 536 4264 1 0 0 0 0 0 0 1 1 1 0 R 0
1104 28343 23535 943 23573 924 4256 1 0 0 0 0 0 0 1 1 2 0 R 0
1105 28368 23983 574 23998 539 5488 1 0 0 0 0 0 0 1 1 1 0 R 0
1106 28389 20136 559 20172 523 3823 1 0 0 0 0 0 0 1 1 1 0 R 0
1107 28412 22276 620 22314 584 4267 1 0 0 0 0 0 0 1 1 2 0 R 0
1108 28434 21389 1397 21519 1275 4202 1 0 0 0 0 0 0 1 1 1 0 R 0
1109 28464 28565 1863 28679 1763 3805 1 0 0 0 0 0 0 1 1 1 0 R 0
1110 28497 31518 908 31610 792 13349 1 0 0 0 0 0 0 1 1 1 0 R 0
1111 28521 23180 585 23217 546 5839 1 0 0 0 0 0 0 1 1 1 0 R 0
1112 28546 23792 1141 23986 956 4197 1 0 0 0 0 1 0 1 1 1 0 R 0
1113 28574 27285 1645 27315 1618 4696 1 0 0 0 0 0 0 1 1 2 0 R 0
1114 28601 25632 597 25663 551 6651 1 0 0 0 0 0 0 1 1 1 0 R 0
1115 28621 19558 577 19594 540 4512 1 0 0 0 0 0 0 1 1 1 0 R 0
1116 28644 22124 983 22166 945 4367 1 0 0 0 0 0 0 1 1 1 0 R 0
1117 28674 29237 2744 29366 2632 5658 1 0 0 0 0 1 0 1 1 1 0 R 0
1118 28703 25504 779 25525 743 7508 1 0 0 0 0 0 0 1 1 2 0 R 0
1119 28724 20586 880 20618 842 4132 1 0 0 0 0 0 0 1 1 1 0 R 0
1120 28745 19661 1277 20191 776 3763 1 0 0 0 0 0 0 1 1 1 0 R 0
1121 28774 28025 1640 28149 1507 4414 1 0 0 0 0 0 0 1 1 1 0 R 0
1122 28803 27943 927 27960 900 8244 1 0 0 0 0 0 0 1 1 1 0 R 0
1123 28827 22825 567 22851 530 7332 1 0 0 0 0 0 0 1 1 1 0 R 0
1124 28850 21786 574 21601 546 3765 1 0 1 0 0 0 0 1 1 1 0 R 0
1125 28878 28253 742 28289 708 13778 1 0 0 0 0 0 0 1 1 2 0 R 0
1126 28901 22158 622 22190 589 6037 1 0 0 0 0 0 0 1 1 1 0 R 0
1127 28922 19796 569 19828 538 4387 1 0 0 0 0 0 0 1 1 1 0 R 0
1128 28942 19590 565 19621 533 4111 1 0 0 0 0 0 0 1 1 1 0 R 0
1129 28965 22722 556 22743 534 4164 1 0 0 0 0 0 0 1 1 2 0 R 0
1130 28986 20504 726 20533 700 4058 1 0 0 0 0 0 0 1 1 1 0 R 0
1131 29008 21056 616 21088 585 4298 1 0 0 0 0 0 0 1 1 2 0 R 0
1132 29028 19754 572 19782 536 3797 1 0 0 0 0 0 0 1 1 1 0 R 0
1133 29049 20408 588 20451 548 3829 1 0 0 0 0 0 0 1 1 1 0 R 0
1134 29072 22317 809 22437 805 4168 1 0 0 0 0 0 0 1 1 1 0 R 0
1135 29100 26904 589 26825 554 5535 1 0 0 0 0 0 0 1 1 1 0 R 0
1136 29121 20665 584 20701 548 5283 1 0 0 0 0 0 0 1 1 1 0 R 0
1137 29142 20567 612 20603 592 4309 1 0 0 0 0 0 0 1 1 1 0 R 0
1138 29168 25367 973 25477 953 4469 1 0 0 0 0 0 0 1 1 2 0 R 0
1139 29197 27211 830 27133 806 6932 1 0 0 0 0 0 0 1 1 0 0 R 0
1140 29223 26094 624 26123 591 11828 1 0 0 0 0 0 0 1 1 2 0 R 0
1141 29244 19697 580 19736 543 3894 1 0 0 0 0 0 0 1 1 1 0 R 0
1142 29271 26465 937 26590 812 3807 1 0 0 0 0 0 0 1 1 1 0 R 0
1143 29303 30856 1126 30892 1100 5596 1 0 0 0 0 0 0 1 1 2 0 R 0
1144 29327 23255 598 23270 573 5078 1 0 0 0 0 0 0 1 1 1 0 R 0
1145 29348 20024 684 20089 608 3890 1 0 0 0 0 0 0 1 1 1 0 R 0
1146 29374 25748 1925 25925 1871 6246 1 0 0 0 0 0 0 1 1 1 0 R 0
1147 29406 30306 727 30303 616 7128 1 0 0 0 0 0 0 1 1 2 0 R 0
1148 29429 21695 577 21726 548 5626 1 0 0 0 0 0 0 1 1 1 0 R 0
1149 29449 19619 644 19670 590 4257 1 0 0 0 0 0 0 1 1 1 0 R 0
1150 29475 25566 928 25702 794 5084 1 0 0 0 0 0 0 1 1 1 0 R 0
1151 29507 30952 922 30979 902 7689 1 0 0 0 0 0 0 1 1 1 0 R 0
1152 29530 21898 573 21928 534 5414 1 0 0 0 0 0 0 1 1 1 0 R 0
1153 29550 19482 567 19517 530 4224 1 0 0 0 0 0 0 1 1 1 0 R 0
1154 29578 27347 921 27469 812 4043 1 0 0 0 0 0 0 1 1 2 0 R 0
1155 29612 33698 586 33725 550 14466 1 0 0 0 0 0 0 1 1 1 0 R 0
1156 29638 25485 582 25521 542 6022 1 0 0 0 0 0 0 1 1 1 0 R 0
1157 29659 19759 570 19797 534 4379 1 0 0 0 0 0 0 1 1 1 0 R 0
1158 29687 27576 683 27606 662 4529 1 0 0 0 0 0 0 1 1 1 0 R 0
1159 29717 28889 744 28911 722 6797 1 0 0 0 0 0 0 1 1 2 0 R 0
1160 29739 21373 573 21401 540 4877 1 0 0 0 0 0 0 1 1 1 0 R 0
1161 29758 19103 563 19135 530 4258 1 0 0 0 0 0 0 1 1 1 0 R 0
1162 29789 29647 1153 29861 939 6053 1 0 0 0 0 0 0 1 1 1 0 R 0
1163 29819 29752 985 28352 958 6931 1 0 1 0 0 0 0 1 1 2 0 R 0
1164 29846 25167 557 25180 535 8056 1 0 0 0 0 0 0 1 1 1 0 R 0
1165 29868 22207 647 22235 619 3854 1 0 0 0 0 0 0 1 1 1 0 R 0
1166 29898 28967 910 29084 803 4548 1 0 0 0 0 0 0 1 1 1 0 R 0
1167 29927 28538 910 28551 897 6252 1 0 0 0 0 0 0 1 1 2 0 R 0
1168 29951 23014 642 23041 603 7349 1 0 0 0 0 0 0 1 1 1 0 R 0
1169 29973 21379 586 21415 548 4120 1 0 0 0 0 0 0 1 1 1 0 R 0
1170 30003 28715 621 28750 589 12142 1 0 0 0 0 0 0 1 1 1 0 R 0
1171 30022 19123 575 19154 538 3809 1 0 0 0 0 0 0 1 1 1 0 R 0
1172 30046 23301 625 23344 587 3817 1 0 0 0 0 0 0 1 1 2 0 R 0
1173 30066 19563 560 19589 538 3891 1 0 0 0 0 0 0 1 1 1 0 R 0
1174 30092 24498 929 24529 896 5731 1 0 0 0 0 0 0 1 1 1 0 R 0
1175 30122 29869 911 29897 884 6726 1 0 0 0 0 0 0 1 1 1 0 R 0
1176 30145 22063 556 22081 530 5980 1 0 0 0 0 0 0 1 1 1 0 R 0
1177 30165 19620 582 19648 554 3877 1 0 0 0 0 0 0 1 1 1 0 R 0
1178 30191 25256 941 25298 911 3791 1 0 0 0 0 0 0 1 1 1 0 R 0
1179 30222 29469 1359 29621 1205 6571 1 0 0 0 0 0 0 1 1 2 0 R 0
1180 30246 23170 556 23187 532 4838 1 0 0 0 0 0 0 1 1 1 0 R 0
1181 30267 20050 604 20076 577 4260 1 0 0 0 0 0 0 1 1 1 0 R 0
1182 30293 25197 838 25234 806 3728 1 0 0 0 0 0 0 1 1 1 0 R 0
1183 30324 30062 1594 30187 1470 6194 1 0 0 0 0 0 0 1 1 1 0 R 0
1184 30349 23859 623 23885 588 4530 1 0 0 0 0 0 0 1 1 1 0 R 0
1185 30372 22149 586 22185 548 8162 1 0 0 0 0 0 0 1 1 2 0 R 0
1186 30400 27900 1362 27939 1340 5654 1 0 0 0 0 0 0 1 1 1 0 R 0
1187 30432 29941 592 29964 554 7367 1 0 0 0 0 0 0 1 1 1 0 R 0
1188 30453 21160 575 21192 539 5600 1 0 0 0 0 0 0 1 1 1 0 R 0
1189 30474 19633 571 19671 534 3869 1 0 0 0 0 0 0 1 1 1 0 R 0
1190 30500 25630 663 25666 634 5023 1 0 0 0 0 0 0 1 1 2 0 R 0
1191 30529 28254 926 28287 890 5448 1 0 0 0 0 0 0 1 1 1 0 R 0
1192 30557 27521 571 27550 539 4446 1 0 0 0 0 0 0 1 1 1 0 R 0
1193 30578 19878 572 19909 540 4145 1 0 0 0 0 0 0 1 1 1 0 R 0
1194 30606 27766 1144 27794 1128 6383 1 0 0 0 0 0 0 1 1 1 0 R 0
1195 30636 29370 554 29385 525 7711 1 0 0 0 0 0 0 1 1 1 0 R 0
1196 30659 21545 575 21580 539 5632 1 0 0 0 0 0 0 1 1 2 0 R 0
1197 30679 20179 578 20216 545 4439 1 0 0 0 0 0 0 1 1 2 0 R 0
1198 30707 26837 922 26946 821 5689 1 0 0 0 0 0 0 1 1 1 0 R 0
1199 30737 29519 836 29538 807 6951 1 0 0 0 0 0 0 1 1 1 0 R 0
1200 30766 28287 586 28314 569 12467 1 0 0 0 0 0 0 1 1 1 0 R 0
1201 30788 21120 954 21145 925 3777 1 0 0 0 0 0 0 1 1 1 0 R 0
1202 30818 29328 833 29350 806 4213 1 0 0 0 0 0 0 1 1 2 0 R 0
1203 30846 26763 921 26875 818 7000 1 0 0 0 0 0 0 1 1 1 0 R 0
1204 30868 21047 572 21067 539 4356 1 0 0 0 0 0 0 1 1 1 0 R 0
1205 30888 19884 1879 19941 1831 3792 1 0 0 0 0 1 0 1 1 1 0 R 0
1206 30920 29782 879 29822 945 4261 1 0 0 0 0 0 0 1 1 1 0 S 0
1207 30953 32463 797 32426 756 6966 1 0 0 0 0 0 0 1 1 1 0 R 0
1208 30976 22156 746 22196 670 3874 1 0 0 0 0 0 0 1 1 1 0 R 0
1209 30998 21152 580 21186 544 3892 1 0 0 0 0 0 0 1 1 1 0 R 0
1210 31028 29328 790 29448 674 6227 1 0 0 0 0 0 0 1 1 1 0 R 0
1211 31054 25165 1101 25200 1071 7311 1 0 0 0 0 0 0 1 1 2 0 R 0
1212 31076 20493 555 20511 529 4044 1 0 0 0 0 0 0 1 1 2 0 R 0
1213 31098 21944 557 21976 529 3884 1 0 0 0 0 0 0 1 1 1 0 R 0
1214 31128 29512 823 29541 795 4988 1 0 0 0 0 0 0 1 1 0 0 R 0
1215 31159 29610 577 29640 547 13625 1 0 0 0 0 0 0 1 1 1 0 R 0
1216 31179 20229 564 20257 538 4115 1 0 0 0 0 0 0 1 1 2 0 R 0
1217 31202 21773 577 21809 534 4206 1 0 0 0 0 0 0 1 1 2 0 R 0
1218 31232 29470 955 29506 928 5701 1 0 0 0 0 0 0 1 1 1 0 R 0
1219 31262 29130 581 29161 545 5891 1 0 0 0 0 0 0 1 1 0 0 R 0
1220 31282 19377 1991 19475 1953 4474 1 0 0 0 0 1 0 1 1 3 0 R 0
1221 31308 23955 925 23932 903 5089 1 0 0 0 0 0 0 1 1 1 0 R 0
1222 31340 31224 951 31333 926 7261 1 0 0 0 0 0 0 1 1 1 0 R 0
1223 31366 25054 579 25001 531 7343 1 0 0 0 0 0 0 1 1 1 0 R 0
1224 31388 20985 555 21019 520 4061 1 0 0 0 0 0 0 1 1 2 0 R 0
1225 31409 21354 578 21392 545 4452 1 0 0 0 0 0 0 1 1 1 0 R 0
1226 31440 29832 952 29865 920 6436 1 0 0 0 0 0 0 1 1 1 0 R 0
1227 31466 25714 560 25739 528 6245 1 0 0 0 0 0 0 1 1 1 0 R 0
1228 31488 20645 583 20679 553 4047 1 0 0 0 0 0 0 1 1 2 0 R 0
1229 31511 22317 949 22352 911 4276 1 0 0 0 0 0 0 1 1 1 0 R 0
1230 31541 29835 931 29871 905 7905 1 0 0 0 0 0 0 1 1 0 0 R 0
1231 31568 25743 573 25769 535 6323 1 0 0 0 0 0 0 1 1 1 0 R 0
1232 31589 20491 654 20526 621 4637 1 0 0 0 0 0 0 1 1 1 0 R 0
1233 31611 21659 652 21702 608 4384 1 0 0 0 0 0 0 1 1 2 0 R 0
1234 31641 29312 828 29352 898 5645 1 0 0 0 0 0 0 1 1 1 0 R 0
1235 31671 29144 956 29192 816 6529 1 0 0 0 0 0 0 1 1 1 0 R 0
1236 31696 23616 565 23632 535 5041 1 0 0 0 0 0 0 1 1 2 0 R 0
1237 31719 22981 945 23110 818 3891 1 0 0 0 0 0 0 1 1 0 0 R 0
1238 31752 31940 1120 31979 1087 6366 1 0 0 0 0 0 0 1 1 2 0 R 0
1239 31777 23980 580 24008 544 6467 1 0 0 0 0 0 0 1 1 1 0 R 0
1240 31799 20964 608 21000 571 4168 1 0 0 0 0 0 0 1 1 1 0 R 0
1241 31823 23364 836 22921 892 4311 1 0 1 0 0 0 0 1 1 1 0 R 0
1242 31854 30469 1463 30410 1427 6415 1 0 0 0 0 0 0 1 1 2 0 R 0
1243 31880 24325 606 24361 564 7169 1 0 0 0 0 0 0 1 1 1 0 R 0
1244 31901 20021 575 20059 540 4144 1 0 0 0 0 0 0 1 1 1 0 R 0
1245 31927 25292 785 25323 760 8091 1 0 0 0 0 0 0 1 1 2 0 R 0
1246 31959 31227 936 31256 908 7331 1 0 0 0 0 0 0 1 1 1 0 R 0
1247 31983 23026 639 23074 585 5698 1 0 0 0 0 0 0 1 1 1 0 R 0
1248 32003 20161 575 20193 543 3732 1 0 0 0 0 0 0 1 1 1 0 R 0
1249 32027 23307 919 23424 807 3811 1 0 0 0 0 0 0 1 1 1 0 R 0
1250 32059 30659 851 30691 821 6591 1 0 0 0 0 0 0 1 1 1 0 R 0
1251 32083 23764 582 23794 547 6853 1 0 0 0 0 0 0 1 1 1 0 R 0
1252 32104 20190 1041 20218 1009 4115 1 0 0 0 0 0 0 1 1 2 0 R 0
1253 32126 21077 601 21105 576 3857 1 0 0 0 0 0 0 1 1 1 0 R 0
1254 32157 29756 902 29865 791 6963 1 0 0 0 0 0 0 1 1 1 0 R 0
1255 32187 29224 787 29328 681 7594 1 0 0 0 0 0 0 1 1 1 0 R 0
1256 32209 21504 573 21541 538 4990 1 0 0 0 0 0 0 1 1 1 0 R 0
1257 32234 23910 1868 24039 1849 4226 1 0 0 0 0 0 0 1 1 2 0 R 0
1258 32265 29685 1098 29601 1083 7594 1 0 0 0 0 0 0 1 1 1 0 R 0
1259 32290 23901 615 23928 576 6904 1 0 0 0 0 0 0 1 1 1 0 R 0
1260 32314 22951 572 22985 541 8379 1 0 0 0 0 0 0 1 1 1 0 R 0
1261 32339 24211 928 24333 817 3851 1 0 0 0 0 0 0 1 1 2 0 R 0
1262 32370 30577 967 30599 931 7053 1 0 0 0 0 0 0 1 1 1 0 R 0
1263 32394 22861 1349 22900 1327 5246 1 0 0 0 0 0 0 1 1 1 0 R 0
1264 32415 20172 555 20185 528 3956 1 0 0 0 0 0 0 1 1 1 0 R 0
1265 32439 23515 983 23550 950 3804 1 0 0 0 0 0 0 1 1 1 0 R 0
1266 32470 30012 1316 30143 1275 7231 1 0 0 0 0 0 0 1 1 1 0 R 0
1267 32495 23445 696 23391 654 5251 1 0 0 0 0 0 0 1 1 1 0 R 0
1268 32516 20283 542 20307 516 3780 1 0 0 0 0 0 0 1 1 2 0 R 0
1269 32538 21444 933 21571 813 3798 1 0 0 0 0 0 0 1 1 1 0 R 0
1270 32570 30812 973 30935 854 6785 1 0 0 0 0 0 0 1 1 1 0 R 0
1271 32596 24977 626 24996 599 7074 1 0 0 0 0 0 0 1 1 1 0 R 0
1272 32617 20154 551 20179 527 4431 1 0 0 0 0 0 0 1 1 1 0 R 0
1273 32639 21359 581 21394 548 3826 1 0 0 0 0 0 0 1 1 1 0 R 0
1274 32669 29918 767 29952 730 7537 1 0 0 0 0 0 0 1 1 1 0 R 0
1275 32698 28266 662 28327 600 13297 1 0 0 0 0 0 0 1 1 1 0 R 0
1276 32719 20426 713 20509 632 4074 1 0 0 0 0 0 0 1 1 2 0 R 0
1277 32740 20087 630 20123 593 4229 1 0 0 0 0 0 0 1 1 1 0 R 0
1278 32769 28422 559 28239 532 5027 1 0 1 0 0 0 0 1 1 1 0 R 0
1279 32791 21728 1171 21835 1100 4193 1 0 0 0 0 0 0 1 1 2 0 R 0
1280 32819 26548 586 26550 552 4764 1 0 0 0 0 0 0 1 1 1 0 R 0
1281 32841 21608 1745 21668 1690 4728 1 0 0 0 0 0 0 1 1 1 0 R 0
1282 32873 30210 1025 30242 1117 5823 1 0 0 0 0 0 0 1 1 1 0 R 0
1283 32901 26907 1181 26813 1151 7938 1 0 0 0 0 0 0 1 1 2 0 R 0
1284 32926 23640 539 23655 516 4778 1 0 0 0 0 0 0 1 1 1 0 R 0
1285 32948 21091 678 21235 539 3938 1 0 0 0 0 0 0 1 1 1 0 R 0
1286 32978 29861 1085 29887 1071 6912 1 0 0 0 0 0 0 1 1 1 0 R 0
1287 33009 29463 876 29483 840 6131 1 0 0 0 0 0 0 1 1 2 0 R 0
1288 33031 20976 569 21009 534 4517 1 0 0 0 0 0 0 1 1 1 0 R 0
1289 33056 25019 967 25060 941 4243 1 0 0 0 0 0 0 1 1 1 0 R 0
1290 33085 28118 894 28143 860 13194 1 0 0 0 0 0 0 1 1 1 0 R 0
1291 33106 20079 1285 20477 885 3945 1 0 0 0 0 0 0 1 1 1 0 R 0
1292 33129 22033 613 22067 583 4120 1 0 0 0 0 0 0 1 1 2 0 R 0
1293 33151 21007 578 21036 544 4565 1 0 0 0 0 0 0 1 1 1 0 R 0
1294 33181 29585 837 29621 902 6202 1 0 0 0 0 0 0 1 1 1 0 R 0
1295 33209 27286 575 27219 539 6982 1 0 0 0 0 0 0 1 1 1 0 R 0
1296 33230 20221 586 20257 551 4564 1 0 0 0 0 0 0 1 1 1 0 R 0
1297 33252 20793 581 20835 540 4244 1 0 0 0 0 0 0 1 1 1 0 R 0
1298 33284 31879 1435 32004 1320 6289 1 0 0 0 0 1 0 1 1 2 0 R 0
1299 33313 27575 598 27605 560 7685 1 0 0 0 0 0 0 1 1 1 0 R 0
1300 33334 19962 573 19993 544 4235 1 0 0 0 0 0 0 1 1 1 0 R 0
1301 33356 21398 843 21419 826 3686 1 0 0 0 0 0 0 1 1 1 0 R 0
1302 33387 30629 817 30646 904 7698 1 0 0 0 0 0 0 1 1 1 0 R 0
1303 33413 24993 878 24919 854 7204 1 0 0 0 0 0 0 1 1 1 0 R 0
1304 33434 20419 1028 20435 999 4217 1 0 0 0 0 0 0 1 1 2 0 R 0
1305 33460 24655 825 24686 790 8825 1 0 0 0 0 0 0 1 1 1 0 R 0
1306 33491 30777 934 30814 906 6782 1 0 0 0 0 0 0 1 1 1 0 R 0
1307 33521 29108 840 29218 726 6231 1 0 0 0 0 0 0 1 1 1 0 R 0
1308 33543 20806 569 20836 537 4057 1 0 0 0 0 0 0 1 1 1 0 R 0
1309 33570 26010 1174 26046 1169 3687 1 0 0 0 0 0 0 1 1 1 0 R 0
1310 33599 28369 1328 28478 1200 7010 1 0 0 0 0 0 0 1 1 1 0 R 0
1311 33626 24971 572 24988 546 4934 1 0 0 0 0 0 0 1 1 2 0 R 0
1312 33647 20399 563 20422 542 3811 1 0 0 0 0 0 0 1 1 1 0 R 0
1313 33672 25049 925 25085 893 3827 1 0 0 0 0 0 0 1 1 1 0 R 0
1314 33704 30563 838 30591 1414 6473 1 0 0 0 0 0 0 1 1 0 0 R 0
1315 33727 22605 612 22027 580 4564 1 0 0 0 0 0 0 1 1 2 0 R 0
1316 33748 20061 573 20096 535 4173 1 0 0 0 0 0 0 1 1 1 0 R 0
1317 33773 25040 941 25169 830 3810 1 0 0 0 0 0 0 1 1 2 0 R 0
1318 33806 31562 3190 32074 1567 6503 1 0 1 0 0 0 0 1 1 1 0 R 0
1319 33831 21580 589 21600 547 5381 1 0 0 0 0 0 0 1 1 1 0 R 0
1320 33856 24356 546 24385 520 7974 1 0 0 0 0 0 0 1 1 1 0 R 0
1321 33883 27010 948 27048 919 5588 1 0 0 0 0 0 0 1 1 1 0 R 0
1322 33913 29369 589 29401 554 6544 1 0 0 0 0 0 0 1 1 2 0 R 0
1323 33936 22272 577 22289 556 4941 1 0 0 0 0 0 0 1 1 1 0 R 0
1324 33956 19367 587 19394 577 3863 1 0 0 0 0 0 0 1 1 1 0 R 0
1325 33986 28970 799 28977 889 5410 1 0 0 0 0 0 0 1 1 1 0 R 0
1326 34016 29765 554 29677 531 7353 1 0 0 0 0 0 0 1 1 1 0 R 0
1327 34039 22051 572 22084 539 5071 1 0 0 0 0 0 0 1 1 1 0 R 0
1328 34059 19755 615 19785 584 4174 1 0 0 0 0 0 0 1 1 1 0 R 0
1329 34086 26365 611 26394 579 5908 1 0 0 0 0 0 0 1 1 2 0 R 0
1330 34108 21476 582 21516 548 4524 1 0 0 0 0 0 0 1 1 1 0 R 0
1331 34131 22258 586 22294 548 5859 1 0 0 0 0 0 0 1 1 1 0 R 0
1332 34152 20035 573 20069 538 4466 1 0 0 0 0 0 0 1 1 1 0 R 0
1333 34173 20398 662 20461 610 4396 1 0 0 0 0 0 0 1 1 1 0 R 0
1334 34202 28987 956 29102 849 5671 1 0 0 0 0 0 0 1 1 1 0 R 0
1335 34232 29043 775 29059 751 12892 1 0 0 0 0 0 0 1 1 2 0 R 0
1336 34253 20160 565 20183 537 4085 1 0 0 0 0 0 0 1 1 1 0 R 0
1337 34276 22010 551 22035 525 3907 1 0 0 0 0 0 0 1 1 1 0 R 0
1338 34307 30027 927 30051 912 6557 1 0 0 0 0 0 0 1 1 1 0 R 0
1339 34333 25573 623 25596 592 6835 1 0 0 0 0 0 0 1 1 1 0 R 0
1340 34354 20661 897 20693 865 4202 1 0 0 0 0 0 0 1 1 1 0 R 0
1341 34377 21540 571 21572 536 3875 1 0 0 0 0 0 0 1 1 1 0 R 0
1342 34408 30555 1534 30698 1404 6236 1 0 0 0 0 0 0 1 1 2 0 R 0
1343 34435 25085 946 25448 570 7347 1 0 0 0 0 0 0 1 1 1 0 R 0
1344 34457 21105 604 21148 573 4049 1 0 0 0 0 0 0 1 1 1 0 R 0
1345 34478 21246 621 21282 571 3845 1 0 0 0 0 0 0 1 1 1 0 R 0
1346 34510 31058 837 31093 898 5620 1 0 0 0 0 0 0 1 1 1 0 R 0
1347 34538 26742 573 26684 537 7723 1 0 0 0 0 0 0 1 1 1 0 R 0
1348 34559 20281 576 20316 541 4216 1 0 0 0 0 0 0 1 1 1 0 R 0
1349 34581 21736 573 21770 537 4225 1 0 0 0 0 0 0 1 1 3 0 R 0
1350 34616 34781 897 34898 798 13254 1 0 0 0 0 0 0 1 1 1 0 R 0
1351 34647 30294 736 30308 705 7310 1 0 0 0 0 0 0 1 1 1 0 R 0
1352 34669 20588 566 20624 549 4229 1 0 0 0 0 0 0 1 1 1 0 R 0
1353 34694 24220 843 24241 899 4199 1 0 0 0 0 0 0 1 1 0 0 R 0
1354 34724 29392 633 29339 597 7564 1 0 0 0 0 0 0 1 1 3 0 R 0
1355 34748 23611 578 23647 542 4541 1 0 0 0 0 0 0 1 1 1 0 R 0
1356 34770 21500 591 20908 553 4632 1 0 1 0 0 0 0 1 1 1 0 R 0
1357 34793 22306 923 22425 807 4261 1 0 0 0 0 0 0 1 1 1 0 R 0
1358 34826 32464 1076 32722 820 6396 1 0 0 0 0 0 0 1 1 1 0 R 0
1359 34856 28561 559 28584 533 5506 1 0 0 0 0 0 0 1 1 1 0 R 0
1360 34877 20575 644 20601 616 4084 1 0 0 0 0 0 0 1 1 1 0 R 0
1361 34904 26509 1604 26548 1586 5696 1 0 0 0 0 0 0 1 1 1 0 R 0
1362 34937 31302 557 31307 534 8039 1 0 0 0 0 0 0 1 1 2 0 R 0
1363 34960 21933 570 21964 535 6116 1 0 0 0 0 0 0 1 1 1 0 R 0
1364 34979 19224 565 19256 534 4162 1 0 0 0 0 0 0 1 1 1 0 R 0
1365 35011 30800 1410 30943 1276 10785 1 0 0 0 0 0 0 1 1 2 0 R 0
1366 35040 27709 633 27735 599 5401 1 0 0 0 0 0 0 1 1 1 0 R 0
1367 35062 21137 577 21172 542 5796 1 0 0 0 0 0 0 1 1 1 0 R 0
1368 35083 20213 644 20254 601 4176 1 0 0 0 0 0 0 1 1 1 0 R 0
1369 35110 26844 1525 26877 1519 5302 1 0 0 0 0 0 0 1 1 2 0 R 0
1370 35141 29934 589 29943 557 7567 1 0 0 0 0 0 0 1 1 1 0 R 0
1371 35164 21745 623 21776 590 5939 1 0 0 0 0 0 0 1 1 1 0 R 0
1372 35184 19918 941 19955 901 3754 1 0 0 0 0 0 0 1 1 1 0 R 0
1373 35212 26747 1431 26806 1385 5292 1 0 0 0 0 0 0 1 1 1 0 R 0
1374 35244 30060 582 30085 546 5926 1 0 0 0 0 0 0 1 1 1 0 R 0
1375 35266 22286 564 22312 535 5646 1 0 0 0 0 0 0 1 1 1 0 R 0
1376 35287 19876 562 19910 527 3779 1 0 0 0 0 0 0 1 1 2 0 R 0
1377 35314 26770 1585 26893 1473 6444 1 0 0 0 0 0 0 1 1 1 0 R 0
1378 35346 30183 555 30198 532 7537 1 0 0 0 0 0 0 1 1 1 0 R 0
1379 35369 22120 638 22151 603 5133 1 0 0 0 0 0 0 1 1 1 0 R 0
1380 35392 23152 590 23188 553 9745 1 0 0 0 0 0 0 1 1 1 0 R 0
1381 35421 28054 1094 28183 977 4398 1 0 0 0 0 0 0 1 1 2 0 R 0
1382 35450 28283 583 28328 525 6704 1 0 0 0 0 0 0 1 1 1 0 R 0
1383 35472 21373 632 21413 595 5311 1 0 0 0 0 0 0 1 1 1 0 R 0
1384 35493 20068 578 20106 541 3743 1 0 0 0 0 0 0 1 1 1 0 R 0
1385 35523 29160 999 29198 966 5483 1 0 0 0 0 0 0 1 1 1 0 R 0
1386 35553 29477 571 29510 532 8963 1 0 0 0 0 0 0 1 1 1 0 R 0
1387 35579 25122 581 25162 540 6844 1 0 0 0 0 0 0 1 1 2 0 R 0
1388 35601 21017 837 21058 891 4137 1 0 0 0 0 0 0 1 1 1 0 R 0
1389 35630 28859 941 28804 906 4294 1 0 0 0 0 0 0 1 1 1 0 R 0
1390 35659 27736 742 27773 705 7134 1 0 0 0 0 0 0 1 1 1 0 R 0
1391 35683 23307 576 23343 539 6519 1 0 0 0 0 1 0 1 1 1 0 R 0
1392 35706 22567 544 22591 517 3784 1 0 0 0 0 0 0 1 1 1 0 R 0
1393 35734 27182 623 27221 882 4675 1 0 0 0 0 0 0 1 1 1 0 R 0
1394 35754 19397 568 19136 535 3874 1 0 0 0 0 0 0 1 1 1 0 R 0
1395 35780 25626 634 25666 603 8761 1 0 0 0 0 0 0 1 1 1 0 R 0
1396 35801 20007 959 20027 936 4370 1 0 0 0 0 0 0 1 1 2 0 R 0
1397 35830 28682 1316 27953 1271 7140 1 0 1 0 0 0 0 1 1 1 0 R 0
1398 35861 29070 724 29102 776 6525 1 0 0 0 0 0 0 1 1 1 0 R 0
1399 35883 21160 606 21124 554 4166 1 0 0 0 0 0 0 1 1 1 0 R 0
1400 35904 20404 578 20440 541 3785 1 0 0 0 0 0 0 1 1 1 0 R 0
1401 35932 27826 976 27958 957 5001 1 0 0 0 0 0 0 1 1 1 0 R 0
1402 35962 28735 581 28661 544 6045 1 0 0 0 0 0 0 1 1 1 0 R 0
1403 35988 25461 576 25495 546 6052 1 0 0 0 0 0 0 1 1 2 0 R 0
1404 36010 21577 947 21608 1417 3794 1 0 0 0 0 0 0 1 1 1 0 R 0
1405 36040 28836 968 28456 947 4419 1 0 0 0 0 0 0 1 1 1 0 R 0
1406 36069 28000 928 28022 805 6769 1 0 0 0 0 0 0 1 1 1 0 R 0
1407 36090 20320 674 20356 641 4621 1 0 0 0 0 0 0 1 1 1 0 R 0
1408 36110 19088 615 19116 579 4113 1 0 0 0 0 0 0 1 1 2 0 R 0
1409 36139 28457 914 28570 820 4713 1 0 0 0 0 0 0 1 1 1 0 R 0
1410 36166 26260 566 26272 537 13057 1 0 0 0 0 0 0 1 1 2 0 R 0
1411 36187 20069 558 20101 530 3869 1 0 0 0 0 0 0 1 1 1 0 R 0
1412 36208 20321 575 20352 543 4222 1 0 0 0 0 0 0 1 1 1 0 R 0
1413 36234 25888 1449 25925 1428 5395 1 0 0 0 0 0 0 1 1 1 0 R 0
1414 36266 30631 1011 30673 956 7618 1 0 0 0 0 0 0 1 1 1 0 R 0
1415 36289 22230 581 22262 546 5115 1 0 0 0 0 0 0 1 1 1 0 R 0
1416 36310 19806 564 19838 525 4165 1 0 0 0 0 0 0 1 1 1 0 R 0
1417 36337 26269 903 26387 797 5248 1 0 0 0 0 0 0 1 1 1 0 R 0
1418 36368 30860 924 30878 906 7158 1 0 0 0 0 0 0 1 1 2 0 R 0
1419 36391 21673 588 21705 547 6075 1 0 0 0 0 0 0 1 1 1 0 R 0
1420 36411 19356 578 19393 544 4192 1 0 0 0 0 0 0 1 1 1 0 R 0
1421 36438 26570 817 26596 792 4125 1 0 0 0 0 0 0 1 1 1 0 R 0
1422 36468 29107 814 29132 893 7272 1 0 0 0 0 0 0 1 1 1 0 R 0
1423 36497 27897 576 27846 523 4952 1 0 0 0 0 0 0 1 1 1 0 R 0
1424 36518 20736 610 20766 578 4049 1 0 0 0 0 0 0 1 1 2 0 R 0
1425 36550 31390 818 31429 794 12343 1 0 0 0 0 0 0 1 1 1 0 R 0
1426 36579 28486 945 28512 910 6779 1 0 0 0 0 0 0 1 1 1 0 R 0
1427 36601 20578 555 20608 517 4423 1 0 0 0 0 0 0 1 1 1 0 R 0
1428 36621 19531 576 19574 536 4148 1 0 0 0 0 0 0 1 1 1 0 R 0
1429 36649 27706 962 27748 937 5011 1 0 0 0 0 0 0 1 1 2 0 R 0
1430 36678 27599 545 27611 517 7323 1 0 0 0 0 0 0 1 1 1 0 R 0
1431 36704 25353 1272 25395 1250 6549 1 0 0 0 0 0 0 1 1 1 0 R 0
1432 36724 19144 848 19160 811 3804 1 0 0 0 0 0 0 1 1 1 0 R 0
1433 36753 28472 935 28600 824 4588 1 0 0 0 0 0 0 1 1 2 0 R 0
1434 36784 29317 1439 28636 1328 10045 1 0 1 0 0 0 0 1 1 0 0 R 0
1435 36809 23522 578 23548 545 6993 1 0 0 0 0 0 0 1 1 1 0 R 0
1436 36831 22203 959 22373 787 4147 1 0 0 0 0 0 0 1 1 1 0 R 0
1437 36859 27016 1285 27050 1371 4446 1 0 0 0 0 0 0 1 1 2 0 R 0
1438 36882 21080 585 20994 548 6101 1 0 0 0 0 0 0 1 1 1 0 R 0
1439 36904 22037 1057 22074 1030 4176 1 0 0 0 0 0 0 1 1 1 0 R 0
1440 36929 23819 579 23840 546 8490 1 0 0 0 0 0 0 1 1 1 0 R 0
1441 36954 24485 1357 24546 1303 4710 1 0 0 0 0 0 0 1 1 1 0 R 0
1442 36985 29816 552 29838 526 5589 1 0 0 0 0 0 0 1 1 2 0 R 0
1443 37007 20984 639 21033 595 5168 1 0 0 0 0 0 0 1 1 1 0 R 0
1444 37027 19737 562 19764 531 3814 1 0 0 0 0 0 0 1 1 1 0 R 0
1445 37053 25000 934 25037 906 4842 1 0 0 0 0 0 0 1 1 1 0 R 0
1446 37084 30123 1438 30152 1412 8080 1 0 0 0 0 0 0 1 1 1 0 R 0
1447 37108 22402 583 22426 550 5406 1 0 0 0 0 0 0 1 1 1 0 R 0
1448 37128 19826 560 19854 530 3777 1 0 0 0 0 0 0 1 1 2 0 R 0
1449 37155 26537 800 26560 896 3801 1 0 0 0 0 0 0 1 1 1 0 R 0
1450 37186 29634 981 29540 956 7508 1 0 0 0 0 0 0 1 1 1 0 R 0
1451 37209 22256 581 22292 544 4640 1 0 0 0 0 0 0 1 1 1 0 R 0
1452 37230 20425 592 20459 555 4287 1 0 0 0 0 0 0 1 1 1 0 R 0
1453 37254 23120 2105 23189 2058 4162 1 0 0 0 0 0 0 1 1 2 0 R 0
1454 37286 30600 918 30610 900 6414 1 0 0 0 0 0 0 1 1 2 0 R 0
1455 37312 25087 579 25115 544 10877 1 0 0 0 0 0 0 1 1 1 0 R 0
1456 37333 20299 580 20333 550 3760 1 0 0 0 0 0 0 1 1 1 0 R 0
1457 37360 25662 979 25690 951 4606 1 0 0 0 0 0 0 1 1 1 0 R 0
1458 37390 29737 965 29858 940 6303 1 0 0 0 0 0 0 1 1 1 0 R 0
1459 37414 22576 631 22515 594 4432 1 0 0 0 0 0 0 1 1 1 0 R 0
1460 37436 21186 550 21209 524 3744 1 0 0 0 0 0 0 1 1 2 0 R 0
1461 37462 26122 929 26160 902 3908 1 0 0 0 0 0 0 1 1 1 0 R 0
1462 37494 30395 1447 30509 1465 5976 1 0 0 0 0 0 0 1 1 0 0 R 0
1463 37518 22512 593 22403 565 4913 1 0 0 0 0 0 0 1 1 2 0 R 0
1464 37538 19717 562 19748 528 3775 1 0 0 0 0 0 0 1 1 1 0 R 0
1465 37563 24568 613 24608 579 3947 1 0 0 0 0 0 0 1 1 1 0 R 0
1466 37583 19815 582 19849 542 3719 1 0 0 0 0 0 0 1 1 1 0 R 0
1467 37604 19974 896 20012 859 3884 1 0 0 0 0 0 0 1 1 2 0 R 0
1468 37628 23125 624 23162 585 3601 1 0 0 0 0 0 0 1 1 1 0 R 0
1469 37651 22313 922 22363 885 4961 1 0 0 0 0 0 0 1 1 1 0 R 0
1470 37683 30632 1028 30655 1001 11027 1 0 0 0 0 0 0 1 1 1 0 R 0
1471 37711 27669 822 27696 889 8804 1 0 0 0 0 0 0 1 1 1 0 R 0
1472 37734 22296 942 22229 910 5877 1 0 0 0 0 0 0 1 1 1 0 R 0
1473 37758 22230 563 22264 528 3950 1 0 0 0 0 0 0 1 1 1 0 R 0
1474 37788 30144 1829 30197 1789 6475 1 0 0 0 0 0 0 1 1 1 0 R 0
1475 37813 22467 562 22491 528 5785 1 0 0 0 0 0 0 1 1 2 0 R 0
1476 37837 23553 604 23581 578 5101 1 0 0 0 0 0 0 1 1 1 0 R 0
1477 37858 21076 573 21107 539 3920 1 0 0 0 0 0 0 1 1 1 0 R 0
1478 37889 30175 1611 30312 1493 5504 1 0 0 0 0 0 0 1 1 1 0 R 0
1479 37920 29784 769 29841 709 7749 1 0 0 0 0 0 0 1 1 3 0 R 0
1480 37946 24636 742 24652 724 4572 1 0 0 0 0 0 0 1 1 3 0 R 0
1481 37979 32004 1218 32031 1188 3807 1 0 0 0 0 0 0 1 1 3 0 R 0
1482 38009 29428 752 29474 711 7404 1 0 0 0 0 0 0 1 1 1 0 R 0
1483 38035 24524 1034 24890 670 5998 1 0 0 0 0 0 0 1 1 3 0 R 0
1484 38055 18963 1052 19465 533 3907 1 0 0 0 0 0 0 1 1 1 0 R 0
1485 38088 32894 916 33011 805 11071 1 0 0 0 0 0 0 1 1 1 0 R 0
1486 38118 28860 859 28968 756 6154 1 0 0 0 0 0 0 1 1 1 0 R 0
1487 38139 20155 571 20180 535 4455 1 0 0 0 0 0 0 1 1 1 0 R 0
1488 38162 21720 980 21759 948 4199 1 0 0 0 0 0 0 1 1 2 0 R 0
1489 38193 30266 954 30389 838 4888 1 0 0 0 0 0 0 1 1 1 0 R 0
1490 38221 27270 690 27298 656 6226 1 0 0 0 0 0 0 1 1 1 0 R 0
1491 38243 21522 578 21556 544 4477 1 0 0 0 0 0 0 1 1 1 0 R 0
1492 38266 22012 670 22034 649 3787 1 0 0 0 0 0 0 1 1 2 0 R 0
1493 38291 24583 702 24619 668 4332 1 0 0 0 0 0 0 1 1 1 0 R 0
1494 38318 26180 572 26209 539 4499 1 0 0 0 0 0 0 1 1 1 0 R 0
1495 38341 22440 579 22469 548 6209 1 0 0 0 0 0 0 1 1 1 0 R 0
1496 38362 20445 574 20484 534 4185 1 0 0 0 0 0 0 1 1 2 0 R 0
1497 38391 28361 940 28481 831 4567 1 0 0 0 0 0 0 1 1 1 0 R 0
1498 38421 28665 616 28691 582 6477 1 0 0 0 0 0 0 1 1 1 0 R 0
1499 38443 22261 572 22297 533 5030 1 0 0 0 0 0 0 1 1 1 0 R 0
