# swapstamp frames 1500 skip 300 peer 529
# f t_ms gap_us swap_us crend_us cswap_us clr_us nclr vcs_r ivcs_r vcs_s ivcs_s minf majf cpu0 cpu1 pticks pcpu pstate ctr
0 0 22870 947 21513 934 8058 1 0 1 0 0 0 0 0 0 0 1 R 0
1 19 18756 980 18812 922 3190 1 0 0 0 0 0 0 0 0 1 1 R 0
2 40 19436 1521 18372 1491 3300 1 0 4 0 0 0 0 0 0 2 1 R 0
3 59 18213 1393 18234 1356 3442 1 0 0 0 0 0 0 0 0 1 1 R 0
4 79 18531 921 18540 914 4048 1 0 0 0 0 0 0 0 0 1 1 R 0
5 103 22797 577 21431 566 3989 1 0 5 0 0 0 0 0 0 2 1 R 0
6 123 19841 670 19866 625 3558 1 0 0 0 0 0 0 0 0 1 1 R 0
7 142 18004 888 18053 833 3113 1 0 0 0 0 0 0 0 0 1 1 R 0
8 162 19064 701 19112 668 3325 1 0 0 0 0 0 0 0 0 2 1 R 0
9 185 22358 603 21270 574 3776 1 0 4 0 0 0 0 0 0 2 1 R 0
10 206 20374 971 19375 900 5708 1 0 1 0 0 0 0 0 0 1 1 R 0
11 226 18845 588 18874 555 4137 1 0 0 0 0 0 0 0 0 0 1 R 0
12 247 20092 723 18527 673 3552 1 0 4 0 0 0 0 0 0 2 1 R 0
13 266 19042 700 19074 657 4055 1 0 0 0 0 0 0 0 0 2 1 R 0
14 286 19342 595 19369 570 4324 1 0 0 0 0 0 0 0 0 1 1 R 0
15 309 21956 707 22011 650 7760 1 0 0 0 0 0 0 0 0 2 1 R 0
16 331 21555 629 20076 570 4081 1 0 4 0 0 0 0 0 0 1 1 R 0
17 349 16903 944 16940 941 3344 1 0 0 0 0 0 0 0 0 2 1 R 0
18 368 18385 796 18391 770 3731 1 0 0 0 0 0 0 0 0 1 1 R 0
19 393 24491 764 22369 709 3130 1 0 5 0 0 0 0 0 0 2 1 R 0
20 413 19103 572 19116 549 4439 1 0 0 0 0 0 0 0 0 1 1 R 0
21 436 21831 701 21854 678 3880 1 0 0 0 0 0 0 0 0 2 1 R 0
22 458 21419 773 19779 692 3694 1 0 4 0 0 0 0 0 0 2 1 R 0
23 477 18206 848 18267 806 3158 1 0 0 0 0 0 0 0 0 1 1 R 0
24 498 20594 600 20600 572 4992 1 0 0 0 0 0 0 0 0 2 1 R 0
25 518 18873 597 18900 565 3750 1 0 0 0 0 0 0 0 0 1 1 R 0
26 540 21399 1056 20554 1040 5641 1 0 4 0 0 0 0 0 0 0 1 R 0
27 558 17244 700 17262 669 3043 1 0 0 0 0 0 0 0 0 3 1 R 0
28 576 17751 693 17795 652 3171 1 0 0 0 0 0 0 0 0 1 1 R 0
29 602 24755 602 21866 575 5558 1 0 4 0 0 0 0 0 0 2 1 R 0
30 624 21413 595 21435 569 8355 1 0 0 0 0 0 0 0 0 1 1 R 0
31 643 18149 750 18210 706 3188 1 0 0 0 0 0 0 0 0 1 1 R 0
32 665 21256 852 20060 796 3925 1 0 4 0 0 0 0 0 0 3 1 R 0
33 684 18364 686 18393 663 3755 1 0 0 0 0 0 0 0 0 1 1 R 0
34 704 19650 596 19658 572 4268 1 0 0 0 0 0 0 0 0 1 1 R 0
35 724 19469 580 19491 554 4223 1 0 0 0 0 0 0 0 0 1 1 R 0
36 746 20689 606 19571 578 3308 1 0 4 0 0 0 0 0 0 2 1 R 0
37 764 17735 705 17769 671 3635 1 0 0 0 0 0 0 0 0 1 1 R 0
38 784 19279 723 19316 696 4336 1 0 0 0 0 0 0 0 0 2 1 R 0
39 808 23881 605 21881 579 4366 1 0 5 0 0 0 0 0 0 1 1 R 0
40 829 19794 609 19812 582 3846 1 0 0 0 0 0 0 0 0 2 1 R 0
41 847 17229 731 17266 701 3337 1 0 0 0 0 0 0 0 0 1 1 R 0
42 866 18650 675 18686 644 4199 1 0 0 0 0 0 0 0 0 2 1 R 0
43 888 21208 808 20195 737 6119 1 0 4 0 0 0 0 0 0 2 1 R 0
44 908 19072 608 19093 574 3871 1 0 0 0 0 0 0 0 0 1 1 R 0
45 932 23282 769 23305 772 8174 1 0 0 0 0 0 0 0 0 1 1 R 0
46 955 22817 602 21640 574 3400 1 0 4 0 0 0 0 0 0 2 1 R 0
47 974 18554 741 18595 710 3677 1 0 0 0 0 0 0 0 0 1 1 R 0
48 996 21222 578 19908 550 3755 1 0 1 0 0 0 0 0 0 1 1 R 0
49 1019 21523 603 20016 573 4329 1 0 4 0 0 0 0 0 0 2 1 R 0
50 1038 19000 589 19022 558 3781 1 0 0 0 0 0 0 0 0 1 1 R 0
51 1057 17807 710 17852 680 3360 1 0 0 0 0 0 0 0 0 1 1 R 0
52 1075 17834 740 17871 691 3545 1 0 0 0 0 0 0 0 0 1 1 R 0
53 1096 19753 751 18868 712 5605 1 0 4 0 0 0 0 0 0 2 1 R 0
54 1116 19899 596 19900 565 4148 1 0 0 0 0 0 0 0 0 1 1 R 0
55 1137 19705 579 19048 552 4234 1 0 1 0 0 0 0 0 0 1 1 R 0
56 1158 21046 700 19657 655 3706 1 0 4 0 0 0 0 0 0 2 1 R 0
57 1177 17940 789 17984 756 3164 1 0 0 0 0 0 0 0 0 2 1 R 0
58 1198 20304 855 19159 798 3992 1 0 1 0 0 0 0 0 0 1 1 R 0
59 1218 19309 602 19317 576 3761 1 0 0 0 0 0 0 0 0 2 1 R 0
60 1244 25123 763 23991 718 11595 1 0 4 0 0 0 0 0 0 1 1 R 0
61 1262 17715 747 17762 721 3280 1 0 0 0 0 0 0 0 0 2 1 R 0
62 1283 19683 780 19727 736 3858 1 0 0 0 0 0 0 0 0 1 1 R 0
63 1305 21527 596 20426 571 3170 1 0 4 0 0 1 0 0 0 1 1 R 0
64 1325 19295 605 19316 576 4245 1 0 0 0 0 0 0 0 0 1 1 R 0
65 1346 20236 589 20267 551 4347 1 0 0 0 0 0 0 0 0 2 1 R 0
66 1367 20927 670 19773 626 3749 1 0 4 0 0 0 0 0 0 1 1 R 0
67 1387 19125 715 19174 685 3245 1 0 0 0 0 0 0 0 0 2 1 R 0
68 1409 20748 601 19702 571 3093 1 0 1 0 0 0 0 0 0 2 1 R 0
69 1428 19367 635 19391 611 3734 1 0 0 0 0 0 0 0 0 1 1 R 0
70 1451 22078 577 20352 552 4345 1 0 4 0 0 0 0 0 0 2 1 R 0
71 1469 17440 1423 17512 1375 3113 1 0 0 0 0 0 0 0 0 1 1 R 0
72 1489 18558 1376 18590 1343 3798 1 0 0 0 0 0 0 0 0 2 1 R 0
73 1512 21203 581 19620 549 3112 1 0 4 0 0 0 0 0 0 1 1 R 0
74 1531 18936 646 18970 606 4033 1 0 0 0 0 0 0 0 0 1 1 R 0
75 1554 22255 595 22280 567 7199 1 0 0 0 0 0 0 0 0 1 1 R 0
76 1576 21516 580 20535 550 4068 1 0 4 0 0 0 0 0 0 1 1 R 0
77 1597 19717 588 19737 564 4327 1 0 0 0 0 0 0 0 0 2 1 R 0
78 1618 20525 615 19063 586 3793 1 0 1 0 0 0 0 0 0 1 1 R 0
79 1638 19409 606 19432 577 3768 1 0 0 0 0 0 0 0 0 2 1 R 0
80 1659 21029 893 19953 880 4428 1 0 4 0 0 0 0 0 0 1 1 R 0
81 1677 17001 782 17056 720 3147 1 0 0 0 0 0 0 0 0 2 1 R 0
82 1698 19976 876 20010 1289 4271 1 0 0 0 0 0 0 0 0 1 1 R 0
83 1722 22770 658 21413 558 3157 1 0 4 0 0 0 0 0 0 2 1 R 0
84 1742 19281 585 19306 558 3852 1 0 0 0 0 0 0 0 0 1 1 R 0
85 1762 19687 600 19711 575 3491 1 0 0 0 0 0 0 0 0 1 1 R 0
86 1780 17136 4025 17222 2693 3276 1 0 0 0 4 0 0 0 0 2 1 R 0
87 1805 20860 627 18694 599 3631 1 0 1 0 0 0 0 0 0 1 1 R 0
88 1825 19964 594 19984 568 4364 1 0 0 0 0 1 0 0 0 1 1 R 0
89 1845 19007 1005 19076 934 4185 1 0 0 0 0 0 0 0 0 1 1 R 0
90 1869 23728 1127 22672 1121 9234 1 0 4 0 0 0 0 0 0 2 1 R 0
91 1888 17136 693 17157 662 3169 1 0 0 0 0 0 0 0 0 2 1 R 0
92 1907 18741 769 18786 714 3854 1 0 0 0 0 0 0 0 0 1 1 R 0
93 1931 22925 1218 21437 1197 3815 1 0 4 0 0 1 0 0 0 1 1 R 0
94 1952 19763 589 19777 561 3818 1 0 0 0 0 0 0 0 0 2 1 R 0
95 1971 18938 784 18965 757 3518 1 0 0 0 0 0 0 0 0 1 1 R 0
96 1994 21711 1117 20747 716 3216 1 0 3 0 1 0 0 0 0 3 1 R 0
97 2014 19397 740 18501 692 3602 1 0 1 0 0 0 0 0 0 1 1 R 0
98 2035 20043 583 20060 558 4324 1 0 0 0 0 0 0 0 0 1 1 R 0
99 2055 19188 597 19215 570 4214 1 0 0 0 0 0 0 0 0 1 1 R 0
100 2076 20878 824 20056 789 5404 1 0 4 0 0 0 0 0 0 1 1 R 0
101 2098 20437 604 19603 581 4006 1 0 1 0 0 0 0 0 0 2 1 R 0
102 2116 17594 749 17623 731 3129 1 0 0 0 0 0 0 0 0 1 1 R 0
103 2139 22309 609 21055 587 4710 1 0 4 0 0 0 0 0 0 2 1 R 0
104 2158 18817 616 18836 590 3823 1 0 0 0 0 0 0 0 0 1 1 R 0
105 2181 22547 698 22564 682 6284 1 0 0 0 0 0 0 0 0 2 1 R 0
106 2200 17337 4520 17372 2120 3161 1 0 0 0 2 0 0 0 0 1 1 R 0
107 2224 20328 589 19772 571 3673 1 0 2 0 0 0 0 0 0 3 1 R 0
108 2245 19557 595 19574 570 4396 1 0 0 0 0 0 0 0 0 1 1 R 0
109 2265 19776 590 19796 561 4395 1 0 0 0 0 0 0 0 0 1 1 R 0
110 2285 19909 740 18896 690 4934 1 0 4 0 0 0 0 0 0 2 1 R 0
111 2305 18402 780 18461 726 3656 1 0 0 0 0 0 0 0 0 1 1 R 0
112 2325 19339 728 19374 688 3505 1 0 0 0 0 0 0 0 0 2 1 R 0
113 2347 21829 595 20981 568 4264 1 0 4 0 0 0 0 0 0 1 1 R 0
114 2368 20404 598 20424 568 4445 1 0 0 0 0 0 0 0 0 1 1 R 0
115 2386 17319 1257 17406 1192 3202 1 0 0 0 0 0 0 0 0 2 1 R 0
116 2409 21630 662 20296 630 5119 1 0 1 0 0 0 0 0 0 1 1 R 0
117 2432 21947 1039 19738 1020 3575 1 0 4 0 0 0 0 0 0 2 1 R 0
118 2452 19049 586 19049 560 3806 1 0 0 0 0 0 0 0 0 1 1 R 0
119 2472 19899 577 19926 555 3716 1 0 0 0 0 0 0 0 0 1 1 R 0
120 2496 23290 590 22411 558 6647 1 0 4 0 0 0 0 0 0 2 1 R 0
121 2515 18213 1254 18325 1194 3669 1 0 0 0 0 0 0 0 0 1 1 R 0
122 2536 19544 644 19519 614 3715 1 0 0 0 0 0 0 0 0 2 1 R 0
123 2558 21740 609 19958 580 4250 1 0 5 0 0 0 0 0 0 1 1 R 0
124 2579 20038 657 20084 611 3326 1 0 0 0 0 0 0 0 0 1 1 R 0
125 2597 17961 843 18001 814 3300 1 0 0 0 0 0 0 0 0 2 1 R 0
126 2630 32296 563 24689 545 5381 1 0 10 0 0 0 0 0 0 2 1 R 0
127 2650 18534 990 18559 977 3731 1 0 0 0 0 0 0 0 0 1 1 R 0
128 2670 19150 976 19153 967 3828 1 0 0 0 0 0 0 0 0 1 1 R 0
129 2688 17499 741 17533 695 3288 1 0 0 0 0 0 0 0 0 2 1 R 0
130 2709 20267 1397 18790 1370 4650 1 0 4 0 0 0 0 0 0 2 1 R 0
131 2728 17757 751 17777 714 3377 1 0 0 0 0 0 0 0 0 1 1 R 0
132 2748 18807 710 18846 674 3273 1 0 0 0 0 0 0 0 0 2 1 R 0
133 2771 22657 593 21461 563 3766 1 0 4 0 0 0 0 0 0 1 1 R 0
134 2790 17909 1599 17954 1569 3619 1 0 0 0 0 0 0 0 0 1 1 R 0
135 2816 24783 600 22790 578 6217 1 0 2 0 0 0 0 0 0 2 1 R 0
136 2837 20469 786 18870 711 3563 1 0 4 0 0 0 0 0 0 1 1 R 0
137 2857 19260 609 19274 579 3802 1 0 0 0 0 0 0 0 0 1 1 R 0
138 2877 19431 608 19458 577 4410 1 0 0 0 0 0 0 0 0 1 1 R 0
139 2895 17393 716 17436 670 3762 1 0 0 0 0 0 0 0 0 2 1 R 0
140 2917 21182 794 20220 762 6413 1 0 4 0 0 0 0 0 0 2 1 R 0
141 2936 18154 731 18185 691 3173 1 0 0 0 0 0 0 0 0 2 1 R 0
142 2957 20098 599 20114 574 4774 1 0 0 0 0 0 0 0 0 1 1 R 0
143 2979 21593 1268 20468 1242 4310 1 0 4 0 0 0 0 0 0 1 1 R 0
144 2998 17373 722 17397 685 3284 1 0 0 0 0 0 0 0 0 1 1 R 0
145 3018 19886 790 18898 741 3131 1 0 1 0 0 0 0 0 0 2 1 R 0
146 3038 18723 978 18822 910 3102 1 0 0 0 0 0 0 0 0 2 1 R 0
147 3062 23080 610 21398 586 4158 1 0 4 0 0 0 0 0 0 1 1 R 0
148 3082 19542 709 19562 701 4013 1 0 0 0 0 0 0 0 0 2 1 R 0
149 3101 18530 683 18562 657 3194 1 0 0 0 0 0 0 0 0 1 1 R 0
150 3127 24821 598 23942 575 6664 1 0 4 0 0 0 0 0 0 2 1 R 0
151 3147 19395 604 19007 579 4499 1 0 1 0 0 0 0 0 0 1 1 R 0
152 3167 19595 600 19619 574 4208 1 0 0 0 0 0 0 0 0 1 1 R 0
153 3189 20987 600 19945 572 4249 1 0 4 0 0 0 0 0 0 1 1 R 0
154 3207 17688 756 17738 705 3113 1 0 0 0 0 0 0 0 0 2 1 R 0
155 3228 20203 816 18180 790 3129 1 0 1 0 0 0 0 0 0 2 1 R 0
156 3247 18036 667 18040 655 3355 1 0 0 0 0 0 0 0 0 1 1 R 0
157 3271 23425 578 22469 555 6222 1 0 4 0 0 0 0 0 0 1 1 R 0
158 3291 19201 626 19233 591 3861 1 0 0 0 0 0 0 0 0 2 1 R 0
159 3309 17260 892 17321 834 3108 1 0 0 0 0 0 0 0 0 1 1 R 0
160 3332 22524 712 21209 685 3471 1 0 4 0 0 0 0 0 0 2 1 R 0
161 3352 19317 568 19334 543 3043 1 0 0 0 0 0 0 0 0 2 1 R 0
162 3372 19123 581 19143 561 3767 1 0 0 0 0 0 0 0 0 1 1 R 0
163 3395 22372 641 21236 635 3788 1 0 4 0 0 0 0 0 0 1 1 R 0
164 3415 20148 964 18969 933 4038 1 0 1 0 0 0 0 0 0 2 1 R 0
165 3438 22028 733 22050 701 7018 1 0 0 0 0 0 0 0 0 1 1 R 0
166 3457 18166 688 18180 666 3244 1 0 0 0 0 0 0 0 0 1 1 R 0
167 3481 22973 589 21149 566 4238 1 0 4 0 0 0 0 0 0 2 1 R 0
168 3502 19928 577 19951 544 3413 1 0 0 0 0 0 0 0 0 1 1 R 0
169 3520 17532 1813 17585 1800 3234 1 0 0 0 0 0 0 0 0 3 1 R 0
170 3544 22893 591 21929 567 3883 1 0 4 0 0 0 0 0 0 1 1 R 0
171 3564 19230 607 19252 578 4457 1 0 0 0 0 0 0 0 0 1 1 R 0
172 3585 19768 596 19794 565 4302 1 0 0 0 0 0 0 0 0 1 1 R 0
173 3606 21356 602 20034 570 3847 1 0 4 0 0 0 0 0 0 2 1 R 0
174 3626 18958 758 18072 729 4837 1 0 1 0 0 0 0 0 0 1 1 R 0
175 3646 18840 702 18872 679 4357 1 0 0 0 0 0 0 0 0 2 1 R 0
176 3667 20244 907 20309 825 4402 1 0 0 0 0 0 0 0 0 1 1 R 0
177 3689 21065 761 19977 683 6652 1 0 4 0 0 0 0 0 0 1 1 R 0
178 3709 19744 723 19779 681 3883 1 0 0 0 0 0 0 0 0 2 1 R 0
179 3727 17452 712 17492 675 3129 1 0 0 0 0 0 0 0 0 2 1 R 0
180 3754 26006 685 25049 640 7420 1 0 4 0 0 0 0 0 0 2 1 R 0
181 3774 19692 600 19712 567 4386 1 0 0 0 0 1 0 0 0 1 1 R 0
182 3795 19933 599 19961 572 4380 1 0 0 0 0 0 0 0 0 0 1 R 0
183 3818 22586 584 19800 554 4302 1 0 4 0 0 0 0 0 0 1 1 R 0
184 3836 17738 844 17821 778 3146 1 0 0 0 0 0 0 0 0 2 1 R 0
185 3855 18183 690 18209 649 4052 1 0 0 0 0 0 0 0 0 2 1 R 0
186 3875 19292 685 19320 657 4072 1 0 0 0 0 0 0 0 0 1 1 R 0
187 3898 21487 605 20417 581 6405 1 0 4 0 0 0 0 0 0 2 1 R 0
188 3917 18955 598 18973 570 3512 1 0 0 0 0 0 0 0 0 1 1 R 0
189 3935 17731 695 17770 667 3868 1 0 0 0 0 0 0 0 0 2 1 R 0
190 3958 21964 731 20535 689 4006 1 0 4 0 0 0 0 0 0 1 1 R 0
191 3978 19275 602 19285 575 3699 1 0 0 0 0 1 0 0 0 1 1 R 0
192 3998 19514 608 19540 579 4071 1 0 0 0 0 0 0 0 0 2 1 R 0
193 4020 20755 2040 19541 1449 3715 1 0 1 0 3 0 0 0 0 2 1 R 0
194 4041 19601 682 18712 655 3152 1 0 1 0 0 0 0 0 0 1 1 R 0
195 4064 21668 1551 21738 1482 6577 1 0 0 0 0 1 0 0 0 2 1 R 0
196 4085 19753 597 19766 567 4386 1 0 0 0 0 0 0 0 0 1 1 R 0
197 4107 21488 669 20127 641 4473 1 0 3 0 0 0 0 0 0 1 1 R 0
198 4126 17976 681 18001 659 3789 1 0 0 0 0 0 0 0 0 2 1 R 0
199 4144 18000 833 18034 789 3715 1 0 0 0 0 0 0 0 0 1 1 R 0
200 4168 23236 607 21758 579 4615 1 0 4 0 0 0 0 0 0 2 1 R 0
201 4188 19246 601 19269 576 3766 1 0 0 0 0 0 0 0 0 0 1 R 0
202 4208 19528 581 19550 555 3796 1 0 0 0 0 0 0 0 0 3 1 R 0
203 4229 19889 785 18926 757 3053 1 0 1 0 0 0 0 0 0 1 1 R 0
204 4251 21679 871 20585 781 3406 1 0 4 0 0 0 0 0 0 1 1 R 0
205 4270 17531 1368 17595 1343 3062 1 0 0 0 0 0 0 0 0 1 1 R 0
206 4290 18694 982 18679 970 3816 1 0 0 0 0 0 0 0 0 1 1 R 0
207 4313 21882 598 20209 563 3728 1 0 4 0 0 0 0 0 0 3 1 R 0
208 4332 18342 919 18384 911 3490 1 0 0 0 0 0 0 0 0 1 1 R 0
209 4351 18842 758 18897 683 3295 1 0 0 0 0 0 0 0 0 2 1 R 0
210 4379 27285 1500 25730 1465 6630 1 0 4 0 0 0 0 0 0 3 1 R 0
211 4400 18832 944 18840 926 3754 1 0 0 0 0 0 0 0 0 0 1 R 0
212 4421 20662 581 19582 556 3842 1 0 1 0 0 0 0 0 0 2 1 R 0
213 4439 16818 780 16865 717 3066 1 0 0 0 0 0 0 0 0 1 1 R 0
214 4462 22585 594 21434 564 3588 1 0 4 0 0 0 0 0 0 2 1 R 0
215 4480 16943 1629 16993 1608 3359 1 0 0 0 0 0 0 0 0 1 1 R 0
216 4501 20135 589 20133 561 4156 1 0 0 0 0 0 0 0 0 1 1 R 0
217 4524 22192 596 21119 561 3769 1 0 4 0 0 0 0 0 0 3 1 R 0
218 4543 18358 675 18393 654 3565 1 0 0 0 0 0 0 0 0 1 1 R 0
219 4563 19274 679 19297 649 3967 1 0 0 0 0 0 0 0 0 2 1 R 0
220 4586 22558 597 21277 572 3080 1 0 4 0 0 0 0 0 0 1 1 R 0
221 4606 18871 605 18896 576 4215 1 0 0 0 0 0 0 0 0 1 1 R 0
222 4627 20098 669 18564 639 4019 1 0 1 0 0 0 0 0 0 1 1 R 0
223 4644 17195 719 17230 693 3783 1 0 0 0 0 0 0 0 0 2 1 R 0
224 4668 22896 597 21984 569 5708 1 0 4 0 0 0 0 0 0 2 1 R 0
225 4691 22664 583 22686 551 7268 1 0 0 0 0 0 0 0 0 1 1 R 0
226 4711 19354 587 19384 563 3809 1 0 0 0 0 0 0 0 0 1 1 R 0
227 4734 21932 645 20863 608 3588 1 0 4 0 0 0 0 0 0 2 1 R 0
228 4752 17382 697 17411 664 3073 1 0 0 0 0 0 0 0 0 1 1 R 0
229 4772 19535 696 19563 678 3465 1 0 0 0 0 0 0 0 0 2 1 R 0
230 4795 22116 723 21349 709 3227 1 0 4 0 0 0 0 0 0 1 1 R 0
231 4815 19406 1065 19472 995 4356 1 0 0 0 0 0 0 0 0 1 1 R 0
232 4837 20727 591 19769 562 5362 1 0 1 0 0 0 0 0 0 1 1 R 0
233 4855 17450 896 17515 836 3600 1 0 0 0 0 0 0 0 0 2 1 R 0
234 4876 20809 745 19717 709 6680 1 0 4 0 0 0 0 0 0 2 1 R 0
235 4897 19448 596 19456 570 4415 1 0 0 0 0 0 0 0 0 1 1 R 0
236 4916 19050 642 19074 616 4586 1 0 0 0 0 0 0 0 0 1 1 R 0
237 4939 21881 607 20630 575 4015 1 0 4 0 0 0 0 0 0 2 1 R 0
238 4957 17395 791 17439 746 3214 1 0 0 0 0 0 0 0 0 2 1 R 0
239 4977 19424 795 19478 761 5244 1 0 0 0 0 0 0 0 0 1 1 R 0
240 5002 24285 686 23533 684 7723 1 0 4 0 0 0 0 0 0 2 1 R 0
241 5024 21091 575 20262 552 3822 1 0 1 0 0 0 0 0 0 1 1 R 0
242 5044 19111 759 19190 678 4237 1 0 0 0 0 0 0 0 0 1 1 R 0
243 5062 17612 821 17704 715 3309 1 0 0 0 0 0 0 0 0 2 1 R 0
244 5086 23229 663 22395 640 4502 1 0 4 0 0 0 0 0 0 2 1 R 0
245 5106 19413 752 19478 697 4249 1 0 0 0 0 0 0 0 0 1 1 R 0
246 5127 20649 637 20655 608 4379 1 0 0 0 0 0 0 0 0 1 1 R 0
247 5152 23568 582 21863 558 4674 1 0 5 0 0 0 0 0 0 1 1 R 0
248 5170 17462 1322 17540 1287 3120 1 0 0 0 0 0 0 0 0 2 1 R 0
249 5189 18045 1427 18089 1386 3288 1 0 0 0 0 0 0 0 0 2 1 R 0
250 5209 18800 2200 18795 1645 3691 1 0 0 0 2 0 0 0 0 1 1 R 0
251 5234 22705 625 20197 605 4090 1 0 3 0 0 0 0 0 0 2 1 R 0
252 5253 17768 699 17808 649 3590 1 0 0 0 0 0 0 0 0 1 1 R 0
253 5272 19010 790 19059 751 3897 1 0 0 0 0 0 0 0 0 2 1 R 0
254 5295 22328 595 21418 571 3174 1 0 4 0 0 0 0 0 0 2 1 R 0
255 5318 22130 587 22149 559 8045 1 0 0 0 0 0 0 0 0 1 1 R 0
256 5339 19915 643 19944 614 3852 1 0 0 0 0 0 0 0 0 1 1 R 0
257 5360 20444 1702 19313 1651 3269 1 0 4 0 0 0 0 0 0 1 1 R 0
258 5379 18014 1663 18043 1657 3455 1 0 0 0 0 0 0 0 0 1 1 R 0
259 5400 18528 1379 18526 1354 3212 1 0 0 0 0 0 0 0 0 3 1 R 0
260 5421 19608 2092 19615 1315 3815 1 0 1 0 3 0 0 0 0 1 1 R 0
261 5444 20850 648 19356 621 4232 1 0 1 0 0 0 0 0 0 1 1 R 0
262 5462 17998 718 18042 674 3301 1 0 0 0 0 0 0 0 0 2 1 R 0
263 5482 19195 970 19247 927 3692 1 0 0 0 0 0 0 0 0 1 1 R 0
264 5505 22253 601 21279 576 3259 1 0 4 0 0 0 0 0 0 2 1 R 0
265 5525 18905 595 18922 570 4248 1 0 0 0 0 0 0 0 0 1 1 R 0
266 5546 20718 644 20747 609 4317 1 0 0 0 0 0 0 0 0 1 1 R 0
267 5568 20788 750 19734 687 3802 1 0 4 0 0 0 0 0 0 2 1 R 0
268 5588 19475 729 19534 673 3232 1 0 0 0 0 0 0 0 0 1 1 R 0
269 5609 20269 606 20289 583 3592 1 0 0 0 0 0 0 0 0 1 1 R 0
270 5647 37896 632 29261 608 8180 1 0 10 0 0 0 0 0 0 2 1 R 0
271 5666 18206 723 18235 685 3099 1 0 0 0 0 0 0 0 0 2 1 R 0
272 5686 18679 681 18718 631 3662 1 0 0 0 0 0 0 0 0 1 1 R 0
273 5708 22137 593 20633 568 3526 1 0 4 0 0 0 0 0 0 2 1 R 0
274 5728 19097 601 19117 569 3838 1 0 0 0 0 1 0 0 0 1 1 R 0
275 5748 19615 595 19640 568 3982 1 0 0 0 0 0 0 0 0 2 1 R 0
276 5767 18096 738 18131 720 3129 1 0 0 0 0 0 0 0 0 1 1 R 0
277 5789 21413 1061 20098 985 4575 1 0 4 0 0 0 0 0 0 2 1 R 0
278 5808 17750 801 17779 764 3461 1 0 0 0 0 0 0 0 0 1 1 R 0
279 5834 25439 724 24236 661 4093 1 0 1 0 0 0 0 0 0 2 1 R 0
280 5856 20666 608 19648 580 5287 1 0 4 0 0 0 0 0 0 2 1 R 0
281 5875 18328 864 18354 842 3642 1 0 0 0 0 0 0 0 0 2 1 R 0
282 5894 18935 707 18969 666 3555 1 0 0 0 0 0 0 0 0 1 1 R 0
283 5917 21777 600 20467 570 3666 1 0 4 0 0 0 0 0 0 2 1 R 0
284 5937 19472 606 19496 577 4382 1 0 0 0 0 0 0 0 0 1 1 R 0
285 5959 21738 934 21792 892 7120 1 0 0 0 0 0 0 0 0 1 1 R 0
286 5978 17365 697 17387 674 3325 1 0 0 0 0 0 0 0 0 2 1 R 0
287 6000 21918 589 21053 570 5574 1 0 4 0 0 0 0 0 0 1 1 R 0
288 6020 19007 964 19028 952 3792 1 0 0 0 0 0 0 0 0 1 1 R 0
289 6042 20917 571 19865 547 3838 1 0 1 0 0 0 0 0 0 2 1 R 0
290 6064 21304 606 20108 578 3275 1 0 4 0 0 0 0 0 0 1 1 R 0
291 6082 18016 864 18046 864 3056 1 0 0 0 0 0 0 0 0 1 1 R 0
292 6106 22474 643 21985 616 4086 1 0 1 0 0 0 0 0 0 3 1 R 0
293 6127 21034 603 19868 571 4253 1 0 4 0 0 0 0 0 0 1 1 R 0
294 6147 19315 609 19341 580 4441 1 0 0 0 0 0 0 0 0 0 1 R 0
295 6167 19207 600 19231 574 4062 1 0 0 0 0 0 0 0 0 2 1 R 0
296 6185 17504 728 17566 658 3597 1 0 0 0 0 0 0 0 0 1 1 R 0
297 6208 21973 634 20867 615 6919 1 0 4 0 0 0 0 0 0 2 1 R 0
298 6226 17686 1610 17728 1593 3111 1 0 0 0 0 1 0 0 0 2 1 R 0
299 6248 20760 1205 19389 1192 3957 1 0 1 0 0 0 0 0 0 1 1 R 0
300 6274 24770 596 23381 569 7265 1 0 4 0 0 0 0 0 0 1 1 R 0
301 6293 17808 673 17839 656 3646 1 0 0 0 0 0 0 0 0 2 1 R 0
302 6312 18996 705 19011 680 3751 1 0 0 0 0 0 0 0 0 2 1 R 0
303 6336 22539 572 21111 553 3328 1 0 4 0 0 0 0 0 0 1 1 R 0
304 6355 19095 611 19116 579 4373 1 0 0 0 0 0 0 0 0 1 1 R 0
305 6377 21046 591 21075 555 5023 1 0 0 0 0 0 0 0 0 2 1 R 0
306 6397 18960 599 18990 573 3911 1 0 0 0 0 0 0 0 0 1 1 R 0
307 6419 21427 605 20263 574 6739 1 0 4 0 0 0 0 0 0 2 1 R 0
308 6439 20010 603 18181 573 3221 1 0 1 0 0 0 0 0 0 1 1 R 0
309 6459 19137 654 19166 626 3737 1 0 0 0 0 0 0 0 0 2 1 R 0
310 6481 21162 662 20280 619 3266 1 0 4 0 0 0 0 0 0 1 1 R 0
311 6501 19358 760 19436 682 3023 1 0 0 0 0 0 0 0 0 2 1 R 0
312 6519 17196 732 17233 694 3266 1 0 0 0 0 0 0 0 0 1 1 R 0
313 6540 20066 1487 20146 1435 3896 1 0 0 0 1 0 0 0 0 1 1 R 0
314 6562 20984 645 19102 619 4007 1 0 3 0 0 0 0 0 0 1 1 R 0
315 6585 22400 595 22421 566 6933 1 0 0 0 0 0 0 0 0 2 1 R 0
316 6603 17531 737 17587 688 3526 1 0 0 0 0 0 0 0 0 2 1 R 0
317 6626 21836 686 20806 631 3488 1 0 4 0 0 0 0 0 0 1 1 R 0
318 6648 21084 605 20095 575 4474 1 0 1 0 0 0 0 0 0 1 1 R 0
319 6668 19576 646 19602 616 3725 1 0 0 0 0 1 0 0 0 2 1 R 0
320 6689 20277 757 19129 706 3284 1 0 4 0 0 0 0 0 0 2 1 R 0
321 6708 18222 696 18249 665 3180 1 0 0 0 0 0 0 0 0 1 1 R 0
322 6727 18641 772 18679 724 3127 1 0 0 0 0 0 0 0 0 1 1 R 0
323 6747 19540 608 19562 580 3951 1 0 0 0 0 0 0 0 0 1 1 R 0
324 6770 21829 1045 20712 1032 5774 1 0 4 0 0 0 0 0 0 1 1 R 0
325 6788 16937 736 16989 676 3146 1 0 0 0 0 0 0 0 0 2 1 R 0
326 6807 18341 704 18396 651 3671 1 0 0 0 0 0 0 0 0 2 1 R 0
327 6829 21960 1649 20971 1574 4357 1 0 4 0 0 0 0 0 0 1 1 R 0
328 6852 20697 592 19671 567 5270 1 0 1 0 0 0 0 0 0 2 1 R 0
329 6872 19768 634 19788 609 3765 1 0 0 0 0 0 0 0 0 1 1 R 0
330 6897 23961 600 22719 577 6660 1 0 4 0 0 0 0 0 0 2 1 R 0
331 6917 19982 603 20007 568 3488 1 0 0 0 0 0 0 0 0 1 1 R 0
332 6936 17760 706 17803 668 3575 1 0 0 0 0 0 0 0 0 2 1 R 0
333 6957 20182 651 20200 633 5374 1 0 0 0 0 0 0 0 0 1 1 R 0
334 6978 21203 600 20169 564 6168 1 0 4 0 0 0 0 0 0 1 1 R 0
335 6998 18739 748 18802 692 3078 1 0 0 0 0 0 0 0 0 2 1 R 0
336 7019 20007 947 20066 882 3190 1 0 0 0 0 0 0 0 0 2 1 R 0
337 7042 22978 633 20514 605 3188 1 0 5 0 0 0 0 0 0 1 1 R 0
338 7063 19721 607 19756 576 3871 1 0 0 0 0 0 0 0 0 2 1 R 0
339 7083 19416 603 19438 581 3870 1 0 0 0 0 0 0 0 0 1 1 R 0
340 7105 21478 970 20244 830 3114 1 0 4 0 0 0 0 0 0 2 1 R 0
341 7125 18860 601 18857 576 3538 1 0 0 0 0 0 0 0 0 2 1 R 0
342 7145 20104 596 19670 570 5240 1 0 1 0 0 0 0 0 0 1 1 R 0
343 7165 18971 603 18998 763 4424 1 0 0 0 0 0 0 0 0 1 1 R 0
344 7188 21900 604 20851 576 5222 1 0 4 0 0 0 0 0 0 1 1 R 0
345 7209 20685 893 20753 829 6146 1 0 0 0 0 0 0 0 0 1 1 R 0
346 7228 18650 863 18734 764 3762 1 0 0 0 0 0 0 0 0 2 1 R 0
347 7253 24055 604 21394 574 3900 1 0 5 0 0 0 0 0 0 1 1 R 0
348 7274 19863 592 19881 561 3848 1 0 0 0 0 0 0 0 0 2 1 R 0
349 7293 18748 720 18826 655 3659 1 0 0 0 0 0 0 0 0 1 1 R 0
350 7316 22245 581 20657 555 3064 1 0 4 0 0 0 0 0 0 2 1 R 0
351 7335 18150 743 18192 701 3841 1 0 0 0 0 0 0 0 0 2 1 R 0
352 7355 18988 638 19012 625 4213 1 0 0 0 0 0 0 0 0 1 1 R 0
353 7375 19479 716 19484 687 4356 1 0 0 0 0 0 0 0 0 1 1 R 0
354 7397 21604 591 20597 565 5289 1 0 4 0 0 0 0 0 0 1 1 R 0
355 7415 17760 944 17796 918 3440 1 0 0 0 0 0 0 0 0 2 1 R 0
356 7436 19509 724 19531 680 4978 1 0 0 0 0 0 0 0 0 2 1 R 0
357 7460 23175 1002 20199 990 3198 1 0 5 0 0 0 0 0 0 2 1 R 0
358 7479 18652 1004 18656 990 4114 1 0 0 0 0 0 0 0 0 1 1 R 0
359 7499 18340 1066 18403 1007 4048 1 0 0 0 0 0 0 0 0 1 1 R 0
360 7523 23645 874 23022 661 6052 1 0 4 0 0 0 0 0 0 2 1 R 0
361 7542 18124 710 18144 694 3130 1 0 0 0 0 0 0 0 0 1 1 R 0
362 7563 20202 595 20201 570 4205 1 0 0 0 0 0 0 0 0 1 1 R 0
363 7583 19038 588 19060 560 3968 1 0 0 0 0 0 0 0 0 1 1 R 0
364 7605 21618 658 20553 630 3925 1 0 4 0 0 0 0 0 0 2 1 R 0
365 7624 17880 643 17900 621 3568 1 0 0 0 0 0 0 0 0 1 1 R 0
366 7645 20396 1191 18954 1133 3963 1 0 1 0 0 0 0 0 0 2 1 R 0
367 7668 21804 599 20788 565 4346 1 0 4 0 0 1 0 0 0 1 1 R 0
368 7688 19612 610 19636 582 3825 1 0 0 0 0 0 0 0 0 1 1 R 0
369 7707 18826 741 18525 698 3594 1 0 1 0 0 0 0 0 0 2 1 R 0
370 7726 17857 682 17884 669 3091 1 0 0 0 0 0 0 0 0 2 1 R 0
371 7748 21680 1275 20844 1232 6293 1 0 4 0 0 0 0 0 0 2 1 R 0
372 7768 18505 735 18526 687 3235 1 0 0 0 0 0 0 0 0 1 1 R 0
373 7789 19792 603 19801 577 3789 1 0 0 0 0 0 0 0 0 1 1 R 0
374 7811 21456 592 20105 571 3668 1 0 4 0 0 0 0 0 0 2 1 R 0
375 7833 21325 876 21375 820 6209 1 0 0 0 0 0 0 0 0 1 1 R 0
376 7855 21386 583 20193 558 3056 1 0 2 0 0 0 0 0 0 2 1 R 0
377 7877 21675 593 20552 564 4263 1 0 4 0 0 0 0 0 0 1 1 R 0
378 7896 18692 594 18711 568 4459 1 0 0 0 0 0 0 0 0 1 1 R 0
379 7915 17984 1074 18025 1078 3986 1 0 0 0 0 0 0 0 0 1 1 R 0
380 7934 18367 688 18356 659 3618 1 0 0 0 0 0 0 0 0 2 1 R 0
381 7956 20551 714 19559 663 5587 1 0 4 0 0 0 0 0 0 2 1 R 0
382 7976 19753 595 19768 565 4073 1 0 0 0 0 0 0 0 0 1 1 R 0
383 7996 19274 574 19299 549 4600 1 0 0 0 0 0 0 0 0 1 1 R 0
384 8018 21383 595 19811 570 3805 1 0 4 0 0 0 0 0 0 2 1 R 0
385 8036 17755 754 17812 682 3240 1 0 0 0 0 0 0 0 0 2 1 R 0
386 8057 19969 744 19064 721 5417 1 0 1 0 0 0 0 0 0 1 1 R 0
387 8078 19693 576 19706 550 3711 1 0 0 0 0 0 0 0 0 1 1 R 0
388 8100 22375 655 21022 620 6718 1 0 5 0 0 0 0 0 0 1 1 R 0
389 8118 17380 682 17430 649 3102 1 0 0 0 0 0 0 0 0 2 1 R 0
390 8142 22548 767 22596 706 6300 1 0 0 0 0 0 0 0 0 2 1 R 0
391 8164 21744 663 20617 627 3406 1 0 4 0 0 0 0 0 0 1 1 R 0
392 8184 19481 589 19494 561 4292 1 0 0 0 0 0 0 0 0 1 1 R 0
393 8205 19843 594 19874 564 4242 1 0 0 0 0 0 0 0 0 2 1 R 0
394 8227 21106 720 19681 644 3646 1 0 4 0 0 0 0 0 0 1 1 R 0
395 8247 19561 707 18602 672 3737 1 0 1 0 0 0 0 0 0 2 1 R 0
396 8267 19857 591 19870 565 3500 1 0 0 0 0 0 0 0 0 2 1 R 0
397 8287 18930 596 18957 567 4227 1 0 0 0 0 0 0 0 0 1 1 R 0
398 8309 21312 603 20168 572 6233 1 0 4 0 0 0 0 0 0 1 1 R 0
399 8327 18069 744 18118 692 3499 1 0 0 0 0 0 0 0 0 2 1 R 0
400 8347 18384 1754 18432 1729 3321 1 0 0 0 0 1 0 0 0 1 1 R 0
401 8371 22533 624 21032 600 3052 1 0 4 0 0 0 0 0 0 2 1 R 0
402 8391 19276 588 19320 544 3800 1 0 0 0 0 0 0 0 0 1 1 R 0
403 8412 20132 577 20150 554 3742 1 0 0 0 0 0 0 0 0 1 1 R 0
404 8429 16803 2733 16879 2088 3363 1 0 0 0 1 0 0 0 0 1 1 R 0
405 8458 26379 658 24255 617 6839 1 0 4 0 0 0 0 0 0 2 1 R 0
406 8476 17737 705 17777 664 3185 1 0 0 0 0 0 0 0 0 2 1 R 0
407 8498 20408 587 20430 557 5087 1 0 0 0 0 0 0 0 0 1 1 R 0
408 8519 21324 966 20165 941 3303 1 0 4 0 0 0 0 0 0 2 1 R 0
409 8538 17469 760 17512 704 3200 1 0 0 0 0 0 0 0 0 1 1 R 0
410 8557 18700 717 18748 681 3101 1 0 0 0 0 0 0 0 0 2 1 R 0
411 8580 21641 1572 20683 1550 3151 1 0 4 0 0 0 0 0 0 2 1 R 0
412 8601 19363 566 19367 541 3850 1 0 0 0 0 0 0 0 0 1 1 R 0
413 8620 18550 1091 18592 1089 3469 1 0 0 0 0 0 0 0 0 1 1 R 0
414 8638 17116 724 17133 675 3142 1 0 0 0 0 0 0 0 0 1 1 R 0
415 8662 23744 582 20662 554 6988 1 0 5 0 0 0 0 0 0 2 1 R 0
416 8683 19663 590 19690 566 4214 1 0 0 0 0 0 0 0 0 1 1 R 0
417 8702 18967 655 19028 595 3745 1 0 0 0 0 0 0 0 0 1 1 R 0
418 8725 22143 595 20893 564 3595 1 0 4 0 0 0 0 0 0 2 1 R 0
419 8743 17274 558 17317 511 3693 1 0 0 0 0 0 0 0 0 1 1 R 0
420 8769 25374 969 25450 901 10782 1 0 0 0 0 0 0 0 0 2 1 R 0
421 8790 20641 579 19477 557 3786 1 0 4 0 0 0 0 0 0 1 1 R 0
422 8811 19628 623 19655 595 3817 1 0 0 0 0 0 0 0 0 2 1 R 0
423 8829 18155 1383 18210 1337 4029 1 0 0 0 0 0 0 0 0 1 1 R 0
424 8855 23857 784 21033 749 3128 1 0 5 0 0 0 0 0 0 2 1 R 0
425 8879 23873 7100 19094 879 3885 1 0 3 0 0 0 0 0 0 0 1 R 2
426 8919 32477 662 19467 619 20292 1 2 0 0 0 0 0 0 0 2 1 R 0
427 8940 20143 1594 18351 1568 4590 1 0 4 0 0 0 0 0 0 1 1 R 0
428 8959 17253 726 17278 686 3385 1 0 0 0 0 0 0 0 0 2 1 R 0
429 8978 18821 857 18865 818 3069 1 0 0 0 0 0 0 0 0 1 1 R 0
430 9002 23011 589 21895 562 4383 1 0 4 0 0 0 0 0 0 2 1 R 0
431 9022 19670 685 19695 661 3780 1 0 0 0 0 0 0 0 0 1 1 R 0
432 9042 18999 590 19023 557 3584 1 0 0 0 0 0 0 0 0 1 1 R 0
433 9065 22604 774 20676 761 3747 1 0 5 0 0 0 0 0 0 1 1 R 0
434 9085 18829 594 18832 566 3772 1 0 0 0 0 0 0 0 0 2 1 R 0
435 9108 22353 590 22381 562 7735 1 0 0 0 0 0 0 0 0 1 1 R 0
436 9128 19303 575 19323 549 3792 1 0 0 0 0 0 0 0 0 1 1 R 0
437 9148 20087 751 19116 727 5918 1 0 4 0 0 0 0 0 0 2 1 R 0
438 9168 19056 670 19056 640 3404 1 0 0 0 0 0 0 0 0 1 1 R 0
439 9187 18523 1032 18574 985 3315 1 0 0 0 0 0 0 0 0 1 1 R 0
440 9210 21579 1001 20490 981 3831 1 0 4 0 0 0 0 0 0 2 1 R 0
441 9229 18419 601 18429 852 3950 1 0 0 0 0 0 0 0 0 1 1 R 0
442 9249 19006 2194 18767 983 3596 1 0 0 0 1 0 0 0 0 2 1 R 0
443 9269 17987 818 18025 1697 3151 1 0 0 0 1 0 0 0 0 1 1 R 0
444 9292 22356 634 20059 605 3469 1 0 3 0 0 0 0 0 0 1 1 R 0
445 9312 19068 579 19089 556 3729 1 0 0 0 0 0 0 0 0 1 1 R 0
446 9333 20079 581 20101 562 4043 1 0 0 0 0 1 0 0 0 2 1 R 0
447 9356 22736 880 21589 773 3157 1 0 4 0 0 0 0 0 0 2 1 R 0
448 9375 18131 697 18161 661 3734 1 0 0 0 0 0 0 0 0 1 1 R 0
449 9398 21905 606 21350 577 4364 1 0 1 0 0 0 0 0 0 2 1 R 0
450 9423 24546 585 23410 559 7908 1 0 4 0 0 0 0 0 0 1 1 R 0
451 9443 19751 625 19777 598 3449 1 0 0 0 0 0 0 0 0 1 1 R 0
452 9463 19537 696 18637 666 3162 1 0 1 0 0 0 0 0 0 2 1 R 0
453 9486 22237 576 21016 548 4031 1 0 4 0 0 0 0 0 0 1 1 R 0
454 9506 19427 598 19445 574 4328 1 0 0 0 0 0 0 0 0 1 1 R 0
455 9525 18731 738 18758 719 4195 1 0 0 0 0 0 0 0 0 1 1 R 0
456 9546 19519 706 19559 665 4116 1 0 0 0 0 0 0 0 0 2 1 R 0
457 9567 20511 598 19607 569 5471 1 0 4 0 0 0 0 0 0 2 1 R 0
458 9586 18712 932 18785 858 4121 1 0 0 0 0 0 0 0 0 1 1 R 0
459 9606 19346 637 19377 602 4283 1 0 0 0 0 0 0 0 0 1 1 R 0
460 9628 20831 933 19667 893 4375 1 0 4 0 0 0 0 0 0 1 1 R 0
461 9648 18991 840 19020 797 3988 1 0 0 0 0 1 0 0 0 1 1 R 0
462 9668 19116 730 18238 677 4522 1 0 1 0 0 0 0 0 0 2 1 R 0
463 9688 19006 715 19064 666 3737 1 0 0 0 0 0 0 0 0 2 1 R 0
464 9710 21235 984 20288 971 5892 1 0 4 0 0 0 0 0 0 2 1 R 0
465 9732 21697 705 21711 688 8055 1 0 0 0 0 0 0 0 0 1 1 R 0
466 9753 19643 592 19658 557 3816 1 0 0 0 0 0 0 0 0 1 1 R 0
467 9774 21084 763 20110 680 3313 1 0 4 0 0 0 0 0 0 1 1 R 0
468 9793 17905 696 17946 653 3677 1 0 0 0 0 0 0 0 0 1 1 R 0
469 9814 19980 641 19994 615 4011 1 0 0 0 0 0 0 0 0 2 1 R 0
470 9836 21591 659 20766 617 4267 1 0 4 0 0 0 0 0 0 1 1 R 0
471 9857 20140 575 19114 549 4292 1 0 1 0 0 0 0 0 0 2 1 R 0
472 9875 17516 719 17578 658 3662 1 0 0 0 0 0 0 0 0 2 1 R 0
473 9894 18902 789 18970 743 4679 1 0 0 0 0 0 0 0 0 0 1 R 0
474 9917 22211 611 21033 582 7061 1 0 4 0 0 0 0 0 0 2 1 R 0
475 9938 19752 585 19778 549 4431 1 0 0 0 0 0 0 0 0 2 1 R 0
476 9957 18485 902 18533 873 3834 1 0 0 0 0 0 0 0 0 0 1 R 0
477 9978 20139 715 19064 677 3494 1 0 4 0 0 0 0 0 0 2 1 R 0
478 9997 18208 756 18250 717 3586 1 0 0 0 0 0 0 0 0 2 1 R 0
479 10016 18199 1056 18466 791 3235 1 0 0 0 0 0 0 0 0 1 1 R 0
480 10039 22452 603 22460 570 8316 1 0 0 0 0 0 0 0 0 2 1 R 0
481 10063 23227 622 20411 584 3882 1 0 5 0 0 0 0 0 0 1 1 R 0
482 10081 17501 803 17566 739 3305 1 0 0 0 0 0 0 0 0 2 1 R 0
483 10102 20428 693 19926 665 3511 1 0 1 0 0 0 0 0 0 1 1 R 0
484 10125 21977 584 21031 555 3239 1 0 4 0 0 0 0 0 0 2 1 R 0
485 10145 19320 841 19358 803 4196 1 0 0 0 0 0 0 0 0 1 1 R 0
486 10165 19199 626 19227 599 4087 1 0 0 0 0 0 0 0 0 2 1 R 0
487 10188 22690 645 21278 620 3693 1 0 4 0 0 0 0 0 0 1 1 R 0
488 10208 19246 600 19265 570 3820 1 0 0 0 0 0 0 0 0 1 1 R 0
489 10227 18557 792 18643 711 3256 1 0 0 0 0 0 0 0 0 2 1 R 0
490 10248 19384 600 19399 572 4453 1 0 0 0 0 0 0 0 0 0 1 R 0
491 10271 22511 568 20257 547 5246 1 0 5 0 0 0 0 0 0 2 1 R 0
492 10289 17273 739 17299 738 3077 1 0 0 0 0 0 0 0 0 1 1 R 0
493 10307 18236 831 18282 773 3443 1 0 0 0 0 0 0 0 0 2 1 R 0
494 10331 22439 578 21286 553 3406 1 0 4 0 0 0 0 0 0 2 1 R 0
495 10354 22206 602 22229 573 8759 1 0 0 0 0 0 0 0 0 1 1 R 0
496 10372 17974 641 18001 617 3087 1 0 0 0 0 0 0 0 0 2 1 R 0
497 10394 20777 1028 19659 998 3227 1 0 4 0 0 0 0 0 0 1 1 R 0
498 10413 18552 698 18572 668 3273 1 0 0 0 0 0 0 0 0 1 1 R 0
499 10433 19472 584 19476 562 4174 1 0 0 0 0 0 0 0 0 2 1 R 0
500 10454 19694 606 19718 575 3923 1 0 0 0 0 0 0 0 0 1 1 R 0
501 10476 21733 601 19572 569 6972 1 0 5 0 0 0 0 0 0 1 1 R 0
502 10494 17392 727 17432 695 3620 1 0 0 0 0 0 0 0 0 2 1 R 0
503 10514 18960 1644 18994 1634 4758 1 0 0 0 0 1 0 0 0 2 1 R 0
504 10537 22000 600 20897 567 4380 1 0 4 0 0 0 0 0 0 1 1 R 0
505 10557 19375 589 19401 564 4170 1 0 0 0 0 0 0 0 0 1 1 R 0
506 10575 17434 763 17468 725 3563 1 0 0 0 0 0 0 0 0 2 1 R 0
507 10594 18306 715 18353 665 4039 1 0 0 0 0 0 0 0 0 2 1 R 0
508 10617 21663 876 20696 849 6257 1 0 4 0 0 0 0 0 0 2 1 R 0
509 10637 19055 597 19060 570 4222 1 0 0 0 0 0 0 0 0 1 1 R 0
510 10668 30938 1418 27928 1387 8120 1 0 2 0 0 0 0 0 0 1 1 R 0
511 10703 33134 545 25715 513 7238 1 0 9 0 0 0 0 0 0 2 1 R 0
512 10736 33143 625 18731 579 21536 1 2 0 0 0 0 0 0 0 2 1 R 0
513 10758 20898 577 19930 542 6286 1 0 4 0 0 0 0 0 0 1 1 R 0
514 10778 19215 605 19250 573 3884 1 0 0 0 0 0 0 0 0 1 1 R 0
515 10796 17643 923 17749 809 3309 1 0 0 0 0 0 0 0 0 2 1 R 0
516 10819 22377 603 21046 982 4641 1 0 4 0 0 0 0 0 0 1 1 R 0
517 10839 19318 616 18936 587 3732 1 0 0 0 0 0 0 0 0 1 1 R 0
518 10861 21324 572 20498 545 3844 1 0 1 0 0 0 0 0 0 2 1 R 0
519 10879 17748 3642 17807 2557 4058 1 0 0 0 2 0 0 0 0 1 1 R 0
520 10904 20961 662 20275 622 3362 1 0 2 0 0 0 0 0 0 2 1 R 0
521 10922 17766 715 17824 667 3053 1 0 0 0 0 0 0 0 0 2 1 R 0
522 10943 19902 593 19925 560 4210 1 0 0 0 0 0 0 0 0 1 1 R 0
523 10965 21577 767 20439 747 3957 1 0 4 0 0 0 0 0 0 2 1 R 0
524 10984 18242 714 18268 679 3898 1 0 0 0 0 0 0 0 0 1 1 R 0
525 11006 21201 971 21279 895 6454 1 0 0 0 0 0 0 0 0 2 1 R 0
526 11028 20766 716 19417 691 3648 1 0 4 0 0 0 0 0 0 2 1 R 0
527 11048 19678 599 19684 566 3944 1 0 0 0 0 0 0 0 0 1 1 R 0
528 11070 20640 1107 19159 1090 3879 1 0 1 0 0 0 0 0 0 0 1 R 0
529 11088 17225 764 17254 718 3100 1 0 0 0 0 0 0 0 0 2 1 R 0
530 11110 21112 1457 19360 1445 4568 1 0 4 0 0 0 0 0 0 1 1 R 0
531 11129 17276 813 17279 787 3272 1 0 0 0 0 0 0 0 0 2 1 R 0
532 11152 22250 589 20783 559 3807 1 0 1 0 0 0 0 0 0 2 1 R 0
533 11174 21772 693 20194 665 3904 1 0 4 0 0 0 0 0 0 0 1 R 0
534 11193 18231 687 18275 647 3165 1 0 0 0 0 0 0 0 0 2 1 R 0
535 11214 20309 572 20324 543 4770 1 0 0 0 0 0 0 0 0 1 1 R 0
536 11235 20958 777 19784 730 3163 1 0 4 0 0 0 0 0 0 2 1 R 0
537 11256 19457 620 19483 579 3949 1 0 0 0 0 0 0 0 0 1 1 R 0
538 11276 20056 605 19101 575 5655 1 0 1 0 0 0 0 0 0 1 1 R 0
539 11295 18078 726 18141 658 3609 1 0 0 0 0 0 0 0 0 2 1 R 0
540 11319 23513 605 22551 573 8585 1 0 4 0 0 0 0 0 0 2 1 R 0
541 11337 16945 1129 17046 1037 3135 1 0 0 0 0 0 0 0 0 2 1 R 0
542 11359 20772 641 20789 613 4837 1 0 0 0 0 0 0 0 0 1 1 R 0
543 11382 22881 708 21432 688 3744 1 0 4 0 0 0 0 0 0 2 1 R 0
544 11399 16039 1683 16101 1670 3160 1 0 0 0 0 0 0 0 0 1 1 R 0
545 11422 21461 638 21464 565 4698 1 0 0 0 0 0 0 0 0 2 1 R 0
546 11444 21688 779 20788 770 3932 1 0 4 0 0 0 0 0 0 1 1 R 0
547 11465 20250 706 19391 691 4214 1 0 1 0 0 0 0 0 0 1 1 R 0
548 11486 19816 679 19837 652 4364 1 0 0 0 0 0 0 0 0 1 1 R 0
549 11505 17930 776 18072 620 3613 1 0 0 0 0 0 0 0 0 2 1 R 0
550 11526 20971 603 20017 576 5412 1 0 4 0 0 0 0 0 0 1 1 R 0
551 11546 18640 911 18713 838 3566 1 0 0 0 0 0 0 0 0 2 1 R 0
552 11565 18712 829 18737 815 4517 1 0 0 0 0 0 0 0 0 1 1 R 0
553 11587 21252 585 20161 558 4247 1 0 4 0 0 0 0 0 0 1 1 R 0
554 11606 17957 952 18001 912 3089 1 0 0 0 0 1 0 0 0 2 1 R 0
555 11629 22624 936 22638 919 7254 1 0 0 0 0 0 0 0 0 2 1 R 0
556 11648 17659 821 17691 791 3304 1 0 0 0 0 0 0 0 0 1 1 R 0
557 11673 23774 631 20890 607 4216 1 0 5 0 0 0 0 0 0 1 1 R 0
558 11693 19322 658 19372 611 3530 1 0 0 0 0 0 0 0 0 1 1 R 0
559 11711 17874 699 17915 664 3167 1 0 0 0 0 0 0 0 0 2 1 R 0
560 11734 22147 619 20960 590 3535 1 0 4 0 0 0 0 0 0 1 1 R 0
561 11752 17943 769 18018 703 3118 1 0 0 0 0 0 0 0 0 2 1 R 0
562 11773 19566 640 19582 607 4309 1 0 0 0 0 0 0 0 0 1 1 R 0
563 11796 22627 566 21608 544 3715 1 0 4 0 0 0 0 0 0 1 1 R 0
564 11814 17430 721 17476 668 3724 1 0 0 0 0 0 0 0 0 2 1 R 0
565 11835 19751 791 19792 756 4223 1 0 0 0 0 0 0 0 0 2 1 R 0
566 11855 19656 602 19677 569 3538 1 0 0 0 0 0 0 0 0 1 1 R 0
567 11877 21644 619 19061 581 6169 1 0 5 0 0 0 0 0 0 1 1 R 0
568 11897 18876 625 18917 588 4117 1 0 0 0 0 0 0 0 0 2 1 R 0
569 11915 17472 703 17516 657 3599 1 0 0 0 0 0 0 0 0 2 1 R 0
570 11942 26182 629 24735 599 7738 1 0 4 0 0 0 0 0 0 1 1 R 0
571 11960 17271 1402 17313 1391 3093 1 0 0 0 0 0 0 0 0 2 1 R 0
572 11981 20211 647 20210 624 4208 1 0 0 0 0 0 0 0 0 1 1 R 0
573 12005 23399 550 22534 538 3360 1 0 4 0 0 1 0 0 0 2 1 R 0
574 12023 17476 706 17506 661 3541 1 0 0 0 0 0 0 0 0 1 1 R 0
575 12045 20555 775 20626 716 5136 1 0 0 0 0 0 0 0 0 2 1 R 0
576 12065 19397 595 19410 571 4415 1 0 0 0 0 0 0 0 0 1 1 R 0
577 12087 21978 635 19968 603 6143 1 0 5 0 0 0 0 0 0 1 1 R 0
578 12109 20707 597 20282 565 4273 1 0 1 0 0 0 0 0 0 2 1 R 0
579 12127 17562 729 17626 674 3148 1 0 0 0 0 0 0 0 0 2 1 R 0
580 12151 23775 1016 22351 942 4962 1 0 4 0 0 0 0 0 0 2 1 R 0
581 12173 20522 582 20543 554 3765 1 0 0 0 0 0 0 0 0 1 1 R 0
582 12192 18924 588 18947 566 3829 1 0 0 0 0 0 0 0 0 1 1 R 0
583 12217 23855 1008 21521 994 3711 1 0 5 0 0 0 0 0 0 1 1 R 0
584 12235 17206 671 17239 634 3378 1 0 0 0 0 0 0 0 0 1 1 R 0
585 12262 26169 695 26221 634 9967 1 0 0 0 0 0 0 0 0 2 1 R 0
586 12286 23199 607 21270 581 5490 1 0 5 0 0 0 0 0 0 2 1 R 0
587 12305 18962 580 18987 549 4136 1 0 0 0 0 0 0 0 0 1 1 R 0
588 12323 17325 740 17396 665 3613 1 0 0 0 0 0 0 0 0 2 1 R 0
589 12344 20318 724 20391 666 4985 1 0 0 0 0 0 0 0 0 1 1 R 0
590 12367 21644 701 20535 653 4396 1 0 4 0 0 0 0 0 0 2 1 R 0
591 12386 18767 601 18790 565 4229 1 0 0 0 0 0 0 0 0 1 1 R 0
592 12406 19554 598 19584 570 4423 1 0 0 0 0 0 0 0 0 1 1 R 0
593 12427 19974 717 18861 669 3648 1 0 4 0 0 0 0 0 0 2 1 R 0
594 12446 18535 941 18558 910 3327 1 0 0 0 0 0 0 0 0 1 1 R 0
595 12467 19928 589 19937 563 3597 1 0 0 0 0 0 0 0 0 2 1 R 0
596 12488 20363 604 18934 573 5713 1 0 1 0 0 0 0 0 0 1 1 R 0
597 12511 22024 665 21089 625 5898 1 0 4 0 0 0 0 0 0 1 1 R 0
598 12528 16916 691 16964 651 3287 1 0 0 0 0 0 0 0 0 2 1 R 0
599 12548 18960 740 19016 684 3701 1 0 0 0 0 0 0 0 0 2 1 R 0
600 12574 25221 600 24132 576 6298 1 0 4 0 0 0 0 0 0 2 1 R 0
601 12594 19238 569 19258 538 3759 1 0 0 0 0 0 0 0 0 1 1 R 0
602 12613 19017 593 19042 567 3950 1 0 0 0 0 0 0 0 0 1 1 R 0
603 12635 21450 806 20193 744 3288 1 0 4 0 0 0 0 0 0 2 1 R 0
604 12654 18320 741 18345 720 3559 1 0 0 0 0 0 0 0 0 0 1 R 0
605 12676 20401 1216 19396 1199 3610 1 0 1 0 0 1 0 0 0 2 1 R 0
606 12696 19318 602 19331 576 4447 1 0 0 0 0 0 0 0 0 1 1 R 0
607 12718 21295 577 20502 552 5811 1 0 4 0 0 0 0 0 0 2 1 R 0
608 12736 17611 716 17659 667 3255 1 0 0 0 0 0 0 0 0 1 1 R 0
609 12756 19358 796 19419 829 4038 1 0 0 0 0 0 0 0 0 2 1 R 0
610 12778 21331 607 19969 581 3577 1 0 4 0 0 0 0 0 0 1 1 R 0
611 12798 18935 591 18961 558 3985 1 0 0 0 0 0 0 0 0 1 1 R 0
612 12818 19988 601 20015 578 3701 1 0 0 0 0 0 0 0 0 2 1 R 0
613 12836 17147 1139 17206 1078 3149 1 0 0 0 0 0 0 0 0 1 1 R 0
614 12859 21433 833 20529 786 6942 1 0 4 0 0 0 0 0 0 1 1 R 0
615 12884 24176 591 22650 561 6954 1 0 1 0 0 0 0 0 0 2 1 R 0
616 12905 20214 585 19885 560 4844 1 0 1 0 0 0 0 0 0 1 1 R 0
617 12926 20772 651 19515 621 5953 1 0 4 0 0 0 0 0 0 1 1 R 0
618 12944 17789 773 17878 689 3704 1 0 0 0 0 0 0 0 0 2 1 R 0
619 12965 19578 691 19611 663 4873 1 0 0 0 0 0 0 0 0 2 1 R 0
620 12988 22063 605 20993 582 4380 1 0 4 0 0 0 0 0 0 1 1 R 0
621 13007 19127 582 19145 554 4360 1 0 0 0 0 0 0 0 0 1 1 R 0
622 13027 19639 613 19668 587 3648 1 0 0 0 0 0 0 0 0 2 1 R 0
623 13045 17391 719 17443 671 3650 1 0 0 0 0 0 0 0 0 1 1 R 0
624 13067 21273 745 20213 690 6484 1 0 4 0 0 0 0 0 0 2 1 R 0
625 13089 20911 582 19904 557 4586 1 0 1 0 0 0 0 0 0 2 1 R 0
626 13108 18621 605 18645 576 3789 1 0 0 0 0 0 0 0 0 1 1 R 0
627 13133 24237 711 22528 685 3259 1 0 5 0 0 0 0 0 0 1 1 R 0
628 13152 17889 733 17919 714 3192 1 0 0 0 0 0 0 0 0 1 1 R 0
629 13172 19583 798 19603 761 3960 1 0 0 0 0 0 0 0 0 3 1 R 0
630 13198 24652 605 23509 579 6451 1 0 4 0 0 0 0 0 0 1 1 R 0
631 13218 19829 603 19847 577 3754 1 0 0 0 0 0 0 0 0 1 1 R 0
632 13237 18400 686 18447 645 3437 1 0 0 0 0 0 0 0 0 2 1 R 0
633 13256 17909 728 17952 670 3122 1 0 0 0 0 0 0 0 0 1 1 R 0
634 13281 24490 566 22351 537 6645 1 0 5 0 0 0 0 0 0 2 1 R 0
635 13301 19189 570 19207 546 3658 1 0 0 0 0 0 0 0 0 1 1 R 0
636 13321 19635 577 19659 553 3854 1 0 0 0 0 0 0 0 0 2 1 R 0
637 13344 22837 758 21579 665 4702 1 0 4 0 0 0 0 0 0 1 1 R 0
638 13418 73368 746 24063 729 27689 1 4 2 0 1 161 0 0 0 1 0 R 0
639 13447 28067 790 17893 776 2537 1 0 2 0 1 39 0 0 0 2 0 R 0
640 13464 16147 593 14618 554 2187 1 0 0 0 0 0 0 0 0 0 1 R 0
641 13499 34741 880 20784 861 22081 1 2 0 0 0 1 0 0 0 2 1 R 0
642 13519 18497 607 18524 565 3752 1 0 0 0 0 0 0 0 0 1 1 R 0
643 13539 19972 1156 20001 1152 3351 1 0 0 0 1 0 0 0 0 2 1 R 0
644 13562 21221 811 19501 781 3118 1 0 3 0 0 0 0 0 0 1 1 R 0
645 13585 22516 603 22534 578 7033 1 0 0 0 0 0 0 0 0 2 1 R 0
646 13606 19921 586 19948 558 4263 1 0 0 0 0 0 0 0 0 1 1 R 0
647 13628 21693 603 20583 578 6166 1 0 4 0 0 1 0 0 0 1 1 R 0
648 13648 19679 770 19731 728 4330 1 0 0 0 0 0 0 0 0 2 1 R 0
649 13669 19710 721 19748 679 3060 1 0 0 0 0 0 0 0 0 2 1 R 0
650 13694 24589 797 22561 765 3470 1 0 5 0 0 0 0 0 0 1 1 R 0
651 13715 20278 559 20303 537 4394 1 0 0 0 0 0 0 0 0 1 1 R 0
652 13735 19371 591 19391 560 4399 1 0 0 0 0 0 0 0 0 1 1 R 0
653 13758 22211 591 20891 565 3597 1 0 4 0 0 0 0 0 0 2 1 R 0
654 13777 18344 729 18398 673 3095 1 0 0 0 0 0 0 0 0 2 1 R 0
655 13798 20305 691 20350 648 3812 1 0 0 0 0 0 0 0 0 1 1 R 0
656 13818 19358 602 19379 570 3890 1 0 0 0 0 0 0 0 0 1 1 R 0
657 13842 23255 585 21869 566 4586 1 0 4 0 0 0 0 0 0 2 1 R 0
658 13860 17555 1462 17602 1428 3079 1 0 0 0 0 0 0 0 0 1 1 R 0
659 13883 22278 592 20259 565 3298 1 0 1 0 0 0 0 0 0 2 1 R 0
660 13909 24427 592 23537 564 9504 1 0 4 0 0 0 0 0 0 1 1 R 0
661 13929 19829 602 19857 571 3841 1 0 0 0 0 0 0 0 0 1 1 R 0
662 13951 21090 563 21117 534 3910 1 0 0 0 0 0 0 0 0 2 1 R 0
663 13973 21942 644 20851 614 3038 1 0 4 0 0 0 0 0 0 1 1 R 0
664 13993 18933 662 19008 611 3346 1 0 0 0 0 0 0 0 0 2 1 R 0
665 14013 19556 805 19605 732 3113 1 0 0 0 0 0 0 0 0 1 1 R 0
666 14036 22186 640 21181 621 4076 1 0 4 0 0 0 0 0 0 1 1 R 0
667 14057 20006 593 20024 556 4272 1 0 0 0 0 0 0 0 0 2 1 R 0
668 14075 17912 711 17976 656 3543 1 0 0 0 0 0 0 0 0 1 1 R 0
669 14101 24849 2081 23388 1301 6014 1 0 3 0 3 0 0 0 0 2 1 R 0
670 14122 19520 598 19530 567 3809 1 0 0 0 0 0 0 0 0 2 1 R 0
671 14144 20759 625 20781 599 3854 1 0 0 0 0 0 0 0 0 1 1 R 0
672 14162 18035 710 18076 660 3408 1 0 0 0 0 0 0 0 0 2 1 R 0
673 14187 23641 607 22782 577 3439 1 0 4 0 0 0 0 0 0 1 1 R 0
674 14206 18769 784 18825 735 3892 1 0 0 0 0 0 0 0 0 1 1 R 0
675 14229 22666 1037 22685 1024 8273 1 0 0 0 0 0 0 0 0 2 1 R 0
676 14252 21571 594 20049 560 4053 1 0 4 0 0 0 0 0 0 2 1 R 0
677 14272 19332 719 19370 698 3055 1 0 0 0 0 0 0 0 0 1 1 R 0
678 14294 21049 752 19880 721 3089 1 0 1 0 0 0 0 0 0 1 1 R 0
679 14317 22733 587 21198 562 3319 1 0 4 0 0 0 0 0 0 2 1 R 0
680 14337 19291 600 19319 569 4397 1 0 0 0 0 0 0 0 0 1 1 R 0
681 14359 21011 593 21038 560 3892 1 0 0 0 0 0 0 0 0 2 1 R 0
682 14377 17516 900 17575 847 3180 1 0 0 0 0 0 0 0 0 2 1 R 0
683 14403 25042 658 23782 617 7738 1 0 4 0 0 0 0 0 0 2 1 R 0
684 14423 19269 597 19296 568 3859 1 0 0 0 0 0 0 0 0 1 1 R 0
685 14444 21084 590 21107 562 3841 1 0 0 0 0 0 0 0 0 1 1 R 0
686 14466 21496 605 20401 568 5303 1 0 4 0 0 0 0 0 0 1 1 R 0
687 14488 20852 883 19616 858 3577 1 0 1 0 0 0 0 0 0 2 1 R 0
688 14507 17927 814 17976 757 3142 1 0 0 0 0 0 0 0 0 1 1 R 0
689 14531 23512 581 22469 550 4889 1 0 4 0 0 0 0 0 0 1 1 R 0
690 14553 21784 647 21815 612 8446 1 0 0 0 0 0 0 0 0 1 1 R 0
691 14575 20766 589 20793 564 3109 1 0 0 0 0 0 0 0 0 2 1 R 0
692 14597 21774 585 20429 561 3869 1 0 4 0 0 0 0 0 0 1 1 R 0
693 14618 20364 629 20381 599 3494 1 0 0 0 0 0 0 0 0 2 1 R 0
694 14638 19230 600 19258 568 3830 1 0 0 0 0 0 0 0 0 1 1 R 0
695 14659 20424 586 20454 557 3823 1 0 0 0 0 0 0 0 0 2 1 R 0
696 14682 22165 573 20420 553 4129 1 0 4 0 0 0 0 0 0 1 1 R 0
697 14704 21480 595 20567 564 3140 1 0 1 0 0 0 0 0 0 2 1 R 0
698 14724 19131 642 19161 613 3326 1 0 0 0 0 0 0 0 0 1 1 R 0
699 14746 21812 611 20485 580 3832 1 0 4 0 0 0 0 0 0 1 1 R 0
700 14766 19398 573 19422 547 3871 1 0 0 0 0 0 0 0 0 1 1 R 0
701 14785 18391 725 18462 672 3493 1 0 0 0 0 0 0 0 0 2 1 R 0
702 14808 21913 616 20999 583 4008 1 0 4 0 0 0 0 0 0 2 1 R 0
703 14829 20499 584 20526 551 3738 1 0 0 0 0 0 0 0 0 1 1 R 0
704 14849 19170 799 19203 785 4050 1 0 0 0 0 0 0 0 0 1 1 R 0
705 14875 25916 596 25070 566 6926 1 0 4 0 0 0 0 0 0 2 1 R 0
706 14895 19665 790 18736 751 3563 1 0 1 0 0 0 0 0 0 2 1 R 0
707 14915 19035 1910 19119 1857 3579 1 0 0 0 0 1 0 0 0 1 1 R 0
708 14937 19858 594 19846 563 4351 1 0 0 0 0 0 0 0 0 2 1 R 0
709 14960 22055 1007 21121 990 6519 1 0 4 0 0 0 0 0 0 1 1 R 0
710 14978 17276 714 17326 644 3247 1 0 0 0 0 0 0 0 0 1 1 R 0
711 14998 19722 1154 19807 1117 3266 1 0 0 0 0 0 0 0 0 2 1 R 0
712 15021 21877 592 20799 564 3129 1 0 4 0 0 0 0 0 0 2 1 R 0
713 15042 20335 586 20359 554 3744 1 0 0 0 0 0 0 0 0 1 1 R 0
714 15063 19738 604 19769 574 3878 1 0 0 0 0 0 0 0 0 1 1 R 0
715 15087 23604 534 21583 522 4024 1 0 5 0 0 0 0 0 0 2 1 R 0
716 15105 17872 700 17929 640 3611 1 0 0 0 0 0 0 0 0 1 1 R 0
717 15125 19261 735 19309 682 3786 1 0 0 0 0 0 0 0 0 2 1 R 0
718 15147 21128 612 20674 586 5404 1 0 1 0 0 0 0 0 0 1 1 R 0
719 15171 23044 628 22051 604 6452 1 0 4 0 0 0 0 0 0 1 1 R 0
720 15193 21423 785 21501 713 5907 1 0 0 0 0 0 0 0 0 2 1 R 0
721 15214 20312 668 20360 610 3127 1 0 0 0 0 0 0 0 0 1 1 R 0
722 15236 21428 593 20325 562 3088 1 0 4 0 0 0 0 0 0 1 1 R 0
723 15257 19940 591 19967 562 4331 1 0 0 0 0 0 0 0 0 1 1 R 0
724 15276 19013 642 19037 617 4088 1 0 0 0 0 0 0 0 0 2 1 R 0
725 15302 24637 576 22486 552 3651 1 0 5 0 0 0 0 0 0 2 1 R 0
726 15322 19486 666 19545 605 3653 1 0 0 0 0 0 0 0 0 1 1 R 0
727 15342 19422 767 19495 710 3195 1 0 0 0 0 0 0 0 0 1 1 R 0
728 15364 21934 749 21182 720 3859 1 0 4 0 0 0 0 0 0 2 1 R 0
729 15388 22653 603 22676 572 4275 1 0 0 0 0 0 0 0 0 1 1 R 0
730 15406 17928 869 17978 818 3164 1 0 0 0 0 0 0 0 0 2 1 R 0
731 15428 20396 703 20429 668 5207 1 0 0 0 0 0 0 0 0 2 1 R 0
732 15451 22310 567 21078 542 3390 1 0 4 0 0 0 0 0 0 1 1 R 0
733 15471 20326 575 20350 553 3844 1 0 0 0 0 0 0 0 0 1 1 R 0
734 15493 21236 575 20085 539 3609 1 0 1 0 0 0 0 0 0 2 1 R 0
735 15518 24078 601 23110 577 8380 1 0 4 0 0 0 0 0 0 2 1 R 0
736 15538 19919 590 19942 562 3890 1 0 0 0 0 0 0 0 0 1 1 R 0
737 15559 19799 601 19823 574 3833 1 0 0 0 0 0 0 0 0 1 1 R 0
738 15582 22406 753 20902 732 3761 1 0 4 0 0 0 0 0 0 2 1 R 0
739 15602 18993 685 19037 623 3150 1 0 0 0 0 0 0 0 0 1 1 R 0
740 15622 20016 812 20130 737 3073 1 0 0 0 0 1 0 0 0 2 1 R 0
741 15645 21758 705 20991 689 3078 1 0 4 0 0 0 0 0 0 1 1 R 0
742 15665 19862 731 19875 711 4430 1 0 0 0 0 0 0 0 0 1 1 R 0
743 15686 19842 589 19860 570 4117 1 0 0 0 0 0 0 0 0 1 1 R 0
744 15707 19896 803 18572 741 4998 1 0 1 0 0 0 0 0 0 2 1 R 0
745 15729 21571 676 20627 647 5315 1 0 4 0 0 0 0 0 0 2 1 R 0
746 15749 19764 833 19789 818 3927 1 0 0 0 0 0 0 0 0 2 1 R 0
747 15770 19661 1197 20101 757 3856 1 0 0 0 0 0 0 0 0 1 1 R 0
748 15794 22618 611 21173 580 3370 1 0 4 0 0 0 0 0 0 1 1 R 0
749 15813 18701 826 18737 803 3330 1 0 0 0 0 0 0 0 0 2 1 R 0
750 15837 23126 647 23186 574 7142 1 0 0 0 0 0 0 0 0 1 1 R 0
751 15859 21914 979 20931 964 4312 1 0 4 0 0 0 0 0 0 1 1 R 0
752 15881 20303 573 20308 549 4081 1 0 0 0 0 0 0 0 0 1 1 R 0
753 15903 21438 571 20533 542 3408 1 0 1 0 0 0 0 0 0 2 1 R 0
754 15925 21326 573 20165 547 3550 1 0 4 0 0 0 0 0 0 1 1 R 0
755 15945 19328 727 19387 672 3620 1 0 0 0 0 0 0 0 0 2 1 R 0
756 15965 19997 788 20014 766 4494 1 0 0 0 0 0 0 0 0 1 1 R 0
757 15986 20259 582 20277 548 4290 1 0 0 0 0 0 0 0 0 1 1 R 0
758 16007 20100 822 19163 712 5397 1 0 4 0 0 0 0 0 0 2 1 R 0
759 16027 19130 717 19171 672 3121 1 0 0 0 0 0 0 0 0 1 1 R 0
760 16046 18575 953 18637 896 3754 1 0 0 0 0 0 0 0 0 2 1 R 0
761 16070 22364 946 21128 932 4311 1 0 4 0 0 0 0 0 0 1 1 R 0
762 16090 19225 3099 19234 1597 3783 1 0 1 0 1 0 0 0 0 2 1 R 0
763 16113 19712 769 19741 709 3203 1 0 0 0 0 0 0 0 0 1 1 R 0
764 16136 22306 581 20882 551 3326 1 0 4 0 0 0 0 0 0 3 1 R 0
765 16158 21923 787 22003 712 6540 1 0 0 0 0 0 0 0 0 1 1 R 0
766 16179 19740 596 19764 565 3828 1 0 0 0 0 0 0 0 0 1 1 R 0
767 16199 19780 711 19806 683 3644 1 0 0 0 0 0 0 0 0 1 1 R 0
768 16221 21396 730 19978 646 3162 1 0 4 0 0 0 0 0 0 2 1 R 0
769 16242 20292 620 20307 589 3079 1 0 0 0 0 0 0 0 0 1 1 R 0
770 16262 18886 587 18909 564 3400 1 0 0 0 0 0 0 0 0 2 1 R 0
771 16285 22444 689 21071 666 4049 1 0 4 0 0 0 0 0 0 1 1 R 0
772 16307 21614 826 20622 800 4400 1 0 1 0 0 0 0 0 0 1 1 R 0
773 16328 20000 600 20027 569 4325 1 0 0 0 0 0 0 0 0 2 1 R 0
774 16351 22231 590 20884 559 3542 1 0 4 0 0 0 0 0 0 1 1 R 0
775 16371 20220 637 20246 616 3811 1 0 0 0 0 0 0 0 0 1 1 R 0
776 16392 19717 583 19739 556 3867 1 0 0 0 0 0 0 0 0 2 1 R 0
777 16415 22658 630 21905 564 3739 1 0 4 0 0 0 0 0 0 1 1 R 0
778 16434 18193 729 18245 674 3594 1 0 0 0 0 0 0 0 0 2 1 R 0
779 16454 18966 705 19001 676 3593 1 0 0 0 0 0 0 0 0 1 1 R 0
780 16477 22828 601 22846 566 7982 1 0 0 0 0 0 0 0 0 2 1 R 0
781 16502 24506 588 22220 554 6633 1 0 5 0 0 0 0 0 0 1 1 R 0
782 16521 18058 801 18113 749 3155 1 0 0 0 0 0 0 0 0 1 1 R 0
783 16542 20233 901 20267 871 3300 1 0 0 0 0 0 0 0 0 2 1 R 0
784 16565 21849 589 20919 556 3248 1 0 4 0 0 0 0 0 0 2 1 R 0
785 16586 20738 574 20766 546 4388 1 0 0 0 0 0 0 0 0 1 1 R 0
786 16606 19726 645 19793 577 4374 1 0 0 0 0 0 0 0 0 1 1 R 0
787 16629 21606 858 20264 772 3567 1 0 4 0 0 0 0 0 0 2 1 R 0
788 16648 18298 793 18358 723 3246 1 0 0 0 0 0 0 0 0 2 1 R 0
789 16673 24296 3120 22266 1650 3094 1 0 1 0 2 0 0 0 0 0 1 R 0
790 16699 23020 729 20876 710 4332 1 0 5 0 0 0 0 0 0 1 1 R 0
791 16720 19819 1060 19836 1045 3584 1 0 0 0 0 0 0 0 0 2 1 R 0
792 16738 17545 715 17578 676 3144 1 0 0 0 0 0 0 0 0 2 1 R 0
793 16760 20914 2172 20929 1402 3395 1 0 0 0 4 0 0 0 0 1 1 R 0
794 16782 19915 593 19620 565 4090 1 0 0 0 0 0 0 0 0 2 1 R 0
795 16806 23495 583 23519 554 8331 1 0 0 0 0 0 0 0 0 1 1 R 0
796 16825 18599 695 18648 645 3785 1 0 0 0 0 0 0 0 0 1 1 R 0
797 16848 22171 845 21275 759 4386 1 0 4 0 0 0 0 0 0 2 1 R 0
798 16867 17949 748 17996 693 3163 1 0 0 0 0 0 0 0 0 1 1 R 0
799 16889 21282 583 21305 557 3847 1 0 0 0 0 0 0 0 0 1 1 R 0
800 16912 23093 609 20752 578 3875 1 0 5 0 0 0 0 0 0 2 1 R 0
801 16932 19200 829 19236 809 3440 1 0 0 0 0 0 0 0 0 1 1 R 0
802 16952 19057 709 19095 663 3037 1 0 0 0 0 0 0 0 0 2 1 R 0
803 16976 23159 586 21917 569 3265 1 0 4 0 0 0 0 0 0 2 1 R 0
804 16996 19039 608 19058 578 4473 1 0 0 0 0 0 0 0 0 1 1 R 0
805 17018 21395 655 21423 633 4284 1 0 0 0 0 0 0 0 0 1 1 R 0
806 17036 17953 740 18004 683 3109 1 0 0 0 0 0 0 0 0 2 1 R 0
807 17059 22097 690 21156 662 5243 1 0 4 0 0 0 0 0 0 2 1 R 0
808 17077 17377 770 17443 730 3212 1 0 0 0 0 0 0 0 0 0 1 R 0
809 17102 24042 578 23172 547 4428 1 0 1 0 0 0 0 0 0 2 1 R 0
810 17126 23644 1541 22606 1517 9145 1 0 4 0 0 1 0 0 0 1 1 R 0
811 17147 19399 822 18930 744 4591 1 0 1 0 0 0 0 0 0 2 1 R 0
812 17168 19731 737 19786 677 3807 1 0 0 0 0 0 0 0 0 2 1 R 0
813 17192 23220 590 21655 563 3162 1 0 4 0 0 0 0 0 0 1 1 R 0
814 17212 20079 608 20101 581 3849 1 0 0 0 0 0 0 0 0 1 1 R 0
815 17233 19917 568 19937 545 3704 1 0 0 0 0 0 0 0 0 2 1 R 0
816 17255 21758 762 21055 728 3399 1 0 4 0 0 0 0 0 0 1 1 R 0
817 17276 20202 593 20227 570 4472 1 0 0 0 0 0 0 0 0 1 1 R 0
818 17296 19215 587 19233 562 3946 1 0 0 0 0 0 0 0 0 1 1 R 0
819 17319 22285 668 21080 642 3759 1 0 1 0 0 0 0 0 0 2 1 R 0
820 17343 23270 793 20475 732 3330 1 0 4 0 0 0 0 0 0 1 1 R 0
821 17364 19957 697 20013 649 3073 1 0 0 0 0 0 0 0 0 3 1 R 0
822 17383 18966 691 18992 657 3518 1 0 0 0 0 0 0 0 0 1 1 R 0
823 17406 22360 593 21175 563 3774 1 0 4 0 0 0 0 0 0 1 1 R 0
824 17426 19239 599 19268 562 4225 1 0 0 0 0 0 0 0 0 2 1 R 0
825 17449 22419 1098 22609 933 6553 1 0 0 0 0 0 0 0 0 2 1 R 0
826 17472 21756 686 20649 660 3096 1 0 4 0 0 0 0 0 0 1 1 R 0
827 17492 19107 693 19157 654 3078 1 0 0 0 0 0 0 0 0 2 1 R 0
828 17514 22053 836 20736 748 3858 1 0 1 0 0 1 0 0 0 1 1 R 0
829 17538 22864 584 21874 548 4182 1 0 4 0 0 0 0 0 0 1 1 R 0
830 17557 18484 805 18573 722 3242 1 0 0 0 0 0 0 0 0 1 1 R 0
831 17578 20135 589 20156 561 4447 1 0 0 0 0 0 0 0 0 2 1 R 0
832 17597 18237 739 18294 681 3403 1 0 0 0 0 0 0 0 0 1 1 R 0
833 17622 24188 597 22784 575 3778 1 0 4 0 0 1 0 0 0 1 1 R 0
834 17642 19273 800 19344 723 3485 1 0 0 0 0 0 0 0 0 2 1 R 0
835 17662 19078 827 19165 743 3100 1 0 0 0 0 0 0 0 0 1 1 R 0
836 17687 23986 728 23145 667 3537 1 0 4 0 0 0 0 0 0 2 1 R 0
837 17712 24642 695 23250 644 4231 1 0 1 0 0 0 0 0 0 3 1 R 0
838 17732 19780 790 19805 767 4255 1 0 0 0 0 0 0 0 0 1 1 R 0
839 17756 22714 647 21639 613 3050 1 0 4 0 0 0 0 0 0 2 1 R 0
840 17778 21680 598 21711 564 6897 1 0 0 0 0 0 0 0 0 2 1 R 0
841 17800 20827 1007 20858 993 4034 1 0 0 0 0 0 0 0 0 2 1 R 0
842 17823 22123 874 21115 822 3812 1 0 4 0 0 0 0 0 0 0 1 R 0
843 17844 20063 590 20084 561 3768 1 0 0 0 0 0 0 0 0 2 1 R 0
844 17863 18287 752 18323 717 3346 1 0 0 0 0 0 0 0 0 1 1 R 0
845 17887 23532 588 22151 564 3901 1 0 4 0 0 0 0 0 0 2 1 R 0
846 17908 20592 597 19543 568 4371 1 0 1 0 0 0 0 0 0 1 1 R 0
847 17929 20576 590 20596 568 3829 1 0 0 0 0 0 0 0 0 1 1 R 0
848 17950 19895 1170 19340 1137 3141 1 0 1 0 1 0 0 0 0 2 1 R 0
849 17973 21710 589 20042 558 3268 1 0 3 0 0 0 0 0 0 2 1 R 0
850 17992 18441 683 18482 649 3133 1 0 0 0 0 0 0 0 0 1 1 R 0
851 18013 20925 586 20946 554 3835 1 0 0 0 0 0 0 0 0 1 1 R 0
852 18036 22005 600 20684 566 4032 1 0 4 0 0 0 0 0 0 1 1 R 0
853 18055 18405 684 18447 651 3721 1 0 0 0 0 0 0 0 0 2 1 R 0
854 18074 18692 790 18735 732 4094 1 0 0 0 0 0 0 0 0 2 1 R 0
855 18102 26564 581 25438 559 6860 1 0 4 0 0 0 0 0 0 1 1 R 0
856 18123 20491 660 19466 632 3872 1 0 1 0 0 0 0 0 0 1 1 R 0
857 18144 20309 598 20322 569 3847 1 0 0 0 0 0 0 0 0 2 1 R 0
858 18166 21536 736 20284 735 3047 1 0 4 0 0 0 0 0 0 1 1 R 0
859 18186 19734 604 19728 570 3518 1 0 0 0 0 0 0 0 0 2 1 R 0
860 18206 19395 571 19429 542 4032 1 0 0 0 0 0 0 0 0 1 1 R 0
861 18227 20235 596 20261 562 4339 1 0 0 0 0 0 0 0 0 1 1 R 0
862 18249 20967 751 19809 742 5705 1 0 4 0 0 0 0 0 0 1 1 R 0
863 18268 18543 773 18578 720 3088 1 0 0 0 0 0 0 0 0 2 1 R 0
864 18288 19272 790 19324 730 3129 1 0 0 0 0 0 0 0 0 2 1 R 0
865 18312 23737 585 21475 560 3440 1 0 5 0 0 0 0 0 0 2 1 R 0
866 18333 19815 577 19838 553 4059 1 0 0 0 0 0 0 0 0 0 1 R 0
867 18354 20769 596 20790 565 3551 1 0 0 0 0 0 0 0 0 2 1 R 0
868 18377 22533 575 20805 547 3852 1 0 4 0 0 0 0 0 0 2 1 R 0
869 18397 18886 792 18944 745 3844 1 0 0 0 0 0 0 0 0 1 1 R 0
870 18420 22201 977 22216 965 6128 1 0 0 0 0 0 0 0 0 2 1 R 0
871 18443 22645 599 21935 547 3822 1 0 4 0 0 0 0 0 0 1 1 R 0
872 18463 19295 1229 19363 1236 3371 1 0 0 0 0 0 0 0 0 2 1 R 0
873 18484 18997 664 18960 620 3117 1 0 0 0 0 0 0 0 0 1 1 R 0
874 18502 18173 885 18243 828 3071 1 0 0 0 0 0 0 0 0 2 1 R 0
875 18528 24291 608 22061 574 6146 1 0 5 0 0 0 0 0 0 1 1 R 0
876 18547 19155 608 19181 581 4453 1 0 0 0 0 0 0 0 0 1 1 R 0
877 18567 18851 975 18894 934 3206 1 0 0 0 0 0 0 0 0 2 1 R 0
878 18589 21129 691 19765 648 3185 1 0 4 0 0 0 0 0 0 1 1 R 0
879 18609 19527 738 19581 698 3145 1 0 0 0 0 0 0 0 0 3 1 R 0
880 18629 19573 1004 19579 987 4079 1 0 0 0 0 0 0 0 0 1 1 R 0
881 18653 22813 741 22208 537 4047 1 0 4 0 0 0 0 0 0 1 1 R 0
882 18673 18955 711 18993 690 3097 1 0 0 0 0 0 0 0 0 1 1 R 0
883 18694 20729 577 20737 546 3093 1 0 0 0 0 0 0 0 0 2 1 R 0
884 18715 20504 717 19004 704 3822 1 0 1 0 0 0 0 0 0 2 1 R 0
885 18743 26966 1144 25074 1111 11093 1 0 5 0 0 0 0 0 0 1 1 R 0
886 18764 20131 594 20149 567 4242 1 0 0 0 0 0 0 0 0 1 1 R 0
887 18784 19349 729 19401 677 3517 1 0 0 0 0 0 0 0 0 2 1 R 0
888 18807 21479 752 20451 729 4814 1 0 4 0 0 0 0 0 0 1 1 R 0
889 18827 19247 733 19303 669 3629 1 0 0 0 0 0 0 0 0 2 1 R 0
890 18847 19630 606 19654 573 4448 1 0 0 0 0 0 0 0 0 1 1 R 0
891 18871 23344 577 21726 551 4475 1 0 4 0 0 0 0 0 0 2 1 R 0
892 18889 17708 684 17748 652 3069 1 0 0 0 0 0 0 0 0 1 1 R 0
893 18913 23015 658 21239 617 3516 1 0 1 0 0 0 0 0 0 2 1 R 0
894 18935 21178 722 20194 700 3361 1 0 4 0 0 0 0 0 0 1 1 R 0
895 18956 20397 645 20413 616 4382 1 0 0 0 0 0 0 0 0 1 1 R 0
896 18975 18281 719 18336 667 3614 1 0 0 0 0 0 0 0 0 2 1 R 0
897 18995 19715 822 19766 779 3607 1 0 0 0 0 0 0 0 0 1 1 R 0
898 19018 21868 608 20702 572 6468 1 0 4 0 0 0 0 0 0 2 1 R 0
899 19039 20067 587 20099 554 3434 1 0 0 0 0 0 0 0 0 1 1 R 0
900 19062 22534 631 22568 598 8389 1 0 0 0 0 0 0 0 0 1 1 R 0
901 19085 22576 597 21755 567 3343 1 0 4 0 0 0 0 0 0 2 1 R 0
902 19104 18632 809 18691 758 3594 1 0 0 0 0 0 0 0 0 1 1 R 0
903 19127 21786 596 20898 565 3690 1 0 1 0 0 0 0 0 0 1 1 R 0
904 19151 23522 578 21834 549 5346 1 0 5 0 0 0 0 0 0 1 1 R 0
905 19172 20183 615 20202 597 3236 1 0 0 0 0 0 0 0 0 3 1 R 0
906 19190 17565 1504 17623 1458 3115 1 0 0 0 0 0 0 0 0 1 1 R 0
907 19214 22588 731 21423 734 3378 1 0 4 0 0 0 0 0 0 1 1 R 0
908 19235 19996 598 19989 569 4336 1 0 0 0 0 0 0 0 0 2 1 R 0
909 19255 19787 873 19818 847 4456 1 0 0 0 0 0 0 0 0 1 1 R 0
910 19276 20641 599 20663 566 4153 1 0 0 0 0 0 0 0 0 1 1 R 0
911 19301 24361 585 23266 557 6484 1 0 4 0 0 0 0 0 0 1 1 R 0
912 19324 22446 1623 20868 1609 4515 1 0 1 0 0 1 0 0 0 1 1 R 0
913 19347 20690 845 20705 808 4308 1 0 0 0 0 0 0 0 0 1 1 R 0
914 19370 22047 994 21001 984 6133 1 0 4 0 0 0 0 0 0 2 1 R 0
915 19396 25066 642 25076 608 9519 1 0 0 0 0 0 0 0 0 1 1 R 0
916 19416 19928 663 19957 636 4448 1 0 0 0 0 0 0 0 0 1 1 R 0
917 19440 22684 979 21770 961 6344 1 0 4 0 0 0 0 0 0 1 1 R 0
918 19459 18628 595 18646 934 3792 1 0 0 0 0 0 0 0 0 1 1 R 0
919 19481 20903 567 20553 539 3638 1 0 0 0 0 0 0 0 0 2 1 R 0
920 19503 21749 891 20715 862 3179 1 0 4 0 0 0 0 0 0 1 1 R 0
921 19526 21597 586 20622 555 3327 1 0 1 0 0 0 0 0 0 3 1 R 0
922 19546 20011 588 20040 555 4341 1 0 0 0 0 0 0 0 0 1 1 R 0
923 19569 22152 737 20916 708 4297 1 0 4 0 0 0 0 0 0 1 1 R 0
924 19591 21360 590 21380 557 3795 1 0 0 0 0 0 0 0 0 1 1 R 0
925 19613 21620 625 21650 595 3753 1 0 0 0 0 0 0 0 0 1 1 R 0
926 19635 21399 687 20535 568 3257 1 0 4 0 0 1 0 0 0 2 1 R 0
927 19656 20220 591 20235 560 4142 1 0 0 0 0 0 0 0 0 1 1 R 0
928 19676 19443 596 19474 562 4409 1 0 0 0 0 0 0 0 0 1 1 R 0
929 19696 19312 771 19407 673 3754 1 0 0 0 0 0 0 0 0 2 1 R 0
930 19722 25627 633 23700 594 8282 1 0 5 0 0 0 0 0 0 1 1 R 0
931 19744 20482 584 20511 554 3306 1 0 0 0 0 0 0 0 0 2 1 R 0
932 19763 18931 592 18959 568 4374 1 0 0 0 0 0 0 0 0 1 1 R 0
933 19787 23424 628 22277 595 3736 1 0 4 0 0 0 0 0 0 1 1 R 0
934 19805 17710 704 17749 666 3544 1 0 0 0 0 0 0 0 0 2 1 R 0
935 19827 21285 638 21317 597 4372 1 0 0 0 0 0 0 0 0 1 1 R 0
936 19850 21690 887 20594 869 4031 1 0 4 0 0 0 0 0 0 1 1 R 0
937 19871 20452 631 20474 590 3810 1 0 0 0 0 0 0 0 0 2 1 R 0
938 19891 19302 547 19326 532 3826 1 0 0 0 0 0 0 0 0 1 1 R 0
939 19910 18224 3501 19327 1338 3035 1 0 1 0 3 0 0 0 0 1 1 R 0
940 19934 20818 627 19687 601 3584 1 0 1 0 0 0 0 0 0 2 1 R 0
941 19955 20246 594 20269 562 4348 1 0 0 0 0 0 0 0 0 1 1 R 0
942 19975 19613 693 19663 642 4386 1 0 0 0 0 0 0 0 0 1 1 R 0
943 19998 21928 593 21000 564 5768 1 0 4 0 0 0 0 0 0 1 1 R 0
944 20017 18147 707 18170 682 3144 1 0 0 0 0 0 0 0 0 2 1 R 0
945 20041 23759 594 23779 570 6863 1 0 0 0 0 0 0 0 0 2 1 R 0
946 20063 21395 620 19970 580 3774 1 0 4 0 0 0 0 0 0 1 1 R 0
947 20084 20541 627 20579 580 4077 1 0 0 0 0 0 0 0 0 1 1 R 0
948 20105 19721 742 19289 689 3235 1 0 1 0 0 0 0 0 0 1 1 R 0
949 20129 23256 592 21396 563 3544 1 0 5 0 0 0 0 0 0 3 1 R 0
950 20149 19610 764 19637 745 3712 1 0 0 0 0 0 0 0 0 1 1 R 0
951 20169 19866 970 19883 958 3862 1 0 0 0 0 0 0 0 0 1 1 R 0
952 20190 19398 2623 19406 1697 3803 1 0 1 0 3 0 0 0 0 1 1 R 0
953 20212 19510 706 19520 663 3058 1 0 0 0 0 0 0 0 0 1 1 R 0
954 20232 19080 953 19123 919 3276 1 0 0 0 0 0 0 0 0 3 1 R 0
955 20251 18738 758 18756 720 3136 1 0 0 0 0 0 0 0 0 1 1 R 0
956 20274 21648 577 20349 548 3852 1 0 4 0 0 0 0 0 0 1 1 R 0
957 20294 20112 628 20150 579 4402 1 0 0 0 0 0 0 0 0 2 1 R 0
958 20313 17624 704 17655 678 3579 1 0 0 0 0 0 0 0 0 1 1 R 0
959 20338 24243 666 21836 596 4994 1 0 5 0 0 0 0 0 0 1 1 R 0
960 20361 22476 604 22503 577 7317 1 0 0 0 0 0 0 0 0 1 1 R 0
961 20381 20048 851 20068 833 4003 1 0 0 0 0 0 0 0 0 2 1 R 0
962 20406 24069 695 22469 659 3756 1 0 4 0 0 0 0 0 0 2 1 R 0
963 20427 20049 925 19648 875 3884 1 0 1 0 0 0 0 0 0 2 1 R 0
964 20447 18611 702 18650 676 3174 1 0 0 0 0 0 0 0 0 1 1 R 0
965 20469 21735 645 21745 612 3918 1 0 0 0 0 0 0 0 0 2 1 R 0
966 20491 21630 580 20157 553 4052 1 0 4 0 0 0 0 0 0 1 1 R 0
967 20511 19231 661 19266 623 3111 1 0 0 0 0 0 0 0 0 1 1 R 0
968 20532 19992 904 19073 889 3231 1 0 1 0 0 0 0 0 0 2 1 R 0
969 20556 23390 578 22300 546 3072 1 0 4 0 0 0 0 0 0 2 1 R 0
970 20576 18959 594 18990 566 4193 1 0 0 0 0 0 0 0 0 1 1 R 0
971 20597 20452 593 20476 566 4284 1 0 0 0 0 0 0 0 0 1 1 R 0
972 20618 20347 744 19182 676 3627 1 0 4 0 0 0 0 0 0 1 1 R 0
973 20637 19000 708 19048 658 3057 1 0 0 0 0 0 0 0 0 2 1 R 0
974 20656 17588 830 17660 769 3164 1 0 0 0 0 0 0 0 0 2 1 R 0
975 20682 25133 1893 25225 1037 8924 1 0 1 0 3 0 0 0 0 2 1 R 0
976 20704 20287 596 20286 566 3824 1 0 0 0 0 0 0 0 0 1 1 R 0
977 20725 20389 799 19243 759 3113 1 0 1 0 0 0 0 0 0 1 1 R 0
978 20746 20013 614 20033 586 4466 1 0 0 0 0 0 0 0 0 1 1 R 0
979 20768 22155 588 20931 562 6524 1 0 4 0 0 0 0 0 0 2 1 R 0
980 20788 19295 611 19324 581 3790 1 0 0 0 0 0 0 0 0 1 1 R 0
981 20809 20276 632 20295 601 3245 1 0 0 0 0 0 0 0 0 2 1 R 0
982 20832 21688 679 20701 637 3267 1 0 4 0 0 0 0 0 0 1 1 R 0
983 20853 21209 610 21256 556 3710 1 0 0 0 0 0 0 0 0 1 1 R 0
984 20874 19487 598 19514 569 3808 1 0 0 0 0 0 0 0 0 1 1 R 0
985 20897 23231 603 21723 575 3904 1 0 4 0 0 0 0 0 0 2 1 R 0
986 20919 20871 605 20899 568 3823 1 0 0 0 0 0 0 0 0 1 1 R 0
987 20939 20013 1753 18975 1732 3070 1 0 1 0 0 0 0 0 0 2 1 R 0
988 20959 17887 667 17888 638 3221 1 0 0 0 0 0 0 0 0 2 1 R 0
989 20984 24253 610 22558 578 3682 1 0 4 0 0 0 0 0 0 1 1 R 0
990 21007 22689 592 22719 562 8109 1 0 0 0 0 0 0 0 0 2 1 R 0
991 21026 18240 791 18284 750 3575 1 0 0 0 0 0 0 0 0 1 1 R 0
992 21048 21070 841 20115 800 5574 1 0 4 0 0 0 0 0 0 2 1 R 0
993 21067 18505 680 18534 652 3095 1 0 0 0 0 0 0 0 0 2 1 R 0
994 21088 20025 597 20046 566 4032 1 0 0 0 0 0 0 0 0 1 1 R 0
995 21112 23602 622 21823 590 3815 1 0 4 0 0 0 0 0 0 2 1 R 0
996 21134 21202 821 19866 797 3223 1 0 2 0 0 0 0 0 0 1 1 R 0
997 21155 20085 596 20108 565 4366 1 0 0 0 0 0 0 0 0 2 1 R 0
998 21178 22017 592 20489 564 4524 1 0 4 0 0 0 0 0 0 1 1 R 0
999 21198 19951 590 19977 561 3981 1 0 0 0 0 0 0 0 0 1 1 R 0
1000 21218 19706 570 19728 544 3294 1 0 0 0 0 0 0 0 0 1 1 R 0
1001 21238 18863 711 18917 654 3187 1 0 0 0 0 0 0 0 0 2 1 R 0
1002 21261 22117 612 21088 598 3807 1 0 4 0 0 0 0 0 0 2 1 R 0
1003 21282 20507 629 20510 789 4003 1 0 0 0 0 0 0 0 0 1 1 R 0
1004 21302 19648 588 19488 559 3882 1 0 0 0 0 0 0 0 0 1 1 R 0
1005 21329 26208 679 24228 633 9693 1 0 5 0 0 0 0 0 0 2 1 R 0
1006 21348 18518 730 18573 684 3703 1 0 0 0 0 0 0 0 0 1 1 R 0
1007 21368 19300 740 19352 688 3075 1 0 0 0 0 0 0 0 0 2 1 R 0
1008 21392 22687 606 20868 573 3846 1 0 4 0 0 0 0 0 0 0 1 R 0
1009 21412 20317 583 20340 553 3802 1 0 0 0 0 0 0 0 0 1 1 R 0
1010 21434 20708 583 20737 551 4373 1 0 0 0 0 0 0 0 0 3 1 R 0
1011 21456 22061 664 20820 640 3049 1 0 4 0 0 0 0 0 0 0 1 R 0
1012 21476 18438 778 18475 737 3572 1 0 0 0 0 0 0 0 0 2 1 R 0
1013 21497 20265 600 20288 570 4411 1 0 0 0 0 0 0 0 0 1 1 R 0
1014 21517 19717 1441 19747 1446 4411 1 0 0 0 0 1 0 0 0 1 1 R 0
1015 21542 23198 637 21196 610 5240 1 0 5 0 0 0 0 0 0 2 1 R 0
1016 21561 18507 760 18557 730 3093 1 0 0 0 0 0 0 0 0 1 1 R 0
1017 21581 19790 569 19786 548 3153 1 0 0 0 0 0 0 0 0 1 1 R 0
1018 21621 39028 4695 25059 1979 3844 1 0 11 0 1 0 0 1 1 2 1 R 0
1019 21658 32469 785 29442 758 5981 1 0 3 0 0 1 0 1 1 2 0 R 0
1020 21686 27532 661 26949 628 12046 1 0 1 0 0 0 0 1 1 2 0 R 0
1021 21707 20130 584 20166 557 4575 1 0 0 0 0 0 0 1 1 1 0 R 0
1022 21733 25473 1017 25492 990 5314 1 0 0 0 0 0 0 1 1 1 0 R 0
1023 21762 27528 959 27548 940 7243 1 0 0 0 0 0 0 1 1 1 0 R 0
1024 21789 26511 1437 26609 1347 7069 1 0 0 0 0 0 0 1 1 1 0 R 0
1025 21812 21005 580 21009 561 4115 1 0 0 0 0 0 0 1 1 1 0 R 0
1026 21837 24865 1235 24888 1218 5545 1 0 0 0 0 0 0 1 1 1 0 R 0
1027 21866 27610 1022 27637 987 4673 1 0 0 0 0 0 0 1 1 1 0 R 0
1028 21891 24334 586 24346 562 6031 1 0 0 0 0 0 0 1 1 1 0 R 0
1029 21912 20126 590 20153 557 3859 1 0 0 0 0 0 0 1 1 2 0 R 0
1030 21937 24599 901 24724 775 4609 1 0 0 0 0 0 0 1 1 1 0 R 0
1031 21967 28503 1012 28529 985 6149 1 0 0 0 0 0 0 1 1 1 0 R 0
1032 21991 23638 588 23662 564 6383 1 0 0 0 0 0 0 1 1 1 0 R 0
1033 22011 19515 696 19547 661 3863 1 0 0 0 0 0 0 1 1 1 0 R 0
1034 22037 25471 1014 25588 1005 3806 1 0 0 0 0 0 0 1 1 1 0 R 0
1035 22071 32436 909 32345 895 13374 1 0 0 0 0 0 0 1 1 1 0 R 0
1036 22099 27163 721 26900 666 7352 1 0 1 0 0 0 0 1 1 1 0 R 0
1037 22119 19738 904 19766 884 3819 1 0 0 0 0 0 0 1 1 1 0 R 0
1038 22147 26290 1110 26407 984 5144 1 0 0 0 0 0 0 1 1 1 0 R 0
1039 22177 29426 1067 29447 1039 5610 1 0 0 0 0 0 0 1 1 1 0 R 0
1040 22204 25280 598 25306 568 6463 1 0 0 0 0 0 0 1 1 1 0 R 0
1041 22225 20408 1479 20434 1470 3805 1 0 0 0 0 0 0 1 1 2 0 R 0
1042 22253 27108 985 27116 960 4425 1 0 0 0 0 0 0 1 1 1 0 R 0
1043 22274 19952 601 19973 573 4192 1 0 0 0 0 0 0 1 1 1 0 R 0
1044 22296 21596 1196 21627 1175 4252 1 0 0 0 0 0 0 1 1 1 0 R 0
1045 22319 21302 605 21314 576 4666 1 0 0 0 0 0 0 1 1 2 0 R 0
1046 22345 25871 1016 25902 985 3776 1 0 0 0 0 0 0 1 1 1 0 R 0
1047 22375 28268 701 28291 676 6565 1 0 0 0 0 0 0 1 1 1 0 R 0
1048 22398 22915 630 22942 600 6905 1 0 0 0 0 0 0 1 1 1 0 R 0
1049 22419 20348 600 20369 572 3965 1 0 0 0 0 0 0 1 1 1 0 R 0
1050 22446 26725 1059 26753 1130 7746 1 0 0 0 0 0 0 1 1 2 0 R 0
1051 22476 28346 606 28274 578 6620 1 0 0 0 0 0 0 1 1 1 0 R 0
1052 22505 28539 869 28634 779 5730 1 0 0 0 0 0 0 1 1 1 0 R 0
1053 22526 19635 600 19651 570 4480 1 0 0 0 0 0 0 1 1 1 0 R 0
1054 22551 24780 890 24800 975 5341 1 0 0 0 0 0 0 1 1 1 0 R 0
1055 22579 27161 1471 27079 1561 7372 1 0 0 0 0 0 0 1 1 1 0 R 0
1056 22604 23113 657 23024 622 7965 1 0 0 0 0 0 0 1 1 1 0 R 0
1057 22624 20251 599 20279 568 4234 1 0 0 0 0 0 0 1 1 1 0 R 0
1058 22646 20544 613 20576 584 4172 1 0 0 0 0 0 0 1 1 1 0 R 0
1059 22677 30636 1630 30768 1505 7225 1 0 0 0 0 0 0 1 1 2 0 R 0
1060 22702 23042 804 23053 778 4404 1 0 0 0 0 0 0 1 1 1 0 R 0
1061 22724 21229 600 21253 573 4755 1 0 0 0 0 0 0 1 1 1 0 R 0
1062 22745 20779 603 20806 569 3834 1 0 0 0 0 0 0 1 1 1 0 R 0
1063 22775 29562 1159 29678 1043 6399 1 0 0 0 0 0 0 1 1 1 0 R 0
1064 22801 25189 588 25211 556 4271 1 0 0 0 0 0 0 1 1 1 0 R 0
1065 22824 22345 623 22376 593 8840 1 0 0 0 0 0 0 1 1 1 0 R 0
1066 22846 20829 726 20885 682 4402 1 0 0 0 0 0 0 1 1 1 0 R 0
1067 22881 34575 1252 34708 1205 4808 1 0 0 0 0 0 0 1 1 4 0 R 0
1068 22911 28568 1074 28503 1038 5309 1 0 0 0 0 0 0 1 1 3 0 R 0
1069 22935 22471 841 22507 797 3818 1 0 0 0 0 0 0 1 1 2 0 R 0
1070 22968 32336 721 32392 663 4231 1 0 0 0 0 0 0 1 1 3 0 R 0
1071 23005 36961 1043 36997 1105 6274 1 0 0 0 0 0 0 1 1 4 0 R 0
1072 23026 19938 614 19859 584 4548 1 0 0 0 0 0 0 1 1 1 0 R 0
1073 23049 22415 1717 22444 1282 4154 1 0 0 0 1 0 0 1 1 1 0 R 0
1074 23081 29939 1013 29949 992 5169 1 0 0 0 0 0 0 1 1 2 0 R 0
1075 23109 26815 625 26836 596 5288 1 0 0 0 0 0 0 1 1 1 0 R 0
1076 23129 19864 1032 19889 1014 3817 1 0 0 0 0 0 0 1 1 1 0 R 0
1077 23152 21764 591 21780 562 3691 1 0 0 0 0 0 0 1 1 1 0 R 0
1078 23179 26428 1580 26454 1596 5284 1 0 0 0 0 0 0 1 1 1 0 R 0
1079 23208 27193 1319 27264 1215 7386 1 0 0 0 0 0 0 1 1 1 0 R 0
1080 23235 25680 622 25708 581 12886 1 0 0 0 0 0 0 1 1 1 0 R 0
1081 23257 21680 613 21706 580 4212 1 0 0 0 0 0 0 1 1 1 0 R 0
1082 23287 29526 1013 29548 997 6239 1 0 0 0 0 0 0 1 1 2 0 R 0
1083 23319 30256 996 30277 960 4294 1 0 0 0 0 0 0 1 1 1 0 R 0
1084 23341 21774 657 21826 608 4325 1 0 0 0 0 1 0 1 1 1 0 R 0
1085 23365 23358 1038 23382 1011 3794 1 0 0 0 0 0 0 1 1 1 0 R 0
1086 23397 30633 1038 29551 1009 9131 1 0 2 0 0 0 0 1 1 1 0 R 0
1087 23419 21097 1529 21209 1428 4291 1 0 0 0 0 0 0 1 1 1 0 R 0
1088 23442 21105 593 21112 564 5490 1 0 0 0 0 0 0 1 1 2 0 R 0
1089 23463 21014 995 21045 967 3814 1 0 0 0 0 0 0 1 1 1 0 R 0
1090 23494 29510 1035 29529 1012 7320 1 0 0 0 0 0 0 1 1 1 0 R 0
1091 23521 25868 824 25886 798 5266 1 0 0 0 0 0 0 1 1 1 0 R 0
1092 23542 19876 586 19900 560 4241 1 0 0 0 0 0 0 1 1 1 0 R 0
1093 23564 22166 619 22190 598 3827 1 0 0 0 0 0 0 1 1 1 0 R 0
1094 23594 28825 1013 28843 997 6175 1 0 0 0 0 0 0 1 1 1 0 R 0
1095 23625 30191 608 30224 560 11441 1 0 0 0 0 0 0 1 1 2 0 R 0
1096 23645 19459 600 19484 576 4537 1 0 0 0 0 0 0 1 1 1 0 R 0
1097 23667 20985 610 21013 576 4088 1 0 0 0 0 0 0 1 1 1 0 R 0
1098 23697 30000 1053 30024 1026 6512 1 0 0 0 0 0 0 1 1 1 0 R 0
1099 23725 26569 613 26595 585 4219 1 0 0 0 0 0 0 1 1 1 0 R 0
1100 23745 19879 599 19907 569 4586 1 0 0 0 0 0 0 1 1 1 0 R 0
1101 23768 21917 632 21945 597 4198 1 0 0 0 0 0 0 1 1 1 0 R 0
1102 23795 26447 617 26497 571 5633 1 0 0 0 0 0 0 1 1 1 0 R 0
1103 23823 27780 604 27799 575 5839 1 0 0 0 0 0 0 1 1 1 0 R 0
1104 23844 20415 595 20445 566 4076 1 0 0 0 0 0 0 1 1 2 0 R 0
1105 23866 20993 794 21028 758 4617 1 0 0 0 0 0 0 1 1 1 0 R 0
1106 23894 26998 1017 27025 994 4259 1 0 0 0 0 0 0 1 1 1 0 R 0
1107 23925 30101 1127 30254 973 6176 1 0 0 0 0 0 0 1 1 1 0 R 0
1108 23946 19730 616 19750 587 4406 1 0 0 0 0 0 0 1 1 1 0 R 0
1109 23968 21628 1038 21659 1010 4298 1 0 0 0 0 0 0 1 1 1 0 R 0
1110 23994 24930 597 24945 570 10839 1 0 0 0 0 0 0 1 1 2 0 R 0
1111 24022 27492 1021 27517 1004 5933 1 0 0 0 0 0 0 1 1 1 0 R 0
1112 24045 21841 614 21852 586 5269 1 0 0 0 0 1 0 1 1 1 0 R 0
1113 24065 19444 658 19474 623 4135 1 0 0 0 0 0 0 1 1 1 0 R 0
1114 24094 27997 992 27420 972 5980 1 0 1 0 0 0 0 1 1 1 0 R 0
1115 24123 28004 993 27922 985 7528 1 0 0 0 0 0 0 1 1 1 0 R 0
1116 24146 22205 596 22212 570 5926 1 0 0 0 0 0 0 1 1 1 0 R 0
1117 24167 20555 1214 20578 1200 4225 1 0 0 0 0 1 0 1 1 2 0 R 0
1118 24196 27576 911 27591 985 5566 1 0 0 0 0 0 0 1 1 1 0 R 0
1119 24225 28102 1017 28019 999 7218 1 0 0 0 0 0 0 1 1 1 0 R 0
1120 24247 21180 648 21199 623 5921 1 0 0 0 0 0 0 1 1 1 0 R 0
1121 24268 19893 592 19914 564 4047 1 0 0 0 0 0 0 1 1 1 0 R 0
1122 24294 25589 1045 25611 1029 5264 1 0 0 0 0 0 0 1 1 1 0 R 0
1123 24323 28114 1194 28130 1277 7049 1 0 0 0 0 0 0 1 1 2 0 R 0
1124 24351 27324 599 27237 573 7736 1 0 0 0 0 0 0 1 1 1 0 R 0
1125 24375 23396 1437 23419 1527 8110 1 0 0 0 0 0 0 1 1 1 0 R 0
1126 24407 30625 864 28899 841 4890 1 0 1 0 0 0 0 1 1 1 0 R 0
1127 24439 30528 646 30027 614 8045 1 0 1 0 0 0 0 1 1 2 0 R 0
1128 24459 19042 661 19054 637 4019 1 0 0 0 0 0 0 1 1 0 0 R 0
1129 24482 22807 711 22830 687 3579 1 0 0 0 0 0 0 1 1 2 0 R 0
1130 24509 26534 1700 26560 1676 4266 1 0 0 0 0 0 0 1 1 1 0 R 0
1131 24539 27850 1016 27870 990 7414 1 0 0 0 0 0 0 1 1 1 0 R 0
1132 24559 19600 952 19622 949 4161 1 0 0 0 0 0 0 1 1 1 0 R 0
1133 24581 20241 1700 20948 974 3879 1 0 0 0 0 0 0 1 1 1 0 R 0
1134 24609 26351 1020 26374 987 4027 1 0 0 0 0 0 0 1 1 1 0 R 0
1135 24637 27663 1191 27686 1178 6279 1 0 0 0 0 0 0 1 1 1 0 R 0
1136 24661 22304 580 22309 550 4110 1 0 0 0 0 0 0 1 1 2 0 R 0
1137 24682 20297 547 20321 528 3764 1 0 0 0 0 0 0 1 1 1 0 R 0
1138 24708 25469 991 25494 959 4991 1 0 0 0 0 0 0 1 1 1 0 R 0
1139 24737 28441 1005 28466 982 6558 1 0 0 0 0 0 0 1 1 1 0 R 0
1140 24766 28047 644 28066 612 13456 1 0 0 0 0 0 0 1 1 1 0 R 0
1141 24788 20929 1020 20966 992 4181 1 0 0 0 0 0 0 1 1 1 0 R 0
1142 24816 26831 1015 26938 1005 3855 1 0 0 0 0 0 0 1 1 1 0 R 0
1143 24847 30407 1239 30409 1137 7018 1 0 0 0 0 0 0 1 1 2 0 R 0
1144 24871 22992 581 22998 557 6654 1 0 0 0 0 0 0 1 1 1 0 R 0
1145 24894 22396 609 22424 581 3970 1 0 0 0 0 0 0 1 1 1 0 R 0
1146 24921 25864 592 25884 565 5686 1 0 0 0 0 0 0 1 1 1 0 R 0
1147 24942 20440 596 20465 567 3848 1 0 0 0 0 0 0 1 1 1 0 R 0
1148 24964 21530 665 21553 639 3815 1 0 0 0 0 0 0 1 1 1 0 R 0
1149 24985 20328 608 20355 580 4528 1 0 0 0 0 0 0 1 1 1 0 R 0
1150 25009 23883 1548 23907 1532 5492 1 0 0 0 0 0 0 1 1 1 0 R 0
1151 25038 26731 1123 26840 1001 8413 1 0 0 0 0 0 0 1 1 1 0 R 0
1152 25068 28789 601 28262 573 6215 1 0 1 0 0 0 0 1 1 2 0 R 0
1153 25088 20032 599 20057 569 4118 1 0 0 0 0 0 0 1 1 1 0 R 0
1154 25114 25159 900 25181 873 5496 1 0 0 0 0 0 0 1 1 1 0 R 0
1155 25147 31879 1504 31923 1468 13634 1 0 0 0 0 0 0 1 1 1 0 R 0
1156 25173 24903 608 24918 580 6658 1 0 0 0 0 0 0 1 1 1 0 R 0
1157 25194 19931 598 19955 573 3810 1 0 0 0 0 0 0 1 1 1 0 R 0
1158 25221 26922 605 26939 580 5084 1 0 0 0 0 0 0 1 1 1 0 R 0
1159 25244 22558 639 22585 608 5537 1 0 0 0 0 0 0 1 1 2 0 R 0
1160 25266 21116 1190 21225 1164 4205 1 0 0 0 0 0 0 1 1 1 0 R 0
1161 25289 21222 636 21174 609 4747 1 0 0 0 0 0 0 1 1 1 0 R 0
1162 25313 23638 991 23656 962 3880 1 0 0 0 0 0 0 1 1 1 0 R 0
1163 25342 28234 600 28255 577 6741 1 0 0 0 0 0 0 1 1 1 0 R 0
1164 25366 22828 641 22857 616 6201 1 0 0 0 0 0 0 1 1 1 0 R 0
1165 25387 20712 604 20728 573 4465 1 0 0 0 0 0 0 1 1 2 0 R 0
1166 25409 21130 619 21168 583 4244 1 0 0 0 0 0 0 1 1 1 0 R 0
1167 25444 35011 583 32903 558 5476 1 0 2 0 0 0 0 1 1 1 0 R 0
1168 25467 22640 1026 22669 1017 6308 1 0 0 0 0 0 0 1 1 1 0 R 0
1169 25488 19983 597 19983 567 4169 1 0 0 0 0 0 0 1 1 1 0 R 0
1170 25514 24836 1007 24866 984 7663 1 0 0 0 0 0 0 1 1 2 0 R 0
1171 25545 30070 1017 30088 1090 7140 1 0 0 0 0 0 0 1 1 1 0 R 0
1172 25575 28792 699 28717 676 5952 1 0 0 0 0 0 0 1 1 1 0 R 0
1173 25597 21435 596 21453 568 4739 1 0 0 0 0 0 0 1 1 1 0 R 0
1174 25622 24224 993 24337 992 4342 1 0 0 0 0 0 0 1 1 1 0 R 0
1175 25651 28421 650 28329 825 7388 1 0 0 0 0 0 0 1 1 1 0 R 0
1176 25675 23334 625 23162 594 7520 1 0 0 0 0 0 0 1 1 1 0 R 0
1177 25696 19762 582 19789 559 4161 1 0 0 0 0 0 0 1 1 1 0 R 0
1178 25716 20268 964 20296 955 4248 1 0 0 0 0 0 0 1 1 1 0 R 0
1179 25748 30813 1026 30909 998 6011 1 0 0 0 0 0 0 1 1 2 0 R 0
1180 25777 28110 826 28041 792 5159 1 0 0 0 0 0 0 1 1 1 0 R 0
1181 25801 23175 622 23197 597 5145 1 0 0 0 0 0 0 1 1 1 0 R 0
1182 25825 22846 1022 22873 989 3808 1 0 0 0 0 0 0 1 1 1 0 R 0
1183 25855 29560 602 28876 571 7142 1 0 1 0 0 0 0 1 1 1 0 R 0
1184 25881 24841 600 24866 586 6277 1 0 0 0 0 0 0 1 1 1 0 R 0
1185 25904 22460 637 22476 603 8296 1 0 0 0 0 0 0 1 1 1 0 R 0
1186 25928 23614 1256 23992 896 4144 1 0 0 0 0 0 0 1 1 1 0 R 0
1187 25963 33635 1007 32491 867 6810 1 0 2 0 0 0 0 1 1 2 0 R 0
1188 25987 22779 612 22174 583 8154 1 0 1 0 0 0 0 1 1 1 0 R 0
1189 26007 20083 991 20110 964 4459 1 0 0 0 0 0 0 1 1 1 0 R 0
1190 26029 20455 1507 20489 1491 3780 1 0 0 0 0 0 0 1 1 1 0 R 0
1191 26059 28696 595 28699 570 7645 1 0 0 0 0 0 0 1 1 1 0 R 0
1192 26084 24051 612 24084 575 5407 1 0 0 0 0 0 0 1 1 1 0 R 0
1193 26106 21503 606 21151 580 5204 1 0 1 0 0 0 0 1 1 1 0 R 0
1194 26126 19418 929 19454 901 4222 1 0 0 0 0 0 0 1 1 2 0 R 0
1195 26157 30270 988 30284 972 6677 1 0 0 0 0 0 0 1 1 1 0 R 0
1196 26183 24734 599 24750 568 4473 1 0 0 0 0 0 0 1 1 1 0 R 0
1197 26204 20875 600 20902 573 4911 1 0 0 0 0 0 0 1 1 1 0 R 0
1198 26226 20899 606 20928 573 4177 1 0 0 0 0 0 0 1 1 1 0 R 0
1199 26255 28340 1122 28460 1008 6039 1 0 0 0 0 0 0 1 1 1 0 R 0
1200 26286 29649 661 29666 853 13331 1 0 0 0 0 0 0 1 1 1 0 R 0
1201 26306 20115 583 19916 561 4599 1 0 0 0 0 0 0 1 1 2 0 R 0
1202 26328 20746 620 20775 586 4182 1 0 0 0 0 0 0 1 1 1 0 R 0
1203 26363 35136 975 34319 861 5470 1 0 1 0 0 0 0 1 1 2 0 R 0
1204 26393 28166 986 28181 1296 5944 1 0 0 0 0 0 0 1 1 1 0 R 0
1205 26415 21336 646 21022 617 4537 1 0 0 0 0 1 0 1 1 1 0 R 0
1206 26438 22542 1199 22666 1201 4217 1 0 0 0 0 0 0 1 1 0 0 R 0
1207 26469 29889 709 29806 999 6693 1 0 0 0 0 0 0 1 1 2 0 R 0
1208 26494 23711 619 23402 589 6412 1 0 0 0 0 0 0 1 1 1 0 R 0
1209 26515 20512 585 20534 555 4770 1 0 0 0 0 0 0 1 1 1 0 R 0
1210 26536 20335 1335 20371 1315 4197 1 0 0 0 0 0 0 1 1 1 0 R 0
1211 26568 31147 1173 31159 1144 7042 1 0 0 0 0 0 0 1 1 1 0 R 0
1212 26594 24419 615 24448 582 4980 1 0 0 0 0 1 0 1 1 1 0 R 0
1213 26614 20116 591 20141 563 4524 1 0 0 0 0 0 0 1 1 1 0 R 0
1214 26636 20605 619 20637 593 4371 1 0 0 0 0 0 0 1 1 1 0 R 0
1215 26669 32827 1410 32852 1400 14315 1 0 0 0 0 0 0 1 1 2 0 R 0
1216 26695 24638 641 24643 610 4380 1 0 0 0 0 0 0 1 1 0 0 R 0
1217 26716 20399 591 20424 561 4521 1 0 0 0 0 0 0 1 1 2 0 R 0
1218 26738 20879 625 20910 588 4272 1 0 0 0 0 0 0 1 1 1 0 R 0
1219 26768 29285 2120 29407 2019 5584 1 0 0 0 0 1 0 1 1 1 0 R 0
1220 26795 25623 622 25625 590 4452 1 0 0 0 0 0 0 1 1 1 0 R 0
1221 26816 19991 647 20035 610 4566 1 0 0 0 0 0 0 1 1 1 0 R 0
1222 26838 21705 681 21735 640 4274 1 0 0 0 0 0 0 1 1 1 0 R 0
1223 26868 29479 1008 29510 982 4525 1 0 0 0 0 0 0 1 1 2 0 R 0
1224 26897 27531 623 27556 588 6203 1 0 0 0 0 0 0 1 1 1 0 R 0
1225 26919 21213 607 21245 580 4481 1 0 0 0 0 0 0 1 1 1 0 R 0
1226 26941 21810 633 21833 601 3882 1 0 0 0 0 0 0 1 1 1 0 R 0
1227 26970 27890 1515 28031 1485 4627 1 0 0 0 0 0 0 1 1 1 0 R 0
1228 26999 27688 686 27606 656 7410 1 0 0 0 0 0 0 1 1 1 0 R 0
1229 27020 20568 582 20589 554 4115 1 0 0 0 0 0 0 1 1 1 0 R 0
1230 27045 24715 745 24770 708 9152 1 0 0 0 0 0 0 1 1 1 0 R 0
1231 27075 28704 1025 28707 1112 6343 1 0 0 0 0 0 0 1 1 2 0 R 0
1232 27103 27232 763 27179 715 5367 1 0 0 0 0 0 0 1 1 1 0 R 0
1233 27124 20089 599 20096 575 3823 1 0 0 0 0 0 0 1 1 1 0 R 0
1234 27147 22217 621 21738 593 4081 1 0 1 0 0 0 0 1 1 1 0 R 0
1235 27177 29408 749 29434 715 5733 1 0 0 0 0 0 0 1 1 1 0 R 0
1236 27205 27337 609 27363 578 5278 1 0 0 0 0 0 0 1 1 2 0 R 0
1237 27226 20896 615 20924 581 4765 1 0 0 0 0 0 0 1 1 1 0 R 0
1238 27247 20327 691 20365 657 4180 1 0 0 0 0 0 0 1 1 1 0 R 0
1239 27277 29260 1038 29284 1008 4972 1 0 0 0 0 0 0 1 1 1 0 R 0
1240 27306 27656 615 27679 594 6171 1 0 0 0 0 0 0 1 1 1 0 R 0
1241 27327 20357 591 20374 563 4357 1 0 0 0 0 0 0 1 1 1 0 R 0
1242 27348 20369 993 20400 965 3991 1 0 0 0 0 0 0 1 1 2 0 R 0
1243 27379 30138 1941 30164 2037 4680 1 0 0 0 0 0 0 1 1 1 0 R 0
1244 27407 26243 777 26139 757 6798 1 0 0 0 0 0 0 1 1 1 0 R 0
1245 27431 23040 569 23053 548 8399 1 0 0 0 0 0 0 1 1 1 0 R 0
1246 27453 21233 602 21258 573 3815 1 0 0 0 0 0 0 1 1 1 0 R 0
1247 27482 28310 996 28334 968 3997 1 0 0 0 0 0 0 1 1 2 0 R 0
1248 27510 26680 1290 26806 1171 6898 1 0 0 0 0 0 0 1 1 1 0 R 0
1249 27531 20672 628 20682 601 4012 1 0 0 0 0 0 0 1 1 1 0 R 0
1250 27553 21063 976 21186 961 3858 1 0 0 0 0 0 0 1 1 1 0 R 0
1251 27584 29734 1145 29741 1024 4405 1 0 0 0 0 0 0 1 1 1 0 R 0
1252 27612 26987 902 27109 786 7050 1 0 0 0 0 0 0 1 1 1 0 R 0
1253 27633 20179 598 20199 565 4068 1 0 0 0 0 0 0 1 1 1 0 R 0
1254 27654 20117 958 20153 935 3826 1 0 0 0 0 0 0 1 1 1 0 R 0
1255 27682 27604 923 27711 804 4338 1 0 0 0 0 0 0 1 1 1 0 R 0
1256 27710 26496 1572 26559 1516 7047 1 0 0 0 0 0 0 1 1 2 0 R 0
1257 27733 21903 608 21915 579 4621 1 0 0 0 0 0 0 1 1 1 0 R 0
1258 27753 19565 815 19632 745 3822 1 0 0 0 0 0 0 1 1 1 0 R 0
1259 27779 24605 1394 24627 1383 4942 1 0 0 0 0 0 0 1 1 1 0 R 0
1260 27808 27402 1655 27507 1551 13029 1 0 0 0 0 0 0 1 1 1 0 R 0
1261 27836 26341 613 26352 584 6697 1 0 0 0 0 0 0 1 1 1 0 R 0
1262 27855 18820 614 18847 586 4219 1 0 0 0 0 0 0 1 1 1 0 R 0
1263 27883 27560 984 27581 963 5962 1 0 0 0 0 0 0 1 1 1 0 R 0
1264 27911 26806 801 26823 773 6308 1 0 0 0 0 0 0 1 1 1 0 R 0
1265 27934 22458 599 22486 571 6376 1 0 0 0 0 0 0 1 1 2 0 R 0
1266 27954 18950 589 18979 558 4379 1 0 0 0 0 0 0 1 1 1 0 R 0
1267 27981 26844 995 26869 975 5149 1 0 0 0 0 0 0 1 1 1 0 R 0
1268 28008 26070 1018 26088 998 7545 1 0 0 0 0 0 0 1 1 1 0 R 0
1269 28033 23813 594 23830 561 4701 1 0 0 0 0 0 0 1 1 1 0 R 0
1270 28053 19142 586 19172 555 3781 1 0 0 0 0 0 0 1 1 2 0 R 0
1271 28076 22506 1015 22536 989 3814 1 0 0 0 0 0 0 1 1 1 0 R 0
1272 28107 30404 602 29412 982 6131 1 0 1 0 0 0 0 1 1 1 0 R 0
1273 28133 25081 641 24691 612 6590 1 0 0 0 0 0 0 1 1 1 0 R 0
1274 28153 19332 591 19354 569 3844 1 0 0 0 0 0 0 1 1 1 0 R 0
1275 28183 28831 1012 28853 992 7808 1 0 0 0 0 0 0 1 1 2 0 R 0
1276 28211 27015 571 27028 547 7064 1 0 0 0 0 0 0 1 1 1 0 R 0
1277 28235 23419 654 23452 618 6030 1 0 0 0 0 0 0 1 1 1 0 R 0
1278 28256 20374 587 20404 556 4802 1 0 0 0 0 0 0 1 1 1 0 R 0
1279 28278 21476 1010 21598 1027 4551 1 0 0 0 0 0 0 1 1 1 0 R 0
1280 28307 27937 997 27824 965 6614 1 0 0 0 0 0 0 1 1 1 0 R 0
1281 28334 26428 817 26455 790 3759 1 0 0 0 0 0 0 1 1 1 0 R 0
1282 28355 19769 610 19793 579 4588 1 0 0 0 0 0 0 1 1 1 0 R 0
1283 28378 22387 626 22417 592 4313 1 0 0 0 0 0 0 1 1 1 0 R 0
1284 28405 27109 1046 27237 921 5164 1 0 0 0 0 0 0 1 1 2 0 R 0
1285 28434 27921 600 27944 570 5927 1 0 0 0 0 0 0 1 1 1 0 R 0
1286 28455 19957 613 19984 581 4740 1 0 0 0 0 0 0 1 1 1 0 R 0
1287 28478 22627 625 22661 588 4224 1 0 0 0 0 0 0 1 1 1 0 R 0
1288 28506 27478 1179 27507 1157 5519 1 0 0 0 0 0 0 1 1 1 0 R 0
1289 28536 28857 609 28870 583 6314 1 0 0 0 0 0 0 1 1 1 0 R 0
1290 28560 22887 953 22911 943 9149 1 0 0 0 0 0 0 1 1 2 0 R 0
1291 28583 21819 636 21829 609 3863 1 0 0 0 0 0 0 1 1 1 0 R 0
1292 28612 28645 981 28665 958 6142 1 0 0 0 0 0 0 1 1 1 0 R 0
1293 28642 28867 1329 29243 970 5511 1 0 0 0 0 0 0 1 1 1 0 R 0
1294 28665 21502 638 21509 603 6212 1 0 0 0 0 0 0 1 1 2 0 R 0
1295 28686 21119 800 21152 770 4224 1 0 0 0 0 0 0 1 1 1 0 R 0
1296 28715 28117 1098 28143 1177 5456 1 0 0 0 0 0 0 1 1 1 0 R 0
1297 28743 27161 592 27073 564 5366 1 0 0 0 0 0 0 1 1 1 0 R 0
1298 28764 19900 600 19931 567 4539 1 0 0 0 0 1 0 1 1 1 0 R 0
1299 28786 21123 610 21153 573 4295 1 0 0 0 0 0 0 1 1 1 0 R 0
1300 28816 30176 996 30298 972 5571 1 0 0 0 0 0 0 1 1 1 0 R 0
1301 28848 30252 951 30184 925 4687 1 0 0 0 0 0 0 1 1 1 0 R 0
1302 28869 20801 926 20823 901 4648 1 0 0 0 0 0 0 1 1 1 0 R 0
1303 28892 22060 938 22076 921 3642 1 0 0 0 0 0 0 1 1 1 0 R 0
1304 28921 27599 1112 27698 1000 6267 1 0 0 0 0 0 0 1 1 2 0 R 0
1305 28949 27225 969 27268 936 10363 1 0 0 0 0 0 0 1 1 1 0 R 0
1306 28969 18984 894 19000 878 4224 1 0 0 0 0 0 0 1 1 1 0 R 0
1307 28993 22591 619 22602 587 3901 1 0 0 0 0 0 0 1 1 1 0 R 0
1308 29023 29228 1000 29255 981 6113 1 0 0 0 0 0 0 1 1 1 0 R 0
1309 29048 24752 611 24772 579 4800 1 0 0 0 0 0 0 1 1 2 0 R 0
1310 29072 23362 686 23414 643 5731 1 0 0 0 0 0 0 1 1 1 0 R 0
1311 29095 21901 608 21915 578 3706 1 0 0 0 0 0 0 1 1 1 0 R 0
1312 29124 28156 986 28182 969 7064 1 0 0 0 0 0 0 1 1 1 0 R 0
1313 29152 27762 598 27344 578 5940 1 0 1 0 0 0 0 1 1 1 0 R 0
1314 29173 19924 599 19948 571 4508 1 0 0 0 0 0 0 1 1 1 0 R 0
1315 29196 22202 601 22228 571 3751 1 0 0 0 0 0 0 1 1 1 0 R 0
1316 29218 21790 859 21823 961 5191 1 0 0 0 0 0 0 1 1 2 0 R 0
1317 29247 27986 1087 27875 1068 5205 1 0 0 0 0 0 0 1 1 1 0 R 0
1318 29269 20647 579 20668 552 3850 1 0 0 0 0 0 0 1 1 1 0 R 0
1319 29289 19656 604 19677 580 3887 1 0 0 0 0 0 0 1 1 1 0 R 0
1320 29322 32304 1169 32325 1158 9368 1 0 0 0 0 0 0 1 1 2 0 R 0
1321 29352 28933 1047 29025 940 7426 1 0 0 0 0 0 0 1 1 1 0 R 0
1322 29375 22212 623 22233 593 5204 1 0 0 0 0 0 0 1 1 0 0 R 0
1323 29398 22357 615 22388 581 4312 1 0 0 0 0 0 0 1 1 1 0 R 0
1324 29427 28328 1023 28356 1576 5074 1 0 0 0 0 0 0 1 1 2 0 R 0
1325 29457 28708 1006 28150 987 3962 1 0 0 0 0 0 0 1 1 1 0 R 0
1326 29480 22589 580 22597 560 6358 1 0 0 0 0 0 0 1 1 1 0 R 0
1327 29503 21780 610 21804 579 3819 1 0 0 0 0 0 0 1 1 1 0 R 0
1328 29530 26221 1354 26250 1335 6067 1 0 0 0 0 0 0 1 1 1 0 R 0
1329 29554 23037 756 23053 727 4218 1 0 0 0 0 0 0 1 1 2 0 R 0
1330 29576 21532 622 21559 595 4757 1 0 0 0 0 0 0 1 1 1 0 R 0
1331 29597 19556 599 19578 571 4217 1 0 0 0 0 0 0 1 1 1 0 R 0
1332 29624 27097 1236 27133 1202 6019 1 0 0 0 0 0 0 1 1 1 0 R 0
1333 29653 27891 991 27908 971 7304 1 0 0 0 0 0 0 1 1 2 0 R 0
1334 29675 20730 639 20754 629 5589 1 0 0 0 0 0 0 1 1 1 0 R 0
1335 29698 22530 1001 22922 588 8005 1 0 0 0 0 0 0 1 1 1 0 R 0
1336 29722 22981 587 23002 560 4684 1 0 0 0 0 0 0 1 1 1 0 R 0
1337 29747 24595 657 24625 626 4359 1 0 0 0 0 0 0 1 1 1 0 R 0
1338 29772 23450 602 23473 574 6508 1 0 0 0 0 0 0 1 1 1 0 R 0
1339 29793 21237 602 21260 576 3838 1 0 0 0 0 0 0 1 1 1 0 R 0
1340 29815 21530 1146 21653 1025 3835 1 0 0 0 0 0 0 1 1 1 0 R 0
1341 29847 30277 769 30298 741 7012 1 0 0 0 0 0 0 1 1 1 0 R 0
1342 29872 23950 602 23980 571 5847 1 0 0 0 0 0 0 1 1 2 0 R 0
1343 29893 20655 597 20676 569 4240 1 0 0 0 0 0 0 1 1 1 0 R 0
1344 29914 20622 613 20651 582 3818 1 0 0 0 0 0 0 1 1 1 0 R 0
1345 29945 30725 620 30753 591 6694 1 0 0 0 0 0 0 1 1 1 0 R 0
1346 29978 31699 1353 31773 1282 4866 1 0 0 0 0 0 0 1 1 1 0 R 0
1347 30001 21404 583 21416 558 3794 1 0 0 0 0 0 0 1 1 2 0 R 0
1348 30025 24273 1025 24309 992 3820 1 0 0 0 0 0 0 1 1 1 0 R 0
1349 30054 27276 598 27299 571 7052 1 0 0 0 0 0 0 1 1 1 0 R 0
1350 30082 27315 602 27338 576 11146 1 0 0 0 0 0 0 1 1 1 0 R 0
1351 30104 21693 609 21412 575 3862 1 0 1 0 0 0 0 1 1 2 0 R 0
1352 30127 22428 1028 22461 995 4206 1 0 0 0 0 0 0 1 1 1 0 R 0
1353 30157 28780 611 28802 585 5781 1 0 0 0 0 0 0 1 1 1 0 R 0
1354 30182 24160 600 24183 571 6908 1 0 0 0 0 0 0 1 1 1 0 R 0
1355 30203 20550 592 20581 563 3904 1 0 0 0 0 0 0 1 1 1 0 R 0
1356 30224 20474 871 20503 840 3817 1 0 0 0 0 0 0 1 1 1 0 R 0
1357 30247 22776 608 22802 738 5448 1 0 0 0 0 0 0 1 1 1 0 R 0
1358 30275 27051 843 26919 819 5752 1 0 0 0 0 0 0 1 1 1 0 R 0
1359 30297 20664 601 20685 572 4609 1 0 0 0 0 0 0 1 1 1 0 R 0
1360 30319 22075 1027 22203 907 4216 1 0 0 0 0 0 0 1 1 1 0 R 0
1361 30352 31675 600 31699 556 5043 1 0 0 0 0 0 0 1 1 2 0 R 0
1362 30376 23573 1213 23605 1298 4514 1 0 0 0 0 0 0 1 1 1 0 R 0
1363 30399 21889 620 21799 610 4177 1 0 0 0 0 0 0 1 1 1 0 R 0
1364 30422 22127 698 22138 681 3957 1 0 0 0 0 0 0 1 1 2 0 R 0
1365 30453 30548 1086 30646 978 11597 1 0 0 0 0 0 0 1 1 1 0 R 0
1366 30482 28187 1118 28289 1017 6389 1 0 0 0 0 0 0 1 1 1 0 R 0
1367 30505 21828 617 21842 590 6863 1 0 0 0 0 0 0 1 1 1 0 R 0
1368 30527 21138 618 21177 581 4511 1 0 0 0 0 0 0 1 1 1 0 R 0
1369 30555 27656 873 27682 962 5612 1 0 0 0 0 0 0 1 1 1 0 R 0
1370 30582 25350 1119 25253 1116 5968 1 0 0 0 0 0 0 1 1 0 0 R 0
1371 30604 20739 610 20739 586 4362 1 0 0 0 0 0 0 1 1 2 0 R 0
1372 30624 20033 906 20062 867 3815 1 0 0 0 0 0 0 1 1 2 0 R 0
1373 30653 27937 607 27986 558 4757 1 0 0 0 0 0 0 1 1 1 0 R 0
1374 30679 25231 1563 25255 1678 6858 1 0 0 0 0 0 0 1 1 0 0 R 0
1375 30703 22352 605 22237 576 4909 1 0 0 0 0 0 0 1 1 2 0 R 0
1376 30723 19154 598 19179 571 3819 1 0 0 0 0 0 0 1 1 1 0 R 0
1377 30747 23805 611 23831 582 5805 1 0 0 0 0 0 0 1 1 1 0 R 0
1378 30771 23644 589 23670 558 4200 1 0 0 0 0 0 0 1 1 1 0 R 0
1379 30795 23527 660 23564 625 7111 1 0 0 0 0 0 0 1 1 1 0 R 0
1380 30818 22306 605 22334 574 8362 1 0 0 0 0 0 0 1 1 1 0 R 0
1381 30844 25398 1018 25425 998 3833 1 0 0 0 0 0 0 1 1 1 0 R 0
1382 30872 26602 603 26618 574 6485 1 0 0 0 0 0 0 1 1 1 0 R 0
1383 30902 29861 691 25888 661 5492 1 0 1 0 0 0 0 1 1 1 0 R 0
1384 30922 18991 558 19017 525 3819 1 0 0 0 0 0 0 1 1 1 0 R 0
1385 30951 28854 1138 28957 1046 8892 1 0 0 0 0 0 0 1 1 2 0 R 0
1386 30978 25138 1064 25149 1045 7636 1 0 0 0 0 0 0 1 1 1 0 R 0
1387 31005 26025 646 26036 619 5838 1 0 0 0 0 0 0 1 1 1 0 R 0
1388 31025 19054 592 19081 564 4127 1 0 0 0 0 0 0 1 1 1 0 R 0
1389 31051 25419 684 25439 785 4223 1 0 0 0 0 0 0 1 1 2 0 R 0
1390 31078 27055 735 26990 690 5672 1 0 0 0 0 0 0 1 1 1 0 R 0
1391 31102 22594 591 22601 569 4154 1 0 0 0 0 1 0 1 1 1 0 R 0
1392 31122 19949 657 19982 621 4240 1 0 0 0 0 0 0 1 1 1 0 R 0
1393 31146 23259 1015 22833 989 3707 1 0 1 0 0 0 0 1 1 1 0 R 0
1394 31176 28904 1025 28931 997 6440 1 0 0 0 0 0 0 1 1 1 0 R 0
1395 31205 27704 611 27727 582 12874 1 0 0 0 0 0 0 1 1 1 0 R 0
1396 31225 19630 585 19653 555 4269 1 0 0 0 0 0 0 1 1 1 0 R 0
1397 31246 20846 789 20879 765 4681 1 0 0 0 0 0 0 1 1 2 0 R 0
1398 31271 23941 1128 23954 1118 5948 1 0 0 0 0 0 0 1 1 1 0 R 0
1399 31299 26797 1892 26907 1774 4217 1 0 0 0 0 0 0 1 1 1 0 R 0
1400 31324 22597 647 22618 611 7159 1 0 0 0 0 0 0 1 1 1 0 R 0
1401 31346 21628 622 21658 594 3709 1 0 0 0 0 0 0 1 1 1 0 R 0
1402 31373 26252 1182 26278 1161 6426 1 0 0 0 0 0 0 1 1 1 0 R 0
1403 31402 28286 596 28303 566 5220 1 0 0 0 0 0 0 1 1 1 0 R 0
1404 31423 19817 600 19845 572 4402 1 0 0 0 0 0 0 1 1 1 0 R 0
1405 31444 20710 615 20737 582 3712 1 0 0 0 0 0 0 1 1 1 0 R 0
1406 31471 26003 1213 26033 1198 4216 1 0 0 0 0 0 0 1 1 1 0 R 0
1407 31500 28013 1452 28492 968 6680 1 0 0 0 0 0 0 1 1 1 0 R 0
1408 31522 20878 595 20885 572 3947 1 0 0 0 0 0 0 1 1 1 0 R 0
1409 31543 20360 605 20384 586 3723 1 0 0 0 0 0 0 1 1 1 0 R 0
1410 31573 28874 1005 28992 988 10498 1 0 0 0 0 0 0 1 1 2 0 R 0
1411 31602 28653 984 28665 853 5431 1 0 0 0 0 0 0 1 1 1 0 R 0
1412 31624 20852 607 20883 575 4468 1 0 0 0 0 0 0 1 1 1 0 R 0
1413 31645 20799 626 20832 593 4120 1 0 0 0 0 0 0 1 1 2 0 R 0
1414 31673 26593 893 26711 771 5030 1 0 0 0 0 0 0 1 1 1 0 R 0
1415 31702 28109 1016 28133 994 7068 1 0 0 0 0 0 0 1 1 1 0 R 0
1416 31724 21003 591 21026 566 6125 1 0 0 0 0 0 0 1 1 1 0 R 0
1417 31744 19360 644 19384 611 3754 1 0 0 0 0 0 0 1 1 1 0 R 0
1418 31769 24914 1501 24942 1484 5323 1 0 0 0 0 0 0 1 1 1 0 R 0
1419 31798 26829 1186 26847 1161 5642 1 0 0 0 0 0 0 1 1 1 0 R 0
1420 31827 27853 590 27868 564 6506 1 0 0 0 0 0 0 1 1 1 0 R 0
1421 31847 20247 607 20275 575 4466 1 0 0 0 0 0 0 1 1 2 0 R 0
1422 31874 25700 1226 25824 1121 5897 1 0 0 0 0 0 0 1 1 1 0 R 0
1423 31903 27636 983 27736 975 6065 1 0 0 0 0 0 0 1 1 1 0 R 0
1424 31925 21913 712 21823 689 6892 1 0 0 0 0 1 0 1 1 1 0 R 0
1425 31948 22234 1047 22260 1025 7877 1 0 0 0 0 0 0 1 1 1 0 R 0
1426 31970 20412 935 20759 572 4567 1 0 0 0 0 0 0 1 1 1 0 R 0
1427 31992 20850 586 20875 561 4107 1 0 0 0 0 0 0 1 1 1 0 R 0
1428 32011 19054 629 19078 599 4109 1 0 0 0 0 0 0 1 1 1 0 R 0
1429 32033 20875 617 20917 579 4372 1 0 0 0 0 0 0 1 1 1 0 R 0
1430 32054 20472 612 20493 588 4617 1 0 0 0 0 0 0 1 1 2 0 R 0
1431 32075 20832 612 20857 582 4904 1 0 0 0 0 0 0 1 1 1 0 R 0
1432 32096 20014 625 20061 578 4720 1 0 0 0 0 0 0 1 1 1 0 R 0
1433 32118 21445 1025 21112 1002 5195 1 0 1 0 0 0 0 1 1 1 0 R 0
1434 32139 19650 614 19661 581 4274 1 0 0 0 0 0 0 1 1 1 0 R 0
1435 32160 21011 918 21045 881 3758 1 0 0 0 0 0 0 1 1 1 0 R 0
1436 32186 24277 1070 24309 1038 4006 1 0 0 0 0 0 0 1 1 2 0 R 0
1437 32214 27649 831 27676 807 5376 1 0 0 0 0 0 0 1 1 0 0 R 0
1438 32239 23452 750 23494 707 5933 1 0 0 0 0 0 0 1 1 1 0 R 0
1439 32260 20372 1009 20386 1001 3645 1 0 0 0 0 0 0 1 1 2 0 R 0
1440 32292 31654 996 31755 982 10908 1 0 0 0 0 0 0 1 1 1 0 R 0
1441 32322 28559 978 28499 929 7280 1 0 0 0 0 0 0 1 1 1 0 R 0
1442 32342 19388 648 19410 618 3990 1 0 0 0 0 0 0 1 1 1 0 R 0
1443 32363 20034 594 20064 565 3801 1 0 0 0 0 0 0 1 1 1 0 R 0
1444 32393 29867 1034 29895 1111 5178 1 0 0 0 0 0 0 1 1 1 0 R 0
1445 32425 30213 981 30217 979 7792 1 0 0 0 0 0 0 1 1 2 0 R 0
1446 32446 20119 656 20032 625 4754 1 0 0 0 0 0 0 1 1 1 0 R 0
1447 32466 19803 1605 19831 1584 4144 1 0 0 0 0 0 0 1 1 1 0 R 0
1448 32496 27751 1025 27765 1008 3872 1 0 0 0 0 0 0 1 1 1 0 R 0
1449 32525 28749 1286 28853 1183 5908 1 0 0 0 0 0 0 1 1 1 0 R 0
1450 32547 20115 648 20125 621 4210 1 0 0 0 0 0 0 1 1 1 0 R 0
1451 32568 20173 602 20199 571 4198 1 0 0 0 0 0 0 1 1 2 0 R 0
1452 32596 28305 1042 28330 1023 4094 1 0 0 0 0 0 0 1 1 1 0 R 0
1453 32626 28133 1035 28150 1014 5711 1 0 0 0 0 0 0 1 1 1 0 R 0
1454 32647 20793 608 20812 576 4789 1 0 0 0 0 0 0 1 1 1 0 R 0
1455 32674 26007 1007 26132 883 7614 1 0 0 0 0 0 0 1 1 1 0 R 0
1456 32701 25786 993 25807 972 4669 1 0 0 0 0 0 0 1 1 1 0 R 0
1457 32729 27110 1485 27132 1476 7293 1 0 0 0 0 0 0 1 1 1 0 R 0
1458 32751 20728 627 20731 605 3808 1 0 0 0 0 0 0 1 1 1 0 R 0
1459 32772 20154 583 20174 558 3790 1 0 0 0 0 0 0 1 1 1 0 R 0
1460 32800 27114 1772 27140 1749 4886 1 0 0 0 0 0 0 1 1 3 0 R 0
1461 32829 27829 1601 27941 1488 5645 1 0 0 0 0 0 0 1 1 1 0 R 0
1462 32853 21710 646 21724 624 4740 1 0 0 0 0 0 0 1 1 1 0 R 0
1463 32874 20439 584 20460 558 3820 1 0 0 0 0 0 0 1 1 1 0 R 0
1464 32898 23483 1125 23614 1006 6058 1 0 0 0 0 0 0 1 1 1 0 R 0
1465 32926 27416 603 27431 572 6773 1 0 0 0 0 0 0 1 1 1 0 R 0
1466 32948 21574 621 21608 584 4882 1 0 0 0 0 0 0 1 1 1 0 R 0
1467 32970 20495 959 20524 946 3778 1 0 0 0 0 0 0 1 1 1 0 R 0
1468 32992 21828 1226 21835 1228 3791 1 0 0 0 0 1 0 1 1 1 0 R 0
1469 33023 29916 604 29913 574 6879 1 0 0 0 0 0 0 1 1 1 0 R 0
1470 33049 25226 996 25270 1350 13027 1 0 0 0 0 0 0 1 1 1 0 R 0
1471 33070 20167 581 19785 554 3822 1 0 0 0 0 0 0 1 1 2 0 R 0
1472 33094 22849 1110 22965 1007 3772 1 0 0 0 0 0 0 1 1 1 0 R 0
1473 33125 30438 619 30454 610 7080 1 0 0 0 0 0 0 1 1 1 0 R 0
1474 33153 27258 613 27261 587 6524 1 0 0 0 0 0 0 1 1 1 0 R 0
1475 33174 20103 604 20132 571 3743 1 0 0 0 0 0 0 1 1 1 0 R 0
1476 33196 21731 1025 21765 1001 4188 1 0 0 0 0 0 0 1 1 1 0 R 0
1477 33228 30474 656 30489 627 6749 1 0 0 0 0 0 0 1 1 2 0 R 0
1478 33252 23498 606 23524 575 5872 1 0 0 0 0 0 0 1 1 1 0 R 0
1479 33273 20298 595 20324 568 4242 1 0 0 0 0 0 0 1 1 1 0 R 0
1480 33295 21117 613 21144 797 3791 1 0 0 0 0 0 0 1 1 1 0 R 0
1481 33326 30358 996 30168 982 7502 1 0 0 0 0 0 0 1 1 1 0 R 0
1482 33354 27209 605 27225 581 5014 1 0 0 0 0 0 0 1 1 1 0 R 0
1483 33375 20257 647 20278 613 4513 1 0 0 0 0 0 0 1 1 1 0 R 0
1484 33397 21626 610 21654 580 4256 1 0 0 0 0 0 0 1 1 1 0 R 0
1485 33433 35101 723 35143 681 13831 1 0 0 0 0 1 0 1 1 1 0 R 0
1486 33462 28133 771 28151 743 5731 1 0 0 0 0 0 0 1 1 2 0 R 0
1487 33483 20506 586 20533 563 3879 1 0 0 0 0 0 0 1 1 1 0 R 0
1488 33508 24412 1470 24439 1444 3807 1 0 0 0 0 0 0 1 1 1 0 R 0
1489 33536 27157 622 27175 591 6642 1 0 0 0 0 0 0 1 1 1 0 R 0
1490 33560 22719 1033 22768 998 7101 1 0 0 0 0 0 0 1 1 1 0 R 0
1491 33582 21496 630 21504 604 3846 1 0 0 0 0 0 0 1 1 1 0 R 0
1492 33605 22281 703 22324 672 3813 1 0 0 0 0 0 0 1 1 1 0 R 0
1493 33636 30326 787 30340 757 7589 1 0 0 0 0 0 0 1 1 1 0 R 0
1494 33662 24812 606 24837 579 6004 1 0 0 0 0 0 0 1 1 2 0 R 0
1495 33683 20332 594 20358 562 4228 1 0 0 0 0 0 0 1 1 1 0 R 0
1496 33704 21068 822 21097 892 4226 1 0 0 0 0 0 0 1 1 1 0 R 0
1497 33736 30319 1045 30248 1020 6316 1 0 0 0 0 0 0 1 1 1 0 R 0
1498 33762 25310 811 25330 778 4865 1 0 0 0 0 0 0 1 1 1 0 R 0
1499 33783 20188 598 20213 574 4238 1 0 0 0 0 0 0 1 1 1 0 R 0
