# swapstamp frames 1500 skip 300 peer 477
# f t_ms gap_us swap_us crend_us cswap_us clr_us nclr vcs_r ivcs_r vcs_s ivcs_s minf majf cpu0 cpu1 pticks pcpu pstate ctr
0 0 21028 578 21053 545 8089 1 0 0 0 0 0 0 0 0 0 1 R 0
1 20 20380 583 20408 555 3811 1 0 0 0 0 0 0 0 0 1 1 R 0
2 39 17850 698 17899 646 3663 1 0 0 0 0 0 0 0 0 2 1 R 0
3 62 21944 590 20709 561 6125 1 0 4 0 0 0 0 0 0 1 1 R 0
4 82 20248 591 20278 561 3925 1 0 0 0 0 0 0 0 0 2 1 R 0
5 102 19426 699 19498 624 3838 1 0 0 0 0 0 0 0 0 1 1 R 0
6 127 23616 749 21281 723 3532 1 0 5 0 0 0 0 0 0 1 1 R 0
7 146 18919 736 18974 686 3038 1 0 0 0 0 0 0 0 0 2 1 R 0
8 167 19450 800 19469 780 3153 1 0 0 0 0 0 0 0 0 1 1 R 0
9 189 21643 583 20937 553 3820 1 0 4 0 0 0 0 0 0 1 1 R 0
10 209 19853 591 19885 556 4488 1 0 0 0 0 0 0 0 0 1 1 R 0
11 231 20938 582 20966 550 4409 1 0 0 0 0 0 0 0 0 2 1 R 0
12 250 18242 657 18289 631 3524 1 0 0 0 0 0 0 0 0 2 1 R 0
13 271 20672 734 19736 670 5906 1 0 4 0 0 0 0 0 0 1 1 R 0
14 293 20955 587 20981 556 3903 1 0 0 0 0 0 0 0 0 2 1 R 0
15 318 24583 717 23786 687 7934 1 0 1 0 0 0 0 0 0 1 1 R 0
16 340 21468 596 20477 569 3306 1 0 4 0 0 0 0 0 0 1 1 R 0
17 359 18349 788 18441 698 3536 1 0 0 0 0 0 0 0 0 2 1 R 0
18 379 18837 685 18882 636 3543 1 0 0 0 0 0 0 0 0 2 1 R 0
19 401 21849 592 20808 569 3910 1 0 4 0 0 0 0 0 0 1 1 R 0
20 422 20407 586 20430 560 4265 1 0 0 0 0 0 0 0 0 1 1 R 0
21 441 18203 728 18262 665 3159 1 0 0 0 0 0 0 0 0 2 1 R 0
22 461 18814 703 18862 660 3092 1 0 0 0 0 0 0 0 0 1 1 R 0
23 484 22648 1040 21785 597 5287 1 0 5 0 0 0 0 0 0 2 1 R 0
24 504 18861 996 18887 975 3889 1 0 0 0 0 0 0 0 0 1 1 R 0
25 527 21701 587 20661 554 3832 1 0 1 0 0 0 0 0 0 2 1 R 0
26 549 21664 594 20581 570 3152 1 0 4 0 0 0 0 0 0 1 1 R 0
27 569 19709 580 19735 551 4424 1 0 0 0 0 0 0 0 0 2 1 R 0
28 590 19794 894 19856 846 4570 1 0 0 0 0 0 0 0 0 1 1 R 0
29 612 21362 583 20382 558 4462 1 0 4 0 0 0 0 0 0 1 1 R 0
30 636 23671 566 23689 538 6771 1 0 0 0 0 0 0 0 0 1 1 R 0
31 654 17210 1380 17258 1351 3309 1 0 0 0 0 0 0 0 0 2 1 R 0
32 678 23133 909 21903 677 3797 1 0 4 0 0 0 0 0 0 1 1 R 0
33 698 18599 711 18645 661 3613 1 0 0 0 0 0 0 0 0 2 1 R 0
34 720 21271 596 20211 564 4409 1 0 1 0 0 0 0 0 0 2 1 R 0
35 740 19740 583 19766 553 4426 1 0 0 0 0 0 0 0 0 1 1 R 0
36 763 21787 840 20859 817 5461 1 0 4 0 0 0 0 0 0 2 1 R 0
37 781 17480 688 17525 650 3039 1 0 0 0 0 0 0 0 0 0 1 R 0
38 802 20448 588 20469 554 4606 1 0 0 0 0 0 0 0 0 2 1 R 0
39 826 23265 593 21820 560 4067 1 0 4 0 0 0 0 0 0 2 1 R 0
40 846 19895 597 19919 578 3520 1 0 0 0 0 0 0 0 0 1 1 R 0
41 864 17028 1434 17079 1395 3152 1 0 0 0 0 0 0 0 0 1 1 R 0
42 884 18274 3466 18302 2398 3189 1 0 0 0 2 0 0 0 0 2 1 R 0
43 908 20681 594 19799 560 4394 1 0 2 0 0 0 0 0 0 2 1 R 0
44 929 20716 595 19775 559 5799 1 0 1 0 0 0 0 0 0 1 1 R 0
45 952 21885 585 21919 548 6822 1 0 0 0 0 0 0 0 0 1 1 R 0
46 972 19809 568 18774 534 4512 1 0 4 0 0 0 0 0 0 1 1 R 0
47 1000 27930 585 24439 556 8318 1 0 3 0 0 0 0 0 0 2 1 R 0
48 1021 19657 594 19690 558 4505 1 0 0 0 0 0 0 0 0 1 1 R 0
49 1043 22023 638 20969 1061 5750 1 0 4 0 0 0 0 0 0 2 1 R 0
50 1062 17783 780 17422 680 3165 1 0 0 0 0 0 0 0 0 1 1 R 0
51 1083 20058 781 20093 755 4569 1 0 0 0 0 0 0 0 0 2 1 R 0
52 1107 23994 587 22324 560 3986 1 0 4 0 0 0 0 0 0 1 1 R 0
53 1130 22414 751 21346 709 3861 1 0 1 0 0 0 0 0 0 2 1 R 0
54 1175 43651 729 29686 687 5995 1 0 13 0 0 0 0 0 0 1 1 R 0
55 1214 38246 995 18879 972 26787 1 2 0 0 0 0 0 0 0 2 1 R 0
56 1234 18950 1417 18983 1391 3840 1 0 0 0 1 0 0 0 0 1 1 R 0
57 1257 21825 574 19861 544 3110 1 0 3 0 0 0 0 0 0 1 1 R 0
58 1276 18313 661 18355 637 3050 1 0 0 0 0 0 0 0 0 3 1 R 0
59 1296 19113 707 19141 671 3105 1 0 0 0 0 0 0 0 0 1 1 R 0
60 1322 26173 932 23924 899 7437 1 0 5 0 0 0 0 0 0 2 1 R 0
61 1347 23217 634 22969 602 3801 1 0 1 0 0 0 0 0 0 2 1 R 0
62 1366 18792 659 18826 611 3118 1 0 0 0 0 0 0 0 0 2 1 R 0
63 1389 22740 715 21597 692 3087 1 0 4 0 0 1 0 0 0 1 1 R 0
64 1410 20174 584 20189 560 3924 1 0 0 0 0 0 0 0 0 1 1 R 0
65 1430 19519 588 19552 559 4362 1 0 0 0 0 0 0 0 0 1 1 R 0
66 1453 22425 947 20598 926 5063 1 0 5 0 0 0 0 0 0 2 1 R 0
67 1472 17418 780 17453 751 3418 1 0 0 0 0 0 0 0 0 1 1 R 0
68 1493 20311 708 20361 653 3378 1 0 0 0 0 0 0 0 0 2 1 R 0
69 1514 20225 1113 20239 1103 3776 1 0 0 0 2 0 0 0 0 1 1 R 0
70 1537 22472 1014 19700 975 5643 1 0 3 0 0 0 0 0 0 1 1 R 0
71 1558 19826 572 19839 546 4147 1 0 0 0 0 0 0 0 0 1 1 R 0
72 1577 18407 686 18454 637 3089 1 0 0 0 0 0 0 0 0 2 1 R 0
73 1601 23080 578 22157 542 4521 1 0 4 0 0 0 0 0 0 2 1 R 0
74 1620 18330 700 18385 657 3652 1 0 0 0 0 0 0 0 0 1 1 R 0
75 1643 22741 593 22761 1053 8539 1 0 0 0 0 0 0 0 0 1 1 R 0
76 1666 21942 582 20220 560 3837 1 0 4 0 0 0 0 0 0 2 1 R 0
77 1684 17371 1372 17414 1359 3086 1 0 0 0 0 0 0 0 0 2 1 R 0
78 1704 18383 1554 18393 1545 3479 1 0 0 0 0 0 0 0 0 1 1 R 0
79 1729 23957 556 22121 535 3829 1 0 5 0 0 0 0 0 0 1 1 R 0
80 1750 20158 606 20187 573 4588 1 0 0 0 0 0 0 0 0 1 1 R 0
81 1768 17971 776 18020 728 3669 1 0 0 0 0 0 0 0 0 2 1 R 0
82 1788 18940 753 18986 721 4237 1 0 0 0 0 0 0 0 0 2 1 R 0
83 1810 21524 807 20639 728 5387 1 0 4 0 0 0 0 0 0 2 1 R 0
84 1831 19809 582 19839 553 3703 1 0 0 0 0 0 0 0 0 1 1 R 0
85 1851 19390 609 19419 576 4325 1 0 0 0 0 0 0 0 0 1 1 R 0
86 1873 21784 1028 20424 998 3961 1 0 4 0 0 0 0 0 0 1 1 R 0
87 1892 17494 724 17536 683 3117 1 0 0 0 0 0 0 0 0 2 1 R 0
88 1912 19627 848 19700 763 3031 1 0 0 0 0 1 0 0 0 2 1 R 0
89 1941 28129 726 25822 664 5255 1 0 5 0 0 0 0 0 0 2 1 R 0
90 1969 26729 676 26787 610 6771 1 0 0 0 0 0 0 0 0 3 1 R 0
91 1988 18156 703 18204 654 3665 1 0 0 0 0 0 0 0 0 1 1 R 0
92 2011 22672 582 21417 562 4127 1 0 4 0 0 0 0 0 0 3 1 R 0
93 2031 19629 1235 19653 1209 4403 1 0 0 0 0 1 0 0 0 0 1 R 0
94 2056 23731 692 21070 671 3848 1 0 1 0 0 0 0 0 0 1 1 R 0
95 2077 20625 886 19490 712 3125 1 0 3 0 1 0 0 0 0 3 1 R 0
96 2098 19412 631 19454 583 3600 1 0 0 0 0 0 0 0 0 1 1 R 0
97 2120 21849 1138 21889 1196 7223 1 0 0 0 1 0 0 0 0 2 1 R 0
98 2144 22480 1726 20986 1372 3869 1 0 0 0 1 0 0 0 0 1 1 R 0
99 2167 21540 582 19805 550 3660 1 0 3 0 0 0 0 0 0 2 1 R 0
100 2186 18285 668 18331 629 3032 1 0 0 0 0 0 0 0 0 1 1 R 0
101 2207 20024 566 20045 537 3316 1 0 0 0 0 0 0 0 0 1 1 R 0
102 2229 22241 598 21247 569 3033 1 0 4 0 0 0 0 0 0 2 1 R 0
103 2250 19874 634 19899 605 4466 1 0 0 0 0 0 0 0 0 1 1 R 0
104 2270 19418 588 19449 553 4068 1 0 0 0 0 0 0 0 0 1 1 R 0
105 2295 24789 579 23264 554 6585 1 0 4 0 0 0 0 0 0 2 1 R 0
106 2316 19809 577 19829 558 3635 1 0 0 0 0 0 0 0 0 1 1 R 0
107 2337 20726 595 19581 564 3821 1 0 1 0 0 0 0 0 0 2 1 R 0
108 2360 21922 556 21103 531 4092 1 0 4 0 0 0 0 0 0 1 1 R 0
109 2380 19397 574 19424 548 4423 1 0 0 0 0 0 0 0 0 1 1 R 0
110 2398 18101 781 18169 719 3646 1 0 0 0 0 0 0 0 0 2 1 R 0
111 2418 19316 745 19381 676 4418 1 0 0 0 0 0 0 0 0 2 1 R 0
112 2441 22343 606 21314 577 6462 1 0 4 0 0 0 0 0 0 1 1 R 0
113 2461 19380 620 19412 585 4336 1 0 0 0 0 0 0 0 0 1 1 R 0
114 2483 20794 787 20421 710 4476 1 0 1 0 0 0 0 0 0 2 1 R 0
115 2506 22343 687 21406 659 3108 1 0 4 0 0 0 0 0 0 0 1 R 0
116 2527 20283 862 18725 831 3165 1 0 1 0 0 0 0 0 0 3 1 R 0
117 2547 19336 586 19364 554 3841 1 0 0 0 0 0 0 0 0 1 1 R 0
118 2570 22187 604 21139 580 3891 1 0 4 0 0 0 0 0 0 1 1 R 0
119 2589 18714 1319 18781 1259 3762 1 0 0 0 0 0 0 0 0 1 1 R 0
120 2614 23028 1096 23079 1056 6584 1 0 0 0 0 0 0 0 0 2 1 R 0
121 2633 18048 863 18070 818 3466 1 0 0 0 0 0 0 0 0 2 1 R 0
122 2656 22654 673 20993 655 5277 1 0 4 0 0 0 0 0 0 2 1 R 0
123 2677 19895 576 19918 547 3832 1 0 0 0 0 0 0 0 0 0 1 R 0
124 2697 19492 775 19548 723 3235 1 0 0 0 0 0 0 0 0 3 1 R 0
125 2720 21925 598 20990 568 3116 1 0 4 0 0 0 0 0 0 1 1 R 0
126 2741 21126 591 20120 565 5181 1 0 1 0 0 0 0 0 0 1 1 R 0
127 2761 19344 591 19375 557 4268 1 0 0 0 0 0 0 0 0 1 1 R 0
128 2785 22960 579 21381 556 4179 1 0 4 0 0 0 0 0 0 2 1 R 0
129 2803 17636 703 17695 637 3306 1 0 0 0 0 0 0 0 0 1 1 R 0
130 2825 21418 569 21462 528 3227 1 0 0 0 0 0 0 0 0 2 1 R 0
131 2843 17458 676 17509 644 3065 1 0 0 0 0 0 0 0 0 2 1 R 0
132 2868 23843 646 21973 617 4559 1 0 4 0 0 0 0 0 0 1 1 R 0
133 2889 20340 588 19991 561 3542 1 0 1 0 0 0 0 0 0 1 1 R 0
134 2908 18996 710 19039 662 3486 1 0 0 0 0 0 0 0 0 2 1 R 0
135 2935 26277 575 24248 543 8931 1 0 5 0 0 0 0 0 0 2 1 R 0
136 2956 20079 719 20106 700 3306 1 0 0 0 0 0 0 0 0 1 1 R 0
137 2976 19414 591 19438 561 3811 1 0 0 0 0 0 0 0 0 1 1 R 0
138 2999 22294 598 21171 571 3618 1 0 4 0 0 0 0 0 0 1 1 R 0
139 3019 19042 595 19070 562 3974 1 0 0 0 0 0 0 0 0 2 1 R 0
140 3039 20162 727 20195 705 4707 1 0 0 0 0 0 0 0 0 1 1 R 0
141 3061 21256 585 20027 555 3656 1 0 4 0 0 0 0 0 0 1 1 R 0
142 3082 20200 593 20229 563 4357 1 0 0 0 0 0 0 0 0 2 1 R 0
143 3101 18078 678 18124 633 3095 1 0 0 0 0 0 0 0 0 1 1 R 0
144 3122 20519 570 20550 544 4381 1 0 0 0 0 0 0 0 0 2 1 R 0
145 3146 23495 600 21193 568 6556 1 0 4 0 0 0 0 0 0 1 1 R 0
146 3167 20165 581 20199 550 3902 1 0 0 0 0 0 0 0 0 1 1 R 0
147 3187 19211 597 19246 559 3862 1 0 0 0 0 0 0 0 0 2 1 R 0
148 3210 22530 639 21459 610 3288 1 0 4 0 0 0 0 0 0 1 1 R 0
149 3228 17366 1170 17425 1106 3509 1 0 0 0 0 0 0 0 0 2 1 R 0
150 3253 24453 606 24488 576 8316 1 0 0 0 0 0 0 0 0 2 1 R 0
151 3276 21632 577 20620 545 4059 1 0 4 0 0 0 0 0 0 1 1 R 0
152 3296 19754 769 19813 708 3671 1 0 0 0 0 0 0 0 0 1 1 R 0
153 3316 19587 642 19691 541 3541 1 0 0 0 0 0 0 0 0 1 1 R 0
154 3341 23749 587 21372 564 3232 1 0 5 0 0 0 0 0 0 2 1 R 0
155 3361 19874 593 19900 565 4461 1 0 0 0 0 0 0 0 0 1 1 R 0
156 3381 19679 643 19749 566 4319 1 0 0 0 0 0 0 0 0 1 1 R 0
157 3402 20147 574 20179 549 4414 1 0 0 0 0 0 0 0 0 2 1 R 0
158 3424 21153 1321 20062 1297 4678 1 0 4 0 0 0 0 0 0 1 1 R 0
159 3447 21312 586 20901 559 3254 1 0 1 0 0 0 0 0 0 2 1 R 0
160 3467 19804 594 19831 566 3815 1 0 0 0 0 0 0 0 0 1 1 R 0
161 3490 22127 759 20688 732 4101 1 0 4 0 0 0 0 0 0 1 1 R 0
162 3509 18924 713 18980 660 3732 1 0 0 0 0 0 0 0 0 1 1 R 0
163 3528 17981 689 18017 652 3471 1 0 0 0 0 0 0 0 0 2 1 R 0
164 3554 24936 1013 22042 991 3692 1 0 5 0 0 0 0 0 0 2 1 R 0
165 3577 22378 785 22446 708 7116 1 0 0 0 0 0 0 0 0 1 1 R 0
166 3597 19643 613 19665 593 3918 1 0 0 0 0 0 0 0 0 2 1 R 0
167 3620 21749 603 20521 591 3135 1 0 4 0 0 0 0 0 0 1 1 R 0
168 3640 19176 824 19203 780 3870 1 0 0 0 0 0 0 0 0 2 1 R 0
169 3658 17807 683 17868 621 3733 1 0 0 0 0 0 0 0 0 1 1 R 0
170 3679 20402 592 20429 561 4303 1 0 0 0 0 0 0 0 0 1 1 R 0
171 3702 22347 638 21300 599 6649 1 0 4 0 0 0 0 0 0 1 1 R 0
172 3721 18400 686 18437 655 3308 1 0 0 0 0 0 0 0 0 2 1 R 0
173 3746 23754 597 22702 570 4158 1 0 1 0 0 0 0 0 0 2 1 R 0
174 3769 22273 698 20783 659 3917 1 0 4 0 0 0 0 0 0 1 1 R 0
175 3789 19284 699 19328 664 4443 1 0 0 0 0 0 0 0 0 1 1 R 0
176 3810 20257 597 20278 570 3806 1 0 0 0 0 0 0 0 0 2 1 R 0
177 3831 20605 662 19238 620 3528 1 0 4 0 0 0 0 0 0 1 1 R 0
178 3851 19981 838 20046 780 4054 1 0 0 0 0 0 0 0 0 2 1 R 0
179 3872 19573 582 19600 549 4018 1 0 0 0 0 0 0 0 0 1 1 R 0
180 3899 26211 592 25086 563 8390 1 0 4 0 0 0 0 0 0 2 1 R 0
181 3918 19065 882 19112 840 3771 1 0 0 0 0 1 0 0 0 1 1 R 0
182 3940 21077 593 19082 568 4041 1 0 1 0 0 0 0 0 0 2 1 R 0
183 3960 19620 701 19712 607 4362 1 0 0 0 0 0 0 0 0 1 1 R 0
184 3983 21678 738 20764 691 6380 1 0 4 0 0 0 0 0 0 1 1 R 0
185 4006 22462 858 22499 830 3859 1 0 0 0 0 0 0 0 0 3 1 R 0
186 4026 19254 781 19317 837 3093 1 0 0 0 0 0 0 0 0 2 1 R 0
187 4048 21599 603 20439 571 3048 1 0 4 0 0 0 0 0 0 1 1 R 0
188 4069 19486 612 19517 583 3514 1 0 0 0 0 0 0 0 0 1 1 R 0
189 4089 19535 582 19559 553 4424 1 0 0 0 0 0 0 0 0 2 1 R 0
190 4112 22716 579 21391 543 4338 1 0 4 0 0 0 0 0 0 1 1 R 0
191 4131 18685 708 18761 638 3147 1 0 0 0 0 1 0 0 0 2 1 R 0
192 4153 20683 587 19804 554 4367 1 0 1 0 0 0 0 0 0 1 1 R 0
193 4173 19386 846 19455 788 3462 1 0 0 0 0 0 0 0 0 2 1 R 0
194 4196 22162 576 21026 552 4571 1 0 4 0 0 0 0 0 0 1 1 R 0
195 4218 22032 1216 22063 1198 7218 1 0 0 0 0 1 0 0 0 1 1 R 0
196 4238 18565 796 18595 753 3968 1 0 0 0 0 0 0 0 0 2 1 R 0
197 4261 21966 599 20897 568 6075 1 0 4 0 0 0 0 0 0 1 1 R 0
198 4281 20064 587 20094 557 4321 1 0 0 0 0 0 0 0 0 1 1 R 0
199 4301 19272 591 19307 554 4477 1 0 0 0 0 0 0 0 0 1 1 R 0
200 4325 22720 635 21414 599 4131 1 0 4 0 0 0 0 0 0 2 1 R 0
201 4347 21234 709 20298 681 3111 1 0 1 0 0 0 0 0 0 1 1 R 0
202 4366 18723 698 18745 665 3149 1 0 0 0 0 0 0 0 0 2 1 R 0
203 4388 21426 535 20444 509 3124 1 0 4 0 0 0 0 0 0 2 1 R 0
204 4409 20378 617 20410 589 4341 1 0 0 0 0 0 0 0 0 1 1 R 0
205 4429 19099 645 19148 593 4093 1 0 0 0 0 0 0 0 0 1 1 R 0
206 4448 18848 762 18887 750 3470 1 0 0 0 0 0 0 0 0 2 1 R 0
207 4470 21036 599 19766 572 4255 1 0 4 0 0 0 0 0 0 2 1 R 0
208 4492 21324 604 20892 578 5585 1 0 1 0 0 0 0 0 0 1 1 R 0
209 4512 19250 585 19275 551 3849 1 0 0 0 0 0 0 0 0 1 1 R 0
210 4538 26106 566 23820 547 6424 1 0 5 0 0 0 0 0 0 1 1 R 0
211 4559 19869 930 19971 835 3647 1 0 0 0 0 0 0 0 0 2 1 R 0
212 4579 18810 941 18886 868 3522 1 0 0 0 0 0 0 0 0 1 1 R 0
213 4602 21911 587 21131 556 4453 1 0 4 0 0 0 0 0 0 1 1 R 0
214 4622 19418 603 19447 570 4509 1 0 0 0 0 0 0 0 0 2 1 R 0
215 4640 18204 676 18262 623 3098 1 0 0 0 0 0 0 0 0 1 1 R 0
216 4661 19734 702 19800 639 4489 1 0 0 0 0 0 0 0 0 2 1 R 0
217 4682 20496 597 19522 569 5341 1 0 4 0 0 0 0 0 0 1 1 R 0
218 4702 19815 597 19845 574 3905 1 0 0 0 0 0 0 0 0 1 1 R 0
219 4722 19341 988 19374 971 4022 1 0 0 0 0 0 0 0 0 2 1 R 0
220 4749 25302 621 21720 573 3460 1 0 6 0 0 0 0 0 0 2 1 R 0
221 4768 18650 730 18727 649 3875 1 0 0 0 0 0 0 0 0 1 1 R 0
222 4787 18902 775 18960 721 3773 1 0 0 0 0 0 0 0 0 2 1 R 0
223 4810 22180 578 21182 555 4210 1 0 4 0 0 0 0 0 0 1 1 R 0
224 4831 20225 582 20249 546 3997 1 0 0 0 0 0 0 0 0 2 1 R 0
225 4852 20639 730 20720 660 6583 1 0 0 0 0 0 0 0 0 1 1 R 0
226 4872 18951 726 18998 691 3704 1 0 0 0 0 0 0 0 0 2 1 R 0
227 4896 23114 593 21442 565 4613 1 0 4 0 0 0 0 0 0 1 1 R 0
228 4917 20000 934 20029 910 3881 1 0 0 0 0 0 0 0 0 1 1 R 0
229 4938 20005 579 20026 553 3958 1 0 0 0 0 0 0 0 0 2 1 R 0
230 4962 23541 586 20900 554 3842 1 0 5 0 0 0 0 0 0 2 1 R 0
231 4980 17604 616 17636 593 3244 1 0 0 0 0 0 0 0 0 1 1 R 0
232 5001 20516 647 20553 604 4833 1 0 0 0 0 0 0 0 0 2 1 R 0
233 5024 22237 1159 20917 1142 4588 1 0 4 0 0 0 0 0 0 1 1 R 0
234 5045 20109 716 20120 689 3482 1 0 0 0 0 0 0 0 0 1 1 R 0
235 5063 17338 746 17375 729 3091 1 0 0 0 0 0 0 0 0 1 1 R 0
236 5083 18780 864 18866 773 3139 1 0 0 0 0 0 0 0 0 2 1 R 0
237 5107 23386 592 21243 565 4034 1 0 4 0 0 0 0 0 0 1 1 R 0
238 5128 20314 669 20352 629 3900 1 0 0 0 0 0 0 0 0 1 1 R 0
239 5149 20531 577 19106 543 3415 1 0 1 0 0 0 0 0 0 2 1 R 0
240 5174 23885 918 23082 893 8565 1 0 4 0 0 0 0 0 0 2 1 R 0
241 5193 18303 833 18386 749 3319 1 0 0 0 0 0 0 0 0 1 1 R 0
242 5213 19593 646 19650 576 3913 1 0 0 0 0 0 0 0 0 1 1 R 0
243 5236 22474 577 20412 553 3835 1 0 4 0 0 0 0 0 0 1 1 R 0
244 5256 19117 1330 19168 1294 3283 1 0 0 0 0 0 0 0 0 2 1 R 0
245 5277 19426 850 19452 801 3070 1 0 0 0 0 0 0 0 0 1 1 R 0
246 5299 21810 691 20906 569 3045 1 0 4 0 0 0 0 0 0 2 1 R 0
247 5319 19254 593 19279 561 4441 1 0 0 0 0 0 0 0 0 1 1 R 0
248 5340 20426 584 20456 550 4575 1 0 0 0 0 0 0 0 0 2 1 R 0
249 5360 19166 705 18005 635 3131 1 0 1 0 0 0 0 0 0 2 1 R 0
250 5382 21433 590 20388 555 5653 1 0 4 0 0 0 0 0 0 0 1 R 0
251 5401 17779 686 17840 634 3120 1 0 0 0 0 0 0 0 0 2 1 R 0
252 5422 20755 624 20779 593 5334 1 0 0 0 0 0 0 0 0 1 1 R 0
253 5446 23483 633 22150 602 3876 1 0 4 0 0 0 0 0 0 2 1 R 0
254 5465 18415 664 18452 631 3096 1 0 0 0 0 0 0 0 0 1 1 R 0
255 5489 23193 577 23218 546 7379 1 0 0 0 0 0 0 0 0 3 1 R 0
256 5512 22050 582 20996 562 4352 1 0 4 0 0 0 0 0 0 1 1 R 0
257 5532 19724 591 19748 562 3834 1 0 0 0 0 0 0 0 0 1 1 R 0
258 5554 21301 1078 19091 1070 3924 1 0 1 0 0 0 0 0 0 1 1 R 0
259 5573 17699 1080 17751 1052 3043 1 0 0 0 0 0 0 0 0 2 1 R 0
260 5596 22377 561 20693 536 3392 1 0 4 0 0 0 0 0 0 2 1 R 0
261 5616 19122 789 19171 757 3183 1 0 0 0 0 0 0 0 0 1 1 R 0
262 5636 19865 626 19877 604 3899 1 0 0 0 0 0 0 0 0 1 1 R 0
263 5659 21812 588 20900 549 4068 1 0 4 0 0 0 0 0 0 1 1 R 0
264 5678 18573 704 18639 650 3686 1 0 0 0 0 0 0 0 0 2 1 R 0
265 5698 19188 692 19227 640 3600 1 0 0 0 0 0 0 0 0 2 1 R 0
266 5721 22400 584 21191 558 3509 1 0 4 0 0 0 0 0 0 1 1 R 0
267 5742 20142 595 20171 565 4368 1 0 0 0 0 0 0 0 0 2 1 R 0
268 5765 22525 600 21415 554 5929 1 0 1 0 0 0 0 0 0 1 1 R 0
269 5788 22206 577 21294 552 3555 1 0 4 0 0 0 0 0 0 2 1 R 0
270 5811 22899 658 22928 629 8682 1 0 0 0 0 0 0 0 0 1 1 R 0
271 5831 19129 589 19159 561 4280 1 0 0 0 0 0 0 0 0 1 1 R 0
272 5852 20511 707 20538 681 4345 1 0 0 0 0 0 0 0 0 1 1 R 0
273 5873 20172 985 19359 1634 5083 1 0 4 0 0 0 0 0 0 2 1 R 0
274 5894 19558 1278 18900 1253 3108 1 0 0 0 0 1 0 0 0 2 1 R 0
275 5914 19000 1021 19006 1004 3077 1 0 0 0 0 0 0 0 0 1 1 R 0
276 5937 21801 591 20039 562 3902 1 0 5 0 0 0 0 0 0 0 1 R 0
277 5958 20947 586 19970 547 3740 1 0 1 0 0 0 0 0 0 2 1 R 0
278 5979 20066 628 20099 605 3324 1 0 0 0 0 0 0 0 0 2 1 R 0
279 6001 21639 585 20693 562 3849 1 0 4 0 0 0 0 0 0 1 1 R 0
280 6022 20105 584 20128 554 4416 1 0 0 0 0 0 0 0 0 2 1 R 0
281 6043 21035 1340 20057 1256 3883 1 0 1 0 0 0 0 0 0 1 1 R 0
282 6066 21479 980 20919 792 3938 1 0 4 0 0 0 0 0 0 1 1 R 0
283 6086 18719 689 18735 658 3038 1 0 0 0 0 0 0 0 0 1 1 R 0
284 6106 19724 977 19770 954 3378 1 0 0 0 0 0 0 0 0 2 1 R 0
285 6129 21812 626 21811 601 8139 1 0 0 0 0 0 0 0 0 1 1 R 0
286 6153 23412 596 21619 568 5645 1 0 5 0 0 0 0 0 0 2 1 R 0
287 6173 19058 910 19121 872 4072 1 0 0 0 0 0 0 0 0 1 1 R 0
288 6193 19009 884 19080 787 3096 1 0 0 0 0 0 0 0 0 2 1 R 0
289 6217 23734 702 22666 633 4189 1 0 4 0 0 0 0 0 0 2 1 R 0
290 6237 19198 619 19239 592 3698 1 0 0 0 0 0 0 0 0 1 1 R 0
291 6257 19390 653 19408 625 4044 1 0 0 0 0 0 0 0 0 1 1 R 0
292 6280 22143 670 21097 637 3064 1 0 4 0 0 0 0 0 0 2 1 R 0
293 6299 18285 690 18327 649 3536 1 0 0 0 0 0 0 0 0 1 1 R 0
294 6318 18487 696 18529 648 3528 1 0 0 0 0 0 0 0 0 2 1 R 0
295 6340 20688 712 20723 688 4872 1 0 0 0 0 0 0 0 0 1 1 R 0
296 6363 22400 599 20224 573 7632 1 0 5 0 0 0 0 0 0 1 1 R 0
297 6381 17821 702 17872 654 3062 1 0 0 0 0 0 0 0 0 2 1 R 0
298 6402 20184 1259 20204 1244 4580 1 0 0 0 0 1 0 0 0 2 1 R 0
299 6426 22943 587 21650 558 4041 1 0 4 0 0 0 0 0 0 1 1 R 0
300 6450 22896 581 22922 553 7949 1 0 0 0 0 0 0 0 0 1 1 R 0
301 6470 19380 590 19412 557 3889 1 0 0 0 0 0 0 0 0 1 1 R 0
302 6493 22595 783 20660 741 4506 1 0 5 0 0 0 0 0 0 2 1 R 0
303 6513 19063 837 19110 807 3646 1 0 0 0 0 0 0 0 0 1 1 R 0
304 6533 19970 1046 19992 1008 3862 1 0 0 0 0 0 0 0 0 2 1 R 0
305 6556 21120 1748 20185 1140 4055 1 0 2 0 3 0 0 0 0 1 1 R 0
306 6579 21258 626 20907 597 4502 1 0 0 0 0 0 0 0 0 2 1 R 0
307 6597 18073 668 18106 632 3531 1 0 0 0 0 0 0 0 0 1 1 R 0
308 6617 19420 676 19467 640 3675 1 0 0 0 0 0 0 0 0 2 1 R 0
309 6641 22376 600 21373 569 3357 1 0 4 0 0 0 0 0 0 2 1 R 0
310 6661 19609 598 19639 569 4450 1 0 0 0 0 0 0 0 0 1 1 R 0
311 6683 21707 584 21738 548 4456 1 0 0 0 0 0 0 0 0 1 1 R 0
312 6707 22978 680 21852 636 3026 1 0 4 0 0 0 0 0 0 2 1 R 0
313 6725 17753 612 17788 574 3092 1 0 0 0 0 0 0 0 0 1 1 R 0
314 6765 39691 1242 20063 938 27719 1 2 4 0 1 0 0 0 0 2 1 R 0
315 6789 22331 585 22346 549 6979 1 0 0 0 0 0 0 0 0 1 1 R 0
316 6809 19749 588 19783 558 4337 1 0 0 0 0 0 0 0 0 2 1 R 0
317 6830 19780 582 19809 548 4344 1 0 0 0 0 0 0 0 0 1 1 R 0
318 6852 21602 722 20584 677 5904 1 0 4 0 0 1 0 0 0 2 1 R 0
319 6872 19480 590 19510 555 4037 1 0 0 0 0 0 0 0 0 1 1 R 0
320 6891 18772 764 18822 728 3102 1 0 0 0 0 0 0 0 0 1 1 R 0
321 6915 22661 621 21054 593 3275 1 0 4 0 0 0 0 0 0 1 1 R 0
322 6934 18190 1547 18244 1493 3076 1 0 0 0 0 0 0 0 0 2 1 R 0
323 6957 22116 582 21299 550 4043 1 0 1 0 0 0 0 0 0 1 1 R 0
324 6980 22615 569 21585 543 3880 1 0 4 0 0 0 0 0 0 2 1 R 0
325 6999 18002 790 18060 737 3641 1 0 0 0 0 0 0 0 0 1 1 R 0
326 7020 20393 567 20411 542 4690 1 0 0 0 0 0 0 0 0 2 1 R 0
327 7040 19322 583 19347 557 3870 1 0 0 0 0 0 0 0 0 1 1 R 0
328 7062 21576 762 20451 748 6421 1 0 4 0 0 0 0 0 0 1 1 R 0
329 7083 20466 1004 20488 986 3576 1 0 0 0 0 0 0 0 0 1 1 R 0
330 7108 23014 640 23025 614 6983 1 0 0 0 0 0 0 0 0 2 1 R 0
331 7130 21749 607 20587 576 3858 1 0 4 0 0 0 0 0 0 1 1 R 0
332 7150 19421 581 19446 554 4220 1 0 0 0 0 0 0 0 0 1 1 R 0
333 7172 21228 600 19840 561 5976 1 0 1 0 0 0 0 0 0 2 1 R 0
334 7195 22658 560 21161 537 3918 1 0 4 0 0 0 0 0 0 1 1 R 0
335 7213 17688 1292 17749 1256 3062 1 0 0 0 0 0 0 0 0 2 1 R 0
336 7233 18482 677 18497 653 3190 1 0 0 0 0 0 0 0 0 1 1 R 0
337 7254 19915 2556 19929 1790 4052 1 0 0 0 4 0 0 0 0 1 1 R 0
338 7277 20418 591 20032 562 3838 1 0 0 0 0 0 0 0 0 1 1 R 0
339 7297 19881 816 19929 769 3609 1 0 0 0 0 0 0 0 0 2 1 R 0
340 7316 18392 673 18440 647 3059 1 0 0 0 0 0 0 0 0 2 1 R 0
341 7339 22245 740 21368 727 3149 1 0 4 0 0 0 0 0 0 1 1 R 0
342 7361 21092 590 19263 555 3669 1 0 1 0 0 0 0 0 0 1 1 R 0
343 7381 19411 638 19444 609 4334 1 0 0 0 0 0 0 0 0 1 1 R 0
344 7403 21526 587 20235 554 3655 1 0 4 0 0 0 0 0 0 2 1 R 0
345 7426 22321 567 22347 535 6235 1 0 0 0 0 0 0 0 0 2 1 R 0
346 7448 21417 572 21057 544 3027 1 0 1 0 0 0 0 0 0 1 1 R 0
347 7470 21518 594 20428 563 4369 1 0 4 0 0 0 0 0 0 1 1 R 0
348 7491 20286 602 20317 561 4506 1 0 0 0 0 0 0 0 0 2 1 R 0
349 7509 17692 692 17744 648 3531 1 0 0 0 0 0 0 0 0 1 1 R 0
350 7530 19900 748 19941 719 4095 1 0 0 0 0 0 0 0 0 2 1 R 0
351 7552 21048 600 19961 568 5577 1 0 4 0 0 0 0 0 0 2 1 R 0
352 7573 20723 692 19814 553 5302 1 0 1 0 0 0 0 0 0 1 1 R 0
353 7593 19498 1046 19529 1030 3895 1 0 0 0 0 0 0 0 0 1 1 R 0
354 7616 21623 816 20500 790 3062 1 0 4 0 0 0 0 0 0 2 1 R 0
355 7636 18889 629 18952 541 3061 1 0 0 0 0 0 0 0 0 1 1 R 0
356 7656 19630 709 19660 691 3266 1 0 0 0 0 0 0 0 0 1 1 R 0
357 7678 21470 777 20582 772 3846 1 0 4 0 0 0 0 0 0 2 1 R 0
358 7700 21584 584 21597 548 3842 1 0 0 0 0 0 0 0 0 1 1 R 0
359 7720 18605 757 18718 650 3911 1 0 0 0 0 0 0 0 0 2 1 R 0
360 7743 22854 598 22879 566 7421 1 0 0 0 0 0 0 0 0 1 1 R 0
361 7768 24581 583 21341 549 4102 1 0 5 0 0 0 0 0 0 2 1 R 0
362 7789 19905 570 19935 535 4517 1 0 0 0 0 0 0 0 0 1 1 R 0
363 7808 18989 939 19070 877 3920 1 0 0 0 0 0 0 0 0 1 1 R 0
364 7830 20580 696 19719 647 4792 1 0 4 0 0 0 0 0 0 2 1 R 0
365 7849 18585 715 18658 635 3541 1 0 0 0 0 0 0 0 0 2 1 R 0
366 7870 19962 603 19983 573 4503 1 0 0 0 0 0 0 0 0 1 1 R 0
367 7893 22656 600 21268 563 4585 1 0 4 0 0 1 0 0 0 1 1 R 0
368 7912 18346 717 18412 656 3152 1 0 0 0 0 0 0 0 0 2 1 R 0
369 7931 18337 709 18394 660 3138 1 0 0 0 0 0 0 0 0 1 1 R 0
370 7952 19759 686 19808 646 3302 1 0 0 0 0 0 0 0 0 2 1 R 0
371 7976 23685 632 21466 599 7182 1 0 5 0 0 0 0 0 0 1 1 R 0
372 7997 20374 579 20404 547 3850 1 0 0 0 0 0 0 0 0 2 1 R 0
373 8016 18570 674 18620 640 3055 1 0 0 0 0 0 0 0 0 1 1 R 0
374 8039 22561 807 21371 772 3071 1 0 4 0 0 0 0 0 0 2 1 R 0
375 8062 21580 580 21603 550 6458 1 0 0 0 0 0 0 0 0 1 1 R 0
376 8082 19839 635 19873 605 3915 1 0 0 0 0 0 0 0 0 2 1 R 0
377 8105 22134 602 20770 553 3789 1 0 4 0 0 0 0 0 0 0 1 R 0
378 8125 19038 643 19098 592 3028 1 0 0 0 0 0 0 0 0 2 1 R 0
379 8143 18166 1292 18259 1201 3079 1 0 0 0 0 0 0 0 0 2 1 R 0
380 8168 22820 569 20887 540 3132 1 0 5 0 0 0 0 0 0 1 1 R 0
381 8188 19585 641 19617 609 4504 1 0 0 0 0 0 0 0 0 2 1 R 0
382 8209 20237 568 20268 533 4325 1 0 0 0 0 0 0 0 0 1 1 R 0
383 8227 17995 755 18040 718 3621 1 0 0 0 0 0 0 0 0 2 1 R 0
384 8250 22395 634 21421 601 3278 1 0 4 0 0 0 0 0 0 1 1 R 0
385 8270 19402 592 19434 563 3958 1 0 0 0 0 0 0 0 0 1 1 R 0
386 8291 20065 615 20095 586 4496 1 0 0 0 0 0 0 0 0 1 1 R 0
387 8313 21402 600 20256 563 4104 1 0 4 0 0 0 0 0 0 1 1 R 0
388 8332 18292 737 18372 662 3180 1 0 0 0 0 0 0 0 0 2 1 R 0
389 8352 19402 788 19446 751 3483 1 0 0 0 0 0 0 0 0 2 1 R 0
390 8379 26462 600 24622 571 8446 1 0 5 0 0 0 0 0 0 1 1 R 0
391 8399 19545 637 19571 605 4322 1 0 0 0 0 0 0 0 0 1 1 R 0
392 8421 20592 586 20630 550 4385 1 0 0 0 0 0 0 0 0 2 1 R 0
393 8439 18009 889 18052 866 3614 1 0 0 0 0 0 0 0 0 1 1 R 0
394 8462 21783 602 20905 571 5633 1 0 4 0 0 0 0 0 0 2 1 R 0
395 8483 20602 719 19814 656 3904 1 0 1 0 0 0 0 0 0 1 1 R 0
396 8504 20040 977 20397 624 4102 1 0 0 0 0 0 0 0 0 2 1 R 0
397 8527 22000 586 20780 551 3681 1 0 4 0 0 0 0 0 0 1 1 R 0
398 8546 18868 667 18912 629 3069 1 0 0 0 0 0 0 0 0 1 1 R 0
399 8567 20390 823 18825 763 3438 1 0 1 0 0 0 0 0 0 2 1 R 0
400 8591 23145 1512 22136 1448 4456 1 0 4 0 0 1 0 0 0 1 1 R 0
401 8613 19722 586 19740 551 3885 1 0 0 0 0 0 0 0 0 1 1 R 0
402 8631 18226 749 18296 695 3064 1 0 0 0 0 0 0 0 0 2 1 R 0
403 8651 18645 728 18701 678 3082 1 0 0 0 0 0 0 0 0 2 1 R 0
404 8672 20865 1353 19740 1316 5603 1 0 4 0 0 0 0 0 0 1 1 R 0
405 8697 23154 585 23170 547 7570 1 0 0 0 0 0 0 0 0 2 1 R 0
406 8718 20633 667 20671 630 3877 1 0 0 0 0 0 0 0 0 1 1 R 0
407 8741 21813 676 20943 635 3351 1 0 4 0 0 0 0 0 0 1 1 R 0
408 8761 19182 746 19225 713 3518 1 0 0 0 0 0 0 0 0 2 1 R 0
409 8783 21905 827 20650 1263 3450 1 0 1 0 0 0 0 0 0 1 1 R 0
410 8813 29066 5081 19998 936 6164 1 0 8 0 0 0 0 0 0 1 1 R 3
411 8858 39734 601 20465 565 27925 1 2 0 0 0 0 0 0 0 2 1 R 0
412 8880 21415 740 20521 676 3144 1 0 4 0 0 0 0 0 0 2 1 R 0
413 8900 19728 579 19758 546 4342 1 0 0 0 0 0 0 0 0 1 1 R 0
414 8920 19468 587 19501 555 4517 1 0 0 0 0 0 0 0 0 1 1 R 0
415 8942 21074 909 19794 863 3642 1 0 4 0 0 0 0 0 0 2 1 R 0
416 8962 18601 697 18633 665 3089 1 0 0 0 0 0 0 0 0 1 1 R 0
417 8982 20129 876 19287 797 4450 1 0 1 0 0 0 0 0 0 2 1 R 0
418 9003 19834 590 19862 554 3870 1 0 0 0 0 0 0 0 0 2 1 R 0
419 9027 23247 645 21530 610 3882 1 0 4 0 0 0 0 0 0 1 1 R 0
420 9049 21694 587 21718 551 6340 1 0 0 0 0 0 0 0 0 2 1 R 0
421 9069 18807 1053 18866 1104 3496 1 0 0 0 0 0 0 0 0 1 1 R 0
422 9092 21862 593 20504 562 4603 1 0 4 0 0 0 0 0 0 1 1 R 0
423 9112 19962 590 19993 556 4310 1 0 0 0 0 0 0 0 0 1 1 R 0
424 9132 19147 576 19178 546 3290 1 0 0 0 0 0 0 0 0 2 1 R 0
425 9151 18715 735 18798 655 3354 1 0 0 0 0 0 0 0 0 1 1 R 0
426 9175 23478 571 20854 541 6249 1 0 5 0 0 0 0 0 0 1 1 R 0
427 9196 19816 582 19847 553 3803 1 0 0 0 0 0 0 0 0 2 1 R 0
428 9216 19216 581 19248 550 3902 1 0 0 0 0 0 0 0 0 1 1 R 0
429 9239 22458 587 21277 550 3209 1 0 4 0 0 0 0 0 0 1 1 R 0
430 9258 18711 676 18764 645 3459 1 0 0 0 0 0 0 0 0 2 1 R 0
431 9278 19702 840 19726 808 4060 1 0 0 0 0 0 0 0 0 2 1 R 0
432 9301 22147 603 20568 570 4342 1 0 4 0 0 0 0 0 0 1 1 R 0
433 9322 19732 624 19780 573 4433 1 0 0 0 0 0 0 0 0 1 1 R 0
434 9342 19345 584 19377 555 3919 1 0 0 0 0 0 0 0 0 2 1 R 0
435 9367 24807 1924 23953 973 7047 1 0 4 0 1 0 0 0 0 2 1 R 0
436 9388 18914 794 18924 764 3286 1 0 0 0 0 0 0 0 0 1 1 R 0
437 9409 19933 579 19954 542 4306 1 0 0 0 0 0 0 0 0 1 1 R 0
438 9429 19603 591 19636 557 4371 1 0 0 0 0 0 0 0 0 1 1 R 0
439 9450 20799 739 19646 652 5399 1 0 4 0 0 0 0 0 0 2 1 R 0
440 9469 18385 707 18424 662 3717 1 0 0 0 0 0 0 0 0 2 1 R 0
441 9488 18008 696 18060 641 3721 1 0 0 0 0 0 0 0 0 0 1 R 0
442 9512 23804 599 22570 566 4999 1 0 4 0 0 0 0 0 0 3 1 R 0
443 9533 20158 597 19904 565 4704 1 0 1 0 0 0 0 0 0 1 1 R 0
444 9552 17790 779 17866 713 3068 1 0 0 0 0 0 0 0 0 1 1 R 0
445 9576 23270 1489 21144 896 3710 1 0 4 0 1 1 0 0 0 2 1 R 0
446 9596 18950 843 18853 807 3144 1 0 0 0 0 0 0 0 0 1 1 R 0
447 9617 20319 588 20336 553 3658 1 0 0 0 0 0 0 0 0 2 1 R 0
448 9637 19583 636 19629 596 4111 1 0 0 0 0 0 0 0 0 1 1 R 0
449 9660 21853 626 21008 615 3327 1 0 4 0 0 0 0 0 0 1 1 R 0
450 9682 21767 690 21797 639 6451 1 0 0 0 0 0 0 0 0 2 1 R 0
451 9701 17864 764 17915 728 3056 1 0 0 0 0 0 0 0 0 2 1 R 0
452 9724 22327 950 21525 550 5004 1 0 4 0 0 0 0 0 0 1 1 R 0
453 9745 20080 570 20104 538 3868 1 0 0 0 0 0 0 0 0 1 1 R 0
454 9763 17476 697 17523 658 3036 1 0 0 0 0 0 0 0 0 1 1 R 0
455 9788 24003 691 22241 669 5288 1 0 5 0 0 0 0 0 0 2 1 R 0
456 9808 19887 778 19924 754 4517 1 0 0 0 0 0 0 0 0 1 1 R 0
457 9831 21660 721 21707 655 4317 1 0 0 0 0 0 0 0 0 1 1 R 0
458 9852 20701 714 20758 668 3959 1 0 0 0 0 0 0 0 0 2 1 R 0
459 9875 22077 646 20881 616 3315 1 0 4 0 0 0 0 0 0 3 1 R 0
460 9895 19413 560 19439 533 3700 1 0 0 0 0 0 0 0 0 1 1 R 0
461 9916 20120 624 20153 593 3816 1 0 0 0 0 1 0 0 0 2 1 R 0
462 9938 21706 624 20479 590 3915 1 0 4 0 0 0 0 0 0 1 1 R 0
463 9958 19653 593 19686 563 4216 1 0 0 0 0 0 0 0 0 1 1 R 0
464 9980 20598 716 19419 648 3609 1 0 1 0 0 0 0 0 0 2 1 R 0
465 10005 25158 580 23469 550 6625 1 0 4 0 0 0 0 0 0 1 1 R 0
466 10026 19720 665 19745 641 3867 1 0 0 0 0 0 0 0 0 2 1 R 0
467 10046 19869 686 19896 651 3837 1 0 0 0 0 0 0 0 0 1 1 R 0
468 10066 18757 2840 18814 1475 3051 1 0 1 0 3 0 0 0 0 2 1 R 0
469 10088 19674 553 19675 522 3321 1 0 0 0 0 0 0 0 0 1 1 R 0
470 10108 19484 820 19561 743 4014 1 0 0 0 0 0 0 0 0 2 1 R 0
471 10129 19630 579 19666 540 3978 1 0 0 0 0 0 0 0 0 1 1 R 0
472 10151 21547 595 20581 553 4558 1 0 4 0 0 0 0 0 0 1 1 R 0
473 10170 18209 721 18267 673 4019 1 0 0 0 0 0 0 0 0 2 1 R 0
474 10191 20858 795 19050 727 5515 1 0 1 0 0 0 0 0 0 2 1 R 0
475 10213 21260 593 19600 564 3549 1 0 4 0 0 0 0 0 0 1 1 R 0
476 10233 19583 1079 19636 1028 3910 1 0 0 0 0 0 0 0 0 1 1 R 0
477 10253 18836 622 18866 584 4060 1 0 0 0 0 0 0 0 0 2 1 R 0
478 10272 17833 713 17885 677 3295 1 0 0 0 0 0 0 0 0 1 1 R 0
479 10295 22922 586 21276 551 4632 1 0 4 0 0 0 0 0 0 1 1 R 0
480 10318 22450 573 22491 538 5999 1 0 0 0 0 0 0 0 0 2 1 R 0
481 10338 19361 578 19395 545 4442 1 0 0 0 0 0 0 0 0 1 1 R 0
482 10362 22647 591 21747 554 4589 1 0 4 0 0 0 0 0 0 1 1 R 0
483 10382 19954 678 18992 651 3104 1 0 1 0 0 0 0 0 0 2 1 R 0
484 10403 20359 1746 20433 1667 3742 1 0 0 0 0 0 0 0 0 1 1 R 0
485 10427 21829 591 20218 565 3838 1 0 4 0 0 0 0 0 0 1 1 R 0
486 10447 20009 585 20033 550 3898 1 0 0 0 0 0 0 0 0 2 1 R 0
487 10468 19659 699 19696 665 3741 1 0 0 0 0 0 0 0 0 1 1 R 0
488 10492 23356 600 21342 571 3279 1 0 6 0 0 0 0 0 0 2 1 R 0
489 10511 18328 794 18371 755 3086 1 0 0 0 0 0 0 0 0 1 1 R 0
490 10532 20482 580 20507 550 4432 1 0 0 0 0 0 0 0 0 2 1 R 0
491 10552 19315 579 19345 546 3832 1 0 0 0 0 0 0 0 0 1 1 R 0
492 10575 22578 642 21180 608 5586 1 0 4 0 0 0 0 0 0 1 1 R 0
493 10596 20869 781 19264 728 3161 1 0 1 0 0 0 0 0 0 2 1 R 0
494 10616 18615 695 18650 666 3053 1 0 0 0 0 0 0 0 0 2 1 R 0
495 10641 24426 605 22952 573 10983 1 0 4 0 0 0 0 0 0 1 1 R 0
496 10661 19622 588 19656 558 4396 1 0 0 0 0 0 0 0 0 1 1 R 0
497 10680 17977 766 18057 700 3557 1 0 0 0 0 0 0 0 0 1 1 R 0
498 10703 22587 581 21090 553 4228 1 0 4 0 0 0 0 0 0 2 1 R 0
499 10722 18312 706 18357 669 3308 1 0 0 0 0 0 0 0 0 1 1 R 0
500 10744 20851 907 20883 874 3948 1 0 0 0 0 0 0 0 0 1 1 R 0
501 10764 19105 1921 19128 1409 3839 1 0 0 0 3 0 0 0 0 1 1 R 0
502 10788 22390 1206 20242 1188 3056 1 0 2 0 0 1 0 0 0 3 1 R 0
503 10809 19601 686 19681 594 3765 1 0 0 0 0 0 0 0 0 1 1 R 0
504 10828 18450 764 18507 705 3755 1 0 0 0 0 0 0 0 0 2 1 R 0
505 10851 22201 600 21246 565 4912 1 0 4 0 0 0 0 0 0 1 1 R 0
506 10871 19836 574 19863 543 4310 1 0 0 0 0 0 0 0 0 1 1 R 0
507 10890 18206 709 18272 642 3747 1 0 0 0 0 0 0 0 0 2 1 R 0
508 10913 22551 571 21012 547 3684 1 0 4 0 0 0 0 0 0 1 1 R 0
509 10933 19079 574 19105 545 3555 1 0 0 0 0 0 0 0 0 2 1 R 0
510 10957 23489 567 23514 542 9282 1 0 0 0 0 0 0 0 0 1 1 R 0
511 10982 24775 577 22498 541 3304 1 0 5 0 0 0 0 0 0 2 1 R 0
512 11002 18755 781 18808 740 3056 1 0 0 0 0 0 0 0 0 1 1 R 0
513 11021 18793 700 18830 665 3721 1 0 0 0 0 0 0 0 0 2 1 R 0
514 11043 20909 574 20931 544 3897 1 0 0 0 0 0 0 0 0 1 1 R 0
515 11066 22347 586 20860 553 5543 1 0 4 0 0 0 0 0 0 1 1 R 0
516 11087 20226 556 20255 526 3481 1 0 0 0 0 0 0 0 0 2 1 R 0
517 11105 18025 732 18079 689 3312 1 0 0 0 0 0 0 0 0 1 1 R 0
518 11128 22534 590 21510 561 3056 1 0 4 0 0 0 0 0 0 3 1 R 0
519 11149 19777 572 19807 539 4323 1 0 0 0 0 0 0 0 0 1 1 R 0
520 11169 19654 570 19689 536 4395 1 0 0 0 0 0 0 0 0 1 1 R 0
521 11193 23278 710 21059 644 4020 1 0 5 0 0 0 0 0 0 1 1 R 0
522 11212 18432 675 18470 648 3125 1 0 0 0 0 0 0 0 0 1 1 R 0
523 11232 18860 743 18909 681 3238 1 0 0 0 0 0 0 0 0 2 1 R 0
524 11253 20343 584 20373 554 3876 1 0 0 0 0 0 0 0 0 1 1 R 0
525 11280 26353 649 25351 615 12926 1 0 4 0 0 0 0 0 0 1 1 R 0
526 11299 18962 713 19009 662 3737 1 0 0 0 0 0 0 0 0 2 1 R 0
527 11320 19900 722 19955 683 4853 1 0 0 0 0 0 0 0 0 2 1 R 0
528 11342 21205 601 20225 567 5459 1 0 4 0 0 0 0 0 0 1 1 R 0
529 11362 19558 595 19593 559 3893 1 0 0 0 0 0 0 0 0 1 1 R 0
530 11383 20882 568 19956 867 3923 1 0 1 0 0 0 0 0 0 1 1 R 0
531 11406 22406 677 20997 659 3155 1 0 4 0 0 0 0 0 0 2 1 R 0
532 11427 19495 762 19522 740 3315 1 0 0 0 0 0 0 0 0 1 1 R 0
533 11448 20570 725 19834 676 3107 1 0 1 0 0 0 0 0 0 3 1 R 0
534 11471 22458 585 21742 566 4347 1 0 4 0 0 0 0 0 0 1 1 R 0
535 11492 20093 661 20119 628 4359 1 0 0 0 0 0 0 0 0 2 1 R 0
536 11511 18116 699 18188 633 3090 1 0 0 0 0 0 0 0 0 0 1 R 0
537 11531 19326 694 19372 637 4357 1 0 0 0 0 0 0 0 0 2 1 R 0
538 11553 21932 599 20964 565 6795 1 0 4 0 0 0 0 0 0 1 1 R 0
539 11574 19866 927 19896 902 4053 1 0 0 0 0 0 0 0 0 2 1 R 0
540 11598 23660 615 22672 580 8749 1 0 1 0 0 0 0 0 0 1 1 R 0
541 11621 22072 647 21174 610 3378 1 0 4 0 0 0 0 0 0 1 1 R 0
542 11640 18790 705 18851 659 3486 1 0 0 0 0 0 0 0 0 2 1 R 0
543 11661 20254 584 20271 549 4336 1 0 0 0 0 0 0 0 0 1 1 R 0
544 11683 21515 953 20346 927 4357 1 0 4 0 0 0 0 0 0 1 1 R 0
545 11706 21463 980 21498 941 3868 1 0 0 0 0 0 0 0 0 2 1 R 0
546 11726 19648 698 19706 648 3153 1 0 0 0 0 0 0 0 0 2 1 R 0
547 11750 22899 575 21429 545 3079 1 0 4 0 0 0 0 0 0 1 1 R 0
548 11770 19686 584 19713 554 4487 1 0 0 0 0 0 0 0 0 1 1 R 0
549 11793 21661 629 19604 592 4759 1 0 1 0 0 0 0 0 0 2 1 R 0
550 11811 18130 688 18193 631 3099 1 0 0 0 0 0 0 0 0 1 1 R 0
551 11835 23329 937 22327 746 3861 1 0 5 0 0 0 0 0 0 2 1 R 0
552 11856 19609 565 19632 671 3759 1 0 0 0 0 0 0 0 0 1 1 R 0
553 11876 19761 582 19656 550 3891 1 0 0 0 0 0 0 0 0 1 1 R 0
554 11899 22251 896 21106 833 3370 1 0 4 0 0 1 0 0 0 2 1 R 0
555 11921 20841 720 20919 653 6705 1 0 0 0 0 0 0 0 0 1 1 R 0
556 11941 19622 842 19662 809 3528 1 0 0 0 0 0 0 0 0 2 1 R 0
557 11966 24007 594 22691 561 3878 1 0 4 0 0 0 0 0 0 1 1 R 0
558 11988 21170 566 20110 547 3871 1 0 1 0 0 0 0 0 0 2 1 R 0
559 12007 19139 769 19205 695 3458 1 0 0 0 0 0 0 0 0 1 1 R 0
560 12030 22195 691 20849 647 3230 1 0 4 0 0 0 0 0 0 1 1 R 0
561 12049 17855 944 17937 883 3626 1 0 0 0 0 0 0 0 0 2 1 R 0
562 12070 20110 582 20122 551 4675 1 0 0 0 0 0 0 0 0 1 1 R 0
563 12090 19559 580 19590 544 4540 1 0 0 0 0 0 0 0 0 1 1 R 0
564 12112 21450 656 20657 619 5542 1 0 4 0 0 0 0 0 0 2 1 R 0
565 12130 17498 681 17556 643 3048 1 0 0 0 0 0 0 0 0 2 1 R 0
566 12150 19185 787 19217 749 4255 1 0 0 0 0 0 0 0 0 1 1 R 0
567 12173 22438 919 21225 892 5039 1 0 4 0 0 0 0 0 0 1 1 R 0
568 12196 21222 578 20074 551 3919 1 0 1 0 0 0 0 0 0 1 1 R 0
569 12214 17469 1329 17559 1283 3042 1 0 0 0 0 0 0 0 0 2 1 R 0
570 12240 25083 575 23930 547 6564 1 0 4 0 0 0 0 0 0 1 1 R 0
571 12259 18118 878 18180 814 3544 1 0 0 0 0 0 0 0 0 2 1 R 0
572 12281 20943 578 20979 546 4616 1 0 0 0 0 0 0 0 0 2 1 R 0
573 12301 19889 584 19920 553 4348 1 0 0 0 0 1 0 0 0 2 1 R 0
574 12323 21162 1000 20192 965 5448 1 0 4 0 0 0 0 0 0 1 1 R 0
575 12342 18509 673 18555 634 3152 1 0 0 0 0 0 0 0 0 1 1 R 0
576 12383 39610 737 24121 695 9251 1 1 7 0 0 7 0 0 0 2 1 R 0
577 12405 22063 650 21041 621 5138 1 0 1 0 0 6 0 0 0 1 1 R 0
578 12424 17642 1339 17684 1302 3054 1 0 0 0 0 0 0 0 0 2 1 R 0
579 12445 20285 1761 20302 1164 3837 1 0 1 0 3 0 0 0 0 1 1 R 0
580 12467 20341 569 19989 541 3871 1 0 0 0 0 0 0 0 0 1 1 R 0
581 12489 20603 587 20066 554 4067 1 0 1 0 0 0 0 0 0 1 1 R 0
582 12510 20687 562 20716 534 4460 1 0 0 0 0 1 0 0 0 3 1 R 0
583 12531 20401 914 19468 872 4413 1 0 4 0 0 0 0 0 0 0 1 R 0
584 12551 18903 708 18947 658 3480 1 0 0 0 0 0 0 0 0 2 1 R 0
585 12575 23356 610 23425 542 7689 1 0 0 0 0 0 0 0 0 1 1 R 0
586 12598 22702 603 20182 564 3856 1 0 5 0 0 0 0 0 0 2 1 R 0
587 12618 19604 597 19638 568 4260 1 0 0 0 0 0 0 0 0 1 1 R 0
588 12638 18884 775 18948 717 3894 1 0 0 0 0 0 0 0 0 1 1 R 0
589 12660 21763 564 20484 536 4076 1 0 4 0 0 0 0 0 0 3 1 R 0
590 12679 18385 742 18438 696 3519 1 0 0 0 0 0 0 0 0 0 1 R 0
591 12700 20210 598 20241 562 4312 1 0 0 0 0 0 0 0 0 2 1 R 0
592 12723 22273 728 22306 705 4448 1 0 0 0 0 0 0 0 0 1 1 R 0
593 12747 23611 937 21967 884 3583 1 0 4 0 0 0 0 0 0 2 1 R 0
594 12767 19131 1061 19189 1016 3044 1 0 0 0 0 0 0 0 0 2 1 R 0
595 12788 19198 581 19215 544 4466 1 0 0 0 0 0 0 0 0 1 1 R 0
596 12811 22959 597 20838 562 6557 1 0 5 0 0 0 0 0 0 1 1 R 0
597 12829 17628 647 17674 618 3669 1 0 0 0 0 0 0 0 0 2 1 R 0
598 12850 19684 824 19739 757 4765 1 0 0 0 0 0 0 0 0 1 1 R 0
599 12873 22075 838 20772 816 4106 1 0 4 0 0 0 0 0 0 2 1 R 0
600 12896 22933 572 22956 540 8038 1 0 0 0 0 0 0 0 0 1 1 R 0
601 12917 20174 605 20208 570 3876 1 0 0 0 0 0 0 0 0 1 1 R 0
602 12940 22164 567 20575 540 3056 1 0 4 0 0 0 0 0 0 1 1 R 0
603 12959 18882 862 18938 811 3556 1 0 0 0 0 0 0 0 0 2 1 R 0
604 12980 19783 581 19808 549 3530 1 0 0 0 0 0 0 0 0 1 1 R 0
605 13001 20189 3628 19111 1335 4321 1 0 1 0 1 1 0 0 0 2 1 R 0
606 13030 25356 607 20745 572 5663 1 0 3 0 0 0 0 0 0 1 1 R 0
607 13050 19892 587 19928 550 4505 1 0 0 0 0 0 0 0 0 1 1 R 0
608 13070 19349 594 19383 560 4526 1 0 0 0 0 0 0 0 0 1 1 R 0
609 13092 21001 586 20134 558 5619 1 0 4 0 0 0 0 0 0 1 1 R 0
610 13112 19978 615 20009 578 3914 1 0 0 0 0 0 0 0 0 2 1 R 0
611 13133 19898 569 19270 534 3715 1 0 1 0 0 0 0 0 0 1 1 R 0
612 13156 22330 572 21200 543 3127 1 0 4 0 0 0 0 0 0 2 1 R 0
613 13175 18662 754 18742 698 3079 1 0 0 0 0 0 0 0 0 1 1 R 0
614 13197 20978 571 19870 544 3027 1 0 1 0 0 0 0 0 0 3 1 R 0
615 13222 24614 709 23872 674 8491 1 0 4 0 0 0 0 0 0 1 1 R 0
616 13242 18831 702 18883 661 3081 1 0 0 0 0 0 0 0 0 0 1 R 0
617 13262 19288 807 19358 722 3112 1 0 0 0 0 0 0 0 0 2 1 R 0
618 13281 18689 717 18748 682 3076 1 0 0 0 0 0 0 0 0 2 1 R 0
619 13304 21955 984 20840 957 6975 1 0 4 0 0 0 0 0 0 1 1 R 0
620 13325 19888 608 19901 588 4152 1 0 0 0 0 0 0 0 0 2 1 R 0
621 13343 17622 755 17668 725 3168 1 0 0 0 0 0 0 0 0 1 1 R 0
622 13367 23539 599 22284 569 3859 1 0 4 0 0 0 0 0 0 1 1 R 0
623 13387 19660 574 19688 537 4060 1 0 0 0 0 0 0 0 0 2 1 R 0
624 13409 21218 592 19586 560 6087 1 0 1 0 0 0 0 0 0 1 1 R 0
625 13432 22349 595 20775 558 4349 1 0 4 0 0 0 0 0 0 1 1 R 0
626 13452 19181 785 18782 742 3445 1 0 1 0 0 0 0 0 0 2 1 R 0
627 13472 19408 776 19465 735 3355 1 0 0 0 0 0 0 0 0 2 1 R 0
628 13493 19761 606 19797 562 3242 1 0 0 0 0 0 0 0 0 1 1 R 0
629 13515 21990 582 20987 553 5997 1 0 4 0 0 0 0 0 0 1 1 R 0
630 13538 21818 572 21847 542 7213 1 0 0 0 0 0 0 0 0 1 1 R 0
631 13557 18758 834 18837 787 3179 1 0 0 0 0 0 0 0 0 2 1 R 0
632 13580 22460 644 21408 588 3703 1 0 4 0 0 0 0 0 0 2 1 R 0
633 13602 20741 586 19742 551 4388 1 0 1 0 0 0 0 0 0 1 1 R 0
634 13622 19600 607 19633 569 4517 1 0 0 0 0 0 0 0 0 1 1 R 0
635 13646 23153 577 21507 545 3809 1 0 4 0 0 0 0 0 0 1 1 R 0
636 13664 17616 1425 17666 1394 3057 1 0 0 0 0 0 0 0 0 2 1 R 0
637 13683 18215 1421 18273 1356 3145 1 0 0 0 0 0 0 0 0 1 1 R 0
638 13705 20277 2182 20293 1081 4066 1 0 1 0 3 0 0 0 0 1 1 R 0
639 13727 20120 601 20099 567 3814 1 0 0 0 0 0 0 0 0 2 1 R 0
640 13747 19442 566 19468 539 3686 1 0 0 0 0 0 0 0 0 1 1 R 0
641 13767 18743 731 18807 672 3117 1 0 0 0 0 0 0 0 0 2 1 R 0
642 13791 23397 577 22486 547 3264 1 0 4 0 0 0 0 0 0 1 1 R 0
643 13812 20597 600 19635 570 5734 1 0 1 0 0 0 0 0 0 2 1 R 0
644 13833 19978 634 20002 606 3897 1 0 0 0 0 0 0 0 0 2 1 R 0
645 13858 24797 603 23658 572 6422 1 0 4 0 0 0 0 0 0 1 1 R 0
646 13878 19080 780 19136 815 3029 1 0 0 0 0 0 0 0 0 2 1 R 0
647 13898 19527 793 19520 725 3110 1 0 0 0 0 1 0 0 0 1 1 R 0
648 13921 21980 594 21163 567 4423 1 0 4 0 0 0 0 0 0 1 1 R 0
649 13942 20195 601 20224 573 4447 1 0 0 0 0 0 0 0 0 1 1 R 0
650 13960 18043 714 18091 679 3132 1 0 0 0 0 0 0 0 0 2 1 R 0
651 13980 19200 787 19233 743 3704 1 0 0 0 0 0 0 0 0 2 1 R 0
652 14005 23777 554 21280 527 5386 1 0 5 0 0 0 0 0 0 2 1 R 0
653 14025 19530 580 19561 550 3804 1 0 0 0 0 0 0 0 0 1 1 R 0
654 14046 20437 569 20466 539 3882 1 0 0 0 0 0 0 0 0 1 1 R 0
655 14068 21268 582 20277 545 3160 1 0 4 0 0 0 0 0 0 1 1 R 0
656 14088 20102 565 20134 540 3093 1 0 0 0 0 0 0 0 0 2 1 R 0
657 14108 19470 588 19498 560 3998 1 0 0 0 0 0 0 0 0 1 1 R 0
658 14131 22016 597 20753 567 4526 1 0 4 0 0 0 0 0 0 1 1 R 0
659 14151 19272 914 19346 847 3793 1 0 0 0 0 0 0 0 0 2 1 R 0
660 14174 22053 1003 22115 944 6434 1 0 0 0 0 0 0 0 0 1 1 R 0
661 14194 19017 2335 19033 1747 3612 1 0 0 0 4 0 0 0 0 2 1 R 0
662 14218 21561 589 20178 557 5412 1 0 1 0 0 0 0 0 0 2 1 R 0
663 14238 19481 592 19511 560 4431 1 0 0 0 0 0 0 0 0 1 1 R 0
664 14259 20465 618 20517 565 4322 1 0 0 0 0 0 0 0 0 0 1 R 0
665 14280 20205 724 19229 686 4877 1 0 4 0 0 0 0 0 0 2 1 R 0
666 14299 18816 721 18879 652 3527 1 0 0 0 0 0 0 0 0 2 1 R 0
667 14320 20519 600 20553 561 4853 1 0 0 0 0 0 0 0 0 1 1 R 0
668 14344 22464 1035 21194 1009 4461 1 0 4 0 0 0 0 0 0 1 1 R 0
669 14363 17925 708 17966 658 3210 1 0 0 0 0 0 0 0 0 3 1 R 0
670 14382 18728 725 18777 691 3060 1 0 0 0 0 0 0 0 0 0 1 R 0
671 14404 21107 2459 19529 1958 3163 1 0 1 0 4 0 0 0 0 2 1 R 0
672 14427 20508 645 19969 618 3777 1 0 0 0 0 0 0 0 0 1 1 R 0
673 14447 19834 581 19862 551 3836 1 0 0 0 0 0 0 0 0 1 1 R 0
674 14466 18650 676 18702 623 3172 1 0 0 0 0 0 0 0 0 3 1 R 0
675 14492 24525 581 23532 548 8688 1 0 4 0 0 0 0 0 0 1 1 R 0
676 14510 18154 668 18210 627 3153 1 0 0 0 0 0 0 0 0 2 1 R 0
677 14531 20195 637 20215 611 4458 1 0 0 0 0 0 0 0 0 1 1 R 0
678 14553 21511 1110 20143 1101 4463 1 0 4 0 1 0 0 0 0 2 1 R 0
679 14574 19013 1174 18865 1130 3073 1 0 0 0 0 0 0 0 0 2 1 R 0
680 14593 18110 697 18142 663 3057 1 0 0 0 0 0 0 0 0 1 1 R 0
681 14616 22479 539 20757 519 3202 1 0 2 0 1 0 0 0 0 2 1 R 0
682 14638 21738 625 20438 601 4363 1 0 2 0 0 0 0 0 0 1 1 R 0
683 14659 19638 642 19667 625 4356 1 0 0 0 0 0 0 0 0 1 1 R 0
684 14677 18277 679 18301 654 3496 1 0 0 0 0 0 0 0 0 2 1 R 0
685 14700 21790 606 20699 570 4571 1 0 4 0 0 0 0 0 0 1 1 R 0
686 14720 19891 575 19919 547 4444 1 0 0 0 0 0 0 0 0 1 1 R 0
687 14740 19081 610 19106 584 3896 1 0 0 0 0 0 0 0 0 1 1 R 0
688 14763 22150 698 20922 671 4349 1 0 4 0 0 0 0 0 0 1 1 R 0
689 14781 17494 1309 17556 1246 3150 1 0 0 0 0 0 0 0 0 2 1 R 0
690 14809 26563 644 25396 608 7598 1 0 1 0 0 0 0 0 0 2 1 R 0
691 14831 21865 603 20826 568 4387 1 0 4 0 0 0 0 0 0 1 1 R 0
692 14852 19939 636 19974 597 4420 1 0 0 0 0 0 0 0 0 1 1 R 0
693 14872 19789 577 19819 542 4019 1 0 0 0 0 0 0 0 0 2 1 R 0
694 14891 18152 722 18213 664 3077 1 0 0 0 0 0 0 0 0 1 1 R 0
695 14913 21464 1244 20273 1190 4640 1 0 4 0 0 0 0 0 0 2 1 R 0
696 14933 18867 888 18882 868 3858 1 0 0 0 0 0 0 0 0 1 1 R 0
697 14953 19115 975 19141 955 4054 1 0 0 0 0 0 0 0 0 1 1 R 0
698 14977 22109 574 20638 542 4028 1 0 4 0 0 0 0 0 0 1 1 R 0
699 14995 18057 766 18138 692 3103 1 0 0 0 0 0 0 0 0 1 1 R 0
700 15018 21689 568 20705 541 3669 1 0 1 0 0 0 0 0 0 3 1 R 0
701 15040 22190 598 21149 568 4040 1 0 4 0 0 0 0 0 0 1 1 R 0
702 15060 19396 596 19433 563 4363 1 0 0 0 0 0 0 0 0 1 1 R 0
703 15079 18198 771 18248 723 3849 1 0 0 0 0 0 0 0 0 2 1 R 0
704 15098 18526 685 18580 644 3749 1 0 0 0 0 0 0 0 0 0 1 R 0
705 15123 24290 864 23281 841 9101 1 0 4 0 0 0 0 0 0 2 1 R 0
706 15144 19627 958 19655 935 3952 1 0 0 0 0 0 0 0 0 2 1 R 0
707 15164 18771 1701 18794 1685 3839 1 0 0 0 0 1 0 0 0 1 1 R 0
708 15188 22276 643 21206 602 3065 1 0 4 0 0 0 0 0 0 1 1 R 0
709 15209 20797 582 19678 547 3527 1 0 1 0 0 0 0 0 0 3 1 R 0
710 15228 18075 722 18125 682 3530 1 0 0 0 0 0 0 0 0 0 1 R 0
711 15252 23208 583 22246 553 5060 1 0 4 0 0 0 0 0 0 2 1 R 0
712 15272 19764 592 19789 558 4068 1 0 0 0 0 0 0 0 0 1 1 R 0
713 15291 18505 733 18566 674 3106 1 0 0 0 0 0 0 0 0 2 1 R 0
714 15311 18928 690 18987 639 3931 1 0 0 0 0 0 0 0 0 2 1 R 0
715 15332 20832 607 19920 572 5607 1 0 4 0 0 0 0 0 0 1 1 R 0
716 15353 19883 585 19915 553 3927 1 0 0 0 0 0 0 0 0 2 1 R 0
717 15372 19013 1012 19057 988 3996 1 0 0 0 0 0 0 0 0 1 1 R 0
718 15396 22403 572 21421 544 3129 1 0 4 0 0 0 0 0 0 2 1 R 0
719 15417 20536 569 19529 537 3137 1 0 1 0 0 0 0 0 0 1 1 R 0
720 15441 23844 603 23399 570 6894 1 0 1 0 0 0 0 0 0 1 1 R 0
721 15464 21931 1352 20657 1321 4389 1 0 4 0 0 0 0 0 0 2 1 R 0
722 15485 20020 562 20038 534 3832 1 0 0 0 0 0 0 0 0 1 1 R 0
723 15504 17848 1338 17948 1263 3402 1 0 0 0 0 0 0 0 0 2 1 R 0
724 15525 20357 1777 20365 1149 3689 1 0 1 0 3 0 0 0 0 1 1 R 0
725 15547 19544 742 19306 713 3177 1 0 0 0 0 0 0 0 0 1 1 R 0
726 15568 20304 602 20322 572 3888 1 0 0 0 0 0 0 0 0 1 1 R 0
727 15588 19643 583 19673 553 4426 1 0 0 0 0 0 0 0 0 1 1 R 0
728 15612 23253 585 21247 557 3105 1 0 5 0 0 0 0 0 0 2 1 R 0
729 15631 18256 720 18306 681 3118 1 0 0 0 0 0 0 0 0 2 1 R 0
730 15652 20821 598 20844 561 4949 1 0 0 0 0 0 0 0 0 1 1 R 0
731 15675 22397 619 21305 592 4004 1 0 4 0 0 0 0 0 0 1 1 R 0
732 15694 18013 1332 18063 1307 3243 1 0 0 0 0 0 0 0 0 2 1 R 0
733 15713 17676 720 17721 651 3131 1 0 0 0 0 0 0 0 0 1 1 R 0
734 15733 19117 859 19223 762 3619 1 0 0 0 0 0 0 0 0 2 1 R 0
735 15759 25755 598 24172 563 9676 1 0 4 0 0 0 0 0 0 1 1 R 0
736 15780 19915 635 19969 580 4408 1 0 0 0 0 0 0 0 0 2 1 R 0
737 15798 17837 698 17886 651 3639 1 0 0 0 0 0 0 0 0 2 1 R 0
738 15822 23459 637 21497 605 4168 1 0 5 0 0 0 0 0 0 1 1 R 0
739 15841 18219 771 18248 740 3139 1 0 0 0 0 0 0 0 0 2 1 R 0
740 15863 20464 603 20488 568 3913 1 0 0 0 0 1 0 0 0 1 1 R 0
741 15886 22656 587 21230 554 3827 1 0 4 0 0 0 0 0 0 1 1 R 0
742 15905 18618 660 18658 631 3255 1 0 0 0 0 0 0 0 0 2 1 R 0
743 15925 19380 715 19417 680 3053 1 0 0 0 0 0 0 0 0 1 1 R 0
744 15947 20912 1523 20422 843 3398 1 0 2 0 2 0 0 0 0 1 1 R 0
745 15968 19908 582 19918 545 4279 1 0 0 0 0 0 0 0 0 1 1 R 0
746 15989 20242 577 20273 551 4655 1 0 0 0 0 0 0 0 0 2 1 R 0
747 16007 17890 794 17937 758 3593 1 0 0 0 0 0 0 0 0 1 1 R 0
748 16031 22356 595 20065 563 5252 1 0 5 0 0 0 0 0 0 2 1 R 0
749 16052 20575 710 19563 651 3460 1 0 1 0 0 0 0 0 0 1 1 R 0
750 16075 23013 579 23027 554 8340 1 0 0 0 0 0 0 0 0 2 1 R 0
751 16098 22199 597 20888 562 3526 1 0 4 0 0 0 0 0 0 1 1 R 0
752 16118 19011 839 19056 815 3442 1 0 0 0 0 0 0 0 0 1 1 R 0
753 16139 19999 597 20010 573 4195 1 0 0 0 0 0 0 0 0 3 1 R 0
754 16161 22237 591 21343 562 4279 1 0 4 0 0 0 0 0 0 1 1 R 0
755 16182 19551 597 19582 559 4314 1 0 0 0 0 0 0 0 0 0 1 R 0
756 16202 19690 677 19729 644 4309 1 0 0 0 0 0 0 0 0 2 1 R 0
757 16224 21144 2634 20202 1818 3253 1 0 1 0 3 0 0 0 0 2 1 R 0
758 16247 20167 754 19865 670 3070 1 0 1 0 0 0 0 0 0 1 1 R 0
759 16267 20046 583 20077 547 3817 1 0 0 0 0 0 0 0 0 1 1 R 0
760 16287 19550 590 19584 560 4135 1 0 0 0 0 0 0 0 0 1 1 R 0
761 16311 22542 726 21616 689 3960 1 0 4 0 0 0 0 0 0 2 1 R 0
762 16329 18114 747 18166 715 3554 1 0 0 0 0 0 0 0 0 1 1 R 0
763 16349 18605 733 18651 672 3925 1 0 0 0 0 0 0 0 0 2 1 R 0
764 16372 22362 585 21318 552 5028 1 0 4 0 0 0 0 0 0 1 1 R 0
765 16396 23314 609 23347 584 7876 1 0 0 0 0 0 0 0 0 2 1 R 0
766 16417 20605 577 19501 545 3214 1 0 1 0 0 0 0 0 0 1 1 R 0
767 16439 21852 690 20320 671 3090 1 0 4 0 0 0 0 0 0 1 1 R 0
768 16460 19710 824 19748 779 3512 1 0 0 0 0 0 0 0 0 3 1 R 0
769 16481 20028 594 19690 557 4367 1 0 1 0 0 0 0 0 0 1 1 R 0
770 16501 19947 582 19977 552 4340 1 0 0 0 0 0 0 0 0 1 1 R 0
771 16521 19681 782 18814 730 5292 1 0 4 0 0 0 0 0 0 2 1 R 0
772 16542 19279 727 19327 673 3097 1 0 0 0 0 0 0 0 0 0 1 R 0
773 16561 18751 986 18823 932 3142 1 0 0 0 0 0 0 0 0 2 1 R 0
774 16584 21696 957 20668 936 4372 1 0 4 0 0 0 0 0 0 1 1 R 0
775 16604 19106 1060 19126 1032 4064 1 0 0 0 0 0 0 0 0 1 1 R 0
776 16625 20646 694 19305 660 3114 1 0 1 0 0 0 0 0 0 2 1 R 0
777 16647 20762 1736 20043 751 3121 1 0 2 0 2 0 0 0 0 1 1 R 0
778 16668 19038 758 19073 716 3115 1 0 0 0 0 0 0 0 0 3 1 R 0
779 16688 19996 615 20014 592 4435 1 0 0 0 0 0 0 0 0 1 1 R 0
780 16713 23639 594 23666 558 7533 1 0 0 0 0 0 0 0 0 1 1 R 0
781 16739 25353 816 23032 791 5709 1 0 5 0 0 0 0 0 0 2 1 R 0
782 16761 21592 593 21623 555 4422 1 0 0 0 0 0 0 0 0 1 1 R 0
783 16782 19927 595 19966 558 4410 1 0 0 0 0 0 0 0 0 1 1 R 0
784 16804 21503 1031 20123 1002 5529 1 0 4 0 0 0 0 0 0 1 1 R 0
785 16827 22203 617 21309 584 4143 1 0 1 0 0 0 0 0 0 1 1 R 0
786 16847 19196 666 19233 650 3065 1 0 0 0 0 0 0 0 0 2 1 R 0
787 16870 22531 577 21523 543 3059 1 0 4 0 0 0 0 0 0 1 1 R 0
788 16890 19779 593 19811 563 4596 1 0 0 0 0 0 0 0 0 1 1 R 0
789 16911 19806 574 19841 538 4329 1 0 0 0 0 0 0 0 0 2 1 R 0
790 16932 20905 825 19673 767 3495 1 0 4 0 0 0 0 0 0 1 1 R 0
791 16952 19152 907 19228 832 3111 1 0 0 0 0 0 0 0 0 2 1 R 0
792 16972 19284 717 19342 663 3081 1 0 0 0 0 0 0 0 0 2 1 R 0
793 16993 20209 594 20227 557 3827 1 0 0 0 0 0 0 0 0 1 1 R 0
794 17018 24227 560 21857 536 3758 1 0 5 0 0 0 0 0 0 2 1 R 0
795 17041 22362 586 22394 555 6757 1 0 0 0 0 0 0 0 0 2 1 R 0
796 17061 19500 601 19532 571 4314 1 0 0 0 0 0 0 0 0 1 1 R 0
797 17083 21266 582 20375 547 6136 1 0 4 0 0 0 0 0 0 1 1 R 0
798 17103 19487 605 19530 563 3963 1 0 0 0 0 0 0 0 0 0 1 R 0
799 17124 20154 1074 20185 1063 4060 1 0 0 0 0 0 0 0 0 2 1 R 0
800 17147 21834 583 20812 558 3018 1 0 4 0 0 0 0 0 0 1 1 R 0
801 17166 18250 704 18301 653 3143 1 0 0 0 0 0 0 0 0 3 1 R 0
802 17186 19802 704 19848 670 3107 1 0 0 0 0 0 0 0 0 1 1 R 0
803 17209 21849 650 20982 601 4042 1 0 4 0 0 0 0 0 0 1 1 R 0
804 17230 20798 574 19854 539 4189 1 0 1 0 0 0 0 0 0 2 1 R 0
805 17249 18281 710 18331 663 3896 1 0 0 0 0 0 0 0 0 1 1 R 0
806 17270 19896 891 19983 800 4332 1 0 0 0 0 0 0 0 0 2 1 R 0
807 17292 21447 594 20289 558 6460 1 0 4 0 0 0 0 0 0 1 1 R 0
808 17313 20075 592 20109 561 3853 1 0 0 0 0 0 0 0 0 2 1 R 0
809 17331 18304 731 18375 671 3380 1 0 0 0 0 0 0 0 0 1 1 R 0
810 17358 25834 1218 24903 1203 6145 1 0 4 0 0 1 0 0 0 2 1 R 0
811 17378 18878 723 18937 678 3682 1 0 0 0 0 0 0 0 0 1 1 R 0
812 17399 20257 579 20265 549 4340 1 0 0 0 0 0 0 0 0 2 1 R 0
813 17422 22590 590 20709 558 4322 1 0 5 0 0 0 0 0 0 1 1 R 0
814 17443 20430 1376 20064 1308 3155 1 0 1 0 0 0 0 0 0 1 1 R 0
815 17463 18019 734 18074 671 3116 1 0 0 0 0 0 0 0 0 2 1 R 0
816 17482 18844 782 18937 701 3179 1 0 0 0 0 0 0 0 0 1 1 R 0
817 17506 23438 686 21672 663 4252 1 0 4 0 0 0 0 0 0 2 1 R 0
818 17527 20142 561 20158 534 3796 1 0 0 0 0 0 0 0 0 2 1 R 0
819 17547 18928 689 18968 656 3212 1 0 0 0 0 0 0 0 0 1 1 R 0
820 17570 22094 638 21070 581 3114 1 0 4 0 0 0 0 0 0 1 1 R 0
821 17589 19249 759 19274 735 4039 1 0 0 0 0 0 0 0 0 2 1 R 0
822 17610 19554 622 19582 589 4454 1 0 0 0 0 0 0 0 0 1 1 R 0
823 17633 22267 603 19931 567 4085 1 0 5 0 0 0 0 0 0 1 1 R 0
824 17653 19957 585 19990 556 3588 1 0 0 0 0 0 0 0 0 1 1 R 0
825 17676 22650 617 22680 588 6732 1 0 0 0 0 0 0 0 0 2 1 R 0
826 17700 22536 582 21651 555 3841 1 0 4 0 0 0 0 0 0 1 1 R 0
827 17720 19668 685 19711 655 4294 1 0 0 0 0 0 0 0 0 1 1 R 0
828 17742 21530 597 21557 559 4421 1 0 0 0 0 0 0 0 0 2 1 R 0
829 17760 17670 870 17799 750 3091 1 0 0 0 0 0 0 0 0 2 1 R 0
830 17784 22726 1515 22141 683 7265 1 0 4 0 0 0 0 0 0 1 1 R 0
831 17803 17937 1137 18019 1060 3371 1 0 0 0 0 0 0 0 0 2 1 R 0
832 17826 21319 574 20188 546 4069 1 0 1 0 0 0 0 0 0 1 1 R 0
833 17848 21965 687 21076 650 3106 1 0 4 0 0 1 0 0 0 1 1 R 0
834 17868 18419 719 18503 647 3037 1 0 0 0 0 0 0 0 0 2 1 R 0
835 17887 19057 632 19093 598 3188 1 0 0 0 0 0 0 0 0 1 1 R 0
836 17910 21671 618 20531 588 3839 1 0 4 0 0 0 0 0 0 1 1 R 0
837 17930 19663 590 19700 557 4347 1 0 0 0 0 0 0 0 0 1 1 R 0
838 17950 19732 587 19763 553 4070 1 0 0 0 0 0 0 0 0 2 1 R 0
839 17969 17769 696 17829 632 3823 1 0 0 0 0 0 0 0 0 1 1 R 0
840 17994 24358 974 23491 956 9091 1 0 4 0 0 0 0 0 0 2 1 R 0
841 18014 19083 1273 19105 1250 3624 1 0 0 0 0 0 0 0 0 1 1 R 0
842 18036 21278 582 20240 547 3865 1 0 1 0 0 0 0 0 0 2 1 R 0
843 18059 22365 589 21361 555 3402 1 0 4 0 0 0 0 0 0 1 1 R 0
844 18079 19470 579 19505 550 3565 1 0 0 0 0 0 0 0 0 2 1 R 0
845 18098 18457 768 18533 703 3657 1 0 0 0 0 0 0 0 0 2 1 R 0
846 18122 22842 566 21602 540 4206 1 0 4 0 0 0 0 0 0 1 1 R 0
847 18142 19638 609 19668 578 3519 1 0 0 0 0 0 0 0 0 2 1 R 0
848 18162 18891 1136 18966 1063 3129 1 0 0 0 0 0 0 0 0 2 1 R 0
849 18182 19629 581 19660 549 3862 1 0 0 0 0 0 0 0 0 1 1 R 0
850 18206 22782 593 21468 560 5819 1 0 4 0 0 0 0 0 0 1 1 R 0
851 18227 21068 577 19901 543 3857 1 0 1 0 0 0 0 0 0 1 1 R 0
852 18249 21461 588 21125 554 3274 1 0 1 0 0 0 0 0 0 1 1 R 0
853 18270 20472 779 19487 732 4536 1 0 4 0 0 0 0 0 0 2 1 R 0
854 18291 19733 765 19774 726 3753 1 0 0 0 0 0 0 0 0 2 1 R 0
855 18313 21583 595 21604 565 6436 1 0 0 0 0 0 0 0 0 1 1 R 0
856 18337 22923 672 21093 650 3922 1 0 4 0 0 0 0 0 0 2 1 R 0
857 18356 18793 942 18844 944 3519 1 0 0 0 0 0 0 0 0 1 1 R 0
858 18376 18892 704 18893 653 3075 1 0 0 0 0 0 0 0 0 1 1 R 0
859 18399 21784 635 20600 616 3130 1 0 4 0 0 0 0 0 0 2 1 R 0
860 18420 20285 574 20314 541 3637 1 0 0 0 0 0 0 0 0 1 1 R 0
861 18441 20620 600 19686 568 5587 1 0 1 0 0 0 0 0 0 1 1 R 0
862 18461 19336 800 19395 757 3602 1 0 0 0 0 0 0 0 0 2 1 R 0
863 18483 21930 934 20182 912 6007 1 0 5 0 0 0 0 0 0 1 1 R 0
864 18505 20292 632 20315 595 4161 1 0 0 0 0 0 0 0 0 2 1 R 0
865 18525 19397 550 19420 529 3588 1 0 0 0 0 0 0 0 0 1 1 R 0
866 18548 22795 585 21442 556 3916 1 0 4 0 0 0 0 0 0 1 1 R 0
867 18567 18202 705 18255 667 3156 1 0 0 0 0 0 0 0 0 2 1 R 0
868 18588 20229 807 20278 747 3117 1 0 0 0 0 0 0 0 0 1 1 R 0
869 18610 21461 862 20041 837 3117 1 0 4 0 0 0 0 0 0 1 1 R 0
870 18636 25253 652 24219 594 8279 1 0 1 0 0 0 0 0 0 2 1 R 0
871 18656 19515 795 19554 772 3513 1 0 0 0 0 0 0 0 0 1 1 R 0
872 18680 22632 847 21253 812 3066 1 0 4 0 0 0 0 0 0 2 1 R 0
873 18700 19827 628 19883 554 3987 1 0 0 0 0 0 0 0 0 3 1 R 0
874 18720 18752 770 18804 730 3547 1 0 0 0 0 0 0 0 0 1 1 R 0
875 18741 20120 975 20141 951 4428 1 0 0 0 0 0 0 0 0 1 1 R 0
876 18765 23807 686 22624 618 6806 1 0 4 0 0 0 0 0 0 2 1 R 0
877 18784 17541 1538 17621 1502 3077 1 0 0 0 0 0 0 0 0 1 1 R 0
878 18805 19873 642 19871 612 3288 1 0 0 0 0 0 0 0 0 2 1 R 0
879 18829 23246 602 20938 564 3828 1 0 5 0 0 0 0 0 0 1 1 R 0
880 18849 19604 590 19632 562 4357 1 0 0 0 0 0 0 0 0 1 1 R 0
881 18869 18809 782 18866 738 4035 1 0 0 0 0 0 0 0 0 2 1 R 0
882 18891 21828 650 20789 621 3650 1 0 4 0 0 0 0 0 0 0 1 R 0
883 18909 17585 760 17642 705 3543 1 0 0 0 0 0 0 0 0 2 1 R 0
884 18931 20739 599 20768 561 4560 1 0 0 0 0 0 0 0 0 1 1 R 0
885 18956 24417 964 23836 744 8529 1 0 4 0 0 0 0 0 0 1 1 R 0
886 18976 19372 676 19411 627 3096 1 0 0 0 0 0 0 0 0 3 1 R 0
887 18996 19136 683 19179 638 3064 1 0 0 0 0 0 0 0 0 1 1 R 0
888 19016 19380 854 19411 825 3062 1 0 0 0 0 0 0 0 0 1 1 R 0
889 19040 22499 730 19979 704 3881 1 0 5 0 0 0 0 0 0 2 1 R 0
890 19060 19441 645 19463 616 4365 1 0 0 0 0 0 0 0 0 1 1 R 0
891 19078 17696 687 17741 648 3557 1 0 0 0 0 0 0 0 0 1 1 R 0
892 19102 22864 585 21774 560 4204 1 0 4 0 0 0 0 0 0 2 1 R 0
893 19120 17810 656 17857 612 3310 1 0 0 0 0 0 0 0 0 2 1 R 0
894 19142 21111 580 21139 548 5135 1 0 0 0 0 0 0 0 0 1 1 R 0
895 19162 19583 595 19619 558 3918 1 0 0 0 0 0 0 0 0 1 1 R 0
896 19185 22234 659 21119 617 4675 1 0 4 0 0 0 0 0 0 2 1 R 0
897 19203 17942 1465 17988 1442 3319 1 0 0 0 0 0 0 0 0 1 1 R 0
898 19223 18246 884 18260 866 3086 1 0 0 0 0 0 0 0 0 1 1 R 0
899 19248 24139 590 21638 554 5297 1 0 5 0 0 0 0 0 0 3 1 R 0
900 19271 22595 630 22630 597 7496 1 0 0 0 0 0 0 0 0 1 1 R 0
901 19291 19022 733 19072 683 3895 1 0 0 0 0 0 0 0 0 2 1 R 0
902 19314 22167 998 21094 976 4460 1 0 4 0 0 0 0 0 0 1 1 R 0
903 19333 18432 1284 18517 1203 3839 1 0 0 0 0 0 0 0 0 1 1 R 0
904 19355 20064 573 20074 555 4135 1 0 0 0 0 0 0 0 0 1 1 R 0
905 19376 21059 927 20469 743 3671 1 0 4 0 0 0 0 0 0 1 1 R 0
906 19397 19512 717 19539 669 3028 1 0 0 0 0 0 0 0 0 2 1 R 0
907 19417 19516 843 19586 780 3487 1 0 0 0 0 0 0 0 0 1 1 R 0
908 19441 22753 603 21360 576 4100 1 0 2 0 0 0 0 0 0 1 1 R 0
909 19463 21495 608 20444 572 6366 1 0 4 0 0 0 0 0 0 1 1 R 0
910 19482 18654 1122 18760 1036 3457 1 0 0 0 0 0 0 0 0 2 1 R 0
911 19501 17833 715 17880 664 3178 1 0 0 0 0 0 0 0 0 2 1 R 0
912 19526 23983 1205 22891 1185 4205 1 0 4 0 0 1 0 0 0 1 1 R 0
913 19546 19313 590 19335 557 3789 1 0 0 0 0 0 0 0 0 2 1 R 0
914 19567 19913 553 19944 521 3926 1 0 0 0 0 0 0 0 0 1 1 R 0
915 19592 24601 606 23657 556 7121 1 0 4 0 0 0 0 0 0 1 1 R 0
916 19612 19399 879 19132 828 4340 1 0 1 0 0 0 0 0 0 2 1 R 0
917 19630 17860 2225 17900 1045 3095 1 0 0 0 1 0 0 0 0 1 1 R 0
918 19653 20339 588 20358 556 3851 1 0 0 0 0 0 0 0 0 1 1 R 0
919 19678 24349 565 22729 536 4771 1 0 4 0 0 0 0 0 0 2 1 R 0
920 19698 19699 783 19743 741 3383 1 0 0 0 0 0 0 0 0 2 1 R 0
921 19719 19585 581 19610 546 3785 1 0 0 0 0 0 0 0 0 1 1 R 0
922 19742 22531 590 21371 560 4519 1 0 4 0 0 0 0 0 0 1 1 R 0
923 19762 19829 607 19863 569 4321 1 0 0 0 0 0 0 0 0 1 1 R 0
924 19782 19279 581 19312 551 3346 1 0 0 0 0 0 0 0 0 2 1 R 0
925 19804 20981 1313 19774 1239 3184 1 0 4 0 0 0 0 0 0 2 1 R 0
926 19825 20261 677 20285 651 3678 1 0 0 0 0 1 0 0 0 1 1 R 0
927 19847 21207 574 20152 536 3832 1 0 1 0 0 0 0 0 0 1 1 R 0
928 19870 21995 574 21100 551 3984 1 0 4 0 0 0 0 0 0 1 1 R 0
929 19890 20113 569 20140 541 4592 1 0 0 0 0 0 0 0 0 2 1 R 0
930 19912 21226 822 21292 777 6470 1 0 0 0 0 0 0 0 0 1 1 R 0
931 19931 17844 736 17879 694 3161 1 0 0 0 0 0 0 0 0 2 1 R 0
932 19954 22479 1008 21846 566 6726 1 0 4 0 0 0 0 0 0 1 1 R 0
933 19975 19852 613 19876 587 3839 1 0 0 0 0 0 0 0 0 1 1 R 0
934 19994 18262 1636 18327 1584 3488 1 0 0 0 0 0 0 0 0 2 1 R 0
935 20017 21242 727 20263 649 3117 1 0 4 0 0 0 0 0 0 1 1 R 0
936 20037 20169 699 18553 662 3065 1 0 1 0 0 0 0 0 0 2 1 R 0
937 20058 19974 584 19994 551 4291 1 0 0 0 0 0 0 0 0 1 1 R 0
938 20081 22396 648 21074 628 4410 1 0 4 0 0 0 0 0 0 1 1 R 0
939 20100 17744 714 17777 665 3537 1 0 0 0 0 0 0 0 0 1 1 R 0
940 20119 19043 729 19104 674 3948 1 0 0 0 0 0 0 0 0 2 1 R 0
941 20138 18126 719 18186 662 4062 1 0 0 0 0 0 0 0 0 2 1 R 0
942 20162 22995 582 22064 550 5540 1 0 4 0 0 0 0 0 0 1 1 R 0
943 20182 19392 601 19427 564 3816 1 0 0 0 0 0 0 0 0 1 1 R 0
944 20200 17941 797 18002 735 3148 1 0 0 0 0 0 0 0 0 2 1 R 0
945 20226 24981 597 23976 561 6745 1 0 4 0 0 0 0 0 0 1 1 R 0
946 20247 20494 679 19539 623 3026 1 0 1 0 0 0 0 0 0 2 1 R 0
947 20268 20300 598 20332 561 3893 1 0 0 0 0 0 0 0 0 1 1 R 0
948 20291 22251 592 21071 558 4393 1 0 4 0 0 0 0 0 0 2 1 R 0
949 20309 17760 779 17812 737 3605 1 0 0 0 0 0 0 0 0 1 1 R 0
950 20331 20535 591 20557 559 5135 1 0 0 0 0 0 0 0 0 1 1 R 0
951 20351 19656 682 19702 649 4325 1 0 0 0 0 0 0 0 0 2 1 R 0
952 20373 21113 818 20013 789 6666 1 0 4 0 0 0 0 0 0 1 1 R 0
953 20393 19058 564 19081 535 3796 1 0 0 0 0 0 0 0 0 1 1 R 0
954 20411 18130 692 18178 644 3081 1 0 0 0 0 0 0 0 0 2 1 R 0
955 20435 23028 783 21649 751 3141 1 0 4 0 0 0 0 0 0 2 1 R 0
956 20457 20821 570 19250 540 3580 1 0 1 0 0 0 0 0 0 1 1 R 0
957 20478 20344 566 20071 545 3830 1 0 1 0 0 0 0 0 0 1 1 R 0
958 20501 22462 586 20881 557 3571 1 0 4 0 0 0 0 0 0 2 1 R 0
959 20519 17595 797 17644 770 3773 1 0 0 0 0 0 0 0 0 1 1 R 0
960 20543 23525 1155 23563 1123 7943 1 0 0 0 0 0 0 0 0 1 1 R 0
961 20563 18921 592 18928 559 3898 1 0 0 0 0 0 0 0 0 2 1 R 0
962 20587 23099 580 21343 553 4161 1 0 4 0 0 0 0 0 0 1 1 R 0
963 20607 19817 570 19847 532 4091 1 0 0 0 0 0 0 0 0 1 1 R 0
964 20627 19000 801 19057 763 3021 1 0 0 0 0 0 0 0 0 3 1 R 0
965 20650 22493 588 20546 555 3208 1 0 5 0 0 0 0 0 0 1 1 R 0
966 20671 20255 584 20289 555 4684 1 0 0 0 0 0 0 0 0 1 1 R 0
967 20691 19293 646 19323 616 4445 1 0 0 0 0 0 0 0 0 1 1 R 0
968 20716 24085 578 22341 549 5289 1 0 4 0 0 0 0 0 0 2 1 R 0
969 20734 17700 1644 17749 1623 3154 1 0 0 0 0 0 0 0 0 2 1 R 0
970 20755 19049 796 19079 748 3636 1 0 0 0 0 0 0 0 0 1 1 R 0
971 20778 22323 563 21583 548 3468 1 0 4 0 0 0 0 0 0 2 1 R 0
972 20798 19970 598 20001 566 4350 1 0 0 0 0 0 0 0 0 1 1 R 0
973 20817 18113 686 18175 635 3111 1 0 0 0 0 0 0 0 0 1 1 R 0
974 20837 19259 694 19307 633 3152 1 0 0 0 0 0 0 0 0 2 1 R 0
975 20863 25558 597 23060 559 8226 1 0 5 0 0 0 0 0 0 1 1 R 0
976 20883 19154 587 19192 549 3892 1 0 0 0 0 0 0 0 0 1 1 R 0
977 20903 19668 642 19702 618 3914 1 0 0 0 0 0 0 0 0 2 1 R 0
978 20927 22742 579 21819 550 3322 1 0 4 0 0 0 0 0 0 1 1 R 0
979 20947 19946 571 19981 539 3216 1 0 0 0 0 0 0 0 0 3 1 R 0
980 20968 19863 581 19891 554 3150 1 0 0 0 0 0 0 0 0 1 1 R 0
981 20990 21665 710 20919 684 4432 1 0 4 0 0 0 0 0 0 1 1 R 0
982 21010 19512 589 19538 557 4156 1 0 0 0 0 0 0 0 0 1 1 R 0
983 21029 18084 682 18141 621 3772 1 0 0 0 0 0 0 0 0 2 1 R 0
984 21051 22073 613 21136 571 4223 1 0 1 0 0 0 0 0 0 2 1 R 0
985 21073 21376 974 20264 960 6146 1 0 4 0 0 0 0 0 0 0 1 R 0
986 21093 19043 882 19058 860 3918 1 0 0 0 0 0 0 0 0 1 1 R 0
987 21114 19454 1047 19476 1025 3505 1 0 0 0 0 0 0 0 0 2 1 R 0
988 21137 22236 578 21319 552 3112 1 0 4 0 0 0 0 0 0 1 1 R 0
989 21158 20099 720 20127 692 3792 1 0 0 0 0 0 0 0 0 2 1 R 0
990 21180 21987 598 22022 559 8197 1 0 0 0 0 0 0 0 0 1 1 R 0
991 21203 22175 606 21129 573 4333 1 0 4 0 0 0 0 0 0 1 1 R 0
992 21224 19714 973 19747 948 3771 1 0 0 0 0 0 0 0 0 2 1 R 0
993 21245 20520 571 19691 542 3823 1 0 1 0 0 0 0 0 0 1 1 R 0
994 21267 21271 648 20324 567 3159 1 0 4 0 0 0 0 0 0 1 1 R 0
995 21287 19439 594 19461 561 3803 1 0 0 0 0 0 0 0 0 1 1 R 0
996 21308 20372 587 20406 554 4115 1 0 0 0 0 0 0 0 0 2 1 R 0
997 21327 18250 719 18315 662 3178 1 0 0 0 0 0 0 0 0 1 1 R 0
998 21351 23203 581 22312 546 3054 1 0 4 0 0 0 0 0 0 3 1 R 0
999 21369 17568 675 17615 641 3532 1 0 0 0 0 0 0 0 0 1 1 R 0
1000 21390 20694 630 20714 605 4585 1 0 0 0 0 0 0 0 0 2 1 R 0
1001 21412 21464 618 20116 583 4334 1 0 4 0 0 0 0 0 0 1 1 R 0
1002 21432 19249 693 19295 652 3225 1 0 0 0 0 0 0 0 0 2 1 R 0
1003 21457 24036 582 22649 555 3535 1 0 2 0 0 0 0 0 0 0 1 R 0
1004 21479 21816 915 20514 837 3066 1 0 4 0 0 0 0 0 0 3 1 R 0
1005 21503 22406 611 22436 577 8573 1 0 0 0 0 0 0 0 0 1 1 R 0
1006 21523 19723 697 19756 664 3484 1 0 0 0 0 0 0 0 0 1 1 R 0
1007 21541 17743 713 17792 667 3167 1 0 0 0 0 0 0 0 0 1 1 R 0
1008 21568 26331 1892 22955 722 5248 1 0 6 0 0 0 0 0 0 2 1 S 0
1009 21593 22833 4894 18286 917 3041 1 0 3 0 0 0 0 0 0 0 1 R 2
1010 21633 35046 599 21509 571 22861 1 2 3 0 0 0 0 0 0 3 1 R 0
1011 21653 19136 777 17835 736 3099 1 0 1 0 0 0 0 0 0 2 1 R 0
1012 21674 19997 1582 20073 1511 3259 1 0 0 0 0 0 0 0 0 2 1 R 0
1013 21696 21045 586 19517 554 3720 1 0 4 0 0 0 0 0 0 1 1 R 0
1014 21717 20372 1699 20457 1626 3948 1 0 0 0 0 1 0 0 0 1 1 R 0
1015 21737 18595 780 18650 717 4475 1 0 0 0 0 0 0 0 0 2 1 R 0
1016 21762 23742 841 22088 809 4881 1 0 4 0 0 0 0 0 0 1 1 R 0
1017 21782 18976 940 19023 906 3088 1 0 0 0 0 0 0 0 0 2 1 R 0
1018 21802 19665 598 19682 566 3907 1 0 0 0 0 0 0 0 0 1 1 R 0
1019 21823 20056 734 20092 700 4015 1 0 0 0 0 1 0 0 0 1 1 R 0
1020 21851 27093 584 24780 550 6442 1 0 5 0 0 0 0 0 0 1 1 R 0
1021 21870 18800 793 18870 735 4089 1 0 0 0 0 0 0 0 0 2 1 R 0
1022 21891 20190 581 20209 548 4201 1 0 0 0 0 0 0 0 0 1 1 R 0
1023 21913 20708 841 19605 748 4343 1 0 4 0 0 0 0 0 0 1 1 R 0
1024 21934 20071 946 20101 924 3221 1 0 0 0 0 0 0 0 0 2 1 R 0
1025 21952 17425 648 17452 611 3251 1 0 0 0 0 0 0 0 0 1 1 R 0
1026 21973 20340 1039 20412 999 3632 1 0 0 0 1 0 0 0 0 2 1 R 0
1027 21996 22412 585 20272 548 4068 1 0 3 0 0 0 0 0 0 1 1 R 0
1028 22017 19957 572 19989 544 3928 1 0 0 0 0 0 0 0 0 2 1 R 0
1029 22038 20080 585 20109 555 3779 1 0 0 0 0 0 0 0 0 1 1 R 0
1030 22062 23547 598 21380 562 3080 1 0 4 0 0 0 0 0 0 1 1 R 0
1031 22080 17676 732 17748 666 3616 1 0 0 0 0 0 0 0 0 2 1 R 0
1032 22101 20661 624 20683 599 4536 1 0 0 0 0 0 0 0 0 1 1 R 0
1033 22123 20933 745 19801 720 4450 1 0 4 0 0 0 0 0 0 2 1 R 0
1034 22144 20071 921 20096 905 3914 1 0 0 0 0 0 0 0 0 1 1 R 0
1035 22167 22018 590 22030 554 6317 1 0 0 0 0 0 0 0 0 1 1 R 0
1036 22189 21615 557 20054 537 3086 1 0 4 0 0 0 0 0 0 3 1 R 0
1037 22209 19455 595 19488 559 4311 1 0 0 0 0 0 0 0 0 1 1 R 0
1038 22230 20320 595 20353 565 4511 1 0 0 0 0 0 0 0 0 2 1 R 0
1039 22250 19978 643 19036 531 3604 1 0 1 0 0 0 0 0 0 1 1 R 0
1040 22272 20863 754 19915 668 5548 1 0 4 0 0 0 0 0 0 1 1 R 0
1041 22291 18663 701 18701 652 3067 1 0 0 0 0 0 0 0 0 2 1 R 0
1042 22312 19998 647 20027 615 3898 1 0 0 0 0 0 0 0 0 1 1 R 0
1043 22335 22145 575 20758 552 3898 1 0 4 0 0 0 0 0 0 1 1 R 0
1044 22355 20049 574 20075 545 3880 1 0 0 0 0 0 0 0 0 1 1 R 0
1045 22375 19071 739 19147 682 3161 1 0 0 0 0 0 0 0 0 1 1 R 0
1046 22395 19378 2562 19401 1378 3147 1 0 1 0 3 0 0 0 0 3 1 R 0
1047 22417 19772 652 19786 626 3682 1 0 0 0 0 0 0 0 0 1 1 R 0
1048 22438 19659 618 19679 594 4128 1 0 0 0 0 0 0 0 0 1 1 R 0
1049 22459 20634 890 19717 853 3160 1 0 1 0 0 0 0 0 0 2 1 R 0
1050 22485 25276 575 23542 540 8171 1 0 5 0 0 0 0 0 0 2 1 R 0
1051 22505 19275 578 19309 547 4073 1 0 0 0 0 0 0 0 0 1 1 R 0
1052 22526 20006 599 20041 567 3875 1 0 0 0 0 0 0 0 0 1 1 R 0
1053 22548 21682 628 20508 590 3575 1 0 4 0 0 0 0 0 0 1 1 R 0
1054 22567 18404 782 18451 734 3071 1 0 0 0 0 0 0 0 0 2 1 R 0
1055 22587 19285 705 19360 656 3183 1 0 0 0 0 0 0 0 0 1 1 R 0
1056 22610 22667 576 21412 557 3636 1 0 4 0 0 0 0 0 0 1 1 R 0
1057 22630 19445 589 19471 561 4349 1 0 0 0 0 0 0 0 0 2 1 R 0
1058 22653 22019 584 20766 551 4097 1 0 1 0 0 0 0 0 0 1 1 R 0
1059 22671 17716 810 17776 766 3361 1 0 0 0 0 0 0 0 0 2 1 R 0
1060 22695 23073 570 21740 544 3491 1 0 4 0 0 0 0 0 0 1 1 R 0
1061 22715 19371 568 19399 540 3908 1 0 0 0 0 0 0 0 0 1 1 R 0
1062 22736 20186 585 20211 559 3923 1 0 0 0 0 0 0 0 0 2 1 R 0
1063 22759 22164 668 21004 634 4038 1 0 4 0 0 0 0 0 0 1 1 R 0
1064 22778 18372 692 18433 654 3476 1 0 0 0 0 0 0 0 0 2 1 R 0
1065 22800 21958 579 21969 547 6740 1 0 0 0 0 0 0 0 0 1 1 R 0
1066 22823 22138 728 20700 702 4437 1 0 4 0 0 0 0 0 0 1 1 R 0
1067 22843 19230 599 19256 567 3849 1 0 0 0 0 0 0 0 0 2 1 R 0
1068 22865 21709 710 20716 650 3273 1 0 1 0 0 0 0 0 0 1 1 R 0
1069 22889 22504 755 21596 718 3050 1 0 4 0 0 0 0 0 0 2 1 R 0
1070 22909 19709 827 19746 777 3492 1 0 0 0 0 0 0 0 0 2 1 R 0
1071 22929 19086 582 19123 547 4353 1 0 0 0 0 0 0 0 0 1 1 R 0
1072 22950 20240 589 20273 557 4452 1 0 0 0 0 0 0 0 0 1 1 R 0
1073 22970 19424 724 18460 679 5332 1 0 4 0 0 0 0 0 0 2 1 R 0
1074 22989 18684 696 18718 651 3555 1 0 0 0 0 0 0 0 0 1 1 R 0
1075 23010 20049 901 20116 841 3891 1 0 0 0 0 0 0 0 0 2 1 R 0
1076 23033 21677 590 20613 558 4443 1 0 4 0 0 0 0 0 0 1 1 R 0
1077 23055 21867 558 20946 530 3883 1 0 1 0 0 0 0 0 0 2 1 R 0
1078 23073 17772 1469 18045 1207 3035 1 0 0 0 0 0 0 0 0 1 1 R 0
1079 23094 19047 2340 19119 1477 3063 1 0 1 0 1 0 0 0 0 2 1 R 0
1080 23120 23472 611 22306 575 6428 1 0 2 0 0 0 0 0 0 1 1 R 0
1081 23140 19549 716 19586 689 4424 1 0 0 0 0 0 0 0 0 1 1 R 0
1082 23160 19513 602 19543 561 4118 1 0 0 0 0 0 0 0 0 1 1 R 0
1083 23182 21578 805 20833 709 5414 1 0 4 0 0 0 0 0 0 2 1 R 0
1084 23202 18957 801 19013 748 3428 1 0 0 0 0 0 0 0 0 2 1 R 0
1085 23223 19841 622 19864 594 3880 1 0 0 0 0 0 0 0 0 1 1 R 0
1086 23245 21917 581 20707 558 3904 1 0 4 0 0 0 0 0 0 1 1 R 0
1087 23269 23704 583 22389 545 3363 1 0 1 0 0 0 0 0 0 1 1 R 0
1088 23289 19443 963 19515 928 4009 1 0 0 0 0 0 0 0 0 2 1 R 0
1089 23312 21874 682 20415 632 4000 1 0 4 0 0 0 0 0 0 2 1 R 0
1090 23332 18782 888 18826 853 3059 1 0 0 0 0 0 0 0 0 2 1 R 0
1091 23352 19522 760 19578 708 3832 1 0 0 0 0 0 0 0 0 1 1 R 0
1092 23372 19470 585 19489 553 3903 1 0 0 0 0 0 0 0 0 1 1 R 0
1093 23394 20819 1559 19417 1516 4545 1 0 4 0 0 0 0 0 0 2 1 R 0
1094 23413 17919 1489 17974 1460 3062 1 0 0 0 0 0 0 0 0 2 1 R 0
1095 23438 23442 676 23114 632 8079 1 0 1 0 0 0 0 0 0 1 1 R 0
1096 23462 22680 603 20305 569 4549 1 0 5 0 0 0 0 0 0 1 1 R 0
1097 23480 18126 750 18204 688 3200 1 0 0 0 0 0 0 0 0 2 1 R 0
1098 23500 19390 757 19492 641 4232 1 0 0 0 0 0 0 0 0 1 1 R 0
1099 23522 20410 709 19399 661 3627 1 0 4 0 0 0 0 0 0 2 1 R 0
1100 23543 20918 604 20939 566 3855 1 0 0 0 0 0 0 0 0 1 1 R 0
1101 23563 19334 589 19372 554 3840 1 0 0 0 0 0 0 0 0 1 1 R 0
1102 23582 17991 703 18055 654 3245 1 0 0 0 0 0 0 0 0 2 1 R 0
1103 23605 22997 572 22040 545 4095 1 0 4 0 0 0 0 0 0 1 1 R 0
1104 23626 20103 569 20133 542 3088 1 0 0 0 0 0 0 0 0 2 1 R 0
1105 23646 19170 588 19201 554 3848 1 0 0 0 0 0 0 0 0 1 1 R 0
1106 23672 25493 597 22220 564 3961 1 0 4 0 0 0 0 0 0 2 1 R 0
1107 23690 17412 1127 17811 736 3133 1 0 0 0 0 0 0 0 0 1 1 R 0
1108 23712 21225 975 21287 920 5484 1 0 0 0 0 0 0 0 0 2 1 R 0
1109 23736 22550 748 21586 673 3096 1 0 4 0 0 0 0 0 0 2 1 R 0
1110 23759 22649 617 22680 584 8448 1 0 0 0 0 0 0 0 0 1 1 R 0
1111 23779 19561 587 19592 550 4218 1 0 0 0 0 0 0 0 0 1 1 R 0
1112 23803 22502 845 21016 818 3477 1 0 4 0 0 1 0 0 0 2 1 R 0
1113 23821 18111 750 18173 697 3269 1 0 0 0 0 0 0 0 0 2 1 R 0
1114 23843 20615 665 20650 621 3931 1 0 0 0 0 0 0 0 0 1 1 R 0
1115 23864 20428 2728 19386 1887 3837 1 0 2 0 3 0 0 0 0 1 1 R 0
1116 23887 20356 554 20344 528 3602 1 0 0 0 0 0 0 0 0 2 1 R 0
1117 23907 18945 1661 19004 1669 3588 1 0 0 0 0 1 0 0 0 1 1 R 0
1118 23927 19072 794 19047 756 3112 1 0 0 0 0 0 0 0 0 2 1 R 0
1119 23951 22737 597 21650 564 4504 1 0 4 0 0 0 0 0 0 1 1 R 0
1120 23971 19979 593 20011 558 4664 1 0 0 0 0 0 0 0 0 1 1 R 0
1121 23990 17646 967 17708 908 3494 1 0 0 0 0 0 0 0 0 2 1 R 0
1122 24012 21643 1097 20411 1048 4117 1 0 4 0 0 0 0 0 0 1 1 R 0
1123 24032 19064 754 19106 698 3100 1 0 0 0 0 0 0 0 0 2 1 R 0
1124 24053 19991 595 20020 563 3852 1 0 0 0 0 0 0 0 0 1 1 R 0
1125 24082 27879 600 25937 556 10475 1 0 5 0 0 0 0 0 0 1 1 R 0
1126 24101 18673 701 18738 646 3176 1 0 0 0 0 0 0 0 0 2 1 R 0
1127 24120 18556 711 18614 659 3725 1 0 0 0 0 0 0 0 0 2 1 R 0
1128 24141 19808 597 19827 566 3570 1 0 0 0 0 0 0 0 0 1 1 R 0
1129 24163 21732 606 20580 571 6379 1 0 4 0 0 0 0 0 0 1 1 R 0
1130 24183 19196 749 19250 703 3700 1 0 0 0 0 0 0 0 0 2 1 R 0
1131 24201 17962 806 17998 778 3079 1 0 0 0 0 0 0 0 0 1 1 R 0
1132 24225 22722 574 21276 544 3363 1 0 4 0 0 0 0 0 0 2 1 R 0
1133 24246 19988 578 20017 547 3282 1 0 0 0 0 0 0 0 0 1 1 R 0
1134 24267 21094 574 20042 546 3980 1 0 1 0 0 0 0 0 0 1 1 R 0
1135 24289 21552 548 20845 532 3353 1 0 4 0 0 0 0 0 0 2 1 R 0
1136 24309 18730 727 18778 685 3547 1 0 0 0 0 0 0 0 0 1 1 R 0
1137 24328 19011 747 19065 680 3840 1 0 0 0 0 0 0 0 0 2 1 R 0
1138 24349 20021 579 20053 547 4176 1 0 0 0 0 0 0 0 0 1 1 R 0
1139 24371 21462 611 20145 574 6533 1 0 4 0 0 0 0 0 0 1 1 R 0
1140 24396 23980 575 24011 546 7063 1 0 0 0 0 0 0 0 0 2 1 R 0
1141 24416 19234 868 19276 830 3051 1 0 0 0 0 0 0 0 0 1 1 R 0
1142 24439 22626 596 21778 568 3296 1 0 4 0 0 0 0 0 0 2 1 R 0
1143 24459 19190 690 19266 621 3558 1 0 0 0 0 0 0 0 0 1 1 R 0
1144 24482 22052 607 20367 575 4428 1 0 2 0 0 0 0 0 0 1 1 R 0
1145 24504 21282 943 19992 923 3178 1 0 4 0 0 0 0 0 0 2 1 R 0
1146 24523 18585 890 18634 852 3365 1 0 0 0 0 0 0 0 0 1 1 R 0
1147 24542 18346 824 18435 731 3220 1 0 0 0 0 0 0 0 0 2 1 R 0
1148 24563 20312 2194 20407 1576 3457 1 0 0 0 3 0 0 0 0 1 1 R 0
1149 24586 20801 637 19576 604 3814 1 0 1 0 0 0 0 0 0 2 1 R 0
1150 24606 18824 695 18893 642 3341 1 0 0 0 0 0 0 0 0 1 1 R 0
1151 24626 19721 792 19775 731 3080 1 0 0 0 0 0 0 0 0 1 1 R 0
1152 24649 21938 761 20324 730 3863 1 0 4 0 0 0 0 0 0 1 1 R 0
1153 24670 20189 586 19119 548 3863 1 0 1 0 0 0 0 0 0 2 1 R 0
1154 24691 20556 638 20590 599 4570 1 0 0 0 0 0 0 0 0 1 1 R 0
1155 24717 25400 591 23956 557 7562 1 0 4 0 0 0 0 0 0 2 1 R 0
1156 24739 21402 601 21436 570 4908 1 0 0 0 0 0 0 0 0 2 1 R 0
1157 24759 19656 590 19695 554 4379 1 0 0 0 0 0 0 0 0 1 1 R 0
1158 24782 21690 584 20741 556 4401 1 0 4 0 0 0 0 0 0 1 1 R 0
1159 24803 20421 645 20452 608 3702 1 0 0 0 0 0 0 0 0 1 1 R 0
1160 24822 18814 791 18865 757 3596 1 0 0 0 0 0 0 0 0 1 1 R 0
1161 24842 19084 790 19133 732 3683 1 0 0 0 0 0 0 0 0 2 1 R 0
1162 24867 23752 580 21307 555 5511 1 0 5 0 0 0 0 0 0 2 1 R 0
1163 24887 20043 591 20078 558 3866 1 0 0 0 0 0 0 0 0 1 1 R 0
1164 24909 21230 648 21262 604 4179 1 0 0 0 0 0 0 0 0 1 1 R 0
1165 24929 19781 710 18791 668 5438 1 0 4 0 0 0 0 0 0 2 1 R 0
1166 24949 18716 728 18759 696 3578 1 0 0 0 0 0 0 0 0 1 1 R 0
1167 24970 20592 593 20606 561 3744 1 0 0 0 0 0 0 0 0 2 1 R 0
1168 24994 22774 965 21678 938 4729 1 0 4 0 0 0 0 0 0 1 1 R 0
1169 25012 17688 744 17757 671 3252 1 0 0 0 0 0 0 0 0 1 1 R 0
1170 25036 22890 576 22912 544 5987 1 0 0 0 0 0 0 0 0 2 1 R 0
1171 25054 17182 4404 17248 2701 3274 1 0 0 0 4 0 0 0 0 2 1 R 0
1172 25079 21173 630 20161 591 3391 1 0 1 0 0 0 0 0 0 1 1 R 0
1173 25099 19511 639 19591 559 4335 1 0 0 0 0 0 0 0 0 1 1 R 0
1174 25118 18030 685 18078 653 3531 1 0 0 0 0 0 0 0 0 2 1 R 0
1175 25141 22360 598 21417 564 7092 1 0 4 0 0 0 0 0 0 1 1 R 0
1176 25162 20066 607 20107 569 4336 1 0 0 0 0 0 0 0 0 2 1 R 0
1177 25181 18943 707 18987 674 4246 1 0 0 0 0 0 0 0 0 1 1 R 0
1178 25203 20959 598 19561 568 4344 1 0 4 0 0 0 0 0 0 1 1 R 0
1179 25221 17856 783 17903 746 3336 1 0 0 0 0 0 0 0 0 1 1 R 0
1180 25242 19325 801 19358 753 3228 1 0 0 0 0 0 0 0 0 2 1 R 0
1181 25261 19085 726 19156 659 3271 1 0 0 0 0 0 0 0 0 2 1 R 0
1182 25286 23811 626 21656 603 7222 1 0 4 0 0 0 0 0 0 1 1 R 0
1183 25306 19498 597 19538 728 4051 1 0 0 0 0 0 0 0 0 1 1 R 0
1184 25324 17324 1222 17670 711 3174 1 0 0 0 0 0 0 0 0 1 1 R 0
1185 25350 24799 754 23937 703 6099 1 0 4 0 0 0 0 0 0 2 1 R 0
1186 25369 18179 710 18244 654 3526 1 0 0 0 0 0 0 0 0 2 1 R 0
1187 25390 19969 756 19990 730 4775 1 0 0 0 0 0 0 0 0 1 1 R 0
1188 25413 22496 627 21002 573 4465 1 0 4 0 0 0 0 0 0 1 1 R 0
1189 25431 17645 675 17688 633 3179 1 0 0 0 0 0 0 0 0 2 1 R 0
1190 25454 21774 1206 21041 1169 3473 1 0 1 0 0 0 0 0 0 2 1 R 0
1191 25475 20571 2007 19636 1059 3147 1 0 2 0 1 0 0 0 0 1 1 R 0
1192 25499 21414 898 20500 891 4665 1 0 2 0 0 0 0 0 0 1 1 R 0
1193 25520 19924 591 19933 558 4095 1 0 0 0 0 0 0 0 0 2 1 R 0
1194 25540 19473 780 19543 725 3547 1 0 0 0 0 0 0 0 0 1 1 R 0
1195 25561 20652 603 19544 569 6305 1 0 4 0 0 0 0 0 0 1 1 R 0
1196 25581 19780 661 19811 631 4147 1 0 0 0 0 0 0 0 0 1 1 R 0
1197 25601 19217 918 19252 890 4344 1 0 0 0 0 0 0 0 0 1 1 R 0
1198 25625 22760 579 21420 545 4034 1 0 4 0 0 0 0 0 0 2 1 R 0
1199 25643 17698 1268 17753 1238 3045 1 0 0 0 0 0 0 0 0 1 1 R 0
1200 25669 24352 542 23515 528 6415 1 0 1 0 0 0 0 0 0 3 1 R 0
1201 25691 21880 592 20759 562 4542 1 0 4 0 0 0 0 0 0 1 1 R 0
1202 25712 20011 596 20046 567 3898 1 0 0 0 0 0 0 0 0 1 1 R 0
1203 25731 18429 838 18503 781 3149 1 0 0 0 0 0 0 0 0 1 1 R 0
1204 25750 18380 738 18422 677 3499 1 0 0 0 0 0 0 0 0 2 1 R 0
1205 25771 20483 727 19597 694 5444 1 0 4 0 0 1 0 0 0 2 1 R 0
1206 25793 20437 583 20450 549 3326 1 0 0 0 0 0 0 0 0 2 1 R 0
1207 25812 19188 820 19227 782 3866 1 0 0 0 0 0 0 0 0 1 1 R 0
1208 25835 22157 583 21110 555 3201 1 0 4 0 0 0 0 0 0 1 1 R 0
1209 25853 17177 685 17223 643 3264 1 0 0 0 0 0 0 0 0 1 1 R 0
1210 25876 22417 746 21033 682 3587 1 0 1 0 0 0 0 0 0 2 1 R 0
1211 25898 21267 644 20524 617 3832 1 0 4 0 0 0 0 0 0 1 1 R 0
1212 25919 20227 578 20256 546 4411 1 0 0 0 0 0 0 0 0 1 1 R 0
1213 25938 17946 795 18007 745 3630 1 0 0 0 0 0 0 0 0 2 1 R 0
1214 25958 19179 673 19208 634 3501 1 0 0 0 0 0 0 0 0 1 1 R 0
1215 25983 24334 597 23542 563 8339 1 0 4 0 0 0 0 0 0 3 1 R 0
1216 26003 19570 680 19611 650 3936 1 0 0 0 0 0 0 0 0 1 1 R 0
1217 26023 19397 798 19420 772 4049 1 0 0 0 0 0 0 0 0 0 1 R 0
1218 26046 22773 633 20738 607 3430 1 0 3 0 0 0 0 0 0 2 1 R 0
1219 26067 19684 1213 19710 1186 3837 1 0 0 0 0 1 0 0 0 1 1 R 0
1220 26088 19755 685 18809 649 4988 1 0 1 0 0 0 0 0 0 2 1 R 0
1221 26111 22409 595 21338 563 4289 1 0 4 0 0 0 0 0 0 1 1 R 0
1222 26131 19915 581 19947 549 3909 1 0 0 0 0 0 0 0 0 1 1 R 0
1223 26151 19182 566 19216 535 4323 1 0 0 0 0 0 0 0 0 2 1 R 0
1224 26171 19415 952 19501 938 3677 1 0 0 0 0 0 0 0 0 1 1 R 0
1225 26194 21891 960 20701 938 4733 1 0 4 0 0 0 0 0 0 2 1 R 0
1226 26215 20014 623 20028 605 3938 1 0 0 0 0 0 0 0 0 1 1 R 0
1227 26235 19542 602 19574 564 3323 1 0 0 0 0 0 0 0 0 1 1 R 0
1228 26258 22173 639 21004 625 3277 1 0 4 0 0 0 0 0 0 2 1 R 0
1229 26279 20803 577 19371 538 3457 1 0 1 0 0 0 0 0 0 1 1 R 0
1230 26302 22261 588 22296 559 6399 1 0 0 0 0 0 0 0 0 2 1 R 0
1231 26325 22237 722 21241 665 4083 1 0 4 0 0 0 0 0 0 1 1 R 0
1232 26346 20065 640 20098 611 3144 1 0 0 0 0 0 0 0 0 2 1 R 0
1233 26364 17428 1502 17474 1466 3175 1 0 0 0 0 0 0 0 0 2 1 R 0
1234 26384 18520 3702 18624 2556 3121 1 0 1 0 3 0 0 0 0 2 1 R 0
1235 26407 19793 585 19471 555 3486 1 0 0 0 0 0 0 0 0 1 1 R 0
1236 26428 20199 588 20235 557 3865 1 0 0 0 0 0 0 0 0 2 1 R 0
1237 26447 18261 689 18296 664 3148 1 0 0 0 0 0 0 0 0 1 1 R 0
1238 26470 22582 603 21284 568 3807 1 0 4 0 0 0 0 0 0 1 1 R 0
1239 26492 21596 650 19975 611 4309 1 0 2 0 0 0 0 0 0 1 1 R 0
1240 26513 19915 587 19951 559 3775 1 0 0 0 0 0 0 0 0 2 1 R 0
1241 26538 24584 579 23280 552 3828 1 0 5 0 0 0 0 0 0 1 1 R 0
1242 26557 17893 993 18169 715 3056 1 0 0 0 0 0 0 0 0 1 1 R 0
1243 26578 20396 831 20469 770 5416 1 0 0 0 0 0 0 0 0 2 1 R 0
1244 26601 22502 597 21028 570 3505 1 0 4 0 0 0 0 0 0 1 1 R 0
1245 26624 21819 897 21846 878 8620 1 0 0 0 0 0 0 0 0 1 1 R 0
1246 26644 19129 992 19150 978 3198 1 0 0 0 0 0 0 0 0 2 1 R 0
1247 26662 17574 709 17627 637 3320 1 0 0 0 0 0 0 0 0 2 1 R 0
1248 26688 25036 643 22755 603 4050 1 0 5 0 0 0 0 0 0 2 1 R 0
1249 26707 18398 667 18442 644 3111 1 0 0 0 0 0 0 0 0 1 1 R 0
1250 26729 20728 680 20762 624 3930 1 0 0 0 0 0 0 0 0 1 1 R 0
1251 26752 22944 706 21753 672 6336 1 0 4 0 0 0 0 0 0 2 1 R 0
1252 26771 17836 893 17920 816 3267 1 0 0 0 0 0 0 0 0 1 1 R 0
1253 26792 20197 728 20240 674 3836 1 0 0 0 0 0 0 0 0 2 1 R 0
1254 26816 23402 582 22384 556 3945 1 0 4 0 0 0 0 0 0 1 1 R 0
1255 26836 19247 585 19276 552 3812 1 0 0 0 0 0 0 0 0 1 1 R 0
1256 26856 19228 779 19294 724 3699 1 0 0 0 0 0 0 0 0 1 1 R 0
1257 26878 21353 1532 19185 963 3126 1 0 3 0 1 0 0 0 0 3 1 R 0
1258 26898 19000 663 19022 635 3570 1 0 0 0 0 0 0 0 0 1 1 R 0
1259 26919 20338 598 20367 562 4305 1 0 0 0 0 0 0 0 0 2 1 R 0
1260 26942 22414 672 22446 635 8634 1 0 0 0 0 0 0 0 0 1 1 R 0
1261 26963 20183 743 19370 699 4859 1 0 4 0 0 0 0 0 0 1 1 R 0
1262 26985 21455 573 21468 546 3312 1 0 0 0 0 0 0 0 0 1 1 R 0
1263 27004 17904 1696 17946 1663 3261 1 0 0 0 0 0 0 0 0 2 1 R 0
1264 27027 21832 644 20267 611 3862 1 0 4 0 0 0 0 0 0 1 1 R 0
1265 27047 19505 609 19537 587 3862 1 0 0 0 0 0 0 0 0 1 1 R 0
1266 27067 18426 674 18471 616 3109 1 0 0 0 0 0 0 0 0 2 1 R 0
1267 27091 24185 681 21835 656 3403 1 0 5 0 0 0 0 0 0 1 1 R 0
1268 27112 19724 585 19753 553 3536 1 0 0 0 0 0 0 0 0 2 1 R 0
1269 27132 19717 863 19784 813 4140 1 0 0 0 0 0 0 0 0 1 1 R 0
1270 27153 19973 595 19988 560 3571 1 0 0 0 0 0 0 0 0 1 1 R 0
1271 27175 21524 539 20043 500 6047 1 0 4 0 0 0 0 0 0 1 1 R 0
1272 27209 33468 636 19855 602 22331 1 2 0 0 0 0 0 0 0 2 1 R 0
1273 27231 21339 631 19849 607 4041 1 0 4 0 0 0 0 0 0 2 1 R 0
1274 27251 19823 601 19852 565 4332 1 0 0 0 0 0 0 0 0 1 1 R 0
1275 27273 20995 1325 21044 1313 6681 1 0 0 0 0 0 0 0 0 2 1 R 0
1276 27296 21448 1574 20457 1053 4493 1 0 2 0 3 0 0 0 0 1 1 R 0
1277 27318 20422 576 20145 543 3325 1 0 0 0 0 0 0 0 0 1 1 R 0
1278 27338 19599 575 19635 543 4567 1 0 0 0 0 0 0 0 0 1 1 R 0
1279 27358 19472 588 19502 554 4014 1 0 0 0 0 0 0 0 0 2 1 R 0
1280 27380 21729 656 20724 624 3044 1 0 4 0 0 0 0 0 0 1 1 R 0
1281 27400 19093 587 19122 559 3735 1 0 0 0 0 0 0 0 0 2 1 R 0
1282 27419 18456 701 18500 651 3754 1 0 0 0 0 0 0 0 0 2 1 R 0
1283 27443 23448 599 21670 564 5147 1 0 4 0 0 0 0 0 0 1 1 R 0
1284 27464 19612 1065 19645 1040 3347 1 0 0 0 0 0 0 0 0 1 1 R 0
1285 27484 19170 1732 17621 1731 3188 1 0 1 0 0 0 0 0 0 2 1 R 0
1286 27507 21619 1147 20753 794 3855 1 0 3 0 1 0 0 0 0 1 1 R 0
1287 27528 19696 596 19713 561 4209 1 0 0 0 0 0 0 0 0 1 1 R 0
1288 27549 20182 581 20213 550 4374 1 0 0 0 0 0 0 0 0 1 1 R 0
1289 27569 19544 588 19576 558 4271 1 0 0 0 0 0 0 0 0 2 1 R 0
1290 27593 23998 988 23026 958 8238 1 0 4 0 0 0 0 0 0 1 1 R 0
1291 27612 17446 692 17482 659 3103 1 0 0 0 0 0 0 0 0 3 1 R 0
1292 27632 19522 794 19557 754 3664 1 0 0 0 0 0 0 0 0 0 1 R 0
1293 27656 22888 588 21786 560 3899 1 0 4 0 0 0 0 0 0 2 1 R 0
1294 27677 20262 632 20300 593 3259 1 0 0 0 0 0 0 0 0 2 1 R 0
1295 27697 20061 788 19172 746 4589 1 0 1 0 0 0 0 0 0 1 1 R 0
1296 27720 21416 556 20194 535 3075 1 0 4 0 0 0 0 0 0 2 1 R 0
1297 27740 19636 727 19662 708 4570 1 0 0 0 0 0 0 0 0 1 1 R 0
1298 27761 20021 582 20042 549 4343 1 0 0 0 0 1 0 0 0 1 1 R 0
1299 27779 17817 706 17862 659 3669 1 0 0 0 0 0 0 0 0 1 1 R 0
1300 27801 21438 846 20371 783 5944 1 0 4 0 0 0 0 0 0 2 1 R 0
1301 27820 17886 733 17968 649 3631 1 0 0 0 0 0 0 0 0 2 1 R 0
1302 27841 20305 804 20358 750 4511 1 0 0 0 0 0 0 0 0 1 1 R 0
1303 27864 22149 1012 20607 989 4477 1 0 4 0 0 0 0 0 0 1 1 R 0
1304 27885 20060 795 19063 739 3132 1 0 1 0 0 0 0 0 0 2 1 R 0
1305 27908 22623 593 22639 557 6227 1 0 0 0 0 0 0 0 0 1 1 R 0
1306 27930 21324 693 19974 651 3127 1 0 4 0 0 0 0 0 0 2 1 R 0
1307 27950 19552 595 19580 561 4369 1 0 0 0 0 0 0 0 0 1 1 R 0
1308 27971 19510 719 19542 684 4574 1 0 0 0 0 0 0 0 0 1 1 R 0
1309 27989 17752 720 17829 658 3608 1 0 0 0 0 0 0 0 0 2 1 R 0
1310 28013 23507 583 22359 549 7357 1 0 4 0 0 0 0 0 0 2 1 R 0
1311 28034 19785 956 19819 931 3837 1 0 0 0 0 0 0 0 0 1 1 R 0
1312 28053 18886 898 18907 883 4086 1 0 0 0 0 0 0 0 0 1 1 R 0
1313 28077 22165 579 20749 537 3993 1 0 4 0 0 0 0 0 0 1 1 R 0
1314 28097 20091 725 19152 689 3111 1 0 1 0 0 0 0 0 0 2 1 R 0
1315 28117 19215 770 19270 713 3243 1 0 0 0 0 0 0 0 0 2 1 R 0
1316 28140 21670 773 20569 752 3571 1 0 4 0 0 0 0 0 0 1 1 R 0
1317 28160 19715 611 19748 570 4413 1 0 0 0 0 0 0 0 0 1 1 R 0
1318 28180 19537 573 19566 542 3828 1 0 0 0 0 0 0 0 0 1 1 R 0
1319 28199 17742 683 17802 639 3553 1 0 0 0 0 0 0 0 0 2 1 R 0
1320 28225 26258 590 25033 564 9904 1 0 4 0 0 0 0 0 0 2 1 R 0
1321 28246 19540 632 19575 598 3906 1 0 0 0 0 0 0 0 0 1 1 R 0
1322 28266 19695 642 19727 611 3876 1 0 0 0 0 0 0 0 0 1 1 R 0
1323 28290 22982 798 20715 771 3821 1 0 5 0 0 0 0 0 0 1 1 R 0
1324 28308 18095 679 18131 641 3516 1 0 0 0 0 0 0 0 0 2 1 R 0
1325 28328 19284 724 19329 690 4437 1 0 0 0 0 0 0 0 0 2 1 R 0
1326 28352 22547 603 21252 568 4377 1 0 4 0 0 0 0 0 0 1 1 R 0
1327 28372 19309 602 19343 571 4051 1 0 0 0 0 0 0 0 0 1 1 R 0
1328 28393 20846 691 20890 645 4370 1 0 0 0 0 0 0 0 0 2 1 R 0
1329 28412 18035 769 18109 699 3214 1 0 0 0 0 0 0 0 0 1 1 R 0
1330 28436 23948 586 22314 557 3853 1 0 4 0 0 0 0 0 0 2 1 R 0
1331 28457 19779 561 19806 533 3678 1 0 0 0 0 0 0 0 0 1 1 R 0
1332 28478 20776 701 20357 675 3900 1 0 1 0 0 0 0 0 0 1 1 R 0
1333 28501 22539 594 20598 559 3153 1 0 4 0 0 0 0 0 0 2 1 R 0
1334 28520 18411 720 18470 661 3778 1 0 0 0 0 0 0 0 0 2 1 R 0
1335 28543 21518 813 21570 761 6524 1 0 0 0 0 0 0 0 0 1 1 R 0
1336 28567 23108 591 21714 563 3874 1 0 4 0 0 0 0 0 0 1 1 R 0
1337 28587 19714 585 19742 550 3665 1 0 0 0 0 0 0 0 0 2 1 R 0
1338 28606 18545 975 18611 963 3272 1 0 0 0 0 0 0 0 0 2 1 R 0
1339 28629 22007 596 21053 565 3866 1 0 4 0 0 0 0 0 0 1 1 R 0
1340 28650 20339 590 20367 555 4387 1 0 0 0 0 0 0 0 0 1 1 R 0
1341 28670 18972 571 19002 539 3762 1 0 0 0 0 0 0 0 0 1 1 R 0
1342 28693 22567 816 21223 733 4144 1 0 1 0 0 0 0 0 0 2 1 R 0
1343 28715 21998 826 21033 735 3534 1 0 4 0 0 0 0 0 0 1 1 R 0
1344 28736 20060 1181 20104 1133 3327 1 0 0 0 0 0 0 0 0 2 1 R 0
1345 28757 19503 811 19541 774 3341 1 0 0 0 0 0 0 0 0 1 1 R 0
1346 28780 22002 638 20864 610 3833 1 0 4 0 0 0 0 0 0 1 1 R 0
1347 28800 19236 562 19262 528 4176 1 0 0 0 0 0 0 0 0 2 1 R 0
1348 28819 18489 694 18535 669 3589 1 0 0 0 0 0 0 0 0 1 1 R 0
1349 28842 22761 758 21448 730 4082 1 0 4 0 0 0 0 0 0 2 1 R 0
1350 28866 22577 579 22598 549 6220 1 0 0 0 0 0 0 0 0 2 1 R 0
1351 28886 19812 575 19845 546 3848 1 0 0 0 0 0 0 0 0 1 1 R 0
1352 28909 22898 581 20610 553 3342 1 0 5 0 0 0 0 0 0 2 1 R 0
1353 28929 19329 591 19360 559 4319 1 0 0 0 0 0 0 0 0 1 1 R 0
1354 28950 20027 669 20059 637 4418 1 0 0 0 0 0 0 0 0 1 1 R 0
1355 28970 19023 579 19054 545 4130 1 0 0 0 0 0 0 0 0 1 1 R 0
1356 28993 23082 594 22114 565 6484 1 0 4 0 0 0 0 0 0 1 1 R 0
1357 29011 17281 745 17373 655 3165 1 0 0 0 0 0 0 0 0 1 1 R 0
1358 29033 20875 773 20918 738 5370 1 0 0 0 0 0 0 0 0 3 1 R 0
1359 29057 22940 979 21924 949 3117 1 0 4 0 0 0 0 0 0 2 1 R 0
1360 29077 19524 712 19552 678 3839 1 0 0 0 0 0 0 0 0 1 1 R 0
1361 29101 22887 681 21157 616 3830 1 0 1 0 0 0 0 0 0 2 1 R 0
1362 29123 21954 951 20575 941 4229 1 0 4 0 0 0 0 0 0 2 1 R 0
1363 29143 18751 776 18780 728 3855 1 0 0 0 0 0 0 0 0 1 1 R 0
1364 29165 21025 551 21037 526 3888 1 0 0 0 0 0 0 0 0 1 1 R 0
1365 29190 25143 578 24118 548 8660 1 0 4 0 0 0 0 0 0 1 1 R 0
1366 29211 19640 580 19667 553 4167 1 0 0 0 0 0 0 0 0 2 1 R 0
1367 29229 18134 692 18180 641 3573 1 0 0 0 0 0 0 0 0 1 1 R 0
1368 29249 18893 774 18936 734 3622 1 0 0 0 0 0 0 0 0 2 1 R 0
1369 29271 21573 598 20455 562 6805 1 0 4 0 0 0 0 0 0 1 1 R 0
1370 29294 21694 983 20867 967 4278 1 0 1 0 0 0 0 0 0 1 1 R 0
1371 29313 18301 896 18407 781 3524 1 0 0 0 0 0 0 0 0 2 1 R 0
1372 29336 22281 600 21225 557 3074 1 0 4 0 0 0 0 0 0 1 1 R 0
1373 29354 17188 1660 17235 1629 3297 1 0 0 0 0 0 0 0 0 2 1 R 0
1374 29376 20376 572 20379 543 3794 1 0 0 0 0 0 0 0 0 2 1 R 0
1375 29398 21883 581 21037 557 3899 1 0 4 0 0 0 0 0 0 1 1 R 0
1376 29418 18905 713 18960 666 3062 1 0 0 0 0 0 0 0 0 1 1 R 0
1377 29438 19784 787 19084 742 3638 1 0 1 0 0 0 0 0 0 2 1 R 0
1378 29459 19569 696 19618 641 3444 1 0 0 0 0 0 0 0 0 1 1 R 0
1379 29481 21492 600 20557 567 5786 1 0 4 0 0 0 0 0 0 1 1 R 0
1380 29507 25894 587 24569 551 8762 1 0 1 0 0 0 0 0 0 2 1 R 0
1381 29526 18303 827 18385 770 3133 1 0 0 0 0 0 0 0 0 1 1 R 0
1382 29551 23707 608 22434 572 4660 1 0 4 0 0 0 0 0 0 2 1 R 0
1383 29570 18309 710 18361 662 3514 1 0 0 0 0 0 0 0 0 2 1 R 0
1384 29591 20247 590 20275 557 4464 1 0 0 0 0 0 0 0 0 1 1 R 0
1385 29613 21708 640 20551 559 4077 1 0 4 0 0 0 0 0 0 1 1 R 0
1386 29633 18969 868 19056 791 3139 1 0 0 0 0 0 0 0 0 2 1 R 0
1387 29653 19663 595 19685 554 3837 1 0 0 0 0 0 0 0 0 1 1 R 0
1388 29674 20173 1974 20208 1248 3929 1 0 1 0 3 0 0 0 0 1 1 R 0
1389 29697 21493 832 19984 805 3841 1 0 1 0 0 0 0 0 0 2 1 R 0
1390 29720 21532 580 21563 547 3572 1 0 0 0 0 0 0 0 0 1 1 R 0
1391 29739 18485 845 18590 734 3806 1 0 0 0 0 1 0 0 0 2 1 R 0
1392 29763 23378 592 22520 558 6236 1 0 4 0 0 0 0 0 0 2 1 R 0
1393 29783 19469 581 19501 549 3875 1 0 0 0 0 0 0 0 0 1 1 R 0
1394 29804 20038 1019 20070 999 3888 1 0 0 0 0 0 0 0 0 1 1 R 0
1395 29829 24533 770 23509 736 6774 1 0 4 0 0 0 0 0 0 2 1 R 0
1396 29849 18478 691 18518 651 3613 1 0 0 0 0 0 0 0 0 1 1 R 0
1397 29868 18816 710 18863 671 3627 1 0 0 0 0 0 0 0 0 2 1 R 0
1398 29892 22907 599 21872 574 4378 1 0 4 0 0 0 0 0 0 1 1 R 0
1399 29913 20711 619 19729 592 5619 1 0 1 0 0 0 0 0 0 1 1 R 0
1400 29931 17845 702 17900 665 3062 1 0 0 0 0 0 0 0 0 2 1 R 0
1401 29951 19240 694 19275 648 3530 1 0 0 0 0 0 0 0 0 2 1 R 0
1402 29976 23451 843 22078 790 3311 1 0 4 0 0 0 0 0 0 1 1 R 0
1403 29996 19323 570 19354 537 3949 1 0 0 0 0 0 0 0 0 1 1 R 0
1404 30017 20950 617 20980 585 3844 1 0 0 0 0 0 0 0 0 2 1 R 0
1405 30040 21880 1032 21041 972 3148 1 0 4 0 0 0 0 0 0 1 1 R 0
1406 30060 18907 709 18948 666 3665 1 0 0 0 0 0 0 0 0 2 1 R 0
1407 30081 20234 592 20259 562 3680 1 0 0 0 0 0 0 0 0 1 1 R 0
1408 30104 22465 987 20149 958 4372 1 0 4 0 0 0 0 0 0 1 1 R 0
1409 30123 18508 742 18540 716 3603 1 0 0 0 0 0 0 0 0 2 1 R 0
1410 30146 22456 564 22464 539 6154 1 0 0 0 0 0 0 0 0 1 1 R 0
1411 30168 21358 640 20583 615 3396 1 0 4 0 0 0 0 0 0 2 1 R 0
1412 30189 20386 591 20419 556 4464 1 0 0 0 0 0 0 0 0 1 1 R 0
1413 30209 19366 607 19396 581 4438 1 0 0 0 0 0 0 0 0 1 1 R 0
1414 30230 20275 568 20296 540 3991 1 0 0 0 0 0 0 0 0 1 1 R 0
1415 30251 20221 714 19322 657 5377 1 0 4 0 0 0 0 0 0 2 1 R 0
1416 30271 18918 754 18958 710 4099 1 0 0 0 0 0 0 0 0 1 1 R 0
1417 30289 18084 1181 18134 1164 3442 1 0 0 0 0 0 0 0 0 2 1 R 0
1418 30316 25003 766 22701 720 6193 1 0 5 0 0 0 0 0 0 1 1 R 0
1419 30336 19378 580 19405 551 3849 1 0 0 0 0 0 0 0 0 2 1 R 0
1420 30354 17586 1394 17630 1361 3227 1 0 0 0 0 0 0 0 0 1 1 R 0
1421 30378 22692 661 21601 645 3220 1 0 4 0 0 0 0 0 0 2 1 R 0
1422 30398 19112 796 19193 716 3059 1 0 0 0 0 0 0 0 0 1 1 R 0
1423 30418 19918 581 19940 547 4402 1 0 0 0 0 0 0 0 0 2 1 R 0
1424 30439 19477 576 19504 549 4450 1 0 0 0 0 0 0 0 0 2 1 R 0
1425 30464 24667 945 23555 924 9528 1 0 4 0 0 0 0 0 0 0 1 R 0
1426 30486 20901 580 19986 550 3853 1 0 1 0 0 0 0 0 0 2 1 R 0
1427 30507 21146 585 19836 553 3751 1 0 1 0 0 0 0 0 0 2 1 R 0
1428 30531 22710 594 21684 564 3899 1 0 4 0 0 0 0 0 0 1 1 R 0
1429 30549 17866 698 17919 652 3657 1 0 0 0 0 0 0 0 0 2 1 R 0
1430 30570 19800 942 19835 908 3738 1 0 0 0 0 0 0 0 0 1 1 R 0
1431 30592 21234 597 20054 564 4055 1 0 4 0 0 0 0 0 0 1 1 R 0
1432 30612 19940 581 19968 550 3968 1 0 0 0 0 0 0 0 0 1 1 R 0
1433 30632 19390 589 19419 556 3859 1 0 0 0 0 0 0 0 0 1 1 R 0
1434 30651 18066 666 18114 638 3146 1 0 0 0 0 0 0 0 0 2 1 R 0
1435 30675 23076 606 22163 572 6047 1 0 4 0 0 0 0 0 0 2 1 R 0
1436 30693 17726 680 17768 645 3083 1 0 0 0 0 0 0 0 0 1 1 R 0
1437 30716 22244 588 21213 552 5247 1 0 1 0 0 0 0 0 0 2 1 R 0
1438 30740 23390 734 22217 702 3842 1 0 4 0 0 0 0 0 0 1 1 R 0
1439 30759 18214 716 18267 667 3699 1 0 0 0 0 0 0 0 0 2 1 R 0
1440 30783 23026 603 23048 563 8217 1 0 0 0 0 0 0 0 0 2 1 R 0
1441 30806 22601 584 21598 550 3882 1 0 4 0 0 0 0 0 0 1 1 R 0
1442 30826 20034 560 20060 532 3831 1 0 0 0 0 0 0 0 0 1 1 R 0
1443 30847 19759 577 19787 553 3897 1 0 0 0 0 0 0 0 0 1 1 R 0
1444 30869 21754 707 20376 691 3023 1 0 4 0 0 0 0 0 0 2 1 R 0
1445 30888 18141 712 18196 650 3591 1 0 0 0 0 0 0 0 0 1 1 R 0
1446 30911 21985 599 20574 563 4423 1 0 1 0 0 0 0 0 0 2 1 R 0
1447 30931 19895 609 19929 574 4331 1 0 0 0 0 0 0 0 0 1 1 R 0
1448 30953 20939 599 19903 564 6042 1 0 4 0 0 0 0 0 0 2 1 R 0
1449 30971 17589 712 17636 689 3420 1 0 0 0 0 0 0 0 0 0 1 R 0
1450 30991 19403 702 19441 658 3508 1 0 0 0 0 0 0 0 0 2 1 R 0
1451 31015 22897 567 21772 541 4452 1 0 4 0 0 0 0 0 0 1 1 R 0
1452 31035 19743 576 19771 547 3864 1 0 0 0 0 0 0 0 0 1 1 R 0
1453 31053 17837 1383 17943 1290 3578 1 0 0 0 0 0 0 0 0 3 1 R 0
1454 31073 18082 1098 18117 1080 3155 1 0 0 0 0 0 0 0 0 0 1 R 0
1455 31099 25025 582 23504 546 6555 1 0 4 0 0 0 0 0 0 3 1 R 0
1456 31120 20690 585 19712 553 5352 1 0 1 0 0 0 0 0 0 1 1 R 0
1457 31140 19665 583 19697 557 4384 1 0 0 0 0 0 0 0 0 1 1 R 0
1458 31162 20645 731 19786 696 5358 1 0 4 0 0 0 0 0 0 2 1 R 0
1459 31181 18223 712 18253 675 3114 1 0 0 0 0 0 0 0 0 0 1 R 0
1460 31200 18951 710 18986 669 3499 1 0 0 0 0 0 0 0 0 2 1 R 0
1461 31223 21761 579 20679 545 4654 1 0 4 0 0 0 0 0 0 1 1 R 0
1462 31243 20096 967 20139 927 3925 1 0 0 0 0 0 0 0 0 1 1 R 0
1463 31264 19337 1068 19361 1045 3605 1 0 0 0 0 0 0 0 0 3 1 R 0
1464 31283 17912 724 17971 657 3138 1 0 0 0 0 0 0 0 0 1 1 R 0
1465 31308 24104 588 20617 553 3828 1 0 5 0 0 0 0 0 0 2 1 R 0
1466 31328 20003 663 20039 636 3943 1 0 0 0 0 0 0 0 0 1 1 R 0
1467 31348 19529 608 19560 568 4299 1 0 0 0 0 0 0 0 0 1 1 R 0
1468 31370 21400 598 20422 563 3070 1 0 4 0 0 0 0 0 0 2 1 R 0
1469 31390 19098 779 19314 566 3607 1 0 0 0 0 0 0 0 0 0 1 R 0
1470 31412 21535 809 21609 745 6561 1 0 0 0 0 0 0 0 0 2 1 R 0
1471 31437 23495 566 21644 545 3849 1 0 5 0 0 0 0 0 0 2 1 R 0
1472 31457 19854 568 19873 540 3447 1 0 0 0 0 0 0 0 0 1 1 R 0
1473 31476 18210 748 18249 725 3148 1 0 0 0 0 0 0 0 0 1 1 R 0
1474 31500 22933 580 22159 558 3924 1 0 4 0 0 0 0 0 0 3 1 R 0
1475 31521 20856 628 19687 600 5881 1 0 1 0 0 0 0 0 0 1 1 R 0
1476 31541 19359 951 19386 919 4451 1 0 0 0 0 0 0 0 0 1 1 R 0
1477 31562 20286 583 20317 552 4208 1 0 0 0 0 0 0 0 0 2 1 R 0
1478 31584 21054 1450 19773 1397 3180 1 0 4 0 0 0 0 0 0 0 1 R 0
1479 31603 17860 726 17897 696 3549 1 0 0 0 0 0 0 0 0 2 1 R 0
1480 31624 19914 986 19923 968 4047 1 0 0 0 0 0 0 0 0 1 1 R 0
1481 31647 22349 596 21376 560 3867 1 0 4 0 0 0 0 0 0 1 1 R 0
1482 31669 21546 583 21581 548 3929 1 0 0 0 0 0 0 0 0 1 1 R 0
1483 31688 18284 753 18350 705 3689 1 0 0 0 0 0 0 0 0 2 1 R 0
1484 31713 23752 592 21087 564 4137 1 0 4 0 0 0 0 0 0 2 1 R 0
1485 31736 22794 633 22822 601 7633 1 0 0 0 0 0 0 0 0 2 1 R 0
1486 31756 19679 748 19706 719 4131 1 0 0 0 0 0 0 0 0 1 1 R 0
1487 31776 18442 3436 18515 1806 3257 1 0 2 0 2 0 0 0 0 1 1 R 0
1488 31798 19119 764 19188 679 3046 1 0 0 0 0 0 0 0 0 3 1 R 0
1489 31817 18317 709 18369 664 3133 1 0 0 0 0 0 0 0 0 0 1 R 0
1490 31839 20957 595 20980 564 4667 1 0 0 0 0 0 0 0 0 1 1 R 0
1491 31861 21756 680 20751 656 5178 1 0 4 0 0 0 0 0 0 3 1 R 0
1492 31880 18062 668 18099 619 3632 1 0 0 0 0 0 0 0 0 1 1 R 0
1493 31900 19743 627 19772 596 4226 1 0 0 0 0 0 0 0 0 2 1 R 0
1494 31923 22198 1668 20271 1638 3699 1 0 5 0 0 0 0 0 0 1 1 R 0
1495 31945 20118 565 20127 536 3819 1 0 0 0 0 0 0 0 0 2 1 R 0
1496 31965 19699 636 19733 602 3896 1 0 0 0 0 0 0 0 0 1 1 R 0
1497 31988 21878 629 20681 680 3078 1 0 4 0 0 0 0 0 0 1 1 R 0
1498 32008 19698 767 19659 697 3125 1 0 0 0 0 0 0 0 0 2 1 R 0
1499 32027 18262 821 18324 767 3144 1 0 0 0 0 0 0 0 0 1 1 R 0
